<TICKER>,<PER>,<DATE>,<TIME>,<OPEN>,<HIGH>,<LOW>,<CLOSE>,<VOL>,<OPENINT>
1527.N,D,20150220,000000,14.6,14.6,14.6,14.6,0,0
1527.N,D,20150223,000000,14.58,14.58,14.58,14.58,0,0
1527.N,D,20150224,000000,14.58,14.58,14.58,14.58,0,0
1527.N,D,20150225,000000,14.64,14.64,14.64,14.64,0,0
1527.N,D,20150226,000000,14.69,14.69,14.69,14.69,0,0
1527.N,D,20150227,000000,14.75,14.75,14.75,14.75,0,0
1527.N,D,20150302,000000,14.72,14.72,14.72,14.72,0,0
1527.N,D,20150303,000000,14.72,14.72,14.72,14.72,0,0
1527.N,D,20150304,000000,14.72,14.72,14.72,14.72,0,0
1527.N,D,20150305,000000,14.69,14.69,14.69,14.69,0,0
1527.N,D,20150306,000000,14.69,14.69,14.69,14.69,0,0
1527.N,D,20150309,000000,14.63,14.63,14.63,14.63,0,0
1527.N,D,20150310,000000,14.6,14.6,14.6,14.6,0,0
1527.N,D,20150311,000000,14.53,14.53,14.53,14.53,0,0
1527.N,D,20150312,000000,14.52,14.52,14.52,14.52,0,0
1527.N,D,20150313,000000,14.55,14.55,14.55,14.55,0,0
1527.N,D,20150316,000000,14.5,14.5,14.5,14.5,0,0
1527.N,D,20150317,000000,14.47,14.47,14.47,14.47,0,0
1527.N,D,20150318,000000,14.51,14.51,14.51,14.51,0,0
1527.N,D,20150319,000000,14.5,14.5,14.5,14.5,0,0
1527.N,D,20150320,000000,14.58,14.58,14.58,14.58,0,0
1527.N,D,20150323,000000,14.65,14.65,14.65,14.65,0,0
1527.N,D,20150324,000000,14.71,14.71,14.71,14.71,0,0
1527.N,D,20150325,000000,14.77,14.77,14.77,14.77,0,0
1527.N,D,20150326,000000,14.78,14.78,14.78,14.78,0,0
1527.N,D,20150327,000000,14.74,14.74,14.74,14.74,0,0
1527.N,D,20150330,000000,14.76,14.76,14.76,14.76,0,0
1527.N,D,20150331,000000,14.76,14.76,14.76,14.76,0,0
1527.N,D,20150401,000000,14.8,14.8,14.8,14.8,0,0
1527.N,D,20150402,000000,14.85,14.85,14.85,14.85,0,0
1527.N,D,20150407,000000,14.91,14.91,14.91,14.91,0,0
1527.N,D,20150408,000000,14.94,14.94,14.94,14.94,0,0
1527.N,D,20150409,000000,14.95,14.95,14.95,14.95,0,0
1527.N,D,20150410,000000,14.97,14.97,14.97,14.97,0,0
1527.N,D,20150413,000000,14.97,14.97,14.97,14.97,0,0
1527.N,D,20150414,000000,14.95,14.95,14.95,14.95,0,0
1527.N,D,20150415,000000,14.96,14.96,14.96,14.96,0,0
1527.N,D,20150416,000000,14.97,14.97,14.97,14.97,0,0
1527.N,D,20150417,000000,14.96,14.96,14.96,14.96,0,0
1527.N,D,20150420,000000,14.95,14.95,14.95,14.95,0,0
1527.N,D,20150421,000000,14.91,14.91,14.91,14.91,0,0
1527.N,D,20150423,000000,14.94,14.94,14.94,14.94,0,0
1527.N,D,20150424,000000,15.03,15.03,15.03,15.03,0,0
1527.N,D,20150427,000000,15.02,15.02,15.02,15.02,0,0
1527.N,D,20150428,000000,15.02,15.02,15.02,15.02,0,0
1527.N,D,20150429,000000,15,15,15,15,0,0
1527.N,D,20150430,000000,14.98,14.98,14.98,14.98,0,0
1527.N,D,20150504,000000,14.93,14.93,14.93,14.93,0,0
1527.N,D,20150505,000000,14.92,14.92,14.92,14.92,0,0
1527.N,D,20150506,000000,14.91,14.91,14.91,14.91,0,0
1527.N,D,20150507,000000,14.89,14.89,14.89,14.89,0,0
1527.N,D,20150508,000000,14.88,14.88,14.88,14.88,0,0
1527.N,D,20150511,000000,14.94,14.94,14.94,14.94,0,0
1527.N,D,20150512,000000,14.91,14.91,14.91,14.91,0,0
1527.N,D,20150513,000000,14.85,14.85,14.85,14.85,0,0
1527.N,D,20150515,000000,14.86,14.86,14.86,14.86,0,0
1527.N,D,20150518,000000,14.91,14.91,14.91,14.91,0,0
1527.N,D,20150519,000000,14.9,14.9,14.9,14.9,0,0
1527.N,D,20150520,000000,14.87,14.87,14.87,14.87,0,0
1527.N,D,20150521,000000,14.87,14.87,14.87,14.87,0,0
1527.N,D,20150522,000000,14.9,14.9,14.9,14.9,0,0
1527.N,D,20150526,000000,14.92,14.92,14.92,14.92,0,0
1527.N,D,20150527,000000,14.91,14.91,14.91,14.91,0,0
1527.N,D,20150528,000000,14.9,14.9,14.9,14.9,0,0
1527.N,D,20150529,000000,14.89,14.89,14.89,14.89,0,0
1527.N,D,20150601,000000,14.88,14.88,14.88,14.88,0,0
1527.N,D,20150602,000000,14.83,14.83,14.83,14.83,0,0
1527.N,D,20150603,000000,14.81,14.81,14.81,14.81,0,0
1527.N,D,20150604,000000,14.77,14.77,14.77,14.77,0,0
1527.N,D,20150605,000000,14.75,14.75,14.75,14.75,0,0
1527.N,D,20150608,000000,14.64,14.64,14.64,14.64,0,0
1527.N,D,20150609,000000,14.66,14.66,14.66,14.66,0,0
1527.N,D,20150610,000000,14.63,14.63,14.63,14.63,0,0
1527.N,D,20150611,000000,14.58,14.58,14.58,14.58,0,0
1527.N,D,20150612,000000,14.6,14.6,14.6,14.6,0,0
1527.N,D,20150615,000000,14.64,14.64,14.64,14.64,0,0
1527.N,D,20150616,000000,14.62,14.62,14.62,14.62,0,0
1527.N,D,20150617,000000,14.65,14.65,14.65,14.65,0,0
1527.N,D,20150618,000000,14.6,14.6,14.6,14.6,0,0
1527.N,D,20150619,000000,14.66,14.66,14.66,14.66,0,0
1527.N,D,20150622,000000,14.69,14.69,14.69,14.69,0,0
1527.N,D,20150624,000000,14.72,14.72,14.72,14.72,0,0
1527.N,D,20150625,000000,14.67,14.67,14.67,14.67,0,0
1527.N,D,20150626,000000,14.71,14.71,14.71,14.71,0,0
1527.N,D,20150629,000000,14.67,14.67,14.67,14.67,0,0
1527.N,D,20150630,000000,14.66,14.66,14.66,14.66,0,0
1527.N,D,20150701,000000,14.71,14.71,14.71,14.71,0,0
1527.N,D,20150702,000000,14.74,14.74,14.74,14.74,0,0
1527.N,D,20150703,000000,14.7,14.7,14.7,14.7,0,0
1527.N,D,20150706,000000,14.71,14.71,14.71,14.71,0,0
1527.N,D,20150707,000000,14.72,14.72,14.72,14.72,0,0
1527.N,D,20150708,000000,14.7,14.7,14.7,14.7,0,0
1527.N,D,20150709,000000,14.7,14.7,14.7,14.7,0,0
1527.N,D,20150710,000000,14.68,14.68,14.68,14.68,0,0
1527.N,D,20150713,000000,14.68,14.68,14.68,14.68,0,0
1527.N,D,20150714,000000,14.68,14.68,14.68,14.68,0,0
1527.N,D,20150715,000000,14.68,14.68,14.68,14.68,0,0
1527.N,D,20150716,000000,14.67,14.67,14.67,14.67,0,0
1527.N,D,20150717,000000,14.68,14.68,14.68,14.68,0,0
1527.N,D,20150720,000000,14.7,14.7,14.7,14.7,0,0
1527.N,D,20150721,000000,14.69,14.69,14.69,14.69,0,0
1527.N,D,20150722,000000,14.69,14.69,14.69,14.69,0,0
1527.N,D,20150723,000000,14.69,14.69,14.69,14.69,0,0
1527.N,D,20150724,000000,14.67,14.67,14.67,14.67,0,0
1527.N,D,20150727,000000,14.63,14.63,14.63,14.63,0,0
1527.N,D,20150728,000000,14.59,14.59,14.59,14.59,0,0
1527.N,D,20150729,000000,14.59,14.59,14.59,14.59,0,0
1527.N,D,20150730,000000,14.62,14.62,14.62,14.62,0,0
1527.N,D,20150731,000000,14.66,14.66,14.66,14.66,0,0
1527.N,D,20150803,000000,14.7,14.7,14.7,14.7,0,0
1527.N,D,20150804,000000,14.69,14.69,14.69,14.69,0,0
1527.N,D,20150805,000000,14.67,14.67,14.67,14.67,0,0
1527.N,D,20150806,000000,14.66,14.66,14.66,14.66,0,0
1527.N,D,20150807,000000,14.64,14.64,14.64,14.64,0,0
1527.N,D,20150810,000000,14.64,14.64,14.64,14.64,0,0
1527.N,D,20150811,000000,14.63,14.63,14.63,14.63,0,0
1527.N,D,20150812,000000,14.63,14.63,14.63,14.63,0,0
1527.N,D,20150813,000000,14.63,14.63,14.63,14.63,0,0
1527.N,D,20150814,000000,14.63,14.63,14.63,14.63,0,0
1527.N,D,20150817,000000,14.62,14.62,14.62,14.62,0,0
1527.N,D,20150818,000000,14.61,14.61,14.61,14.61,0,0
1527.N,D,20150819,000000,14.59,14.59,14.59,14.59,0,0
1527.N,D,20150820,000000,14.56,14.56,14.56,14.56,0,0
1527.N,D,20150821,000000,14.53,14.53,14.53,14.53,0,0
1527.N,D,20150824,000000,14.53,14.53,14.53,14.53,0,0
1527.N,D,20150825,000000,14.4,14.4,14.4,14.4,0,0
1527.N,D,20150826,000000,14.41,14.41,14.41,14.41,0,0
1527.N,D,20150827,000000,14.4,14.4,14.4,14.4,0,0
1527.N,D,20150828,000000,14.47,14.47,14.47,14.47,0,0
1527.N,D,20150831,000000,14.51,14.51,14.51,14.51,0,0
1527.N,D,20150901,000000,14.51,14.51,14.51,14.51,0,0
1527.N,D,20150902,000000,14.49,14.49,14.49,14.49,0,0
1527.N,D,20150903,000000,14.47,14.47,14.47,14.47,0,0
1527.N,D,20150904,000000,14.48,14.48,14.48,14.48,0,0
1527.N,D,20150907,000000,14.5,14.5,14.5,14.5,0,0
1527.N,D,20150908,000000,14.48,14.48,14.48,14.48,0,0
1527.N,D,20150909,000000,14.49,14.49,14.49,14.49,0,0
1527.N,D,20150910,000000,14.51,14.51,14.51,14.51,0,0
1527.N,D,20150911,000000,14.51,14.51,14.51,14.51,0,0
1527.N,D,20150914,000000,14.51,14.51,14.51,14.51,0,0
1527.N,D,20150915,000000,14.51,14.51,14.51,14.51,0,0
1527.N,D,20150916,000000,14.5,14.5,14.5,14.5,0,0
1527.N,D,20150917,000000,14.52,14.52,14.52,14.52,0,0
1527.N,D,20150918,000000,14.56,14.56,14.56,14.56,0,0
1527.N,D,20150921,000000,14.57,14.57,14.57,14.57,0,0
1527.N,D,20150922,000000,14.61,14.61,14.61,14.61,0,0
1527.N,D,20150923,000000,14.49,14.49,14.49,14.49,0,0
1527.N,D,20150924,000000,14.52,14.52,14.52,14.52,0,0
1527.N,D,20150925,000000,14.42,14.42,14.42,14.42,0,0
1527.N,D,20150928,000000,14.43,14.43,14.43,14.43,0,0
1527.N,D,20150929,000000,14.38,14.38,14.38,14.38,0,0
1527.N,D,20150930,000000,14.31,14.31,14.31,14.31,0,0
1527.N,D,20151001,000000,14.33,14.33,14.33,14.33,0,0
1527.N,D,20151002,000000,14.38,14.38,14.38,14.38,0,0
1527.N,D,20151005,000000,14.4,14.4,14.4,14.4,0,0
1527.N,D,20151006,000000,14.47,14.47,14.47,14.47,0,0
1527.N,D,20151007,000000,14.53,14.53,14.53,14.53,0,0
1527.N,D,20151008,000000,14.57,14.57,14.57,14.57,0,0
1527.N,D,20151009,000000,14.54,14.54,14.54,14.54,0,0
1527.N,D,20151012,000000,14.6,14.6,14.6,14.6,0,0
1527.N,D,20151013,000000,14.55,14.55,14.55,14.55,0,0
1527.N,D,20151014,000000,14.61,14.61,14.61,14.61,0,0
1527.N,D,20151015,000000,14.61,14.61,14.61,14.61,0,0
1527.N,D,20151016,000000,14.66,14.66,14.66,14.66,0,0
1527.N,D,20151019,000000,14.7,14.7,14.7,14.7,0,0
1527.N,D,20151020,000000,14.7,14.7,14.7,14.7,0,0
1527.N,D,20151021,000000,14.68,14.68,14.68,14.68,0,0
1527.N,D,20151022,000000,14.65,14.65,14.65,14.65,0,0
1527.N,D,20151023,000000,14.67,14.67,14.67,14.67,0,0
1527.N,D,20151026,000000,14.67,14.67,14.67,14.67,0,0
1527.N,D,20151027,000000,14.68,14.68,14.68,14.68,0,0
1527.N,D,20151028,000000,14.66,14.66,14.66,14.66,0,0
1527.N,D,20151029,000000,14.66,14.66,14.66,14.66,0,0
1527.N,D,20151030,000000,14.63,14.63,14.63,14.63,0,0
1527.N,D,20151102,000000,14.63,14.63,14.63,14.63,0,0
1527.N,D,20151103,000000,14.63,14.63,14.63,14.63,0,0
1527.N,D,20151104,000000,14.65,14.65,14.65,14.65,0,0
1527.N,D,20151105,000000,14.69,14.69,14.69,14.69,0,0
1527.N,D,20151106,000000,14.72,14.72,14.72,14.72,0,0
1527.N,D,20151109,000000,14.61,14.61,14.61,14.61,0,0
1527.N,D,20151110,000000,14.59,14.59,14.59,14.59,0,0
1527.N,D,20151111,000000,14.56,14.56,14.56,14.56,0,0
1527.N,D,20151112,000000,14.56,14.56,14.56,14.56,0,0
1527.N,D,20151113,000000,14.5,14.5,14.5,14.5,0,0
1527.N,D,20151116,000000,14.55,14.55,14.55,14.55,0,0
1527.N,D,20151117,000000,14.54,14.54,14.54,14.54,0,0
1527.N,D,20151118,000000,14.56,14.56,14.56,14.56,0,0
1527.N,D,20151119,000000,14.55,14.55,14.55,14.55,0,0
1527.N,D,20151120,000000,14.58,14.58,14.58,14.58,0,0
1527.N,D,20151123,000000,14.6,14.6,14.6,14.6,0,0
1527.N,D,20151124,000000,14.61,14.61,14.61,14.61,0,0
1527.N,D,20151125,000000,14.6,14.6,14.6,14.6,0,0
1527.N,D,20151126,000000,14.6,14.6,14.6,14.6,0,0
1527.N,D,20151127,000000,14.6,14.6,14.6,14.6,0,0
1527.N,D,20151130,000000,14.62,14.62,14.62,14.62,0,0
1527.N,D,20151201,000000,14.58,14.58,14.58,14.58,0,0
1527.N,D,20151202,000000,14.56,14.56,14.56,14.56,0,0
1527.N,D,20151203,000000,14.62,14.62,14.62,14.62,0,0
1527.N,D,20151204,000000,14.53,14.53,14.53,14.53,0,0
1527.N,D,20151207,000000,14.48,14.48,14.48,14.48,0,0
1527.N,D,20151208,000000,14.48,14.48,14.48,14.48,0,0
1527.N,D,20151209,000000,14.45,14.45,14.45,14.45,0,0
1527.N,D,20151210,000000,14.46,14.46,14.46,14.46,0,0
1527.N,D,20151211,000000,14.39,14.39,14.39,14.39,0,0
1527.N,D,20151214,000000,14.3,14.3,14.3,14.3,0,0
1527.N,D,20151215,000000,14.23,14.23,14.23,14.23,0,0
1527.N,D,20151216,000000,14.31,14.31,14.31,14.31,0,0
1527.N,D,20151217,000000,14.24,14.24,14.24,14.24,0,0
1527.N,D,20151218,000000,14.26,14.26,14.26,14.26,0,0
1527.N,D,20151221,000000,14.23,14.23,14.23,14.23,0,0
1527.N,D,20151222,000000,14.2,14.2,14.2,14.2,0,0
1527.N,D,20151223,000000,14.22,14.22,14.22,14.22,0,0
1527.N,D,20151228,000000,14.23,14.23,14.23,14.23,0,0
1527.N,D,20151229,000000,14.24,14.24,14.24,14.24,0,0
1527.N,D,20151230,000000,14.25,14.25,14.25,14.25,0,0
1527.N,D,20151231,000000,14.25,14.25,14.25,14.25,0,0
1527.N,D,20160104,000000,14.25,14.25,14.25,14.25,0,0
1527.N,D,20160105,000000,14.26,14.26,14.26,14.26,0,0
1527.N,D,20160106,000000,14.26,14.26,14.26,14.26,0,0
1527.N,D,20160107,000000,14.24,14.24,14.24,14.24,0,0
1527.N,D,20160108,000000,14.23,14.23,14.23,14.23,0,0
1527.N,D,20160111,000000,14.21,14.21,14.21,14.21,0,0
1527.N,D,20160112,000000,14.14,14.14,14.14,14.14,0,0
1527.N,D,20160113,000000,14.08,14.08,14.08,14.08,0,0
1527.N,D,20160114,000000,14.02,14.02,14.02,14.02,0,0
1527.N,D,20160115,000000,13.95,13.95,13.95,13.95,0,0
1527.N,D,20160118,000000,13.88,13.88,13.88,13.88,0,0
1527.N,D,20160119,000000,13.88,13.88,13.88,13.88,0,0
1527.N,D,20160120,000000,13.86,13.86,13.86,13.86,0,0
1527.N,D,20160121,000000,13.79,13.79,13.79,13.79,0,0
1527.N,D,20160122,000000,13.87,13.87,13.87,13.87,0,0
1527.N,D,20160125,000000,13.98,13.98,13.98,13.98,0,0
1527.N,D,20160126,000000,13.95,13.95,13.95,13.95,0,0
1527.N,D,20160127,000000,13.99,13.99,13.99,13.99,0,0
1527.N,D,20160128,000000,14.06,14.06,14.06,14.06,0,0
1527.N,D,20160129,000000,14.11,14.11,14.11,14.11,0,0
1527.N,D,20160201,000000,14.15,14.15,14.15,14.15,0,0
1527.N,D,20160202,000000,14.1,14.1,14.1,14.1,0,0
1527.N,D,20160203,000000,14.07,14.07,14.07,14.07,0,0
1527.N,D,20160204,000000,14.06,14.06,14.06,14.06,0,0
1527.N,D,20160205,000000,14.09,14.09,14.09,14.09,0,0
1527.N,D,20160208,000000,14.09,14.09,14.09,14.09,0,0
1527.N,D,20160209,000000,14.05,14.05,14.05,14.05,0,0
1527.N,D,20160210,000000,14.03,14.03,14.03,14.03,0,0
1527.N,D,20160211,000000,13.97,13.97,13.97,13.97,0,0
1527.N,D,20160212,000000,13.92,13.92,13.92,13.92,0,0
1527.N,D,20160215,000000,13.93,13.93,13.93,13.93,0,0
1527.N,D,20160216,000000,13.95,13.95,13.95,13.95,0,0
1527.N,D,20160217,000000,14.02,14.02,14.02,14.02,0,0
1527.N,D,20160218,000000,14.13,14.13,14.13,14.13,0,0
1527.N,D,20160219,000000,14.2,14.2,14.2,14.2,0,0
1527.N,D,20160222,000000,14.2,14.2,14.2,14.2,0,0
1527.N,D,20160223,000000,14.26,14.26,14.26,14.26,0,0
1527.N,D,20160224,000000,14.26,14.26,14.26,14.26,0,0
1527.N,D,20160225,000000,14.25,14.25,14.25,14.25,0,0
1527.N,D,20160226,000000,14.32,14.32,14.32,14.32,0,0
1527.N,D,20160229,000000,14.38,14.38,14.38,14.38,0,0
1527.N,D,20160301,000000,14.41,14.41,14.41,14.41,0,0
1527.N,D,20160302,000000,14.48,14.48,14.48,14.48,0,0
1527.N,D,20160303,000000,14.54,14.54,14.54,14.54,0,0
1527.N,D,20160304,000000,14.59,14.59,14.59,14.59,0,0
1527.N,D,20160307,000000,14.64,14.64,14.64,14.64,0,0
1527.N,D,20160308,000000,14.64,14.64,14.64,14.64,0,0
1527.N,D,20160309,000000,14.61,14.61,14.61,14.61,0,0
1527.N,D,20160310,000000,14.65,14.65,14.65,14.65,0,0
1527.N,D,20160311,000000,14.66,14.66,14.66,14.66,0,0
1527.N,D,20160314,000000,14.7,14.7,14.7,14.7,0,0
1527.N,D,20160315,000000,14.7,14.7,14.7,14.7,0,0
1527.N,D,20160316,000000,14.66,14.66,14.66,14.66,0,0
1527.N,D,20160317,000000,14.76,14.76,14.76,14.76,0,0
1527.N,D,20160318,000000,14.84,14.84,14.84,14.84,0,0
1527.N,D,20160321,000000,14.96,14.96,14.96,14.96,0,0
1527.N,D,20160322,000000,14.98,14.98,14.98,14.98,0,0
1527.N,D,20160323,000000,14.97,14.97,14.97,14.97,0,0
1527.N,D,20160324,000000,14.92,14.92,14.92,14.92,0,0
1527.N,D,20160329,000000,14.88,14.88,14.88,14.88,0,0
1527.N,D,20160330,000000,14.88,14.88,14.88,14.88,0,0
1527.N,D,20160331,000000,14.94,14.94,14.94,14.94,0,0
1527.N,D,20160401,000000,14.96,14.96,14.96,14.96,0,0
1527.N,D,20160404,000000,14.96,14.96,14.96,14.96,0,0
1527.N,D,20160405,000000,14.96,14.96,14.96,14.96,0,0
1527.N,D,20160406,000000,14.92,14.92,14.92,14.92,0,0
1527.N,D,20160407,000000,14.94,14.94,14.94,14.94,0,0
1527.N,D,20160408,000000,14.91,14.91,14.91,14.91,0,0
1527.N,D,20160411,000000,14.96,14.96,14.96,14.96,0,0
1527.N,D,20160412,000000,15,15,15,15,0,0
1527.N,D,20160413,000000,15.04,15.04,15.04,15.04,0,0
1527.N,D,20160414,000000,15.11,15.11,15.11,15.11,0,0
1527.N,D,20160415,000000,15.15,15.15,15.15,15.15,0,0
1527.N,D,20160418,000000,15.15,15.15,15.15,15.15,0,0
1527.N,D,20160419,000000,15.15,15.15,15.15,15.15,0,0
1527.N,D,20160420,000000,15.19,15.19,15.19,15.19,0,0
1527.N,D,20160421,000000,15.24,15.24,15.24,15.24,0,0
1527.N,D,20160422,000000,15.25,15.25,15.25,15.25,0,0
1527.N,D,20160425,000000,15.21,15.21,15.21,15.21,0,0
1527.N,D,20160426,000000,15.18,15.18,15.18,15.18,0,0
1527.N,D,20160427,000000,15.14,15.14,15.14,15.14,0,0
1527.N,D,20160428,000000,15.19,15.19,15.19,15.19,0,0
1527.N,D,20160429,000000,15.28,15.28,15.28,15.28,0,0
1527.N,D,20160502,000000,15.29,15.29,15.29,15.29,0,0
1527.N,D,20160503,000000,15.27,15.27,15.27,15.27,0,0
1527.N,D,20160504,000000,15.22,15.22,15.22,15.22,0,0
1527.N,D,20160506,000000,15.2,15.2,15.2,15.2,0,0
1527.N,D,20160509,000000,15.2,15.2,15.2,15.2,0,0
1527.N,D,20160510,000000,15.21,15.21,15.21,15.21,0,0
1527.N,D,20160511,000000,15.23,15.23,15.23,15.23,0,0
1527.N,D,20160512,000000,15.29,15.29,15.29,15.29,0,0
1527.N,D,20160513,000000,15.32,15.32,15.32,15.32,0,0
1527.N,D,20160517,000000,15.34,15.34,15.34,15.34,0,0
1527.N,D,20160518,000000,15.35,15.35,15.35,15.35,0,0
1527.N,D,20160519,000000,15.3,15.3,15.3,15.3,0,0
1527.N,D,20160520,000000,15.2,15.2,15.2,15.2,0,0
1527.N,D,20160523,000000,15.21,15.21,15.21,15.21,0,0
1527.N,D,20160524,000000,15.2,15.2,15.2,15.2,0,0
1527.N,D,20160525,000000,15.21,15.21,15.21,15.21,0,0
1527.N,D,20160526,000000,15.23,15.23,15.23,15.23,0,0
1527.N,D,20160527,000000,15.24,15.24,15.24,15.24,0,0
1527.N,D,20160530,000000,15.23,15.23,15.23,15.23,0,0
1527.N,D,20160531,000000,15.24,15.24,15.24,15.24,0,0
1527.N,D,20160601,000000,15.23,15.23,15.23,15.23,0,0
1527.N,D,20160602,000000,15.23,15.23,15.23,15.23,0,0
1527.N,D,20160603,000000,15.2,15.2,15.2,15.2,0,0
1527.N,D,20160606,000000,15.37,15.37,15.37,15.37,0,0
1527.N,D,20160607,000000,15.44,15.44,15.44,15.44,0,0
1527.N,D,20160608,000000,15.49,15.49,15.49,15.49,0,0
1527.N,D,20160609,000000,15.54,15.54,15.54,15.54,0,0
1527.N,D,20160610,000000,15.52,15.52,15.52,15.52,0,0
1527.N,D,20160613,000000,15.49,15.49,15.49,15.49,0,0
1527.N,D,20160614,000000,15.45,15.45,15.45,15.45,0,0
1527.N,D,20160615,000000,15.38,15.38,15.38,15.38,0,0
1527.N,D,20160616,000000,15.38,15.38,15.38,15.38,0,0
1527.N,D,20160617,000000,15.38,15.38,15.38,15.38,0,0
1527.N,D,20160620,000000,15.44,15.44,15.44,15.44,0,0
1527.N,D,20160621,000000,15.48,15.48,15.48,15.48,0,0
1527.N,D,20160622,000000,15.48,15.48,15.48,15.48,0,0
1527.N,D,20160624,000000,15.54,15.54,15.54,15.54,0,0
1527.N,D,20160627,000000,15.55,15.55,15.55,15.55,0,0
1527.N,D,20160628,000000,15.54,15.54,15.54,15.54,0,0
1527.N,D,20160629,000000,15.61,15.61,15.61,15.61,0,0
1527.N,D,20160630,000000,15.69,15.69,15.69,15.69,0,0
1527.N,D,20160701,000000,15.74,15.74,15.74,15.74,0,0
1527.N,D,20160704,000000,15.81,15.81,15.81,15.81,0,0
1527.N,D,20160705,000000,15.83,15.83,15.83,15.83,0,0
1527.N,D,20160706,000000,15.88,15.88,15.88,15.88,0,0
1527.N,D,20160707,000000,15.88,15.88,15.88,15.88,0,0
1527.N,D,20160708,000000,15.9,15.9,15.9,15.9,0,0
1527.N,D,20160711,000000,15.95,15.95,15.95,15.95,0,0
1527.N,D,20160712,000000,16.02,16.02,16.02,16.02,0,0
1527.N,D,20160713,000000,16.05,16.05,16.05,16.05,0,0
1527.N,D,20160714,000000,16.08,16.08,16.08,16.08,0,0
1527.N,D,20160715,000000,16.09,16.09,16.09,16.09,0,0
1527.N,D,20160718,000000,16.09,16.09,16.09,16.09,0,0
1527.N,D,20160719,000000,16.08,16.08,16.08,16.08,0,0
1527.N,D,20160720,000000,16.14,16.14,16.14,16.14,0,0
1527.N,D,20160721,000000,16.12,16.12,16.12,16.12,0,0
1527.N,D,20160722,000000,16.11,16.11,16.11,16.11,0,0
1527.N,D,20160725,000000,16.12,16.12,16.12,16.12,0,0
1527.N,D,20160726,000000,16.1,16.1,16.1,16.1,0,0
1527.N,D,20160727,000000,16.03,16.03,16.03,16.03,0,0
1527.N,D,20160728,000000,16.04,16.04,16.04,16.04,0,0
1527.N,D,20160729,000000,16.05,16.05,16.05,16.05,0,0
1527.N,D,20160801,000000,16.09,16.09,16.09,16.09,0,0
1527.N,D,20160802,000000,16.1,16.1,16.1,16.1,0,0
1527.N,D,20160803,000000,16.06,16.06,16.06,16.06,0,0
1527.N,D,20160804,000000,16,16,16,16,0,0
1527.N,D,20160805,000000,16.09,16.09,16.09,16.09,0,0
1527.N,D,20160808,000000,16.14,16.14,16.14,16.14,0,0
1527.N,D,20160809,000000,16.19,16.19,16.19,16.19,0,0
1527.N,D,20160810,000000,16.21,16.21,16.21,16.21,0,0
1527.N,D,20160811,000000,16.23,16.23,16.23,16.23,0,0
1527.N,D,20160812,000000,16.23,16.23,16.23,16.23,0,0
1527.N,D,20160816,000000,16.31,16.31,16.31,16.31,0,0
1527.N,D,20160817,000000,16.33,16.33,16.33,16.33,0,0
1527.N,D,20160818,000000,16.34,16.34,16.34,16.34,0,0
1527.N,D,20160819,000000,16.38,16.38,16.38,16.38,0,0
1527.N,D,20160822,000000,16.36,16.36,16.36,16.36,0,0
1527.N,D,20160823,000000,16.34,16.34,16.34,16.34,0,0
1527.N,D,20160824,000000,16.38,16.38,16.38,16.38,0,0
1527.N,D,20160825,000000,16.38,16.38,16.38,16.38,0,0
1527.N,D,20160826,000000,16.36,16.36,16.36,16.36,0,0
1527.N,D,20160829,000000,16.37,16.37,16.37,16.37,0,0
1527.N,D,20160830,000000,16.38,16.38,16.38,16.38,0,0
1527.N,D,20160831,000000,16.39,16.39,16.39,16.39,0,0
1527.N,D,20160901,000000,16.36,16.36,16.36,16.36,0,0
1527.N,D,20160902,000000,16.3,16.3,16.3,16.3,0,0
1527.N,D,20160905,000000,16.36,16.36,16.36,16.36,0,0
1527.N,D,20160906,000000,16.37,16.37,16.37,16.37,0,0
1527.N,D,20160907,000000,16.39,16.39,16.39,16.39,0,0
1527.N,D,20160908,000000,16.48,16.48,16.48,16.48,0,0
1527.N,D,20160909,000000,16.54,16.54,16.54,16.54,0,0
1527.N,D,20160912,000000,16.44,16.44,16.44,16.44,0,0
1527.N,D,20160913,000000,16.38,16.38,16.38,16.38,0,0
1527.N,D,20160914,000000,16.36,16.36,16.36,16.36,0,0
1527.N,D,20160915,000000,16.34,16.34,16.34,16.34,0,0
1527.N,D,20160916,000000,16.31,16.31,16.31,16.31,0,0
1527.N,D,20160919,000000,16.32,16.32,16.32,16.32,0,0
1527.N,D,20160920,000000,16.33,16.33,16.33,16.33,0,0
1527.N,D,20160921,000000,16.35,16.35,16.35,16.35,0,0
1527.N,D,20160922,000000,16.43,16.43,16.43,16.43,0,0
1527.N,D,20160923,000000,16.53,16.53,16.53,16.53,0,0
1527.N,D,20160926,000000,16.47,16.47,16.47,16.47,0,0
1527.N,D,20160928,000000,16.48,16.48,16.48,16.48,0,0
1527.N,D,20160929,000000,16.5,16.5,16.5,16.5,0,0
1527.N,D,20161003,000000,16.56,16.56,16.56,16.56,0,0
1527.N,D,20161004,000000,16.61,16.61,16.61,16.61,0,0
1527.N,D,20161005,000000,16.62,16.62,16.62,16.62,0,0
1527.N,D,20161006,000000,16.61,16.61,16.61,16.61,0,0
1527.N,D,20161007,000000,16.59,16.59,16.59,16.59,0,0
1527.N,D,20161010,000000,16.57,16.57,16.57,16.57,0,0
1527.N,D,20161011,000000,16.55,16.55,16.55,16.55,0,0
1527.N,D,20161012,000000,16.52,16.52,16.52,16.52,0,0
1527.N,D,20161013,000000,16.48,16.48,16.48,16.48,0,0
1527.N,D,20161014,000000,16.49,16.49,16.49,16.49,0,0
1527.N,D,20161017,000000,16.46,16.46,16.46,16.46,0,0
1527.N,D,20161018,000000,16.43,16.43,16.43,16.43,0,0
1527.N,D,20161019,000000,16.41,16.41,16.41,16.41,0,0
1527.N,D,20161020,000000,16.45,16.45,16.45,16.45,0,0
1527.N,D,20161021,000000,16.51,16.51,16.51,16.51,0,0
1527.N,D,20161024,000000,16.57,16.57,16.57,16.57,0,0
1527.N,D,20161025,000000,16.59,16.59,16.59,16.59,0,0
1527.N,D,20161026,000000,16.57,16.57,16.57,16.57,0,0
1527.N,D,20161027,000000,16.47,16.47,16.47,16.47,0,0
1527.N,D,20161028,000000,16.43,16.43,16.43,16.43,0,0
1527.N,D,20161031,000000,16.43,16.43,16.43,16.43,0,0
1527.N,D,20161102,000000,16.38,16.38,16.38,16.38,0,0
1527.N,D,20161103,000000,16.37,16.37,16.37,16.37,0,0
1527.N,D,20161104,000000,16.37,16.37,16.37,16.37,0,0
1527.N,D,20161107,000000,16.36,16.36,16.36,16.36,0,0
1527.N,D,20161108,000000,16.43,16.43,16.43,16.43,0,0
1527.N,D,20161109,000000,16.44,16.44,16.44,16.44,0,0
1527.N,D,20161110,000000,16.27,16.27,16.27,16.27,0,0
1527.N,D,20161111,000000,16.07,16.07,16.07,16.07,0,0
1527.N,D,20161114,000000,15.91,15.91,15.91,15.91,0,0
1527.N,D,20161115,000000,15.84,15.84,15.84,15.84,0,0
1527.N,D,20161116,000000,15.92,15.92,15.92,15.92,0,0
1527.N,D,20161117,000000,15.97,15.97,15.97,15.97,0,0
1527.N,D,20161118,000000,15.94,15.94,15.94,15.94,0,0
1527.N,D,20161121,000000,15.93,15.93,15.93,15.93,0,0
1527.N,D,20161122,000000,15.94,15.94,15.94,15.94,0,0
1527.N,D,20161123,000000,15.95,15.95,15.95,15.95,0,0
1527.N,D,20161124,000000,15.9,15.9,15.9,15.9,0,0
1527.N,D,20161125,000000,15.89,15.89,15.89,15.89,0,0
1527.N,D,20161128,000000,15.9,15.9,15.9,15.9,0,0
1527.N,D,20161129,000000,15.91,15.91,15.91,15.91,0,0
1527.N,D,20161130,000000,15.89,15.89,15.89,15.89,0,0
1527.N,D,20161201,000000,15.87,15.87,15.87,15.87,0,0
1527.N,D,20161202,000000,15.81,15.81,15.81,15.81,0,0
1527.N,D,20161205,000000,15.86,15.86,15.86,15.86,0,0
1527.N,D,20161206,000000,15.93,15.93,15.93,15.93,0,0
1527.N,D,20161207,000000,15.97,15.97,15.97,15.97,0,0
1527.N,D,20161208,000000,16.07,16.07,16.07,16.07,0,0
1527.N,D,20161209,000000,16.06,16.06,16.06,16.06,0,0
1527.N,D,20161212,000000,16.05,16.05,16.05,16.05,0,0
1527.N,D,20161213,000000,16.08,16.08,16.08,16.08,0,0
1527.N,D,20161214,000000,16.11,16.11,16.11,16.11,0,0
1527.N,D,20161215,000000,16.04,16.04,16.04,16.04,0,0
1527.N,D,20161216,000000,16.01,16.01,16.01,16.01,0,0
1527.N,D,20161219,000000,16.04,16.04,16.04,16.04,0,0
1527.N,D,20161220,000000,16.06,16.06,16.06,16.06,0,0
1527.N,D,20161221,000000,16.09,16.09,16.09,16.09,0,0
1527.N,D,20161222,000000,16.1,16.1,16.1,16.1,0,0
1527.N,D,20161223,000000,16.1,16.1,16.1,16.1,0,0
1527.N,D,20161227,000000,16.12,16.12,16.12,16.12,0,0
1527.N,D,20161228,000000,16.08,16.08,16.08,16.08,0,0
1527.N,D,20161229,000000,16.15,16.15,16.15,16.15,0,0
1527.N,D,20161230,000000,16.16,16.16,16.16,16.16,0,0
1527.N,D,20170102,000000,16.17,16.17,16.17,16.17,0,0
1527.N,D,20170103,000000,16.19,16.19,16.19,16.19,0,0
1527.N,D,20170104,000000,16.28,16.28,16.28,16.28,0,0
1527.N,D,20170105,000000,16.32,16.32,16.32,16.32,0,0
1527.N,D,20170106,000000,16.4,16.4,16.4,16.4,0,0
1527.N,D,20170109,000000,16.41,16.41,16.41,16.41,0,0
1527.N,D,20170110,000000,16.41,16.41,16.41,16.41,0,0
1527.N,D,20170111,000000,16.4,16.4,16.4,16.4,0,0
1527.N,D,20170112,000000,16.4,16.4,16.4,16.4,0,0
1527.N,D,20170113,000000,16.44,16.44,16.44,16.44,0,0
1527.N,D,20170116,000000,16.44,16.44,16.44,16.44,0,0
1527.N,D,20170117,000000,16.47,16.47,16.47,16.47,0,0
1527.N,D,20170118,000000,16.5,16.5,16.5,16.5,0,0
1527.N,D,20170119,000000,16.46,16.46,16.46,16.46,0,0
1527.N,D,20170120,000000,16.41,16.41,16.41,16.41,0,0
1527.N,D,20170123,000000,16.44,16.44,16.44,16.44,0,0
1527.N,D,20170124,000000,16.47,16.47,16.47,16.47,0,0
1527.N,D,20170125,000000,16.46,16.46,16.46,16.46,0,0
1527.N,D,20170126,000000,16.42,16.42,16.42,16.42,0,0
1527.N,D,20170127,000000,16.45,16.45,16.45,16.45,0,0
1527.N,D,20170130,000000,16.47,16.47,16.47,16.47,0,0
1527.N,D,20170131,000000,16.46,16.46,16.46,16.46,0,0
1527.N,D,20170201,000000,16.47,16.47,16.47,16.47,0,0
1527.N,D,20170202,000000,16.5,16.5,16.5,16.5,0,0
1527.N,D,20170203,000000,16.53,16.53,16.53,16.53,0,0
1527.N,D,20170206,000000,16.6,16.6,16.6,16.6,0,0
1527.N,D,20170207,000000,16.59,16.59,16.59,16.59,0,0
1527.N,D,20170208,000000,16.57,16.57,16.57,16.57,0,0
1527.N,D,20170209,000000,16.58,16.58,16.58,16.58,0,0
1527.N,D,20170210,000000,16.62,16.62,16.62,16.62,0,0
1527.N,D,20170213,000000,16.67,16.67,16.67,16.67,0,0
1527.N,D,20170214,000000,16.72,16.72,16.72,16.72,0,0
1527.N,D,20170215,000000,16.67,16.67,16.67,16.67,0,0
1527.N,D,20170216,000000,16.66,16.66,16.66,16.66,0,0
1527.N,D,20170217,000000,16.63,16.63,16.63,16.63,0,0
1527.N,D,20170220,000000,16.64,16.64,16.64,16.64,0,0
1527.N,D,20170221,000000,16.64,16.64,16.64,16.64,0,0
1527.N,D,20170222,000000,16.68,16.68,16.68,16.68,0,0
1527.N,D,20170223,000000,16.71,16.71,16.71,16.71,0,0
1527.N,D,20170224,000000,16.74,16.74,16.74,16.74,0,0
1527.N,D,20170227,000000,16.77,16.77,16.77,16.77,0,0
1527.N,D,20170228,000000,16.76,16.76,16.76,16.76,0,0
1527.N,D,20170301,000000,16.78,16.78,16.78,16.78,0,0
1527.N,D,20170302,000000,16.77,16.77,16.77,16.77,0,0
1527.N,D,20170303,000000,16.75,16.75,16.75,16.75,0,0
1527.N,D,20170306,000000,16.77,16.77,16.77,16.77,0,0
1527.N,D,20170307,000000,16.8,16.8,16.8,16.8,0,0
1527.N,D,20170308,000000,16.78,16.78,16.78,16.78,0,0
1527.N,D,20170309,000000,16.64,16.64,16.64,16.64,0,0
1527.N,D,20170310,000000,16.62,16.62,16.62,16.62,0,0
1527.N,D,20170313,000000,16.67,16.67,16.67,16.67,0,0
1527.N,D,20170314,000000,16.63,16.63,16.63,16.63,0,0
1527.N,D,20170315,000000,16.59,16.59,16.59,16.59,0,0
1527.N,D,20170316,000000,16.7,16.7,16.7,16.7,0,0
1527.N,D,20170317,000000,16.74,16.74,16.74,16.74,0,0
1527.N,D,20170320,000000,16.74,16.74,16.74,16.74,0,0
1527.N,D,20170321,000000,16.79,16.79,16.79,16.79,0,0
1527.N,D,20170322,000000,16.75,16.75,16.75,16.75,0,0
1527.N,D,20170323,000000,16.81,16.81,16.81,16.81,0,0
1527.N,D,20170324,000000,16.79,16.79,16.79,16.79,0,0
1527.N,D,20170327,000000,16.84,16.84,16.84,16.84,0,0
1527.N,D,20170328,000000,16.81,16.81,16.81,16.81,0,0
1527.N,D,20170329,000000,16.8,16.8,16.8,16.8,0,0
1527.N,D,20170330,000000,16.82,16.82,16.82,16.82,0,0
1527.N,D,20170331,000000,16.8,16.8,16.8,16.8,0,0
1527.N,D,20170403,000000,16.73,16.73,16.73,16.73,0,0
1527.N,D,20170404,000000,16.74,16.74,16.74,16.74,0,0
1527.N,D,20170405,000000,16.75,16.75,16.75,16.75,0,0
1527.N,D,20170406,000000,16.77,16.77,16.77,16.77,0,0
1527.N,D,20170407,000000,16.8,16.8,16.8,16.8,0,0
1527.N,D,20170410,000000,16.81,16.81,16.81,16.81,0,0
1527.N,D,20170411,000000,16.81,16.81,16.81,16.81,0,0
1527.N,D,20170412,000000,16.82,16.82,16.82,16.82,0,0
1527.N,D,20170413,000000,16.88,16.88,16.88,16.88,0,0
1527.N,D,20170418,000000,16.89,16.89,16.89,16.89,0,0
1527.N,D,20170419,000000,16.92,16.92,16.92,16.92,0,0
1527.N,D,20170420,000000,16.92,16.92,16.92,16.92,0,0
1527.N,D,20170421,000000,16.91,16.91,16.91,16.91,0,0
1527.N,D,20170424,000000,16.93,16.93,16.93,16.93,0,0
1527.N,D,20170425,000000,16.97,16.97,16.97,16.97,0,0
1527.N,D,20170426,000000,16.99,16.99,16.99,16.99,0,0
1527.N,D,20170427,000000,16.98,16.98,16.98,16.98,0,0
1527.N,D,20170428,000000,17,17,17,17,0,0
1527.N,D,20170502,000000,17.03,17.03,17.03,17.03,0,0
1527.N,D,20170503,000000,17.04,17.04,17.04,17.04,0,0
1527.N,D,20170504,000000,17.05,17.05,17.05,17.05,0,0
1527.N,D,20170505,000000,16.99,16.99,16.99,16.99,0,0
1527.N,D,20170508,000000,17.02,17.02,17.02,17.02,0,0
1527.N,D,20170509,000000,17,17,17,17,0,0
1527.N,D,20170510,000000,16.97,16.97,16.97,16.97,0,0
1527.N,D,20170511,000000,17.02,17.02,17.02,17.02,0,0
1527.N,D,20170512,000000,17.03,17.03,17.03,17.03,0,0
1527.N,D,20170515,000000,17.07,17.07,17.07,17.07,0,0
1527.N,D,20170516,000000,17.09,17.09,17.09,17.09,0,0
1527.N,D,20170517,000000,17.08,17.08,17.08,17.08,0,0
1527.N,D,20170518,000000,17.04,17.04,17.04,17.04,0,0
1527.N,D,20170519,000000,17.02,17.02,17.02,17.02,0,0
1527.N,D,20170522,000000,17.04,17.04,17.04,17.04,0,0
1527.N,D,20170523,000000,17.06,17.06,17.06,17.06,0,0
1527.N,D,20170524,000000,17.1,17.1,17.1,17.1,0,0
1527.N,D,20170526,000000,17.13,17.13,17.13,17.13,0,0
1527.N,D,20170529,000000,17.14,17.14,17.14,17.14,0,0
1527.N,D,20170530,000000,17.15,17.15,17.15,17.15,0,0
1527.N,D,20170531,000000,17.15,17.15,17.15,17.15,0,0
1527.N,D,20170601,000000,17.14,17.14,17.14,17.14,0,0
1527.N,D,20170602,000000,17.14,17.14,17.14,17.14,0,0
1527.N,D,20170606,000000,17.2,17.2,17.2,17.2,0,0
1527.N,D,20170607,000000,17.21,17.21,17.21,17.21,0,0
1527.N,D,20170608,000000,17.15,17.15,17.15,17.15,0,0
1527.N,D,20170609,000000,17.17,17.17,17.17,17.17,0,0
1527.N,D,20170612,000000,17.16,17.16,17.16,17.16,0,0
1527.N,D,20170613,000000,17.14,17.14,17.14,17.14,0,0
1527.N,D,20170614,000000,17.12,17.12,17.12,17.12,0,0
1527.N,D,20170615,000000,17.16,17.16,17.16,17.16,0,0
1527.N,D,20170616,000000,17.11,17.11,17.11,17.11,0,0
1527.N,D,20170619,000000,17.12,17.12,17.12,17.12,0,0
1527.N,D,20170620,000000,17.09,17.09,17.09,17.09,0,0
1527.N,D,20170621,000000,17.03,17.03,17.03,17.03,0,0
1527.N,D,20170622,000000,17.02,17.02,17.02,17.02,0,0
1527.N,D,20170626,000000,17.05,17.05,17.05,17.05,0,0
1527.N,D,20170627,000000,17.1,17.1,17.1,17.1,0,0
1527.N,D,20170628,000000,17.08,17.08,17.08,17.08,0,0
1527.N,D,20170629,000000,17.09,17.09,17.09,17.09,0,0
1527.N,D,20170630,000000,17.03,17.03,17.03,17.03,0,0
1527.N,D,20170703,000000,17.06,17.06,17.06,17.06,0,0
1527.N,D,20170704,000000,17.07,17.07,17.07,17.07,0,0
1527.N,D,20170705,000000,17.06,17.06,17.06,17.06,0,0
1527.N,D,20170706,000000,17,17,17,17,0,0
1527.N,D,20170707,000000,16.95,16.95,16.95,16.95,0,0
1527.N,D,20170710,000000,16.97,16.97,16.97,16.97,0,0
1527.N,D,20170711,000000,17.05,17.05,17.05,17.05,0,0
1527.N,D,20170712,000000,17.03,17.03,17.03,17.03,0,0
1527.N,D,20170713,000000,17.08,17.08,17.08,17.08,0,0
1527.N,D,20170714,000000,17.08,17.08,17.08,17.08,0,0
1527.N,D,20170717,000000,17.11,17.11,17.11,17.11,0,0
1527.N,D,20170718,000000,17.13,17.13,17.13,17.13,0,0
1527.N,D,20170719,000000,17.15,17.15,17.15,17.15,0,0
1527.N,D,20170720,000000,17.15,17.15,17.15,17.15,0,0
1527.N,D,20170721,000000,17.13,17.13,17.13,17.13,0,0
1527.N,D,20170724,000000,17.16,17.16,17.16,17.16,0,0
1527.N,D,20170725,000000,17.11,17.11,17.11,17.11,0,0
1527.N,D,20170726,000000,17.14,17.14,17.14,17.14,0,0
1527.N,D,20170727,000000,17.16,17.16,17.16,17.16,0,0
1527.N,D,20170728,000000,17.13,17.13,17.13,17.13,0,0
1527.N,D,20170731,000000,17.13,17.13,17.13,17.13,0,0
1527.N,D,20170801,000000,17.11,17.11,17.11,17.11,0,0
1527.N,D,20170802,000000,17.09,17.09,17.09,17.09,0,0
1527.N,D,20170803,000000,17.17,17.17,17.17,17.17,0,0
1527.N,D,20170804,000000,17.22,17.22,17.22,17.22,0,0
1527.N,D,20170807,000000,17.21,17.21,17.21,17.21,0,0
1527.N,D,20170808,000000,17.25,17.25,17.25,17.25,0,0
1527.N,D,20170809,000000,17.2,17.2,17.2,17.2,0,0
1527.N,D,20170810,000000,17.16,17.16,17.16,17.16,0,0
1527.N,D,20170811,000000,17.12,17.12,17.12,17.12,0,0
1527.N,D,20170814,000000,17.14,17.14,17.14,17.14,0,0
1527.N,D,20170816,000000,17.17,17.17,17.17,17.17,0,0
1527.N,D,20170817,000000,17.2,17.2,17.2,17.2,0,0
1527.N,D,20170818,000000,17.19,17.19,17.19,17.19,0,0
1527.N,D,20170821,000000,17.2,17.2,17.2,17.2,0,0
1527.N,D,20170822,000000,17.22,17.22,17.22,17.22,0,0
1527.N,D,20170823,000000,17.19,17.19,17.19,17.19,0,0
1527.N,D,20170824,000000,17.21,17.21,17.21,17.21,0,0
1527.N,D,20170825,000000,17.26,17.26,17.26,17.26,0,0
1527.N,D,20170828,000000,17.27,17.27,17.27,17.27,0,0
1527.N,D,20170829,000000,17.25,17.25,17.25,17.25,0,0
1527.N,D,20170830,000000,17.27,17.27,17.27,17.27,0,0
1527.N,D,20170831,000000,17.3,17.3,17.3,17.3,0,0
1527.N,D,20170901,000000,17.34,17.34,17.34,17.34,0,0
1527.N,D,20170904,000000,17.35,17.35,17.35,17.35,0,0
1527.N,D,20170905,000000,17.35,17.35,17.35,17.35,0,0
1527.N,D,20170906,000000,17.39,17.39,17.39,17.39,0,0
1527.N,D,20170907,000000,17.39,17.39,17.39,17.39,0,0
1527.N,D,20170908,000000,17.44,17.44,17.44,17.44,0,0
1527.N,D,20170911,000000,17.44,17.44,17.44,17.44,0,0
1527.N,D,20170912,000000,17.43,17.43,17.43,17.43,0,0
1527.N,D,20170913,000000,17.43,17.43,17.43,17.43,0,0
1527.N,D,20170914,000000,17.43,17.43,17.43,17.43,0,0
1527.N,D,20170915,000000,17.43,17.43,17.43,17.43,0,0
1527.N,D,20170918,000000,17.45,17.45,17.45,17.45,0,0
1527.N,D,20170919,000000,17.43,17.43,17.43,17.43,0,0
1527.N,D,20170920,000000,17.4,17.4,17.4,17.4,0,0
1527.N,D,20170921,000000,17.35,17.35,17.35,17.35,0,0
1527.N,D,20170922,000000,17.38,17.38,17.38,17.38,0,0
1527.N,D,20170925,000000,17.39,17.39,17.39,17.39,0,0
1527.N,D,20170926,000000,17.39,17.39,17.39,17.39,0,0
1527.N,D,20170927,000000,17.36,17.36,17.36,17.36,0,0
1527.N,D,20170928,000000,17.34,17.34,17.34,17.34,0,0
1527.N,D,20170929,000000,17.39,17.39,17.39,17.39,0,0
1527.N,D,20171002,000000,17.41,17.41,17.41,17.41,0,0
1527.N,D,20171003,000000,17.42,17.42,17.42,17.42,0,0
1527.N,D,20171004,000000,17.45,17.45,17.45,17.45,0,0
1527.N,D,20171005,000000,17.45,17.45,17.45,17.45,0,0
1527.N,D,20171006,000000,17.44,17.44,17.44,17.44,0,0
1527.N,D,20171009,000000,17.44,17.44,17.44,17.44,0,0
1527.N,D,20171010,000000,17.43,17.43,17.43,17.43,0,0
1527.N,D,20171011,000000,17.43,17.43,17.43,17.43,0,0
1527.N,D,20171012,000000,17.46,17.46,17.46,17.46,0,0
1527.N,D,20171013,000000,17.45,17.45,17.45,17.45,0,0
1527.N,D,20171016,000000,17.45,17.45,17.45,17.45,0,0
1527.N,D,20171017,000000,17.43,17.43,17.43,17.43,0,0
1527.N,D,20171018,000000,17.47,17.47,17.47,17.47,0,0
1527.N,D,20171019,000000,17.49,17.49,17.49,17.49,0,0
1527.N,D,20171020,000000,17.48,17.48,17.48,17.48,0,0
1527.N,D,20171023,000000,17.44,17.44,17.44,17.44,0,0
1527.N,D,20171024,000000,17.41,17.41,17.41,17.41,0,0
1527.N,D,20171025,000000,17.43,17.43,17.43,17.43,0,0
1527.N,D,20171026,000000,17.4,17.4,17.4,17.4,0,0
1527.N,D,20171027,000000,17.39,17.39,17.39,17.39,0,0
1527.N,D,20171030,000000,17.49,17.49,17.49,17.49,0,0
1527.N,D,20171031,000000,17.49,17.49,17.49,17.49,0,0
1527.N,D,20171102,000000,17.52,17.52,17.52,17.52,0,0
1527.N,D,20171103,000000,17.46,17.46,17.46,17.46,0,0
1527.N,D,20171106,000000,17.29,17.29,17.29,17.29,0,0
1527.N,D,20171107,000000,17.28,17.28,17.28,17.28,0,0
1527.N,D,20171108,000000,17.14,17.14,17.14,17.14,0,0
1527.N,D,20171109,000000,17.17,17.17,17.17,17.17,0,0
1527.N,D,20171110,000000,17.18,17.18,17.18,17.18,0,0
1527.N,D,20171113,000000,17.23,17.23,17.23,17.23,0,0
1527.N,D,20171114,000000,17.21,17.21,17.21,17.21,0,0
1527.N,D,20171115,000000,17.21,17.21,17.21,17.21,0,0
1527.N,D,20171116,000000,17.26,17.26,17.26,17.26,0,0
1527.N,D,20171117,000000,17.29,17.29,17.29,17.29,0,0
1527.N,D,20171120,000000,17.32,17.32,17.32,17.32,0,0
1527.N,D,20171121,000000,17.31,17.31,17.31,17.31,0,0
1527.N,D,20171122,000000,17.32,17.32,17.32,17.32,0,0
1527.N,D,20171123,000000,17.33,17.33,17.33,17.33,0,0
1527.N,D,20171124,000000,17.35,17.35,17.35,17.35,0,0
1527.N,D,20171127,000000,17.36,17.36,17.36,17.36,0,0
1527.N,D,20171128,000000,17.39,17.39,17.39,17.39,0,0
1527.N,D,20171129,000000,17.39,17.39,17.39,17.39,0,0
1527.N,D,20171130,000000,17.36,17.36,17.36,17.36,0,0
1527.N,D,20171201,000000,17.33,17.33,17.33,17.33,0,0
1527.N,D,20171204,000000,17.32,17.32,17.32,17.32,0,0
1527.N,D,20171205,000000,17.33,17.33,17.33,17.33,0,0
1527.N,D,20171206,000000,17.36,17.36,17.36,17.36,0,0
1527.N,D,20171207,000000,17.37,17.37,17.37,17.37,0,0
1527.N,D,20171208,000000,17.37,17.37,17.37,17.37,0,0
1527.N,D,20171211,000000,17.36,17.36,17.36,17.36,0,0
1527.N,D,20171212,000000,17.4,17.4,17.4,17.4,0,0
1527.N,D,20171213,000000,17.36,17.36,17.36,17.36,0,0
1527.N,D,20171214,000000,17.39,17.39,17.39,17.39,0,0
1527.N,D,20171215,000000,17.42,17.42,17.42,17.42,0,0
1527.N,D,20171218,000000,17.45,17.45,17.45,17.45,0,0
1527.N,D,20171219,000000,17.48,17.48,17.48,17.48,0,0
1527.N,D,20171220,000000,17.48,17.48,17.48,17.48,0,0
1527.N,D,20171221,000000,17.45,17.45,17.45,17.45,0,0
1527.N,D,20171222,000000,17.44,17.44,17.44,17.44,0,0
1527.N,D,20171227,000000,17.45,17.45,17.45,17.45,0,0
1527.N,D,20171228,000000,17.46,17.46,17.46,17.46,0,0
1527.N,D,20171229,000000,17.47,17.47,17.47,17.47,0,0
1527.N,D,20180102,000000,17.5,17.5,17.5,17.5,0,0
1527.N,D,20180103,000000,17.51,17.51,17.51,17.51,0,0
1527.N,D,20180104,000000,17.54,17.54,17.54,17.54,0,0
1527.N,D,20180105,000000,17.57,17.57,17.57,17.57,0,0
1527.N,D,20180108,000000,17.57,17.57,17.57,17.57,0,0
1527.N,D,20180109,000000,17.57,17.57,17.57,17.57,0,0
1527.N,D,20180110,000000,17.53,17.53,17.53,17.53,0,0
1527.N,D,20180111,000000,17.55,17.55,17.55,17.55,0,0
1527.N,D,20180112,000000,17.55,17.55,17.55,17.55,0,0
1527.N,D,20180115,000000,17.57,17.57,17.57,17.57,0,0
1527.N,D,20180116,000000,17.59,17.59,17.59,17.59,0,0
1527.N,D,20180117,000000,17.6,17.6,17.6,17.6,0,0
1527.N,D,20180118,000000,17.6,17.6,17.6,17.6,0,0
1527.N,D,20180119,000000,17.58,17.58,17.58,17.58,0,0
1527.N,D,20180122,000000,17.55,17.55,17.55,17.55,0,0
1527.N,D,20180123,000000,17.56,17.56,17.56,17.56,0,0
1527.N,D,20180124,000000,17.55,17.55,17.55,17.55,0,0
1527.N,D,20180125,000000,17.58,17.58,17.58,17.58,0,0
1527.N,D,20180126,000000,17.59,17.59,17.59,17.59,0,0
1527.N,D,20180129,000000,17.55,17.55,17.55,17.55,0,0
1527.N,D,20180130,000000,17.56,17.56,17.56,17.56,0,0
1527.N,D,20180131,000000,17.55,17.55,17.55,17.55,0,0
1527.N,D,20180201,000000,17.56,17.56,17.56,17.56,0,0
1527.N,D,20180202,000000,17.52,17.52,17.52,17.52,0,0
1527.N,D,20180205,000000,17.48,17.48,17.48,17.48,0,0
1527.N,D,20180206,000000,17.38,17.38,17.38,17.38,0,0
1527.N,D,20180207,000000,17.41,17.41,17.41,17.41,0,0
1527.N,D,20180208,000000,17.34,17.34,17.34,17.34,0,0
1527.N,D,20180209,000000,17.21,17.21,17.21,17.21,0,0
1527.N,D,20180212,000000,17.18,17.18,17.18,17.18,0,0
1527.N,D,20180213,000000,17.24,17.24,17.24,17.24,0,0
1527.N,D,20180214,000000,17.05,17.05,17.05,17.05,0,0
1527.N,D,20180215,000000,17.01,17.01,17.01,17.01,0,0
1527.N,D,20180216,000000,17.11,17.11,17.11,17.11,0,0
1527.N,D,20180219,000000,17.18,17.18,17.18,17.18,0,0
1527.N,D,20180220,000000,17.16,17.16,17.16,17.16,0,0
1527.N,D,20180221,000000,17.15,17.15,17.15,17.15,0,0
1527.N,D,20180222,000000,17.13,17.13,17.13,17.13,0,0
1527.N,D,20180223,000000,17.13,17.13,17.13,17.13,0,0
1527.N,D,20180226,000000,17.17,17.17,17.17,17.17,0,0
1527.N,D,20180227,000000,17.23,17.23,17.23,17.23,0,0
1527.N,D,20180228,000000,17.22,17.22,17.22,17.22,0,0
1527.N,D,20180301,000000,17.21,17.21,17.21,17.21,0,0
1527.N,D,20180302,000000,17.19,17.19,17.19,17.19,0,0
1527.N,D,20180305,000000,17.19,17.19,17.19,17.19,0,0
1527.N,D,20180306,000000,17.2,17.2,17.2,17.2,0,0
1527.N,D,20180307,000000,17.21,17.21,17.21,17.21,0,0
1527.N,D,20180308,000000,17.2,17.2,17.2,17.2,0,0
1527.N,D,20180309,000000,17.22,17.22,17.22,17.22,0,0
1527.N,D,20180312,000000,17.23,17.23,17.23,17.23,0,0
1527.N,D,20180313,000000,17.2,17.2,17.2,17.2,0,0
1527.N,D,20180314,000000,17.19,17.19,17.19,17.19,0,0
1527.N,D,20180315,000000,17.22,17.22,17.22,17.22,0,0
1527.N,D,20180316,000000,17.23,17.23,17.23,17.23,0,0
1527.N,D,20180319,000000,17.22,17.22,17.22,17.22,0,0
1527.N,D,20180320,000000,17.16,17.16,17.16,17.16,0,0
1527.N,D,20180321,000000,17.16,17.16,17.16,17.16,0,0
1527.N,D,20180322,000000,17.14,17.14,17.14,17.14,0,0
1527.N,D,20180323,000000,17.09,17.09,17.09,17.09,0,0
1527.N,D,20180326,000000,17.06,17.06,17.06,17.06,0,0
1527.N,D,20180327,000000,17.14,17.14,17.14,17.14,0,0
1527.N,D,20180328,000000,17.17,17.17,17.17,17.17,0,0
1527.N,D,20180329,000000,17.21,17.21,17.21,17.21,0,0
1527.N,D,20180403,000000,17.24,17.24,17.24,17.24,0,0
1527.N,D,20180404,000000,17.24,17.24,17.24,17.24,0,0
1527.N,D,20180405,000000,17.27,17.27,17.27,17.27,0,0
1527.N,D,20180406,000000,17.3,17.3,17.3,17.3,0,0
1527.N,D,20180409,000000,17.28,17.28,17.28,17.28,0,0
1527.N,D,20180410,000000,17.26,17.26,17.26,17.26,0,0
1527.N,D,20180411,000000,17.23,17.23,17.23,17.23,0,0
1527.N,D,20180412,000000,17.25,17.25,17.25,17.25,0,0
1527.N,D,20180413,000000,17.26,17.26,17.26,17.26,0,0
1527.N,D,20180416,000000,17.25,17.25,17.25,17.25,0,0
1527.N,D,20180417,000000,17.22,17.22,17.22,17.22,0,0
1527.N,D,20180418,000000,17.22,17.22,17.22,17.22,0,0
1527.N,D,20180419,000000,17.22,17.22,17.22,17.22,0,0
1527.N,D,20180420,000000,17.16,17.16,17.16,17.16,0,0
1527.N,D,20180423,000000,17.09,17.09,17.09,17.09,0,0
1527.N,D,20180424,000000,17.11,17.11,17.11,17.11,0,0
1527.N,D,20180425,000000,17.02,17.02,17.02,17.02,0,0
1527.N,D,20180426,000000,17.03,17.03,17.03,17.03,0,0
1527.N,D,20180427,000000,16.99,16.99,16.99,16.99,0,0
1527.N,D,20180430,000000,16.99,16.99,16.99,16.99,0,0
1527.N,D,20180502,000000,16.85,16.85,16.85,16.85,0,0
1527.N,D,20180503,000000,16.79,16.79,16.79,16.79,0,0
1527.N,D,20180504,000000,16.68,16.68,16.68,16.68,0,0
1527.N,D,20180507,000000,16.71,16.71,16.71,16.71,0,0
1527.N,D,20180508,000000,16.65,16.65,16.65,16.65,0,0
1527.N,D,20180509,000000,16.49,16.49,16.49,16.49,0,0
1527.N,D,20180511,000000,16.8,16.8,16.8,16.8,0,0
1527.N,D,20180514,000000,16.84,16.84,16.84,16.84,0,0
1527.N,D,20180515,000000,16.75,16.75,16.75,16.75,0,0
1527.N,D,20180516,000000,16.75,16.75,16.75,16.75,0,0
1527.N,D,20180517,000000,16.8,16.8,16.8,16.8,0,0
1527.N,D,20180518,000000,16.69,16.69,16.69,16.69,0,0
1527.N,D,20180522,000000,16.72,16.72,16.72,16.72,0,0
1527.N,D,20180523,000000,16.77,16.77,16.77,16.77,0,0
1527.N,D,20180524,000000,16.9,16.9,16.9,16.9,0,0
1527.N,D,20180525,000000,16.87,16.87,16.87,16.87,0,0
1527.N,D,20180528,000000,16.89,16.89,16.89,16.89,0,0
1527.N,D,20180529,000000,16.89,16.89,16.89,16.89,0,0
1527.N,D,20180530,000000,16.87,16.87,16.87,16.87,0,0
1527.N,D,20180531,000000,16.83,16.83,16.83,16.83,0,0
1527.N,D,20180601,000000,16.75,16.75,16.75,16.75,0,0
1527.N,D,20180604,000000,16.76,16.76,16.76,16.76,0,0
1527.N,D,20180605,000000,16.77,16.77,16.77,16.77,0,0
1527.N,D,20180606,000000,16.77,16.77,16.77,16.77,0,0
1527.N,D,20180607,000000,16.75,16.75,16.75,16.75,0,0
1527.N,D,20180608,000000,16.7,16.7,16.7,16.7,0,0
1527.N,D,20180611,000000,16.69,16.69,16.69,16.69,0,0
1527.N,D,20180612,000000,16.61,16.61,16.61,16.61,0,0
1527.N,D,20180613,000000,16.54,16.54,16.54,16.54,0,0
1527.N,D,20180614,000000,16.6,16.6,16.6,16.6,0,0
1527.N,D,20180615,000000,16.51,16.51,16.51,16.51,0,0
1527.N,D,20180618,000000,16.43,16.43,16.43,16.43,0,0
1527.N,D,20180619,000000,16.28,16.28,16.28,16.28,0,0
1527.N,D,20180620,000000,16.4,16.4,16.4,16.4,0,0
1527.N,D,20180621,000000,16.39,16.39,16.39,16.39,0,0
1527.N,D,20180622,000000,16.51,16.51,16.51,16.51,0,0
1527.N,D,20180625,000000,16.47,16.47,16.47,16.47,0,0
1527.N,D,20180626,000000,16.46,16.46,16.46,16.46,0,0
1527.N,D,20180627,000000,16.47,16.47,16.47,16.47,0,0
1527.N,D,20180628,000000,16.46,16.46,16.46,16.46,0,0
1527.N,D,20180629,000000,16.49,16.49,16.49,16.49,0,0
1527.N,D,20180702,000000,16.43,16.43,16.43,16.43,0,0
1527.N,D,20180703,000000,16.44,16.44,16.44,16.44,0,0
1527.N,D,20180704,000000,16.54,16.54,16.54,16.54,0,0
1527.N,D,20180705,000000,16.6,16.6,16.6,16.6,0,0
1527.N,D,20180706,000000,16.67,16.67,16.67,16.67,0,0
1527.N,D,20180709,000000,16.81,16.81,16.81,16.81,0,0
1527.N,D,20180710,000000,16.82,16.82,16.82,16.82,0,0
1527.N,D,20180711,000000,16.81,16.81,16.81,16.81,0,0
1527.N,D,20180712,000000,16.78,16.78,16.78,16.78,0,0
1527.N,D,20180713,000000,16.83,16.83,16.83,16.83,0,0
1527.N,D,20180716,000000,16.91,16.91,16.91,16.91,0,0
1527.N,D,20180717,000000,16.82,16.82,16.82,16.82,0,0
1527.N,D,20180718,000000,16.82,16.82,16.82,16.82,0,0
1527.N,D,20180719,000000,16.81,16.81,16.81,16.81,0,0
1527.N,D,20180720,000000,16.86,16.86,16.86,16.86,0,0
1527.N,D,20180723,000000,16.86,16.86,16.86,16.86,0,0
1527.N,D,20180724,000000,16.82,16.82,16.82,16.82,0,0
1527.N,D,20180725,000000,16.86,16.86,16.86,16.86,0,0
1527.N,D,20180726,000000,16.95,16.95,16.95,16.95,0,0
1527.N,D,20180727,000000,16.96,16.96,16.96,16.96,0,0
1527.N,D,20180730,000000,16.97,16.97,16.97,16.97,0,0
1527.N,D,20180731,000000,16.95,16.95,16.95,16.95,0,0
1527.N,D,20180801,000000,16.94,16.94,16.94,16.94,0,0
1527.N,D,20180802,000000,16.86,16.86,16.86,16.86,0,0
1527.N,D,20180803,000000,16.85,16.85,16.85,16.85,0,0
1527.N,D,20180806,000000,16.87,16.87,16.87,16.87,0,0
1527.N,D,20180807,000000,16.86,16.86,16.86,16.86,0,0
1527.N,D,20180808,000000,16.8,16.8,16.8,16.8,0,0
1527.N,D,20180809,000000,16.75,16.75,16.75,16.75,0,0
1527.N,D,20180810,000000,16.63,16.63,16.63,16.63,0,0
1527.N,D,20180813,000000,16.44,16.44,16.44,16.44,0,0
1527.N,D,20180814,000000,16.45,16.45,16.45,16.45,0,0
1527.N,D,20180816,000000,16.44,16.44,16.44,16.44,0,0
1527.N,D,20180817,000000,16.52,16.52,16.52,16.52,0,0
1527.N,D,20180820,000000,16.53,16.53,16.53,16.53,0,0
1527.N,D,20180821,000000,16.55,16.55,16.55,16.55,0,0
1527.N,D,20180822,000000,16.61,16.61,16.61,16.61,0,0
1527.N,D,20180823,000000,16.64,16.64,16.64,16.64,0,0
1527.N,D,20180824,000000,16.62,16.62,16.62,16.62,0,0
1527.N,D,20180827,000000,16.63,16.63,16.63,16.63,0,0
1527.N,D,20180828,000000,16.63,16.63,16.63,16.63,0,0
1527.N,D,20180829,000000,16.62,16.62,16.62,16.62,0,0
1527.N,D,20180830,000000,16.54,16.54,16.54,16.54,0,0
1527.N,D,20180831,000000,16.48,16.48,16.48,16.48,0,0
1527.N,D,20180903,000000,16.46,16.46,16.46,16.46,0,0
1527.N,D,20180904,000000,16.37,16.37,16.37,16.37,0,0
1527.N,D,20180905,000000,16.32,16.32,16.32,16.32,0,0
1527.N,D,20180906,000000,16.39,16.39,16.39,16.39,0,0
1527.N,D,20180907,000000,16.43,16.43,16.43,16.43,0,0
1527.N,D,20180910,000000,16.38,16.38,16.38,16.38,0,0
1527.N,D,20180911,000000,16.35,16.35,16.35,16.35,0,0
1527.N,D,20180912,000000,16.34,16.34,16.34,16.34,0,0
1527.N,D,20180913,000000,16.42,16.42,16.42,16.42,0,0
1527.N,D,20180914,000000,16.55,16.55,16.55,16.55,0,0
1527.N,D,20180917,000000,16.56,16.56,16.56,16.56,0,0
1527.N,D,20180918,000000,16.53,16.53,16.53,16.53,0,0
1527.N,D,20180919,000000,16.53,16.53,16.53,16.53,0,0
1527.N,D,20180920,000000,16.59,16.59,16.59,16.59,0,0
1527.N,D,20180921,000000,16.65,16.65,16.65,16.65,0,0
1527.N,D,20180924,000000,16.7,16.7,16.7,16.7,0,0
1527.N,D,20180925,000000,16.75,16.75,16.75,16.75,0,0
1527.N,D,20180926,000000,16.72,16.72,16.72,16.72,0,0
1527.N,D,20180927,000000,16.87,16.87,16.87,16.87,0,0
1527.N,D,20180928,000000,16.83,16.83,16.83,16.83,0,0
1527.N,D,20181001,000000,16.82,16.82,16.82,16.82,0,0
1527.N,D,20181002,000000,16.78,16.78,16.78,16.78,0,0
1527.N,D,20181003,000000,16.82,16.82,16.82,16.82,0,0
1527.N,D,20181004,000000,16.71,16.71,16.71,16.71,0,0
1527.N,D,20181005,000000,16.66,16.66,16.66,16.66,0,0
1527.N,D,20181008,000000,16.64,16.64,16.64,16.64,0,0
1527.N,D,20181009,000000,16.59,16.59,16.59,16.59,0,0
1527.N,D,20181010,000000,16.55,16.55,16.55,16.55,0,0
1527.N,D,20181011,000000,16.5,16.5,16.5,16.5,0,0
1527.N,D,20181012,000000,16.6,16.6,16.6,16.6,0,0
1527.N,D,20181015,000000,16.61,16.61,16.61,16.61,0,0
1527.N,D,20181016,000000,16.62,16.62,16.62,16.62,0,0
1527.N,D,20181017,000000,16.64,16.64,16.64,16.64,0,0
1527.N,D,20181018,000000,16.55,16.55,16.55,16.55,0,0
1527.N,D,20181019,000000,16.55,16.55,16.55,16.55,0,0
1527.N,D,20181022,000000,16.55,16.55,16.55,16.55,0,0
1527.N,D,20181023,000000,16.48,16.48,16.48,16.48,0,0
1527.N,D,20181024,000000,16.5,16.5,16.5,16.5,0,0
1527.N,D,20181025,000000,16.41,16.41,16.41,16.41,0,0
1527.N,D,20181026,000000,16.44,16.44,16.44,16.44,0,0
1527.N,D,20181029,000000,16.47,16.47,16.47,16.47,0,0
1527.N,D,20181030,000000,16.41,16.41,16.41,16.41,0,0
1527.N,D,20181031,000000,16.41,16.41,16.41,16.41,0,0
1527.N,D,20181102,000000,16.48,16.48,16.48,16.48,0,0
1527.N,D,20181105,000000,16.47,16.47,16.47,16.47,0,0
1527.N,D,20181106,000000,16.49,16.49,16.49,16.49,0,0
1527.N,D,20181107,000000,16.51,16.51,16.51,16.51,0,0
1527.N,D,20181108,000000,16.48,16.48,16.48,16.48,0,0
1527.N,D,20181109,000000,16.37,16.37,16.37,16.37,0,0
1527.N,D,20181112,000000,16.43,16.43,16.43,16.43,0,0
1527.N,D,20181113,000000,16.4,16.4,16.4,16.4,0,0
1527.N,D,20181114,000000,16.35,16.35,16.35,16.35,0,0
1527.N,D,20181115,000000,16.34,16.34,16.34,16.34,0,0
1527.N,D,20181116,000000,16.3,16.3,16.3,16.3,0,0
1527.N,D,20181119,000000,16.31,16.31,16.31,16.31,0,0
1527.N,D,20181120,000000,16.25,16.25,16.25,16.25,0,0
1527.N,D,20181121,000000,16.17,16.17,16.17,16.17,0,0
1527.N,D,20181122,000000,16.18,16.18,16.18,16.18,0,0
1527.N,D,20181123,000000,16.16,16.16,16.16,16.16,0,0
1527.N,D,20181126,000000,16.11,16.11,16.11,16.11,0,0
1527.N,D,20181127,000000,16.08,16.08,16.08,16.08,0,0
1527.N,D,20181128,000000,16.06,16.06,16.06,16.06,0,0
1527.N,D,20181129,000000,16.15,16.15,16.15,16.15,0,0
1527.N,D,20181130,000000,16.19,16.19,16.19,16.19,0,0
1527.N,D,20181203,000000,16.28,16.28,16.28,16.28,0,0
1527.N,D,20181204,000000,16.35,16.35,16.35,16.35,0,0
1527.N,D,20181205,000000,16.32,16.32,16.32,16.32,0,0
1527.N,D,20181206,000000,16.29,16.29,16.29,16.29,0,0
1527.N,D,20181207,000000,16.3,16.3,16.3,16.3,0,0
1527.N,D,20181210,000000,16.35,16.35,16.35,16.35,0,0
1527.N,D,20181211,000000,16.33,16.33,16.33,16.33,0,0
1527.N,D,20181212,000000,16.35,16.35,16.35,16.35,0,0
1527.N,D,20181213,000000,16.4,16.4,16.4,16.4,0,0
1527.N,D,20181214,000000,16.42,16.42,16.42,16.42,0,0
1527.N,D,20181217,000000,16.43,16.43,16.43,16.43,0,0
1527.N,D,20181218,000000,16.42,16.42,16.42,16.42,0,0
1527.N,D,20181219,000000,16.38,16.38,16.38,16.38,0,0
1527.N,D,20181220,000000,16.4,16.4,16.4,16.4,0,0
1527.N,D,20181221,000000,16.34,16.34,16.34,16.34,0,0
1527.N,D,20181227,000000,16.34,16.34,16.34,16.34,0,0
1527.N,D,20181228,000000,16.34,16.34,16.34,16.34,0,0
1527.N,D,20181231,000000,16.36,16.36,16.36,16.36,0,0
1527.N,D,20190102,000000,16.36,16.36,16.36,16.36,0,0
1527.N,D,20190103,000000,16.4,16.4,16.4,16.4,0,0
1527.N,D,20190104,000000,16.48,16.48,16.48,16.48,0,0
1527.N,D,20190107,000000,16.6,16.6,16.6,16.6,0,0
1527.N,D,20190109,000000,16.68,16.68,16.68,16.68,0,0
1527.N,D,20190110,000000,16.7,16.7,16.7,16.7,0,0
1527.N,D,20190111,000000,16.74,16.74,16.74,16.74,0,0
1527.N,D,20190114,000000,16.76,16.76,16.76,16.76,0,0
1527.N,D,20190115,000000,16.83,16.83,16.83,16.83,0,0
1527.N,D,20190116,000000,16.9,16.9,16.9,16.9,0,0
1527.N,D,20190117,000000,16.82,16.82,16.82,16.82,0,0
1527.N,D,20190118,000000,16.93,16.93,16.93,16.93,0,0
1527.N,D,20190121,000000,16.99,16.99,16.99,16.99,0,0
1527.N,D,20190122,000000,16.98,16.98,16.98,16.98,0,0
1527.N,D,20190123,000000,17.08,17.08,17.08,17.08,0,0
1527.N,D,20190124,000000,17.23,17.23,17.23,17.23,0,0
1527.N,D,20190125,000000,17.22,17.22,17.22,17.22,0,0
1527.N,D,20190128,000000,17.11,17.11,17.11,17.11,0,0
1527.N,D,20190129,000000,17.11,17.11,17.11,17.11,0,0
1527.N,D,20190130,000000,17.14,17.14,17.14,17.14,0,0
1527.N,D,20190131,000000,17.31,17.31,17.31,17.31,0,0
1527.N,D,20190201,000000,17.37,17.37,17.37,17.37,0,0
1527.N,D,20190204,000000,17.37,17.37,17.37,17.37,0,0
1527.N,D,20190205,000000,17.41,17.41,17.41,17.41,0,0
1527.N,D,20190206,000000,17.44,17.44,17.44,17.44,0,0
1527.N,D,20190207,000000,17.32,17.32,17.32,17.32,0,0
1527.N,D,20190208,000000,17.34,17.34,17.34,17.34,0,0
1527.N,D,20190211,000000,17.31,17.31,17.31,17.31,0,0
1527.N,D,20190212,000000,17.25,17.25,17.25,17.25,0,0
1527.N,D,20190213,000000,17.38,17.38,17.38,17.38,0,0
1527.N,D,20190214,000000,17.36,17.36,17.36,17.36,0,0
1527.N,D,20190215,000000,17.37,17.37,17.37,17.37,0,0
1527.N,D,20190218,000000,17.31,17.31,17.31,17.31,0,0
1527.N,D,20190219,000000,17.33,17.33,17.33,17.33,0,0
1527.N,D,20190220,000000,17.36,17.36,17.36,17.36,0,0
1527.N,D,20190221,000000,17.42,17.42,17.42,17.42,0,0
1527.N,D,20190222,000000,17.4,17.4,17.4,17.4,0,0
1527.N,D,20190225,000000,17.48,17.48,17.48,17.48,0,0
1527.N,D,20190226,000000,17.47,17.47,17.47,17.47,0,0
1527.N,D,20190227,000000,17.53,17.53,17.53,17.53,0,0
1527.N,D,20190228,000000,17.52,17.52,17.52,17.52,0,0
1527.N,D,20190301,000000,17.49,17.49,17.49,17.49,0,0
1527.N,D,20190304,000000,17.46,17.46,17.46,17.46,0,0
1527.N,D,20190305,000000,17.42,17.42,17.42,17.42,0,0
1527.N,D,20190306,000000,17.4,17.4,17.4,17.4,0,0
1527.N,D,20190307,000000,17.4,17.4,17.4,17.4,0,0
1527.N,D,20190308,000000,17.34,17.34,17.34,17.34,0,0
1527.N,D,20190311,000000,17.42,17.42,17.42,17.42,0,0
1527.N,D,20190312,000000,17.48,17.48,17.48,17.48,0,0
1527.N,D,20190313,000000,17.47,17.47,17.47,17.47,0,0
1527.N,D,20190314,000000,17.48,17.48,17.48,17.48,0,0
1527.N,D,20190315,000000,17.53,17.53,17.53,17.53,0,0
1527.N,D,20190318,000000,17.61,17.61,17.61,17.61,0,0
1527.N,D,20190319,000000,17.64,17.64,17.64,17.64,0,0
1527.N,D,20190320,000000,17.62,17.62,17.62,17.62,0,0
1527.N,D,20190321,000000,17.71,17.71,17.71,17.71,0,0
1527.N,D,20190322,000000,17.66,17.66,17.66,17.66,0,0
1527.N,D,20190325,000000,17.58,17.58,17.58,17.58,0,0
1527.N,D,20190326,000000,17.68,17.68,17.68,17.68,0,0
1527.N,D,20190327,000000,17.68,17.68,17.68,17.68,0,0
1527.N,D,20190328,000000,17.62,17.62,17.62,17.62,0,0
1527.N,D,20190329,000000,17.68,17.68,17.68,17.68,0,0
1527.N,D,20190401,000000,17.74,17.74,17.74,17.74,0,0
1527.N,D,20190402,000000,17.75,17.75,17.75,17.75,0,0
1527.N,D,20190403,000000,17.76,17.76,17.76,17.76,0,0
1527.N,D,20190404,000000,17.76,17.76,17.76,17.76,0,0
1527.N,D,20190405,000000,17.75,17.75,17.75,17.75,0,0
1527.N,D,20190408,000000,17.76,17.76,17.76,17.76,0,0
1527.N,D,20190409,000000,17.77,17.77,17.77,17.77,0,0
1527.N,D,20190410,000000,17.76,17.76,17.76,17.76,0,0
1527.N,D,20190411,000000,17.72,17.72,17.72,17.72,0,0
1527.N,D,20190412,000000,17.7,17.7,17.7,17.7,0,0
1527.N,D,20190415,000000,17.71,17.71,17.71,17.71,0,0
1527.N,D,20190416,000000,17.73,17.73,17.73,17.73,0,0
1527.N,D,20190417,000000,17.74,17.74,17.74,17.74,0,0
1527.N,D,20190418,000000,17.72,17.72,17.72,17.72,0,0
1527.N,D,20190423,000000,17.72,17.72,17.72,17.72,0,0
1527.N,D,20190424,000000,17.72,17.72,17.72,17.72,0,0
1527.N,D,20190425,000000,17.6,17.6,17.6,17.6,0,0
1527.N,D,20190426,000000,17.59,17.59,17.59,17.59,0,0
1527.N,D,20190429,000000,17.65,17.65,17.65,17.65,0,0
1527.N,D,20190430,000000,17.7,17.7,17.7,17.7,0,0
1527.N,D,20190502,000000,17.71,17.71,17.71,17.71,0,0
1527.N,D,20190503,000000,17.68,17.68,17.68,17.68,0,0
1527.N,D,20190506,000000,17.71,17.71,17.71,17.71,0,0
1527.N,D,20190507,000000,17.73,17.73,17.73,17.73,0,0
1527.N,D,20190508,000000,17.68,17.68,17.68,17.68,0,0
1527.N,D,20190510,000000,17.61,17.61,17.61,17.61,0,0
1527.N,D,20190513,000000,17.65,17.65,17.65,17.65,0,0
1527.N,D,20190514,000000,17.62,17.62,17.62,17.62,0,0
1527.N,D,20190515,000000,17.66,17.66,17.66,17.66,0,0
1527.N,D,20190516,000000,17.7,17.7,17.7,17.7,0,0
1527.N,D,20190517,000000,17.68,17.68,17.68,17.68,0,0
1527.N,D,20190520,000000,17.68,17.68,17.68,17.68,0,0
1527.N,D,20190521,000000,17.71,17.71,17.71,17.71,0,0
1527.N,D,20190522,000000,17.75,17.75,17.75,17.75,0,0
1527.N,D,20190523,000000,17.72,17.72,17.72,17.72,0,0
1527.N,D,20190524,000000,17.72,17.72,17.72,17.72,0,0
1527.N,D,20190527,000000,17.7,17.7,17.7,17.7,0,0
1527.N,D,20190528,000000,17.71,17.71,17.71,17.71,0,0
1527.N,D,20190529,000000,17.73,17.73,17.73,17.73,0,0
1527.N,D,20190531,000000,17.73,17.73,17.73,17.73,0,0
1527.N,D,20190603,000000,17.77,17.77,17.77,17.77,0,0
1527.N,D,20190604,000000,17.8,17.8,17.8,17.8,0,0
1527.N,D,20190605,000000,17.91,17.91,17.91,17.91,0,0
1527.N,D,20190606,000000,17.93,17.93,17.93,17.93,0,0
1527.N,D,20190607,000000,17.96,17.96,17.96,17.96,0,0
1527.N,D,20190611,000000,18.05,18.05,18.05,18.05,0,0
1527.N,D,20190612,000000,18.09,18.09,18.09,18.09,0,0
1527.N,D,20190613,000000,18.07,18.07,18.07,18.07,0,0
1527.N,D,20190614,000000,18.1,18.1,18.1,18.1,0,0
1527.N,D,20190617,000000,18.08,18.08,18.08,18.08,0,0
1527.N,D,20190618,000000,18.17,18.17,18.17,18.17,0,0
1527.N,D,20190619,000000,18.23,18.23,18.23,18.23,0,0
1527.N,D,20190620,000000,18.4,18.4,18.4,18.4,0,0
1527.N,D,20190621,000000,18.35,18.35,18.35,18.35,0,0
1527.N,D,20190624,000000,18.25,18.25,18.25,18.25,0,0
1527.N,D,20190625,000000,18.28,18.28,18.28,18.28,0,0
1527.N,D,20190626,000000,18.26,18.26,18.26,18.26,0,0
1527.N,D,20190627,000000,18.26,18.26,18.26,18.26,0,0
1527.N,D,20190628,000000,18.28,18.28,18.28,18.28,0,0
1527.N,D,20190701,000000,18.26,18.26,18.26,18.26,0,0
1527.N,D,20190702,000000,18.22,18.22,18.22,18.22,0,0
1527.N,D,20190703,000000,18.25,18.25,18.25,18.25,0,0
1527.N,D,20190704,000000,18.28,18.28,18.28,18.28,0,0
1527.N,D,20190705,000000,18.31,18.31,18.31,18.31,0,0
1527.N,D,20190708,000000,18.27,18.27,18.27,18.27,0,0
1527.N,D,20190709,000000,18.23,18.23,18.23,18.23,0,0
1527.N,D,20190710,000000,18.21,18.21,18.21,18.21,0,0
1527.N,D,20190711,000000,18.25,18.25,18.25,18.25,0,0
1527.N,D,20190712,000000,18.22,18.22,18.22,18.22,0,0
1527.N,D,20190715,000000,18.24,18.24,18.24,18.24,0,0
1527.N,D,20190716,000000,18.29,18.29,18.29,18.29,0,0
1527.N,D,20190717,000000,18.28,18.28,18.28,18.28,0,0
1527.N,D,20190718,000000,18.26,18.26,18.26,18.26,0,0
1527.N,D,20190719,000000,18.27,18.27,18.27,18.27,0,0
1527.N,D,20190722,000000,18.31,18.31,18.31,18.31,0,0
1527.N,D,20190723,000000,18.44,18.44,18.44,18.44,0,0
1527.N,D,20190724,000000,18.37,18.37,18.37,18.37,0,0
1527.N,D,20190725,000000,18.43,18.43,18.43,18.43,0,0
1527.N,D,20190726,000000,18.38,18.38,18.38,18.38,0,0
1527.N,D,20190729,000000,18.38,18.38,18.38,18.38,0,0
1527.N,D,20190730,000000,18.38,18.38,18.38,18.38,0,0
1527.N,D,20190731,000000,18.38,18.38,18.38,18.38,0,0
1527.N,D,20190801,000000,18.4,18.4,18.4,18.4,0,0
1527.N,D,20190802,000000,18.33,18.33,18.33,18.33,0,0
1527.N,D,20190805,000000,18.3,18.3,18.3,18.3,0,0
1527.N,D,20190806,000000,18.3,18.3,18.3,18.3,0,0
1527.N,D,20190807,000000,18.39,18.39,18.39,18.39,0,0
1527.N,D,20190808,000000,18.39,18.39,18.39,18.39,0,0
1527.N,D,20190809,000000,18.44,18.44,18.44,18.44,0,0
1527.N,D,20190812,000000,18.25,18.25,18.25,18.25,0,0
1527.N,D,20190813,000000,18.12,18.12,18.12,18.12,0,0
1527.N,D,20190814,000000,18.08,18.08,18.08,18.08,0,0
1527.N,D,20190816,000000,18.17,18.17,18.17,18.17,0,0
1527.N,D,20190819,000000,18.13,18.13,18.13,18.13,0,0
1527.N,D,20190820,000000,18.08,18.08,18.08,18.08,0,0
1527.N,D,20190821,000000,18.1,18.1,18.1,18.1,0,0
1527.N,D,20190822,000000,18.22,18.22,18.22,18.22,0,0
1527.N,D,20190823,000000,18.14,18.14,18.14,18.14,0,0
1527.N,D,20190826,000000,18.17,18.17,18.17,18.17,0,0
1527.N,D,20190827,000000,18.17,18.17,18.17,18.17,0,0
1527.N,D,20190828,000000,18.16,18.16,18.16,18.16,0,0
1527.N,D,20190829,000000,18.13,18.13,18.13,18.13,0,0
1527.N,D,20190830,000000,18.16,18.16,18.16,18.16,0,0
1527.N,D,20190902,000000,18.15,18.15,18.15,18.15,0,0
1527.N,D,20190903,000000,18.2,18.2,18.2,18.2,0,0
1527.N,D,20190904,000000,18.29,18.29,18.29,18.29,0,0
1527.N,D,20190905,000000,18.38,18.38,18.38,18.38,0,0
1527.N,D,20190906,000000,18.34,18.34,18.34,18.34,0,0
1527.N,D,20190909,000000,18.39,18.39,18.39,18.39,0,0
1527.N,D,20190910,000000,18.33,18.33,18.33,18.33,0,0
1527.N,D,20190911,000000,18.24,18.24,18.24,18.24,0,0
1527.N,D,20190912,000000,18.3,18.3,18.3,18.3,0,0
1527.N,D,20190913,000000,18.21,18.21,18.21,18.21,0,0
1527.N,D,20190916,000000,18.15,18.15,18.15,18.15,0,0
1527.N,D,20190917,000000,18.14,18.14,18.14,18.14,0,0
1527.N,D,20190918,000000,18.21,18.21,18.21,18.21,0,0
1527.N,D,20190919,000000,18.22,18.22,18.22,18.22,0,0
1527.N,D,20190920,000000,18.26,18.26,18.26,18.26,0,0
1527.N,D,20190923,000000,18.27,18.27,18.27,18.27,0,0
1527.N,D,20190924,000000,18.22,18.22,18.22,18.22,0,0
1527.N,D,20190925,000000,18.13,18.13,18.13,18.13,0,0
1527.N,D,20190926,000000,18.05,18.05,18.05,18.05,0,0
1527.N,D,20190927,000000,18.06,18.06,18.06,18.06,0,0
1527.N,D,20190930,000000,18.06,18.06,18.06,18.06,0,0
1527.N,D,20191001,000000,18.02,18.02,18.02,18.02,0,0
1527.N,D,20191002,000000,17.99,17.99,17.99,17.99,0,0
1527.N,D,20191003,000000,17.99,17.99,17.99,17.99,0,0
1527.N,D,20191004,000000,18.02,18.02,18.02,18.02,0,0
1527.N,D,20191007,000000,18.07,18.07,18.07,18.07,0,0
1527.N,D,20191008,000000,17.95,17.95,17.95,17.95,0,0
1527.N,D,20191009,000000,18,18,18,18,0,0
1527.N,D,20191010,000000,17.98,17.98,17.98,17.98,0,0
1527.N,D,20191011,000000,18.02,18.02,18.02,18.02,0,0
1527.N,D,20191014,000000,18.01,18.01,18.01,18.01,0,0
1527.N,D,20191015,000000,18.01,18.01,18.01,18.01,0,0
1527.N,D,20191016,000000,18.02,18.02,18.02,18.02,0,0
1527.N,D,20191017,000000,18.01,18.01,18.01,18.01,0,0
1527.N,D,20191018,000000,18.01,18.01,18.01,18.01,0,0
1527.N,D,20191021,000000,18.02,18.02,18.02,18.02,0,0
1527.N,D,20191022,000000,18.02,18.02,18.02,18.02,0,0
1527.N,D,20191023,000000,18,18,18,18,0,0
1527.N,D,20191024,000000,18.03,18.03,18.03,18.03,0,0
1527.N,D,20191025,000000,18.06,18.06,18.06,18.06,0,0
1527.N,D,20191028,000000,18.05,18.05,18.05,18.05,0,0
1527.N,D,20191029,000000,18.02,18.02,18.02,18.02,0,0
1527.N,D,20191030,000000,17.98,17.98,17.98,17.98,0,0
1527.N,D,20191031,000000,17.99,17.99,17.99,17.99,0,0
1527.N,D,20191104,000000,18.11,18.11,18.11,18.11,0,0
1527.N,D,20191105,000000,18.07,18.07,18.07,18.07,0,0
1527.N,D,20191106,000000,18.04,18.04,18.04,18.04,0,0
1527.N,D,20191107,000000,18.04,18.04,18.04,18.04,0,0
1527.N,D,20191108,000000,17.93,17.93,17.93,17.93,0,0
1527.N,D,20191111,000000,18,18,18,18,0,0
1527.N,D,20191112,000000,17.91,17.91,17.91,17.91,0,0
1527.N,D,20191113,000000,17.92,17.92,17.92,17.92,0,0
1527.N,D,20191114,000000,17.94,17.94,17.94,17.94,0,0
1527.N,D,20191115,000000,17.96,17.96,17.96,17.96,0,0
1527.N,D,20191118,000000,17.91,17.91,17.91,17.91,0,0
1527.N,D,20191119,000000,17.82,17.82,17.82,17.82,0,0
1527.N,D,20191120,000000,17.84,17.84,17.84,17.84,0,0
1527.N,D,20191121,000000,17.83,17.83,17.83,17.83,0,0
1527.N,D,20191122,000000,17.89,17.89,17.89,17.89,0,0
1527.N,D,20191125,000000,17.91,17.91,17.91,17.91,0,0
1527.N,D,20191126,000000,17.92,17.92,17.92,17.92,0,0
1527.N,D,20191127,000000,17.95,17.95,17.95,17.95,0,0
1527.N,D,20191128,000000,17.93,17.93,17.93,17.93,0,0
1527.N,D,20191129,000000,17.85,17.85,17.85,17.85,0,0
1527.N,D,20191202,000000,17.91,17.91,17.91,17.91,0,0
1527.N,D,20191203,000000,17.84,17.84,17.84,17.84,0,0
1527.N,D,20191204,000000,17.89,17.89,17.89,17.89,0,0
1527.N,D,20191205,000000,17.92,17.92,17.92,17.92,0,0
1527.N,D,20191206,000000,17.95,17.95,17.95,17.95,0,0
1527.N,D,20191209,000000,18.01,18.01,18.01,18.01,0,0
1527.N,D,20191210,000000,18.06,18.06,18.06,18.06,0,0
1527.N,D,20191211,000000,18.09,18.09,18.09,18.09,0,0
1527.N,D,20191212,000000,18.18,18.18,18.18,18.18,0,0
1527.N,D,20191213,000000,18.21,18.21,18.21,18.21,0,0
1527.N,D,20191216,000000,18.25,18.25,18.25,18.25,0,0
1527.N,D,20191217,000000,18.3,18.3,18.3,18.3,0,0
1527.N,D,20191218,000000,18.37,18.37,18.37,18.37,0,0
1527.N,D,20191219,000000,18.37,18.37,18.37,18.37,0,0
1527.N,D,20191220,000000,18.38,18.38,18.38,18.38,0,0
1527.N,D,20191223,000000,18.4,18.4,18.4,18.4,0,0
1527.N,D,20191227,000000,18.47,18.47,18.47,18.47,0,0
1527.N,D,20191230,000000,18.49,18.49,18.49,18.49,0,0
1527.N,D,20191231,000000,18.5,18.5,18.5,18.5,0,0
1527.N,D,20200102,000000,18.52,18.52,18.52,18.52,0,0
1527.N,D,20200103,000000,18.49,18.49,18.49,18.49,0,0
1527.N,D,20200106,000000,18.46,18.46,18.46,18.46,0,0
1527.N,D,20200107,000000,18.49,18.49,18.49,18.49,0,0
1527.N,D,20200108,000000,18.51,18.51,18.51,18.51,0,0
1527.N,D,20200109,000000,18.54,18.54,18.54,18.54,0,0
1527.N,D,20200110,000000,18.54,18.54,18.54,18.54,0,0
1527.N,D,20200113,000000,18.55,18.55,18.55,18.55,0,0
1527.N,D,20200114,000000,18.53,18.53,18.53,18.53,0,0
1527.N,D,20200115,000000,18.56,18.56,18.56,18.56,0,0
1527.N,D,20200116,000000,18.62,18.62,18.62,18.62,0,0
1527.N,D,20200117,000000,18.63,18.63,18.63,18.63,0,0
1527.N,D,20200120,000000,18.62,18.62,18.62,18.62,0,0
1527.N,D,20200121,000000,18.53,18.53,18.53,18.53,0,0
1527.N,D,20200122,000000,18.61,18.61,18.61,18.61,0,0
1527.N,D,20200123,000000,18.62,18.62,18.62,18.62,0,0
1527.N,D,20200124,000000,18.59,18.59,18.59,18.59,0,0
1527.N,D,20200127,000000,18.41,18.41,18.41,18.41,0,0
1527.N,D,20200128,000000,18.52,18.52,18.52,18.52,0,0
1527.N,D,20200129,000000,18.51,18.51,18.51,18.51,0,0
1527.N,D,20200130,000000,18.61,18.61,18.61,18.61,0,0
1527.N,D,20200131,000000,18.63,18.63,18.63,18.63,0,0
1527.N,D,20200203,000000,18.64,18.64,18.64,18.64,0,0
1527.N,D,20200204,000000,18.65,18.65,18.65,18.65,0,0
1527.N,D,20200205,000000,18.68,18.68,18.68,18.68,0,0
1527.N,D,20200206,000000,18.71,18.71,18.71,18.71,0,0
1527.N,D,20200207,000000,18.73,18.73,18.73,18.73,0,0
1527.N,D,20200210,000000,18.72,18.72,18.72,18.72,0,0
1527.N,D,20200211,000000,18.73,18.73,18.73,18.73,0,0
1527.N,D,20200212,000000,18.74,18.74,18.74,18.74,0,0
1527.N,D,20200213,000000,18.74,18.74,18.74,18.74,0,0
1527.N,D,20200214,000000,18.79,18.79,18.79,18.79,0,0
1527.N,D,20200217,000000,18.81,18.81,18.81,18.81,0,0
1527.N,D,20200218,000000,18.81,18.81,18.81,18.81,0,0
1527.N,D,20200219,000000,18.81,18.81,18.81,18.81,0,0
1527.N,D,20200220,000000,18.85,18.85,18.85,18.85,0,0
1527.N,D,20200221,000000,18.9,18.9,18.9,18.9,0,0
1527.N,D,20200224,000000,18.92,18.92,18.92,18.92,0,0
1527.N,D,20200225,000000,18.88,18.88,18.88,18.88,0,0
1527.N,D,20200226,000000,18.71,18.71,18.71,18.71,0,0
1527.N,D,20200227,000000,18.66,18.66,18.66,18.66,0,0
1527.N,D,20200228,000000,18.54,18.54,18.54,18.54,0,0
1527.N,D,20200302,000000,18.59,18.59,18.59,18.59,0,0
1527.N,D,20200303,000000,18.68,18.68,18.68,18.68,0,0
1527.N,D,20200304,000000,18.84,18.84,18.84,18.84,0,0
1527.N,D,20200305,000000,18.78,18.78,18.78,18.78,0,0
1527.N,D,20200306,000000,18.6,18.6,18.6,18.6,0,0
1527.N,D,20200309,000000,18,18,18,18,0,0
1527.N,D,20200310,000000,17.71,17.71,17.71,17.71,0,0
1527.N,D,20200311,000000,17.55,17.55,17.55,17.55,0,0
1527.N,D,20200312,000000,16.77,16.77,16.77,16.77,0,0
1527.N,D,20200313,000000,16.73,16.73,16.73,16.73,0,0
1527.N,D,20200316,000000,16.3,16.3,16.3,16.3,0,0
1527.N,D,20200317,000000,15.67,15.67,15.67,15.67,0,0
1527.N,D,20200318,000000,15.13,15.13,15.13,15.13,0,0
1527.N,D,20200319,000000,14.51,14.51,14.51,14.51,0,0
1527.N,D,20200320,000000,14.7,14.7,14.7,14.7,0,0
1527.N,D,20200323,000000,14.47,14.47,14.47,14.47,0,0
1527.N,D,20200324,000000,14.95,14.95,14.95,14.95,0,0
1527.N,D,20200325,000000,15.26,15.26,15.26,15.26,0,0
1527.N,D,20200326,000000,15.75,15.75,15.75,15.75,0,0
1527.N,D,20200327,000000,15.77,15.77,15.77,15.77,0,0
1527.N,D,20200330,000000,15.5,15.5,15.5,15.5,0,0
1527.N,D,20200331,000000,15.26,15.26,15.26,15.26,0,0
1527.N,D,20200401,000000,15.58,15.58,15.58,15.58,0,0
1527.N,D,20200402,000000,15.93,15.93,15.93,15.93,0,0
1527.N,D,20200403,000000,15.64,15.64,15.64,15.64,0,0
1527.N,D,20200406,000000,15.31,15.31,15.31,15.31,0,0
1527.N,D,20200407,000000,15.44,15.44,15.44,15.44,0,0
1527.N,D,20200408,000000,15.78,15.78,15.78,15.78,0,0
1527.N,D,20200409,000000,15.87,15.87,15.87,15.87,0,0
1527.N,D,20200414,000000,16.21,16.21,16.21,16.21,0,0
1527.N,D,20200415,000000,16.16,16.16,16.16,16.16,0,0
1527.N,D,20200416,000000,16.1,16.1,16.1,16.1,0,0
1527.N,D,20200417,000000,16.52,16.52,16.52,16.52,0,0
1527.N,D,20200420,000000,16.1,16.1,16.1,16.1,0,0
1527.N,D,20200421,000000,15.92,15.92,15.92,15.92,0,0
1527.N,D,20200422,000000,15.81,15.81,15.81,15.81,0,0
1527.N,D,20200423,000000,15.82,15.82,15.82,15.82,0,0
1527.N,D,20200424,000000,15.84,15.84,15.84,15.84,0,0
1527.N,D,20200427,000000,15.8,15.8,15.8,15.8,0,0
1527.N,D,20200428,000000,15.75,15.75,15.75,15.75,0,0
1527.N,D,20200429,000000,15.91,15.91,15.91,15.91,0,0
1527.N,D,20200430,000000,15.94,15.94,15.94,15.94,0,0
1527.N,D,20200504,000000,16,16,16,16,0,0
1527.N,D,20200505,000000,16.15,16.15,16.15,16.15,0,0
1527.N,D,20200506,000000,16.24,16.24,16.24,16.24,0,0
1527.N,D,20200507,000000,16.29,16.29,16.29,16.29,0,0
1527.N,D,20200508,000000,16.37,16.37,16.37,16.37,0,0
1527.N,D,20200511,000000,16.47,16.47,16.47,16.47,0,0
1527.N,D,20200512,000000,16.6,16.6,16.6,16.6,0,0
1527.N,D,20200513,000000,16.58,16.58,16.58,16.58,0,0
1527.N,D,20200514,000000,16.39,16.39,16.39,16.39,0,0
1527.N,D,20200515,000000,16.5,16.5,16.5,16.5,0,0
1527.N,D,20200518,000000,16.67,16.67,16.67,16.67,0,0
1527.N,D,20200519,000000,16.83,16.83,16.83,16.83,0,0
1527.N,D,20200520,000000,16.95,16.95,16.95,16.95,0,0
1527.N,D,20200522,000000,17.12,17.12,17.12,17.12,0,0
1527.N,D,20200525,000000,17.1,17.1,17.1,17.1,0,0
1527.N,D,20200526,000000,17.19,17.19,17.19,17.19,0,0
1527.N,D,20200527,000000,17.28,17.28,17.28,17.28,0,0
1527.N,D,20200528,000000,17.24,17.24,17.24,17.24,0,0
1527.N,D,20200529,000000,17.22,17.22,17.22,17.22,0,0
1527.N,D,20200602,000000,17.33,17.33,17.33,17.33,0,0
1527.N,D,20200603,000000,17.56,17.56,17.56,17.56,0,0
1527.N,D,20200604,000000,17.59,17.59,17.59,17.59,0,0
1527.N,D,20200605,000000,17.7,17.7,17.7,17.7,0,0
1527.N,D,20200608,000000,17.83,17.83,17.83,17.83,0,0
1527.N,D,20200609,000000,17.85,17.85,17.85,17.85,0,0
1527.N,D,20200610,000000,17.89,17.89,17.89,17.89,0,0
1527.N,D,20200611,000000,17.78,17.78,17.78,17.78,0,0
1527.N,D,20200612,000000,17.66,17.66,17.66,17.66,0,0
1527.N,D,20200615,000000,17.54,17.54,17.54,17.54,0,0
1527.N,D,20200616,000000,17.81,17.81,17.81,17.81,0,0
1527.N,D,20200617,000000,17.85,17.85,17.85,17.85,0,0
1527.N,D,20200618,000000,17.74,17.74,17.74,17.74,0,0
1527.N,D,20200619,000000,17.8,17.8,17.8,17.8,0,0
1527.N,D,20200622,000000,17.84,17.84,17.84,17.84,0,0
1527.N,D,20200624,000000,17.87,17.87,17.87,17.87,0,0
1527.N,D,20200625,000000,17.79,17.79,17.79,17.79,0,0
1527.N,D,20200626,000000,17.8,17.8,17.8,17.8,0,0
1527.N,D,20200629,000000,17.78,17.78,17.78,17.78,0,0
1527.N,D,20200630,000000,17.77,17.77,17.77,17.77,0,0
1527.N,D,20200701,000000,17.84,17.84,17.84,17.84,0,0
1527.N,D,20200702,000000,17.93,17.93,17.93,17.93,0,0
1527.N,D,20200703,000000,17.97,17.97,17.97,17.97,0,0
1527.N,D,20200706,000000,18.04,18.04,18.04,18.04,0,0
1527.N,D,20200707,000000,18.06,18.06,18.06,18.06,0,0
1527.N,D,20200708,000000,18.01,18.01,18.01,18.01,0,0
1527.N,D,20200709,000000,18.04,18.04,18.04,18.04,0,0
1527.N,D,20200710,000000,17.94,17.94,17.94,17.94,0,0
1527.N,D,20200713,000000,17.97,17.97,17.97,17.97,0,0
1527.N,D,20200714,000000,17.95,17.95,17.95,17.95,0,0
1527.N,D,20200715,000000,18,18,18,18,0,0
1527.N,D,20200716,000000,18.04,18.04,18.04,18.04,0,0
1527.N,D,20200717,000000,18.07,18.07,18.07,18.07,0,0
1527.N,D,20200720,000000,18.2,18.2,18.2,18.2,0,0
1527.N,D,20200721,000000,18.29,18.29,18.29,18.29,0,0
1527.N,D,20200722,000000,18.36,18.36,18.36,18.36,0,0
1527.N,D,20200723,000000,18.44,18.44,18.44,18.44,0,0
1527.N,D,20200724,000000,18.34,18.34,18.34,18.34,0,0
1527.N,D,20200727,000000,18.4,18.4,18.4,18.4,0,0
1527.N,D,20200728,000000,18.4,18.4,18.4,18.4,0,0
1527.N,D,20200729,000000,18.43,18.43,18.43,18.43,0,0
1527.N,D,20200730,000000,18.44,18.44,18.44,18.44,0,0
1527.N,D,20200731,000000,18.5,18.5,18.5,18.5,0,0
1527.N,D,20200803,000000,18.51,18.51,18.51,18.51,0,0
1527.N,D,20200804,000000,18.59,18.59,18.59,18.59,0,0
1527.N,D,20200805,000000,18.67,18.67,18.67,18.67,0,0
1527.N,D,20200806,000000,18.74,18.74,18.74,18.74,0,0
1527.N,D,20200807,000000,18.76,18.76,18.76,18.76,0,0
1527.N,D,20200810,000000,18.78,18.78,18.78,18.78,0,0
1527.N,D,20200811,000000,18.9,18.9,18.9,18.9,0,0
1527.N,D,20200812,000000,18.78,18.78,18.78,18.78,0,0
1527.N,D,20200813,000000,18.82,18.82,18.82,18.82,0,0
1527.N,D,20200814,000000,18.75,18.75,18.75,18.75,0,0
1527.N,D,20200817,000000,18.75,18.75,18.75,18.75,0,0
1527.N,D,20200818,000000,18.72,18.72,18.72,18.72,0,0
1527.N,D,20200819,000000,18.72,18.72,18.72,18.72,0,0
1527.N,D,20200820,000000,18.66,18.66,18.66,18.66,0,0
1527.N,D,20200821,000000,18.71,18.71,18.71,18.71,0,0
1527.N,D,20200824,000000,18.76,18.76,18.76,18.76,0,0
1527.N,D,20200825,000000,18.77,18.77,18.77,18.77,0,0
1527.N,D,20200826,000000,18.65,18.65,18.65,18.65,0,0
1527.N,D,20200827,000000,18.72,18.72,18.72,18.72,0,0
1527.N,D,20200828,000000,18.66,18.66,18.66,18.66,0,0
1527.N,D,20200831,000000,18.7,18.7,18.7,18.7,0,0
1527.N,D,20200901,000000,18.77,18.77,18.77,18.77,0,0
1527.N,D,20200902,000000,18.95,18.95,18.95,18.95,0,0
1527.N,D,20200903,000000,19,19,19,19,0,0
1527.N,D,20200904,000000,18.97,18.97,18.97,18.97,0,0
1527.N,D,20200907,000000,18.97,18.97,18.97,18.97,0,0
1527.N,D,20200908,000000,18.9,18.9,18.9,18.9,0,0
1527.N,D,20200909,000000,18.87,18.87,18.87,18.87,0,0
1527.N,D,20200910,000000,18.87,18.87,18.87,18.87,0,0
1527.N,D,20200911,000000,18.84,18.84,18.84,18.84,0,0
1527.N,D,20200914,000000,18.82,18.82,18.82,18.82,0,0
1527.N,D,20200915,000000,18.84,18.84,18.84,18.84,0,0
1527.N,D,20200916,000000,18.86,18.86,18.86,18.86,0,0
1527.N,D,20200917,000000,18.79,18.79,18.79,18.79,0,0
1527.N,D,20200918,000000,18.77,18.77,18.77,18.77,0,0
1527.N,D,20200921,000000,18.59,18.59,18.59,18.59,0,0
1527.N,D,20200922,000000,18.52,18.52,18.52,18.52,0,0
1527.N,D,20200923,000000,18.46,18.46,18.46,18.46,0,0
1527.N,D,20200924,000000,18.3,18.3,18.3,18.3,0,0
1527.N,D,20200925,000000,18.37,18.37,18.37,18.37,0,0
1527.N,D,20200928,000000,18.44,18.44,18.44,18.44,0,0
1527.N,D,20200929,000000,18.37,18.37,18.37,18.37,0,0
1527.N,D,20200930,000000,18.33,18.33,18.33,18.33,0,0
1527.N,D,20201001,000000,18.37,18.37,18.37,18.37,0,0
1527.N,D,20201002,000000,18.38,18.38,18.38,18.38,0,0
1527.N,D,20201005,000000,18.44,18.44,18.44,18.44,0,0
1527.N,D,20201006,000000,18.49,18.49,18.49,18.49,0,0
1527.N,D,20201007,000000,18.52,18.52,18.52,18.52,0,0
1527.N,D,20201008,000000,18.61,18.61,18.61,18.61,0,0
1527.N,D,20201009,000000,18.7,18.7,18.7,18.7,0,0
1527.N,D,20201012,000000,18.73,18.73,18.73,18.73,0,0
1527.N,D,20201013,000000,18.77,18.77,18.77,18.77,0,0
1527.N,D,20201014,000000,18.72,18.72,18.72,18.72,0,0
1527.N,D,20201015,000000,18.66,18.66,18.66,18.66,0,0
1527.N,D,20201016,000000,18.67,18.67,18.67,18.67,0,0
1527.N,D,20201019,000000,18.68,18.68,18.68,18.68,0,0
1527.N,D,20201020,000000,18.63,18.63,18.63,18.63,0,0
1527.N,D,20201021,000000,18.57,18.57,18.57,18.57,0,0
1527.N,D,20201022,000000,18.52,18.52,18.52,18.52,0,0
1527.N,D,20201023,000000,18.5,18.5,18.5,18.5,0,0
1527.N,D,20201026,000000,18.49,18.49,18.49,18.49,0,0
1527.N,D,20201027,000000,18.53,18.53,18.53,18.53,0,0
1527.N,D,20201028,000000,18.51,18.51,18.51,18.51,0,0
1527.N,D,20201029,000000,18.48,18.48,18.48,18.48,0,0
1527.N,D,20201030,000000,18.46,18.46,18.46,18.46,0,0
1527.N,D,20201102,000000,18.46,18.46,18.46,18.46,0,0
1527.N,D,20201103,000000,18.57,18.57,18.57,18.57,0,0
1527.N,D,20201104,000000,18.64,18.64,18.64,18.64,0,0
1527.N,D,20201105,000000,18.98,18.98,18.98,18.98,0,0
1527.N,D,20201106,000000,18.93,18.93,18.93,18.93,0,0
1527.N,D,20201109,000000,19.15,19.15,19.15,19.15,0,0
1527.N,D,20201110,000000,19.07,19.07,19.07,19.07,0,0
1527.N,D,20201111,000000,19.04,19.04,19.04,19.04,0,0
1527.N,D,20201112,000000,19.09,19.09,19.09,19.09,0,0
1527.N,D,20201113,000000,19.08,19.08,19.08,19.08,0,0
1527.N,D,20201116,000000,19.15,19.15,19.15,19.15,0,0
1527.N,D,20201117,000000,19.15,19.15,19.15,19.15,0,0
1527.N,D,20201118,000000,19.16,19.16,19.16,19.16,0,0
1527.N,D,20201119,000000,19.12,19.12,19.12,19.12,0,0
1527.N,D,20201120,000000,19.18,19.18,19.18,19.18,0,0
1527.N,D,20201123,000000,19.3,19.3,19.3,19.3,0,0
1527.N,D,20201124,000000,19.24,19.24,19.24,19.24,0,0
1527.N,D,20201125,000000,19.27,19.27,19.27,19.27,0,0
1527.N,D,20201126,000000,19.28,19.28,19.28,19.28,0,0
1527.N,D,20201127,000000,19.28,19.28,19.28,19.28,0,0
1527.N,D,20201130,000000,19.27,19.27,19.27,19.27,0,0
1527.N,D,20201201,000000,19.32,19.32,19.32,19.32,0,0
1527.N,D,20201202,000000,19.36,19.36,19.36,19.36,0,0
1527.N,D,20201203,000000,19.41,19.41,19.41,19.41,0,0
1527.N,D,20201204,000000,19.55,19.55,19.55,19.55,0,0
1527.N,D,20201207,000000,19.54,19.54,19.54,19.54,0,0
1527.N,D,20201208,000000,19.54,19.54,19.54,19.54,0,0
1527.N,D,20201209,000000,19.56,19.56,19.56,19.56,0,0
1527.N,D,20201210,000000,19.54,19.54,19.54,19.54,0,0
1527.N,D,20201211,000000,19.55,19.55,19.55,19.55,0,0
1527.N,D,20201214,000000,19.6,19.6,19.6,19.6,0,0
1527.N,D,20201215,000000,19.61,19.61,19.61,19.61,0,0
1527.N,D,20201216,000000,19.67,19.67,19.67,19.67,0,0
1527.N,D,20201217,000000,19.72,19.72,19.72,19.72,0,0
1527.N,D,20201218,000000,19.73,19.73,19.73,19.73,0,0
1527.N,D,20201221,000000,19.75,19.75,19.75,19.75,0,0
1527.N,D,20201222,000000,19.67,19.67,19.67,19.67,0,0
1527.N,D,20201223,000000,19.7,19.7,19.7,19.7,0,0
1527.N,D,20201228,000000,19.71,19.71,19.71,19.71,0,0
1527.N,D,20201229,000000,19.72,19.72,19.72,19.72,0,0
1527.N,D,20201230,000000,19.74,19.74,19.74,19.74,0,0
1527.N,D,20201231,000000,19.77,19.77,19.77,19.77,0,0
1527.N,D,20210104,000000,19.85,19.85,19.85,19.85,0,0
1527.N,D,20210105,000000,19.76,19.76,19.76,19.76,0,0
1527.N,D,20210106,000000,19.71,19.71,19.71,19.71,0,0
1527.N,D,20210107,000000,19.68,19.68,19.68,19.68,0,0
1527.N,D,20210108,000000,19.7,19.7,19.7,19.7,0,0
1527.N,D,20210111,000000,19.66,19.66,19.66,19.66,0,0
1527.N,D,20210112,000000,19.55,19.55,19.55,19.55,0,0
1527.N,D,20210113,000000,19.52,19.52,19.52,19.52,0,0
1527.N,D,20210114,000000,19.56,19.56,19.56,19.56,0,0
1527.N,D,20210115,000000,19.54,19.54,19.54,19.54,0,0
1527.N,D,20210118,000000,19.53,19.53,19.53,19.53,0,0
1527.N,D,20210119,000000,19.55,19.55,19.55,19.55,0,0
1527.N,D,20210120,000000,19.56,19.56,19.56,19.56,0,0
1527.N,D,20210121,000000,19.6,19.6,19.6,19.6,0,0
1527.N,D,20210122,000000,19.56,19.56,19.56,19.56,0,0
1527.N,D,20210125,000000,19.59,19.59,19.59,19.59,0,0
1527.N,D,20210126,000000,19.61,19.61,19.61,19.61,0,0
1527.N,D,20210127,000000,19.57,19.57,19.57,19.57,0,0
1527.N,D,20210128,000000,19.55,19.55,19.55,19.55,0,0
1527.N,D,20210129,000000,19.59,19.59,19.59,19.59,0,0
1527.N,D,20210201,000000,19.62,19.62,19.62,19.62,0,0
1527.N,D,20210202,000000,19.67,19.67,19.67,19.67,0,0
1527.N,D,20210203,000000,19.69,19.69,19.69,19.69,0,0
1527.N,D,20210204,000000,19.7,19.7,19.7,19.7,0,0
1527.N,D,20210205,000000,19.8,19.8,19.8,19.8,0,0
1527.N,D,20210208,000000,19.79,19.79,19.79,19.79,0,0
1527.N,D,20210209,000000,19.75,19.75,19.75,19.75,0,0
1527.N,D,20210210,000000,19.74,19.74,19.74,19.74,0,0
1527.N,D,20210211,000000,19.79,19.79,19.79,19.79,0,0
1527.N,D,20210212,000000,19.82,19.82,19.82,19.82,0,0
1527.N,D,20210215,000000,19.78,19.78,19.78,19.78,0,0
1527.N,D,20210216,000000,19.72,19.72,19.72,19.72,0,0
1527.N,D,20210217,000000,19.57,19.57,19.57,19.57,0,0
1527.N,D,20210218,000000,19.63,19.63,19.63,19.63,0,0
1527.N,D,20210219,000000,19.61,19.61,19.61,19.61,0,0
1527.N,D,20210222,000000,19.45,19.45,19.45,19.45,0,0
1527.N,D,20210223,000000,19.43,19.43,19.43,19.43,0,0
1527.N,D,20210224,000000,19.49,19.49,19.49,19.49,0,0
1527.N,D,20210225,000000,19.42,19.42,19.42,19.42,0,0
1527.N,D,20210226,000000,19.28,19.28,19.28,19.28,0,0
1527.N,D,20210301,000000,19.32,19.32,19.32,19.32,0,0
1527.N,D,20210302,000000,19.36,19.36,19.36,19.36,0,0
1527.N,D,20210303,000000,19.36,19.36,19.36,19.36,0,0
1527.N,D,20210304,000000,19.29,19.29,19.29,19.29,0,0
1527.N,D,20210305,000000,19.13,19.13,19.13,19.13,0,0
1527.N,D,20210308,000000,19,19,19,19,0,0
1527.N,D,20210309,000000,18.99,18.99,18.99,18.99,0,0
1527.N,D,20210310,000000,19,19,19,19,0,0
1527.N,D,20210311,000000,19.24,19.24,19.24,19.24,0,0
1527.N,D,20210312,000000,19.16,19.16,19.16,19.16,0,0
1527.N,D,20210315,000000,19.17,19.17,19.17,19.17,0,0
1527.N,D,20210316,000000,19.27,19.27,19.27,19.27,0,0
1527.N,D,20210317,000000,19.2,19.2,19.2,19.2,0,0
1527.N,D,20210318,000000,19.2,19.2,19.2,19.2,0,0
1527.N,D,20210319,000000,19.19,19.19,19.19,19.19,0,0
1527.N,D,20210322,000000,19.2,19.2,19.2,19.2,0,0
1527.N,D,20210323,000000,19.23,19.23,19.23,19.23,0,0
1527.N,D,20210324,000000,19.22,19.22,19.22,19.22,0,0
1527.N,D,20210325,000000,19.18,19.18,19.18,19.18,0,0
1527.N,D,20210326,000000,19.13,19.13,19.13,19.13,0,0
1527.N,D,20210329,000000,19.14,19.14,19.14,19.14,0,0
1527.N,D,20210330,000000,19.02,19.02,19.02,19.02,0,0
1527.N,D,20210331,000000,19.05,19.05,19.05,19.05,0,0
1527.N,D,20210401,000000,19.09,19.09,19.09,19.09,0,0
1527.N,D,20210406,000000,19.15,19.15,19.15,19.15,0,0
1527.N,D,20210407,000000,19.23,19.23,19.23,19.23,0,0
1527.N,D,20210408,000000,19.25,19.25,19.25,19.25,0,0
1527.N,D,20210409,000000,19.25,19.25,19.25,19.25,0,0
1527.N,D,20210412,000000,19.32,19.32,19.32,19.32,0,0
1527.N,D,20210413,000000,19.29,19.29,19.29,19.29,0,0
1527.N,D,20210414,000000,19.39,19.39,19.39,19.39,0,0
1527.N,D,20210415,000000,19.42,19.42,19.42,19.42,0,0
1527.N,D,20210416,000000,19.55,19.55,19.55,19.55,0,0
1527.N,D,20210419,000000,19.6,19.6,19.6,19.6,0,0
1527.N,D,20210420,000000,19.56,19.56,19.56,19.56,0,0
1527.N,D,20210421,000000,19.52,19.52,19.52,19.52,0,0
1527.N,D,20210422,000000,19.56,19.56,19.56,19.56,0,0
1527.N,D,20210423,000000,19.6,19.6,19.6,19.6,0,0
1527.N,D,20210426,000000,19.57,19.57,19.57,19.57,0,0
1527.N,D,20210427,000000,19.55,19.55,19.55,19.55,0,0
1527.N,D,20210428,000000,19.47,19.47,19.47,19.47,0,0
1527.N,D,20210429,000000,19.55,19.55,19.55,19.55,0,0
1527.N,D,20210430,000000,19.54,19.54,19.54,19.54,0,0
1527.N,D,20210503,000000,19.55,19.55,19.55,19.55,0,0
1527.N,D,20210504,000000,19.53,19.53,19.53,19.53,0,0
1527.N,D,20210505,000000,19.56,19.56,19.56,19.56,0,0
1527.N,D,20210506,000000,19.61,19.61,19.61,19.61,0,0
1527.N,D,20210507,000000,19.75,19.75,19.75,19.75,0,0
1527.N,D,20210510,000000,19.74,19.74,19.74,19.74,0,0
1527.N,D,20210511,000000,19.72,19.72,19.72,19.72,0,0
1527.N,D,20210512,000000,19.7,19.7,19.7,19.7,0,0
1527.N,D,20210514,000000,19.6,19.6,19.6,19.6,0,0
1527.N,D,20210517,000000,19.7,19.7,19.7,19.7,0,0
1527.N,D,20210518,000000,19.74,19.74,19.74,19.74,0,0
1527.N,D,20210519,000000,19.68,19.68,19.68,19.68,0,0
1527.N,D,20210520,000000,19.68,19.68,19.68,19.68,0,0
1527.N,D,20210521,000000,19.74,19.74,19.74,19.74,0,0
1527.N,D,20210525,000000,19.71,19.71,19.71,19.71,0,0
1527.N,D,20210526,000000,19.8,19.8,19.8,19.8,0,0
1527.N,D,20210527,000000,19.82,19.82,19.82,19.82,0,0
1527.N,D,20210528,000000,19.83,19.83,19.83,19.83,0,0
1527.N,D,20210531,000000,19.85,19.85,19.85,19.85,0,0
1527.N,D,20210601,000000,19.88,19.88,19.88,19.88,0,0
1527.N,D,20210602,000000,19.91,19.91,19.91,19.91,0,0
1527.N,D,20210603,000000,19.92,19.92,19.92,19.92,0,0
1527.N,D,20210604,000000,19.89,19.89,19.89,19.89,0,0
1527.N,D,20210607,000000,19.94,19.94,19.94,19.94,0,0
1527.N,D,20210608,000000,19.97,19.97,19.97,19.97,0,0
1527.N,D,20210609,000000,20.02,20.02,20.02,20.02,0,0
1527.N,D,20210610,000000,20.04,20.04,20.04,20.04,0,0
1527.N,D,20210611,000000,20.08,20.08,20.08,20.08,0,0
1527.N,D,20210614,000000,20.08,20.08,20.08,20.08,0,0
1527.N,D,20210615,000000,20,20,20,20,0,0
1527.N,D,20210616,000000,19.92,19.92,19.92,19.92,0,0
1527.N,D,20210617,000000,19.92,19.92,19.92,19.92,0,0
1527.N,D,20210618,000000,19.95,19.95,19.95,19.95,0,0
1527.N,D,20210621,000000,19.95,19.95,19.95,19.95,0,0
1527.N,D,20210622,000000,19.91,19.91,19.91,19.91,0,0
1527.N,D,20210624,000000,19.92,19.92,19.92,19.92,0,0
1527.N,D,20210625,000000,19.94,19.94,19.94,19.94,0,0
1527.N,D,20210628,000000,19.91,19.91,19.91,19.91,0,0
1527.N,D,20210629,000000,19.9,19.9,19.9,19.9,0,0
1527.N,D,20210630,000000,19.88,19.88,19.88,19.88,0,0
1527.N,D,20210701,000000,19.86,19.86,19.86,19.86,0,0
1527.N,D,20210702,000000,19.85,19.85,19.85,19.85,0,0
1527.N,D,20210705,000000,19.85,19.85,19.85,19.85,0,0
1527.N,D,20210706,000000,19.81,19.81,19.81,19.81,0,0
1527.N,D,20210707,000000,19.81,19.81,19.81,19.81,0,0
1527.N,D,20210708,000000,19.8,19.8,19.8,19.8,0,0
1527.N,D,20210709,000000,19.82,19.82,19.82,19.82,0,0
1527.N,D,20210712,000000,19.83,19.83,19.83,19.83,0,0
1527.N,D,20210713,000000,19.81,19.81,19.81,19.81,0,0
1527.N,D,20210714,000000,19.81,19.81,19.81,19.81,0,0
1527.N,D,20210715,000000,19.84,19.84,19.84,19.84,0,0
1527.N,D,20210716,000000,19.85,19.85,19.85,19.85,0,0
1527.N,D,20210719,000000,19.83,19.83,19.83,19.83,0,0
1527.N,D,20210720,000000,19.81,19.81,19.81,19.81,0,0
1527.N,D,20210721,000000,19.85,19.85,19.85,19.85,0,0
1527.N,D,20210722,000000,19.83,19.83,19.83,19.83,0,0
1527.N,D,20210723,000000,19.82,19.82,19.82,19.82,0,0
1527.N,D,20210726,000000,19.84,19.84,19.84,19.84,0,0
1527.N,D,20210727,000000,19.82,19.82,19.82,19.82,0,0
1527.N,D,20210728,000000,19.79,19.79,19.79,19.79,0,0
1527.N,D,20210729,000000,19.82,19.82,19.82,19.82,0,0
1527.N,D,20210730,000000,19.82,19.82,19.82,19.82,0,0
1527.N,D,20210802,000000,19.85,19.85,19.85,19.85,0,0
1527.N,D,20210803,000000,19.86,19.86,19.86,19.86,0,0
1527.N,D,20210804,000000,19.93,19.93,19.93,19.93,0,0
1527.N,D,20210805,000000,19.87,19.87,19.87,19.87,0,0
1527.N,D,20210806,000000,19.85,19.85,19.85,19.85,0,0
1527.N,D,20210809,000000,19.83,19.83,19.83,19.83,0,0
1527.N,D,20210810,000000,19.74,19.74,19.74,19.74,0,0
1527.N,D,20210811,000000,19.77,19.77,19.77,19.77,0,0
1527.N,D,20210812,000000,19.78,19.78,19.78,19.78,0,0
1527.N,D,20210813,000000,19.78,19.78,19.78,19.78,0,0
1527.N,D,20210816,000000,19.79,19.79,19.79,19.79,0,0
1527.N,D,20210817,000000,19.8,19.8,19.8,19.8,0,0
1527.N,D,20210818,000000,19.78,19.78,19.78,19.78,0,0
1527.N,D,20210819,000000,19.76,19.76,19.76,19.76,0,0
1527.N,D,20210820,000000,19.77,19.77,19.77,19.77,0,0
1527.N,D,20210823,000000,19.79,19.79,19.79,19.79,0,0
1527.N,D,20210824,000000,19.84,19.84,19.84,19.84,0,0
1527.N,D,20210825,000000,19.89,19.89,19.89,19.89,0,0
1527.N,D,20210826,000000,19.89,19.89,19.89,19.89,0,0
1527.N,D,20210827,000000,19.9,19.9,19.9,19.9,0,0
1527.N,D,20210830,000000,19.95,19.95,19.95,19.95,0,0
1527.N,D,20210831,000000,20.03,20.03,20.03,20.03,0,0
1527.N,D,20210901,000000,20.06,20.06,20.06,20.06,0,0
1527.N,D,20210902,000000,20.08,20.08,20.08,20.08,0,0
1527.N,D,20210903,000000,20.1,20.1,20.1,20.1,0,0
1527.N,D,20210906,000000,20.11,20.11,20.11,20.11,0,0
1527.N,D,20210907,000000,20.1,20.1,20.1,20.1,0,0
1527.N,D,20210908,000000,20.09,20.09,20.09,20.09,0,0
1527.N,D,20210909,000000,20.06,20.06,20.06,20.06,0,0
1527.N,D,20210910,000000,20.09,20.09,20.09,20.09,0,0
1527.N,D,20210913,000000,20.11,20.11,20.11,20.11,0,0
1527.N,D,20210914,000000,20.09,20.09,20.09,20.09,0,0
1527.N,D,20210915,000000,20.12,20.12,20.12,20.12,0,0
1527.N,D,20210916,000000,20.13,20.13,20.13,20.13,0,0
1527.N,D,20210917,000000,20.1,20.1,20.1,20.1,0,0
1527.N,D,20210920,000000,19.99,19.99,19.99,19.99,0,0
1527.N,D,20210921,000000,20,20,20,20,0,0
1527.N,D,20210922,000000,19.96,19.96,19.96,19.96,0,0
1527.N,D,20210923,000000,19.98,19.98,19.98,19.98,0,0
1527.N,D,20210924,000000,19.89,19.89,19.89,19.89,0,0
1527.N,D,20210927,000000,19.72,19.72,19.72,19.72,0,0
1527.N,D,20210928,000000,19.72,19.72,19.72,19.72,0,0
1527.N,D,20210929,000000,19.71,19.71,19.71,19.71,0,0
1527.N,D,20210930,000000,19.72,19.72,19.72,19.72,0,0
1527.N,D,20211001,000000,19.66,19.66,19.66,19.66,0,0
1527.N,D,20211004,000000,19.64,19.64,19.64,19.64,0,0
1527.N,D,20211005,000000,19.6,19.6,19.6,19.6,0,0
1527.N,D,20211006,000000,19.51,19.51,19.51,19.51,0,0
1527.N,D,20211007,000000,19.63,19.63,19.63,19.63,0,0
1527.N,D,20211008,000000,19.6,19.6,19.6,19.6,0,0
1527.N,D,20211011,000000,19.59,19.59,19.59,19.59,0,0
1527.N,D,20211012,000000,19.52,19.52,19.52,19.52,0,0
1527.N,D,20211013,000000,19.52,19.52,19.52,19.52,0,0
1527.N,D,20211014,000000,19.62,19.62,19.62,19.62,0,0
1527.N,D,20211015,000000,19.67,19.67,19.67,19.67,0,0
1527.N,D,20211018,000000,19.61,19.61,19.61,19.61,0,0
1527.N,D,20211019,000000,19.63,19.63,19.63,19.63,0,0
1527.N,D,20211020,000000,19.61,19.61,19.61,19.61,0,0
1527.N,D,20211021,000000,19.57,19.57,19.57,19.57,0,0
1527.N,D,20211022,000000,19.55,19.55,19.55,19.55,0,0
1527.N,D,20211025,000000,19.56,19.56,19.56,19.56,0,0
1527.N,D,20211026,000000,19.57,19.57,19.57,19.57,0,0
1527.N,D,20211027,000000,19.58,19.58,19.58,19.58,0,0
1527.N,D,20211028,000000,19.61,19.61,19.61,19.61,0,0
1527.N,D,20211029,000000,19.55,19.55,19.55,19.55,0,0
1527.N,D,20211102,000000,19.48,19.48,19.48,19.48,0,0
1527.N,D,20211103,000000,19.49,19.49,19.49,19.49,0,0
1527.N,D,20211104,000000,19.52,19.52,19.52,19.52,0,0
1527.N,D,20211105,000000,19.58,19.58,19.58,19.58,0,0
1527.N,D,20211108,000000,19.68,19.68,19.68,19.68,0,0
1527.N,D,20211109,000000,19.67,19.67,19.67,19.67,0,0
1527.N,D,20211110,000000,19.66,19.66,19.66,19.66,0,0
1527.N,D,20211111,000000,19.63,19.63,19.63,19.63,0,0
1527.N,D,20211112,000000,19.55,19.55,19.55,19.55,0,0
1527.N,D,20211115,000000,19.54,19.54,19.54,19.54,0,0
1527.N,D,20211116,000000,19.5,19.5,19.5,19.5,0,0
1527.N,D,20211117,000000,19.45,19.45,19.45,19.45,0,0
1527.N,D,20211118,000000,19.43,19.43,19.43,19.43,0,0
1527.N,D,20211119,000000,19.4,19.4,19.4,19.4,0,0
1527.N,D,20211122,000000,19.37,19.37,19.37,19.37,0,0
1527.N,D,20211123,000000,19.21,19.21,19.21,19.21,0,0
1527.N,D,20211124,000000,19.19,19.19,19.19,19.19,0,0
1527.N,D,20211125,000000,19.15,19.15,19.15,19.15,0,0
1527.N,D,20211126,000000,19.01,19.01,19.01,19.01,0,0
1527.N,D,20211129,000000,18.98,18.98,18.98,18.98,0,0
1527.N,D,20211130,000000,18.98,18.98,18.98,18.98,0,0
1527.N,D,20211201,000000,18.99,18.99,18.99,18.99,0,0
1527.N,D,20211202,000000,19.16,19.16,19.16,19.16,0,0
1527.N,D,20211203,000000,19.24,19.24,19.24,19.24,0,0
1527.N,D,20211206,000000,19.23,19.23,19.23,19.23,0,0
1527.N,D,20211207,000000,19.32,19.32,19.32,19.32,0,0
1527.N,D,20211208,000000,19.4,19.4,19.4,19.4,0,0
1527.N,D,20211209,000000,19.36,19.36,19.36,19.36,0,0
1527.N,D,20211210,000000,19.35,19.35,19.35,19.35,0,0
1527.N,D,20211213,000000,19.34,19.34,19.34,19.34,0,0
1527.N,D,20211214,000000,19.38,19.38,19.38,19.38,0,0
1527.N,D,20211215,000000,19.33,19.33,19.33,19.33,0,0
1527.N,D,20211216,000000,19.32,19.32,19.32,19.32,0,0
1527.N,D,20211217,000000,19.3,19.3,19.3,19.3,0,0
1527.N,D,20211220,000000,19.25,19.25,19.25,19.25,0,0
1527.N,D,20211221,000000,19.19,19.19,19.19,19.19,0,0
1527.N,D,20211222,000000,19.21,19.21,19.21,19.21,0,0
1527.N,D,20211223,000000,19.23,19.23,19.23,19.23,0,0
1527.N,D,20211227,000000,19.23,19.23,19.23,19.23,0,0
1527.N,D,20211228,000000,19.24,19.24,19.24,19.24,0,0
1527.N,D,20211229,000000,19.28,19.28,19.28,19.28,0,0
1527.N,D,20211230,000000,19.32,19.32,19.32,19.32,0,0
1527.N,D,20211231,000000,19.33,19.33,19.33,19.33,0,0
1527.N,D,20220103,000000,19.35,19.35,19.35,19.35,0,0
1527.N,D,20220104,000000,19.31,19.31,19.31,19.31,0,0
1527.N,D,20220105,000000,19.28,19.28,19.28,19.28,0,0
1527.N,D,20220106,000000,19.12,19.12,19.12,19.12,0,0
1527.N,D,20220107,000000,19.11,19.11,19.11,19.11,0,0
1527.N,D,20220110,000000,19.01,19.01,19.01,19.01,0,0
1527.N,D,20220111,000000,18.99,18.99,18.99,18.99,0,0
1527.N,D,20220112,000000,18.97,18.97,18.97,18.97,0,0
1527.N,D,20220113,000000,18.9,18.9,18.9,18.9,0,0
1527.N,D,20220114,000000,18.77,18.77,18.77,18.77,0,0
1527.N,D,20220117,000000,18.75,18.75,18.75,18.75,0,0
1527.N,D,20220118,000000,18.61,18.61,18.61,18.61,0,0
1527.N,D,20220119,000000,18.67,18.67,18.67,18.67,0,0
1527.N,D,20220120,000000,18.7,18.7,18.7,18.7,0,0
1527.N,D,20220121,000000,18.76,18.76,18.76,18.76,0,0
1527.N,D,20220124,000000,18.71,18.71,18.71,18.71,0,0
1527.N,D,20220125,000000,18.63,18.63,18.63,18.63,0,0
1527.N,D,20220126,000000,18.73,18.73,18.73,18.73,0,0
1527.N,D,20220127,000000,18.74,18.74,18.74,18.74,0,0
1527.N,D,20220128,000000,18.74,18.74,18.74,18.74,0,0
1527.N,D,20220131,000000,18.8,18.8,18.8,18.8,0,0
1527.N,D,20220201,000000,18.86,18.86,18.86,18.86,0,0
1527.N,D,20220202,000000,18.93,18.93,18.93,18.93,0,0
1527.N,D,20220203,000000,18.91,18.91,18.91,18.91,0,0
1527.N,D,20220204,000000,18.84,18.84,18.84,18.84,0,0
1527.N,D,20220207,000000,18.75,18.75,18.75,18.75,0,0
1527.N,D,20220208,000000,18.72,18.72,18.72,18.72,0,0
1527.N,D,20220209,000000,18.76,18.76,18.76,18.76,0,0
1527.N,D,20220210,000000,18.76,18.76,18.76,18.76,0,0
1527.N,D,20220211,000000,18.66,18.66,18.66,18.66,0,0
1527.N,D,20220214,000000,18.55,18.55,18.55,18.55,0,0
1527.N,D,20220215,000000,18.59,18.59,18.59,18.59,0,0
1527.N,D,20220216,000000,18.67,18.67,18.67,18.67,0,0
1527.N,D,20220217,000000,18.59,18.59,18.59,18.59,0,0
1527.N,D,20220218,000000,18.55,18.55,18.55,18.55,0,0
1527.N,D,20220221,000000,18.61,18.61,18.61,18.61,0,0
1527.N,D,20220222,000000,18.45,18.45,18.45,18.45,0,0
1527.N,D,20220223,000000,18.3,18.3,18.3,18.3,0,0
1527.N,D,20220224,000000,17.55,17.55,17.55,17.55,0,0
1527.N,D,20220225,000000,18.01,18.01,18.01,18.01,0,0
1527.N,D,20220228,000000,17.67,17.67,17.67,17.67,0,0
1527.N,D,20220301,000000,17.69,17.69,17.69,17.69,0,0
1527.N,D,20220302,000000,17.57,17.57,17.57,17.57,0,0
1527.N,D,20220303,000000,17.47,17.47,17.47,17.47,0,0
1527.N,D,20220304,000000,17.24,17.24,17.24,17.24,0,0
1527.N,D,20220307,000000,17.07,17.07,17.07,17.07,0,0
1527.N,D,20220308,000000,17.13,17.13,17.13,17.13,0,0
1527.N,D,20220309,000000,17.27,17.27,17.27,17.27,0,0
1527.N,D,20220310,000000,17.44,17.44,17.44,17.44,0,0
1527.N,D,20220311,000000,17.57,17.57,17.57,17.57,0,0
1527.N,D,20220314,000000,17.56,17.56,17.56,17.56,0,0
1527.N,D,20220315,000000,17.5,17.5,17.5,17.5,0,0
1527.N,D,20220316,000000,17.66,17.66,17.66,17.66,0,0
1527.N,D,20220317,000000,17.77,17.77,17.77,17.77,0,0
1527.N,D,20220318,000000,17.82,17.82,17.82,17.82,0,0
1527.N,D,20220321,000000,17.8,17.8,17.8,17.8,0,0
1527.N,D,20220322,000000,17.65,17.65,17.65,17.65,0,0
1527.N,D,20220323,000000,17.59,17.59,17.59,17.59,0,0
1527.N,D,20220324,000000,17.49,17.49,17.49,17.49,0,0
1527.N,D,20220325,000000,17.58,17.58,17.58,17.58,0,0
1527.N,D,20220328,000000,17.69,17.69,17.69,17.69,0,0
1527.N,D,20220329,000000,17.88,17.88,17.88,17.88,0,0
1527.N,D,20220330,000000,17.98,17.98,17.98,17.98,0,0
1527.N,D,20220331,000000,18.13,18.13,18.13,18.13,0,0
1527.N,D,20220401,000000,18.04,18.04,18.04,18.04,0,0
1527.N,D,20220404,000000,18.08,18.08,18.08,18.08,0,0
1527.N,D,20220405,000000,18.06,18.06,18.06,18.06,0,0
1527.N,D,20220406,000000,17.86,17.86,17.86,17.86,0,0
1527.N,D,20220407,000000,17.89,17.89,17.89,17.89,0,0
1527.N,D,20220408,000000,17.84,17.84,17.84,17.84,0,0
1527.N,D,20220411,000000,17.7,17.7,17.7,17.7,0,0
1527.N,D,20220412,000000,17.61,17.61,17.61,17.61,0,0
1527.N,D,20220413,000000,17.6,17.6,17.6,17.6,0,0
1527.N,D,20220414,000000,17.64,17.64,17.64,17.64,0,0
1527.N,D,20220419,000000,17.52,17.52,17.52,17.52,0,0
1527.N,D,20220420,000000,17.49,17.49,17.49,17.49,0,0
1527.N,D,20220421,000000,17.51,17.51,17.51,17.51,0,0
1527.N,D,20220422,000000,17.38,17.38,17.38,17.38,0,0
1527.N,D,20220425,000000,17.24,17.24,17.24,17.24,0,0
1527.N,D,20220426,000000,17.31,17.31,17.31,17.31,0,0
1527.N,D,20220427,000000,17.22,17.22,17.22,17.22,0,0
1527.N,D,20220428,000000,17.16,17.16,17.16,17.16,0,0
1527.N,D,20220429,000000,17.11,17.11,17.11,17.11,0,0
1527.N,D,20220502,000000,17.02,17.02,17.02,17.02,0,0
1527.N,D,20220503,000000,16.93,16.93,16.93,16.93,0,0
1527.N,D,20220504,000000,17,17,17,17,0,0
1527.N,D,20220505,000000,17.12,17.12,17.12,17.12,0,0
1527.N,D,20220506,000000,16.88,16.88,16.88,16.88,0,0
1527.N,D,20220510,000000,16.69,16.69,16.69,16.69,0,0
1527.N,D,20220511,000000,16.69,16.69,16.69,16.69,0,0
1527.N,D,20220512,000000,16.55,16.55,16.55,16.55,0,0
1527.N,D,20220513,000000,16.64,16.64,16.64,16.64,0,0
1527.N,D,20220516,000000,16.62,16.62,16.62,16.62,0,0
1527.N,D,20220517,000000,16.63,16.63,16.63,16.63,0,0
1527.N,D,20220518,000000,16.58,16.58,16.58,16.58,0,0
1527.N,D,20220519,000000,16.49,16.49,16.49,16.49,0,0
1527.N,D,20220520,000000,16.55,16.55,16.55,16.55,0,0
1527.N,D,20220523,000000,16.62,16.62,16.62,16.62,0,0
1527.N,D,20220524,000000,16.66,16.66,16.66,16.66,0,0
1527.N,D,20220525,000000,16.77,16.77,16.77,16.77,0,0
1527.N,D,20220527,000000,17.03,17.03,17.03,17.03,0,0
1527.N,D,20220530,000000,17.08,17.08,17.08,17.08,0,0
1527.N,D,20220531,000000,17.02,17.02,17.02,17.02,0,0
1527.N,D,20220601,000000,16.95,16.95,16.95,16.95,0,0
1527.N,D,20220602,000000,16.95,16.95,16.95,16.95,0,0
1527.N,D,20220603,000000,16.94,16.94,16.94,16.94,0,0
1527.N,D,20220607,000000,16.81,16.81,16.81,16.81,0,0
1527.N,D,20220608,000000,16.87,16.87,16.87,16.87,0,0
1527.N,D,20220609,000000,16.78,16.78,16.78,16.78,0,0
1527.N,D,20220610,000000,16.64,16.64,16.64,16.64,0,0
1527.N,D,20220613,000000,16.28,16.28,16.28,16.28,0,0
1527.N,D,20220614,000000,16.17,16.17,16.17,16.17,0,0
1527.N,D,20220615,000000,16.17,16.17,16.17,16.17,0,0
1527.N,D,20220616,000000,16.1,16.1,16.1,16.1,0,0
1527.N,D,20220617,000000,16.13,16.13,16.13,16.13,0,0
1527.N,D,20220620,000000,16.11,16.11,16.11,16.11,0,0
1527.N,D,20220621,000000,16.1,16.1,16.1,16.1,0,0
1527.N,D,20220622,000000,16.05,16.05,16.05,16.05,0,0
1527.N,D,20220624,000000,16.13,16.13,16.13,16.13,0,0
1527.N,D,20220627,000000,16.02,16.02,16.02,16.02,0,0
1527.N,D,20220628,000000,15.88,15.88,15.88,15.88,0,0
1527.N,D,20220629,000000,15.75,15.75,15.75,15.75,0,0
1527.N,D,20220630,000000,15.67,15.67,15.67,15.67,0,0
1527.N,D,20220701,000000,15.87,15.87,15.87,15.87,0,0
1527.N,D,20220704,000000,15.89,15.89,15.89,15.89,0,0
1527.N,D,20220705,000000,15.87,15.87,15.87,15.87,0,0
1527.N,D,20220706,000000,15.84,15.84,15.84,15.84,0,0
1527.N,D,20220707,000000,15.74,15.74,15.74,15.74,0,0
1527.N,D,20220708,000000,15.72,15.72,15.72,15.72,0,0
1527.N,D,20220711,000000,15.64,15.64,15.64,15.64,0,0
1527.N,D,20220712,000000,15.52,15.52,15.52,15.52,0,0
1527.N,D,20220713,000000,15.32,15.32,15.32,15.32,0,0
1527.N,D,20220714,000000,15.18,15.18,15.18,15.18,0,0
1527.N,D,20220715,000000,15.12,15.12,15.12,15.12,0,0
1527.N,D,20220718,000000,15.26,15.26,15.26,15.26,0,0
1527.N,D,20220719,000000,15.22,15.22,15.22,15.22,0,0
1527.N,D,20220720,000000,15.36,15.36,15.36,15.36,0,0
1527.N,D,20220721,000000,15.5,15.5,15.5,15.5,0,0
1527.N,D,20220722,000000,15.56,15.56,15.56,15.56,0,0
1527.N,D,20220725,000000,15.68,15.68,15.68,15.68,0,0
1527.N,D,20220726,000000,15.67,15.67,15.67,15.67,0,0
1527.N,D,20220727,000000,15.6,15.6,15.6,15.6,0,0
1527.N,D,20220728,000000,15.8,15.8,15.8,15.8,0,0
1527.N,D,20220729,000000,15.99,15.99,15.99,15.99,0,0
1527.N,D,20220801,000000,16.1,16.1,16.1,16.1,0,0
1527.N,D,20220802,000000,16.14,16.14,16.14,16.14,0,0
1527.N,D,20220803,000000,16.02,16.02,16.02,16.02,0,0
1527.N,D,20220804,000000,16.18,16.18,16.18,16.18,0,0
1527.N,D,20220805,000000,16.24,16.24,16.24,16.24,0,0
1527.N,D,20220808,000000,16.22,16.22,16.22,16.22,0,0
1527.N,D,20220809,000000,16.34,16.34,16.34,16.34,0,0
1527.N,D,20220810,000000,16.31,16.31,16.31,16.31,0,0
1527.N,D,20220811,000000,16.6,16.6,16.6,16.6,0,0
1527.N,D,20220812,000000,16.52,16.52,16.52,16.52,0,0
1527.N,D,20220816,000000,16.45,16.45,16.45,16.45,0,0
1527.N,D,20220817,000000,16.33,16.33,16.33,16.33,0,0
1527.N,D,20220818,000000,16.33,16.33,16.33,16.33,0,0
1527.N,D,20220819,000000,16.24,16.24,16.24,16.24,0,0
1527.N,D,20220822,000000,16.07,16.07,16.07,16.07,0,0
1527.N,D,20220823,000000,16.04,16.04,16.04,16.04,0,0
1527.N,D,20220824,000000,16.11,16.11,16.11,16.11,0,0
1527.N,D,20220825,000000,16.14,16.14,16.14,16.14,0,0
1527.N,D,20220826,000000,16.17,16.17,16.17,16.17,0,0
1527.N,D,20220829,000000,16.06,16.06,16.06,16.06,0,0
1527.N,D,20220830,000000,15.99,15.99,15.99,15.99,0,0
1527.N,D,20220831,000000,15.84,15.84,15.84,15.84,0,0
1527.N,D,20220901,000000,15.73,15.73,15.73,15.73,0,0
1527.N,D,20220902,000000,15.7,15.7,15.7,15.7,0,0
1527.N,D,20220905,000000,15.76,15.76,15.76,15.76,0,0
