<TICKER>,<PER>,<DATE>,<TIME>,<OPEN>,<HIGH>,<LOW>,<CLOSE>,<VOL>,<OPENINT>
RCFS4ESX.PL,D,20121019,000000,75.15,77.87,75,77.77,255,0
RCFS4ESX.PL,D,20121022,000000,77.47,77.47,76.5,76.5,81,0
RCFS4ESX.PL,D,20121024,000000,85.2,86.18,85.2,86.18,100,0
RCFS4ESX.PL,D,20121025,000000,82.48,84.11,82.48,84.11,600,0
RCFS4ESX.PL,D,20121026,000000,87.12,87.12,82.68,83.11,736,0
RCFS4ESX.PL,D,20121030,000000,82.48,82.9,82.48,82.9,92,0
RCFS4ESX.PL,D,20121031,000000,81,81,80.9,80.9,255,0
RCFS4ESX.PL,D,20121102,000000,75.9,75.9,74.84,75.06,492,0
RCFS4ESX.PL,D,20121107,000000,76.1,81.06,76.1,81.06,1539,0
RCFS4ESX.PL,D,20121108,000000,83.49,83.49,82.33,82.33,40,0
RCFS4ESX.PL,D,20121109,000000,87.49,89,84.82,85.1,1581,0
RCFS4ESX.PL,D,20121112,000000,84.84,84.84,84.8,84.8,288,0
RCFS4ESX.PL,D,20121113,000000,88.8,89.66,83.36,83.36,3860,0
RCFS4ESX.PL,D,20121114,000000,84.78,86.87,83.54,86.87,1137,0
RCFS4ESX.PL,D,20121115,000000,88,88,87.8,87.8,235,0
RCFS4ESX.PL,D,20121116,000000,88.8,89.51,88.8,89.51,204,0
RCFS4ESX.PL,D,20121119,000000,82,82,82,82,4,0
RCFS4ESX.PL,D,20121123,000000,75.94,75.94,74,74,345,0
RCFS4ESX.PL,D,20121126,000000,1.11,75.31,1.11,73.97,720,0
RCFS4ESX.PL,D,20121127,000000,74.97,74.97,74.97,74.97,100,0
RCFS4ESX.PL,D,20121129,000000,71,71,70.47,70.47,108,0
RCFS4ESX.PL,D,20121130,000000,70,70.07,69.05,69.78,500,0
RCFS4ESX.PL,D,20121206,000000,67.07,67.07,67.07,67.07,62,0
RCFS4ESX.PL,D,20121207,000000,68.65,68.65,68.65,68.65,100,0
RCFS4ESX.PL,D,20121210,000000,70.97,70.97,70.97,70.97,14,0
RCFS4ESX.PL,D,20121211,000000,68.32,68.32,66.11,66.11,114,0
RCFS4ESX.PL,D,20121219,000000,61.19,61.19,61.19,61.19,44,0
RCFS4ESX.PL,D,20130102,000000,58.82,58.82,58.82,58.82,1,0
RCFS4ESX.PL,D,20130103,000000,58.16,58.16,58.16,58.16,6,0
RCFS4ESX.PL,D,20130104,000000,59.21,59.21,59.21,59.21,100,0
RCFS4ESX.PL,D,20130107,000000,57.8,58.29,57.8,58.29,233,0
RCFS4ESX.PL,D,20130108,000000,59.02,59.02,58.7,58.7,133,0
RCFS4ESX.PL,D,20130110,000000,55.5,56.62,55.5,56.62,200,0
RCFS4ESX.PL,D,20130111,000000,57.36,57.36,57.36,57.36,7,0
RCFS4ESX.PL,D,20130114,000000,56.31,56.31,56.31,56.31,6,0
RCFS4ESX.PL,D,20130115,000000,58.92,59,58.41,58.41,324,0
RCFS4ESX.PL,D,20130116,000000,57.56,57.56,57.56,57.56,244,0
RCFS4ESX.PL,D,20130117,000000,57.55,57.55,56.24,56.88,192,0
RCFS4ESX.PL,D,20130118,000000,57.5,57.5,57.5,57.5,100,0
RCFS4ESX.PL,D,20130121,000000,56.52,56.52,56.52,56.52,100,0
RCFS4ESX.PL,D,20130122,000000,57.64,57.64,57.64,57.64,50,0
RCFS4ESX.PL,D,20130124,000000,57.04,57.04,57.04,57.04,50,0
RCFS4ESX.PL,D,20130125,000000,55,55.55,55,55.55,425,0
RCFS4ESX.PL,D,20130128,000000,54.89,54.89,54.89,54.89,100,0
RCFS4ESX.PL,D,20130129,000000,55.1,55.98,55.1,55.8,589,0
RCFS4ESX.PL,D,20130130,000000,53.96,56.62,53.96,56.62,320,0
RCFS4ESX.PL,D,20130131,000000,56.96,57.61,56.96,56.98,528,0
RCFS4ESX.PL,D,20130201,000000,58.55,58.55,56.59,56.59,157,0
RCFS4ESX.PL,D,20130204,000000,56.74,61.05,56.74,61.05,301,0
RCFS4ESX.PL,D,20130205,000000,62,62,61.7,61.7,332,0
RCFS4ESX.PL,D,20130206,000000,62.1,65,61.81,65,645,0
RCFS4ESX.PL,D,20130207,000000,64.4,64.4,64.4,64.4,10,0
RCFS4ESX.PL,D,20130208,000000,66.84,66.84,63.31,63.62,367,0
RCFS4ESX.PL,D,20130213,000000,61.92,61.92,61.53,61.53,12,0
RCFS4ESX.PL,D,20130218,000000,66.06,66.06,66.06,66.06,2,0
RCFS4ESX.PL,D,20130219,000000,61.79,61.9,61.79,61.9,70,0
RCFS4ESX.PL,D,20130221,000000,64.26,68.4,64.26,68.4,277,0
RCFS4ESX.PL,D,20130222,000000,65.72,65.8,64.4,64.4,385,0
RCFS4ESX.PL,D,20130225,000000,59.75,61.26,56.97,60.92,406,0
RCFS4ESX.PL,D,20130226,000000,67.28,67.28,66.5,66.5,446,0
RCFS4ESX.PL,D,20130228,000000,62.34,63.22,62.34,63.22,200,0
RCFS4ESX.PL,D,20130301,000000,61.7,63.15,61.7,62.11,500,0
RCFS4ESX.PL,D,20130304,000000,63.74,63.74,63.74,63.74,100,0
RCFS4ESX.PL,D,20130305,000000,59.55,59.55,56.05,56.05,502,0
RCFS4ESX.PL,D,20130306,000000,55.68,55.68,55.68,55.68,35,0
RCFS4ESX.PL,D,20130307,000000,55.56,55.71,55.56,55.71,1160,0
RCFS4ESX.PL,D,20130308,000000,55,55,53.04,53.22,375,0
RCFS4ESX.PL,D,20130311,000000,53.5,53.86,52.9,53.86,200,0
RCFS4ESX.PL,D,20130312,000000,53.57,53.57,53.57,53.57,100,0
RCFS4ESX.PL,D,20130313,000000,55.81,55.81,55.16,55.16,502,0
RCFS4ESX.PL,D,20130314,000000,53.48,53.48,53.48,53.48,150,0
RCFS4ESX.PL,D,20130315,000000,52.25,52.25,52.25,52.25,50,0
RCFS4ESX.PL,D,20130318,000000,56.38,56.72,54.94,54.94,800,0
RCFS4ESX.PL,D,20130319,000000,55.42,57,55.42,56.87,300,0
RCFS4ESX.PL,D,20130320,000000,55.71,55.98,55.2,55.2,422,0
RCFS4ESX.PL,D,20130321,000000,56.5,57.45,56.2,56.2,5456,0
RCFS4ESX.PL,D,20130322,000000,58.29,58.29,55,56.39,6798,0
RCFS4ESX.PL,D,20130325,000000,56,59.96,55.1,58.65,4353,0
RCFS4ESX.PL,D,20130326,000000,59,60.76,58.53,60.76,465,0
RCFS4ESX.PL,D,20130327,000000,63.22,64.3,63.22,64.3,650,0
RCFS4ESX.PL,D,20130328,000000,62.32,62.32,60.9,60.9,526,0
RCFS4ESX.PL,D,20130402,000000,60,60,56.87,56.87,300,0
RCFS4ESX.PL,D,20130403,000000,58.27,60.09,58,60.01,1501,0
RCFS4ESX.PL,D,20130404,000000,59.32,61.11,59.32,61.11,200,0
RCFS4ESX.PL,D,20130405,000000,61,66,60.91,65.02,1248,0
RCFS4ESX.PL,D,20130408,000000,63.2,63.48,62.32,63.48,3856,0
RCFS4ESX.PL,D,20130409,000000,62.54,63.96,61,63.96,2573,0
RCFS4ESX.PL,D,20130410,000000,60.55,60.55,60.55,60.55,100,0
RCFS4ESX.PL,D,20130411,000000,55.3,56.14,53.97,53.97,3721,0
RCFS4ESX.PL,D,20130412,000000,50.03,57.01,50.03,57.01,204,0
RCFS4ESX.PL,D,20130415,000000,56.75,59.73,56.75,58.48,257,0
RCFS4ESX.PL,D,20130417,000000,61.72,63.24,61.63,63.24,232,0
RCFS4ESX.PL,D,20130418,000000,66.27,66.27,65.95,65.95,600,0
RCFS4ESX.PL,D,20130419,000000,63.15,63.15,63.06,63.06,40,0
RCFS4ESX.PL,D,20130422,000000,59.88,61.75,59.88,61.75,130,0
RCFS4ESX.PL,D,20130423,000000,59.48,59.48,55.39,55.59,577,0
RCFS4ESX.PL,D,20130424,000000,53.5,53.87,53.14,53.14,347,0
RCFS4ESX.PL,D,20130425,000000,52.35,52.35,50.39,52.08,725,0
RCFS4ESX.PL,D,20130426,000000,52.55,52.55,51.64,51.64,700,0
RCFS4ESX.PL,D,20130429,000000,49.97,49.97,49.97,49.97,154,0
RCFS4ESX.PL,D,20130430,000000,48.44,49.91,48.37,49.82,3032,0
RCFS4ESX.PL,D,20130502,000000,49.79,50,46.48,48.97,3394,0
RCFS4ESX.PL,D,20130506,000000,45.15,46.2,45.15,45.82,858,0
RCFS4ESX.PL,D,20130507,000000,45.09,45.6,44,45,177,0
RCFS4ESX.PL,D,20130509,000000,43.83,43.83,43.19,43.68,534,0
RCFS4ESX.PL,D,20130510,000000,42.22,43.11,42.22,42.82,271,0
RCFS4ESX.PL,D,20130514,000000,43.85,44.27,42.72,42.72,240,0
RCFS4ESX.PL,D,20130515,000000,42.51,42.51,42.51,42.51,30,0
RCFS4ESX.PL,D,20130516,000000,41.66,41.66,41.66,41.66,40,0
RCFS4ESX.PL,D,20130517,000000,42.25,42.25,41.65,41.65,50,0
RCFS4ESX.PL,D,20130520,000000,39.85,40.94,39.62,40.94,534,0
RCFS4ESX.PL,D,20130521,000000,41.31,41.31,40.64,41.14,680,0
RCFS4ESX.PL,D,20130522,000000,39,40,39,40,180,0
RCFS4ESX.PL,D,20130523,000000,42.02,43.64,42.02,43.64,439,0
RCFS4ESX.PL,D,20130524,000000,41.54,43.5,41.54,43.5,339,0
RCFS4ESX.PL,D,20130527,000000,41.9,41.9,41.9,41.9,50,0
RCFS4ESX.PL,D,20130529,000000,41.33,41.33,41.33,41.33,8,0
RCFS4ESX.PL,D,20130531,000000,42.69,42.75,42.34,42.36,374,0
RCFS4ESX.PL,D,20130603,000000,45.09,45.6,44.53,44.53,212,0
RCFS4ESX.PL,D,20130604,000000,43.01,43.92,43.01,43.3,129,0
RCFS4ESX.PL,D,20130605,000000,43.59,46.01,43.59,44.97,324,0
RCFS4ESX.PL,D,20130606,000000,47.54,48.53,47.54,48.53,34,0
RCFS4ESX.PL,D,20130607,000000,49.63,50.21,47.92,47.92,1520,0
RCFS4ESX.PL,D,20130610,000000,45.79,46.13,45.65,46.13,35,0
RCFS4ESX.PL,D,20130611,000000,50.05,50.05,49.4,49.4,38,0
RCFS4ESX.PL,D,20130613,000000,52.14,52.77,50.35,50.35,1611,0
RCFS4ESX.PL,D,20130614,000000,48.21,48.84,48.21,48.84,1654,0
RCFS4ESX.PL,D,20130617,000000,46.48,46.48,46,46,25,0
RCFS4ESX.PL,D,20130620,000000,52.15,55.13,51.92,55.13,1914,0
RCFS4ESX.PL,D,20130621,000000,54.56,57.05,54.56,56.54,3238,0
RCFS4ESX.PL,D,20130624,000000,58.87,62.91,58.87,61.47,491,0
RCFS4ESX.PL,D,20130625,000000,59.6,59.6,59,59,13,0
RCFS4ESX.PL,D,20130627,000000,51.73,51.73,51.73,51.73,9,0
RCFS4ESX.PL,D,20130628,000000,53.2,54.22,53.2,54.22,380,0
RCFS4ESX.PL,D,20130701,000000,53.25,53.25,51.85,51.89,122,0
RCFS4ESX.PL,D,20130702,000000,53.83,53.83,53.83,53.83,200,0
RCFS4ESX.PL,D,20130703,000000,57.1,58.41,57.09,58.03,153,0
RCFS4ESX.PL,D,20130704,000000,49.52,49.52,49.52,49.52,12,0
RCFS4ESX.PL,D,20130705,000000,47.86,47.86,47.86,47.86,700,0
RCFS4ESX.PL,D,20130708,000000,49.96,50.12,49.29,49.36,59,0
RCFS4ESX.PL,D,20130709,000000,48.52,48.52,48.52,48.52,14,0
RCFS4ESX.PL,D,20130710,000000,48.76,48.76,48.76,48.76,400,0
RCFS4ESX.PL,D,20130711,000000,46,46,46,46,400,0
RCFS4ESX.PL,D,20130716,000000,46.34,46.34,46.34,46.34,1,0
RCFS4ESX.PL,D,20130717,000000,45.51,45.51,45.51,45.51,200,0
RCFS4ESX.PL,D,20130718,000000,45.95,46,44.47,44.47,102,0
RCFS4ESX.PL,D,20130719,000000,44.23,44.23,44.23,44.23,350,0
RCFS4ESX.PL,D,20130722,000000,42.39,42.51,42.39,42.51,26,0
RCFS4ESX.PL,D,20130723,000000,41.82,41.82,41.82,41.82,20,0
RCFS4ESX.PL,D,20130725,000000,42.86,42.86,42.34,42.34,73,0
RCFS4ESX.PL,D,20130726,000000,40.62,41.23,40.62,41.23,140,0
RCFS4ESX.PL,D,20130729,000000,40.92,41.3,40.92,41.3,45,0
RCFS4ESX.PL,D,20130730,000000,40.31,40.31,40.31,40.31,14,0
RCFS4ESX.PL,D,20130731,000000,40.52,40.52,39.58,39.58,2198,0
RCFS4ESX.PL,D,20130801,000000,39.36,39.36,37.97,38.08,835,0
RCFS4ESX.PL,D,20130802,000000,37.69,37.69,37.69,37.69,62,0
RCFS4ESX.PL,D,20130805,000000,37.2,37.7,37.19,37.7,64,0
RCFS4ESX.PL,D,20130807,000000,39.04,39.04,38.69,38.69,134,0
RCFS4ESX.PL,D,20130808,000000,38.17,38.17,37,37,53,0
RCFS4ESX.PL,D,20130816,000000,35.95,36.41,35.95,36.17,115,0
RCFS4ESX.PL,D,20130819,000000,36.51,36.67,36.51,36.67,1300,0
RCFS4ESX.PL,D,20130820,000000,38.73,39.05,38.1,39.05,2028,0
RCFS4ESX.PL,D,20130821,000000,39.32,39.32,39.32,39.32,30,0
RCFS4ESX.PL,D,20130822,000000,37.56,37.56,37.56,37.56,50,0
RCFS4ESX.PL,D,20130827,000000,37.12,39.89,37.12,39.83,1809,0
RCFS4ESX.PL,D,20130828,000000,41.45,42.14,40.89,40.89,985,0
RCFS4ESX.PL,D,20130829,000000,40.53,40.99,40.53,40.99,2475,0
RCFS4ESX.PL,D,20130830,000000,40.7,40.7,40.7,40.7,50,0
RCFS4ESX.PL,D,20130902,000000,39.01,39.03,39,39,639,0
RCFS4ESX.PL,D,20130903,000000,38.8,38.8,38.8,38.8,60,0
RCFS4ESX.PL,D,20130905,000000,40.09,40.09,40.09,40.09,2,0
RCFS4ESX.PL,D,20130906,000000,37.86,37.86,37.86,37.86,120,0
RCFS4ESX.PL,D,20130910,000000,36.77,36.77,35.45,35.45,168,0
RCFS4ESX.PL,D,20130911,000000,34.25,34.27,34.25,34.27,100,0
RCFS4ESX.PL,D,20130912,000000,33.43,33.43,33.43,33.43,50,0
RCFS4ESX.PL,D,20130917,000000,32.9,33.26,32.9,33.26,600,0
RCFS4ESX.PL,D,20130918,000000,32.2,32.3,31.98,31.98,376,0
RCFS4ESX.PL,D,20130919,000000,29.74,29.74,29.74,29.74,300,0
RCFS4ESX.PL,D,20130923,000000,31.4,32.07,31.4,32.07,1950,0
RCFS4ESX.PL,D,20130924,000000,31.26,31.26,31.26,31.26,500,0
RCFS4ESX.PL,D,20130925,000000,31.43,31.49,31.43,31.49,520,0
RCFS4ESX.PL,D,20130930,000000,32.26,32.98,32.02,32.98,500,0
RCFS4ESX.PL,D,20131001,000000,31.2,31.26,31,31,675,0
RCFS4ESX.PL,D,20131002,000000,30.99,30.99,30.99,30.99,250,0
RCFS4ESX.PL,D,20131004,000000,31.68,31.68,31.68,31.68,100,0
RCFS4ESX.PL,D,20131007,000000,31.11,32.12,31.11,32.12,750,0
RCFS4ESX.PL,D,20131008,000000,31,31,31,31,50,0
RCFS4ESX.PL,D,20131009,000000,30.59,30.59,30.59,30.59,150,0
RCFS4ESX.PL,D,20131015,000000,27.17,27.17,27.17,27.17,700,0
RCFS4ESX.PL,D,20131021,000000,26.41,26.44,26.41,26.44,2988,0
RCFS4ESX.PL,D,20131022,000000,25.61,25.61,25.61,25.61,2000,0
RCFS4ESX.PL,D,20131023,000000,26.31,26.31,26.31,26.31,2873,0
RCFS4ESX.PL,D,20131024,000000,26.5,26.5,26.5,26.5,300,0
RCFS4ESX.PL,D,20131029,000000,25.98,25.98,25.98,25.98,35,0
RCFS4ESX.PL,D,20131031,000000,25.77,25.77,25.77,25.77,100,0
RCFS4ESX.PL,D,20131104,000000,25.1,25.1,25.1,25.1,1063,0
RCFS4ESX.PL,D,20131105,000000,26,26,26,26,55,0
RCFS4ESX.PL,D,20131114,000000,25.21,25.21,25.21,25.21,60,0
RCFS4ESX.PL,D,20131115,000000,24.97,24.97,24.97,24.97,30,0
RCFS4ESX.PL,D,20131118,000000,24.1,24.1,23.84,23.84,355,0
RCFS4ESX.PL,D,20131120,000000,24.86,24.86,24.86,24.86,1063,0
RCFS4ESX.PL,D,20131125,000000,24.7,24.7,24.7,24.7,18,0
RCFS4ESX.PL,D,20131203,000000,24.84,24.84,24.84,24.84,100,0
RCFS4ESX.PL,D,20131204,000000,25.74,26.7,25.74,26.7,2100,0
RCFS4ESX.PL,D,20131206,000000,27.66,27.87,27.66,27.87,168,0
RCFS4ESX.PL,D,20131212,000000,28.44,29.31,28.44,29.31,158,0
RCFS4ESX.PL,D,20131216,000000,27.44,27.44,26.74,27.27,200,0
RCFS4ESX.PL,D,20131218,000000,27.56,27.56,27.15,27.36,142,0
RCFS4ESX.PL,D,20131219,000000,25.64,25.64,24.7,25.05,267,0
RCFS4ESX.PL,D,20131220,000000,24.17,24.8,24.17,24.74,278,0
RCFS4ESX.PL,D,20140102,000000,23.38,23.85,23.32,23.85,1174,0
RCFS4ESX.PL,D,20140103,000000,23.8,23.8,23.8,23.8,10,0
RCFS4ESX.PL,D,20140109,000000,22.54,22.92,21.7,21.7,4941,0
RCFS4ESX.PL,D,20140115,000000,21.95,21.95,21.58,21.65,81,0
RCFS4ESX.PL,D,20140116,000000,21.12,21.12,20.52,21.09,154,0
RCFS4ESX.PL,D,20140117,000000,20.47,20.47,20.47,20.47,200,0
RCFS4ESX.PL,D,20140123,000000,21.7,22.29,21.7,22.29,395,0
RCFS4ESX.PL,D,20140124,000000,21.68,24.75,21.68,24.75,15410,0
RCFS4ESX.PL,D,20140128,000000,23.91,24.26,23.83,24.26,2876,0
RCFS4ESX.PL,D,20140129,000000,26.32,26.32,25.78,25.78,135,0
RCFS4ESX.PL,D,20140130,000000,25.29,25.6,23.97,24.87,315,0
RCFS4ESX.PL,D,20140131,000000,25.11,25.47,25.11,25.47,51,0
RCFS4ESX.PL,D,20140203,000000,25.69,26.41,25.69,26.41,10055,0
RCFS4ESX.PL,D,20140204,000000,26.97,27.54,26.45,26.45,260,0
RCFS4ESX.PL,D,20140205,000000,27.02,27.02,26.41,26.41,80,0
RCFS4ESX.PL,D,20140206,000000,25.89,25.89,25.46,25.46,45,0
RCFS4ESX.PL,D,20140211,000000,23.52,23.52,23.52,23.52,40,0
RCFS4ESX.PL,D,20140212,000000,22.49,22.49,22.49,22.49,50,0
RCFS4ESX.PL,D,20140213,000000,22.92,22.92,22.92,22.92,85,0
RCFS4ESX.PL,D,20140214,000000,21.71,21.71,21.56,21.56,1080,0
RCFS4ESX.PL,D,20140217,000000,21.52,21.52,21.52,21.52,25,0
RCFS4ESX.PL,D,20140218,000000,21.59,22.16,21.59,21.6,2225,0
RCFS4ESX.PL,D,20140219,000000,21.77,22.25,21.77,21.99,340,0
RCFS4ESX.PL,D,20140220,000000,22.62,22.62,21.78,21.78,495,0
RCFS4ESX.PL,D,20140221,000000,21.39,21.57,21.28,21.28,60,0
RCFS4ESX.PL,D,20140224,000000,21.24,21.24,20.85,20.85,1105,0
RCFS4ESX.PL,D,20140225,000000,20.92,20.92,20.92,20.92,100,0
RCFS4ESX.PL,D,20140226,000000,20.73,20.97,20.73,20.95,299,0
RCFS4ESX.PL,D,20140227,000000,21.84,21.91,21.84,21.91,615,0
RCFS4ESX.PL,D,20140303,000000,22.48,23.27,22.48,23.27,1083,0
RCFS4ESX.PL,D,20140304,000000,20.77,20.77,20.77,20.77,200,0
RCFS4ESX.PL,D,20140305,000000,21.07,21.07,20.84,20.84,640,0
RCFS4ESX.PL,D,20140306,000000,20.49,20.49,20.14,20.45,4150,0
RCFS4ESX.PL,D,20140307,000000,20.46,20.46,20.46,20.46,300,0
RCFS4ESX.PL,D,20140310,000000,21.64,22.37,21.64,22.37,310,0
RCFS4ESX.PL,D,20140312,000000,23.5,23.5,23.44,23.44,631,0
RCFS4ESX.PL,D,20140313,000000,23.01,23.52,23.01,23.52,520,0
RCFS4ESX.PL,D,20140314,000000,23.46,23.46,22.56,22.56,59,0
RCFS4ESX.PL,D,20140317,000000,21.3,21.3,21.3,21.3,131,0
RCFS4ESX.PL,D,20140318,000000,20.04,20.35,19.48,20.35,1000,0
RCFS4ESX.PL,D,20140319,000000,20.49,20.49,20.49,20.49,540,0
RCFS4ESX.PL,D,20140320,000000,23.02,23.02,22.26,22.26,565,0
RCFS4ESX.PL,D,20140324,000000,22.06,22.74,22.06,22.64,151,0
RCFS4ESX.PL,D,20140326,000000,20.88,20.88,19.96,20.12,183,0
RCFS4ESX.PL,D,20140327,000000,20.42,20.42,20.42,20.42,25,0
RCFS4ESX.PL,D,20140328,000000,19.9,20.14,19.85,19.85,765,0
RCFS4ESX.PL,D,20140331,000000,19.29,19.36,19.29,19.36,280,0
RCFS4ESX.PL,D,20140401,000000,19.47,19.47,19.13,19.13,185,0
RCFS4ESX.PL,D,20140402,000000,19.12,19.24,19.09,19.09,5130,0
RCFS4ESX.PL,D,20140403,000000,18.79,18.93,18.61,18.68,370,0
RCFS4ESX.PL,D,20140404,000000,18.57,18.57,17.77,17.77,1072,0
RCFS4ESX.PL,D,20140407,000000,18.65,18.81,18.64,18.64,1500,0
RCFS4ESX.PL,D,20140408,000000,18.6,18.6,18.6,18.6,500,0
RCFS4ESX.PL,D,20140409,000000,18.76,18.76,18.76,18.76,1000,0
RCFS4ESX.PL,D,20140411,000000,20.5,20.85,20.1,20.85,6390,0
RCFS4ESX.PL,D,20140414,000000,20.61,21.13,20.61,21.13,213,0
RCFS4ESX.PL,D,20140415,000000,20.31,20.31,19.89,19.89,530,0
RCFS4ESX.PL,D,20140417,000000,20.22,20.22,19.88,19.88,52,0
RCFS4ESX.PL,D,20140422,000000,19.32,19.32,18.96,18.96,150,0
RCFS4ESX.PL,D,20140423,000000,18.63,18.77,18.63,18.77,220,0
RCFS4ESX.PL,D,20140424,000000,18.51,19.54,18.42,19.23,1324,0
RCFS4ESX.PL,D,20140425,000000,19.43,19.68,19.43,19.68,300,0
RCFS4ESX.PL,D,20140428,000000,19.06,19.37,19.01,19.01,740,0
RCFS4ESX.PL,D,20140429,000000,18.58,18.58,18.47,18.47,420,0
RCFS4ESX.PL,D,20140430,000000,18.62,18.62,18.62,18.62,100,0
RCFS4ESX.PL,D,20140505,000000,19.27,19.27,19,19,990,0
RCFS4ESX.PL,D,20140507,000000,19.6,19.6,18.9,19.33,481,0
RCFS4ESX.PL,D,20140508,000000,18.15,18.39,17.89,17.89,640,0
RCFS4ESX.PL,D,20140512,000000,17.93,17.93,17.93,17.93,35,0
RCFS4ESX.PL,D,20140515,000000,16.97,17.5,16.97,17.5,1040,0
RCFS4ESX.PL,D,20140516,000000,18.38,18.38,18.36,18.36,725,0
RCFS4ESX.PL,D,20140526,000000,16.68,16.68,15.91,16.58,476,0
RCFS4ESX.PL,D,20140527,000000,16.33,16.33,16.33,16.33,500,0
RCFS4ESX.PL,D,20140528,000000,16.3,16.3,16.3,16.3,100,0
RCFS4ESX.PL,D,20140529,000000,16,16,15.5,15.5,135,0
RCFS4ESX.PL,D,20140603,000000,15.88,16.09,15.88,16.09,116,0
RCFS4ESX.PL,D,20140605,000000,15.99,15.99,15.99,15.99,34,0
RCFS4ESX.PL,D,20140606,000000,14.75,14.75,14.75,14.75,191,0
RCFS4ESX.PL,D,20140609,000000,14.26,14.89,14.26,14.89,150,0
RCFS4ESX.PL,D,20140610,000000,14.76,14.76,14.76,14.76,100,0
RCFS4ESX.PL,D,20140611,000000,14.84,14.84,14.84,14.84,18,0
RCFS4ESX.PL,D,20140612,000000,14.97,14.97,14.97,14.97,240,0
RCFS4ESX.PL,D,20140617,000000,15.48,15.53,15.48,15.53,735,0
RCFS4ESX.PL,D,20140623,000000,15.34,15.34,15.06,15.06,216,0
RCFS4ESX.PL,D,20140624,000000,15.24,15.24,15.24,15.24,484,0
RCFS4ESX.PL,D,20140625,000000,15.35,15.76,15.35,15.67,20045,0
RCFS4ESX.PL,D,20140626,000000,15.55,16.24,15.52,16.24,31054,0
RCFS4ESX.PL,D,20140627,000000,16.08,16.09,15.62,15.62,4754,0
RCFS4ESX.PL,D,20140702,000000,15.52,15.52,14.94,15.33,2173,0
RCFS4ESX.PL,D,20140703,000000,15.5,15.5,14.54,14.54,7250,0
RCFS4ESX.PL,D,20140707,000000,15.76,15.76,15.76,15.76,100,0
RCFS4ESX.PL,D,20140708,000000,15.34,16.29,15.34,15.74,6399,0
RCFS4ESX.PL,D,20140709,000000,16.16,16.3,16.16,16.3,291,0
RCFS4ESX.PL,D,20140710,000000,16.66,17.7,16.66,16.95,1682,0
RCFS4ESX.PL,D,20140711,000000,17.43,17.43,16.58,17.21,945,0
RCFS4ESX.PL,D,20140714,000000,16.63,16.86,16.3,16.3,20366,0
RCFS4ESX.PL,D,20140715,000000,16.47,17.39,16.39,16.9,14393,0
RCFS4ESX.PL,D,20140716,000000,16.51,16.51,15.89,16.05,6628,0
RCFS4ESX.PL,D,20140718,000000,17.12,17.12,17.12,17.12,48,0
RCFS4ESX.PL,D,20140721,000000,17.04,17.13,17.04,17.13,120,0
RCFS4ESX.PL,D,20140728,000000,17,17,17,17,56,0
RCFS4ESX.PL,D,20140731,000000,17.02,18.02,17.02,18.02,123,0
RCFS4ESX.PL,D,20140801,000000,18.66,18.66,18.07,18.32,220,0
RCFS4ESX.PL,D,20140804,000000,18.6,18.61,18.33,18.61,560,0
RCFS4ESX.PL,D,20140805,000000,18.96,19.05,18.96,19.05,2695,0
RCFS4ESX.PL,D,20140806,000000,19.31,20.02,19.31,19.75,405,0
RCFS4ESX.PL,D,20140808,000000,20.87,21,20.18,20.4,2912,0
RCFS4ESX.PL,D,20140811,000000,19.42,19.55,19.42,19.55,2615,0
RCFS4ESX.PL,D,20140812,000000,19.64,19.64,19.64,19.64,46,0
RCFS4ESX.PL,D,20140814,000000,19.61,19.61,18.65,18.65,420,0
RCFS4ESX.PL,D,20140818,000000,19.08,19.08,19.08,19.08,13,0
RCFS4ESX.PL,D,20140819,000000,18.14,18.14,18.14,18.14,200,0
RCFS4ESX.PL,D,20140820,000000,18.35,18.35,18.35,18.35,300,0
RCFS4ESX.PL,D,20140822,000000,18.09,18.09,18.09,18.09,50,0
RCFS4ESX.PL,D,20140825,000000,17.45,17.59,16.42,16.42,667,0
RCFS4ESX.PL,D,20140826,000000,16.91,16.91,15.91,15.91,105,0
RCFS4ESX.PL,D,20140827,000000,16.09,16.3,16.09,16.3,450,0
RCFS4ESX.PL,D,20140828,000000,16.82,16.82,16.82,16.82,222,0
RCFS4ESX.PL,D,20140829,000000,16.62,17.18,16.53,17.18,1238,0
RCFS4ESX.PL,D,20140901,000000,16.68,16.86,16.68,16.86,1363,0
RCFS4ESX.PL,D,20140902,000000,16.23,16.47,15.64,16.46,8037,0
RCFS4ESX.PL,D,20140903,000000,15.64,15.73,15.54,15.54,281,0
RCFS4ESX.PL,D,20140904,000000,16,16,14.63,14.81,930,0
RCFS4ESX.PL,D,20140905,000000,14.8,14.8,14.57,14.57,100,0
RCFS4ESX.PL,D,20140910,000000,15.3,15.3,15.19,15.2,148,0
RCFS4ESX.PL,D,20140911,000000,15.02,15.02,15.02,15.02,151,0
RCFS4ESX.PL,D,20140918,000000,14.7,14.7,14.7,14.7,100,0
RCFS4ESX.PL,D,20140919,000000,14.21,14.56,14.21,14.56,135,0
RCFS4ESX.PL,D,20140922,000000,14.6,14.6,14.6,14.6,50,0
RCFS4ESX.PL,D,20140923,000000,15.66,15.66,14.92,14.92,150,0
RCFS4ESX.PL,D,20140926,000000,15.18,15.18,15.18,15.18,130,0
RCFS4ESX.PL,D,20140929,000000,15.35,15.71,15.35,15.65,380,0
RCFS4ESX.PL,D,20141001,000000,14.5,14.5,14.5,14.5,122,0
RCFS4ESX.PL,D,20141002,000000,15.31,16.73,15.31,16.44,435,0
RCFS4ESX.PL,D,20141003,000000,16.45,16.45,16.45,16.45,50,0
RCFS4ESX.PL,D,20141006,000000,15.72,15.72,15.72,15.72,300,0
RCFS4ESX.PL,D,20141007,000000,16.7,17.3,16.7,17.3,127,0
RCFS4ESX.PL,D,20141008,000000,17.76,18.4,17.76,18.4,85,0
RCFS4ESX.PL,D,20141009,000000,17.4,18.52,17.4,18.52,3372,0
RCFS4ESX.PL,D,20141010,000000,19.37,20.18,19.3,19.76,5202,0
RCFS4ESX.PL,D,20141013,000000,20.09,20.09,19.23,19.23,95,0
RCFS4ESX.PL,D,20141014,000000,19.75,19.75,19.51,19.7,3050,0
RCFS4ESX.PL,D,20141015,000000,22,22,22,22,100,0
RCFS4ESX.PL,D,20141016,000000,22.91,25.02,22.59,24.31,1364,0
RCFS4ESX.PL,D,20141017,000000,21.23,21.23,20.57,20.57,50,0
RCFS4ESX.PL,D,20141020,000000,21.06,21.65,21,21.06,644,0
RCFS4ESX.PL,D,20141021,000000,21.55,21.55,19.84,19.9,550,0
RCFS4ESX.PL,D,20141022,000000,19.72,19.72,19.3,19.3,2938,0
RCFS4ESX.PL,D,20141023,000000,19.93,19.93,18.3,19,4542,0
RCFS4ESX.PL,D,20141024,000000,18.62,18.62,18.49,18.49,8512,0
RCFS4ESX.PL,D,20141027,000000,19.38,19.38,18.5,19.08,1385,0
RCFS4ESX.PL,D,20141028,000000,18.17,18.17,18.17,18.17,30,0
RCFS4ESX.PL,D,20141029,000000,18.15,18.25,17.89,17.89,405,0
RCFS4ESX.PL,D,20141030,000000,19.26,19.26,18.61,18.61,1107,0
RCFS4ESX.PL,D,20141031,000000,17.46,17.46,16.45,16.45,2709,0
RCFS4ESX.PL,D,20141103,000000,16.8,16.8,16.8,16.8,30,0
RCFS4ESX.PL,D,20141105,000000,17.14,17.32,17.14,17.32,220,0
RCFS4ESX.PL,D,20141106,000000,16.72,16.92,16,16.92,1884,0
RCFS4ESX.PL,D,20141107,000000,16.2,16.2,16.2,16.2,100,0
RCFS4ESX.PL,D,20141110,000000,17.18,17.18,17.18,17.18,25,0
RCFS4ESX.PL,D,20141112,000000,17.03,17.03,17,17,6096,0
RCFS4ESX.PL,D,20141113,000000,16.92,18.11,16.92,17.29,730,0
RCFS4ESX.PL,D,20141114,000000,17.18,17.19,17.18,17.19,195,0
RCFS4ESX.PL,D,20141117,000000,17.7,17.7,16.74,16.9,335,0
RCFS4ESX.PL,D,20141118,000000,16.53,16.56,16.15,16.24,1020,0
RCFS4ESX.PL,D,20141119,000000,15.9,15.95,15.8,15.82,782,0
RCFS4ESX.PL,D,20141120,000000,16.4,16.4,16.4,16.4,30,0
RCFS4ESX.PL,D,20141121,000000,15.69,15.69,14.5,14.52,9025,0
RCFS4ESX.PL,D,20141124,000000,13.8,13.93,13.8,13.93,2935,0
RCFS4ESX.PL,D,20141125,000000,13.92,13.94,13.5,13.94,370,0
RCFS4ESX.PL,D,20141126,000000,13.85,13.85,13.85,13.85,100,0
RCFS4ESX.PL,D,20141127,000000,13.29,13.63,13.09,13.52,2855,0
RCFS4ESX.PL,D,20141128,000000,13.53,13.63,13.53,13.63,90,0
RCFS4ESX.PL,D,20141201,000000,13.71,13.79,13.71,13.79,270,0
RCFS4ESX.PL,D,20141202,000000,13.5,13.5,13,13.44,783,0
RCFS4ESX.PL,D,20141204,000000,12.67,14.25,12.67,14.25,280,0
RCFS4ESX.PL,D,20141205,000000,13.2,13.45,12.58,12.9,3460,0
RCFS4ESX.PL,D,20141209,000000,13.7,14.42,13.7,14.04,3291,0
RCFS4ESX.PL,D,20141210,000000,14.29,14.3,14.29,14.3,155,0
RCFS4ESX.PL,D,20141211,000000,14.15,15.17,14.15,15.17,420,0
RCFS4ESX.PL,D,20141212,000000,14.61,14.98,14.6,14.98,17423,0
RCFS4ESX.PL,D,20141215,000000,15.86,17.37,15.49,17.37,785,0
RCFS4ESX.PL,D,20141216,000000,17.32,19.1,17.32,18.07,5400,0
RCFS4ESX.PL,D,20141217,000000,17.19,17.47,16.05,16.53,735,0
RCFS4ESX.PL,D,20141218,000000,15.19,15.19,14.28,14.28,2170,0
RCFS4ESX.PL,D,20141219,000000,14.3,14.3,14.28,14.28,230,0
RCFS4ESX.PL,D,20141222,000000,14.16,14.39,14.16,14.33,595,0
RCFS4ESX.PL,D,20141223,000000,14.32,14.32,14.32,14.32,50,0
RCFS4ESX.PL,D,20141230,000000,14.77,14.77,14.7,14.7,170,0
RCFS4ESX.PL,D,20150102,000000,15.34,15.34,14.53,14.59,1498,0
RCFS4ESX.PL,D,20150105,000000,15,15.81,14.86,15.81,662,0
RCFS4ESX.PL,D,20150107,000000,17.21,17.21,16,16.07,4431,0
RCFS4ESX.PL,D,20150108,000000,15.55,15.67,14.37,14.37,2310,0
RCFS4ESX.PL,D,20150109,000000,14.83,16.13,14.83,15.47,2078,0
RCFS4ESX.PL,D,20150112,000000,15.75,16.08,15.03,16.08,304,0
RCFS4ESX.PL,D,20150113,000000,15.03,15.03,14.09,14.28,732,0
RCFS4ESX.PL,D,20150114,000000,14.6,15.17,14.44,15.17,695,0
RCFS4ESX.PL,D,20150115,000000,13.73,15.64,13.63,13.96,2167,0
RCFS4ESX.PL,D,20150116,000000,13.46,14.25,13.26,13.26,2966,0
RCFS4ESX.PL,D,20150119,000000,13,13,12.41,12.75,151,0
RCFS4ESX.PL,D,20150120,000000,12.68,12.69,12.39,12.69,540,0
RCFS4ESX.PL,D,20150121,000000,11.85,12.69,11.85,12.3,1537,0
RCFS4ESX.PL,D,20150122,000000,11.53,11.89,11.05,11.89,423,0
RCFS4ESX.PL,D,20150123,000000,10.03,10.49,9.97,10.05,2530,0
RCFS4ESX.PL,D,20150126,000000,10.05,10.25,9.8,9.8,496,0
RCFS4ESX.PL,D,20150127,000000,9.98,9.98,9.65,9.67,604,0
RCFS4ESX.PL,D,20150128,000000,10.77,10.77,10.69,10.69,470,0
RCFS4ESX.PL,D,20150129,000000,10.48,10.5,10.48,10.5,200,0
RCFS4ESX.PL,D,20150130,000000,10.25,10.25,10.25,10.25,100,0
RCFS4ESX.PL,D,20150202,000000,10.59,10.59,10.43,10.56,5145,0
RCFS4ESX.PL,D,20150203,000000,9.68,9.85,9.54,9.73,760,0
RCFS4ESX.PL,D,20150204,000000,9.6,9.6,9.6,9.6,4,0
RCFS4ESX.PL,D,20150205,000000,9.62,9.84,9.62,9.84,537,0
RCFS4ESX.PL,D,20150206,000000,9.8,9.88,9.76,9.76,1503,0
RCFS4ESX.PL,D,20150209,000000,10.44,10.44,10.3,10.3,1100,0
RCFS4ESX.PL,D,20150212,000000,9.51,9.51,9.26,9.26,6091,0
RCFS4ESX.PL,D,20150213,000000,9.2,9.23,9.05,9.09,3268,0
RCFS4ESX.PL,D,20150216,000000,9.05,9.3,9.05,9.3,130,0
RCFS4ESX.PL,D,20150217,000000,9.59,9.59,9.57,9.57,2150,0
RCFS4ESX.PL,D,20150218,000000,9.18,9.18,9,9,700,0
RCFS4ESX.PL,D,20150219,000000,8.85,8.9,8.8,8.8,336,0
RCFS4ESX.PL,D,20150220,000000,8.8,8.8,8.7,8.7,200,0
RCFS4ESX.PL,D,20150223,000000,8.39,8.39,8.39,8.39,500,0
RCFS4ESX.PL,D,20150224,000000,8.42,8.42,8.2,8.2,560,0
RCFS4ESX.PL,D,20150226,000000,7.94,7.99,7.94,7.95,505,0
RCFS4ESX.PL,D,20150227,000000,7.88,7.97,7.88,7.97,550,0
RCFS4ESX.PL,D,20150302,000000,7.85,7.85,7.7,7.7,500,0
RCFS4ESX.PL,D,20150303,000000,7.5,7.99,7.5,7.99,2649,0
RCFS4ESX.PL,D,20150304,000000,8.27,8.27,8.06,8.06,2104,0
RCFS4ESX.PL,D,20150305,000000,7.29,7.29,7.29,7.29,670,0
RCFS4ESX.PL,D,20150306,000000,8.08,8.08,7.4,7.47,540,0
RCFS4ESX.PL,D,20150309,000000,7.68,7.69,7.68,7.69,1000,0
RCFS4ESX.PL,D,20150310,000000,7.69,7.92,7.69,7.92,3197,0
RCFS4ESX.PL,D,20150311,000000,7.84,7.84,7.2,7.25,1917,0
RCFS4ESX.PL,D,20150312,000000,7,7.28,7,7.28,661,0
RCFS4ESX.PL,D,20150313,000000,7.35,7.35,7.35,7.35,450,0
RCFS4ESX.PL,D,20150316,000000,6.96,6.96,6.76,6.76,2398,0
RCFS4ESX.PL,D,20150317,000000,7.16,7.16,7.16,7.16,100,0
RCFS4ESX.PL,D,20150318,000000,6.83,6.96,6.83,6.96,550,0
RCFS4ESX.PL,D,20150319,000000,6.9,6.9,6.9,6.9,200,0
RCFS4ESX.PL,D,20150320,000000,6.67,6.67,6.47,6.47,1350,0
RCFS4ESX.PL,D,20150323,000000,6.81,6.81,6.77,6.77,350,0
RCFS4ESX.PL,D,20150324,000000,6.69,6.69,6.46,6.46,800,0
RCFS4ESX.PL,D,20150326,000000,7.19,7.19,6.84,6.95,2000,0
RCFS4ESX.PL,D,20150327,000000,6.67,6.67,6.53,6.53,1100,0
RCFS4ESX.PL,D,20150330,000000,6.6,6.6,6.46,6.46,710,0
RCFS4ESX.PL,D,20150331,000000,6.48,6.48,6.48,6.48,80,0
RCFS4ESX.PL,D,20150401,000000,6.5,6.5,6.29,6.32,1180,0
RCFS4ESX.PL,D,20150407,000000,6.1,6.23,5.96,6.1,1450,0
RCFS4ESX.PL,D,20150408,000000,6.11,6.15,6.11,6.15,2000,0
RCFS4ESX.PL,D,20150409,000000,6.07,6.07,6.04,6.04,400,0
RCFS4ESX.PL,D,20150410,000000,5.53,5.53,5.53,5.53,80,0
RCFS4ESX.PL,D,20150413,000000,5.6,5.6,5.6,5.6,80,0
RCFS4ESX.PL,D,20150414,000000,5.81,5.88,5.81,5.85,266,0
RCFS4ESX.PL,D,20150416,000000,6.05,6.05,6.05,6.05,200,0
RCFS4ESX.PL,D,20150417,000000,6.51,6.51,6.51,6.51,10,0
RCFS4ESX.PL,D,20150420,000000,6.33,6.33,6.33,6.33,88,0
RCFS4ESX.PL,D,20150421,000000,5.93,5.93,5.93,5.93,585,0
RCFS4ESX.PL,D,20150422,000000,6.25,6.29,6.2,6.24,835,0
RCFS4ESX.PL,D,20150423,000000,6.18,6.56,6.18,6.56,350,0
RCFS4ESX.PL,D,20150424,000000,6.17,6.17,6.16,6.16,206,0
RCFS4ESX.PL,D,20150427,000000,6.25,6.25,5.62,5.79,4000,0
RCFS4ESX.PL,D,20150429,000000,6.26,6.55,6.26,6.55,12,0
RCFS4ESX.PL,D,20150430,000000,6.66,7.03,6.66,6.87,1780,0
RCFS4ESX.PL,D,20150505,000000,6.66,6.93,6.66,6.92,1250,0
RCFS4ESX.PL,D,20150506,000000,7.06,7.15,6.77,6.97,3700,0
RCFS4ESX.PL,D,20150507,000000,7.21,7.55,7.21,7.3,1360,0
RCFS4ESX.PL,D,20150508,000000,7.01,7.01,6.54,6.54,871,0
RCFS4ESX.PL,D,20150511,000000,6.58,6.58,6.58,6.58,84,0
RCFS4ESX.PL,D,20150515,000000,6.67,6.67,6.67,6.67,8,0
RCFS4ESX.PL,D,20150518,000000,6.82,6.82,6.61,6.61,468,0
RCFS4ESX.PL,D,20150521,000000,6.11,6.11,6.11,6.11,13,0
RCFS4ESX.PL,D,20150522,000000,6.03,6.03,6.03,6.03,500,0
RCFS4ESX.PL,D,20150527,000000,6.42,6.43,6.42,6.43,700,0
RCFS4ESX.PL,D,20150528,000000,6.13,6.13,6.13,6.13,150,0
RCFS4ESX.PL,D,20150601,000000,6.51,6.7,6.51,6.7,245,0
RCFS4ESX.PL,D,20150603,000000,6.55,6.55,6.55,6.55,200,0
RCFS4ESX.PL,D,20150608,000000,7.3,7.3,7.17,7.17,639,0
RCFS4ESX.PL,D,20150609,000000,7.4,7.6,7.4,7.6,385,0
RCFS4ESX.PL,D,20150610,000000,7.45,7.45,6.95,6.95,730,0
RCFS4ESX.PL,D,20150611,000000,6.6,6.6,6.5,6.5,1100,0
RCFS4ESX.PL,D,20150612,000000,7.05,7.11,7.05,7.11,590,0
RCFS4ESX.PL,D,20150615,000000,7.59,7.59,7.29,7.4,437,0
RCFS4ESX.PL,D,20150616,000000,7.75,7.83,7.73,7.73,350,0
RCFS4ESX.PL,D,20150618,000000,7.9,7.9,7.9,7.9,100,0
RCFS4ESX.PL,D,20150622,000000,6.8,6.8,6.5,6.5,205,0
RCFS4ESX.PL,D,20150623,000000,6.13,6.13,6,6,1750,0
RCFS4ESX.PL,D,20150629,000000,6.71,6.71,6.71,6.71,43,0
RCFS4ESX.PL,D,20150703,000000,7.27,7.27,7.27,7.27,41,0
RCFS4ESX.PL,D,20150706,000000,7.56,7.8,7.56,7.8,1500,0
RCFS4ESX.PL,D,20150707,000000,8.01,8.26,8,8.26,1200,0
RCFS4ESX.PL,D,20150708,000000,8.46,8.49,8.4,8.49,370,0
RCFS4ESX.PL,D,20150709,000000,7.87,7.87,7.3,7.3,585,0
RCFS4ESX.PL,D,20150710,000000,6.5,6.5,6.5,6.5,100,0
RCFS4ESX.PL,D,20150713,000000,6.14,6.14,5.98,5.98,1850,0
RCFS4ESX.PL,D,20150714,000000,6.05,6.05,6.05,6.05,200,0
RCFS4ESX.PL,D,20150715,000000,5.83,5.83,5.49,5.73,323,0
RCFS4ESX.PL,D,20150716,000000,5.44,5.44,5.27,5.3,2891,0
RCFS4ESX.PL,D,20150717,000000,5.46,5.46,5.46,5.46,400,0
RCFS4ESX.PL,D,20150720,000000,5.37,5.37,5.37,5.37,50,0
RCFS4ESX.PL,D,20150721,000000,5.4,5.42,5.35,5.42,624,0
RCFS4ESX.PL,D,20150723,000000,5.3,5.38,5.3,5.38,1400,0
RCFS4ESX.PL,D,20150724,000000,5.65,5.65,5.65,5.65,500,0
RCFS4ESX.PL,D,20150727,000000,5.94,5.94,5.94,5.94,500,0
RCFS4ESX.PL,D,20150728,000000,5.9,5.9,5.9,5.9,6000,0
RCFS4ESX.PL,D,20150730,000000,5.6,5.6,5.6,5.6,1000,0
RCFS4ESX.PL,D,20150810,000000,5.61,5.61,5.31,5.31,4000,0
RCFS4ESX.PL,D,20150811,000000,5.49,5.49,5.49,5.49,20,0
RCFS4ESX.PL,D,20150812,000000,5.99,6.53,5.99,6.53,1315,0
RCFS4ESX.PL,D,20150814,000000,6.48,6.48,6.48,6.48,1000,0
RCFS4ESX.PL,D,20150817,000000,6.5,6.51,6.5,6.51,115,0
RCFS4ESX.PL,D,20150818,000000,6.44,6.44,6.44,6.44,600,0
RCFS4ESX.PL,D,20150820,000000,6.75,7.1,6.75,7.1,6434,0
RCFS4ESX.PL,D,20150821,000000,7.7,8.05,7.3,8.05,4383,0
RCFS4ESX.PL,D,20150824,000000,9.37,10.89,9.02,10.89,1948,0
RCFS4ESX.PL,D,20150825,000000,9.78,9.78,8.22,8.22,1880,0
RCFS4ESX.PL,D,20150826,000000,8.72,8.72,8.35,8.57,12275,0
RCFS4ESX.PL,D,20150827,000000,7.95,7.95,7.35,7.71,975,0
RCFS4ESX.PL,D,20150828,000000,7.54,7.55,7.54,7.55,1200,0
RCFS4ESX.PL,D,20150901,000000,8.59,8.59,8.45,8.45,3620,0
RCFS4ESX.PL,D,20150902,000000,8.41,8.41,8.41,8.41,130,0
RCFS4ESX.PL,D,20150904,000000,8.3,8.3,8.3,8.3,100,0
RCFS4ESX.PL,D,20150907,000000,8.3,8.3,8.3,8.3,200,0
RCFS4ESX.PL,D,20150909,000000,7.12,7.26,7.12,7.26,255,0
RCFS4ESX.PL,D,20150910,000000,7.61,7.61,7.61,7.61,223,0
RCFS4ESX.PL,D,20150911,000000,7.84,7.84,7.84,7.84,3470,0
RCFS4ESX.PL,D,20150915,000000,8.17,8.17,8.17,8.17,122,0
RCFS4ESX.PL,D,20150916,000000,7.61,7.61,7.61,7.61,132,0
RCFS4ESX.PL,D,20150917,000000,7.6,7.6,7.6,7.6,30,0
RCFS4ESX.PL,D,20150921,000000,8.06,8.06,8.06,8.06,32,0
RCFS4ESX.PL,D,20150922,000000,8.52,8.87,8.52,8.87,116,0
RCFS4ESX.PL,D,20150923,000000,8.84,8.84,8.66,8.66,66,0
RCFS4ESX.PL,D,20150924,000000,9.5,9.5,9.5,9.5,200,0
RCFS4ESX.PL,D,20150925,000000,8.73,8.73,8.4,8.4,3420,0
RCFS4ESX.PL,D,20150928,000000,8.93,8.93,8.93,8.93,1500,0
RCFS4ESX.PL,D,20150929,000000,10,10,9.55,9.87,1750,0
RCFS4ESX.PL,D,20151002,000000,8.36,9.15,8.36,9.15,6800,0
RCFS4ESX.PL,D,20151005,000000,7.88,7.88,7.65,7.65,550,0
RCFS4ESX.PL,D,20151006,000000,7.5,7.5,7.43,7.47,5548,0
RCFS4ESX.PL,D,20151007,000000,7.28,7.28,7.03,7.03,3265,0
RCFS4ESX.PL,D,20151008,000000,7.13,7.42,7.13,7.42,220,0
RCFS4ESX.PL,D,20151009,000000,7.2,7.2,7,7,3060,0
RCFS4ESX.PL,D,20151012,000000,7.2,7.2,7.05,7.05,410,0
RCFS4ESX.PL,D,20151013,000000,7.34,7.34,7.26,7.26,500,0
RCFS4ESX.PL,D,20151019,000000,6.8,6.8,6.8,6.8,2985,0
RCFS4ESX.PL,D,20151021,000000,6.98,7,6.96,6.96,1253,0
RCFS4ESX.PL,D,20151022,000000,6.99,6.99,6.33,6.33,3200,0
RCFS4ESX.PL,D,20151023,000000,5.75,6.03,5.4,5.75,5889,0
RCFS4ESX.PL,D,20151026,000000,5.63,5.82,5.63,5.82,670,0
RCFS4ESX.PL,D,20151028,000000,5.94,5.94,5.85,5.85,2600,0
RCFS4ESX.PL,D,20151029,000000,5.94,5.94,5.94,5.94,500,0
RCFS4ESX.PL,D,20151102,000000,5.79,5.79,5.68,5.72,550,0
RCFS4ESX.PL,D,20151103,000000,5.55,5.72,5.55,5.72,2959,0
RCFS4ESX.PL,D,20151104,000000,5.5,5.5,5.47,5.48,4013,0
RCFS4ESX.PL,D,20151105,000000,5.45,5.45,5.45,5.45,50,0
RCFS4ESX.PL,D,20151109,000000,5.54,5.6,5.54,5.6,880,0
RCFS4ESX.PL,D,20151110,000000,5.71,5.71,5.71,5.71,750,0
RCFS4ESX.PL,D,20151116,000000,6.23,6.23,5.9,5.9,500,0
RCFS4ESX.PL,D,20151117,000000,5.62,5.62,5.62,5.62,20,0
RCFS4ESX.PL,D,20151118,000000,5.68,5.68,5.62,5.62,478,0
RCFS4ESX.PL,D,20151119,000000,5.35,5.37,5.1,5.23,2106,0
RCFS4ESX.PL,D,20151120,000000,5.51,5.51,5.51,5.51,200,0
RCFS4ESX.PL,D,20151123,000000,5.31,5.31,5.31,5.31,40,0
RCFS4ESX.PL,D,20151124,000000,5.77,5.83,5.77,5.83,1050,0
RCFS4ESX.PL,D,20151126,000000,5.08,5.25,5,5.25,820,0
RCFS4ESX.PL,D,20151127,000000,5.16,5.16,5.16,5.16,100,0
RCFS4ESX.PL,D,20151130,000000,5.15,5.15,5.15,5.15,150,0
RCFS4ESX.PL,D,20151202,000000,5,5,5,5,700,0
RCFS4ESX.PL,D,20151203,000000,5.5,6.07,5.49,5.86,2865,0
RCFS4ESX.PL,D,20151204,000000,6.2,6.33,6.09,6.09,7730,0
RCFS4ESX.PL,D,20151207,000000,5.57,5.57,5.57,5.57,5000,0
RCFS4ESX.PL,D,20151209,000000,6.7,6.7,6.7,6.7,150,0
RCFS4ESX.PL,D,20151210,000000,6.82,6.82,6.7,6.7,280,0
RCFS4ESX.PL,D,20151211,000000,6.82,7.13,6.82,7.11,2520,0
RCFS4ESX.PL,D,20151215,000000,7.25,7.25,7.25,7.25,40,0
RCFS4ESX.PL,D,20151216,000000,6.5,6.6,6.33,6.6,320,0
RCFS4ESX.PL,D,20151218,000000,6.21,6.21,6.21,6.21,50,0
RCFS4ESX.PL,D,20151221,000000,6.61,6.61,6.4,6.42,530,0
RCFS4ESX.PL,D,20151228,000000,6.4,6.4,6.4,6.4,58,0
RCFS4ESX.PL,D,20151229,000000,6,6.18,6,6.09,2601,0
RCFS4ESX.PL,D,20151230,000000,6.19,6.19,6.19,6.19,200,0
RCFS4ESX.PL,D,20160104,000000,6.82,7.14,6.82,6.96,1639,0
RCFS4ESX.PL,D,20160105,000000,7.06,7.15,7.02,7.03,2366,0
RCFS4ESX.PL,D,20160107,000000,8.36,8.4,7.64,7.64,7229,0
RCFS4ESX.PL,D,20160108,000000,7.7,7.96,7.63,7.96,3742,0
RCFS4ESX.PL,D,20160111,000000,8.21,8.44,8.21,8.44,1694,0
RCFS4ESX.PL,D,20160112,000000,8.01,8.01,7.69,7.71,1725,0
RCFS4ESX.PL,D,20160113,000000,7.3,7.79,7.3,7.79,2791,0
RCFS4ESX.PL,D,20160114,000000,8.5,8.5,8.5,8.5,123,0
RCFS4ESX.PL,D,20160115,000000,8.67,8.9,8.67,8.9,378,0
RCFS4ESX.PL,D,20160118,000000,9.48,9.8,9.48,9.63,5000,0
RCFS4ESX.PL,D,20160119,000000,9.24,9.24,9,9,1180,0
RCFS4ESX.PL,D,20160120,000000,10.22,10.22,10.05,10.05,3125,0
RCFS4ESX.PL,D,20160122,000000,8.33,8.33,8.17,8.17,117,0
RCFS4ESX.PL,D,20160125,000000,8.44,8.44,8.44,8.44,500,0
RCFS4ESX.PL,D,20160126,000000,8.99,8.99,8.99,8.99,500,0
RCFS4ESX.PL,D,20160127,000000,8.54,8.54,8.52,8.52,1045,0
RCFS4ESX.PL,D,20160128,000000,8.78,8.78,8.66,8.66,1000,0
RCFS4ESX.PL,D,20160129,000000,8.56,8.56,8.2,8.2,1000,0
RCFS4ESX.PL,D,20160201,000000,8.19,8.41,8.15,8.15,3733,0
RCFS4ESX.PL,D,20160202,000000,8.73,9.1,8.73,9.1,40,0
RCFS4ESX.PL,D,20160203,000000,9.21,9.21,9.09,9.09,3640,0
RCFS4ESX.PL,D,20160204,000000,9.7,9.7,9.7,9.7,133,0
RCFS4ESX.PL,D,20160208,000000,10.26,10.63,10.26,10.63,1300,0
RCFS4ESX.PL,D,20160209,000000,10.73,12.33,10.73,11.49,5652,0
RCFS4ESX.PL,D,20160210,000000,10.66,10.85,10.5,10.5,2611,0
RCFS4ESX.PL,D,20160211,000000,12,12.72,12,12.26,4140,0
RCFS4ESX.PL,D,20160212,000000,11.8,11.92,11.32,11.7,7206,0
RCFS4ESX.PL,D,20160215,000000,9.96,9.97,9.62,9.97,4030,0
RCFS4ESX.PL,D,20160216,000000,9.86,9.92,9.8,9.8,1550,0
RCFS4ESX.PL,D,20160217,000000,10.09,10.09,9.01,9.21,10345,0
RCFS4ESX.PL,D,20160218,000000,8.72,9.15,8.72,8.94,3283,0
RCFS4ESX.PL,D,20160219,000000,8.84,9.6,8.84,9.6,2094,0
RCFS4ESX.PL,D,20160222,000000,8.56,8.62,8.4,8.62,240,0
RCFS4ESX.PL,D,20160223,000000,8.62,8.71,8.62,8.71,175,0
RCFS4ESX.PL,D,20160224,000000,9.44,9.75,9.44,9.75,563,0
RCFS4ESX.PL,D,20160225,000000,9.55,9.55,8.9,9.09,3338,0
RCFS4ESX.PL,D,20160226,000000,8.3,8.3,8.04,8.2,1019,0
RCFS4ESX.PL,D,20160229,000000,8.87,8.87,8.87,8.87,25,0
RCFS4ESX.PL,D,20160301,000000,8.12,8.12,7.54,7.54,1077,0
RCFS4ESX.PL,D,20160302,000000,7.15,7.69,7.15,7.69,2240,0
RCFS4ESX.PL,D,20160303,000000,7.42,7.55,7.42,7.55,85,0
RCFS4ESX.PL,D,20160304,000000,7.38,7.43,7,7,3010,0
RCFS4ESX.PL,D,20160308,000000,7.76,7.78,7.24,7.6,3106,0
RCFS4ESX.PL,D,20160309,000000,7.4,7.43,6.94,7.17,851,0
RCFS4ESX.PL,D,20160310,000000,7.1,7.1,6.3,6.74,3207,0
RCFS4ESX.PL,D,20160311,000000,6.88,6.95,6.8,6.82,4900,0
RCFS4ESX.PL,D,20160314,000000,6.53,6.53,6.5,6.5,681,0
RCFS4ESX.PL,D,20160315,000000,6.93,6.93,6.93,6.93,65,0
RCFS4ESX.PL,D,20160316,000000,6.84,6.84,6.84,6.84,150,0
RCFS4ESX.PL,D,20160317,000000,6.76,7.2,6.76,7,3250,0
RCFS4ESX.PL,D,20160318,000000,6.88,6.89,6.75,6.89,3250,0
RCFS4ESX.PL,D,20160321,000000,6.83,6.87,6.5,6.66,1328,0
RCFS4ESX.PL,D,20160322,000000,7,7.1,7,7.1,2700,0
RCFS4ESX.PL,D,20160323,000000,6.74,6.74,6.68,6.73,827,0
RCFS4ESX.PL,D,20160324,000000,6.97,7.38,6.97,7.38,767,0
RCFS4ESX.PL,D,20160329,000000,7.23,7.44,7.23,7.44,498,0
RCFS4ESX.PL,D,20160330,000000,6.61,6.76,6.61,6.76,380,0
RCFS4ESX.PL,D,20160331,000000,7.1,7.23,7.1,7.23,280,0
RCFS4ESX.PL,D,20160401,000000,7.41,7.66,7.41,7.59,4190,0
RCFS4ESX.PL,D,20160404,000000,7.75,7.75,7.1,7.1,1649,0
RCFS4ESX.PL,D,20160405,000000,7.89,8.19,7.89,8.19,87,0
RCFS4ESX.PL,D,20160407,000000,8.3,8.3,8.29,8.3,444,0
RCFS4ESX.PL,D,20160408,000000,8.32,8.32,7.8,7.8,1921,0
RCFS4ESX.PL,D,20160411,000000,8.23,8.23,8.23,8.23,400,0
RCFS4ESX.PL,D,20160413,000000,7.3,7.3,6.8,6.8,3167,0
RCFS4ESX.PL,D,20160414,000000,6.72,6.82,6.55,6.63,1668,0
RCFS4ESX.PL,D,20160415,000000,6.6,6.71,6.6,6.69,1867,0
RCFS4ESX.PL,D,20160418,000000,6.7,6.74,6.6,6.74,600,0
RCFS4ESX.PL,D,20160419,000000,6.44,6.44,6.1,6.1,2519,0
RCFS4ESX.PL,D,20160420,000000,5.98,6,5.98,5.99,585,0
RCFS4ESX.PL,D,20160421,000000,5.8,6,5.68,5.88,2465,0
RCFS4ESX.PL,D,20160422,000000,5.9,6.01,5.9,5.96,784,0
RCFS4ESX.PL,D,20160425,000000,6.15,6.15,6.15,6.15,100,0
RCFS4ESX.PL,D,20160426,000000,6,6.18,6,6.18,230,0
RCFS4ESX.PL,D,20160427,000000,6.06,6.13,6.06,6.12,2900,0
RCFS4ESX.PL,D,20160428,000000,6.49,6.49,6.49,6.49,800,0
RCFS4ESX.PL,D,20160429,000000,6.54,6.7,6.3,6.45,1570,0
RCFS4ESX.PL,D,20160502,000000,6.5,6.5,6.5,6.5,200,0
RCFS4ESX.PL,D,20160504,000000,7,7.55,6.9,7.55,4245,0
RCFS4ESX.PL,D,20160505,000000,7.3,7.3,7.3,7.3,800,0
RCFS4ESX.PL,D,20160506,000000,7.63,7.7,7.14,7.16,2060,0
RCFS4ESX.PL,D,20160509,000000,7.07,7.42,7.07,7.42,71,0
RCFS4ESX.PL,D,20160512,000000,7.17,7.18,6.76,7.14,3311,0
RCFS4ESX.PL,D,20160513,000000,7.3,7.33,7.3,7.3,6000,0
RCFS4ESX.PL,D,20160517,000000,6.9,7,6.78,7,1920,0
RCFS4ESX.PL,D,20160519,000000,7.17,7.2,7.17,7.2,2080,0
RCFS4ESX.PL,D,20160523,000000,6.96,6.96,6.96,6.96,200,0
RCFS4ESX.PL,D,20160524,000000,6.81,6.93,6.55,6.55,3856,0
RCFS4ESX.PL,D,20160525,000000,6.27,6.27,5.85,5.85,2345,0
RCFS4ESX.PL,D,20160527,000000,6,6,5.87,5.94,5176,0
RCFS4ESX.PL,D,20160530,000000,5.87,5.87,5.8,5.83,4250,0
RCFS4ESX.PL,D,20160531,000000,5.82,5.86,5.82,5.85,342,0
RCFS4ESX.PL,D,20160601,000000,6.2,6.2,6.2,6.2,323,0
RCFS4ESX.PL,D,20160602,000000,6.19,6.19,6.19,6.19,1,0
RCFS4ESX.PL,D,20160603,000000,6.41,6.54,6.3,6.3,3600,0
RCFS4ESX.PL,D,20160608,000000,6.19,6.19,6.08,6.08,3273,0
RCFS4ESX.PL,D,20160609,000000,6.18,6.18,6.18,6.18,200,0
RCFS4ESX.PL,D,20160610,000000,6.54,6.9,6.54,6.84,7881,0
RCFS4ESX.PL,D,20160613,000000,7.21,7.52,7.14,7.22,1335,0
RCFS4ESX.PL,D,20160614,000000,7.73,8.1,7.7,7.71,2864,0
RCFS4ESX.PL,D,20160615,000000,7.61,7.77,7.61,7.77,333,0
RCFS4ESX.PL,D,20160616,000000,7.99,8.38,7.93,8.38,5945,0
RCFS4ESX.PL,D,20160620,000000,6.76,6.76,6.55,6.6,2717,0
RCFS4ESX.PL,D,20160621,000000,6.55,6.55,6.4,6.49,3653,0
RCFS4ESX.PL,D,20160622,000000,6.24,6.36,6.15,6.17,2430,0
RCFS4ESX.PL,D,20160623,000000,6.21,6.21,5.68,5.73,1208,0
RCFS4ESX.PL,D,20160624,000000,8.02,8.42,7.54,7.85,4408,0
RCFS4ESX.PL,D,20160627,000000,7.8,8.6,7.8,8.6,9466,0
RCFS4ESX.PL,D,20160628,000000,7.68,7.85,7.55,7.65,4820,0
RCFS4ESX.PL,D,20160629,000000,7.51,7.51,7,7,370,0
RCFS4ESX.PL,D,20160630,000000,6.99,7.03,6.93,7,6215,0
RCFS4ESX.PL,D,20160701,000000,6.8,6.8,6.28,6.28,7519,0
RCFS4ESX.PL,D,20160704,000000,6.64,6.72,6.64,6.72,2070,0
RCFS4ESX.PL,D,20160705,000000,7,7.18,7,7.18,2190,0
RCFS4ESX.PL,D,20160706,000000,7.31,7.31,7.31,7.31,15,0
RCFS4ESX.PL,D,20160707,000000,7.2,7.35,7.2,7.35,350,0
RCFS4ESX.PL,D,20160708,000000,7.25,7.25,6.84,6.86,120,0
RCFS4ESX.PL,D,20160711,000000,6.37,6.73,6.36,6.58,6315,0
RCFS4ESX.PL,D,20160712,000000,6.29,6.29,5.8,6.06,2655,0
RCFS4ESX.PL,D,20160713,000000,5.99,6,5.93,6,1314,0
RCFS4ESX.PL,D,20160714,000000,5.75,5.8,5.75,5.77,779,0
RCFS4ESX.PL,D,20160715,000000,5.82,5.87,5.82,5.85,1907,0
RCFS4ESX.PL,D,20160718,000000,5.9,5.9,5.87,5.87,350,0
RCFS4ESX.PL,D,20160719,000000,6.11,6.11,6.11,6.11,25,0
RCFS4ESX.PL,D,20160720,000000,5.89,5.9,5.5,5.76,3662,0
RCFS4ESX.PL,D,20160721,000000,5.72,5.82,5.72,5.81,522,0
RCFS4ESX.PL,D,20160722,000000,5.73,5.73,5.61,5.72,830,0
RCFS4ESX.PL,D,20160725,000000,5.5,5.5,5.4,5.42,2100,0
RCFS4ESX.PL,D,20160727,000000,5.45,5.45,5.37,5.37,612,0
RCFS4ESX.PL,D,20160728,000000,5.4,5.4,5.4,5.4,400,0
RCFS4ESX.PL,D,20160729,000000,5.57,5.6,5.57,5.59,563,0
RCFS4ESX.PL,D,20160801,000000,5.15,5.15,5.15,5.15,442,0
RCFS4ESX.PL,D,20160803,000000,5.87,5.87,5.87,5.87,20,0
RCFS4ESX.PL,D,20160804,000000,5.8,5.87,5.7,5.87,5160,0
RCFS4ESX.PL,D,20160805,000000,5.23,5.23,5.23,5.23,5000,0
RCFS4ESX.PL,D,20160808,000000,5.2,5.2,5.07,5.15,420,0
RCFS4ESX.PL,D,20160809,000000,5.29,5.29,5.14,5.14,75,0
RCFS4ESX.PL,D,20160810,000000,5.12,5.13,5.07,5.13,1285,0
RCFS4ESX.PL,D,20160811,000000,5.02,5.05,5,5.02,925,0
RCFS4ESX.PL,D,20160812,000000,4.9,4.9,4.7,4.7,583,0
RCFS4ESX.PL,D,20160816,000000,5.08,5.08,5,5.02,614,0
RCFS4ESX.PL,D,20160817,000000,5.33,5.38,5.33,5.38,640,0
RCFS4ESX.PL,D,20160819,000000,5.46,5.5,5.46,5.5,3290,0
RCFS4ESX.PL,D,20160822,000000,5.25,5.25,5.09,5.09,950,0
RCFS4ESX.PL,D,20160823,000000,5.38,5.38,5.38,5.38,260,0
RCFS4ESX.PL,D,20160825,000000,5.39,5.39,5.39,5.39,220,0
RCFS4ESX.PL,D,20160829,000000,5.42,5.42,5.41,5.41,2000,0
RCFS4ESX.PL,D,20160830,000000,5.1,5.12,4.86,5.05,7873,0
RCFS4ESX.PL,D,20160831,000000,5.03,5.03,4.8,5,9400,0
RCFS4ESX.PL,D,20160901,000000,4.85,4.85,4.8,4.8,250,0
RCFS4ESX.PL,D,20160902,000000,5.14,5.14,4.83,4.83,3909,0
RCFS4ESX.PL,D,20160905,000000,4.75,4.79,4.7,4.78,3080,0
RCFS4ESX.PL,D,20160906,000000,4.7,4.81,4.66,4.81,6000,0
RCFS4ESX.PL,D,20160907,000000,4.8,4.8,4.61,4.65,4870,0
RCFS4ESX.PL,D,20160908,000000,4.61,4.9,4.6,4.82,41608,0
RCFS4ESX.PL,D,20160909,000000,4.79,4.96,4.79,4.96,27144,0
RCFS4ESX.PL,D,20160912,000000,5.21,5.22,5.02,5.02,6832,0
RCFS4ESX.PL,D,20160913,000000,4.95,5.23,4.87,5.22,56200,0
RCFS4ESX.PL,D,20160914,000000,5.2,5.2,5.2,5.2,2317,0
RCFS4ESX.PL,D,20160915,000000,5.3,5.35,5.16,5.35,2140,0
RCFS4ESX.PL,D,20160916,000000,5.19,5.44,5.19,5.44,945,0
RCFS4ESX.PL,D,20160920,000000,5.14,5.14,5.14,5.14,500,0
RCFS4ESX.PL,D,20160921,000000,5,5,4.92,4.96,2657,0
RCFS4ESX.PL,D,20160922,000000,4.85,4.85,4.7,4.7,3100,0
RCFS4ESX.PL,D,20160923,000000,4.72,4.72,4.7,4.7,1000,0
RCFS4ESX.PL,D,20160926,000000,5.1,5.27,5.1,5.27,6000,0
RCFS4ESX.PL,D,20160927,000000,4.95,5.33,4.95,5.33,1240,0
RCFS4ESX.PL,D,20160928,000000,5,5,4.99,5,1000,0
RCFS4ESX.PL,D,20160929,000000,5.02,5.09,5.02,5.09,800,0
RCFS4ESX.PL,D,20160930,000000,5.35,5.4,5.35,5.4,1900,0
RCFS4ESX.PL,D,20161004,000000,4.94,4.94,4.93,4.93,137,0
RCFS4ESX.PL,D,20161005,000000,4.99,5.02,4.9,4.9,20300,0
RCFS4ESX.PL,D,20161006,000000,4.81,4.96,4.81,4.89,5710,0
RCFS4ESX.PL,D,20161007,000000,4.94,4.94,4.94,4.94,5,0
RCFS4ESX.PL,D,20161010,000000,5.09,5.09,4.84,4.84,1380,0
RCFS4ESX.PL,D,20161011,000000,4.8,4.83,4.72,4.83,8311,0
RCFS4ESX.PL,D,20161012,000000,4.9,4.97,4.9,4.97,5066,0
RCFS4ESX.PL,D,20161013,000000,5.21,5.29,5.2,5.29,15204,0
RCFS4ESX.PL,D,20161014,000000,4.9,4.9,4.82,4.82,9544,0
RCFS4ESX.PL,D,20161018,000000,4.76,4.76,4.71,4.72,2360,0
RCFS4ESX.PL,D,20161019,000000,4.79,4.79,4.65,4.65,2628,0
RCFS4ESX.PL,D,20161020,000000,4.65,4.65,4.52,4.6,5060,0
RCFS4ESX.PL,D,20161021,000000,4.51,4.62,4.51,4.62,1800,0
RCFS4ESX.PL,D,20161024,000000,4.47,4.47,4.35,4.41,4735,0
RCFS4ESX.PL,D,20161025,000000,4.45,4.45,4.43,4.43,737,0
RCFS4ESX.PL,D,20161026,000000,4.55,4.59,4.55,4.59,225,0
RCFS4ESX.PL,D,20161027,000000,4.49,4.58,4.49,4.58,900,0
RCFS4ESX.PL,D,20161028,000000,4.6,4.62,4.6,4.62,400,0
RCFS4ESX.PL,D,20161031,000000,4.6,4.6,4.39,4.39,10000,0
RCFS4ESX.PL,D,20161102,000000,4.8,4.8,4.8,4.8,206,0
RCFS4ESX.PL,D,20161104,000000,5.05,5.33,5.04,5.11,20156,0
RCFS4ESX.PL,D,20161107,000000,4.76,4.96,4.76,4.95,2632,0
RCFS4ESX.PL,D,20161108,000000,4.89,4.92,4.89,4.92,1020,0
RCFS4ESX.PL,D,20161109,000000,5.21,5.21,4.75,4.83,12941,0
RCFS4ESX.PL,D,20161110,000000,4.5,4.5,4.15,4.5,139261,0
RCFS4ESX.PL,D,20161114,000000,4.7,4.83,4.44,4.47,7100,0
RCFS4ESX.PL,D,20161115,000000,4.45,4.78,4.45,4.72,4540,0
RCFS4ESX.PL,D,20161116,000000,4.71,4.72,4.71,4.72,2000,0
RCFS4ESX.PL,D,20161118,000000,4.56,4.56,4.56,4.56,200,0
RCFS4ESX.PL,D,20161122,000000,4.5,4.5,4.43,4.43,1150,0
RCFS4ESX.PL,D,20161123,000000,4.73,4.73,4.73,4.73,300,0
RCFS4ESX.PL,D,20161128,000000,4.82,4.82,4.82,4.82,2000,0
RCFS4ESX.PL,D,20161130,000000,4.66,4.66,4.66,4.66,932,0
RCFS4ESX.PL,D,20161201,000000,4.6,4.85,4.6,4.85,2165,0
RCFS4ESX.PL,D,20161205,000000,4.75,4.75,4.39,4.59,6420,0
RCFS4ESX.PL,D,20161206,000000,4.57,4.59,4.29,4.29,10962,0
RCFS4ESX.PL,D,20161207,000000,4.24,4.24,4.14,4.14,6990,0
RCFS4ESX.PL,D,20161208,000000,3.9,4.16,3.88,4,26470,0
RCFS4ESX.PL,D,20161209,000000,3.94,3.95,3.86,3.89,5495,0
RCFS4ESX.PL,D,20161212,000000,3.8,3.8,3.8,3.8,200,0
RCFS4ESX.PL,D,20161213,000000,3.83,3.83,3.51,3.51,8250,0
RCFS4ESX.PL,D,20161214,000000,3.74,3.74,3.74,3.74,138,0
RCFS4ESX.PL,D,20161215,000000,3.65,3.73,3.55,3.66,940,0
RCFS4ESX.PL,D,20161216,000000,3.57,3.57,3.55,3.55,675,0
RCFS4ESX.PL,D,20161219,000000,3.58,3.59,3.58,3.59,360,0
RCFS4ESX.PL,D,20161220,000000,3.51,3.52,3.5,3.5,1430,0
RCFS4ESX.PL,D,20161221,000000,3.54,3.54,3.54,3.54,217,0
RCFS4ESX.PL,D,20161222,000000,3.54,3.55,3.51,3.55,3360,0
RCFS4ESX.PL,D,20161227,000000,3.45,3.45,3.21,3.22,3446,0
RCFS4ESX.PL,D,20161228,000000,3.3,3.3,3.26,3.26,2780,0
RCFS4ESX.PL,D,20161229,000000,3.35,3.35,3.35,3.35,1500,0
RCFS4ESX.PL,D,20161230,000000,3.29,3.53,3.29,3.45,2170,0
RCFS4ESX.PL,D,20170102,000000,3.35,3.35,3.35,3.35,298,0
RCFS4ESX.PL,D,20170103,000000,3.25,3.26,3.15,3.26,909,0
RCFS4ESX.PL,D,20170109,000000,3.13,3.13,3.13,3.13,500,0
RCFS4ESX.PL,D,20170113,000000,3.16,3.16,3.16,3.16,400,0
RCFS4ESX.PL,D,20170116,000000,3.31,3.31,3.31,3.31,7,0
RCFS4ESX.PL,D,20170118,000000,3.17,3.19,3.17,3.19,90,0
RCFS4ESX.PL,D,20170119,000000,3.25,3.25,3.2,3.2,40,0
RCFS4ESX.PL,D,20170120,000000,3.42,3.42,3.17,3.17,365,0
RCFS4ESX.PL,D,20170125,000000,3.17,3.17,3.11,3.11,905,0
RCFS4ESX.PL,D,20170126,000000,3.11,3.11,2.95,2.95,11700,0
RCFS4ESX.PL,D,20170127,000000,3.3,3.31,3.3,3.31,2015,0
RCFS4ESX.PL,D,20170131,000000,3.45,3.45,3.45,3.45,20,0
RCFS4ESX.PL,D,20170201,000000,3.45,3.45,3.45,3.45,295,0
RCFS4ESX.PL,D,20170203,000000,3.12,3.12,3.1,3.1,6760,0
RCFS4ESX.PL,D,20170206,000000,3.38,3.38,3.38,3.38,1000,0
RCFS4ESX.PL,D,20170210,000000,3.1,3.1,3.1,3.1,850,0
RCFS4ESX.PL,D,20170214,000000,3.22,3.22,3.22,3.22,807,0
RCFS4ESX.PL,D,20170216,000000,3.19,3.22,3.19,3.19,185,0
RCFS4ESX.PL,D,20170220,000000,3.05,3.22,3.05,3.22,158,0
RCFS4ESX.PL,D,20170221,000000,3.13,3.13,3.07,3.07,1159,0
RCFS4ESX.PL,D,20170222,000000,3.05,3.05,3.05,3.05,221,0
RCFS4ESX.PL,D,20170223,000000,3.09,3.09,3.09,3.09,30,0
RCFS4ESX.PL,D,20170224,000000,3.3,3.3,3.3,3.3,500,0
RCFS4ESX.PL,D,20170227,000000,3.17,3.18,2.97,3.18,2325,0
RCFS4ESX.PL,D,20170301,000000,2.94,2.94,2.9,2.9,630,0
RCFS4ESX.PL,D,20170302,000000,2.92,2.92,2.9,2.92,2044,0
RCFS4ESX.PL,D,20170303,000000,2.92,2.92,2.89,2.89,3343,0
RCFS4ESX.PL,D,20170306,000000,2.92,2.92,2.92,2.92,7,0
RCFS4ESX.PL,D,20170308,000000,2.94,2.95,2.86,2.86,1988,0
RCFS4ESX.PL,D,20170309,000000,2.87,2.92,2.85,2.85,2047,0
RCFS4ESX.PL,D,20170310,000000,2.83,2.83,2.65,2.77,7830,0
RCFS4ESX.PL,D,20170313,000000,2.82,2.82,2.82,2.82,273,0
RCFS4ESX.PL,D,20170315,000000,2.86,2.86,2.86,2.86,280,0
RCFS4ESX.PL,D,20170316,000000,2.76,2.76,2.76,2.76,500,0
RCFS4ESX.PL,D,20170317,000000,2.77,2.77,2.6,2.6,1710,0
RCFS4ESX.PL,D,20170321,000000,2.67,2.71,2.67,2.7,3000,0
RCFS4ESX.PL,D,20170322,000000,2.82,2.82,2.79,2.79,1292,0
RCFS4ESX.PL,D,20170323,000000,2.61,2.61,2.61,2.61,535,0
RCFS4ESX.PL,D,20170327,000000,2.61,2.61,2.61,2.61,60,0
RCFS4ESX.PL,D,20170328,000000,2.7,2.7,2.7,2.7,747,0
RCFS4ESX.PL,D,20170329,000000,2.58,2.6,2.58,2.6,1612,0
RCFS4ESX.PL,D,20170330,000000,2.56,2.56,2.54,2.54,500,0
RCFS4ESX.PL,D,20170331,000000,2.58,2.59,2.58,2.59,756,0
RCFS4ESX.PL,D,20170403,000000,2.49,2.51,2.49,2.51,12215,0
RCFS4ESX.PL,D,20170404,000000,2.51,2.6,2.46,2.46,2034,0
RCFS4ESX.PL,D,20170405,000000,2.4,2.4,2.27,2.27,12555,0
RCFS4ESX.PL,D,20170406,000000,2.4,2.4,2.37,2.37,1000,0
RCFS4ESX.PL,D,20170407,000000,2.31,2.4,2.31,2.4,114,0
RCFS4ESX.PL,D,20170410,000000,2.41,2.41,2.41,2.41,335,0
RCFS4ESX.PL,D,20170412,000000,2.44,2.44,2.44,2.44,533,0
RCFS4ESX.PL,D,20170413,000000,2.4,2.5,2.4,2.5,2100,0
RCFS4ESX.PL,D,20170418,000000,2.57,2.57,2.46,2.46,1400,0
RCFS4ESX.PL,D,20170419,000000,2.45,2.57,2.45,2.57,63,0
RCFS4ESX.PL,D,20170424,000000,2.15,2.16,2.1,2.13,4864,0
RCFS4ESX.PL,D,20170425,000000,2.09,2.09,2.07,2.07,1400,0
RCFS4ESX.PL,D,20170426,000000,2,2,2,2,671,0
RCFS4ESX.PL,D,20170427,000000,2.1,2.1,2.1,2.1,250,0
RCFS4ESX.PL,D,20170428,000000,2.13,2.13,2.1,2.1,1760,0
RCFS4ESX.PL,D,20170504,000000,1.99,1.99,1.96,1.96,8061,0
RCFS4ESX.PL,D,20170505,000000,1.94,1.94,1.8,1.8,9697,0
RCFS4ESX.PL,D,20170508,000000,1.84,1.85,1.84,1.85,5250,0
RCFS4ESX.PL,D,20170509,000000,1.86,1.86,1.8,1.85,3210,0
RCFS4ESX.PL,D,20170510,000000,1.88,1.88,1.88,1.88,213,0
RCFS4ESX.PL,D,20170516,000000,1.82,1.86,1.82,1.85,3204,0
RCFS4ESX.PL,D,20170518,000000,1.95,2.06,1.87,2.05,5912,0
RCFS4ESX.PL,D,20170523,000000,1.94,1.95,1.91,1.92,30000,0
RCFS4ESX.PL,D,20170524,000000,1.94,1.94,1.92,1.92,15300,0
RCFS4ESX.PL,D,20170526,000000,2,2.01,1.96,1.96,15507,0
RCFS4ESX.PL,D,20170529,000000,1.95,1.95,1.95,1.95,5000,0
RCFS4ESX.PL,D,20170531,000000,1.93,1.93,1.92,1.92,500,0
RCFS4ESX.PL,D,20170602,000000,1.85,1.9,1.77,1.9,43397,0
RCFS4ESX.PL,D,20170606,000000,1.94,1.99,1.94,1.95,3048,0
RCFS4ESX.PL,D,20170607,000000,1.98,1.98,1.98,1.98,1000,0
RCFS4ESX.PL,D,20170608,000000,1.99,1.99,1.97,1.97,1240,0
RCFS4ESX.PL,D,20170612,000000,1.92,1.92,1.92,1.92,520,0
RCFS4ESX.PL,D,20170614,000000,1.82,1.93,1.81,1.93,2122,0
RCFS4ESX.PL,D,20170619,000000,1.9,1.91,1.82,1.91,2360,0
RCFS4ESX.PL,D,20170627,000000,1.96,1.96,1.96,1.96,5000,0
RCFS4ESX.PL,D,20170630,000000,2.12,2.15,2.12,2.15,3760,0
RCFS4ESX.PL,D,20170703,000000,2.02,2.02,2.02,2.02,6000,0
RCFS4ESX.PL,D,20170712,000000,2.01,2.01,2.01,2.01,100,0
RCFS4ESX.PL,D,20170720,000000,1.92,1.92,1.92,1.92,1300,0
RCFS4ESX.PL,D,20170721,000000,2.11,2.11,2.11,2.11,1000,0
RCFS4ESX.PL,D,20170725,000000,2.01,2.09,2,2.09,2948,0
RCFS4ESX.PL,D,20170726,000000,2.08,2.08,2.08,2.08,300,0
RCFS4ESX.PL,D,20170727,000000,2.05,2.05,2.05,2.05,50,0
RCFS4ESX.PL,D,20170731,000000,2.03,2.03,2.03,2.03,130,0
RCFS4ESX.PL,D,20170803,000000,2.03,2.03,2.03,2.03,10500,0
RCFS4ESX.PL,D,20170804,000000,2.05,2.05,2.05,2.05,3000,0
RCFS4ESX.PL,D,20170809,000000,2.1,2.15,2.1,2.15,8762,0
RCFS4ESX.PL,D,20170810,000000,2.23,2.23,2.23,2.23,700,0
RCFS4ESX.PL,D,20170811,000000,2.25,2.25,2.18,2.18,679,0
RCFS4ESX.PL,D,20170814,000000,2.15,2.15,2.15,2.15,1298,0
RCFS4ESX.PL,D,20170816,000000,2.05,2.05,2.05,2.05,200,0
RCFS4ESX.PL,D,20170817,000000,2.03,2.03,2.03,2.03,200,0
RCFS4ESX.PL,D,20170818,000000,2.15,2.15,2.1,2.1,480,0
RCFS4ESX.PL,D,20170821,000000,2.1,2.11,2.1,2.1,3111,0
RCFS4ESX.PL,D,20170828,000000,2.18,2.18,2.18,2.18,228,0
RCFS4ESX.PL,D,20170829,000000,2.19,2.3,2.19,2.19,976,0
RCFS4ESX.PL,D,20170830,000000,2.15,2.15,2.15,2.15,15,0
RCFS4ESX.PL,D,20170901,000000,2.05,2.05,2.05,2.05,443,0
RCFS4ESX.PL,D,20170904,000000,2.15,2.15,2.15,2.15,350,0
RCFS4ESX.PL,D,20170907,000000,2.14,2.14,2.08,2.08,3600,0
RCFS4ESX.PL,D,20170911,000000,2.07,2.07,1.98,1.98,2455,0
RCFS4ESX.PL,D,20170912,000000,1.91,1.91,1.91,1.91,1090,0
RCFS4ESX.PL,D,20170913,000000,1.91,1.91,1.91,1.91,890,0
RCFS4ESX.PL,D,20170921,000000,1.85,1.85,1.85,1.85,200,0
RCFS4ESX.PL,D,20170922,000000,1.93,1.93,1.91,1.91,5000,0
RCFS4ESX.PL,D,20170925,000000,1.82,1.82,1.82,1.82,5000,0
RCFS4ESX.PL,D,20170926,000000,1.92,1.92,1.92,1.92,50,0
RCFS4ESX.PL,D,20170927,000000,1.89,1.89,1.89,1.89,685,0
RCFS4ESX.PL,D,20170929,000000,1.87,1.87,1.87,1.87,369,0
RCFS4ESX.PL,D,20171002,000000,1.82,1.82,1.81,1.81,2783,0
RCFS4ESX.PL,D,20171003,000000,1.79,1.79,1.79,1.79,220,0
RCFS4ESX.PL,D,20171005,000000,1.78,1.78,1.77,1.77,700,0
RCFS4ESX.PL,D,20171010,000000,1.81,1.81,1.8,1.8,2000,0
RCFS4ESX.PL,D,20171011,000000,1.75,1.75,1.75,1.75,443,0
RCFS4ESX.PL,D,20171012,000000,1.75,1.75,1.7,1.7,1100,0
RCFS4ESX.PL,D,20171013,000000,1.75,1.75,1.75,1.75,320,0
RCFS4ESX.PL,D,20171017,000000,1.75,1.75,1.75,1.75,225,0
RCFS4ESX.PL,D,20171019,000000,1.77,1.78,1.77,1.78,2050,0
RCFS4ESX.PL,D,20171020,000000,1.67,1.75,1.67,1.75,15684,0
RCFS4ESX.PL,D,20171023,000000,1.66,1.72,1.66,1.72,815,0
RCFS4ESX.PL,D,20171026,000000,1.7,1.7,1.7,1.7,120,0
RCFS4ESX.PL,D,20171027,000000,1.65,1.65,1.65,1.65,1300,0
RCFS4ESX.PL,D,20171102,000000,1.58,1.58,1.58,1.58,370,0
RCFS4ESX.PL,D,20171103,000000,1.6,1.6,1.59,1.59,12500,0
RCFS4ESX.PL,D,20171110,000000,1.75,1.75,1.7,1.7,4165,0
RCFS4ESX.PL,D,20171114,000000,1.84,1.84,1.84,1.84,500,0
RCFS4ESX.PL,D,20171115,000000,1.85,1.9,1.85,1.9,2200,0
RCFS4ESX.PL,D,20171117,000000,1.83,1.83,1.83,1.83,30,0
RCFS4ESX.PL,D,20171120,000000,1.83,1.83,1.83,1.83,1090,0
RCFS4ESX.PL,D,20171130,000000,1.71,1.71,1.71,1.71,585,0
RCFS4ESX.PL,D,20171204,000000,1.76,1.76,1.76,1.76,40,0
RCFS4ESX.PL,D,20171206,000000,1.82,1.82,1.82,1.82,100,0
RCFS4ESX.PL,D,20171212,000000,1.76,1.76,1.76,1.76,56,0
RCFS4ESX.PL,D,20171213,000000,1.73,1.73,1.73,1.73,40,0
RCFS4ESX.PL,D,20171218,000000,1.65,1.65,1.65,1.65,1000,0
RCFS4ESX.PL,D,20171222,000000,1.78,1.78,1.78,1.78,2786,0
RCFS4ESX.PL,D,20171228,000000,1.71,1.74,1.71,1.74,2025,0
RCFS4ESX.PL,D,20171229,000000,1.76,1.88,1.76,1.88,3733,0
RCFS4ESX.PL,D,20180103,000000,1.88,1.88,1.88,1.88,200,0
RCFS4ESX.PL,D,20180104,000000,1.76,1.76,1.7,1.7,1957,0
RCFS4ESX.PL,D,20180105,000000,1.68,1.68,1.68,1.68,588,0
RCFS4ESX.PL,D,20180109,000000,1.62,1.62,1.62,1.62,50,0
RCFS4ESX.PL,D,20180112,000000,1.59,1.59,1.59,1.59,56,0
RCFS4ESX.PL,D,20180115,000000,1.64,1.64,1.64,1.64,1283,0
RCFS4ESX.PL,D,20180117,000000,1.65,1.65,1.65,1.65,21,0
RCFS4ESX.PL,D,20180119,000000,1.58,1.58,1.58,1.58,500,0
RCFS4ESX.PL,D,20180122,000000,1.55,1.55,1.55,1.55,600,0
RCFS4ESX.PL,D,20180123,000000,1.52,1.55,1.52,1.54,3050,0
RCFS4ESX.PL,D,20180124,000000,1.54,1.54,1.54,1.54,1049,0
RCFS4ESX.PL,D,20180130,000000,1.6,1.61,1.6,1.61,1234,0
RCFS4ESX.PL,D,20180201,000000,1.6,1.6,1.6,1.6,508,0
RCFS4ESX.PL,D,20180205,000000,1.79,1.79,1.79,1.79,700,0
RCFS4ESX.PL,D,20180206,000000,2.01,2.01,1.9,1.93,2435,0
RCFS4ESX.PL,D,20180207,000000,1.92,1.92,1.92,1.92,100,0
RCFS4ESX.PL,D,20180208,000000,1.94,1.94,1.94,1.94,700,0
RCFS4ESX.PL,D,20180209,000000,2.03,2.15,2.03,2.15,3900,0
RCFS4ESX.PL,D,20180212,000000,2.1,2.1,1.98,1.98,1900,0
RCFS4ESX.PL,D,20180214,000000,2.11,2.11,2.11,2.11,2000,0
RCFS4ESX.PL,D,20180216,000000,1.95,1.95,1.95,1.95,200,0
RCFS4ESX.PL,D,20180222,000000,2,2,2,2,60,0
RCFS4ESX.PL,D,20180223,000000,1.93,1.93,1.93,1.93,80,0
RCFS4ESX.PL,D,20180226,000000,1.86,1.86,1.84,1.84,1100,0
RCFS4ESX.PL,D,20180227,000000,1.86,1.86,1.84,1.85,10600,0
RCFS4ESX.PL,D,20180301,000000,1.99,1.99,1.99,1.99,1000,0
RCFS4ESX.PL,D,20180302,000000,2.13,2.15,2.13,2.15,3000,0
RCFS4ESX.PL,D,20180305,000000,2.05,2.17,2.05,2.17,10973,0
RCFS4ESX.PL,D,20180306,000000,2.05,2.05,2.05,2.05,500,0
RCFS4ESX.PL,D,20180307,000000,1.99,1.99,1.98,1.99,2500,0
RCFS4ESX.PL,D,20180308,000000,1.97,1.97,1.97,1.97,100,0
RCFS4ESX.PL,D,20180312,000000,1.9,1.9,1.9,1.9,500,0
RCFS4ESX.PL,D,20180315,000000,2.01,2.01,2.01,2.01,2000,0
RCFS4ESX.PL,D,20180316,000000,1.84,1.86,1.84,1.86,8750,0
RCFS4ESX.PL,D,20180319,000000,1.97,1.97,1.97,1.97,160,0
RCFS4ESX.PL,D,20180320,000000,1.92,1.92,1.91,1.91,2500,0
RCFS4ESX.PL,D,20180322,000000,1.98,2.06,1.98,2.06,4474,0
RCFS4ESX.PL,D,20180323,000000,2.18,2.18,2.18,2.18,2004,0
RCFS4ESX.PL,D,20180326,000000,2.19,2.22,2.19,2.22,1656,0
RCFS4ESX.PL,D,20180327,000000,2.07,2.07,2.07,2.07,2000,0
RCFS4ESX.PL,D,20180403,000000,2.02,2.02,2.02,2.02,287,0
RCFS4ESX.PL,D,20180404,000000,2.02,2.03,2.02,2.02,3714,0
RCFS4ESX.PL,D,20180406,000000,1.89,1.91,1.89,1.91,607,0
RCFS4ESX.PL,D,20180410,000000,1.83,1.83,1.83,1.83,3750,0
RCFS4ESX.PL,D,20180412,000000,1.83,1.83,1.8,1.8,1850,0
RCFS4ESX.PL,D,20180418,000000,1.66,1.66,1.66,1.66,2000,0
RCFS4ESX.PL,D,20180426,000000,1.7,1.7,1.7,1.7,453,0
RCFS4ESX.PL,D,20180427,000000,1.65,1.65,1.63,1.63,3300,0
RCFS4ESX.PL,D,20180430,000000,1.63,1.63,1.63,1.63,2000,0
RCFS4ESX.PL,D,20180502,000000,1.61,1.61,1.58,1.59,4322,0
RCFS4ESX.PL,D,20180504,000000,1.62,1.62,1.58,1.58,8063,0
RCFS4ESX.PL,D,20180507,000000,1.56,1.56,1.54,1.54,1880,0
RCFS4ESX.PL,D,20180509,000000,1.54,1.54,1.54,1.54,500,0
RCFS4ESX.PL,D,20180510,000000,1.51,1.51,1.51,1.51,543,0
RCFS4ESX.PL,D,20180517,000000,1.52,1.52,1.44,1.44,2543,0
RCFS4ESX.PL,D,20180529,000000,1.74,1.74,1.74,1.74,22,0
RCFS4ESX.PL,D,20180614,000000,1.5,1.5,1.5,1.5,1300,0
RCFS4ESX.PL,D,20180618,000000,1.61,1.62,1.61,1.62,1021,0
RCFS4ESX.PL,D,20180702,000000,1.74,1.74,1.74,1.74,2000,0
RCFS4ESX.PL,D,20180712,000000,1.67,1.67,1.67,1.67,60,0
RCFS4ESX.PL,D,20180713,000000,1.59,1.59,1.59,1.59,625,0
RCFS4ESX.PL,D,20180725,000000,1.51,1.51,1.51,1.51,513,0
RCFS4ESX.PL,D,20180726,000000,1.52,1.52,1.5,1.5,1250,0
RCFS4ESX.PL,D,20180730,000000,1.48,1.48,1.48,1.48,664,0
RCFS4ESX.PL,D,20180731,000000,1.48,1.48,1.48,1.48,500,0
RCFS4ESX.PL,D,20180806,000000,1.5,1.5,1.5,1.5,150,0
RCFS4ESX.PL,D,20180810,000000,1.6,1.6,1.6,1.6,59,0
RCFS4ESX.PL,D,20180817,000000,1.7,1.7,1.7,1.7,200,0
RCFS4ESX.PL,D,20180822,000000,1.6,1.6,1.6,1.6,200,0
RCFS4ESX.PL,D,20180831,000000,1.59,1.59,1.59,1.59,2000,0
RCFS4ESX.PL,D,20180904,000000,1.69,1.69,1.67,1.67,4000,0
RCFS4ESX.PL,D,20180907,000000,1.81,1.83,1.81,1.81,3000,0
RCFS4ESX.PL,D,20180911,000000,1.8,1.8,1.8,1.8,10654,0
RCFS4ESX.PL,D,20180912,000000,1.74,1.74,1.74,1.74,1000,0
RCFS4ESX.PL,D,20180913,000000,1.7,1.75,1.7,1.75,1200,0
RCFS4ESX.PL,D,20180914,000000,1.7,1.7,1.7,1.7,3000,0
RCFS4ESX.PL,D,20180919,000000,1.71,1.71,1.65,1.65,2000,0
RCFS4ESX.PL,D,20180920,000000,1.57,1.57,1.57,1.57,1000,0
RCFS4ESX.PL,D,20180928,000000,1.63,1.63,1.62,1.62,2000,0
RCFS4ESX.PL,D,20181002,000000,1.59,1.59,1.59,1.59,780,0
RCFS4ESX.PL,D,20181012,000000,1.94,1.94,1.94,1.94,5000,0
RCFS4ESX.PL,D,20181016,000000,2,2,2,2,500,0
RCFS4ESX.PL,D,20181019,000000,1.99,1.99,1.98,1.98,1050,0
RCFS4ESX.PL,D,20181023,000000,2.08,2.1,2.08,2.1,3602,0
RCFS4ESX.PL,D,20181024,000000,2,2,2,2,1000,0
RCFS4ESX.PL,D,20181025,000000,2.17,2.17,2.11,2.11,1444,0
RCFS4ESX.PL,D,20181026,000000,2.15,2.22,2.15,2.22,2349,0
RCFS4ESX.PL,D,20181102,000000,1.9,1.9,1.9,1.9,95,0
RCFS4ESX.PL,D,20181106,000000,2,2,2,2,50,0
RCFS4ESX.PL,D,20181108,000000,1.89,1.89,1.89,1.89,2000,0
RCFS4ESX.PL,D,20181113,000000,1.99,1.99,1.97,1.98,1047,0
RCFS4ESX.PL,D,20181114,000000,1.86,1.86,1.86,1.86,3000,0
RCFS4ESX.PL,D,20181115,000000,1.98,1.98,1.98,1.98,1750,0
RCFS4ESX.PL,D,20181119,000000,2.09,2.09,2.09,2.09,500,0
RCFS4ESX.PL,D,20181123,000000,2.07,2.07,2.07,2.07,2000,0
RCFS4ESX.PL,D,20181126,000000,2.04,2.04,2.04,2.04,200,0
RCFS4ESX.PL,D,20181129,000000,1.97,2.02,1.97,2.02,800,0
RCFS4ESX.PL,D,20181206,000000,2.22,2.22,2.22,2.22,675,0
RCFS4ESX.PL,D,20181207,000000,2.23,2.23,2.23,2.23,500,0
RCFS4ESX.PL,D,20181210,000000,2.29,2.3,2.29,2.3,1600,0
RCFS4ESX.PL,D,20181213,000000,2.1,2.1,2.1,2.1,300,0
RCFS4ESX.PL,D,20181220,000000,2.31,2.31,2.31,2.31,333,0
RCFS4ESX.PL,D,20181221,000000,2.32,2.33,2.31,2.32,8600,0
RCFS4ESX.PL,D,20181227,000000,2.36,2.6,2.36,2.6,15265,0
RCFS4ESX.PL,D,20181228,000000,2.39,2.39,2.39,2.39,5000,0
RCFS4ESX.PL,D,20190102,000000,2.55,2.55,2.55,2.55,1000,0
RCFS4ESX.PL,D,20190104,000000,2.35,2.43,2.21,2.22,5820,0
RCFS4ESX.PL,D,20190108,000000,2.24,2.24,2.24,2.24,344,0
RCFS4ESX.PL,D,20190109,000000,2.04,2.15,2.04,2.15,4000,0
RCFS4ESX.PL,D,20190110,000000,2.2,2.2,2.17,2.17,1520,0
RCFS4ESX.PL,D,20190117,000000,2.22,2.22,2.09,2.09,2250,0
RCFS4ESX.PL,D,20190118,000000,2,2,2,2,885,0
RCFS4ESX.PL,D,20190123,000000,2.08,2.08,2.03,2.03,100,0
RCFS4ESX.PL,D,20190125,000000,1.92,1.92,1.9,1.9,901,0
RCFS4ESX.PL,D,20190129,000000,1.91,1.91,1.91,1.91,40,0
RCFS4ESX.PL,D,20190205,000000,1.8,1.8,1.8,1.8,428,0
RCFS4ESX.PL,D,20190208,000000,1.9,1.9,1.9,1.9,500,0
RCFS4ESX.PL,D,20190212,000000,1.81,1.81,1.81,1.81,426,0
RCFS4ESX.PL,D,20190213,000000,1.8,1.8,1.75,1.75,4000,0
RCFS4ESX.PL,D,20190215,000000,1.72,1.72,1.68,1.68,1000,0
RCFS4ESX.PL,D,20190218,000000,1.7,1.7,1.65,1.65,500,0
RCFS4ESX.PL,D,20190221,000000,1.66,1.66,1.66,1.66,464,0
RCFS4ESX.PL,D,20190226,000000,1.66,1.66,1.61,1.61,2505,0
RCFS4ESX.PL,D,20190228,000000,1.61,1.61,1.61,1.61,3000,0
RCFS4ESX.PL,D,20190301,000000,1.56,1.56,1.53,1.55,8030,0
RCFS4ESX.PL,D,20190304,000000,1.53,1.53,1.53,1.53,1100,0
RCFS4ESX.PL,D,20190306,000000,1.51,1.51,1.5,1.5,1610,0
RCFS4ESX.PL,D,20190308,000000,1.62,1.62,1.62,1.62,500,0
RCFS4ESX.PL,D,20190311,000000,1.59,1.59,1.59,1.59,485,0
RCFS4ESX.PL,D,20190312,000000,1.59,1.59,1.59,1.59,900,0
RCFS4ESX.PL,D,20190318,000000,1.42,1.42,1.42,1.42,543,0
RCFS4ESX.PL,D,20190319,000000,1.4,1.4,1.36,1.36,4960,0
RCFS4ESX.PL,D,20190322,000000,1.54,1.54,1.54,1.54,4000,0
RCFS4ESX.PL,D,20190325,000000,1.57,1.57,1.57,1.57,60,0
RCFS4ESX.PL,D,20190326,000000,1.5,1.51,1.5,1.51,1275,0
RCFS4ESX.PL,D,20190329,000000,1.47,1.47,1.47,1.47,1633,0
RCFS4ESX.PL,D,20190402,000000,1.39,1.39,1.39,1.39,100,0
RCFS4ESX.PL,D,20190404,000000,1.32,1.32,1.29,1.29,2097,0
RCFS4ESX.PL,D,20190405,000000,1.29,1.29,1.29,1.29,1300,0
RCFS4ESX.PL,D,20190408,000000,1.3,1.3,1.3,1.3,5150,0
RCFS4ESX.PL,D,20190410,000000,1.3,1.31,1.3,1.31,896,0
RCFS4ESX.PL,D,20190412,000000,1.23,1.23,1.23,1.23,4275,0
RCFS4ESX.PL,D,20190416,000000,1.25,1.26,1.25,1.26,1630,0
RCFS4ESX.PL,D,20190417,000000,1.21,1.22,1.2,1.22,5000,0
RCFS4ESX.PL,D,20190423,000000,1.21,1.21,1.21,1.21,1214,0
RCFS4ESX.PL,D,20190424,000000,1.18,1.18,1.18,1.18,1286,0
RCFS4ESX.PL,D,20190425,000000,1.21,1.21,1.2,1.2,3800,0
RCFS4ESX.PL,D,20190426,000000,1.21,1.21,1.2,1.2,3300,0
RCFS4ESX.PL,D,20190430,000000,1.19,1.19,1.19,1.19,443,0
RCFS4ESX.PL,D,20190507,000000,1.23,1.23,1.21,1.21,1714,0
RCFS4ESX.PL,D,20190513,000000,1.36,1.36,1.36,1.36,523,0
RCFS4ESX.PL,D,20190515,000000,1.31,1.31,1.3,1.31,3500,0
RCFS4ESX.PL,D,20190516,000000,1.28,1.28,1.27,1.27,4960,0
RCFS4ESX.PL,D,20190517,000000,1.22,1.24,1.22,1.24,78,0
RCFS4ESX.PL,D,20190604,000000,1.36,1.36,1.25,1.25,2459,0
RCFS4ESX.PL,D,20190611,000000,1.18,1.18,1.18,1.18,5000,0
RCFS4ESX.PL,D,20190613,000000,1.18,1.18,1.18,1.18,5000,0
RCFS4ESX.PL,D,20190618,000000,1.12,1.12,1.12,1.12,700,0
RCFS4ESX.PL,D,20190627,000000,1.1,1.1,1.1,1.1,1074,0
RCFS4ESX.PL,D,20190703,000000,1.02,1.02,1.02,1.02,5000,0
RCFS4ESX.PL,D,20190705,000000,1.02,1.03,1.02,1.03,4480,0
RCFS4ESX.PL,D,20190708,000000,1.02,1.02,1.02,1.02,770,0
RCFS4ESX.PL,D,20190710,000000,1.01,1.01,1.01,1.01,230,0
RCFS4ESX.PL,D,20190711,000000,1.03,1.03,1.01,1.01,2000,0
RCFS4ESX.PL,D,20190716,000000,1.03,1.03,1.03,1.03,1500,0
RCFS4ESX.PL,D,20190719,000000,1.04,1.04,1.04,1.04,1300,0
RCFS4ESX.PL,D,20190723,000000,1.03,1.03,1.01,1.01,2250,0
RCFS4ESX.PL,D,20190725,000000,0.99,0.99,0.99,0.99,500,0
RCFS4ESX.PL,D,20190730,000000,1.1,1.1,1.1,1.1,1000,0
RCFS4ESX.PL,D,20190802,000000,1.12,1.15,1.12,1.15,1370,0
RCFS4ESX.PL,D,20190805,000000,1.19,1.25,1.19,1.25,3050,0
RCFS4ESX.PL,D,20190806,000000,1.22,1.22,1.22,1.22,670,0
RCFS4ESX.PL,D,20190814,000000,1.27,1.27,1.27,1.27,1000,0
RCFS4ESX.PL,D,20190830,000000,1.06,1.06,1.06,1.06,2000,0
RCFS4ESX.PL,D,20190910,000000,1,1,1,1,800,0
RCFS4ESX.PL,D,20190911,000000,1.01,1.01,1.01,1.01,450,0
RCFS4ESX.PL,D,20191002,000000,1,1,1,1,1400,0
RCFS4ESX.PL,D,20191009,000000,1.07,1.07,1.07,1.07,10000,0
RCFS4ESX.PL,D,20191011,000000,0.95,0.95,0.95,0.95,850,0
RCFS4ESX.PL,D,20191017,000000,0.85,0.85,0.85,0.85,500,0
RCFS4ESX.PL,D,20191018,000000,0.9,0.9,0.9,0.9,1500,0
RCFS4ESX.PL,D,20191028,000000,0.85,0.85,0.85,0.85,900,0
RCFS4ESX.PL,D,20191030,000000,0.82,0.82,0.79,0.79,2525,0
RCFS4ESX.PL,D,20191105,000000,0.82,0.82,0.8,0.8,1800,0
RCFS4ESX.PL,D,20191107,000000,0.78,0.78,0.78,0.78,3300,0
RCFS4ESX.PL,D,20191108,000000,0.74,0.74,0.74,0.74,1250,0
RCFS4ESX.PL,D,20191112,000000,0.78,0.78,0.78,0.78,1800,0
RCFS4ESX.PL,D,20191115,000000,0.76,0.76,0.76,0.76,4000,0
RCFS4ESX.PL,D,20191204,000000,0.8,0.8,0.8,0.8,1150,0
RCFS4ESX.PL,D,20191206,000000,0.76,0.76,0.76,0.76,750,0
RCFS4ESX.PL,D,20191210,000000,0.81,0.81,0.81,0.81,56,0
RCFS4ESX.PL,D,20191211,000000,0.8,0.8,0.8,0.8,1000,0
RCFS4ESX.PL,D,20191213,000000,0.73,0.73,0.73,0.73,500,0
RCFS4ESX.PL,D,20191220,000000,0.68,0.68,0.66,0.66,6500,0
RCFS4ESX.PL,D,20191227,000000,0.7,0.7,0.7,0.7,2282,0
RCFS4ESX.PL,D,20191230,000000,0.7,0.7,0.7,0.7,4000,0
RCFS4ESX.PL,D,20200127,000000,0.72,0.72,0.72,0.72,1100,0
RCFS4ESX.PL,D,20200131,000000,0.72,0.72,0.72,0.72,1100,0
RCFS4ESX.PL,D,20200205,000000,0.63,0.63,0.63,0.63,2200,0
RCFS4ESX.PL,D,20200214,000000,0.64,0.64,0.64,0.64,1500,0
RCFS4ESX.PL,D,20200217,000000,0.64,0.64,0.64,0.64,2100,0
RCFS4ESX.PL,D,20200224,000000,0.76,0.76,0.75,0.75,2303,0
RCFS4ESX.PL,D,20200225,000000,0.76,0.76,0.76,0.76,2000,0
RCFS4ESX.PL,D,20200226,000000,0.79,0.85,0.79,0.85,12229,0
RCFS4ESX.PL,D,20200228,000000,1.00,1.06,1.00,1.04,29141,0
RCFS4ESX.PL,D,20200302,000000,1.00,1.10,0.93,1.05,13700,0
RCFS4ESX.PL,D,20200306,000000,1.11,1.13,1.08,1.13,6720,0
RCFS4ESX.PL,D,20200309,000000,1.45,1.50,1.40,1.42,18614,0
RCFS4ESX.PL,D,20200310,000000,1.40,1.62,1.40,1.62,4670,0
RCFS4ESX.PL,D,20200311,000000,1.50,1.61,1.50,1.61,14000,0
RCFS4ESX.PL,D,20200312,000000,2.00,2.44,2.00,2.44,26300,0
RCFS4ESX.PL,D,20200313,000000,2.40,2.47,1.85,2.47,16057,0
RCFS4ESX.PL,D,20200316,000000,3.06,3.41,2.66,2.81,33685,0
RCFS4ESX.PL,D,20200317,000000,3.00,3.12,3.00,3.12,10000,0
RCFS4ESX.PL,D,20200318,000000,2.90,3.19,2.83,3.15,5900,0
RCFS4ESX.PL,D,20200319,000000,3.27,3.27,2.79,2.79,16209,0
RCFS4ESX.PL,D,20200320,000000,2.11,2.54,2.11,2.54,7800,0
RCFS4ESX.PL,D,20200324,000000,1.94,1.94,1.94,1.94,2500,0
RCFS4ESX.PL,D,20200325,000000,1.54,1.54,1.39,1.39,3000,0
RCFS4ESX.PL,D,20200327,000000,1.46,1.58,1.46,1.58,800,0
RCFS4ESX.PL,D,20200331,000000,1.33,1.33,1.33,1.33,1000,0
RCFS4ESX.PL,D,20200407,000000,1.14,1.14,1.08,1.12,16000,0
RCFS4ESX.PL,D,20200408,000000,1.25,1.25,1.25,1.25,500,0
RCFS4ESX.PL,D,20200409,000000,1.12,1.21,1.08,1.21,15586,0
RCFS4ESX.PL,D,20200415,000000,1.17,1.21,1.17,1.21,2800,0
RCFS4ESX.PL,D,20200416,000000,1.20,1.21,1.20,1.21,11000,0
RCFS4ESX.PL,D,20200421,000000,1.22,1.22,1.20,1.20,1050,0
RCFS4ESX.PL,D,20200428,000000,1.08,1.08,1.08,1.08,1000,0
RCFS4ESX.PL,D,20200429,000000,1.04,1.04,1.04,1.04,4000,0
RCFS4ESX.PL,D,20200430,000000,0.91,0.91,0.91,0.91,1000,0
RCFS4ESX.PL,D,20200508,000000,0.95,0.95,0.95,0.95,4000,0
RCFS4ESX.PL,D,20200511,000000,1.04,1.04,1.04,1.04,3000,0
RCFS4ESX.PL,D,20200514,000000,1.23,1.26,1.23,1.25,17100,0
RCFS4ESX.PL,D,20200515,000000,1.11,1.13,1.11,1.13,6653,0
RCFS4ESX.PL,D,20200518,000000,1.04,1.04,1.04,1.04,3000,0
RCFS4ESX.PL,D,20200520,000000,0.88,0.88,0.88,0.88,180,0
RCFS4ESX.PL,D,20200525,000000,0.88,0.89,0.88,0.89,2170,0
RCFS4ESX.PL,D,20200526,000000,0.80,0.80,0.80,0.80,900,0
RCFS4ESX.PL,D,20200527,000000,0.80,0.80,0.80,0.80,100,0
RCFS4ESX.PL,D,20200602,000000,0.66,0.66,0.65,0.65,3000,0
RCFS4ESX.PL,D,20200603,000000,0.57,0.59,0.57,0.59,3500,0
RCFS4ESX.PL,D,20200604,000000,0.58,0.58,0.56,0.56,2450,0
RCFS4ESX.PL,D,20200605,000000,0.52,0.52,0.50,0.50,3000,0
RCFS4ESX.PL,D,20200608,000000,0.49,0.49,0.49,0.49,5000,0
RCFS4ESX.PL,D,20200609,000000,0.51,0.53,0.51,0.53,6200,0
RCFS4ESX.PL,D,20200612,000000,0.60,0.60,0.56,0.56,10000,0
RCFS4ESX.PL,D,20200617,000000,0.55,0.55,0.55,0.55,6000,0
RCFS4ESX.PL,D,20200624,000000,0.55,0.55,0.55,0.55,183,0
RCFS4ESX.PL,D,20200625,000000,0.59,0.59,0.59,0.59,5000,0
RCFS4ESX.PL,D,20200706,000000,0.46,0.46,0.46,0.46,600,0
RCFS4ESX.PL,D,20200707,000000,0.48,0.48,0.48,0.48,200,0
RCFS4ESX.PL,D,20200713,000000,0.47,0.47,0.47,0.47,200,0
RCFS4ESX.PL,D,20200715,000000,0.44,0.44,0.44,0.44,3000,0
RCFS4ESX.PL,D,20200720,000000,0.45,0.45,0.45,0.45,1000,0
RCFS4ESX.PL,D,20200730,000000,0.52,0.52,0.52,0.52,800,0
RCFS4ESX.PL,D,20200807,000000,0.50,0.50,0.50,0.50,100,0
RCFS4ESX.PL,D,20200810,000000,0.48,0.48,0.48,0.48,500,0
RCFS4ESX.PL,D,20200811,000000,0.46,0.46,0.46,0.46,400,0
RCFS4ESX.PL,D,20200814,000000,0.46,0.46,0.46,0.46,1000,0
RCFS4ESX.PL,D,20200818,000000,0.45,0.45,0.45,0.45,300,0
RCFS4ESX.PL,D,20200820,000000,0.47,0.48,0.47,0.48,9642,0
RCFS4ESX.PL,D,20200824,000000,0.46,0.46,0.44,0.44,1200,0
RCFS4ESX.PL,D,20200825,000000,0.43,0.43,0.43,0.43,2500,0
RCFS4ESX.PL,D,20200828,000000,0.45,0.45,0.45,0.45,1000,0
RCFS4ESX.PL,D,20200903,000000,0.42,0.42,0.42,0.42,1000,0
RCFS4ESX.PL,D,20200904,000000,0.47,0.47,0.45,0.46,10600,0
RCFS4ESX.PL,D,20200908,000000,0.46,0.47,0.46,0.47,18000,0
RCFS4ESX.PL,D,20200909,000000,0.47,0.47,0.44,0.44,3197,0
RCFS4ESX.PL,D,20200918,000000,0.45,0.45,0.45,0.45,1000,0
RCFS4ESX.PL,D,20200921,000000,0.48,0.51,0.48,0.51,7000,0
RCFS4ESX.PL,D,20200922,000000,0.52,0.52,0.51,0.51,3000,0
RCFS4ESX.PL,D,20200923,000000,0.50,0.50,0.50,0.50,3000,0
RCFS4ESX.PL,D,20200924,000000,0.50,0.50,0.50,0.50,4000,0
RCFS4ESX.PL,D,20200925,000000,0.50,0.52,0.50,0.52,25642,0
RCFS4ESX.PL,D,20200928,000000,0.48,0.48,0.46,0.46,8000,0
RCFS4ESX.PL,D,20201001,000000,0.49,0.49,0.49,0.49,500,0
RCFS4ESX.PL,D,20201002,000000,0.51,0.52,0.51,0.52,2700,0
RCFS4ESX.PL,D,20201008,000000,0.46,0.46,0.46,0.46,5000,0
RCFS4ESX.PL,D,20201009,000000,0.46,0.46,0.46,0.46,17500,0
RCFS4ESX.PL,D,20201013,000000,0.45,0.45,0.45,0.45,5000,0
RCFS4ESX.PL,D,20201015,000000,0.50,0.50,0.50,0.50,1100,0
RCFS4ESX.PL,D,20201019,000000,0.47,0.47,0.47,0.47,2000,0
RCFS4ESX.PL,D,20201022,000000,0.50,0.50,0.49,0.49,2900,0
RCFS4ESX.PL,D,20201026,000000,0.54,0.54,0.54,0.54,2000,0
RCFS4ESX.PL,D,20201027,000000,0.57,0.57,0.57,0.57,1000,0
RCFS4ESX.PL,D,20201028,000000,0.6,0.64,0.59,0.64,24300,0
RCFS4ESX.PL,D,20201103,000000,0.53,0.53,0.52,0.52,15000,0
RCFS4ESX.PL,D,20201104,000000,0.51,0.51,0.50,0.50,10000,0
RCFS4ESX.PL,D,20201105,000000,0.48,0.48,0.48,0.48,5000,0
RCFS4ESX.PL,D,20201106,000000,0.46,0.47,0.46,0.47,10000,0
RCFS4ESX.PL,D,20201109,000000,0.44,0.44,0.33,0.35,35000,0
RCFS4ESX.PL,D,20201110,000000,0.33,0.34,0.32,0.32,11346,0
RCFS4ESX.PL,D,20201112,000000,0.31,0.31,0.29,0.31,27154,0
RCFS4ESX.PL,D,20201113,000000,0.3,0.3,0.3,0.3,4000,0
RCFS4ESX.PL,D,20201116,000000,0.28,0.28,0.28,0.28,10000,0
RCFS4ESX.PL,D,20201117,000000,0.30,0.30,0.30,0.30,5000,0
RCFS4ESX.PL,D,20201125,000000,0.28,0.28,0.27,0.27,13000,0
RCFS4ESX.PL,D,20201126,000000,0.28,0.28,0.28,0.28,700,0
RCFS4ESX.PL,D,20201130,000000,0.27,0.27,0.27,0.27,1700,0
RCFS4ESX.PL,D,20201201,000000,0.27,0.27,0.27,0.27,4000,0
RCFS4ESX.PL,D,20201202,000000,0.28,0.28,0.28,0.28,1000,0
RCFS4ESX.PL,D,20201203,000000,0.26,0.27,0.26,0.27,2420,0
RCFS4ESX.PL,D,20201207,000000,0.27,0.27,0.27,0.27,73200,0
RCFS4ESX.PL,D,20201209,000000,0.25,0.26,0.25,0.26,1500,0
RCFS4ESX.PL,D,20201210,000000,0.26,0.27,0.26,0.27,10000,0
RCFS4ESX.PL,D,20201211,000000,0.27,0.28,0.27,0.28,13000,0
RCFS4ESX.PL,D,20201214,000000,0.26,0.26,0.26,0.26,8310,0
RCFS4ESX.PL,D,20201216,000000,0.25,0.26,0.25,0.26,9500,0
RCFS4ESX.PL,D,20201217,000000,0.24,0.24,0.24,0.24,1000,0
RCFS4ESX.PL,D,20201218,000000,0.25,0.26,0.25,0.26,2000,0
RCFS4ESX.PL,D,20201221,000000,0.29,0.29,0.29,0.29,1500,0
RCFS4ESX.PL,D,20201223,000000,0.26,0.26,0.26,0.26,7000,0
RCFS4ESX.PL,D,20201228,000000,0.24,0.25,0.24,0.25,101000,0
RCFS4ESX.PL,D,20201229,000000,0.25,0.26,0.24,0.26,20431,0
RCFS4ESX.PL,D,20210104,000000,0.25,0.25,0.25,0.25,4000,0
RCFS4ESX.PL,D,20210105,000000,0.26,0.27,0.26,0.27,7000,0
RCFS4ESX.PL,D,20210107,000000,0.24,0.24,0.24,0.24,3000,0
RCFS4ESX.PL,D,20210112,000000,0.24,0.24,0.24,0.24,5000,0
RCFS4ESX.PL,D,20210115,000000,0.24,0.25,0.24,0.25,4000,0
RCFS4ESX.PL,D,20210118,000000,0.25,0.25,0.25,0.25,1000,0
RCFS4ESX.PL,D,20210121,000000,0.23,0.23,0.23,0.23,1000,0
RCFS4ESX.PL,D,20210122,000000,0.25,0.25,0.25,0.25,374,0
RCFS4ESX.PL,D,20210125,000000,0.24,0.24,0.24,0.24,10000,0
RCFS4ESX.PL,D,20210126,000000,0.23,0.23,0.23,0.23,10000,0
RCFS4ESX.PL,D,20210127,000000,0.26,0.26,0.26,0.26,28300,0
RCFS4ESX.PL,D,20210128,000000,0.28,0.28,0.26,0.26,11000,0
RCFS4ESX.PL,D,20210129,000000,0.27,0.27,0.27,0.27,2000,0
RCFS4ESX.PL,D,20210202,000000,0.24,0.24,0.24,0.24,2000,0
RCFS4ESX.PL,D,20210204,000000,0.23,0.23,0.22,0.22,15000,0
RCFS4ESX.PL,D,20210205,000000,0.22,0.22,0.22,0.22,5000,0
RCFS4ESX.PL,D,20210209,000000,0.22,0.22,0.22,0.22,1000,0
RCFS4ESX.PL,D,20210211,000000,0.22,0.22,0.22,0.22,1000,0
RCFS4ESX.PL,D,20210215,000000,0.20,0.20,0.20,0.20,3000,0
RCFS4ESX.PL,D,20210216,000000,0.21,0.21,0.21,0.21,1000,0
RCFS4ESX.PL,D,20210217,000000,0.21,0.21,0.21,0.21,5000,0
RCFS4ESX.PL,D,20210223,000000,0.22,0.22,0.22,0.22,2000,0
RCFS4ESX.PL,D,20210309,000000,0.18,0.18,0.18,0.18,1000,0
RCFS4ESX.PL,D,20210311,000000,0.16,0.16,0.16,0.16,19500,0
RCFS4ESX.PL,D,20210315,000000,0.17,0.17,0.17,0.17,3000,0
RCFS4ESX.PL,D,20210323,000000,0.18,0.18,0.18,0.18,5000,0
RCFS4ESX.PL,D,20210324,000000,0.18,0.18,0.18,0.18,5000,0
RCFS4ESX.PL,D,20210401,000000,0.16,0.16,0.16,0.16,5000,0
RCFS4ESX.PL,D,20210409,000000,0.15,0.15,0.15,0.15,1000,0
RCFS4ESX.PL,D,20210416,000000,0.14,0.14,0.14,0.14,7300,0
RCFS4ESX.PL,D,20210419,000000,0.15,0.15,0.15,0.15,5000,0
RCFS4ESX.PL,D,20210429,000000,0.15,0.15,0.15,0.15,1000,0
RCFS4ESX.PL,D,20210506,000000,0.15,0.15,0.15,0.15,12000,0
RCFS4ESX.PL,D,20210507,000000,0.14,0.14,0.14,0.14,681,0
RCFS4ESX.PL,D,20210510,000000,0.14,0.14,0.14,0.14,1000,0
RCFS4ESX.PL,D,20210511,000000,0.15,0.15,0.15,0.15,1000,0
RCFS4ESX.PL,D,20210518,000000,0.14,0.14,0.14,0.14,102000,0
RCFS4ESX.PL,D,20210519,000000,0.15,0.15,0.15,0.15,1500,0
RCFS4ESX.PL,D,20210531,000000,0.13,0.13,0.13,0.13,1000,0
RCFS4ESX.PL,D,20210610,000000,0.12,0.12,0.12,0.12,1000,0
RCFS4ESX.PL,D,20210622,000000,0.12,0.12,0.12,0.12,1000,0
RCFS4ESX.PL,D,20210623,000000,0.12,0.12,0.11,0.11,1824,0
RCFS4ESX.PL,D,20210630,000000,0.12,0.12,0.12,0.12,600,0
RCFS4ESX.PL,D,20210707,000000,0.12,0.12,0.12,0.12,600,0
RCFS4ESX.PL,D,20210708,000000,0.14,0.14,0.14,0.14,678,0
RCFS4ESX.PL,D,20210715,000000,0.13,0.13,0.13,0.13,1000,0
RCFS4ESX.PL,D,20210719,000000,0.14,0.14,0.14,0.14,15000,0
RCFS4ESX.PL,D,20210729,000000,0.11,0.11,0.11,0.11,2374,0
RCFS4ESX.PL,D,20210802,000000,0.12,0.12,0.12,0.12,5000,0
RCFS4ESX.PL,D,20210806,000000,0.1,0.11,0.1,0.11,1025,0
RCFS4ESX.PL,D,20210809,000000,0.11,0.11,0.11,0.11,1000,0
RCFS4ESX.PL,D,20210817,000000,0.11,0.11,0.11,0.11,12000,0
RCFS4ESX.PL,D,20210818,000000,0.11,0.11,0.11,0.11,4000,0
RCFS4ESX.PL,D,20210824,000000,0.11,0.11,0.11,0.11,5000,0
RCFS4ESX.PL,D,20210825,000000,0.11,0.11,0.11,0.11,2000,0
RCFS4ESX.PL,D,20210826,000000,0.11,0.11,0.11,0.11,5000,0
RCFS4ESX.PL,D,20210827,000000,0.11,0.11,0.11,0.11,100,0
RCFS4ESX.PL,D,20210901,000000,0.1,0.1,0.1,0.1,12000,0
RCFS4ESX.PL,D,20210903,000000,0.1,0.1,0.1,0.1,5000,0
RCFS4ESX.PL,D,20210908,000000,0.11,0.11,0.11,0.11,3000,0
RCFS4ESX.PL,D,20210920,000000,0.12,0.12,0.12,0.12,40000,0
RCFS4ESX.PL,D,20210921,000000,0.12,0.12,0.12,0.12,4000,0
RCFS4ESX.PL,D,20210928,000000,0.12,0.12,0.12,0.12,2792,0
RCFS4ESX.PL,D,20210929,000000,0.11,0.11,0.11,0.11,40000,0
RCFS4ESX.PL,D,20211001,000000,0.12,0.12,0.12,0.12,20000,0
RCFS4ESX.PL,D,20211006,000000,0.13,0.13,0.13,0.13,4000,0
RCFS4ESX.PL,D,20211012,000000,0.12,0.12,0.12,0.12,5792,0
RCFS4ESX.PL,D,20211021,000000,0.11,0.11,0.11,0.11,30000,0
RCFS4ESX.PL,D,20211103,000000,0.09,0.09,0.09,0.09,10000,0
RCFS4ESX.PL,D,20211104,000000,0.09,0.09,0.09,0.09,10000,0
RCFS4ESX.PL,D,20211105,000000,0.09,0.09,0.09,0.09,1000,0
RCFS4ESX.PL,D,20211112,000000,0.09,0.09,0.09,0.09,1055,0
RCFS4ESX.PL,D,20211126,000000,0.1,0.1,0.1,0.1,10000,0
RCFS4ESX.PL,D,20211130,000000,0.11,0.11,0.11,0.11,10000,0
RCFS4ESX.PL,D,20211206,000000,0.11,0.11,0.11,0.11,420,0
RCFS4ESX.PL,D,20211215,000000,0.09,0.09,0.09,0.09,1300,0
RCFS4ESX.PL,D,20220214,000000,0.09,0.09,0.09,0.09,1600,0
RCFS4ESX.PL,D,20220221,000000,0.1,0.1,0.1,0.1,14500,0
RCFS4ESX.PL,D,20220224,000000,0.12,0.12,0.12,0.12,5000,0
RCFS4ESX.PL,D,20220302,000000,0.13,0.13,0.13,0.13,1600,0
RCFS4ESX.PL,D,20220304,000000,0.14,0.14,0.14,0.14,3000,0
RCFS4ESX.PL,D,20220307,000000,0.17,0.17,0.17,0.17,4400,0
RCFS4ESX.PL,D,20220311,000000,0.12,0.12,0.12,0.12,420,0
RCFS4ESX.PL,D,20220314,000000,0.1,0.1,0.1,0.1,11500,0
RCFS4ESX.PL,D,20220316,000000,0.09,0.09,0.09,0.09,18000,0
RCFS4ESX.PL,D,20220406,000000,0.09,0.1,0.09,0.1,10000,0
RCFS4ESX.PL,D,20220422,000000,0.1,0.1,0.1,0.1,4500,0
RCFS4ESX.PL,D,20220427,000000,0.11,0.11,0.11,0.11,4500,0
RCFS4ESX.PL,D,20220506,000000,0.11,0.12,0.11,0.12,45000,0
