<TICKER>,<PER>,<DATE>,<TIME>,<OPEN>,<HIGH>,<LOW>,<CLOSE>,<VOL>,<OPENINT>
OW20I221675.PL,D,20220822,000000,31.34,34.08,30.95,30.95,4,3
OW20I221675.PL,D,20220823,000000,39.74,40,39.74,40,11,13
OW20I221675.PL,D,20220824,000000,29.49,29.49,23,23,2,15
OW20I221675.PL,D,20220826,000000,25.13,25.13,18.35,19.57,25,40
OW20I221675.PL,D,20220829,000000,8.5,11,8,11,15,37
OW20I221675.PL,D,20220830,000000,9.9,10.62,5.74,5.74,23,36
OW20I221675.PL,D,20220831,000000,4,5,4,4.1,7,41
OW20I221675.PL,D,20220901,000000,3,3,0.89,2.5,33,42
OW20I221675.PL,D,20220902,000000,2.5,2.5,2,2,3,44
