<TICKER>,<PER>,<DATE>,<TIME>,<OPEN>,<HIGH>,<LOW>,<CLOSE>,<VOL>,<OPENINT>
OW20H221825.PL,D,20220721,000000,3.9,3.9,3.9,3.9,24,24
OW20H221825.PL,D,20220722,000000,5.86,5.86,5.86,5.86,1,24
OW20H221825.PL,D,20220725,000000,5.5,5.5,5.5,5.5,1,25
OW20H221825.PL,D,20220726,000000,3,3,2.2,2.2,18,30
OW20H221825.PL,D,20220729,000000,3,3,3,3,1,30
OW20H221825.PL,D,20220801,000000,4.74,4.74,4.74,4.74,3,33
OW20H221825.PL,D,20220803,000000,1.8,1.8,1.8,1.8,1,33
OW20H221825.PL,D,20220812,000000,1.01,1.01,1.01,1.01,4,37
OW20H221825.PL,D,20220816,000000,1.5,1.5,1,1,3,40
