<TICKER>,<PER>,<DATE>,<TIME>,<OPEN>,<HIGH>,<LOW>,<CLOSE>,<VOL>,<OPENINT>
1327.N,D,20150804,000000,100,100,100,100,0,0
1327.N,D,20150805,000000,101.44,101.44,101.44,101.44,0,0
1327.N,D,20150806,000000,100.49,100.49,100.49,100.49,0,0
1327.N,D,20150807,000000,100.14,100.14,100.14,100.14,0,0
1327.N,D,20150810,000000,100.25,100.25,100.25,100.25,0,0
1327.N,D,20150811,000000,99.68,99.68,99.68,99.68,0,0
1327.N,D,20150812,000000,96.88,96.88,96.88,96.88,0,0
1327.N,D,20150813,000000,98.03,98.03,98.03,98.03,0,0
1327.N,D,20150814,000000,97.74,97.74,97.74,97.74,0,0
1327.N,D,20150817,000000,97.28,97.28,97.28,97.28,0,0
1327.N,D,20150818,000000,97.9,97.9,97.9,97.9,0,0
1327.N,D,20150819,000000,96.77,96.77,96.77,96.77,0,0
1327.N,D,20150820,000000,94.46,94.46,94.46,94.46,0,0
1327.N,D,20150821,000000,90.21,90.21,90.21,90.21,0,0
1327.N,D,20150824,000000,83.66,83.66,83.66,83.66,0,0
1327.N,D,20150825,000000,84.58,84.58,84.58,84.58,0,0
1327.N,D,20150826,000000,86.55,86.55,86.55,86.55,0,0
1327.N,D,20150827,000000,89.66,89.66,89.66,89.66,0,0
1327.N,D,20150828,000000,90.7,90.7,90.7,90.7,0,0
1327.N,D,20150831,000000,91.24,91.24,91.24,91.24,0,0
1327.N,D,20150901,000000,88.28,88.28,88.28,88.28,0,0
1327.N,D,20150902,000000,88.17,88.17,88.17,88.17,0,0
1327.N,D,20150903,000000,89.19,89.19,89.19,89.19,0,0
1327.N,D,20150904,000000,88.28,88.28,88.28,88.28,0,0
1327.N,D,20150907,000000,87.55,87.55,87.55,87.55,0,0
1327.N,D,20150908,000000,87.8,87.8,87.8,87.8,0,0
1327.N,D,20150909,000000,90.51,90.51,90.51,90.51,0,0
1327.N,D,20150910,000000,89.85,89.85,89.85,89.85,0,0
1327.N,D,20150911,000000,90.14,90.14,90.14,90.14,0,0
1327.N,D,20150914,000000,90.34,90.34,90.34,90.34,0,0
1327.N,D,20150915,000000,90.16,90.16,90.16,90.16,0,0
1327.N,D,20150916,000000,90.96,90.96,90.96,90.96,0,0
1327.N,D,20150917,000000,91.07,91.07,91.07,91.07,0,0
1327.N,D,20150918,000000,90.63,90.63,90.63,90.63,0,0
1327.N,D,20150921,000000,90.97,90.97,90.97,90.97,0,0
1327.N,D,20150922,000000,90.97,90.97,90.97,90.97,0,0
1327.N,D,20150923,000000,90.7,90.7,90.7,90.7,0,0
1327.N,D,20150924,000000,89.54,89.54,89.54,89.54,0,0
1327.N,D,20150925,000000,90.83,90.83,90.83,90.83,0,0
1327.N,D,20150928,000000,90.54,90.54,90.54,90.54,0,0
1327.N,D,20150929,000000,88.2,88.2,88.2,88.2,0,0
1327.N,D,20150930,000000,89.47,89.47,89.47,89.47,0,0
1327.N,D,20151001,000000,91.88,91.88,91.88,91.88,0,0
1327.N,D,20151002,000000,91.93,91.93,91.93,91.93,0,0
1327.N,D,20151005,000000,92.77,92.77,92.77,92.77,0,0
1327.N,D,20151006,000000,93.18,93.18,93.18,93.18,0,0
1327.N,D,20151007,000000,94.52,94.52,94.52,94.52,0,0
1327.N,D,20151008,000000,93.4,93.4,93.4,93.4,0,0
1327.N,D,20151009,000000,93.78,93.78,93.78,93.78,0,0
1327.N,D,20151012,000000,93.72,93.72,93.72,93.72,0,0
1327.N,D,20151013,000000,93.31,93.31,93.31,93.31,0,0
1327.N,D,20151014,000000,92.34,92.34,92.34,92.34,0,0
1327.N,D,20151015,000000,94.15,94.15,94.15,94.15,0,0
1327.N,D,20151016,000000,94.92,94.92,94.92,94.92,0,0
1327.N,D,20151019,000000,94.7,94.7,94.7,94.7,0,0
1327.N,D,20151020,000000,94.33,94.33,94.33,94.33,0,0
1327.N,D,20151021,000000,94.23,94.23,94.23,94.23,0,0
1327.N,D,20151022,000000,93.86,93.86,93.86,93.86,0,0
1327.N,D,20151023,000000,96.49,96.49,96.49,96.49,0,0
1327.N,D,20151026,000000,97.54,97.54,97.54,97.54,0,0
1327.N,D,20151027,000000,97.12,97.12,97.12,97.12,0,0
1327.N,D,20151028,000000,96.91,96.91,96.91,96.91,0,0
1327.N,D,20151029,000000,97.84,97.84,97.84,97.84,0,0
1327.N,D,20151030,000000,97.82,97.82,97.82,97.82,0,0
1327.N,D,20151102,000000,97.27,97.27,97.27,97.27,0,0
1327.N,D,20151103,000000,98.14,98.14,98.14,98.14,0,0
1327.N,D,20151104,000000,98.6,98.6,98.6,98.6,0,0
1327.N,D,20151105,000000,99.04,99.04,99.04,99.04,0,0
1327.N,D,20151106,000000,98.47,98.47,98.47,98.47,0,0
1327.N,D,20151109,000000,99.06,99.06,99.06,99.06,0,0
1327.N,D,20151110,000000,98.45,98.45,98.45,98.45,0,0
1327.N,D,20151111,000000,98.72,98.72,98.72,98.72,0,0
1327.N,D,20151112,000000,99.32,99.32,99.32,99.32,0,0
1327.N,D,20151113,000000,98.49,98.49,98.49,98.49,0,0
1327.N,D,20151116,000000,98.57,98.57,98.57,98.57,0,0
1327.N,D,20151117,000000,99.67,99.67,99.67,99.67,0,0
1327.N,D,20151118,000000,99.43,99.43,99.43,99.43,0,0
1327.N,D,20151119,000000,100.67,100.67,100.67,100.67,0,0
1327.N,D,20151120,000000,101.45,101.45,101.45,101.45,0,0
1327.N,D,20151123,000000,101.68,101.68,101.68,101.68,0,0
1327.N,D,20151124,000000,101.56,101.56,101.56,101.56,0,0
1327.N,D,20151125,000000,102.05,102.05,102.05,102.05,0,0
1327.N,D,20151126,000000,102.48,102.48,102.48,102.48,0,0
1327.N,D,20151127,000000,101.73,101.73,101.73,101.73,0,0
1327.N,D,20151130,000000,101.02,101.02,101.02,101.02,0,0
1327.N,D,20151201,000000,101.77,101.77,101.77,101.77,0,0
1327.N,D,20151202,000000,101.15,101.15,101.15,101.15,0,0
1327.N,D,20151203,000000,101.24,101.24,101.24,101.24,0,0
1327.N,D,20151204,000000,98.03,98.03,98.03,98.03,0,0
1327.N,D,20151207,000000,99.23,99.23,99.23,99.23,0,0
1327.N,D,20151208,000000,97.88,97.88,97.88,97.88,0,0
1327.N,D,20151209,000000,96.35,96.35,96.35,96.35,0,0
1327.N,D,20151210,000000,95.74,95.74,95.74,95.74,0,0
1327.N,D,20151211,000000,95.42,95.42,95.42,95.42,0,0
1327.N,D,20151214,000000,93.95,93.95,93.95,93.95,0,0
1327.N,D,20151215,000000,93.18,93.18,93.18,93.18,0,0
1327.N,D,20151216,000000,95.09,95.09,95.09,95.09,0,0
1327.N,D,20151217,000000,97.01,97.01,97.01,97.01,0,0
1327.N,D,20151218,000000,96.85,96.85,96.85,96.85,0,0
1327.N,D,20151221,000000,96.64,96.64,96.64,96.64,0,0
1327.N,D,20151222,000000,96.09,96.09,96.09,96.09,0,0
1327.N,D,20151223,000000,96.47,96.47,96.47,96.47,0,0
1327.N,D,20151228,000000,96.28,96.28,96.28,96.28,0,0
1327.N,D,20151229,000000,97.65,97.65,97.65,97.65,0,0
1327.N,D,20151230,000000,97.91,97.91,97.91,97.91,0,0
1327.N,D,20151231,000000,98.11,98.11,98.11,98.11,0,0
1327.N,D,20160104,000000,95.83,95.83,95.83,95.83,0,0
1327.N,D,20160105,000000,97.47,97.47,97.47,97.47,0,0
1327.N,D,20160106,000000,97.45,97.45,97.45,97.45,0,0
1327.N,D,20160107,000000,94.46,94.46,94.46,94.46,0,0
1327.N,D,20160108,000000,94.26,94.26,94.26,94.26,0,0
1327.N,D,20160111,000000,92.9,92.9,92.9,92.9,0,0
1327.N,D,20160112,000000,92.46,92.46,92.46,92.46,0,0
1327.N,D,20160113,000000,93.57,93.57,93.57,93.57,0,0
1327.N,D,20160114,000000,91.51,91.51,91.51,91.51,0,0
1327.N,D,20160115,000000,90.91,90.91,90.91,90.91,0,0
1327.N,D,20160118,000000,90.57,90.57,90.57,90.57,0,0
1327.N,D,20160119,000000,91.21,91.21,91.21,91.21,0,0
1327.N,D,20160120,000000,88.07,88.07,88.07,88.07,0,0
1327.N,D,20160121,000000,87.24,87.24,87.24,87.24,0,0
1327.N,D,20160122,000000,89.66,89.66,89.66,89.66,0,0
1327.N,D,20160125,000000,91.01,91.01,91.01,91.01,0,0
1327.N,D,20160126,000000,89.96,89.96,89.96,89.96,0,0
1327.N,D,20160127,000000,91.02,91.02,91.02,91.02,0,0
1327.N,D,20160128,000000,90.6,90.6,90.6,90.6,0,0
1327.N,D,20160129,000000,91.48,91.48,91.48,91.48,0,0
1327.N,D,20160201,000000,92.91,92.91,92.91,92.91,0,0
1327.N,D,20160202,000000,92.49,92.49,92.49,92.49,0,0
1327.N,D,20160203,000000,90.91,90.91,90.91,90.91,0,0
1327.N,D,20160204,000000,89.75,89.75,89.75,89.75,0,0
1327.N,D,20160205,000000,89,89,89,89,0,0
1327.N,D,20160208,000000,88.5,88.5,88.5,88.5,0,0
1327.N,D,20160209,000000,87.02,87.02,87.02,87.02,0,0
1327.N,D,20160210,000000,86.02,86.02,86.02,86.02,0,0
1327.N,D,20160211,000000,83.37,83.37,83.37,83.37,0,0
1327.N,D,20160212,000000,82.16,82.16,82.16,82.16,0,0
1327.N,D,20160215,000000,85.04,85.04,85.04,85.04,0,0
1327.N,D,20160216,000000,85.51,85.51,85.51,85.51,0,0
1327.N,D,20160217,000000,85.7,85.7,85.7,85.7,0,0
1327.N,D,20160218,000000,86.85,86.85,86.85,86.85,0,0
1327.N,D,20160219,000000,87.04,87.04,87.04,87.04,0,0
1327.N,D,20160222,000000,87.45,87.45,87.45,87.45,0,0
1327.N,D,20160223,000000,87.89,87.89,87.89,87.89,0,0
1327.N,D,20160224,000000,88.2,88.2,88.2,88.2,0,0
1327.N,D,20160225,000000,88.05,88.05,88.05,88.05,0,0
1327.N,D,20160226,000000,89.19,89.19,89.19,89.19,0,0
1327.N,D,20160229,000000,89.33,89.33,89.33,89.33,0,0
1327.N,D,20160301,000000,90.34,90.34,90.34,90.34,0,0
1327.N,D,20160302,000000,91.92,91.92,91.92,91.92,0,0
1327.N,D,20160303,000000,93.07,93.07,93.07,93.07,0,0
1327.N,D,20160304,000000,93.18,93.18,93.18,93.18,0,0
1327.N,D,20160307,000000,92.6,92.6,92.6,92.6,0,0
1327.N,D,20160308,000000,91.83,91.83,91.83,91.83,0,0
1327.N,D,20160309,000000,91.59,91.59,91.59,91.59,0,0
1327.N,D,20160310,000000,92.85,92.85,92.85,92.85,0,0
1327.N,D,20160311,000000,92.14,92.14,92.14,92.14,0,0
1327.N,D,20160314,000000,93.08,93.08,93.08,93.08,0,0
1327.N,D,20160315,000000,93.28,93.28,93.28,93.28,0,0
1327.N,D,20160316,000000,92.62,92.62,92.62,92.62,0,0
1327.N,D,20160317,000000,92.67,92.67,92.67,92.67,0,0
1327.N,D,20160318,000000,93.08,93.08,93.08,93.08,0,0
1327.N,D,20160321,000000,93.48,93.48,93.48,93.48,0,0
1327.N,D,20160322,000000,93.97,93.97,93.97,93.97,0,0
1327.N,D,20160323,000000,93.16,93.16,93.16,93.16,0,0
1327.N,D,20160324,000000,91.89,91.89,91.89,91.89,0,0
1327.N,D,20160329,000000,92.69,92.69,92.69,92.69,0,0
1327.N,D,20160330,000000,92.69,92.69,92.69,92.69,0,0
1327.N,D,20160331,000000,93.35,93.35,93.35,93.35,0,0
1327.N,D,20160401,000000,91.58,91.58,91.58,91.58,0,0
1327.N,D,20160404,000000,91.98,91.98,91.98,91.98,0,0
1327.N,D,20160405,000000,91.09,91.09,91.09,91.09,0,0
1327.N,D,20160406,000000,91.37,91.37,91.37,91.37,0,0
1327.N,D,20160407,000000,91.78,91.78,91.78,91.78,0,0
1327.N,D,20160408,000000,92.34,92.34,92.34,92.34,0,0
1327.N,D,20160411,000000,92.75,92.75,92.75,92.75,0,0
1327.N,D,20160412,000000,92.94,92.94,92.94,92.94,0,0
1327.N,D,20160413,000000,94.65,94.65,94.65,94.65,0,0
1327.N,D,20160414,000000,95.52,95.52,95.52,95.52,0,0
1327.N,D,20160415,000000,95.46,95.46,95.46,95.46,0,0
1327.N,D,20160418,000000,94.07,94.07,94.07,94.07,0,0
1327.N,D,20160419,000000,95.43,95.43,95.43,95.43,0,0
1327.N,D,20160420,000000,95.35,95.35,95.35,95.35,0,0
1327.N,D,20160421,000000,96.31,96.31,96.31,96.31,0,0
1327.N,D,20160422,000000,95.9,95.9,95.9,95.9,0,0
1327.N,D,20160425,000000,95.15,95.15,95.15,95.15,0,0
1327.N,D,20160426,000000,94.41,94.41,94.41,94.41,0,0
1327.N,D,20160427,000000,93.59,93.59,93.59,93.59,0,0
1327.N,D,20160428,000000,93.81,93.81,93.81,93.81,0,0
1327.N,D,20160429,000000,94.1,94.1,94.1,94.1,0,0
1327.N,D,20160502,000000,92.06,92.06,92.06,92.06,0,0
1327.N,D,20160503,000000,90.95,90.95,90.95,90.95,0,0
1327.N,D,20160504,000000,90.69,90.69,90.69,90.69,0,0
1327.N,D,20160506,000000,91.19,91.19,91.19,91.19,0,0
1327.N,D,20160509,000000,91.16,91.16,91.16,91.16,0,0
1327.N,D,20160510,000000,91.74,91.74,91.74,91.74,0,0
1327.N,D,20160511,000000,92.12,92.12,92.12,92.12,0,0
1327.N,D,20160512,000000,91.53,91.53,91.53,91.53,0,0
1327.N,D,20160513,000000,91.86,91.86,91.86,91.86,0,0
1327.N,D,20160517,000000,92.44,92.44,92.44,92.44,0,0
1327.N,D,20160518,000000,92.06,92.06,92.06,92.06,0,0
1327.N,D,20160519,000000,91.27,91.27,91.27,91.27,0,0
1327.N,D,20160520,000000,91.78,91.78,91.78,91.78,0,0
1327.N,D,20160523,000000,92.58,92.58,92.58,92.58,0,0
1327.N,D,20160524,000000,92.28,92.28,92.28,92.28,0,0
1327.N,D,20160525,000000,93.4,93.4,93.4,93.4,0,0
1327.N,D,20160526,000000,93.15,93.15,93.15,93.15,0,0
1327.N,D,20160527,000000,93.39,93.39,93.39,93.39,0,0
1327.N,D,20160530,000000,94.1,94.1,94.1,94.1,0,0
1327.N,D,20160531,000000,94.87,94.87,94.87,94.87,0,0
1327.N,D,20160601,000000,94.78,94.78,94.78,94.78,0,0
1327.N,D,20160602,000000,93.76,93.76,93.76,93.76,0,0
1327.N,D,20160603,000000,94.2,94.2,94.2,94.2,0,0
1327.N,D,20160606,000000,93.07,93.07,93.07,93.07,0,0
1327.N,D,20160607,000000,93.74,93.74,93.74,93.74,0,0
1327.N,D,20160608,000000,94,94,94,94,0,0
1327.N,D,20160609,000000,94.25,94.25,94.25,94.25,0,0
1327.N,D,20160610,000000,94.19,94.19,94.19,94.19,0,0
1327.N,D,20160613,000000,92.32,92.32,92.32,92.32,0,0
1327.N,D,20160614,000000,91.79,91.79,91.79,91.79,0,0
1327.N,D,20160615,000000,92.38,92.38,92.38,92.38,0,0
1327.N,D,20160616,000000,91.13,91.13,91.13,91.13,0,0
1327.N,D,20160617,000000,91.07,91.07,91.07,91.07,0,0
1327.N,D,20160620,000000,92.29,92.29,92.29,92.29,0,0
1327.N,D,20160621,000000,93.18,93.18,93.18,93.18,0,0
1327.N,D,20160622,000000,93.35,93.35,93.35,93.35,0,0
1327.N,D,20160624,000000,91.21,91.21,91.21,91.21,0,0
1327.N,D,20160627,000000,91.84,91.84,91.84,91.84,0,0
1327.N,D,20160628,000000,92.09,92.09,92.09,92.09,0,0
1327.N,D,20160629,000000,94.13,94.13,94.13,94.13,0,0
1327.N,D,20160630,000000,94.48,94.48,94.48,94.48,0,0
1327.N,D,20160701,000000,95.68,95.68,95.68,95.68,0,0
1327.N,D,20160704,000000,96.55,96.55,96.55,96.55,0,0
1327.N,D,20160705,000000,96.19,96.19,96.19,96.19,0,0
1327.N,D,20160706,000000,96.11,96.11,96.11,96.11,0,0
1327.N,D,20160707,000000,96.45,96.45,96.45,96.45,0,0
1327.N,D,20160708,000000,96.01,96.01,96.01,96.01,0,0
1327.N,D,20160711,000000,98,98,98,98,0,0
1327.N,D,20160712,000000,98.93,98.93,98.93,98.93,0,0
1327.N,D,20160713,000000,99,99,99,99,0,0
1327.N,D,20160714,000000,98.8,98.8,98.8,98.8,0,0
1327.N,D,20160715,000000,98.71,98.71,98.71,98.71,0,0
1327.N,D,20160718,000000,99.31,99.31,99.31,99.31,0,0
1327.N,D,20160719,000000,99.3,99.3,99.3,99.3,0,0
1327.N,D,20160720,000000,100.01,100.01,100.01,100.01,0,0
1327.N,D,20160721,000000,100.5,100.5,100.5,100.5,0,0
1327.N,D,20160722,000000,100.72,100.72,100.72,100.72,0,0
1327.N,D,20160725,000000,101.01,101.01,101.01,101.01,0,0
1327.N,D,20160726,000000,101.28,101.28,101.28,101.28,0,0
1327.N,D,20160727,000000,101.78,101.78,101.78,101.78,0,0
1327.N,D,20160728,000000,101.1,101.1,101.1,101.1,0,0
1327.N,D,20160729,000000,102.26,102.26,102.26,102.26,0,0
1327.N,D,20160801,000000,102.85,102.85,102.85,102.85,0,0
1327.N,D,20160802,000000,102.25,102.25,102.25,102.25,0,0
1327.N,D,20160803,000000,101.01,101.01,101.01,101.01,0,0
1327.N,D,20160804,000000,101.93,101.93,101.93,101.93,0,0
1327.N,D,20160805,000000,102.59,102.59,102.59,102.59,0,0
1327.N,D,20160808,000000,103.57,103.57,103.57,103.57,0,0
1327.N,D,20160809,000000,103.47,103.47,103.47,103.47,0,0
1327.N,D,20160810,000000,104.06,104.06,104.06,104.06,0,0
1327.N,D,20160811,000000,103.28,103.28,103.28,103.28,0,0
1327.N,D,20160812,000000,103.78,103.78,103.78,103.78,0,0
1327.N,D,20160816,000000,102.95,102.95,102.95,102.95,0,0
1327.N,D,20160817,000000,102.2,102.2,102.2,102.2,0,0
1327.N,D,20160818,000000,102.93,102.93,102.93,102.93,0,0
1327.N,D,20160819,000000,102.52,102.52,102.52,102.52,0,0
1327.N,D,20160822,000000,102.32,102.32,102.32,102.32,0,0
1327.N,D,20160823,000000,102.46,102.46,102.46,102.46,0,0
1327.N,D,20160824,000000,103.1,103.1,103.1,103.1,0,0
1327.N,D,20160825,000000,103.02,103.02,103.02,103.02,0,0
1327.N,D,20160826,000000,102.55,102.55,102.55,102.55,0,0
1327.N,D,20160829,000000,102.36,102.36,102.36,102.36,0,0
1327.N,D,20160830,000000,102.87,102.87,102.87,102.87,0,0
1327.N,D,20160831,000000,102.9,102.9,102.9,102.9,0,0
1327.N,D,20160901,000000,102.89,102.89,102.89,102.89,0,0
1327.N,D,20160902,000000,102.76,102.76,102.76,102.76,0,0
1327.N,D,20160905,000000,103.71,103.71,103.71,103.71,0,0
1327.N,D,20160906,000000,104.37,104.37,104.37,104.37,0,0
1327.N,D,20160907,000000,104.5,104.5,104.5,104.5,0,0
1327.N,D,20160908,000000,103.71,103.71,103.71,103.71,0,0
1327.N,D,20160909,000000,102.35,102.35,102.35,102.35,0,0
1327.N,D,20160912,000000,99.78,99.78,99.78,99.78,0,0
1327.N,D,20160913,000000,100.39,100.39,100.39,100.39,0,0
1327.N,D,20160914,000000,99.9,99.9,99.9,99.9,0,0
1327.N,D,20160915,000000,99.82,99.82,99.82,99.82,0,0
1327.N,D,20160916,000000,100.38,100.38,100.38,100.38,0,0
1327.N,D,20160919,000000,101.74,101.74,101.74,101.74,0,0
1327.N,D,20160920,000000,101.76,101.76,101.76,101.76,0,0
1327.N,D,20160921,000000,102.69,102.69,102.69,102.69,0,0
1327.N,D,20160922,000000,102.97,102.97,102.97,102.97,0,0
1327.N,D,20160923,000000,102.74,102.74,102.74,102.74,0,0
1327.N,D,20160926,000000,101.24,101.24,101.24,101.24,0,0
1327.N,D,20160927,000000,101.78,101.78,101.78,101.78,0,0
1327.N,D,20160928,000000,101.93,101.93,101.93,101.93,0,0
1327.N,D,20160929,000000,102.57,102.57,102.57,102.57,0,0
1327.N,D,20160930,000000,102.36,102.36,102.36,102.36,0,0
1327.N,D,20161003,000000,102.38,102.38,102.38,102.38,0,0
1327.N,D,20161004,000000,102.84,102.84,102.84,102.84,0,0
1327.N,D,20161005,000000,102.08,102.08,102.08,102.08,0,0
1327.N,D,20161006,000000,102.87,102.87,102.87,102.87,0,0
1327.N,D,20161007,000000,102.71,102.71,102.71,102.71,0,0
1327.N,D,20161010,000000,102.15,102.15,102.15,102.15,0,0
1327.N,D,20161011,000000,101.69,101.69,101.69,101.69,0,0
1327.N,D,20161012,000000,102.14,102.14,102.14,102.14,0,0
1327.N,D,20161013,000000,101.11,101.11,101.11,101.11,0,0
1327.N,D,20161014,000000,101.16,101.16,101.16,101.16,0,0
1327.N,D,20161017,000000,101.58,101.58,101.58,101.58,0,0
1327.N,D,20161018,000000,101.79,101.79,101.79,101.79,0,0
1327.N,D,20161019,000000,102.38,102.38,102.38,102.38,0,0
1327.N,D,20161020,000000,102.38,102.38,102.38,102.38,0,0
1327.N,D,20161021,000000,102.6,102.6,102.6,102.6,0,0
1327.N,D,20161024,000000,102.68,102.68,102.68,102.68,0,0
1327.N,D,20161025,000000,102.74,102.74,102.74,102.74,0,0
1327.N,D,20161026,000000,102.12,102.12,102.12,102.12,0,0
1327.N,D,20161027,000000,102.16,102.16,102.16,102.16,0,0
1327.N,D,20161028,000000,101.79,101.79,101.79,101.79,0,0
1327.N,D,20161031,000000,101.36,101.36,101.36,101.36,0,0
1327.N,D,20161102,000000,98.99,98.99,98.99,98.99,0,0
1327.N,D,20161103,000000,99.46,99.46,99.46,99.46,0,0
1327.N,D,20161104,000000,99.17,99.17,99.17,99.17,0,0
1327.N,D,20161107,000000,100.15,100.15,100.15,100.15,0,0
1327.N,D,20161108,000000,100.82,100.82,100.82,100.82,0,0
1327.N,D,20161109,000000,99.21,99.21,99.21,99.21,0,0
1327.N,D,20161110,000000,102,102,102,102,0,0
1327.N,D,20161111,000000,99.92,99.92,99.92,99.92,0,0
1327.N,D,20161114,000000,100.29,100.29,100.29,100.29,0,0
1327.N,D,20161115,000000,99.72,99.72,99.72,99.72,0,0
1327.N,D,20161116,000000,101.06,101.06,101.06,101.06,0,0
1327.N,D,20161117,000000,101.3,101.3,101.3,101.3,0,0
1327.N,D,20161118,000000,101.93,101.93,101.93,101.93,0,0
1327.N,D,20161121,000000,102,102,102,102,0,0
1327.N,D,20161122,000000,103.92,103.92,103.92,103.92,0,0
1327.N,D,20161123,000000,104.48,104.48,104.48,104.48,0,0
1327.N,D,20161124,000000,103.59,103.59,103.59,103.59,0,0
1327.N,D,20161125,000000,104.1,104.1,104.1,104.1,0,0
1327.N,D,20161128,000000,104.13,104.13,104.13,104.13,0,0
1327.N,D,20161129,000000,104.48,104.48,104.48,104.48,0,0
1327.N,D,20161130,000000,103.62,103.62,103.62,103.62,0,0
1327.N,D,20161201,000000,103.46,103.46,103.46,103.46,0,0
1327.N,D,20161202,000000,102.78,102.78,102.78,102.78,0,0
1327.N,D,20161205,000000,103.18,103.18,103.18,103.18,0,0
1327.N,D,20161206,000000,102.69,102.69,102.69,102.69,0,0
1327.N,D,20161207,000000,103.62,103.62,103.62,103.62,0,0
1327.N,D,20161208,000000,103.73,103.73,103.73,103.73,0,0
1327.N,D,20161209,000000,104.45,104.45,104.45,104.45,0,0
1327.N,D,20161212,000000,104.94,104.94,104.94,104.94,0,0
1327.N,D,20161213,000000,105.51,105.51,105.51,105.51,0,0
1327.N,D,20161214,000000,105.64,105.64,105.64,105.64,0,0
1327.N,D,20161215,000000,105.93,105.93,105.93,105.93,0,0
1327.N,D,20161216,000000,106.31,106.31,106.31,106.31,0,0
1327.N,D,20161219,000000,105.94,105.94,105.94,105.94,0,0
1327.N,D,20161220,000000,105.84,105.84,105.84,105.84,0,0
1327.N,D,20161221,000000,105.88,105.88,105.88,105.88,0,0
1327.N,D,20161222,000000,104.49,104.49,104.49,104.49,0,0
1327.N,D,20161223,000000,103.97,103.97,103.97,103.97,0,0
1327.N,D,20161227,000000,104.11,104.11,104.11,104.11,0,0
1327.N,D,20161228,000000,104.92,104.92,104.92,104.92,0,0
1327.N,D,20161229,000000,105.22,105.22,105.22,105.22,0,0
1327.N,D,20161230,000000,104.2,104.2,104.2,104.2,0,0
1327.N,D,20170102,000000,104.56,104.56,104.56,104.56,0,0
1327.N,D,20170103,000000,106.46,106.46,106.46,106.46,0,0
1327.N,D,20170104,000000,106.2,106.2,106.2,106.2,0,0
1327.N,D,20170105,000000,106.62,106.62,106.62,106.62,0,0
1327.N,D,20170106,000000,106.14,106.14,106.14,106.14,0,0
1327.N,D,20170109,000000,106.51,106.51,106.51,106.51,0,0
1327.N,D,20170110,000000,106.55,106.55,106.55,106.55,0,0
1327.N,D,20170111,000000,107.54,107.54,107.54,107.54,0,0
1327.N,D,20170112,000000,107.52,107.52,107.52,107.52,0,0
1327.N,D,20170113,000000,107.67,107.67,107.67,107.67,0,0
1327.N,D,20170116,000000,106.78,106.78,106.78,106.78,0,0
1327.N,D,20170117,000000,106.43,106.43,106.43,106.43,0,0
1327.N,D,20170118,000000,107.11,107.11,107.11,107.11,0,0
1327.N,D,20170119,000000,106.63,106.63,106.63,106.63,0,0
1327.N,D,20170120,000000,106.06,106.06,106.06,106.06,0,0
1327.N,D,20170123,000000,105.72,105.72,105.72,105.72,0,0
1327.N,D,20170124,000000,105.56,105.56,105.56,105.56,0,0
1327.N,D,20170125,000000,106.12,106.12,106.12,106.12,0,0
1327.N,D,20170126,000000,107.65,107.65,107.65,107.65,0,0
1327.N,D,20170127,000000,107.68,107.68,107.68,107.68,0,0
1327.N,D,20170130,000000,107.37,107.37,107.37,107.37,0,0
1327.N,D,20170131,000000,106.82,106.82,106.82,106.82,0,0
1327.N,D,20170201,000000,106.38,106.38,106.38,106.38,0,0
1327.N,D,20170202,000000,106.59,106.59,106.59,106.59,0,0
1327.N,D,20170203,000000,107.26,107.26,107.26,107.26,0,0
1327.N,D,20170206,000000,107.67,107.67,107.67,107.67,0,0
1327.N,D,20170207,000000,107.29,107.29,107.29,107.29,0,0
1327.N,D,20170208,000000,107.84,107.84,107.84,107.84,0,0
1327.N,D,20170209,000000,107.18,107.18,107.18,107.18,0,0
1327.N,D,20170210,000000,107.64,107.64,107.64,107.64,0,0
1327.N,D,20170213,000000,108.18,108.18,108.18,108.18,0,0
1327.N,D,20170214,000000,108.75,108.75,108.75,108.75,0,0
1327.N,D,20170215,000000,109.12,109.12,109.12,109.12,0,0
1327.N,D,20170216,000000,109.17,109.17,109.17,109.17,0,0
1327.N,D,20170217,000000,109.7,109.7,109.7,109.7,0,0
1327.N,D,20170220,000000,109.95,109.95,109.95,109.95,0,0
1327.N,D,20170221,000000,110.95,110.95,110.95,110.95,0,0
1327.N,D,20170222,000000,111.81,111.81,111.81,111.81,0,0
1327.N,D,20170223,000000,111.71,111.71,111.71,111.71,0,0
1327.N,D,20170224,000000,111.41,111.41,111.41,111.41,0,0
1327.N,D,20170227,000000,111.44,111.44,111.44,111.44,0,0
1327.N,D,20170228,000000,111.1,111.1,111.1,111.1,0,0
1327.N,D,20170301,000000,111.67,111.67,111.67,111.67,0,0
1327.N,D,20170302,000000,112.23,112.23,112.23,112.23,0,0
1327.N,D,20170303,000000,111.08,111.08,111.08,111.08,0,0
1327.N,D,20170306,000000,111.17,111.17,111.17,111.17,0,0
1327.N,D,20170307,000000,111.89,111.89,111.89,111.89,0,0
1327.N,D,20170308,000000,111.88,111.88,111.88,111.88,0,0
1327.N,D,20170309,000000,110.98,110.98,110.98,110.98,0,0
1327.N,D,20170310,000000,110.75,110.75,110.75,110.75,0,0
1327.N,D,20170313,000000,110.98,110.98,110.98,110.98,0,0
1327.N,D,20170314,000000,111.2,111.2,111.2,111.2,0,0
1327.N,D,20170315,000000,111.57,111.57,111.57,111.57,0,0
1327.N,D,20170316,000000,111.64,111.64,111.64,111.64,0,0
1327.N,D,20170317,000000,111.43,111.43,111.43,111.43,0,0
1327.N,D,20170320,000000,111.45,111.45,111.45,111.45,0,0
1327.N,D,20170321,000000,111.02,111.02,111.02,111.02,0,0
1327.N,D,20170322,000000,109.68,109.68,109.68,109.68,0,0
1327.N,D,20170323,000000,110.36,110.36,110.36,110.36,0,0
1327.N,D,20170324,000000,110.38,110.38,110.38,110.38,0,0
1327.N,D,20170327,000000,109.64,109.64,109.64,109.64,0,0
1327.N,D,20170328,000000,110.53,110.53,110.53,110.53,0,0
1327.N,D,20170329,000000,112.06,112.06,112.06,112.06,0,0
1327.N,D,20170330,000000,112.08,112.08,112.08,112.08,0,0
1327.N,D,20170331,000000,111.74,111.74,111.74,111.74,0,0
1327.N,D,20170403,000000,112.78,112.78,112.78,112.78,0,0
1327.N,D,20170404,000000,113.43,113.43,113.43,113.43,0,0
1327.N,D,20170405,000000,113.54,113.54,113.54,113.54,0,0
1327.N,D,20170406,000000,112.73,112.73,112.73,112.73,0,0
1327.N,D,20170407,000000,113.13,113.13,113.13,113.13,0,0
1327.N,D,20170410,000000,112.51,112.51,112.51,112.51,0,0
1327.N,D,20170411,000000,112.28,112.28,112.28,112.28,0,0
1327.N,D,20170412,000000,111.83,111.83,111.83,111.83,0,0
1327.N,D,20170413,000000,111.64,111.64,111.64,111.64,0,0
1327.N,D,20170418,000000,111.01,111.01,111.01,111.01,0,0
1327.N,D,20170419,000000,110.91,110.91,110.91,110.91,0,0
1327.N,D,20170420,000000,110.58,110.58,110.58,110.58,0,0
1327.N,D,20170421,000000,111.81,111.81,111.81,111.81,0,0
1327.N,D,20170424,000000,110.14,110.14,110.14,110.14,0,0
1327.N,D,20170425,000000,110.7,110.7,110.7,110.7,0,0
1327.N,D,20170426,000000,111.03,111.03,111.03,111.03,0,0
1327.N,D,20170427,000000,110.59,110.59,110.59,110.59,0,0
1327.N,D,20170428,000000,110.14,110.14,110.14,110.14,0,0
1327.N,D,20170502,000000,111.12,111.12,111.12,111.12,0,0
1327.N,D,20170503,000000,111.2,111.2,111.2,111.2,0,0
1327.N,D,20170504,000000,111.31,111.31,111.31,111.31,0,0
1327.N,D,20170505,000000,110.63,110.63,110.63,110.63,0,0
1327.N,D,20170508,000000,111.98,111.98,111.98,111.98,0,0
1327.N,D,20170509,000000,112.14,112.14,112.14,112.14,0,0
1327.N,D,20170510,000000,113.02,113.02,113.02,113.02,0,0
1327.N,D,20170511,000000,113.33,113.33,113.33,113.33,0,0
1327.N,D,20170512,000000,113.48,113.48,113.48,113.48,0,0
1327.N,D,20170515,000000,113.86,113.86,113.86,113.86,0,0
1327.N,D,20170516,000000,112.34,112.34,112.34,112.34,0,0
1327.N,D,20170517,000000,111.75,111.75,111.75,111.75,0,0
1327.N,D,20170518,000000,110.24,110.24,110.24,110.24,0,0
1327.N,D,20170519,000000,109.52,109.52,109.52,109.52,0,0
1327.N,D,20170522,000000,109.81,109.81,109.81,109.81,0,0
1327.N,D,20170523,000000,109.82,109.82,109.82,109.82,0,0
1327.N,D,20170524,000000,110.57,110.57,110.57,110.57,0,0
1327.N,D,20170526,000000,110.96,110.96,110.96,110.96,0,0
1327.N,D,20170530,000000,112.15,112.15,112.15,112.15,0,0
1327.N,D,20170531,000000,112.41,112.41,112.41,112.41,0,0
1327.N,D,20170601,000000,111.75,111.75,111.75,111.75,0,0
1327.N,D,20170602,000000,112.49,112.49,112.49,112.49,0,0
1327.N,D,20170606,000000,112.58,112.58,112.58,112.58,0,0
1327.N,D,20170607,000000,112.71,112.71,112.71,112.71,0,0
1327.N,D,20170608,000000,114.15,114.15,114.15,114.15,0,0
1327.N,D,20170609,000000,114.73,114.73,114.73,114.73,0,0
1327.N,D,20170612,000000,112.99,112.99,112.99,112.99,0,0
1327.N,D,20170613,000000,113.22,113.22,113.22,113.22,0,0
1327.N,D,20170614,000000,113.31,113.31,113.31,113.31,0,0
1327.N,D,20170615,000000,113.14,113.14,113.14,113.14,0,0
1327.N,D,20170616,000000,112.81,112.81,112.81,112.81,0,0
1327.N,D,20170619,000000,113.97,113.97,113.97,113.97,0,0
1327.N,D,20170620,000000,114.02,114.02,114.02,114.02,0,0
1327.N,D,20170621,000000,113.31,113.31,113.31,113.31,0,0
1327.N,D,20170622,000000,113.7,113.7,113.7,113.7,0,0
1327.N,D,20170626,000000,114.93,114.93,114.93,114.93,0,0
1327.N,D,20170627,000000,114.09,114.09,114.09,114.09,0,0
1327.N,D,20170628,000000,111.59,111.59,111.59,111.59,0,0
1327.N,D,20170629,000000,111.53,111.53,111.53,111.53,0,0
1327.N,D,20170630,000000,111.17,111.17,111.17,111.17,0,0
1327.N,D,20170703,000000,110.15,110.15,110.15,110.15,0,0
1327.N,D,20170704,000000,109.34,109.34,109.34,109.34,0,0
1327.N,D,20170705,000000,110.11,110.11,110.11,110.11,0,0
1327.N,D,20170706,000000,109.9,109.9,109.9,109.9,0,0
1327.N,D,20170707,000000,108.87,108.87,108.87,108.87,0,0
1327.N,D,20170710,000000,109.58,109.58,109.58,109.58,0,0
1327.N,D,20170711,000000,109.78,109.78,109.78,109.78,0,0
1327.N,D,20170712,000000,109.89,109.89,109.89,109.89,0,0
1327.N,D,20170713,000000,111.17,111.17,111.17,111.17,0,0
1327.N,D,20170714,000000,112.11,112.11,112.11,112.11,0,0
1327.N,D,20170717,000000,112.3,112.3,112.3,112.3,0,0
1327.N,D,20170718,000000,112.74,112.74,112.74,112.74,0,0
1327.N,D,20170719,000000,113.8,113.8,113.8,113.8,0,0
1327.N,D,20170720,000000,113.76,113.76,113.76,113.76,0,0
1327.N,D,20170721,000000,113.35,113.35,113.35,113.35,0,0
1327.N,D,20170724,000000,114.02,114.02,114.02,114.02,0,0
1327.N,D,20170725,000000,113.43,113.43,113.43,113.43,0,0
1327.N,D,20170726,000000,112.93,112.93,112.93,112.93,0,0
1327.N,D,20170727,000000,113.44,113.44,113.44,113.44,0,0
1327.N,D,20170728,000000,111.47,111.47,111.47,111.47,0,0
1327.N,D,20170731,000000,111.7,111.7,111.7,111.7,0,0
1327.N,D,20170801,000000,111.47,111.47,111.47,111.47,0,0
1327.N,D,20170802,000000,111.6,111.6,111.6,111.6,0,0
1327.N,D,20170803,000000,110.06,110.06,110.06,110.06,0,0
1327.N,D,20170804,000000,109.96,109.96,109.96,109.96,0,0
1327.N,D,20170807,000000,111.57,111.57,111.57,111.57,0,0
1327.N,D,20170808,000000,111.18,111.18,111.18,111.18,0,0
1327.N,D,20170809,000000,110.6,110.6,110.6,110.6,0,0
1327.N,D,20170810,000000,109.51,109.51,109.51,109.51,0,0
1327.N,D,20170811,000000,108.23,108.23,108.23,108.23,0,0
1327.N,D,20170814,000000,107.91,107.91,107.91,107.91,0,0
1327.N,D,20170816,000000,109.36,109.36,109.36,109.36,0,0
1327.N,D,20170817,000000,110.25,110.25,110.25,110.25,0,0
1327.N,D,20170818,000000,109.52,109.52,109.52,109.52,0,0
1327.N,D,20170821,000000,109.45,109.45,109.45,109.45,0,0
1327.N,D,20170822,000000,109.28,109.28,109.28,109.28,0,0
1327.N,D,20170823,000000,108.97,108.97,108.97,108.97,0,0
1327.N,D,20170824,000000,109.66,109.66,109.66,109.66,0,0
1327.N,D,20170825,000000,109.87,109.87,109.87,109.87,0,0
1327.N,D,20170828,000000,108.66,108.66,108.66,108.66,0,0
1327.N,D,20170829,000000,107.03,107.03,107.03,107.03,0,0
1327.N,D,20170830,000000,108.14,108.14,108.14,108.14,0,0
1327.N,D,20170831,000000,109.34,109.34,109.34,109.34,0,0
1327.N,D,20170901,000000,109.5,109.5,109.5,109.5,0,0
1327.N,D,20170904,000000,108.24,108.24,108.24,108.24,0,0
1327.N,D,20170905,000000,108.79,108.79,108.79,108.79,0,0
1327.N,D,20170906,000000,108.4,108.4,108.4,108.4,0,0
1327.N,D,20170907,000000,108.72,108.72,108.72,108.72,0,0
1327.N,D,20170908,000000,108.67,108.67,108.67,108.67,0,0
1327.N,D,20170911,000000,109.09,109.09,109.09,109.09,0,0
1327.N,D,20170912,000000,110.04,110.04,110.04,110.04,0,0
1327.N,D,20170913,000000,109.77,109.77,109.77,109.77,0,0
1327.N,D,20170914,000000,110.55,110.55,110.55,110.55,0,0
1327.N,D,20170915,000000,110.13,110.13,110.13,110.13,0,0
1327.N,D,20170918,000000,110.81,110.81,110.81,110.81,0,0
1327.N,D,20170919,000000,110.32,110.32,110.32,110.32,0,0
1327.N,D,20170920,000000,110.49,110.49,110.49,110.49,0,0
1327.N,D,20170921,000000,111,111,111,111,0,0
1327.N,D,20170922,000000,110.2,110.2,110.2,110.2,0,0
1327.N,D,20170925,000000,110.92,110.92,110.92,110.92,0,0
1327.N,D,20170926,000000,111.17,111.17,111.17,111.17,0,0
1327.N,D,20170927,000000,112.56,112.56,112.56,112.56,0,0
1327.N,D,20170928,000000,112.18,112.18,112.18,112.18,0,0
1327.N,D,20170929,000000,112.21,112.21,112.21,112.21,0,0
1327.N,D,20171002,000000,113.28,113.28,113.28,113.28,0,0
1327.N,D,20171003,000000,113.68,113.68,113.68,113.68,0,0
1327.N,D,20171004,000000,113.84,113.84,113.84,113.84,0,0
1327.N,D,20171005,000000,113.84,113.84,113.84,113.84,0,0
1327.N,D,20171006,000000,114.42,114.42,114.42,114.42,0,0
1327.N,D,20171009,000000,114.11,114.11,114.11,114.11,0,0
1327.N,D,20171010,000000,114.81,114.81,114.81,114.81,0,0
1327.N,D,20171011,000000,114.96,114.96,114.96,114.96,0,0
1327.N,D,20171012,000000,115.5,115.5,115.5,115.5,0,0
1327.N,D,20171013,000000,115.79,115.79,115.79,115.79,0,0
1327.N,D,20171016,000000,116.01,116.01,116.01,116.01,0,0
1327.N,D,20171017,000000,116.1,116.1,116.1,116.1,0,0
1327.N,D,20171018,000000,116.69,116.69,116.69,116.69,0,0
1327.N,D,20171019,000000,116.42,116.42,116.42,116.42,0,0
1327.N,D,20171020,000000,116.44,116.44,116.44,116.44,0,0
1327.N,D,20171023,000000,117.53,117.53,117.53,117.53,0,0
1327.N,D,20171024,000000,117.24,117.24,117.24,117.24,0,0
1327.N,D,20171025,000000,117.42,117.42,117.42,117.42,0,0
1327.N,D,20171026,000000,116.57,116.57,116.57,116.57,0,0
1327.N,D,20171027,000000,117.94,117.94,117.94,117.94,0,0
1327.N,D,20171030,000000,118.64,118.64,118.64,118.64,0,0
1327.N,D,20171031,000000,119.52,119.52,119.52,119.52,0,0
1327.N,D,20171102,000000,120.02,120.02,120.02,120.02,0,0
1327.N,D,20171103,000000,120.22,120.22,120.22,120.22,0,0
1327.N,D,20171106,000000,120.6,120.6,120.6,120.6,0,0
1327.N,D,20171107,000000,121.74,121.74,121.74,121.74,0,0
1327.N,D,20171108,000000,121.95,121.95,121.95,121.95,0,0
1327.N,D,20171109,000000,122.19,122.19,122.19,122.19,0,0
1327.N,D,20171110,000000,121.94,121.94,121.94,121.94,0,0
1327.N,D,20171113,000000,122.46,122.46,122.46,122.46,0,0
1327.N,D,20171114,000000,122.03,122.03,122.03,122.03,0,0
1327.N,D,20171115,000000,120.2,120.2,120.2,120.2,0,0
1327.N,D,20171116,000000,122.14,122.14,122.14,122.14,0,0
1327.N,D,20171117,000000,122.39,122.39,122.39,122.39,0,0
1327.N,D,20171120,000000,122.06,122.06,122.06,122.06,0,0
1327.N,D,20171121,000000,123.45,123.45,123.45,123.45,0,0
1327.N,D,20171122,000000,124.63,124.63,124.63,124.63,0,0
1327.N,D,20171123,000000,124.12,124.12,124.12,124.12,0,0
1327.N,D,20171124,000000,125.03,125.03,125.03,125.03,0,0
1327.N,D,20171127,000000,123.46,123.46,123.46,123.46,0,0
1327.N,D,20171128,000000,123.01,123.01,123.01,123.01,0,0
1327.N,D,20171129,000000,125.18,125.18,125.18,125.18,0,0
1327.N,D,20171130,000000,123.48,123.48,123.48,123.48,0,0
1327.N,D,20171201,000000,121.77,121.77,121.77,121.77,0,0
1327.N,D,20171204,000000,121.65,121.65,121.65,121.65,0,0
1327.N,D,20171205,000000,121.04,121.04,121.04,121.04,0,0
1327.N,D,20171206,000000,118.94,118.94,118.94,118.94,0,0
1327.N,D,20171207,000000,119.54,119.54,119.54,119.54,0,0
1327.N,D,20171208,000000,120.99,120.99,120.99,120.99,0,0
1327.N,D,20171211,000000,121.77,121.77,121.77,121.77,0,0
1327.N,D,20171212,000000,121.72,121.72,121.72,121.72,0,0
1327.N,D,20171213,000000,122.18,122.18,122.18,122.18,0,0
1327.N,D,20171214,000000,122.03,122.03,122.03,122.03,0,0
1327.N,D,20171215,000000,122.66,122.66,122.66,122.66,0,0
1327.N,D,20171218,000000,122.54,122.54,122.54,122.54,0,0
1327.N,D,20171219,000000,122.81,122.81,122.81,122.81,0,0
1327.N,D,20171220,000000,122.76,122.76,122.76,122.76,0,0
1327.N,D,20171221,000000,121.22,121.22,121.22,121.22,0,0
1327.N,D,20171222,000000,123.31,123.31,123.31,123.31,0,0
1327.N,D,20171227,000000,123.34,123.34,123.34,123.34,0,0
1327.N,D,20171228,000000,124.64,124.64,124.64,124.64,0,0
1327.N,D,20171229,000000,124.28,124.28,124.28,124.28,0,0
1327.N,D,20180102,000000,123.64,123.64,123.64,123.64,0,0
1327.N,D,20180103,000000,124.42,124.42,124.42,124.42,0,0
1327.N,D,20180104,000000,124.99,124.99,124.99,124.99,0,0
1327.N,D,20180105,000000,125.6,125.6,125.6,125.6,0,0
1327.N,D,20180108,000000,125.05,125.05,125.05,125.05,0,0
1327.N,D,20180109,000000,126,126,126,126,0,0
1327.N,D,20180110,000000,125.28,125.28,125.28,125.28,0,0
1327.N,D,20180111,000000,126.14,126.14,126.14,126.14,0,0
1327.N,D,20180112,000000,125.02,125.02,125.02,125.02,0,0
1327.N,D,20180115,000000,123.51,123.51,123.51,123.51,0,0
1327.N,D,20180116,000000,125.48,125.48,125.48,125.48,0,0
1327.N,D,20180117,000000,125.59,125.59,125.59,125.59,0,0
1327.N,D,20180118,000000,125.86,125.86,125.86,125.86,0,0
1327.N,D,20180119,000000,125.79,125.79,125.79,125.79,0,0
1327.N,D,20180122,000000,126.04,126.04,126.04,126.04,0,0
1327.N,D,20180123,000000,127.24,127.24,127.24,127.24,0,0
1327.N,D,20180124,000000,126.75,126.75,126.75,126.75,0,0
1327.N,D,20180125,000000,126.17,126.17,126.17,126.17,0,0
1327.N,D,20180126,000000,125.86,125.86,125.86,125.86,0,0
1327.N,D,20180129,000000,126.86,126.86,126.86,126.86,0,0
1327.N,D,20180130,000000,125.88,125.88,125.88,125.88,0,0
1327.N,D,20180131,000000,125.35,125.35,125.35,125.35,0,0
1327.N,D,20180201,000000,126.14,126.14,126.14,126.14,0,0
1327.N,D,20180202,000000,124.3,124.3,124.3,124.3,0,0
1327.N,D,20180205,000000,121.19,121.19,121.19,121.19,0,0
1327.N,D,20180206,000000,117.3,117.3,117.3,117.3,0,0
1327.N,D,20180207,000000,118.48,118.48,118.48,118.48,0,0
1327.N,D,20180208,000000,120.17,120.17,120.17,120.17,0,0
1327.N,D,20180209,000000,116.91,116.91,116.91,116.91,0,0
1327.N,D,20180212,000000,117.48,117.48,117.48,117.48,0,0
1327.N,D,20180213,000000,116.72,116.72,116.72,116.72,0,0
1327.N,D,20180214,000000,118.31,118.31,118.31,118.31,0,0
1327.N,D,20180215,000000,119.55,119.55,119.55,119.55,0,0
1327.N,D,20180216,000000,119.95,119.95,119.95,119.95,0,0
1327.N,D,20180219,000000,121.91,121.91,121.91,121.91,0,0
1327.N,D,20180220,000000,121.02,121.02,121.02,121.02,0,0
1327.N,D,20180221,000000,122.67,122.67,122.67,122.67,0,0
1327.N,D,20180222,000000,122.01,122.01,122.01,122.01,0,0
1327.N,D,20180223,000000,122.89,122.89,122.89,122.89,0,0
1327.N,D,20180226,000000,123.03,123.03,123.03,123.03,0,0
1327.N,D,20180227,000000,123.83,123.83,123.83,123.83,0,0
1327.N,D,20180228,000000,123.09,123.09,123.09,123.09,0,0
1327.N,D,20180301,000000,122.8,122.8,122.8,122.8,0,0
1327.N,D,20180302,000000,121.54,121.54,121.54,121.54,0,0
1327.N,D,20180305,000000,118.84,118.84,118.84,118.84,0,0
1327.N,D,20180306,000000,121.3,121.3,121.3,121.3,0,0
1327.N,D,20180307,000000,120.87,120.87,120.87,120.87,0,0
1327.N,D,20180308,000000,122.37,122.37,122.37,122.37,0,0
1327.N,D,20180309,000000,123.44,123.44,123.44,123.44,0,0
1327.N,D,20180312,000000,125.62,125.62,125.62,125.62,0,0
1327.N,D,20180313,000000,126.07,126.07,126.07,126.07,0,0
1327.N,D,20180314,000000,125.49,125.49,125.49,125.49,0,0
1327.N,D,20180315,000000,125.7,125.7,125.7,125.7,0,0
1327.N,D,20180316,000000,125.49,125.49,125.49,125.49,0,0
1327.N,D,20180319,000000,124.45,124.45,124.45,124.45,0,0
1327.N,D,20180320,000000,123.96,123.96,123.96,123.96,0,0
1327.N,D,20180321,000000,124.4,124.4,124.4,124.4,0,0
1327.N,D,20180322,000000,123.99,123.99,123.99,123.99,0,0
1327.N,D,20180323,000000,120.14,120.14,120.14,120.14,0,0
1327.N,D,20180326,000000,121.14,121.14,121.14,121.14,0,0
1327.N,D,20180327,000000,123,123,123,123,0,0
1327.N,D,20180328,000000,121.84,121.84,121.84,121.84,0,0
1327.N,D,20180329,000000,122.83,122.83,122.83,122.83,0,0
1327.N,D,20180403,000000,122.61,122.61,122.61,122.61,0,0
1327.N,D,20180404,000000,120.2,120.2,120.2,120.2,0,0
1327.N,D,20180405,000000,121.59,121.59,121.59,121.59,0,0
1327.N,D,20180406,000000,121.56,121.56,121.56,121.56,0,0
1327.N,D,20180409,000000,121.63,121.63,121.63,121.63,0,0
1327.N,D,20180410,000000,121.44,121.44,121.44,121.44,0,0
1327.N,D,20180411,000000,121.51,121.51,121.51,121.51,0,0
1327.N,D,20180412,000000,122.15,122.15,122.15,122.15,0,0
1327.N,D,20180413,000000,122.99,122.99,122.99,122.99,0,0
1327.N,D,20180416,000000,122.76,122.76,122.76,122.76,0,0
1327.N,D,20180417,000000,121.93,121.93,121.93,121.93,0,0
1327.N,D,20180418,000000,122.34,122.34,122.34,122.34,0,0
1327.N,D,20180419,000000,123.28,123.28,123.28,123.28,0,0
1327.N,D,20180420,000000,122.17,122.17,122.17,122.17,0,0
1327.N,D,20180423,000000,121.45,121.45,121.45,121.45,0,0
1327.N,D,20180424,000000,119.42,119.42,119.42,119.42,0,0
1327.N,D,20180425,000000,117.88,117.88,117.88,117.88,0,0
1327.N,D,20180426,000000,117.72,117.72,117.72,117.72,0,0
1327.N,D,20180427,000000,119.09,119.09,119.09,119.09,0,0
1327.N,D,20180430,000000,119.6,119.6,119.6,119.6,0,0
1327.N,D,20180502,000000,120.19,120.19,120.19,120.19,0,0
1327.N,D,20180503,000000,119.97,119.97,119.97,119.97,0,0
1327.N,D,20180504,000000,119.37,119.37,119.37,119.37,0,0
1327.N,D,20180507,000000,119.86,119.86,119.86,119.86,0,0
1327.N,D,20180508,000000,120.62,120.62,120.62,120.62,0,0
1327.N,D,20180509,000000,121.43,121.43,121.43,121.43,0,0
1327.N,D,20180511,000000,123.2,123.2,123.2,123.2,0,0
1327.N,D,20180514,000000,124,124,124,124,0,0
1327.N,D,20180515,000000,123.7,123.7,123.7,123.7,0,0
1327.N,D,20180516,000000,124.06,124.06,124.06,124.06,0,0
1327.N,D,20180517,000000,124.12,124.12,124.12,124.12,0,0
1327.N,D,20180518,000000,125.31,125.31,125.31,125.31,0,0
1327.N,D,20180522,000000,125.6,125.6,125.6,125.6,0,0
1327.N,D,20180523,000000,126.49,126.49,126.49,126.49,0,0
1327.N,D,20180524,000000,126.38,126.38,126.38,126.38,0,0
1327.N,D,20180525,000000,127.08,127.08,127.08,127.08,0,0
1327.N,D,20180528,000000,127.59,127.59,127.59,127.59,0,0
1327.N,D,20180529,000000,129.08,129.08,129.08,129.08,0,0
1327.N,D,20180530,000000,127.85,127.85,127.85,127.85,0,0
1327.N,D,20180531,000000,127.5,127.5,127.5,127.5,0,0
1327.N,D,20180601,000000,127.57,127.57,127.57,127.57,0,0
1327.N,D,20180604,000000,128.55,128.55,128.55,128.55,0,0
1327.N,D,20180605,000000,128.95,128.95,128.95,128.95,0,0
1327.N,D,20180606,000000,128.65,128.65,128.65,128.65,0,0
1327.N,D,20180607,000000,128.99,128.99,128.99,128.99,0,0
1327.N,D,20180608,000000,128.6,128.6,128.6,128.6,0,0
1327.N,D,20180611,000000,128.03,128.03,128.03,128.03,0,0
1327.N,D,20180612,000000,128.13,128.13,128.13,128.13,0,0
1327.N,D,20180613,000000,128.12,128.12,128.12,128.12,0,0
1327.N,D,20180614,000000,126.67,126.67,126.67,126.67,0,0
1327.N,D,20180615,000000,127.39,127.39,127.39,127.39,0,0
1327.N,D,20180618,000000,124.98,124.98,124.98,124.98,0,0
1327.N,D,20180619,000000,123.38,123.38,123.38,123.38,0,0
1327.N,D,20180620,000000,124.61,124.61,124.61,124.61,0,0
1327.N,D,20180621,000000,125.36,125.36,125.36,125.36,0,0
1327.N,D,20180622,000000,124.52,124.52,124.52,124.52,0,0
1327.N,D,20180625,000000,123.17,123.17,123.17,123.17,0,0
1327.N,D,20180626,000000,122.77,122.77,122.77,122.77,0,0
1327.N,D,20180627,000000,122.17,122.17,122.17,122.17,0,0
1327.N,D,20180628,000000,121.11,121.11,121.11,121.11,0,0
1327.N,D,20180629,000000,120.87,120.87,120.87,120.87,0,0
1327.N,D,20180702,000000,119.09,119.09,119.09,119.09,0,0
1327.N,D,20180703,000000,118.57,118.57,118.57,118.57,0,0
1327.N,D,20180704,000000,118.34,118.34,118.34,118.34,0,0
1327.N,D,20180705,000000,117.28,117.28,117.28,117.28,0,0
1327.N,D,20180706,000000,118.17,118.17,118.17,118.17,0,0
1327.N,D,20180709,000000,118.75,118.75,118.75,118.75,0,0
1327.N,D,20180710,000000,119.06,119.06,119.06,119.06,0,0
1327.N,D,20180711,000000,118.65,118.65,118.65,118.65,0,0
1327.N,D,20180712,000000,119.66,119.66,119.66,119.66,0,0
1327.N,D,20180713,000000,121.64,121.64,121.64,121.64,0,0
1327.N,D,20180716,000000,120.75,120.75,120.75,120.75,0,0
1327.N,D,20180717,000000,120.12,120.12,120.12,120.12,0,0
1327.N,D,20180718,000000,121.02,121.02,121.02,121.02,0,0
1327.N,D,20180719,000000,122,122,122,122,0,0
1327.N,D,20180720,000000,121.08,121.08,121.08,121.08,0,0
1327.N,D,20180723,000000,119.4,119.4,119.4,119.4,0,0
1327.N,D,20180724,000000,119.9,119.9,119.9,119.9,0,0
1327.N,D,20180725,000000,120.29,120.29,120.29,120.29,0,0
1327.N,D,20180726,000000,121.52,121.52,121.52,121.52,0,0
1327.N,D,20180727,000000,122.79,122.79,122.79,122.79,0,0
1327.N,D,20180730,000000,121.69,121.69,121.69,121.69,0,0
1327.N,D,20180731,000000,120.41,120.41,120.41,120.41,0,0
1327.N,D,20180801,000000,121.31,121.31,121.31,121.31,0,0
1327.N,D,20180802,000000,120.58,120.58,120.58,120.58,0,0
1327.N,D,20180803,000000,120.9,120.9,120.9,120.9,0,0
1327.N,D,20180806,000000,120.99,120.99,120.99,120.99,0,0
1327.N,D,20180807,000000,121.04,121.04,121.04,121.04,0,0
1327.N,D,20180808,000000,120.93,120.93,120.93,120.93,0,0
1327.N,D,20180809,000000,121.71,121.71,121.71,121.71,0,0
1327.N,D,20180810,000000,121.61,121.61,121.61,121.61,0,0
1327.N,D,20180813,000000,119.6,119.6,119.6,119.6,0,0
1327.N,D,20180814,000000,119.76,119.76,119.76,119.76,0,0
1327.N,D,20180816,000000,118.52,118.52,118.52,118.52,0,0
1327.N,D,20180817,000000,118.23,118.23,118.23,118.23,0,0
1327.N,D,20180820,000000,117.44,117.44,117.44,117.44,0,0
1327.N,D,20180821,000000,118.64,118.64,118.64,118.64,0,0
1327.N,D,20180822,000000,117.75,117.75,117.75,117.75,0,0
1327.N,D,20180823,000000,117.89,117.89,117.89,117.89,0,0
1327.N,D,20180824,000000,117.55,117.55,117.55,117.55,0,0
1327.N,D,20180827,000000,119.55,119.55,119.55,119.55,0,0
1327.N,D,20180828,000000,118.87,118.87,118.87,118.87,0,0
1327.N,D,20180829,000000,120.03,120.03,120.03,120.03,0,0
1327.N,D,20180830,000000,120.09,120.09,120.09,120.09,0,0
1327.N,D,20180831,000000,120.45,120.45,120.45,120.45,0,0
1327.N,D,20180903,000000,120.03,120.03,120.03,120.03,0,0
1327.N,D,20180904,000000,120.88,120.88,120.88,120.88,0,0
1327.N,D,20180905,000000,120.24,120.24,120.24,120.24,0,0
1327.N,D,20180906,000000,119.23,119.23,119.23,119.23,0,0
1327.N,D,20180907,000000,117.82,117.82,117.82,117.82,0,0
1327.N,D,20180910,000000,117.41,117.41,117.41,117.41,0,0
1327.N,D,20180911,000000,117.42,117.42,117.42,117.42,0,0
1327.N,D,20180912,000000,117.12,117.12,117.12,117.12,0,0
1327.N,D,20180913,000000,116.91,116.91,116.91,116.91,0,0
1327.N,D,20180914,000000,117.79,117.79,117.79,117.79,0,0
1327.N,D,20180917,000000,117.2,117.2,117.2,117.2,0,0
1327.N,D,20180918,000000,117.61,117.61,117.61,117.61,0,0
1327.N,D,20180919,000000,117.9,117.9,117.9,117.9,0,0
1327.N,D,20180920,000000,118.43,118.43,118.43,118.43,0,0
1327.N,D,20180921,000000,120.07,120.07,120.07,120.07,0,0
1327.N,D,20180924,000000,119.79,119.79,119.79,119.79,0,0
1327.N,D,20180925,000000,120,120,120,120,0,0
1327.N,D,20180926,000000,120.71,120.71,120.71,120.71,0,0
1327.N,D,20180927,000000,120.37,120.37,120.37,120.37,0,0
1327.N,D,20180928,000000,121.77,121.77,121.77,121.77,0,0
1327.N,D,20181001,000000,121.7,121.7,121.7,121.7,0,0
1327.N,D,20181002,000000,120.85,120.85,120.85,120.85,0,0
1327.N,D,20181003,000000,119.12,119.12,119.12,119.12,0,0
1327.N,D,20181004,000000,118.21,118.21,118.21,118.21,0,0
1327.N,D,20181005,000000,115.47,115.47,115.47,115.47,0,0
1327.N,D,20181008,000000,114.19,114.19,114.19,114.19,0,0
1327.N,D,20181009,000000,113.1,113.1,113.1,113.1,0,0
1327.N,D,20181010,000000,112.28,112.28,112.28,112.28,0,0
1327.N,D,20181011,000000,107.2,107.2,107.2,107.2,0,0
1327.N,D,20181012,000000,109.67,109.67,109.67,109.67,0,0
1327.N,D,20181015,000000,109.49,109.49,109.49,109.49,0,0
1327.N,D,20181016,000000,110.6,110.6,110.6,110.6,0,0
1327.N,D,20181017,000000,112.03,112.03,112.03,112.03,0,0
1327.N,D,20181018,000000,111.27,111.27,111.27,111.27,0,0
1327.N,D,20181019,000000,112.27,112.27,112.27,112.27,0,0
1327.N,D,20181022,000000,112.07,112.07,112.07,112.07,0,0
1327.N,D,20181023,000000,109.97,109.97,109.97,109.97,0,0
1327.N,D,20181024,000000,109.27,109.27,109.27,109.27,0,0
1327.N,D,20181025,000000,106.63,106.63,106.63,106.63,0,0
1327.N,D,20181026,000000,105.79,105.79,105.79,105.79,0,0
1327.N,D,20181029,000000,105.1,105.1,105.1,105.1,0,0
1327.N,D,20181030,000000,106.56,106.56,106.56,106.56,0,0
1327.N,D,20181031,000000,108.54,108.54,108.54,108.54,0,0
1327.N,D,20181102,000000,114.4,114.4,114.4,114.4,0,0
1327.N,D,20181105,000000,114.15,114.15,114.15,114.15,0,0
1327.N,D,20181106,000000,112.69,112.69,112.69,112.69,0,0
1327.N,D,20181107,000000,112.32,112.32,112.32,112.32,0,0
1327.N,D,20181108,000000,113.56,113.56,113.56,113.56,0,0
1327.N,D,20181109,000000,112.95,112.95,112.95,112.95,0,0
1327.N,D,20181112,000000,112.54,112.54,112.54,112.54,0,0
1327.N,D,20181113,000000,110.38,110.38,110.38,110.38,0,0
1327.N,D,20181114,000000,110.71,110.71,110.71,110.71,0,0
1327.N,D,20181115,000000,113.04,113.04,113.04,113.04,0,0
1327.N,D,20181116,000000,111.58,111.58,111.58,111.58,0,0
1327.N,D,20181119,000000,111.91,111.91,111.91,111.91,0,0
1327.N,D,20181120,000000,109.83,109.83,109.83,109.83,0,0
1327.N,D,20181121,000000,111.09,111.09,111.09,111.09,0,0
1327.N,D,20181122,000000,110.33,110.33,110.33,110.33,0,0
1327.N,D,20181123,000000,109.73,109.73,109.73,109.73,0,0
1327.N,D,20181126,000000,111.13,111.13,111.13,111.13,0,0
1327.N,D,20181127,000000,112.5,112.5,112.5,112.5,0,0
1327.N,D,20181128,000000,114.11,114.11,114.11,114.11,0,0
1327.N,D,20181129,000000,113.88,113.88,113.88,113.88,0,0
1327.N,D,20181130,000000,113.87,113.87,113.87,113.87,0,0
1327.N,D,20181203,000000,117.55,117.55,117.55,117.55,0,0
1327.N,D,20181204,000000,116.32,116.32,116.32,116.32,0,0
1327.N,D,20181205,000000,114.63,114.63,114.63,114.63,0,0
1327.N,D,20181206,000000,111.63,111.63,111.63,111.63,0,0
1327.N,D,20181207,000000,110.94,110.94,110.94,110.94,0,0
1327.N,D,20181210,000000,107.62,107.62,107.62,107.62,0,0
1327.N,D,20181211,000000,107.92,107.92,107.92,107.92,0,0
1327.N,D,20181212,000000,110.44,110.44,110.44,110.44,0,0
1327.N,D,20181213,000000,111.11,111.11,111.11,111.11,0,0
1327.N,D,20181214,000000,109.86,109.86,109.86,109.86,0,0
1327.N,D,20181217,000000,109.48,109.48,109.48,109.48,0,0
1327.N,D,20181218,000000,107.21,107.21,107.21,107.21,0,0
1327.N,D,20181219,000000,107.29,107.29,107.29,107.29,0,0
1327.N,D,20181220,000000,104.15,104.15,104.15,104.15,0,0
1327.N,D,20181221,000000,104.66,104.66,104.66,104.66,0,0
1327.N,D,20181227,000000,104,104,104,104,0,0
1327.N,D,20181228,000000,104.56,104.56,104.56,104.56,0,0
1327.N,D,20181231,000000,105.56,105.56,105.56,105.56,0,0
1327.N,D,20190102,000000,103.84,103.84,103.84,103.84,0,0
1327.N,D,20190103,000000,101.92,101.92,101.92,101.92,0,0
1327.N,D,20190104,000000,101.56,101.56,101.56,101.56,0,0
1327.N,D,20190107,000000,103.31,103.31,103.31,103.31,0,0
1327.N,D,20190108,000000,103.34,103.34,103.34,103.34,0,0
1327.N,D,20190109,000000,105.53,105.53,105.53,105.53,0,0
1327.N,D,20190110,000000,105.5,105.5,105.5,105.5,0,0
1327.N,D,20190111,000000,106.09,106.09,106.09,106.09,0,0
1327.N,D,20190114,000000,104.86,104.86,104.86,104.86,0,0
1327.N,D,20190115,000000,106.44,106.44,106.44,106.44,0,0
1327.N,D,20190116,000000,107.14,107.14,107.14,107.14,0,0
1327.N,D,20190117,000000,106.33,106.33,106.33,106.33,0,0
1327.N,D,20190118,000000,107.5,107.5,107.5,107.5,0,0
1327.N,D,20190121,000000,108.44,108.44,108.44,108.44,0,0
1327.N,D,20190122,000000,108.14,108.14,108.14,108.14,0,0
1327.N,D,20190123,000000,108.47,108.47,108.47,108.47,0,0
1327.N,D,20190124,000000,109.99,109.99,109.99,109.99,0,0
1327.N,D,20190125,000000,112.52,112.52,112.52,112.52,0,0
1327.N,D,20190128,000000,112.25,112.25,112.25,112.25,0,0
1327.N,D,20190129,000000,111.9,111.9,111.9,111.9,0,0
1327.N,D,20190130,000000,112.78,112.78,112.78,112.78,0,0
1327.N,D,20190131,000000,113.35,113.35,113.35,113.35,0,0
1327.N,D,20190201,000000,113.13,113.13,113.13,113.13,0,0
1327.N,D,20190206,000000,114.67,114.67,114.67,114.67,0,0
1327.N,D,20190207,000000,115.75,115.75,115.75,115.75,0,0
1327.N,D,20190208,000000,114.9,114.9,114.9,114.9,0,0
1327.N,D,20190211,000000,115.79,115.79,115.79,115.79,0,0
1327.N,D,20190212,000000,117.74,117.74,117.74,117.74,0,0
1327.N,D,20190213,000000,119.84,119.84,119.84,119.84,0,0
1327.N,D,20190214,000000,120.18,120.18,120.18,120.18,0,0
1327.N,D,20190215,000000,118.08,118.08,118.08,118.08,0,0
1327.N,D,20190218,000000,119.6,119.6,119.6,119.6,0,0
1327.N,D,20190219,000000,119.78,119.78,119.78,119.78,0,0
1327.N,D,20190220,000000,120.61,120.61,120.61,120.61,0,0
1327.N,D,20190221,000000,121.13,121.13,121.13,121.13,0,0
1327.N,D,20190222,000000,120.38,120.38,120.38,120.38,0,0
1327.N,D,20190225,000000,122.84,122.84,122.84,122.84,0,0
1327.N,D,20190226,000000,121.59,121.59,121.59,121.59,0,0
1327.N,D,20190227,000000,121.4,121.4,121.4,121.4,0,0
1327.N,D,20190228,000000,119.7,119.7,119.7,119.7,0,0
1327.N,D,20190301,000000,120.53,120.53,120.53,120.53,0,0
1327.N,D,20190304,000000,122.91,122.91,122.91,122.91,0,0
1327.N,D,20190305,000000,122.55,122.55,122.55,122.55,0,0
1327.N,D,20190306,000000,122.92,122.92,122.92,122.92,0,0
1327.N,D,20190307,000000,121.51,121.51,121.51,121.51,0,0
1327.N,D,20190308,000000,120.76,120.76,120.76,120.76,0,0
1327.N,D,20190311,000000,120.58,120.58,120.58,120.58,0,0
1327.N,D,20190312,000000,122.38,122.38,122.38,122.38,0,0
1327.N,D,20190313,000000,121.83,121.83,121.83,121.83,0,0
1327.N,D,20190314,000000,120.91,120.91,120.91,120.91,0,0
1327.N,D,20190315,000000,121.77,121.77,121.77,121.77,0,0
1327.N,D,20190318,000000,122.7,122.7,122.7,122.7,0,0
1327.N,D,20190319,000000,122.98,122.98,122.98,122.98,0,0
1327.N,D,20190320,000000,122.91,122.91,122.91,122.91,0,0
1327.N,D,20190321,000000,122.83,122.83,122.83,122.83,0,0
1327.N,D,20190322,000000,124.86,124.86,124.86,124.86,0,0
1327.N,D,20190325,000000,121.51,121.51,121.51,121.51,0,0
1327.N,D,20190326,000000,122.64,122.64,122.64,122.64,0,0
1327.N,D,20190327,000000,123.14,123.14,123.14,123.14,0,0
1327.N,D,20190328,000000,122.83,122.83,122.83,122.83,0,0
1327.N,D,20190329,000000,124.38,124.38,124.38,124.38,0,0
1327.N,D,20190401,000000,126.04,126.04,126.04,126.04,0,0
1327.N,D,20190402,000000,127.28,127.28,127.28,127.28,0,0
1327.N,D,20190403,000000,128.46,128.46,128.46,128.46,0,0
1327.N,D,20190404,000000,129.27,129.27,129.27,129.27,0,0
1327.N,D,20190405,000000,129.59,129.59,129.59,129.59,0,0
1327.N,D,20190408,000000,128.83,128.83,128.83,128.83,0,0
1327.N,D,20190409,000000,128.15,128.15,128.15,128.15,0,0
1327.N,D,20190410,000000,127.51,127.51,127.51,127.51,0,0
1327.N,D,20190411,000000,127.27,127.27,127.27,127.27,0,0
1327.N,D,20190412,000000,126.35,126.35,126.35,126.35,0,0
1327.N,D,20190415,000000,127.04,127.04,127.04,127.04,0,0
1327.N,D,20190416,000000,127.38,127.38,127.38,127.38,0,0
1327.N,D,20190417,000000,128.17,128.17,128.17,128.17,0,0
1327.N,D,20190418,000000,128.63,128.63,128.63,128.63,0,0
1327.N,D,20190423,000000,127.97,127.97,127.97,127.97,0,0
1327.N,D,20190424,000000,128.01,128.01,128.01,128.01,0,0
1327.N,D,20190425,000000,128.49,128.49,128.49,128.49,0,0
1327.N,D,20190426,000000,126.51,126.51,126.51,126.51,0,0
1327.N,D,20190429,000000,126.58,126.58,126.58,126.58,0,0
1327.N,D,20190430,000000,125.46,125.46,125.46,125.46,0,0
1327.N,D,20190502,000000,126.68,126.68,126.68,126.68,0,0
1327.N,D,20190503,000000,127.52,127.52,127.52,127.52,0,0
1327.N,D,20190506,000000,125.52,125.52,125.52,125.52,0,0
1327.N,D,20190507,000000,124.92,124.92,124.92,124.92,0,0
1327.N,D,20190508,000000,124.2,124.2,124.2,124.2,0,0
1327.N,D,20190510,000000,121.51,121.51,121.51,121.51,0,0
1327.N,D,20190513,000000,119.05,119.05,119.05,119.05,0,0
1327.N,D,20190514,000000,118.02,118.02,118.02,118.02,0,0
1327.N,D,20190515,000000,119.63,119.63,119.63,119.63,0,0
1327.N,D,20190516,000000,118.22,118.22,118.22,118.22,0,0
1327.N,D,20190517,000000,117.57,117.57,117.57,117.57,0,0
1327.N,D,20190520,000000,116.79,116.79,116.79,116.79,0,0
1327.N,D,20190521,000000,116.33,116.33,116.33,116.33,0,0
1327.N,D,20190522,000000,116.35,116.35,116.35,116.35,0,0
1327.N,D,20190523,000000,115.7,115.7,115.7,115.7,0,0
1327.N,D,20190524,000000,114.73,114.73,114.73,114.73,0,0
1327.N,D,20190527,000000,114.55,114.55,114.55,114.55,0,0
1327.N,D,20190528,000000,114.96,114.96,114.96,114.96,0,0
1327.N,D,20190529,000000,115.83,115.83,115.83,115.83,0,0
1327.N,D,20190531,000000,117.04,117.04,117.04,117.04,0,0
1327.N,D,20190603,000000,116.61,116.61,116.61,116.61,0,0
1327.N,D,20190604,000000,115.64,115.64,115.64,115.64,0,0
1327.N,D,20190605,000000,117.04,117.04,117.04,117.04,0,0
1327.N,D,20190606,000000,116.57,116.57,116.57,116.57,0,0
1327.N,D,20190607,000000,116.34,116.34,116.34,116.34,0,0
1327.N,D,20190611,000000,118.99,118.99,118.99,118.99,0,0
1327.N,D,20190612,000000,117.95,117.95,117.95,117.95,0,0
1327.N,D,20190613,000000,117.78,117.78,117.78,117.78,0,0
1327.N,D,20190614,000000,116.98,116.98,116.98,116.98,0,0
1327.N,D,20190617,000000,116.51,116.51,116.51,116.51,0,0
1327.N,D,20190618,000000,117.02,117.02,117.02,117.02,0,0
1327.N,D,20190619,000000,119.36,119.36,119.36,119.36,0,0
1327.N,D,20190620,000000,118.96,118.96,118.96,118.96,0,0
1327.N,D,20190621,000000,118.4,118.4,118.4,118.4,0,0
1327.N,D,20190624,000000,118.15,118.15,118.15,118.15,0,0
1327.N,D,20190625,000000,118.19,118.19,118.19,118.19,0,0
1327.N,D,20190626,000000,118.13,118.13,118.13,118.13,0,0
1327.N,D,20190627,000000,119.19,119.19,119.19,119.19,0,0
1327.N,D,20190628,000000,119.61,119.61,119.61,119.61,0,0
1327.N,D,20190701,000000,121.36,121.36,121.36,121.36,0,0
1327.N,D,20190702,000000,121.65,121.65,121.65,121.65,0,0
1327.N,D,20190703,000000,121.4,121.4,121.4,121.4,0,0
1327.N,D,20190704,000000,122.72,122.72,122.72,122.72,0,0
1327.N,D,20190705,000000,122.54,122.54,122.54,122.54,0,0
1327.N,D,20190708,000000,121.1,121.1,121.1,121.1,0,0
1327.N,D,20190709,000000,120.35,120.35,120.35,120.35,0,0
1327.N,D,20190710,000000,120.98,120.98,120.98,120.98,0,0
1327.N,D,20190711,000000,121.79,121.79,121.79,121.79,0,0
1327.N,D,20190712,000000,121.8,121.8,121.8,121.8,0,0
1327.N,D,20190715,000000,122.76,122.76,122.76,122.76,0,0
1327.N,D,20190716,000000,123.17,123.17,123.17,123.17,0,0
1327.N,D,20190717,000000,122.9,122.9,122.9,122.9,0,0
1327.N,D,20190718,000000,122.56,122.56,122.56,122.56,0,0
1327.N,D,20190719,000000,124.27,124.27,124.27,124.27,0,0
1327.N,D,20190722,000000,125.38,125.38,125.38,125.38,0,0
1327.N,D,20190723,000000,126.36,126.36,126.36,126.36,0,0
1327.N,D,20190724,000000,127.33,127.33,127.33,127.33,0,0
1327.N,D,20190725,000000,128.28,128.28,128.28,128.28,0,0
1327.N,D,20190726,000000,127.51,127.51,127.51,127.51,0,0
1327.N,D,20190729,000000,125.67,125.67,125.67,125.67,0,0
1327.N,D,20190730,000000,125.8,125.8,125.8,125.8,0,0
1327.N,D,20190731,000000,125.93,125.93,125.93,125.93,0,0
1327.N,D,20190801,000000,126.6,126.6,126.6,126.6,0,0
1327.N,D,20190802,000000,124.45,124.45,124.45,124.45,0,0
1327.N,D,20190805,000000,120.94,120.94,120.94,120.94,0,0
1327.N,D,20190806,000000,119.78,119.78,119.78,119.78,0,0
1327.N,D,20190807,000000,120.28,120.28,120.28,120.28,0,0
1327.N,D,20190808,000000,122.67,122.67,122.67,122.67,0,0
1327.N,D,20190809,000000,122.89,122.89,122.89,122.89,0,0
1327.N,D,20190812,000000,122.72,122.72,122.72,122.72,0,0
1327.N,D,20190813,000000,122.24,122.24,122.24,122.24,0,0
1327.N,D,20190814,000000,123.52,123.52,123.52,123.52,0,0
1327.N,D,20190816,000000,123.7,123.7,123.7,123.7,0,0
1327.N,D,20190819,000000,124.31,124.31,124.31,124.31,0,0
1327.N,D,20190820,000000,126.59,126.59,126.59,126.59,0,0
1327.N,D,20190821,000000,126.49,126.49,126.49,126.49,0,0
1327.N,D,20190822,000000,125.74,125.74,125.74,125.74,0,0
1327.N,D,20190823,000000,126.06,126.06,126.06,126.06,0,0
1327.N,D,20190826,000000,122.41,122.41,122.41,122.41,0,0
1327.N,D,20190827,000000,122.73,122.73,122.73,122.73,0,0
1327.N,D,20190828,000000,123.03,123.03,123.03,123.03,0,0
1327.N,D,20190829,000000,123.37,123.37,123.37,123.37,0,0
1327.N,D,20190830,000000,124.55,124.55,124.55,124.55,0,0
1327.N,D,20190902,000000,126.71,126.71,126.71,126.71,0,0
1327.N,D,20190903,000000,126.67,126.67,126.67,126.67,0,0
1327.N,D,20190904,000000,127.24,127.24,127.24,127.24,0,0
1327.N,D,20190905,000000,128.59,128.59,128.59,128.59,0,0
1327.N,D,20190906,000000,128.94,128.94,128.94,128.94,0,0
1327.N,D,20190909,000000,129.61,129.61,129.61,129.61,0,0
1327.N,D,20190910,000000,128.43,128.43,128.43,128.43,0,0
1327.N,D,20190911,000000,129.43,129.43,129.43,129.43,0,0
1327.N,D,20190912,000000,129.98,129.98,129.98,129.98,0,0
1327.N,D,20190913,000000,129.43,129.43,129.43,129.43,0,0
1327.N,D,20190916,000000,130.11,130.11,130.11,130.11,0,0
1327.N,D,20190917,000000,130.48,130.48,130.48,130.48,0,0
1327.N,D,20190918,000000,130.51,130.51,130.51,130.51,0,0
1327.N,D,20190919,000000,130.51,130.51,130.51,130.51,0,0
1327.N,D,20190920,000000,131.85,131.85,131.85,131.85,0,0
1327.N,D,20190923,000000,132.12,132.12,132.12,132.12,0,0
1327.N,D,20190924,000000,131.9,131.9,131.9,131.9,0,0
1327.N,D,20190925,000000,130.74,130.74,130.74,130.74,0,0
1327.N,D,20190926,000000,131.64,131.64,131.64,131.64,0,0
1327.N,D,20190927,000000,131.41,131.41,131.41,131.41,0,0
1327.N,D,20190930,000000,131.69,131.69,131.69,131.69,0,0
1327.N,D,20191001,000000,132.59,132.59,132.59,132.59,0,0
1327.N,D,20191002,000000,131.7,131.7,131.7,131.7,0,0
1327.N,D,20191003,000000,131.21,131.21,131.21,131.21,0,0
1327.N,D,20191004,000000,131.96,131.96,131.96,131.96,0,0
1327.N,D,20191007,000000,132.95,132.95,132.95,132.95,0,0
1327.N,D,20191008,000000,133.95,133.95,133.95,133.95,0,0
1327.N,D,20191009,000000,133.54,133.54,133.54,133.54,0,0
1327.N,D,20191010,000000,133.46,133.46,133.46,133.46,0,0
1327.N,D,20191011,000000,135.13,135.13,135.13,135.13,0,0
1327.N,D,20191014,000000,136.81,136.81,136.81,136.81,0,0
1327.N,D,20191015,000000,138.12,138.12,138.12,138.12,0,0
1327.N,D,20191016,000000,138.61,138.61,138.61,138.61,0,0
1327.N,D,20191017,000000,138.12,138.12,138.12,138.12,0,0
1327.N,D,20191018,000000,137.44,137.44,137.44,137.44,0,0
1327.N,D,20191022,000000,138.38,138.38,138.38,138.38,0,0
1327.N,D,20191023,000000,138.31,138.31,138.31,138.31,0,0
1327.N,D,20191025,000000,139.72,139.72,139.72,139.72,0,0
1327.N,D,20191028,000000,141.51,141.51,141.51,141.51,0,0
1327.N,D,20191029,000000,141.42,141.42,141.42,141.42,0,0
1327.N,D,20191030,000000,140.32,140.32,140.32,140.32,0,0
1327.N,D,20191031,000000,139.48,139.48,139.48,139.48,0,0
1327.N,D,20191104,000000,140.69,140.69,140.69,140.69,0,0
1327.N,D,20191105,000000,142.24,142.24,142.24,142.24,0,0
1327.N,D,20191106,000000,142.39,142.39,142.39,142.39,0,0
1327.N,D,20191107,000000,141.68,141.68,141.68,141.68,0,0
1327.N,D,20191108,000000,142.19,142.19,142.19,142.19,0,0
1327.N,D,20191111,000000,140.04,140.04,140.04,140.04,0,0
1327.N,D,20191112,000000,141.58,141.58,141.58,141.58,0,0
1327.N,D,20191113,000000,142.38,142.38,142.38,142.38,0,0
1327.N,D,20191114,000000,142.67,142.67,142.67,142.67,0,0
1327.N,D,20191115,000000,143.24,143.24,143.24,143.24,0,0
1327.N,D,20191118,000000,143.36,143.36,143.36,143.36,0,0
1327.N,D,20191119,000000,143.37,143.37,143.37,143.37,0,0
1327.N,D,20191120,000000,142.2,142.2,142.2,142.2,0,0
1327.N,D,20191121,000000,140.28,140.28,140.28,140.28,0,0
1327.N,D,20191122,000000,140.39,140.39,140.39,140.39,0,0
1327.N,D,20191125,000000,142.46,142.46,142.46,142.46,0,0
1327.N,D,20191126,000000,143.38,143.38,143.38,143.38,0,0
1327.N,D,20191127,000000,144.13,144.13,144.13,144.13,0,0
1327.N,D,20191128,000000,144.08,144.08,144.08,144.08,0,0
1327.N,D,20191129,000000,142.84,142.84,142.84,142.84,0,0
1327.N,D,20191202,000000,143.28,143.28,143.28,143.28,0,0
1327.N,D,20191203,000000,142.52,142.52,142.52,142.52,0,0
1327.N,D,20191204,000000,141.63,141.63,141.63,141.63,0,0
1327.N,D,20191205,000000,142.71,142.71,142.71,142.71,0,0
1327.N,D,20191206,000000,143.58,143.58,143.58,143.58,0,0
1327.N,D,20191209,000000,143.57,143.57,143.57,143.57,0,0
1327.N,D,20191210,000000,142.71,142.71,142.71,142.71,0,0
1327.N,D,20191211,000000,143.63,143.63,143.63,143.63,0,0
1327.N,D,20191212,000000,145.24,145.24,145.24,145.24,0,0
1327.N,D,20191213,000000,146.94,146.94,146.94,146.94,0,0
1327.N,D,20191216,000000,147.66,147.66,147.66,147.66,0,0
1327.N,D,20191217,000000,147.97,147.97,147.97,147.97,0,0
1327.N,D,20191218,000000,148.16,148.16,148.16,148.16,0,0
1327.N,D,20191219,000000,147.48,147.48,147.48,147.48,0,0
1327.N,D,20191220,000000,148.21,148.21,148.21,148.21,0,0
1327.N,D,20191223,000000,148.52,148.52,148.52,148.52,0,0
1327.N,D,20191227,000000,151.68,151.68,151.68,151.68,0,0
1327.N,D,20191230,000000,151.72,151.72,151.72,151.72,0,0
1327.N,D,20191231,000000,151.26,151.26,151.26,151.26,0,0
1327.N,D,20200102,000000,152.22,152.22,152.22,152.22,0,0
1327.N,D,20200103,000000,152.92,152.92,152.92,152.92,0,0
1327.N,D,20200106,000000,150.78,150.78,150.78,150.78,0,0
1327.N,D,20200107,000000,150.97,150.97,150.97,150.97,0,0
1327.N,D,20200108,000000,150.29,150.29,150.29,150.29,0,0
1327.N,D,20200109,000000,153.51,153.51,153.51,153.51,0,0
1327.N,D,20200110,000000,154.25,154.25,154.25,154.25,0,0
1327.N,D,20200113,000000,154.92,154.92,154.92,154.92,0,0
1327.N,D,20200114,000000,156.32,156.32,156.32,156.32,0,0
1327.N,D,20200115,000000,155.32,155.32,155.32,155.32,0,0
1327.N,D,20200116,000000,156.21,156.21,156.21,156.21,0,0
1327.N,D,20200117,000000,157.64,157.64,157.64,157.64,0,0
1327.N,D,20200120,000000,158.55,158.55,158.55,158.55,0,0
1327.N,D,20200121,000000,157.44,157.44,157.44,157.44,0,0
1327.N,D,20200122,000000,159.27,159.27,159.27,159.27,0,0
1327.N,D,20200123,000000,157.99,157.99,157.99,157.99,0,0
1327.N,D,20200124,000000,158.6,158.6,158.6,158.6,0,0
1327.N,D,20200127,000000,157.36,157.36,157.36,157.36,0,0
1327.N,D,20200128,000000,155.33,155.33,155.33,155.33,0,0
1327.N,D,20200129,000000,155.31,155.31,155.31,155.31,0,0
1327.N,D,20200130,000000,149.77,149.77,149.77,149.77,0,0
1327.N,D,20200131,000000,149.04,149.04,149.04,149.04,0,0
1327.N,D,20200203,000000,147.75,147.75,147.75,147.75,0,0
1327.N,D,20200204,000000,150.55,150.55,150.55,150.55,0,0
1327.N,D,20200205,000000,151.65,151.65,151.65,151.65,0,0
1327.N,D,20200206,000000,154.65,154.65,154.65,154.65,0,0
1327.N,D,20200207,000000,154.25,154.25,154.25,154.25,0,0
1327.N,D,20200210,000000,154.43,154.43,154.43,154.43,0,0
1327.N,D,20200211,000000,156.56,156.56,156.56,156.56,0,0
1327.N,D,20200212,000000,158.81,158.81,158.81,158.81,0,0
1327.N,D,20200213,000000,161.26,161.26,161.26,161.26,0,0
1327.N,D,20200214,000000,162.3,162.3,162.3,162.3,0,0
1327.N,D,20200217,000000,162.3,162.3,162.3,162.3,0,0
1327.N,D,20200218,000000,159.77,159.77,159.77,159.77,0,0
1327.N,D,20200219,000000,161.55,161.55,161.55,161.55,0,0
1327.N,D,20200220,000000,160.91,160.91,160.91,160.91,0,0
1327.N,D,20200221,000000,159.22,159.22,159.22,159.22,0,0
1327.N,D,20200224,000000,154.49,154.49,154.49,154.49,0,0
1327.N,D,20200225,000000,155.44,155.44,155.44,155.44,0,0
1327.N,D,20200226,000000,151.79,151.79,151.79,151.79,0,0
1327.N,D,20200227,000000,148.76,148.76,148.76,148.76,0,0
1327.N,D,20200228,000000,142.58,142.58,142.58,142.58,0,0
1327.N,D,20200302,000000,146.2,146.2,146.2,146.2,0,0
1327.N,D,20200303,000000,146.93,146.93,146.93,146.93,0,0
1327.N,D,20200304,000000,147,147,147,147,0,0
1327.N,D,20200305,000000,149.27,149.27,149.27,149.27,0,0
1327.N,D,20200306,000000,146.37,146.37,146.37,146.37,0,0
1327.N,D,20200309,000000,137.9,137.9,137.9,137.9,0,0
1327.N,D,20200310,000000,140.91,140.91,140.91,140.91,0,0
1327.N,D,20200311,000000,137.86,137.86,137.86,137.86,0,0
1327.N,D,20200312,000000,130.64,130.64,130.64,130.64,0,0
1327.N,D,20200313,000000,127.83,127.83,127.83,127.83,0,0
1327.N,D,20200316,000000,120.13,120.13,120.13,120.13,0,0
1327.N,D,20200317,000000,117.92,117.92,117.92,117.92,0,0
1327.N,D,20200318,000000,118.05,118.05,118.05,118.05,0,0
1327.N,D,20200319,000000,112.28,112.28,112.28,112.28,0,0
1327.N,D,20200320,000000,120.52,120.52,120.52,120.52,0,0
1327.N,D,20200323,000000,115.11,115.11,115.11,115.11,0,0
1327.N,D,20200324,000000,123.52,123.52,123.52,123.52,0,0
1327.N,D,20200325,000000,128.57,128.57,128.57,128.57,0,0
1327.N,D,20200326,000000,126.45,126.45,126.45,126.45,0,0
1327.N,D,20200327,000000,125.71,125.71,125.71,125.71,0,0
1327.N,D,20200330,000000,124.69,124.69,124.69,124.69,0,0
1327.N,D,20200331,000000,125.6,125.6,125.6,125.6,0,0
1327.N,D,20200401,000000,124.82,124.82,124.82,124.82,0,0
1327.N,D,20200402,000000,126.56,126.56,126.56,126.56,0,0
1327.N,D,20200403,000000,127.26,127.26,127.26,127.26,0,0
1327.N,D,20200406,000000,130.59,130.59,130.59,130.59,0,0
1327.N,D,20200407,000000,133.84,133.84,133.84,133.84,0,0
1327.N,D,20200408,000000,134.36,134.36,134.36,134.36,0,0
1327.N,D,20200409,000000,134.62,134.62,134.62,134.62,0,0
1327.N,D,20200414,000000,136.44,136.44,136.44,136.44,0,0
1327.N,D,20200415,000000,137.75,137.75,137.75,137.75,0,0
1327.N,D,20200416,000000,140.2,140.2,140.2,140.2,0,0
1327.N,D,20200417,000000,142.17,142.17,142.17,142.17,0,0
1327.N,D,20200420,000000,141.79,141.79,141.79,141.79,0,0
1327.N,D,20200421,000000,139.89,139.89,139.89,139.89,0,0
1327.N,D,20200422,000000,140.93,140.93,140.93,140.93,0,0
1327.N,D,20200423,000000,141.77,141.77,141.77,141.77,0,0
1327.N,D,20200424,000000,142.33,142.33,142.33,142.33,0,0
1327.N,D,20200427,000000,144,144,144,144,0,0
1327.N,D,20200428,000000,144.96,144.96,144.96,144.96,0,0
1327.N,D,20200429,000000,145.48,145.48,145.48,145.48,0,0
1327.N,D,20200430,000000,148.58,148.58,148.58,148.58,0,0
1327.N,D,20200504,000000,144.27,144.27,144.27,144.27,0,0
1327.N,D,20200505,000000,145.8,145.8,145.8,145.8,0,0
1327.N,D,20200506,000000,148.02,148.02,148.02,148.02,0,0
1327.N,D,20200507,000000,151.06,151.06,151.06,151.06,0,0
1327.N,D,20200508,000000,152.27,152.27,152.27,152.27,0,0
1327.N,D,20200511,000000,153.83,153.83,153.83,153.83,0,0
1327.N,D,20200512,000000,153.31,153.31,153.31,153.31,0,0
1327.N,D,20200513,000000,153.69,153.69,153.69,153.69,0,0
1327.N,D,20200514,000000,152.83,152.83,152.83,152.83,0,0
1327.N,D,20200515,000000,155.31,155.31,155.31,155.31,0,0
1327.N,D,20200518,000000,155.49,155.49,155.49,155.49,0,0
1327.N,D,20200519,000000,155.77,155.77,155.77,155.77,0,0
1327.N,D,20200520,000000,159.03,159.03,159.03,159.03,0,0
1327.N,D,20200522,000000,157.23,157.23,157.23,157.23,0,0
1327.N,D,20200525,000000,159.46,159.46,159.46,159.46,0,0
1327.N,D,20200526,000000,160.59,160.59,160.59,160.59,0,0
1327.N,D,20200527,000000,160.19,160.19,160.19,160.19,0,0
1327.N,D,20200528,000000,157.48,157.48,157.48,157.48,0,0
1327.N,D,20200529,000000,158.31,158.31,158.31,158.31,0,0
1327.N,D,20200602,000000,161.35,161.35,161.35,161.35,0,0
1327.N,D,20200603,000000,163.52,163.52,163.52,163.52,0,0
1327.N,D,20200604,000000,164.04,164.04,164.04,164.04,0,0
1327.N,D,20200605,000000,163.16,163.16,163.16,163.16,0,0
1327.N,D,20200608,000000,164.46,164.46,164.46,164.46,0,0
1327.N,D,20200609,000000,165.03,165.03,165.03,165.03,0,0
1327.N,D,20200610,000000,165.99,165.99,165.99,165.99,0,0
1327.N,D,20200611,000000,164.47,164.47,164.47,164.47,0,0
1327.N,D,20200612,000000,163.21,163.21,163.21,163.21,0,0
1327.N,D,20200615,000000,159.4,159.4,159.4,159.4,0,0
1327.N,D,20200616,000000,164.79,164.79,164.79,164.79,0,0
1327.N,D,20200617,000000,168.39,168.39,168.39,168.39,0,0
1327.N,D,20200618,000000,170.8,170.8,170.8,170.8,0,0
1327.N,D,20200619,000000,170.15,170.15,170.15,170.15,0,0
1327.N,D,20200622,000000,171.83,171.83,171.83,171.83,0,0
1327.N,D,20200624,000000,174.79,174.79,174.79,174.79,0,0
1327.N,D,20200625,000000,173.98,173.98,173.98,173.98,0,0
1327.N,D,20200626,000000,175.03,175.03,175.03,175.03,0,0
1327.N,D,20200629,000000,172.43,172.43,172.43,172.43,0,0
1327.N,D,20200630,000000,172.68,172.68,172.68,172.68,0,0
1327.N,D,20200701,000000,174.41,174.41,174.41,174.41,0,0
1327.N,D,20200702,000000,174.81,174.81,174.81,174.81,0,0
1327.N,D,20200703,000000,178.01,178.01,178.01,178.01,0,0
1327.N,D,20200706,000000,180.91,180.91,180.91,180.91,0,0
1327.N,D,20200707,000000,181.58,181.58,181.58,181.58,0,0
1327.N,D,20200708,000000,181.58,181.58,181.58,181.58,0,0
1327.N,D,20200709,000000,182.98,182.98,182.98,182.98,0,0
1327.N,D,20200710,000000,183.24,183.24,183.24,183.24,0,0
1327.N,D,20200713,000000,184.07,184.07,184.07,184.07,0,0
1327.N,D,20200714,000000,180.63,180.63,180.63,180.63,0,0
1327.N,D,20200715,000000,180.29,180.29,180.29,180.29,0,0
1327.N,D,20200716,000000,176.98,176.98,176.98,176.98,0,0
1327.N,D,20200717,000000,176.75,176.75,176.75,176.75,0,0
1327.N,D,20200720,000000,175.78,175.78,175.78,175.78,0,0
1327.N,D,20200721,000000,180.68,180.68,180.68,180.68,0,0
1327.N,D,20200722,000000,179.4,179.4,179.4,179.4,0,0
1327.N,D,20200723,000000,180.92,180.92,180.92,180.92,0,0
1327.N,D,20200724,000000,175.14,175.14,175.14,175.14,0,0
1327.N,D,20200727,000000,175.12,175.12,175.12,175.12,0,0
1327.N,D,20200728,000000,176.06,176.06,176.06,176.06,0,0
1327.N,D,20200729,000000,176.18,176.18,176.18,176.18,0,0
1327.N,D,20200730,000000,177.35,177.35,177.35,177.35,0,0
1327.N,D,20200731,000000,176.76,176.76,176.76,176.76,0,0
1327.N,D,20200803,000000,177.21,177.21,177.21,177.21,0,0
1327.N,D,20200804,000000,179.14,179.14,179.14,179.14,0,0
1327.N,D,20200805,000000,181.61,181.61,181.61,181.61,0,0
1327.N,D,20200806,000000,182.42,182.42,182.42,182.42,0,0
1327.N,D,20200807,000000,181.31,181.31,181.31,181.31,0,0
1327.N,D,20200810,000000,180.3,180.3,180.3,180.3,0,0
1327.N,D,20200811,000000,180,180,180,180,0,0
1327.N,D,20200812,000000,177.4,177.4,177.4,177.4,0,0
1327.N,D,20200813,000000,177.65,177.65,177.65,177.65,0,0
1327.N,D,20200814,000000,178.69,178.69,178.69,178.69,0,0
1327.N,D,20200817,000000,177.67,177.67,177.67,177.67,0,0
1327.N,D,20200818,000000,177.29,177.29,177.29,177.29,0,0
1327.N,D,20200819,000000,177.49,177.49,177.49,177.49,0,0
1327.N,D,20200820,000000,172.83,172.83,172.83,172.83,0,0
1327.N,D,20200821,000000,175.3,175.3,175.3,175.3,0,0
1327.N,D,20200824,000000,177,177,177,177,0,0
1327.N,D,20200825,000000,177.28,177.28,177.28,177.28,0,0
1327.N,D,20200826,000000,178.03,178.03,178.03,178.03,0,0
1327.N,D,20200827,000000,177.17,177.17,177.17,177.17,0,0
1327.N,D,20200828,000000,175.26,175.26,175.26,175.26,0,0
1327.N,D,20200831,000000,175.77,175.77,175.77,175.77,0,0
1327.N,D,20200901,000000,175.92,175.92,175.92,175.92,0,0
1327.N,D,20200902,000000,178.48,178.48,178.48,178.48,0,0
1327.N,D,20200903,000000,180.36,180.36,180.36,180.36,0,0
1327.N,D,20200904,000000,174.43,174.43,174.43,174.43,0,0
1327.N,D,20200907,000000,172.24,172.24,172.24,172.24,0,0
1327.N,D,20200908,000000,173.03,173.03,173.03,173.03,0,0
1327.N,D,20200909,000000,171.82,171.82,171.82,171.82,0,0
1327.N,D,20200910,000000,170.81,170.81,170.81,170.81,0,0
1327.N,D,20200911,000000,171.01,171.01,171.01,171.01,0,0
1327.N,D,20200914,000000,173.1,173.1,173.1,173.1,0,0
1327.N,D,20200915,000000,174.67,174.67,174.67,174.67,0,0
1327.N,D,20200916,000000,177.02,177.02,177.02,177.02,0,0
1327.N,D,20200917,000000,176.91,176.91,176.91,176.91,0,0
1327.N,D,20200918,000000,177.26,177.26,177.26,177.26,0,0
1327.N,D,20200921,000000,175.44,175.44,175.44,175.44,0,0
1327.N,D,20200922,000000,174.19,174.19,174.19,174.19,0,0
1327.N,D,20200923,000000,176.52,176.52,176.52,176.52,0,0
1327.N,D,20200924,000000,173.08,173.08,173.08,173.08,0,0
1327.N,D,20200925,000000,172.04,172.04,172.04,172.04,0,0
1327.N,D,20200928,000000,173.19,173.19,173.19,173.19,0,0
1327.N,D,20200929,000000,174.1,174.1,174.1,174.1,0,0
1327.N,D,20200930,000000,173.32,173.32,173.32,173.32,0,0
1327.N,D,20201001,000000,174.3,174.3,174.3,174.3,0,0
1327.N,D,20201002,000000,173.85,173.85,173.85,173.85,0,0
1327.N,D,20201005,000000,175,175,175,175,0,0
1327.N,D,20201006,000000,177.04,177.04,177.04,177.04,0,0
1327.N,D,20201007,000000,178.29,178.29,178.29,178.29,0,0
1327.N,D,20201008,000000,180.6,180.6,180.6,180.6,0,0
1327.N,D,20201009,000000,180.3,180.3,180.3,180.3,0,0
1327.N,D,20201012,000000,182.89,182.89,182.89,182.89,0,0
1327.N,D,20201013,000000,184.5,184.5,184.5,184.5,0,0
1327.N,D,20201014,000000,184.57,184.57,184.57,184.57,0,0
1327.N,D,20201015,000000,183.8,183.8,183.8,183.8,0,0
1327.N,D,20201016,000000,182.71,182.71,182.71,182.71,0,0
1327.N,D,20201019,000000,182.43,182.43,182.43,182.43,0,0
1327.N,D,20201020,000000,182.4,182.4,182.4,182.4,0,0
1327.N,D,20201021,000000,182.3,182.3,182.3,182.3,0,0
1327.N,D,20201022,000000,180.77,180.77,180.77,180.77,0,0
1327.N,D,20201023,000000,180.38,180.38,180.38,180.38,0,0
1327.N,D,20201026,000000,178.83,178.83,178.83,178.83,0,0
1327.N,D,20201027,000000,178.44,178.44,178.44,178.44,0,0
1327.N,D,20201028,000000,179.28,179.28,179.28,179.28,0,0
1327.N,D,20201029,000000,179.17,179.17,179.17,179.17,0,0
1327.N,D,20201030,000000,177.64,177.64,177.64,177.64,0,0
1327.N,D,20201102,000000,177.05,177.05,177.05,177.05,0,0
1327.N,D,20201103,000000,178.82,178.82,178.82,178.82,0,0
1327.N,D,20201104,000000,181.33,181.33,181.33,181.33,0,0
1327.N,D,20201105,000000,184.45,184.45,184.45,184.45,0,0
1327.N,D,20201106,000000,185.01,185.01,185.01,185.01,0,0
1327.N,D,20201109,000000,187.53,187.53,187.53,187.53,0,0
1327.N,D,20201110,000000,185.88,185.88,185.88,185.88,0,0
1327.N,D,20201111,000000,185.75,185.75,185.75,185.75,0,0
1327.N,D,20201112,000000,185.26,185.26,185.26,185.26,0,0
1327.N,D,20201113,000000,187.14,187.14,187.14,187.14,0,0
1327.N,D,20201116,000000,190.38,190.38,190.38,190.38,0,0
1327.N,D,20201117,000000,188.27,188.27,188.27,188.27,0,0
1327.N,D,20201118,000000,189.7,189.7,189.7,189.7,0,0
1327.N,D,20201119,000000,190.05,190.05,190.05,190.05,0,0
1327.N,D,20201120,000000,191.11,191.11,191.11,191.11,0,0
1327.N,D,20201123,000000,192.91,192.91,192.91,192.91,0,0
1327.N,D,20201124,000000,193.69,193.69,193.69,193.69,0,0
1327.N,D,20201125,000000,191.71,191.71,191.71,191.71,0,0
1327.N,D,20201126,000000,194.63,194.63,194.63,194.63,0,0
1327.N,D,20201127,000000,195.35,195.35,195.35,195.35,0,0
1327.N,D,20201130,000000,195.56,195.56,195.56,195.56,0,0
1327.N,D,20201201,000000,196.24,196.24,196.24,196.24,0,0
1327.N,D,20201202,000000,194.47,194.47,194.47,194.47,0,0
1327.N,D,20201203,000000,193.37,193.37,193.37,193.37,0,0
1327.N,D,20201204,000000,193.8,193.8,193.8,193.8,0,0
1327.N,D,20201207,000000,194.22,194.22,194.22,194.22,0,0
1327.N,D,20201208,000000,194.23,194.23,194.23,194.23,0,0
1327.N,D,20201209,000000,196.48,196.48,196.48,196.48,0,0
1327.N,D,20201210,000000,196.39,196.39,196.39,196.39,0,0
1327.N,D,20201211,000000,196.94,196.94,196.94,196.94,0,0
1327.N,D,20201214,000000,196.05,196.05,196.05,196.05,0,0
1327.N,D,20201215,000000,194.62,194.62,194.62,194.62,0,0
1327.N,D,20201216,000000,197.2,197.2,197.2,197.2,0,0
1327.N,D,20201217,000000,199.17,199.17,199.17,199.17,0,0
1327.N,D,20201218,000000,198.55,198.55,198.55,198.55,0,0
1327.N,D,20201221,000000,199.41,199.41,199.41,199.41,0,0
1327.N,D,20201222,000000,196.93,196.93,196.93,196.93,0,0
1327.N,D,20201223,000000,199.37,199.37,199.37,199.37,0,0
1327.N,D,20201228,000000,200.86,200.86,200.86,200.86,0,0
1327.N,D,20201229,000000,202.31,202.31,202.31,202.31,0,0
1327.N,D,20201230,000000,204.49,204.49,204.49,204.49,0,0
1327.N,D,20201231,000000,205.07,205.07,205.07,205.07,0,0
1327.N,D,20210104,000000,209.12,209.12,209.12,209.12,0,0
1327.N,D,20210105,000000,213.04,213.04,213.04,213.04,0,0
1327.N,D,20210106,000000,213.52,213.52,213.52,213.52,0,0
1327.N,D,20210107,000000,216.68,216.68,216.68,216.68,0,0
1327.N,D,20210111,000000,222.05,222.05,222.05,222.05,0,0
1327.N,D,20210112,000000,220.67,220.67,220.67,220.67,0,0
1327.N,D,20210113,000000,221.69,221.69,221.69,221.69,0,0
1327.N,D,20210114,000000,220.21,220.21,220.21,220.21,0,0
1327.N,D,20210115,000000,220.95,220.95,220.95,220.95,0,0
1327.N,D,20210118,000000,221.79,221.79,221.79,221.79,0,0
1327.N,D,20210119,000000,224.76,224.76,224.76,224.76,0,0
1327.N,D,20210120,000000,228.18,228.18,228.18,228.18,0,0
1327.N,D,20210121,000000,228.9,228.9,228.9,228.9,0,0
1327.N,D,20210122,000000,227.12,227.12,227.12,227.12,0,0
1327.N,D,20210125,000000,233.36,233.36,233.36,233.36,0,0
1327.N,D,20210126,000000,228.86,228.86,228.86,228.86,0,0
1327.N,D,20210127,000000,228.75,228.75,228.75,228.75,0,0
1327.N,D,20210128,000000,222.3,222.3,222.3,222.3,0,0
1327.N,D,20210129,000000,220.8,220.8,220.8,220.8,0,0
1327.N,D,20210202,000000,229.76,229.76,229.76,229.76,0,0
1327.N,D,20210203,000000,232.37,232.37,232.37,232.37,0,0
1327.N,D,20210204,000000,232.34,232.34,232.34,232.34,0,0
1327.N,D,20210205,000000,233.99,233.99,233.99,233.99,0,0
1327.N,D,20210208,000000,236.3,236.3,236.3,236.3,0,0
1327.N,D,20210209,000000,237.22,237.22,237.22,237.22,0,0
1327.N,D,20210210,000000,240.24,240.24,240.24,240.24,0,0
1327.N,D,20210211,000000,239.38,239.38,239.38,239.38,0,0
1327.N,D,20210212,000000,242.27,242.27,242.27,242.27,0,0
1327.N,D,20210215,000000,244.36,244.36,244.36,244.36,0,0
1327.N,D,20210216,000000,245.41,245.41,245.41,245.41,0,0
1327.N,D,20210217,000000,247.54,247.54,247.54,247.54,0,0
1327.N,D,20210218,000000,244.37,244.37,244.37,244.37,0,0
1327.N,D,20210219,000000,240.45,240.45,240.45,240.45,0,0
1327.N,D,20210222,000000,238.48,238.48,238.48,238.48,0,0
1327.N,D,20210223,000000,234.51,234.51,234.51,234.51,0,0
1327.N,D,20210224,000000,227.37,227.37,227.37,227.37,0,0
1327.N,D,20210225,000000,229.9,229.9,229.9,229.9,0,0
1327.N,D,20210226,000000,223.17,223.17,223.17,223.17,0,0
1327.N,D,20210301,000000,226.16,226.16,226.16,226.16,0,0
1327.N,D,20210302,000000,227.98,227.98,227.98,227.98,0,0
1327.N,D,20210303,000000,227.24,227.24,227.24,227.24,0,0
1327.N,D,20210304,000000,223.22,223.22,223.22,223.22,0,0
1327.N,D,20210305,000000,220.66,220.66,220.66,220.66,0,0
1327.N,D,20210308,000000,216.69,216.69,216.69,216.69,0,0
1327.N,D,20210309,000000,211.59,211.59,211.59,211.59,0,0
1327.N,D,20210310,000000,214.81,214.81,214.81,214.81,0,0
1327.N,D,20210311,000000,218.1,218.1,218.1,218.1,0,0
1327.N,D,20210312,000000,222.13,222.13,222.13,222.13,0,0
1327.N,D,20210315,000000,221.35,221.35,221.35,221.35,0,0
1327.N,D,20210316,000000,224.77,224.77,224.77,224.77,0,0
1327.N,D,20210317,000000,225.18,225.18,225.18,225.18,0,0
1327.N,D,20210318,000000,224.85,224.85,224.85,224.85,0,0
1327.N,D,20210319,000000,222.33,222.33,222.33,222.33,0,0
1327.N,D,20210322,000000,223.19,223.19,223.19,223.19,0,0
1327.N,D,20210323,000000,217.67,217.67,217.67,217.67,0,0
1327.N,D,20210324,000000,217.57,217.57,217.57,217.57,0,0
1327.N,D,20210325,000000,216.06,216.06,216.06,216.06,0,0
1327.N,D,20210326,000000,219.71,219.71,219.71,219.71,0,0
1327.N,D,20210329,000000,220.4,220.4,220.4,220.4,0,0
1327.N,D,20210330,000000,221.95,221.95,221.95,221.95,0,0
1327.N,D,20210331,000000,221.08,221.08,221.08,221.08,0,0
1327.N,D,20210401,000000,225.24,225.24,225.24,225.24,0,0
1327.N,D,20210406,000000,226.6,226.6,226.6,226.6,0,0
1327.N,D,20210407,000000,228.09,228.09,228.09,228.09,0,0
1327.N,D,20210408,000000,228.39,228.39,228.39,228.39,0,0
1327.N,D,20210409,000000,227.14,227.14,227.14,227.14,0,0
1327.N,D,20210412,000000,222.68,222.68,222.68,222.68,0,0
1327.N,D,20210413,000000,222.52,222.52,222.52,222.52,0,0
1327.N,D,20210414,000000,221.98,221.98,221.98,221.98,0,0
1327.N,D,20210415,000000,222.17,222.17,222.17,222.17,0,0
1327.N,D,20210416,000000,223.25,223.25,223.25,223.25,0,0
1327.N,D,20210419,000000,224.07,224.07,224.07,224.07,0,0
1327.N,D,20210420,000000,223.35,223.35,223.35,223.35,0,0
1327.N,D,20210421,000000,221.11,221.11,221.11,221.11,0,0
1327.N,D,20210422,000000,223.98,223.98,223.98,223.98,0,0
1327.N,D,20210423,000000,224.21,224.21,224.21,224.21,0,0
1327.N,D,20210426,000000,226.83,226.83,226.83,226.83,0,0
1327.N,D,20210427,000000,227.32,227.32,227.32,227.32,0,0
1327.N,D,20210428,000000,225.94,225.94,225.94,225.94,0,0
1327.N,D,20210429,000000,225.99,225.99,225.99,225.99,0,0
1327.N,D,20210430,000000,223.78,223.78,223.78,223.78,0,0
1327.N,D,20210503,000000,222.03,222.03,222.03,222.03,0,0
1327.N,D,20210504,000000,223.02,223.02,223.02,223.02,0,0
1327.N,D,20210505,000000,220.12,220.12,220.12,220.12,0,0
1327.N,D,20210506,000000,218.06,218.06,218.06,218.06,0,0
1327.N,D,20210507,000000,218.04,218.04,218.04,218.04,0,0
1327.N,D,20210510,000000,217.46,217.46,217.46,217.46,0,0
1327.N,D,20210511,000000,210.2,210.2,210.2,210.2,0,0
1327.N,D,20210512,000000,209.06,209.06,209.06,209.06,0,0
1327.N,D,20210514,000000,207.35,207.35,207.35,207.35,0,0
1327.N,D,20210517,000000,207.36,207.36,207.36,207.36,0,0
1327.N,D,20210518,000000,210.65,210.65,210.65,210.65,0,0
1327.N,D,20210519,000000,209.45,209.45,209.45,209.45,0,0
1327.N,D,20210520,000000,210.6,210.6,210.6,210.6,0,0
1327.N,D,20210521,000000,212.1,212.1,212.1,212.1,0,0
1327.N,D,20210525,000000,215.19,215.19,215.19,215.19,0,0
1327.N,D,20210526,000000,216.77,216.77,216.77,216.77,0,0
1327.N,D,20210527,000000,219.16,219.16,219.16,219.16,0,0
1327.N,D,20210528,000000,220.55,220.55,220.55,220.55,0,0
1327.N,D,20210531,000000,224.14,224.14,224.14,224.14,0,0
1327.N,D,20210601,000000,224.07,224.07,224.07,224.07,0,0
1327.N,D,20210602,000000,224.5,224.5,224.5,224.5,0,0
1327.N,D,20210603,000000,226.37,226.37,226.37,226.37,0,0
1327.N,D,20210604,000000,225.77,225.77,225.77,225.77,0,0
1327.N,D,20210607,000000,224.7,224.7,224.7,224.7,0,0
1327.N,D,20210608,000000,222.72,222.72,222.72,222.72,0,0
1327.N,D,20210609,000000,221.42,221.42,221.42,221.42,0,0
1327.N,D,20210610,000000,223.54,223.54,223.54,223.54,0,0
1327.N,D,20210611,000000,225.27,225.27,225.27,225.27,0,0
1327.N,D,20210614,000000,226.12,226.12,226.12,226.12,0,0
1327.N,D,20210615,000000,226.76,226.76,226.76,226.76,0,0
1327.N,D,20210616,000000,224.12,224.12,224.12,224.12,0,0
1327.N,D,20210617,000000,227.64,227.64,227.64,227.64,0,0
1327.N,D,20210618,000000,228.63,228.63,228.63,228.63,0,0
1327.N,D,20210621,000000,226.33,226.33,226.33,226.33,0,0
1327.N,D,20210622,000000,225.68,225.68,225.68,225.68,0,0
1327.N,D,20210624,000000,227.92,227.92,227.92,227.92,0,0
1327.N,D,20210625,000000,230.27,230.27,230.27,230.27,0,0
1327.N,D,20210628,000000,229.61,229.61,229.61,229.61,0,0
1327.N,D,20210629,000000,229.92,229.92,229.92,229.92,0,0
1327.N,D,20210630,000000,228.99,228.99,228.99,228.99,0,0
1327.N,D,20210701,000000,229.15,229.15,229.15,229.15,0,0
1327.N,D,20210702,000000,228.36,228.36,228.36,228.36,0,0
1327.N,D,20210705,000000,229.21,229.21,229.21,229.21,0,0
1327.N,D,20210706,000000,229.14,229.14,229.14,229.14,0,0
1327.N,D,20210707,000000,227.12,227.12,227.12,227.12,0,0
1327.N,D,20210708,000000,223.93,223.93,223.93,223.93,0,0
1327.N,D,20210709,000000,223.96,223.96,223.96,223.96,0,0
1327.N,D,20210712,000000,227.33,227.33,227.33,227.33,0,0
1327.N,D,20210713,000000,228.19,228.19,228.19,228.19,0,0
1327.N,D,20210714,000000,229.86,229.86,229.86,229.86,0,0
1327.N,D,20210715,000000,229.33,229.33,229.33,229.33,0,0
1327.N,D,20210716,000000,229.4,229.4,229.4,229.4,0,0
1327.N,D,20210719,000000,228.39,228.39,228.39,228.39,0,0
1327.N,D,20210720,000000,226.38,226.38,226.38,226.38,0,0
1327.N,D,20210721,000000,227.4,227.4,227.4,227.4,0,0
1327.N,D,20210722,000000,229.43,229.43,229.43,229.43,0,0
1327.N,D,20210723,000000,229.16,229.16,229.16,229.16,0,0
1327.N,D,20210726,000000,226.66,226.66,226.66,226.66,0,0
1327.N,D,20210727,000000,224.98,224.98,224.98,224.98,0,0
1327.N,D,20210728,000000,221.33,221.33,221.33,221.33,0,0
1327.N,D,20210729,000000,227.27,227.27,227.27,227.27,0,0
1327.N,D,20210730,000000,224.64,224.64,224.64,224.64,0,0
1327.N,D,20210802,000000,228.33,228.33,228.33,228.33,0,0
1327.N,D,20210803,000000,230.02,230.02,230.02,230.02,0,0
1327.N,D,20210804,000000,230.25,230.25,230.25,230.25,0,0
1327.N,D,20210805,000000,230.16,230.16,230.16,230.16,0,0
1327.N,D,20210806,000000,228.71,228.71,228.71,228.71,0,0
1327.N,D,20210809,000000,227.98,227.98,227.98,227.98,0,0
1327.N,D,20210810,000000,227.98,227.98,227.98,227.98,0,0
1327.N,D,20210811,000000,226.35,226.35,226.35,226.35,0,0
1327.N,D,20210812,000000,226.08,226.08,226.08,226.08,0,0
1327.N,D,20210813,000000,224.94,224.94,224.94,224.94,0,0
1327.N,D,20210816,000000,221.92,221.92,221.92,221.92,0,0
1327.N,D,20210817,000000,218.31,218.31,218.31,218.31,0,0
1327.N,D,20210818,000000,221.03,221.03,221.03,221.03,0,0
1327.N,D,20210819,000000,217.48,217.48,217.48,217.48,0,0
1327.N,D,20210820,000000,214.67,214.67,214.67,214.67,0,0
1327.N,D,20210823,000000,218.08,218.08,218.08,218.08,0,0
1327.N,D,20210824,000000,222.19,222.19,222.19,222.19,0,0
1327.N,D,20210825,000000,225.49,225.49,225.49,225.49,0,0
1327.N,D,20210826,000000,223.24,223.24,223.24,223.24,0,0
1327.N,D,20210827,000000,224.27,224.27,224.27,224.27,0,0
1327.N,D,20210830,000000,228.96,228.96,228.96,228.96,0,0
1327.N,D,20210831,000000,231.42,231.42,231.42,231.42,0,0
1327.N,D,20210901,000000,233.87,233.87,233.87,233.87,0,0
1327.N,D,20210902,000000,233.88,233.88,233.88,233.88,0,0
1327.N,D,20210903,000000,236.47,236.47,236.47,236.47,0,0
1327.N,D,20210906,000000,240.24,240.24,240.24,240.24,0,0
1327.N,D,20210907,000000,239.2,239.2,239.2,239.2,0,0
1327.N,D,20210908,000000,239.64,239.64,239.64,239.64,0,0
1327.N,D,20210909,000000,238.32,238.32,238.32,238.32,0,0
1327.N,D,20210910,000000,240.29,240.29,240.29,240.29,0,0
1327.N,D,20210913,000000,238.23,238.23,238.23,238.23,0,0
1327.N,D,20210914,000000,237.93,237.93,237.93,237.93,0,0
1327.N,D,20210915,000000,236.59,236.59,236.59,236.59,0,0
1327.N,D,20210916,000000,234.35,234.35,234.35,234.35,0,0
1327.N,D,20210917,000000,234.94,234.94,234.94,234.94,0,0
1327.N,D,20210920,000000,232.62,232.62,232.62,232.62,0,0
1327.N,D,20210921,000000,233.22,233.22,233.22,233.22,0,0
1327.N,D,20210922,000000,231.8,231.8,231.8,231.8,0,0
1327.N,D,20210923,000000,234.75,234.75,234.75,234.75,0,0
1327.N,D,20210924,000000,233.47,233.47,233.47,233.47,0,0
1327.N,D,20210927,000000,232.41,232.41,232.41,232.41,0,0
1327.N,D,20210928,000000,229.62,229.62,229.62,229.62,0,0
1327.N,D,20210929,000000,226.86,226.86,226.86,226.86,0,0
1327.N,D,20210930,000000,227.56,227.56,227.56,227.56,0,0
1327.N,D,20211001,000000,225.74,225.74,225.74,225.74,0,0
1327.N,D,20211004,000000,221.1,221.1,221.1,221.1,0,0
1327.N,D,20211005,000000,221.21,221.21,221.21,221.21,0,0
1327.N,D,20211006,000000,219.29,219.29,219.29,219.29,0,0
1327.N,D,20211007,000000,222.74,222.74,222.74,222.74,0,0
1327.N,D,20211008,000000,223.23,223.23,223.23,223.23,0,0
1327.N,D,20211011,000000,222.85,222.85,222.85,222.85,0,0
1327.N,D,20211012,000000,219.8,219.8,219.8,219.8,0,0
1327.N,D,20211013,000000,219.63,219.63,219.63,219.63,0,0
1327.N,D,20211014,000000,221.65,221.65,221.65,221.65,0,0
1327.N,D,20211015,000000,224.59,224.59,224.59,224.59,0,0
1327.N,D,20211018,000000,226.74,226.74,226.74,226.74,0,0
1327.N,D,20211019,000000,228.4,228.4,228.4,228.4,0,0
1327.N,D,20211020,000000,228.91,228.91,228.91,228.91,0,0
1327.N,D,20211021,000000,226.23,226.23,226.23,226.23,0,0
1327.N,D,20211022,000000,227.53,227.53,227.53,227.53,0,0
1327.N,D,20211025,000000,226.69,226.69,226.69,226.69,0,0
1327.N,D,20211026,000000,228.31,228.31,228.31,228.31,0,0
1327.N,D,20211027,000000,228.52,228.52,228.52,228.52,0,0
1327.N,D,20211028,000000,228.07,228.07,228.07,228.07,0,0
1327.N,D,20211029,000000,227.71,227.71,227.71,227.71,0,0
1327.N,D,20211102,000000,230.44,230.44,230.44,230.44,0,0
1327.N,D,20211103,000000,230.01,230.01,230.01,230.01,0,0
1327.N,D,20211104,000000,232.09,232.09,232.09,232.09,0,0
1327.N,D,20211105,000000,232.68,232.68,232.68,232.68,0,0
1327.N,D,20211108,000000,230.6,230.6,230.6,230.6,0,0
1327.N,D,20211109,000000,232.27,232.27,232.27,232.27,0,0
1327.N,D,20211110,000000,232.24,232.24,232.24,232.24,0,0
1327.N,D,20211111,000000,232.95,232.95,232.95,232.95,0,0
1327.N,D,20211112,000000,236.36,236.36,236.36,236.36,0,0
1327.N,D,20211115,000000,239.63,239.63,239.63,239.63,0,0
1327.N,D,20211116,000000,243.07,243.07,243.07,243.07,0,0
1327.N,D,20211117,000000,244.74,244.74,244.74,244.74,0,0
1327.N,D,20211118,000000,243.94,243.94,243.94,243.94,0,0
1327.N,D,20211119,000000,244.68,244.68,244.68,244.68,0,0
1327.N,D,20211122,000000,246.2,246.2,246.2,246.2,0,0
1327.N,D,20211123,000000,245.27,245.27,245.27,245.27,0,0
1327.N,D,20211124,000000,244.83,244.83,244.83,244.83,0,0
1327.N,D,20211125,000000,243.97,243.97,243.97,243.97,0,0
1327.N,D,20211126,000000,237.05,237.05,237.05,237.05,0,0
1327.N,D,20211129,000000,238.12,238.12,238.12,238.12,0,0
1327.N,D,20211130,000000,236.38,236.38,236.38,236.38,0,0
1327.N,D,20211201,000000,239.72,239.72,239.72,239.72,0,0
1327.N,D,20211202,000000,237.69,237.69,237.69,237.69,0,0
1327.N,D,20211203,000000,239.37,239.37,239.37,239.37,0,0
1327.N,D,20211206,000000,234.79,234.79,234.79,234.79,0,0
1327.N,D,20211207,000000,237.3,237.3,237.3,237.3,0,0
1327.N,D,20211208,000000,239.62,239.62,239.62,239.62,0,0
1327.N,D,20211209,000000,240.93,240.93,240.93,240.93,0,0
1327.N,D,20211210,000000,239.93,239.93,239.93,239.93,0,0
1327.N,D,20211213,000000,241.05,241.05,241.05,241.05,0,0
1327.N,D,20211214,000000,236.02,236.02,236.02,236.02,0,0
1327.N,D,20211215,000000,235.82,235.82,235.82,235.82,0,0
1327.N,D,20211216,000000,238.42,238.42,238.42,238.42,0,0
1327.N,D,20211217,000000,236.45,236.45,236.45,236.45,0,0
1327.N,D,20211220,000000,234.22,234.22,234.22,234.22,0,0
1327.N,D,20211221,000000,236.43,236.43,236.43,236.43,0,0
1327.N,D,20211222,000000,238.1,238.1,238.1,238.1,0,0
1327.N,D,20211223,000000,240.52,240.52,240.52,240.52,0,0
1327.N,D,20211227,000000,241.99,241.99,241.99,241.99,0,0
1327.N,D,20211228,000000,243.56,243.56,243.56,243.56,0,0
1327.N,D,20211229,000000,242.75,242.75,242.75,242.75,0,0
1327.N,D,20211230,000000,243.24,243.24,243.24,243.24,0,0
1327.N,D,20211231,000000,244.4,244.4,244.4,244.4,0,0
1327.N,D,20220103,000000,243.1,243.1,243.1,243.1,0,0
1327.N,D,20220104,000000,243.99,243.99,243.99,243.99,0,0
1327.N,D,20220105,000000,240.11,240.11,240.11,240.11,0,0
1327.N,D,20220106,000000,235.04,235.04,235.04,235.04,0,0
1327.N,D,20220107,000000,233.98,233.98,233.98,233.98,0,0
1327.N,D,20220110,000000,234.86,234.86,234.86,234.86,0,0
1327.N,D,20220111,000000,232.96,232.96,232.96,232.96,0,0
1327.N,D,20220112,000000,236.56,236.56,236.56,236.56,0,0
1327.N,D,20220113,000000,234.6,234.6,234.6,234.6,0,0
1327.N,D,20220114,000000,231.88,231.88,231.88,231.88,0,0
1327.N,D,20220117,000000,231.98,231.98,231.98,231.98,0,0
1327.N,D,20220118,000000,231.69,231.69,231.69,231.69,0,0
1327.N,D,20220119,000000,229.8,229.8,229.8,229.8,0,0
1327.N,D,20220120,000000,230.55,230.55,230.55,230.55,0,0
1327.N,D,20220121,000000,225.98,225.98,225.98,225.98,0,0
1327.N,D,20220124,000000,224.86,224.86,224.86,224.86,0,0
1327.N,D,20220125,000000,221.61,221.61,221.61,221.61,0,0
1327.N,D,20220126,000000,222.61,222.61,222.61,222.61,0,0
1327.N,D,20220127,000000,218.48,218.48,218.48,218.48,0,0
1327.N,D,20220128,000000,217.93,217.93,217.93,217.93,0,0
1327.N,D,20220131,000000,219.33,219.33,219.33,219.33,0,0
1327.N,D,20220201,000000,219.03,219.03,219.03,219.03,0,0
1327.N,D,20220202,000000,222.62,222.62,222.62,222.62,0,0
1327.N,D,20220203,000000,220.04,220.04,220.04,220.04,0,0
1327.N,D,20220204,000000,216.27,216.27,216.27,216.27,0,0
1327.N,D,20220207,000000,216.23,216.23,216.23,216.23,0,0
1327.N,D,20220208,000000,217.59,217.59,217.59,217.59,0,0
1327.N,D,20220209,000000,220.71,220.71,220.71,220.71,0,0
1327.N,D,20220210,000000,221.61,221.61,221.61,221.61,0,0
1327.N,D,20220211,000000,221.19,221.19,221.19,221.19,0,0
1327.N,D,20220214,000000,218.19,218.19,218.19,218.19,0,0
1327.N,D,20220215,000000,218.42,218.42,218.42,218.42,0,0
1327.N,D,20220216,000000,220.91,220.91,220.91,220.91,0,0
1327.N,D,20220217,000000,221.12,221.12,221.12,221.12,0,0
1327.N,D,20220218,000000,219.82,219.82,219.82,219.82,0,0
1327.N,D,20220221,000000,218.21,218.21,218.21,218.21,0,0
1327.N,D,20220222,000000,215.16,215.16,215.16,215.16,0,0
1327.N,D,20220223,000000,216.22,216.22,216.22,216.22,0,0
1327.N,D,20220224,000000,213.33,213.33,213.33,213.33,0,0
1327.N,D,20220225,000000,216.13,216.13,216.13,216.13,0,0
1327.N,D,20220228,000000,217.43,217.43,217.43,217.43,0,0
1327.N,D,20220301,000000,220.45,220.45,220.45,220.45,0,0
1327.N,D,20220302,000000,222.03,222.03,222.03,222.03,0,0
1327.N,D,20220303,000000,224.17,224.17,224.17,224.17,0,0
1327.N,D,20220304,000000,220.18,220.18,220.18,220.18,0,0
1327.N,D,20220307,000000,215.27,215.27,215.27,215.27,0,0
1327.N,D,20220308,000000,208.78,208.78,208.78,208.78,0,0
1327.N,D,20220309,000000,208.1,208.1,208.1,208.1,0,0
1327.N,D,20220310,000000,212.36,212.36,212.36,212.36,0,0
1327.N,D,20220311,000000,210.58,210.58,210.58,210.58,0,0
1327.N,D,20220314,000000,206.1,206.1,206.1,206.1,0,0
1327.N,D,20220315,000000,198.18,198.18,198.18,198.18,0,0
1327.N,D,20220316,000000,204.02,204.02,204.02,204.02,0,0
1327.N,D,20220317,000000,212.4,212.4,212.4,212.4,0,0
1327.N,D,20220318,000000,212.81,212.81,212.81,212.81,0,0
1327.N,D,20220321,000000,213.58,213.58,213.58,213.58,0,0
1327.N,D,20220322,000000,216.23,216.23,216.23,216.23,0,0
1327.N,D,20220323,000000,219.37,219.37,219.37,219.37,0,0
1327.N,D,20220324,000000,221.29,221.29,221.29,221.29,0,0
1327.N,D,20220325,000000,221.67,221.67,221.67,221.67,0,0
1327.N,D,20220328,000000,218.05,218.05,218.05,218.05,0,0
1327.N,D,20220329,000000,220.23,220.23,220.23,220.23,0,0
1327.N,D,20220330,000000,221.27,221.27,221.27,221.27,0,0
1327.N,D,20220331,000000,219.62,219.62,219.62,219.62,0,0
1327.N,D,20220401,000000,220.6,220.6,220.6,220.6,0,0
1327.N,D,20220404,000000,222.8,222.8,222.8,222.8,0,0
1327.N,D,20220405,000000,225.7,225.7,225.7,225.7,0,0
1327.N,D,20220406,000000,221.86,221.86,221.86,221.86,0,0
1327.N,D,20220407,000000,216.77,216.77,216.77,216.77,0,0
1327.N,D,20220408,000000,215.39,215.39,215.39,215.39,0,0
1327.N,D,20220411,000000,209.49,209.49,209.49,209.49,0,0
1327.N,D,20220412,000000,208.44,208.44,208.44,208.44,0,0
1327.N,D,20220413,000000,211.93,211.93,211.93,211.93,0,0
1327.N,D,20220414,000000,213.5,213.5,213.5,213.5,0,0
1327.N,D,20220419,000000,213.19,213.19,213.19,213.19,0,0
1327.N,D,20220420,000000,212.35,212.35,212.35,212.35,0,0
1327.N,D,20220421,000000,210.83,210.83,210.83,210.83,0,0
1327.N,D,20220422,000000,207.17,207.17,207.17,207.17,0,0
1327.N,D,20220425,000000,201.39,201.39,201.39,201.39,0,0
1327.N,D,20220426,000000,202.01,202.01,202.01,202.01,0,0
1327.N,D,20220427,000000,202.45,202.45,202.45,202.45,0,0
1327.N,D,20220428,000000,205.85,205.85,205.85,205.85,0,0
1327.N,D,20220429,000000,207.97,207.97,207.97,207.97,0,0
1327.N,D,20220502,000000,205.88,205.88,205.88,205.88,0,0
1327.N,D,20220503,000000,207.32,207.32,207.32,207.32,0,0
1327.N,D,20220504,000000,206.47,206.47,206.47,206.47,0,0
1327.N,D,20220505,000000,206.87,206.87,206.87,206.87,0,0
1327.N,D,20220506,000000,200.54,200.54,200.54,200.54,0,0
1327.N,D,20220510,000000,194.97,194.97,194.97,194.97,0,0
1327.N,D,20220511,000000,197.3,197.3,197.3,197.3,0,0
1327.N,D,20220512,000000,194.02,194.02,194.02,194.02,0,0
1327.N,D,20220513,000000,197.65,197.65,197.65,197.65,0,0
1327.N,D,20220516,000000,198.07,198.07,198.07,198.07,0,0
1327.N,D,20220517,000000,201.79,201.79,201.79,201.79,0,0
1327.N,D,20220518,000000,202.55,202.55,202.55,202.55,0,0
1327.N,D,20220519,000000,199.33,199.33,199.33,199.33,0,0
1327.N,D,20220520,000000,201.51,201.51,201.51,201.51,0,0
1327.N,D,20220523,000000,200.21,200.21,200.21,200.21,0,0
1327.N,D,20220524,000000,195.25,195.25,195.25,195.25,0,0
1327.N,D,20220525,000000,196.8,196.8,196.8,196.8,0,0
1327.N,D,20220527,000000,197.86,197.86,197.86,197.86,0,0
1327.N,D,20220530,000000,201.97,201.97,201.97,201.97,0,0
1327.N,D,20220531,000000,204.45,204.45,204.45,204.45,0,0
1327.N,D,20220601,000000,203.82,203.82,203.82,203.82,0,0
1327.N,D,20220602,000000,203.69,203.69,203.69,203.69,0,0
1327.N,D,20220603,000000,205.28,205.28,205.28,205.28,0,0
1327.N,D,20220607,000000,204.32,204.32,204.32,204.32,0,0
1327.N,D,20220608,000000,206.69,206.69,206.69,206.69,0,0
1327.N,D,20220609,000000,205.14,205.14,205.14,205.14,0,0
1327.N,D,20220610,000000,202.84,202.84,202.84,202.84,0,0
1327.N,D,20220613,000000,197.82,197.82,197.82,197.82,0,0
1327.N,D,20220614,000000,194.89,194.89,194.89,194.89,0,0
1327.N,D,20220615,000000,193.49,193.49,193.49,193.49,0,0
1327.N,D,20220616,000000,191.95,191.95,191.95,191.95,0,0
1327.N,D,20220617,000000,188.65,188.65,188.65,188.65,0,0
1327.N,D,20220620,000000,185.01,185.01,185.01,185.01,0,0
1327.N,D,20220621,000000,187.36,187.36,187.36,187.36,0,0
1327.N,D,20220622,000000,183.96,183.96,183.96,183.96,0,0
1327.N,D,20220624,000000,188.5,188.5,188.5,188.5,0,0
1327.N,D,20220627,000000,191.94,191.94,191.94,191.94,0,0
1327.N,D,20220628,000000,194,194,194,194,0,0
1327.N,D,20220629,000000,192.38,192.38,192.38,192.38,0,0
1327.N,D,20220630,000000,189.93,189.93,189.93,189.93,0,0
1327.N,D,20220701,000000,185.25,185.25,185.25,185.25,0,0
1327.N,D,20220704,000000,188.56,188.56,188.56,188.56,0,0
1327.N,D,20220705,000000,191.64,191.64,191.64,191.64,0,0
1327.N,D,20220706,000000,190.9,190.9,190.9,190.9,0,0
1327.N,D,20220707,000000,193.7,193.7,193.7,193.7,0,0
1327.N,D,20220708,000000,197.59,197.59,197.59,197.59,0,0
1327.N,D,20220711,000000,194.66,194.66,194.66,194.66,0,0
1327.N,D,20220712,000000,192.74,192.74,192.74,192.74,0,0
1327.N,D,20220713,000000,192.37,192.37,192.37,192.37,0,0
1327.N,D,20220714,000000,194.48,194.48,194.48,194.48,0,0
1327.N,D,20220715,000000,193.67,193.67,193.67,193.67,0,0
1327.N,D,20220718,000000,197.11,197.11,197.11,197.11,0,0
1327.N,D,20220719,000000,194.45,194.45,194.45,194.45,0,0
1327.N,D,20220720,000000,198.08,198.08,198.08,198.08,0,0
1327.N,D,20220721,000000,198.97,198.97,198.97,198.97,0,0
1327.N,D,20220722,000000,200.22,200.22,200.22,200.22,0,0
1327.N,D,20220725,000000,197.32,197.32,197.32,197.32,0,0
1327.N,D,20220726,000000,198.7,198.7,198.7,198.7,0,0
1327.N,D,20220727,000000,201.12,201.12,201.12,201.12,0,0
1327.N,D,20220728,000000,202.64,202.64,202.64,202.64,0,0
1327.N,D,20220729,000000,203.94,203.94,203.94,203.94,0,0
1327.N,D,20220801,000000,202.81,202.81,202.81,202.81,0,0
1327.N,D,20220802,000000,201.08,201.08,201.08,201.08,0,0
1327.N,D,20220803,000000,202.89,202.89,202.89,202.89,0,0
1327.N,D,20220804,000000,202.34,202.34,202.34,202.34,0,0
1327.N,D,20220805,000000,205.86,205.86,205.86,205.86,0,0
1327.N,D,20220808,000000,208.28,208.28,208.28,208.28,0,0
1327.N,D,20220809,000000,208.48,208.48,208.48,208.48,0,0
1327.N,D,20220810,000000,205.38,205.38,205.38,205.38,0,0
1327.N,D,20220811,000000,209.06,209.06,209.06,209.06,0,0
1327.N,D,20220812,000000,211.77,211.77,211.77,211.77,0,0
1327.N,D,20220816,000000,213.1,213.1,213.1,213.1,0,0
1327.N,D,20220817,000000,210.55,210.55,210.55,210.55,0,0
1327.N,D,20220818,000000,209.53,209.53,209.53,209.53,0,0
1327.N,D,20220819,000000,209.72,209.72,209.72,209.72,0,0
1327.N,D,20220822,000000,209,209,209,209,0,0
1327.N,D,20220823,000000,209.77,209.77,209.77,209.77,0,0
1327.N,D,20220824,000000,210.33,210.33,210.33,210.33,0,0
1327.N,D,20220825,000000,213.07,213.07,213.07,213.07,0,0
1327.N,D,20220826,000000,214.03,214.03,214.03,214.03,0,0
1327.N,D,20220829,000000,208.69,208.69,208.69,208.69,0,0
1327.N,D,20220830,000000,208.79,208.79,208.79,208.79,0,0
1327.N,D,20220831,000000,208.22,208.22,208.22,208.22,0,0
1327.N,D,20220901,000000,203.03,203.03,203.03,203.03,0,0
1327.N,D,20220902,000000,203.13,203.13,203.13,203.13,0,0
1327.N,D,20220905,000000,203.84,203.84,203.84,203.84,0,0
