<TICKER>,<PER>,<DATE>,<TIME>,<OPEN>,<HIGH>,<LOW>,<CLOSE>,<VOL>,<OPENINT>
1335.N,D,20191003,000000,50,50,50,50,0,0
1335.N,D,20191004,000000,50,50,50,50,0,0
1335.N,D,20191007,000000,50.01,50.01,50.01,50.01,0,0
1335.N,D,20191008,000000,50.01,50.01,50.01,50.01,0,0
1335.N,D,20191009,000000,50.01,50.01,50.01,50.01,0,0
1335.N,D,20191010,000000,50.01,50.01,50.01,50.01,0,0
1335.N,D,20191011,000000,50.02,50.02,50.02,50.02,0,0
1335.N,D,20191014,000000,50.02,50.02,50.02,50.02,0,0
1335.N,D,20191015,000000,50.02,50.02,50.02,50.02,0,0
1335.N,D,20191016,000000,50.02,50.02,50.02,50.02,0,0
1335.N,D,20191017,000000,50.02,50.02,50.02,50.02,0,0
1335.N,D,20191018,000000,50.02,50.02,50.02,50.02,0,0
1335.N,D,20191021,000000,50.03,50.03,50.03,50.03,0,0
1335.N,D,20191022,000000,50.03,50.03,50.03,50.03,0,0
1335.N,D,20191023,000000,50.03,50.03,50.03,50.03,0,0
1335.N,D,20191024,000000,50.03,50.03,50.03,50.03,0,0
1335.N,D,20191025,000000,50.03,50.03,50.03,50.03,0,0
1335.N,D,20191028,000000,50.04,50.04,50.04,50.04,0,0
1335.N,D,20191029,000000,50.04,50.04,50.04,50.04,0,0
1335.N,D,20191030,000000,50.11,50.11,50.11,50.11,0,0
1335.N,D,20191031,000000,50.1,50.1,50.1,50.1,0,0
1335.N,D,20191104,000000,50.18,50.18,50.18,50.18,0,0
1335.N,D,20191105,000000,50.28,50.28,50.28,50.28,0,0
1335.N,D,20191106,000000,50.34,50.34,50.34,50.34,0,0
1335.N,D,20191107,000000,50.36,50.36,50.36,50.36,0,0
1335.N,D,20191108,000000,50.38,50.38,50.38,50.38,0,0
1335.N,D,20191112,000000,50.81,50.81,50.81,50.81,0,0
1335.N,D,20191113,000000,51.01,51.01,51.01,51.01,0,0
1335.N,D,20191114,000000,50.96,50.96,50.96,50.96,0,0
1335.N,D,20191115,000000,51.09,51.09,51.09,51.09,0,0
1335.N,D,20191118,000000,51.14,51.14,51.14,51.14,0,0
1335.N,D,20191119,000000,51.04,51.04,51.04,51.04,0,0
1335.N,D,20191120,000000,51,51,51,51,0,0
1335.N,D,20191121,000000,51.04,51.04,51.04,51.04,0,0
1335.N,D,20191122,000000,51.21,51.21,51.21,51.21,0,0
1335.N,D,20191125,000000,51.3,51.3,51.3,51.3,0,0
1335.N,D,20191126,000000,51.35,51.35,51.35,51.35,0,0
1335.N,D,20191127,000000,51.41,51.41,51.41,51.41,0,0
1335.N,D,20191128,000000,51.62,51.62,51.62,51.62,0,0
1335.N,D,20191129,000000,51.79,51.79,51.79,51.79,0,0
1335.N,D,20191202,000000,51.78,51.78,51.78,51.78,0,0
1335.N,D,20191203,000000,51.81,51.81,51.81,51.81,0,0
1335.N,D,20191204,000000,51.82,51.82,51.82,51.82,0,0
1335.N,D,20191205,000000,51.82,51.82,51.82,51.82,0,0
1335.N,D,20191206,000000,51.82,51.82,51.82,51.82,0,0
1335.N,D,20191209,000000,51.83,51.83,51.83,51.83,0,0
1335.N,D,20191210,000000,51.85,51.85,51.85,51.85,0,0
1335.N,D,20191211,000000,51.88,51.88,51.88,51.88,0,0
1335.N,D,20191212,000000,51.98,51.98,51.98,51.98,0,0
1335.N,D,20191213,000000,52.04,52.04,52.04,52.04,0,0
1335.N,D,20191216,000000,52.03,52.03,52.03,52.03,0,0
1335.N,D,20191217,000000,52.09,52.09,52.09,52.09,0,0
1335.N,D,20191218,000000,52.04,52.04,52.04,52.04,0,0
1335.N,D,20191219,000000,52.25,52.25,52.25,52.25,0,0
1335.N,D,20191220,000000,52.38,52.38,52.38,52.38,0,0
1335.N,D,20191223,000000,52.36,52.36,52.36,52.36,0,0
1335.N,D,20191227,000000,52.39,52.39,52.39,52.39,0,0
1335.N,D,20191230,000000,52.26,52.26,52.26,52.26,0,0
1335.N,D,20200102,000000,52.63,52.63,52.63,52.63,0,0
1335.N,D,20200103,000000,52.76,52.76,52.76,52.76,0,0
1335.N,D,20200107,000000,52.74,52.74,52.74,52.74,0,0
1335.N,D,20200108,000000,52.47,52.47,52.47,52.47,0,0
1335.N,D,20200109,000000,52.59,52.59,52.59,52.59,0,0
1335.N,D,20200110,000000,52.77,52.77,52.77,52.77,0,0
1335.N,D,20200113,000000,52.84,52.84,52.84,52.84,0,0
1335.N,D,20200114,000000,53.06,53.06,53.06,53.06,0,0
1335.N,D,20200115,000000,53.07,53.07,53.07,53.07,0,0
1335.N,D,20200116,000000,53.19,53.19,53.19,53.19,0,0
1335.N,D,20200117,000000,53.2,53.2,53.2,53.2,0,0
1335.N,D,20200120,000000,53.22,53.22,53.22,53.22,0,0
1335.N,D,20200121,000000,53.17,53.17,53.17,53.17,0,0
1335.N,D,20200122,000000,53.14,53.14,53.14,53.14,0,0
1335.N,D,20200123,000000,53.12,53.12,53.12,53.12,0,0
1335.N,D,20200124,000000,53.15,53.15,53.15,53.15,0,0
1335.N,D,20200127,000000,52.88,52.88,52.88,52.88,0,0
1335.N,D,20200128,000000,52.99,52.99,52.99,52.99,0,0
1335.N,D,20200129,000000,53.12,53.12,53.12,53.12,0,0
1335.N,D,20200130,000000,53.01,53.01,53.01,53.01,0,0
1335.N,D,20200131,000000,52.93,52.93,52.93,52.93,0,0
1335.N,D,20200203,000000,52.98,52.98,52.98,52.98,0,0
1335.N,D,20200204,000000,53.34,53.34,53.34,53.34,0,0
1335.N,D,20200205,000000,53.4,53.4,53.4,53.4,0,0
1335.N,D,20200206,000000,53.38,53.38,53.38,53.38,0,0
1335.N,D,20200207,000000,53.31,53.31,53.31,53.31,0,0
1335.N,D,20200210,000000,53.39,53.39,53.39,53.39,0,0
1335.N,D,20200211,000000,53.45,53.45,53.45,53.45,0,0
1335.N,D,20200212,000000,53.62,53.62,53.62,53.62,0,0
1335.N,D,20200213,000000,53.51,53.51,53.51,53.51,0,0
1335.N,D,20200214,000000,53.56,53.56,53.56,53.56,0,0
1335.N,D,20200217,000000,53.71,53.71,53.71,53.71,0,0
1335.N,D,20200218,000000,53.75,53.75,53.75,53.75,0,0
1335.N,D,20200219,000000,53.96,53.96,53.96,53.96,0,0
1335.N,D,20200220,000000,53.88,53.88,53.88,53.88,0,0
1335.N,D,20200221,000000,53.68,53.68,53.68,53.68,0,0
1335.N,D,20200224,000000,52.62,52.62,52.62,52.62,0,0
1335.N,D,20200225,000000,52.05,52.05,52.05,52.05,0,0
1335.N,D,20200226,000000,52.03,52.03,52.03,52.03,0,0
1335.N,D,20200227,000000,51.08,51.08,51.08,51.08,0,0
1335.N,D,20200228,000000,50.56,50.56,50.56,50.56,0,0
1335.N,D,20200302,000000,51.26,51.26,51.26,51.26,0,0
1335.N,D,20200303,000000,51.93,51.93,51.93,51.93,0,0
1335.N,D,20200304,000000,52.1,52.1,52.1,52.1,0,0
1335.N,D,20200305,000000,51.83,51.83,51.83,51.83,0,0
1335.N,D,20200306,000000,51.28,51.28,51.28,51.28,0,0
1335.N,D,20200309,000000,49.51,49.51,49.51,49.51,0,0
1335.N,D,20200310,000000,49.53,49.53,49.53,49.53,0,0
1335.N,D,20200311,000000,48.28,48.28,48.28,48.28,0,0
1335.N,D,20200312,000000,45.12,45.12,45.12,45.12,0,0
1335.N,D,20200313,000000,45.58,45.58,45.58,45.58,0,0
1335.N,D,20200316,000000,45.17,45.17,45.17,45.17,0,0
1335.N,D,20200317,000000,46.48,46.48,46.48,46.48,0,0
1335.N,D,20200318,000000,46.07,46.07,46.07,46.07,0,0
1335.N,D,20200319,000000,46.63,46.63,46.63,46.63,0,0
1335.N,D,20200320,000000,46.85,46.85,46.85,46.85,0,0
1335.N,D,20200323,000000,45.9,45.9,45.9,45.9,0,0
1335.N,D,20200324,000000,47.06,47.06,47.06,47.06,0,0
1335.N,D,20200325,000000,46.81,46.81,46.81,46.81,0,0
1335.N,D,20200326,000000,47.66,47.66,47.66,47.66,0,0
1335.N,D,20200327,000000,47.37,47.37,47.37,47.37,0,0
1335.N,D,20200330,000000,47.55,47.55,47.55,47.55,0,0
1335.N,D,20200331,000000,47.91,47.91,47.91,47.91,0,0
1335.N,D,20200401,000000,47.61,47.61,47.61,47.61,0,0
1335.N,D,20200402,000000,47.91,47.91,47.91,47.91,0,0
1335.N,D,20200403,000000,48.05,48.05,48.05,48.05,0,0
1335.N,D,20200406,000000,49.16,49.16,49.16,49.16,0,0
1335.N,D,20200407,000000,49.3,49.3,49.3,49.3,0,0
1335.N,D,20200408,000000,49.48,49.48,49.48,49.48,0,0
1335.N,D,20200409,000000,50.33,50.33,50.33,50.33,0,0
1335.N,D,20200414,000000,51.58,51.58,51.58,51.58,0,0
1335.N,D,20200415,000000,50.77,50.77,50.77,50.77,0,0
1335.N,D,20200416,000000,51.07,51.07,51.07,51.07,0,0
1335.N,D,20200417,000000,51.28,51.28,51.28,51.28,0,0
1335.N,D,20200420,000000,51.55,51.55,51.55,51.55,0,0
1335.N,D,20200421,000000,50.79,50.79,50.79,50.79,0,0
1335.N,D,20200422,000000,51.5,51.5,51.5,51.5,0,0
1335.N,D,20200423,000000,51.97,51.97,51.97,51.97,0,0
1335.N,D,20200424,000000,51.83,51.83,51.83,51.83,0,0
1335.N,D,20200427,000000,51.9,51.9,51.9,51.9,0,0
1335.N,D,20200428,000000,51.73,51.73,51.73,51.73,0,0
1335.N,D,20200429,000000,52.36,52.36,52.36,52.36,0,0
1335.N,D,20200430,000000,52.14,52.14,52.14,52.14,0,0
1335.N,D,20200504,000000,51.89,51.89,51.89,51.89,0,0
1335.N,D,20200505,000000,52.09,52.09,52.09,52.09,0,0
1335.N,D,20200506,000000,51.64,51.64,51.64,51.64,0,0
1335.N,D,20200507,000000,51.93,51.93,51.93,51.93,0,0
1335.N,D,20200508,000000,52.18,52.18,52.18,52.18,0,0
1335.N,D,20200511,000000,51.93,51.93,51.93,51.93,0,0
1335.N,D,20200512,000000,52.32,52.32,52.32,52.32,0,0
1335.N,D,20200513,000000,52.26,52.26,52.26,52.26,0,0
1335.N,D,20200514,000000,52.09,52.09,52.09,52.09,0,0
1335.N,D,20200515,000000,52.26,52.26,52.26,52.26,0,0
1335.N,D,20200518,000000,52.73,52.73,52.73,52.73,0,0
1335.N,D,20200519,000000,52.79,52.79,52.79,52.79,0,0
1335.N,D,20200520,000000,52.84,52.84,52.84,52.84,0,0
1335.N,D,20200521,000000,52.48,52.48,52.48,52.48,0,0
1335.N,D,20200522,000000,52.3,52.3,52.3,52.3,0,0
1335.N,D,20200525,000000,52.54,52.54,52.54,52.54,0,0
1335.N,D,20200526,000000,52.81,52.81,52.81,52.81,0,0
1335.N,D,20200527,000000,52.47,52.47,52.47,52.47,0,0
1335.N,D,20200528,000000,52.76,52.76,52.76,52.76,0,0
1335.N,D,20200529,000000,52.86,52.86,52.86,52.86,0,0
1335.N,D,20200601,000000,53.14,53.14,53.14,53.14,0,0
1335.N,D,20200602,000000,53.33,53.33,53.33,53.33,0,0
1335.N,D,20200603,000000,53.92,53.92,53.92,53.92,0,0
1335.N,D,20200604,000000,53.78,53.78,53.78,53.78,0,0
1335.N,D,20200605,000000,54.56,54.56,54.56,54.56,0,0
1335.N,D,20200608,000000,54.64,54.64,54.64,54.64,0,0
1335.N,D,20200609,000000,54.67,54.67,54.67,54.67,0,0
1335.N,D,20200610,000000,54.96,54.96,54.96,54.96,0,0
1335.N,D,20200612,000000,54.17,54.17,54.17,54.17,0,0
1335.N,D,20200615,000000,53.8,53.8,53.8,53.8,0,0
1335.N,D,20200616,000000,54.21,54.21,54.21,54.21,0,0
1335.N,D,20200617,000000,54.15,54.15,54.15,54.15,0,0
1335.N,D,20200618,000000,54.39,54.39,54.39,54.39,0,0
1335.N,D,20200619,000000,54.6,54.6,54.6,54.6,0,0
1335.N,D,20200622,000000,54.98,54.98,54.98,54.98,0,0
1335.N,D,20200623,000000,55.22,55.22,55.22,55.22,0,0
1335.N,D,20200624,000000,54.76,54.76,54.76,54.76,0,0
1335.N,D,20200625,000000,54.96,54.96,54.96,54.96,0,0
1335.N,D,20200626,000000,54.6,54.6,54.6,54.6,0,0
1335.N,D,20200629,000000,54.63,54.63,54.63,54.63,0,0
1335.N,D,20200630,000000,54.87,54.87,54.87,54.87,0,0
1335.N,D,20200701,000000,55.15,55.15,55.15,55.15,0,0
1335.N,D,20200702,000000,55.48,55.48,55.48,55.48,0,0
1335.N,D,20200703,000000,55.56,55.56,55.56,55.56,0,0
1335.N,D,20200706,000000,56.03,56.03,56.03,56.03,0,0
1335.N,D,20200707,000000,55.86,55.86,55.86,55.86,0,0
1335.N,D,20200708,000000,55.95,55.95,55.95,55.95,0,0
1335.N,D,20200709,000000,56.25,56.25,56.25,56.25,0,0
1335.N,D,20200710,000000,56.22,56.22,56.22,56.22,0,0
1335.N,D,20200713,000000,56.04,56.04,56.04,56.04,0,0
1335.N,D,20200714,000000,55.99,55.99,55.99,55.99,0,0
1335.N,D,20200715,000000,56.18,56.18,56.18,56.18,0,0
1335.N,D,20200716,000000,56.31,56.31,56.31,56.31,0,0
1335.N,D,20200717,000000,56.54,56.54,56.54,56.54,0,0
1335.N,D,20200720,000000,57.48,57.48,57.48,57.48,0,0
1335.N,D,20200721,000000,57.47,57.47,57.47,57.47,0,0
1335.N,D,20200722,000000,57.45,57.45,57.45,57.45,0,0
1335.N,D,20200723,000000,57.38,57.38,57.38,57.38,0,0
1335.N,D,20200724,000000,57.48,57.48,57.48,57.48,0,0
1335.N,D,20200727,000000,58.52,58.52,58.52,58.52,0,0
1335.N,D,20200728,000000,58.18,58.18,58.18,58.18,0,0
1335.N,D,20200729,000000,58.01,58.01,58.01,58.01,0,0
1335.N,D,20200730,000000,56.96,56.96,56.96,56.96,0,0
1335.N,D,20200731,000000,57.29,57.29,57.29,57.29,0,0
1335.N,D,20200803,000000,57.63,57.63,57.63,57.63,0,0
1335.N,D,20200804,000000,57.8,57.8,57.8,57.8,0,0
1335.N,D,20200805,000000,58.53,58.53,58.53,58.53,0,0
1335.N,D,20200806,000000,58.22,58.22,58.22,58.22,0,0
1335.N,D,20200807,000000,57.9,57.9,57.9,57.9,0,0
1335.N,D,20200810,000000,58.17,58.17,58.17,58.17,0,0
1335.N,D,20200811,000000,58.24,58.24,58.24,58.24,0,0
1335.N,D,20200812,000000,58.2,58.2,58.2,58.2,0,0
1335.N,D,20200813,000000,58.2,58.2,58.2,58.2,0,0
1335.N,D,20200814,000000,58.2,58.2,58.2,58.2,0,0
1335.N,D,20200817,000000,58.1,58.1,58.1,58.1,0,0
1335.N,D,20200818,000000,57.91,57.91,57.91,57.91,0,0
1335.N,D,20200819,000000,57.81,57.81,57.81,57.81,0,0
1335.N,D,20200820,000000,57.64,57.64,57.64,57.64,0,0
1335.N,D,20200821,000000,57.7,57.7,57.7,57.7,0,0
1335.N,D,20200824,000000,58.13,58.13,58.13,58.13,0,0
1335.N,D,20200825,000000,57.91,57.91,57.91,57.91,0,0
1335.N,D,20200826,000000,57.97,57.97,57.97,57.97,0,0
1335.N,D,20200827,000000,58,58,58,58,0,0
1335.N,D,20200828,000000,57.98,57.98,57.98,57.98,0,0
1335.N,D,20200831,000000,57.59,57.59,57.59,57.59,0,0
1335.N,D,20200901,000000,57.35,57.35,57.35,57.35,0,0
1335.N,D,20200902,000000,57.66,57.66,57.66,57.66,0,0
1335.N,D,20200903,000000,57.38,57.38,57.38,57.38,0,0
1335.N,D,20200904,000000,57.3,57.3,57.3,57.3,0,0
1335.N,D,20200907,000000,57.28,57.28,57.28,57.28,0,0
1335.N,D,20200908,000000,56.55,56.55,56.55,56.55,0,0
1335.N,D,20200909,000000,57.1,57.1,57.1,57.1,0,0
1335.N,D,20200910,000000,56.88,56.88,56.88,56.88,0,0
1335.N,D,20200911,000000,57.03,57.03,57.03,57.03,0,0
1335.N,D,20200914,000000,57.02,57.02,57.02,57.02,0,0
1335.N,D,20200915,000000,56.69,56.69,56.69,56.69,0,0
1335.N,D,20200916,000000,56.71,56.71,56.71,56.71,0,0
1335.N,D,20200917,000000,56.59,56.59,56.59,56.59,0,0
1335.N,D,20200918,000000,56.48,56.48,56.48,56.48,0,0
1335.N,D,20200921,000000,55.87,55.87,55.87,55.87,0,0
1335.N,D,20200922,000000,55.88,55.88,55.88,55.88,0,0
1335.N,D,20200923,000000,55.5,55.5,55.5,55.5,0,0
1335.N,D,20200924,000000,55.39,55.39,55.39,55.39,0,0
1335.N,D,20200925,000000,55.7,55.7,55.7,55.7,0,0
1335.N,D,20200928,000000,56.43,56.43,56.43,56.43,0,0
1335.N,D,20200929,000000,56.18,56.18,56.18,56.18,0,0
1335.N,D,20200930,000000,56.34,56.34,56.34,56.34,0,0
1335.N,D,20201001,000000,56.35,56.35,56.35,56.35,0,0
1335.N,D,20201002,000000,56.41,56.41,56.41,56.41,0,0
1335.N,D,20201005,000000,56.82,56.82,56.82,56.82,0,0
1335.N,D,20201006,000000,56.92,56.92,56.92,56.92,0,0
1335.N,D,20201007,000000,57.2,57.2,57.2,57.2,0,0
1335.N,D,20201008,000000,57.17,57.17,57.17,57.17,0,0
1335.N,D,20201009,000000,56.87,56.87,56.87,56.87,0,0
1335.N,D,20201012,000000,57,57,57,57,0,0
1335.N,D,20201013,000000,56.61,56.61,56.61,56.61,0,0
1335.N,D,20201014,000000,56.39,56.39,56.39,56.39,0,0
1335.N,D,20201015,000000,55.98,55.98,55.98,55.98,0,0
1335.N,D,20201016,000000,56.06,56.06,56.06,56.06,0,0
1335.N,D,20201019,000000,55.87,55.87,55.87,55.87,0,0
1335.N,D,20201020,000000,56.03,56.03,56.03,56.03,0,0
1335.N,D,20201021,000000,55.82,55.82,55.82,55.82,0,0
1335.N,D,20201022,000000,55.96,55.96,55.96,55.96,0,0
1335.N,D,20201023,000000,56.04,56.04,56.04,56.04,0,0
1335.N,D,20201026,000000,55.71,55.71,55.71,55.71,0,0
1335.N,D,20201027,000000,55.32,55.32,55.32,55.32,0,0
1335.N,D,20201028,000000,54.36,54.36,54.36,54.36,0,0
1335.N,D,20201029,000000,54.32,54.32,54.32,54.32,0,0
1335.N,D,20201030,000000,54.1,54.1,54.1,54.1,0,0
1335.N,D,20201102,000000,54.62,54.62,54.62,54.62,0,0
1335.N,D,20201103,000000,55.72,55.72,55.72,55.72,0,0
1335.N,D,20201104,000000,56.09,56.09,56.09,56.09,0,0
1335.N,D,20201105,000000,56.85,56.85,56.85,56.85,0,0
1335.N,D,20201106,000000,57.23,57.23,57.23,57.23,0,0
1335.N,D,20201109,000000,57.55,57.55,57.55,57.55,0,0
1335.N,D,20201110,000000,57.74,57.74,57.74,57.74,0,0
1335.N,D,20201112,000000,57.94,57.94,57.94,57.94,0,0
1335.N,D,20201113,000000,57.96,57.96,57.96,57.96,0,0
1335.N,D,20201116,000000,58.45,58.45,58.45,58.45,0,0
1335.N,D,20201117,000000,58.49,58.49,58.49,58.49,0,0
1335.N,D,20201118,000000,58.64,58.64,58.64,58.64,0,0
1335.N,D,20201119,000000,58.27,58.27,58.27,58.27,0,0
1335.N,D,20201120,000000,58.42,58.42,58.42,58.42,0,0
1335.N,D,20201123,000000,58.5,58.5,58.5,58.5,0,0
1335.N,D,20201124,000000,58.79,58.79,58.79,58.79,0,0
1335.N,D,20201125,000000,58.79,58.79,58.79,58.79,0,0
1335.N,D,20201126,000000,58.85,58.85,58.85,58.85,0,0
1335.N,D,20201127,000000,58.94,58.94,58.94,58.94,0,0
1335.N,D,20201130,000000,58.88,58.88,58.88,58.88,0,0
1335.N,D,20201201,000000,59.04,59.04,59.04,59.04,0,0
1335.N,D,20201202,000000,59.67,59.67,59.67,59.67,0,0
1335.N,D,20201203,000000,59.67,59.67,59.67,59.67,0,0
1335.N,D,20201204,000000,60.29,60.29,60.29,60.29,0,0
1335.N,D,20201207,000000,60.39,60.39,60.39,60.39,0,0
1335.N,D,20201208,000000,60.5,60.5,60.5,60.5,0,0
1335.N,D,20201209,000000,60.45,60.45,60.45,60.45,0,0
1335.N,D,20201210,000000,60.43,60.43,60.43,60.43,0,0
1335.N,D,20201211,000000,60.06,60.06,60.06,60.06,0,0
1335.N,D,20201214,000000,59.94,59.94,59.94,59.94,0,0
1335.N,D,20201215,000000,60.25,60.25,60.25,60.25,0,0
1335.N,D,20201216,000000,60.71,60.71,60.71,60.71,0,0
1335.N,D,20201217,000000,60.72,60.72,60.72,60.72,0,0
1335.N,D,20201218,000000,60.53,60.53,60.53,60.53,0,0
1335.N,D,20201221,000000,60.21,60.21,60.21,60.21,0,0
1335.N,D,20201222,000000,60.39,60.39,60.39,60.39,0,0
1335.N,D,20201223,000000,60.81,60.81,60.81,60.81,0,0
1335.N,D,20201228,000000,61.43,61.43,61.43,61.43,0,0
1335.N,D,20201229,000000,61.59,61.59,61.59,61.59,0,0
1335.N,D,20201230,000000,61.7,61.7,61.7,61.7,0,0
1335.N,D,20210104,000000,62.5,62.5,62.5,62.5,0,0
1335.N,D,20210105,000000,62.53,62.53,62.53,62.53,0,0
1335.N,D,20210107,000000,63.6,63.6,63.6,63.6,0,0
1335.N,D,20210108,000000,63.6,63.6,63.6,63.6,0,0
1335.N,D,20210111,000000,63.5,63.5,63.5,63.5,0,0
1335.N,D,20210112,000000,63.26,63.26,63.26,63.26,0,0
1335.N,D,20210113,000000,62.98,62.98,62.98,62.98,0,0
1335.N,D,20210114,000000,63.16,63.16,63.16,63.16,0,0
1335.N,D,20210115,000000,62.68,62.68,62.68,62.68,0,0
1335.N,D,20210118,000000,63.17,63.17,63.17,63.17,0,0
1335.N,D,20210119,000000,63.02,63.02,63.02,63.02,0,0
1335.N,D,20210120,000000,63.03,63.03,63.03,63.03,0,0
1335.N,D,20210121,000000,62.61,62.61,62.61,62.61,0,0
1335.N,D,20210122,000000,62.63,62.63,62.63,62.63,0,0
1335.N,D,20210125,000000,62.45,62.45,62.45,62.45,0,0
1335.N,D,20210126,000000,62.58,62.58,62.58,62.58,0,0
1335.N,D,20210127,000000,62.03,62.03,62.03,62.03,0,0
1335.N,D,20210128,000000,62.37,62.37,62.37,62.37,0,0
1335.N,D,20210129,000000,62.04,62.04,62.04,62.04,0,0
1335.N,D,20210201,000000,62.51,62.51,62.51,62.51,0,0
1335.N,D,20210202,000000,62.26,62.26,62.26,62.26,0,0
1335.N,D,20210203,000000,62.08,62.08,62.08,62.08,0,0
1335.N,D,20210204,000000,62.11,62.11,62.11,62.11,0,0
1335.N,D,20210205,000000,62.55,62.55,62.55,62.55,0,0
1335.N,D,20210208,000000,62.83,62.83,62.83,62.83,0,0
1335.N,D,20210209,000000,62.76,62.76,62.76,62.76,0,0
1335.N,D,20210210,000000,62.62,62.62,62.62,62.62,0,0
1335.N,D,20210211,000000,62.93,62.93,62.93,62.93,0,0
1335.N,D,20210212,000000,62.82,62.82,62.82,62.82,0,0
1335.N,D,20210215,000000,63.04,63.04,63.04,63.04,0,0
1335.N,D,20210216,000000,62.76,62.76,62.76,62.76,0,0
1335.N,D,20210217,000000,62.46,62.46,62.46,62.46,0,0
1335.N,D,20210218,000000,62.27,62.27,62.27,62.27,0,0
1335.N,D,20210219,000000,62.33,62.33,62.33,62.33,0,0
1335.N,D,20210222,000000,62.18,62.18,62.18,62.18,0,0
1335.N,D,20210223,000000,61.63,61.63,61.63,61.63,0,0
1335.N,D,20210224,000000,61.86,61.86,61.86,61.86,0,0
1335.N,D,20210225,000000,61.48,61.48,61.48,61.48,0,0
1335.N,D,20210226,000000,61.21,61.21,61.21,61.21,0,0
1335.N,D,20210301,000000,62.1,62.1,62.1,62.1,0,0
1335.N,D,20210302,000000,62.04,62.04,62.04,62.04,0,0
1335.N,D,20210303,000000,61.78,61.78,61.78,61.78,0,0
1335.N,D,20210304,000000,61.57,61.57,61.57,61.57,0,0
1335.N,D,20210305,000000,61.67,61.67,61.67,61.67,0,0
1335.N,D,20210308,000000,61.95,61.95,61.95,61.95,0,0
1335.N,D,20210309,000000,62.49,62.49,62.49,62.49,0,0
1335.N,D,20210310,000000,62.89,62.89,62.89,62.89,0,0
1335.N,D,20210311,000000,62.75,62.75,62.75,62.75,0,0
1335.N,D,20210312,000000,62.79,62.79,62.79,62.79,0,0
1335.N,D,20210315,000000,62.95,62.95,62.95,62.95,0,0
1335.N,D,20210316,000000,63,63,63,63,0,0
1335.N,D,20210317,000000,62.69,62.69,62.69,62.69,0,0
1335.N,D,20210318,000000,63.15,63.15,63.15,63.15,0,0
1335.N,D,20210319,000000,63.06,63.06,63.06,63.06,0,0
1335.N,D,20210322,000000,63.38,63.38,63.38,63.38,0,0
1335.N,D,20210323,000000,63.12,63.12,63.12,63.12,0,0
1335.N,D,20210324,000000,62.97,62.97,62.97,62.97,0,0
1335.N,D,20210325,000000,62.93,62.93,62.93,62.93,0,0
1335.N,D,20210326,000000,63.59,63.59,63.59,63.59,0,0
1335.N,D,20210329,000000,63.9,63.9,63.9,63.9,0,0
1335.N,D,20210330,000000,63.62,63.62,63.62,63.62,0,0
1335.N,D,20210331,000000,63.85,63.85,63.85,63.85,0,0
1335.N,D,20210401,000000,64.15,64.15,64.15,64.15,0,0
1335.N,D,20210406,000000,64.6,64.6,64.6,64.6,0,0
1335.N,D,20210407,000000,64.62,64.62,64.62,64.62,0,0
1335.N,D,20210408,000000,64.49,64.49,64.49,64.49,0,0
1335.N,D,20210409,000000,64.5,64.5,64.5,64.5,0,0
1335.N,D,20210412,000000,64.73,64.73,64.73,64.73,0,0
1335.N,D,20210413,000000,64.62,64.62,64.62,64.62,0,0
1335.N,D,20210414,000000,64.83,64.83,64.83,64.83,0,0
1335.N,D,20210415,000000,64.86,64.86,64.86,64.86,0,0
1335.N,D,20210416,000000,64.97,64.97,64.97,64.97,0,0
1335.N,D,20210419,000000,64.77,64.77,64.77,64.77,0,0
1335.N,D,20210420,000000,64.65,64.65,64.65,64.65,0,0
1335.N,D,20210421,000000,64.64,64.64,64.64,64.64,0,0
1335.N,D,20210422,000000,64.55,64.55,64.55,64.55,0,0
1335.N,D,20210423,000000,64.65,64.65,64.65,64.65,0,0
1335.N,D,20210426,000000,64.83,64.83,64.83,64.83,0,0
1335.N,D,20210427,000000,64.75,64.75,64.75,64.75,0,0
1335.N,D,20210428,000000,65.14,65.14,65.14,65.14,0,0
1335.N,D,20210429,000000,65.09,65.09,65.09,65.09,0,0
1335.N,D,20210430,000000,64.99,64.99,64.99,64.99,0,0
1335.N,D,20210504,000000,64.78,64.78,64.78,64.78,0,0
1335.N,D,20210505,000000,65.14,65.14,65.14,65.14,0,0
1335.N,D,20210506,000000,64.97,64.97,64.97,64.97,0,0
1335.N,D,20210507,000000,65.42,65.42,65.42,65.42,0,0
1335.N,D,20210510,000000,65.68,65.68,65.68,65.68,0,0
1335.N,D,20210511,000000,65.67,65.67,65.67,65.67,0,0
1335.N,D,20210512,000000,65.18,65.18,65.18,65.18,0,0
1335.N,D,20210513,000000,65.32,65.32,65.32,65.32,0,0
1335.N,D,20210514,000000,65.59,65.59,65.59,65.59,0,0
1335.N,D,20210517,000000,65.79,65.79,65.79,65.79,0,0
1335.N,D,20210518,000000,65.83,65.83,65.83,65.83,0,0
1335.N,D,20210519,000000,65.75,65.75,65.75,65.75,0,0
1335.N,D,20210520,000000,65.81,65.81,65.81,65.81,0,0
1335.N,D,20210521,000000,66.01,66.01,66.01,66.01,0,0
1335.N,D,20210524,000000,66.2,66.2,66.2,66.2,0,0
1335.N,D,20210525,000000,66.32,66.32,66.32,66.32,0,0
1335.N,D,20210526,000000,66.48,66.48,66.48,66.48,0,0
1335.N,D,20210527,000000,66.73,66.73,66.73,66.73,0,0
1335.N,D,20210528,000000,66.9,66.9,66.9,66.9,0,0
1335.N,D,20210531,000000,66.87,66.87,66.87,66.87,0,0
1335.N,D,20210601,000000,66.98,66.98,66.98,66.98,0,0
1335.N,D,20210602,000000,67.13,67.13,67.13,67.13,0,0
1335.N,D,20210604,000000,67.33,67.33,67.33,67.33,0,0
1335.N,D,20210607,000000,67.3,67.3,67.3,67.3,0,0
1335.N,D,20210608,000000,67.1,67.1,67.1,67.1,0,0
1335.N,D,20210609,000000,66.82,66.82,66.82,66.82,0,0
1335.N,D,20210610,000000,66.98,66.98,66.98,66.98,0,0
1335.N,D,20210611,000000,66.91,66.91,66.91,66.91,0,0
1335.N,D,20210614,000000,67.17,67.17,67.17,67.17,0,0
1335.N,D,20210615,000000,66.9,66.9,66.9,66.9,0,0
1335.N,D,20210616,000000,66.82,66.82,66.82,66.82,0,0
1335.N,D,20210617,000000,66.72,66.72,66.72,66.72,0,0
1335.N,D,20210618,000000,66.55,66.55,66.55,66.55,0,0
1335.N,D,20210621,000000,66.71,66.71,66.71,66.71,0,0
1335.N,D,20210622,000000,66.86,66.86,66.86,66.86,0,0
1335.N,D,20210623,000000,66.97,66.97,66.97,66.97,0,0
1335.N,D,20210624,000000,67.21,67.21,67.21,67.21,0,0
1335.N,D,20210625,000000,67.24,67.24,67.24,67.24,0,0
1335.N,D,20210628,000000,67.08,67.08,67.08,67.08,0,0
1335.N,D,20210629,000000,66.88,66.88,66.88,66.88,0,0
1335.N,D,20210630,000000,66.57,66.57,66.57,66.57,0,0
1335.N,D,20210701,000000,66.8,66.8,66.8,66.8,0,0
1335.N,D,20210702,000000,66.98,66.98,66.98,66.98,0,0
1335.N,D,20210705,000000,67.02,67.02,67.02,67.02,0,0
1335.N,D,20210706,000000,66.99,66.99,66.99,66.99,0,0
1335.N,D,20210707,000000,67.52,67.52,67.52,67.52,0,0
1335.N,D,20210708,000000,66.97,66.97,66.97,66.97,0,0
1335.N,D,20210709,000000,67.14,67.14,67.14,67.14,0,0
1335.N,D,20210712,000000,67.33,67.33,67.33,67.33,0,0
1335.N,D,20210713,000000,67.53,67.53,67.53,67.53,0,0
1335.N,D,20210714,000000,67.58,67.58,67.58,67.58,0,0
1335.N,D,20210715,000000,67.39,67.39,67.39,67.39,0,0
1335.N,D,20210716,000000,67.5,67.5,67.5,67.5,0,0
1335.N,D,20210719,000000,66.98,66.98,66.98,66.98,0,0
1335.N,D,20210720,000000,67.21,67.21,67.21,67.21,0,0
1335.N,D,20210721,000000,67.74,67.74,67.74,67.74,0,0
1335.N,D,20210722,000000,67.77,67.77,67.77,67.77,0,0
1335.N,D,20210723,000000,68.09,68.09,68.09,68.09,0,0
1335.N,D,20210726,000000,67.98,67.98,67.98,67.98,0,0
1335.N,D,20210727,000000,67.76,67.76,67.76,67.76,0,0
1335.N,D,20210728,000000,67.98,67.98,67.98,67.98,0,0
1335.N,D,20210729,000000,68.09,68.09,68.09,68.09,0,0
1335.N,D,20210730,000000,68.12,68.12,68.12,68.12,0,0
1335.N,D,20210802,000000,68.33,68.33,68.33,68.33,0,0
1335.N,D,20210803,000000,68.38,68.38,68.38,68.38,0,0
1335.N,D,20210804,000000,68.41,68.41,68.41,68.41,0,0
1335.N,D,20210805,000000,68.49,68.49,68.49,68.49,0,0
1335.N,D,20210806,000000,68.4,68.4,68.4,68.4,0,0
1335.N,D,20210809,000000,68.55,68.55,68.55,68.55,0,0
1335.N,D,20210810,000000,68.55,68.55,68.55,68.55,0,0
1335.N,D,20210811,000000,68.59,68.59,68.59,68.59,0,0
1335.N,D,20210812,000000,68.94,68.94,68.94,68.94,0,0
1335.N,D,20210813,000000,68.89,68.89,68.89,68.89,0,0
1335.N,D,20210816,000000,69.02,69.02,69.02,69.02,0,0
1335.N,D,20210817,000000,69.28,69.28,69.28,69.28,0,0
1335.N,D,20210818,000000,69.25,69.25,69.25,69.25,0,0
1335.N,D,20210819,000000,69.18,69.18,69.18,69.18,0,0
1335.N,D,20210820,000000,69.23,69.23,69.23,69.23,0,0
1335.N,D,20210823,000000,69.55,69.55,69.55,69.55,0,0
1335.N,D,20210824,000000,69.48,69.48,69.48,69.48,0,0
1335.N,D,20210825,000000,69.6,69.6,69.6,69.6,0,0
1335.N,D,20210826,000000,69.62,69.62,69.62,69.62,0,0
1335.N,D,20210827,000000,69.71,69.71,69.71,69.71,0,0
1335.N,D,20210830,000000,69.91,69.91,69.91,69.91,0,0
1335.N,D,20210831,000000,69.65,69.65,69.65,69.65,0,0
1335.N,D,20210901,000000,69.7,69.7,69.7,69.7,0,0
1335.N,D,20210902,000000,69.75,69.75,69.75,69.75,0,0
1335.N,D,20210903,000000,69.36,69.36,69.36,69.36,0,0
1335.N,D,20210906,000000,69.78,69.78,69.78,69.78,0,0
1335.N,D,20210907,000000,69.71,69.71,69.71,69.71,0,0
1335.N,D,20210908,000000,69.56,69.56,69.56,69.56,0,0
1335.N,D,20210909,000000,69.59,69.59,69.59,69.59,0,0
1335.N,D,20210910,000000,69.4,69.4,69.4,69.4,0,0
1335.N,D,20210913,000000,69.63,69.63,69.63,69.63,0,0
1335.N,D,20210914,000000,69.63,69.63,69.63,69.63,0,0
1335.N,D,20210915,000000,69.49,69.49,69.49,69.49,0,0
1335.N,D,20210916,000000,69.54,69.54,69.54,69.54,0,0
1335.N,D,20210917,000000,69.07,69.07,69.07,69.07,0,0
1335.N,D,20210920,000000,68.63,68.63,68.63,68.63,0,0
1335.N,D,20210921,000000,68.77,68.77,68.77,68.77,0,0
1335.N,D,20210922,000000,69.34,69.34,69.34,69.34,0,0
1335.N,D,20210923,000000,69.12,69.12,69.12,69.12,0,0
1335.N,D,20210924,000000,68.82,68.82,68.82,68.82,0,0
1335.N,D,20210927,000000,68.66,68.66,68.66,68.66,0,0
1335.N,D,20210928,000000,68.13,68.13,68.13,68.13,0,0
1335.N,D,20210929,000000,68.34,68.34,68.34,68.34,0,0
1335.N,D,20210930,000000,68.29,68.29,68.29,68.29,0,0
1335.N,D,20211001,000000,68.33,68.33,68.33,68.33,0,0
1335.N,D,20211004,000000,68.36,68.36,68.36,68.36,0,0
1335.N,D,20211005,000000,68.67,68.67,68.67,68.67,0,0
1335.N,D,20211006,000000,68.28,68.28,68.28,68.28,0,0
1335.N,D,20211007,000000,68.31,68.31,68.31,68.31,0,0
1335.N,D,20211008,000000,68.65,68.65,68.65,68.65,0,0
1335.N,D,20211011,000000,68.87,68.87,68.87,68.87,0,0
1335.N,D,20211012,000000,68.97,68.97,68.97,68.97,0,0
1335.N,D,20211013,000000,69.11,69.11,69.11,69.11,0,0
1335.N,D,20211014,000000,69.28,69.28,69.28,69.28,0,0
1335.N,D,20211015,000000,69.34,69.34,69.34,69.34,0,0
1335.N,D,20211018,000000,69.24,69.24,69.24,69.24,0,0
1335.N,D,20211019,000000,69.18,69.18,69.18,69.18,0,0
1335.N,D,20211020,000000,69.12,69.12,69.12,69.12,0,0
1335.N,D,20211021,000000,69.12,69.12,69.12,69.12,0,0
1335.N,D,20211022,000000,68.88,68.88,68.88,68.88,0,0
1335.N,D,20211025,000000,68.87,68.87,68.87,68.87,0,0
1335.N,D,20211026,000000,69.05,69.05,69.05,69.05,0,0
1335.N,D,20211027,000000,68.96,68.96,68.96,68.96,0,0
1335.N,D,20211028,000000,68.74,68.74,68.74,68.74,0,0
1335.N,D,20211029,000000,68.77,68.77,68.77,68.77,0,0
1335.N,D,20211102,000000,68.8,68.8,68.8,68.8,0,0
1335.N,D,20211103,000000,68.71,68.71,68.71,68.71,0,0
1335.N,D,20211104,000000,69.02,69.02,69.02,69.02,0,0
1335.N,D,20211105,000000,68.97,68.97,68.97,68.97,0,0
1335.N,D,20211108,000000,68.63,68.63,68.63,68.63,0,0
1335.N,D,20211109,000000,68.66,68.66,68.66,68.66,0,0
1335.N,D,20211110,000000,68.35,68.35,68.35,68.35,0,0
1335.N,D,20211112,000000,68.26,68.26,68.26,68.26,0,0
1335.N,D,20211115,000000,68.26,68.26,68.26,68.26,0,0
1335.N,D,20211116,000000,68.27,68.27,68.27,68.27,0,0
1335.N,D,20211117,000000,68.14,68.14,68.14,68.14,0,0
1335.N,D,20211118,000000,67.37,67.37,67.37,67.37,0,0
1335.N,D,20211119,000000,66.92,66.92,66.92,66.92,0,0
1335.N,D,20211122,000000,66.82,66.82,66.82,66.82,0,0
1335.N,D,20211123,000000,66.62,66.62,66.62,66.62,0,0
1335.N,D,20211124,000000,66.58,66.58,66.58,66.58,0,0
1335.N,D,20211125,000000,66.38,66.38,66.38,66.38,0,0
1335.N,D,20211126,000000,65.31,65.31,65.31,65.31,0,0
1335.N,D,20211129,000000,65.36,65.36,65.36,65.36,0,0
1335.N,D,20211130,000000,65.98,65.98,65.98,65.98,0,0
1335.N,D,20211201,000000,66.19,66.19,66.19,66.19,0,0
1335.N,D,20211202,000000,65.82,65.82,65.82,65.82,0,0
1335.N,D,20211203,000000,65.48,65.48,65.48,65.48,0,0
1335.N,D,20211206,000000,65.69,65.69,65.69,65.69,0,0
1335.N,D,20211207,000000,66.26,66.26,66.26,66.26,0,0
1335.N,D,20211208,000000,66.14,66.14,66.14,66.14,0,0
1335.N,D,20211209,000000,65.98,65.98,65.98,65.98,0,0
1335.N,D,20211210,000000,66.17,66.17,66.17,66.17,0,0
1335.N,D,20211213,000000,66.05,66.05,66.05,66.05,0,0
1335.N,D,20211214,000000,65.91,65.91,65.91,65.91,0,0
1335.N,D,20211215,000000,65.57,65.57,65.57,65.57,0,0
1335.N,D,20211216,000000,66.02,66.02,66.02,66.02,0,0
1335.N,D,20211217,000000,65.87,65.87,65.87,65.87,0,0
1335.N,D,20211220,000000,65.49,65.49,65.49,65.49,0,0
1335.N,D,20211221,000000,65.42,65.42,65.42,65.42,0,0
1335.N,D,20211222,000000,65.79,65.79,65.79,65.79,0,0
1335.N,D,20211223,000000,65.97,65.97,65.97,65.97,0,0
1335.N,D,20211227,000000,65.99,65.99,65.99,65.99,0,0
1335.N,D,20211228,000000,66.39,66.39,66.39,66.39,0,0
1335.N,D,20211229,000000,66.33,66.33,66.33,66.33,0,0
1335.N,D,20211230,000000,66.45,66.45,66.45,66.45,0,0
1335.N,D,20220103,000000,66.59,66.59,66.59,66.59,0,0
1335.N,D,20220104,000000,66.65,66.65,66.65,66.65,0,0
1335.N,D,20220105,000000,66.65,66.65,66.65,66.65,0,0
1335.N,D,20220107,000000,66.43,66.43,66.43,66.43,0,0
1335.N,D,20220110,000000,66.18,66.18,66.18,66.18,0,0
1335.N,D,20220111,000000,66.7,66.7,66.7,66.7,0,0
1335.N,D,20220112,000000,67.47,67.47,67.47,67.47,0,0
1335.N,D,20220113,000000,67.39,67.39,67.39,67.39,0,0
1335.N,D,20220114,000000,67.08,67.08,67.08,67.08,0,0
1335.N,D,20220117,000000,66.95,66.95,66.95,66.95,0,0
1335.N,D,20220118,000000,66.29,66.29,66.29,66.29,0,0
1335.N,D,20220119,000000,66.37,66.37,66.37,66.37,0,0
1335.N,D,20220120,000000,66.18,66.18,66.18,66.18,0,0
1335.N,D,20220121,000000,65.81,65.81,65.81,65.81,0,0
1335.N,D,20220124,000000,64.49,64.49,64.49,64.49,0,0
1335.N,D,20220125,000000,64.86,64.86,64.86,64.86,0,0
1335.N,D,20220126,000000,65,65,65,65,0,0
1335.N,D,20220127,000000,64.82,64.82,64.82,64.82,0,0
1335.N,D,20220128,000000,64.52,64.52,64.52,64.52,0,0
1335.N,D,20220131,000000,64.77,64.77,64.77,64.77,0,0
1335.N,D,20220201,000000,65.05,65.05,65.05,65.05,0,0
1335.N,D,20220202,000000,65.47,65.47,65.47,65.47,0,0
1335.N,D,20220203,000000,65.13,65.13,65.13,65.13,0,0
1335.N,D,20220204,000000,64.66,64.66,64.66,64.66,0,0
1335.N,D,20220207,000000,64.71,64.71,64.71,64.71,0,0
1335.N,D,20220208,000000,65.13,65.13,65.13,65.13,0,0
1335.N,D,20220209,000000,65.36,65.36,65.36,65.36,0,0
1335.N,D,20220210,000000,64.96,64.96,64.96,64.96,0,0
1335.N,D,20220211,000000,64.8,64.8,64.8,64.8,0,0
1335.N,D,20220214,000000,64.12,64.12,64.12,64.12,0,0
1335.N,D,20220215,000000,64.85,64.85,64.85,64.85,0,0
1335.N,D,20220216,000000,64.92,64.92,64.92,64.92,0,0
1335.N,D,20220217,000000,64.48,64.48,64.48,64.48,0,0
1335.N,D,20220218,000000,64.09,64.09,64.09,64.09,0,0
1335.N,D,20220221,000000,63.37,63.37,63.37,63.37,0,0
1335.N,D,20220222,000000,63.53,63.53,63.53,63.53,0,0
1335.N,D,20220223,000000,62.79,62.79,62.79,62.79,0,0
1335.N,D,20220224,000000,60.17,60.17,60.17,60.17,0,0
1335.N,D,20220225,000000,61.85,61.85,61.85,61.85,0,0
1335.N,D,20220228,000000,62.13,62.13,62.13,62.13,0,0
1335.N,D,20220301,000000,61.82,61.82,61.82,61.82,0,0
1335.N,D,20220302,000000,62.36,62.36,62.36,62.36,0,0
1335.N,D,20220303,000000,61.89,61.89,61.89,61.89,0,0
1335.N,D,20220304,000000,60.53,60.53,60.53,60.53,0,0
1335.N,D,20220307,000000,60.13,60.13,60.13,60.13,0,0
1335.N,D,20220308,000000,59.75,59.75,59.75,59.75,0,0
1335.N,D,20220309,000000,60.49,60.49,60.49,60.49,0,0
1335.N,D,20220310,000000,60.34,60.34,60.34,60.34,0,0
1335.N,D,20220311,000000,60.88,60.88,60.88,60.88,0,0
1335.N,D,20220314,000000,60.16,60.16,60.16,60.16,0,0
1335.N,D,20220315,000000,60.65,60.65,60.65,60.65,0,0
1335.N,D,20220316,000000,61.63,61.63,61.63,61.63,0,0
1335.N,D,20220317,000000,62.32,62.32,62.32,62.32,0,0
1335.N,D,20220318,000000,62.37,62.37,62.37,62.37,0,0
1335.N,D,20220321,000000,62.21,62.21,62.21,62.21,0,0
1335.N,D,20220322,000000,62.47,62.47,62.47,62.47,0,0
1335.N,D,20220323,000000,62.42,62.42,62.42,62.42,0,0
1335.N,D,20220324,000000,62.58,62.58,62.58,62.58,0,0
1335.N,D,20220325,000000,62.4,62.4,62.4,62.4,0,0
1335.N,D,20220328,000000,62.42,62.42,62.42,62.42,0,0
1335.N,D,20220329,000000,63.02,63.02,63.02,63.02,0,0
1335.N,D,20220330,000000,63.11,63.11,63.11,63.11,0,0
1335.N,D,20220331,000000,62.82,62.82,62.82,62.82,0,0
1335.N,D,20220401,000000,62.87,62.87,62.87,62.87,0,0
1335.N,D,20220404,000000,62.95,62.95,62.95,62.95,0,0
1335.N,D,20220405,000000,62.6,62.6,62.6,62.6,0,0
1335.N,D,20220406,000000,62.15,62.15,62.15,62.15,0,0
1335.N,D,20220407,000000,61.66,61.66,61.66,61.66,0,0
1335.N,D,20220408,000000,61.66,61.66,61.66,61.66,0,0
1335.N,D,20220411,000000,61.68,61.68,61.68,61.68,0,0
1335.N,D,20220412,000000,61.67,61.67,61.67,61.67,0,0
1335.N,D,20220413,000000,62.15,62.15,62.15,62.15,0,0
1335.N,D,20220414,000000,61.99,61.99,61.99,61.99,0,0
1335.N,D,20220419,000000,61.61,61.61,61.61,61.61,0,0
1335.N,D,20220420,000000,61.59,61.59,61.59,61.59,0,0
1335.N,D,20220421,000000,61.2,61.2,61.2,61.2,0,0
1335.N,D,20220422,000000,60.47,60.47,60.47,60.47,0,0
1335.N,D,20220425,000000,59.97,59.97,59.97,59.97,0,0
1335.N,D,20220426,000000,59.76,59.76,59.76,59.76,0,0
1335.N,D,20220427,000000,59.54,59.54,59.54,59.54,0,0
1335.N,D,20220428,000000,59.64,59.64,59.64,59.64,0,0
1335.N,D,20220429,000000,59.27,59.27,59.27,59.27,0,0
1335.N,D,20220502,000000,58.82,58.82,58.82,58.82,0,0
1335.N,D,20220504,000000,58.75,58.75,58.75,58.75,0,0
1335.N,D,20220505,000000,58.25,58.25,58.25,58.25,0,0
1335.N,D,20220506,000000,58.03,58.03,58.03,58.03,0,0
1335.N,D,20220509,000000,57.26,57.26,57.26,57.26,0,0
1335.N,D,20220510,000000,57.34,57.34,57.34,57.34,0,0
1335.N,D,20220511,000000,57.56,57.56,57.56,57.56,0,0
1335.N,D,20220512,000000,57.41,57.41,57.41,57.41,0,0
1335.N,D,20220513,000000,58.29,58.29,58.29,58.29,0,0
1335.N,D,20220516,000000,58.36,58.36,58.36,58.36,0,0
1335.N,D,20220517,000000,58.93,58.93,58.93,58.93,0,0
1335.N,D,20220518,000000,58.7,58.7,58.7,58.7,0,0
1335.N,D,20220519,000000,58.44,58.44,58.44,58.44,0,0
1335.N,D,20220520,000000,58.51,58.51,58.51,58.51,0,0
1335.N,D,20220523,000000,59.15,59.15,59.15,59.15,0,0
1335.N,D,20220524,000000,58.81,58.81,58.81,58.81,0,0
1335.N,D,20220525,000000,58.76,58.76,58.76,58.76,0,0
1335.N,D,20220526,000000,59.05,59.05,59.05,59.05,0,0
1335.N,D,20220527,000000,59.01,59.01,59.01,59.01,0,0
1335.N,D,20220530,000000,59.54,59.54,59.54,59.54,0,0
1335.N,D,20220531,000000,59.38,59.38,59.38,59.38,0,0
1335.N,D,20220601,000000,59.23,59.23,59.23,59.23,0,0
1335.N,D,20220602,000000,59.35,59.35,59.35,59.35,0,0
1335.N,D,20220603,000000,59.17,59.17,59.17,59.17,0,0
1335.N,D,20220606,000000,59.53,59.53,59.53,59.53,0,0
1335.N,D,20220607,000000,59.39,59.39,59.39,59.39,0,0
1335.N,D,20220608,000000,58.87,58.87,58.87,58.87,0,0
1335.N,D,20220609,000000,58.45,58.45,58.45,58.45,0,0
1335.N,D,20220610,000000,57.7,57.7,57.7,57.7,0,0
1335.N,D,20220613,000000,56.64,56.64,56.64,56.64,0,0
1335.N,D,20220614,000000,56.62,56.62,56.62,56.62,0,0
1335.N,D,20220615,000000,56.57,56.57,56.57,56.57,0,0
1335.N,D,20220617,000000,55.92,55.92,55.92,55.92,0,0
1335.N,D,20220620,000000,55.95,55.95,55.95,55.95,0,0
1335.N,D,20220621,000000,56.89,56.89,56.89,56.89,0,0
1335.N,D,20220622,000000,56.85,56.85,56.85,56.85,0,0
1335.N,D,20220623,000000,56.89,56.89,56.89,56.89,0,0
1335.N,D,20220624,000000,57.35,57.35,57.35,57.35,0,0
1335.N,D,20220627,000000,57.47,57.47,57.47,57.47,0,0
1335.N,D,20220628,000000,57.75,57.75,57.75,57.75,0,0
1335.N,D,20220629,000000,57.92,57.92,57.92,57.92,0,0
1335.N,D,20220630,000000,57.58,57.58,57.58,57.58,0,0
1335.N,D,20220701,000000,57.83,57.83,57.83,57.83,0,0
1335.N,D,20220704,000000,57.91,57.91,57.91,57.91,0,0
1335.N,D,20220705,000000,57.17,57.17,57.17,57.17,0,0
1335.N,D,20220706,000000,57.2,57.2,57.2,57.2,0,0
1335.N,D,20220707,000000,57.92,57.92,57.92,57.92,0,0
1335.N,D,20220708,000000,58.31,58.31,58.31,58.31,0,0
1335.N,D,20220711,000000,58.23,58.23,58.23,58.23,0,0
1335.N,D,20220712,000000,57.51,57.51,57.51,57.51,0,0
1335.N,D,20220713,000000,57.18,57.18,57.18,57.18,0,0
1335.N,D,20220714,000000,56.69,56.69,56.69,56.69,0,0
1335.N,D,20220715,000000,57.09,57.09,57.09,57.09,0,0
1335.N,D,20220718,000000,57.67,57.67,57.67,57.67,0,0
1335.N,D,20220719,000000,57.97,57.97,57.97,57.97,0,0
1335.N,D,20220720,000000,58.21,58.21,58.21,58.21,0,0
1335.N,D,20220721,000000,58.54,58.54,58.54,58.54,0,0
1335.N,D,20220722,000000,59.04,59.04,59.04,59.04,0,0
1335.N,D,20220725,000000,58.85,58.85,58.85,58.85,0,0
1335.N,D,20220726,000000,58.65,58.65,58.65,58.65,0,0
1335.N,D,20220727,000000,58.66,58.66,58.66,58.66,0,0
1335.N,D,20220728,000000,58.9,58.9,58.9,58.9,0,0
1335.N,D,20220729,000000,59.85,59.85,59.85,59.85,0,0
1335.N,D,20220801,000000,60.14,60.14,60.14,60.14,0,0
1335.N,D,20220802,000000,59.81,59.81,59.81,59.81,0,0
1335.N,D,20220803,000000,59.66,59.66,59.66,59.66,0,0
1335.N,D,20220804,000000,59.66,59.66,59.66,59.66,0,0
1335.N,D,20220805,000000,59.5,59.5,59.5,59.5,0,0
1335.N,D,20220808,000000,59.93,59.93,59.93,59.93,0,0
1335.N,D,20220809,000000,59.68,59.68,59.68,59.68,0,0
1335.N,D,20220810,000000,60,60,60,60,0,0
1335.N,D,20220811,000000,60.42,60.42,60.42,60.42,0,0
1335.N,D,20220812,000000,60.64,60.64,60.64,60.64,0,0
1335.N,D,20220816,000000,60.68,60.68,60.68,60.68,0,0
1335.N,D,20220817,000000,59.88,59.88,59.88,59.88,0,0
1335.N,D,20220818,000000,59.99,59.99,59.99,59.99,0,0
1335.N,D,20220819,000000,59.5,59.5,59.5,59.5,0,0
1335.N,D,20220822,000000,58.9,58.9,58.9,58.9,0,0
1335.N,D,20220823,000000,58.98,58.98,58.98,58.98,0,0
1335.N,D,20220824,000000,58.53,58.53,58.53,58.53,0,0
1335.N,D,20220825,000000,58.85,58.85,58.85,58.85,0,0
1335.N,D,20220826,000000,58.35,58.35,58.35,58.35,0,0
1335.N,D,20220829,000000,57.79,57.79,57.79,57.79,0,0
1335.N,D,20220830,000000,57.49,57.49,57.49,57.49,0,0
1335.N,D,20220831,000000,57.36,57.36,57.36,57.36,0,0
1335.N,D,20220901,000000,56.6,56.6,56.6,56.6,0,0
