<TICKER>,<PER>,<DATE>,<TIME>,<OPEN>,<HIGH>,<LOW>,<CLOSE>,<VOL>,<OPENINT>
1621.N,D,20180510,000000,100,100,100,100,0,0
1621.N,D,20180511,000000,100.1,100.1,100.1,100.1,0,0
1621.N,D,20180514,000000,99.95,99.95,99.95,99.95,0,0
1621.N,D,20180515,000000,98.27,98.27,98.27,98.27,0,0
1621.N,D,20180516,000000,98.37,98.37,98.37,98.37,0,0
1621.N,D,20180517,000000,97.66,97.66,97.66,97.66,0,0
1621.N,D,20180518,000000,96.69,96.69,96.69,96.69,0,0
1621.N,D,20180521,000000,97.76,97.76,97.76,97.76,0,0
1621.N,D,20180522,000000,97.18,97.18,97.18,97.18,0,0
1621.N,D,20180523,000000,95.62,95.62,95.62,95.62,0,0
1621.N,D,20180524,000000,95.9,95.9,95.9,95.9,0,0
1621.N,D,20180525,000000,95.99,95.99,95.99,95.99,0,0
1621.N,D,20180528,000000,96.1,96.1,96.1,96.1,0,0
1621.N,D,20180529,000000,95.38,95.38,95.38,95.38,0,0
1621.N,D,20180530,000000,94.41,94.41,94.41,94.41,0,0
1621.N,D,20180601,000000,95.46,95.46,95.46,95.46,0,0
1621.N,D,20180604,000000,96.06,96.06,96.06,96.06,0,0
1621.N,D,20180605,000000,97.52,97.52,97.52,97.52,0,0
1621.N,D,20180606,000000,97.53,97.53,97.53,97.53,0,0
1621.N,D,20180607,000000,98.07,98.07,98.07,98.07,0,0
1621.N,D,20180608,000000,97.38,97.38,97.38,97.38,0,0
1621.N,D,20180611,000000,96.83,96.83,96.83,96.83,0,0
1621.N,D,20180612,000000,97.31,97.31,97.31,97.31,0,0
1621.N,D,20180613,000000,96.84,96.84,96.84,96.84,0,0
1621.N,D,20180614,000000,96.7,96.7,96.7,96.7,0,0
1621.N,D,20180615,000000,95.19,95.19,95.19,95.19,0,0
1621.N,D,20180618,000000,93.26,93.26,93.26,93.26,0,0
1621.N,D,20180619,000000,92.36,92.36,92.36,92.36,0,0
1621.N,D,20180620,000000,93.59,93.59,93.59,93.59,0,0
1621.N,D,20180621,000000,93.32,93.32,93.32,93.32,0,0
1621.N,D,20180622,000000,93.68,93.68,93.68,93.68,0,0
1621.N,D,20180625,000000,93.43,93.43,93.43,93.43,0,0
1621.N,D,20180626,000000,93.3,93.3,93.3,93.3,0,0
1621.N,D,20180627,000000,93.06,93.06,93.06,93.06,0,0
1621.N,D,20180628,000000,91.47,91.47,91.47,91.47,0,0
1621.N,D,20180629,000000,92.75,92.75,92.75,92.75,0,0
1621.N,D,20180702,000000,92.18,92.18,92.18,92.18,0,0
1621.N,D,20180703,000000,93.45,93.45,93.45,93.45,0,0
1621.N,D,20180704,000000,94.36,94.36,94.36,94.36,0,0
1621.N,D,20180705,000000,93.98,93.98,93.98,93.98,0,0
1621.N,D,20180706,000000,93.63,93.63,93.63,93.63,0,0
1621.N,D,20180709,000000,93.53,93.53,93.53,93.53,0,0
1621.N,D,20180710,000000,94.54,94.54,94.54,94.54,0,0
1621.N,D,20180711,000000,93.73,93.73,93.73,93.73,0,0
1621.N,D,20180712,000000,93.97,93.97,93.97,93.97,0,0
1621.N,D,20180713,000000,93.86,93.86,93.86,93.86,0,0
1621.N,D,20180716,000000,93.19,93.19,93.19,93.19,0,0
1621.N,D,20180717,000000,93.67,93.67,93.67,93.67,0,0
1621.N,D,20180718,000000,93.59,93.59,93.59,93.59,0,0
1621.N,D,20180719,000000,93.85,93.85,93.85,93.85,0,0
1621.N,D,20180720,000000,95.02,95.02,95.02,95.02,0,0
1621.N,D,20180723,000000,95.8,95.8,95.8,95.8,0,0
1621.N,D,20180724,000000,97.18,97.18,97.18,97.18,0,0
1621.N,D,20180725,000000,97.73,97.73,97.73,97.73,0,0
1621.N,D,20180726,000000,99.2,99.2,99.2,99.2,0,0
1621.N,D,20180727,000000,98.77,98.77,98.77,98.77,0,0
1621.N,D,20180730,000000,99.89,99.89,99.89,99.89,0,0
1621.N,D,20180731,000000,99.23,99.23,99.23,99.23,0,0
1621.N,D,20180801,000000,99.67,99.67,99.67,99.67,0,0
1621.N,D,20180802,000000,98.5,98.5,98.5,98.5,0,0
1621.N,D,20180803,000000,98.65,98.65,98.65,98.65,0,0
1621.N,D,20180806,000000,98.85,98.85,98.85,98.85,0,0
1621.N,D,20180807,000000,99.27,99.27,99.27,99.27,0,0
1621.N,D,20180808,000000,99.56,99.56,99.56,99.56,0,0
1621.N,D,20180809,000000,100.14,100.14,100.14,100.14,0,0
1621.N,D,20180810,000000,97.42,97.42,97.42,97.42,0,0
1621.N,D,20180813,000000,97.63,97.63,97.63,97.63,0,0
1621.N,D,20180814,000000,98.01,98.01,98.01,98.01,0,0
1621.N,D,20180816,000000,97.67,97.67,97.67,97.67,0,0
1621.N,D,20180817,000000,96.33,96.33,96.33,96.33,0,0
1621.N,D,20180820,000000,96.83,96.83,96.83,96.83,0,0
1621.N,D,20180821,000000,98.3,98.3,98.3,98.3,0,0
1621.N,D,20180822,000000,98.74,98.74,98.74,98.74,0,0
1621.N,D,20180823,000000,99.6,99.6,99.6,99.6,0,0
1621.N,D,20180824,000000,99.33,99.33,99.33,99.33,0,0
1621.N,D,20180827,000000,101.27,101.27,101.27,101.27,0,0
1621.N,D,20180828,000000,101.88,101.88,101.88,101.88,0,0
1621.N,D,20180829,000000,101.56,101.56,101.56,101.56,0,0
1621.N,D,20180830,000000,100.65,100.65,100.65,100.65,0,0
1621.N,D,20180831,000000,99.96,99.96,99.96,99.96,0,0
1621.N,D,20180903,000000,100.31,100.31,100.31,100.31,0,0
1621.N,D,20180904,000000,98.97,98.97,98.97,98.97,0,0
1621.N,D,20180905,000000,97.93,97.93,97.93,97.93,0,0
1621.N,D,20180906,000000,97.64,97.64,97.64,97.64,0,0
1621.N,D,20180907,000000,96.27,96.27,96.27,96.27,0,0
1621.N,D,20180910,000000,96.71,96.71,96.71,96.71,0,0
1621.N,D,20180911,000000,96.33,96.33,96.33,96.33,0,0
1621.N,D,20180912,000000,95.19,95.19,95.19,95.19,0,0
1621.N,D,20180913,000000,96.19,96.19,96.19,96.19,0,0
1621.N,D,20180914,000000,96.42,96.42,96.42,96.42,0,0
1621.N,D,20180917,000000,95.44,95.44,95.44,95.44,0,0
1621.N,D,20180918,000000,96.2,96.2,96.2,96.2,0,0
1621.N,D,20180919,000000,97.18,97.18,97.18,97.18,0,0
1621.N,D,20180920,000000,97.36,97.36,97.36,97.36,0,0
1621.N,D,20180921,000000,97.35,97.35,97.35,97.35,0,0
1621.N,D,20180924,000000,98.41,98.41,98.41,98.41,0,0
1621.N,D,20180925,000000,98.76,98.76,98.76,98.76,0,0
1621.N,D,20180926,000000,99.36,99.36,99.36,99.36,0,0
1621.N,D,20180927,000000,99.66,99.66,99.66,99.66,0,0
1621.N,D,20180928,000000,98.66,98.66,98.66,98.66,0,0
1621.N,D,20181001,000000,98.61,98.61,98.61,98.61,0,0
1621.N,D,20181002,000000,98.42,98.42,98.42,98.42,0,0
1621.N,D,20181003,000000,99.02,99.02,99.02,99.02,0,0
1621.N,D,20181004,000000,98.27,98.27,98.27,98.27,0,0
1621.N,D,20181005,000000,97.75,97.75,97.75,97.75,0,0
1621.N,D,20181008,000000,96.29,96.29,96.29,96.29,0,0
1621.N,D,20181009,000000,96.94,96.94,96.94,96.94,0,0
1621.N,D,20181010,000000,95.15,95.15,95.15,95.15,0,0
1621.N,D,20181011,000000,93.76,93.76,93.76,93.76,0,0
1621.N,D,20181012,000000,94.73,94.73,94.73,94.73,0,0
1621.N,D,20181015,000000,94.22,94.22,94.22,94.22,0,0
1621.N,D,20181016,000000,95.84,95.84,95.84,95.84,0,0
1621.N,D,20181017,000000,95.33,95.33,95.33,95.33,0,0
1621.N,D,20181018,000000,94.8,94.8,94.8,94.8,0,0
1621.N,D,20181019,000000,94.98,94.98,94.98,94.98,0,0
1621.N,D,20181022,000000,94.77,94.77,94.77,94.77,0,0
1621.N,D,20181023,000000,93.12,93.12,93.12,93.12,0,0
1621.N,D,20181024,000000,92.97,92.97,92.97,92.97,0,0
1621.N,D,20181025,000000,92.86,92.86,92.86,92.86,0,0
1621.N,D,20181026,000000,90.8,90.8,90.8,90.8,0,0
1621.N,D,20181029,000000,91.25,91.25,91.25,91.25,0,0
1621.N,D,20181030,000000,91.8,91.8,91.8,91.8,0,0
1621.N,D,20181031,000000,92.93,92.93,92.93,92.93,0,0
1621.N,D,20181102,000000,94.56,94.56,94.56,94.56,0,0
1621.N,D,20181105,000000,95.71,95.71,95.71,95.71,0,0
1621.N,D,20181106,000000,95.64,95.64,95.64,95.64,0,0
1621.N,D,20181107,000000,97.19,97.19,97.19,97.19,0,0
1621.N,D,20181108,000000,96.93,96.93,96.93,96.93,0,0
1621.N,D,20181109,000000,95.72,95.72,95.72,95.72,0,0
1621.N,D,20181113,000000,95.27,95.27,95.27,95.27,0,0
1621.N,D,20181114,000000,95.62,95.62,95.62,95.62,0,0
1621.N,D,20181115,000000,94.73,94.73,94.73,94.73,0,0
1621.N,D,20181116,000000,93.25,93.25,93.25,93.25,0,0
1621.N,D,20181119,000000,94.05,94.05,94.05,94.05,0,0
1621.N,D,20181120,000000,92.96,92.96,92.96,92.96,0,0
1621.N,D,20181121,000000,95.03,95.03,95.03,95.03,0,0
1621.N,D,20181122,000000,95.76,95.76,95.76,95.76,0,0
1621.N,D,20181123,000000,95.49,95.49,95.49,95.49,0,0
1621.N,D,20181126,000000,94.96,94.96,94.96,94.96,0,0
1621.N,D,20181127,000000,95.42,95.42,95.42,95.42,0,0
1621.N,D,20181128,000000,96.84,96.84,96.84,96.84,0,0
1621.N,D,20181129,000000,98.13,98.13,98.13,98.13,0,0
1621.N,D,20181130,000000,97.76,97.76,97.76,97.76,0,0
1621.N,D,20181203,000000,99.33,99.33,99.33,99.33,0,0
1621.N,D,20181204,000000,99.94,99.94,99.94,99.94,0,0
1621.N,D,20181205,000000,100.19,100.19,100.19,100.19,0,0
1621.N,D,20181206,000000,98.11,98.11,98.11,98.11,0,0
1621.N,D,20181207,000000,97.71,97.71,97.71,97.71,0,0
1621.N,D,20181210,000000,96.44,96.44,96.44,96.44,0,0
1621.N,D,20181211,000000,95.74,95.74,95.74,95.74,0,0
1621.N,D,20181212,000000,97.52,97.52,97.52,97.52,0,0
1621.N,D,20181213,000000,98.99,98.99,98.99,98.99,0,0
1621.N,D,20181214,000000,98.73,98.73,98.73,98.73,0,0
1621.N,D,20181217,000000,97.82,97.82,97.82,97.82,0,0
1621.N,D,20181218,000000,98.76,98.76,98.76,98.76,0,0
1621.N,D,20181219,000000,99.59,99.59,99.59,99.59,0,0
1621.N,D,20181220,000000,98.23,98.23,98.23,98.23,0,0
1621.N,D,20181221,000000,96.6,96.6,96.6,96.6,0,0
1621.N,D,20181227,000000,96.35,96.35,96.35,96.35,0,0
1621.N,D,20181228,000000,97.16,97.16,97.16,97.16,0,0
1621.N,D,20190102,000000,98.1,98.1,98.1,98.1,0,0
1621.N,D,20190103,000000,96.26,96.26,96.26,96.26,0,0
1621.N,D,20190104,000000,97.48,97.48,97.48,97.48,0,0
1621.N,D,20190107,000000,99.13,99.13,99.13,99.13,0,0
1621.N,D,20190108,000000,99.02,99.02,99.02,99.02,0,0
1621.N,D,20190109,000000,99.63,99.63,99.63,99.63,0,0
1621.N,D,20190110,000000,99.43,99.43,99.43,99.43,0,0
1621.N,D,20190111,000000,99.58,99.58,99.58,99.58,0,0
1621.N,D,20190114,000000,99.22,99.22,99.22,99.22,0,0
1621.N,D,20190115,000000,99.74,99.74,99.74,99.74,0,0
1621.N,D,20190116,000000,100.58,100.58,100.58,100.58,0,0
1621.N,D,20190117,000000,100.39,100.39,100.39,100.39,0,0
1621.N,D,20190118,000000,101.06,101.06,101.06,101.06,0,0
1621.N,D,20190121,000000,100.35,100.35,100.35,100.35,0,0
1621.N,D,20190122,000000,100.19,100.19,100.19,100.19,0,0
1621.N,D,20190123,000000,101.9,101.9,101.9,101.9,0,0
1621.N,D,20190124,000000,101.87,101.87,101.87,101.87,0,0
1621.N,D,20190125,000000,101.62,101.62,101.62,101.62,0,0
1621.N,D,20190128,000000,100.74,100.74,100.74,100.74,0,0
1621.N,D,20190129,000000,100.84,100.84,100.84,100.84,0,0
1621.N,D,20190130,000000,100.17,100.17,100.17,100.17,0,0
1621.N,D,20190131,000000,101.02,101.02,101.02,101.02,0,0
1621.N,D,20190201,000000,101.45,101.45,101.45,101.45,0,0
1621.N,D,20190204,000000,101.36,101.36,101.36,101.36,0,0
1621.N,D,20190205,000000,102.13,102.13,102.13,102.13,0,0
1621.N,D,20190206,000000,102.4,102.4,102.4,102.4,0,0
1621.N,D,20190207,000000,100.95,100.95,100.95,100.95,0,0
1621.N,D,20190208,000000,100.65,100.65,100.65,100.65,0,0
1621.N,D,20190211,000000,100.52,100.52,100.52,100.52,0,0
1621.N,D,20190212,000000,101.03,101.03,101.03,101.03,0,0
1621.N,D,20190213,000000,100.07,100.07,100.07,100.07,0,0
1621.N,D,20190214,000000,99.09,99.09,99.09,99.09,0,0
1621.N,D,20190215,000000,99.81,99.81,99.81,99.81,0,0
1621.N,D,20190218,000000,99.42,99.42,99.42,99.42,0,0
1621.N,D,20190219,000000,99.27,99.27,99.27,99.27,0,0
1621.N,D,20190220,000000,100.79,100.79,100.79,100.79,0,0
1621.N,D,20190221,000000,100.03,100.03,100.03,100.03,0,0
1621.N,D,20190222,000000,100.57,100.57,100.57,100.57,0,0
1621.N,D,20190225,000000,101.26,101.26,101.26,101.26,0,0
1621.N,D,20190226,000000,100.99,100.99,100.99,100.99,0,0
1621.N,D,20190227,000000,100,100,100,100,0,0
1621.N,D,20190228,000000,99.81,99.81,99.81,99.81,0,0
1621.N,D,20190301,000000,100.05,100.05,100.05,100.05,0,0
1621.N,D,20190304,000000,99.73,99.73,99.73,99.73,0,0
1621.N,D,20190305,000000,99.5,99.5,99.5,99.5,0,0
1621.N,D,20190306,000000,99.86,99.86,99.86,99.86,0,0
1621.N,D,20190307,000000,99.28,99.28,99.28,99.28,0,0
1621.N,D,20190308,000000,98.93,98.93,98.93,98.93,0,0
1621.N,D,20190311,000000,98.98,98.98,98.98,98.98,0,0
1621.N,D,20190312,000000,99.31,99.31,99.31,99.31,0,0
1621.N,D,20190313,000000,99.66,99.66,99.66,99.66,0,0
1621.N,D,20190314,000000,99.83,99.83,99.83,99.83,0,0
1621.N,D,20190315,000000,100.94,100.94,100.94,100.94,0,0
1621.N,D,20190318,000000,100.9,100.9,100.9,100.9,0,0
1621.N,D,20190319,000000,101.04,101.04,101.04,101.04,0,0
1621.N,D,20190320,000000,101.03,101.03,101.03,101.03,0,0
1621.N,D,20190321,000000,101.31,101.31,101.31,101.31,0,0
1621.N,D,20190322,000000,99.92,99.92,99.92,99.92,0,0
1621.N,D,20190325,000000,99.37,99.37,99.37,99.37,0,0
1621.N,D,20190326,000000,99.83,99.83,99.83,99.83,0,0
1621.N,D,20190327,000000,99.57,99.57,99.57,99.57,0,0
1621.N,D,20190328,000000,99.4,99.4,99.4,99.4,0,0
1621.N,D,20190329,000000,99.27,99.27,99.27,99.27,0,0
1621.N,D,20190401,000000,100.27,100.27,100.27,100.27,0,0
1621.N,D,20190402,000000,101.42,101.42,101.42,101.42,0,0
1621.N,D,20190403,000000,102.77,102.77,102.77,102.77,0,0
1621.N,D,20190404,000000,102.14,102.14,102.14,102.14,0,0
1621.N,D,20190405,000000,100.88,100.88,100.88,100.88,0,0
1621.N,D,20190408,000000,101.14,101.14,101.14,101.14,0,0
1621.N,D,20190409,000000,101.43,101.43,101.43,101.43,0,0
1621.N,D,20190410,000000,102.18,102.18,102.18,102.18,0,0
1621.N,D,20190411,000000,101.53,101.53,101.53,101.53,0,0
1621.N,D,20190412,000000,101.22,101.22,101.22,101.22,0,0
1621.N,D,20190415,000000,100.98,100.98,100.98,100.98,0,0
1621.N,D,20190416,000000,101.43,101.43,101.43,101.43,0,0
1621.N,D,20190417,000000,101.57,101.57,101.57,101.57,0,0
1621.N,D,20190418,000000,101.16,101.16,101.16,101.16,0,0
1621.N,D,20190423,000000,101.22,101.22,101.22,101.22,0,0
1621.N,D,20190424,000000,101.26,101.26,101.26,101.26,0,0
1621.N,D,20190425,000000,100.82,100.82,100.82,100.82,0,0
1621.N,D,20190426,000000,101.33,101.33,101.33,101.33,0,0
1621.N,D,20190429,000000,101.12,101.12,101.12,101.12,0,0
1621.N,D,20190430,000000,99.93,99.93,99.93,99.93,0,0
1621.N,D,20190502,000000,99.28,99.28,99.28,99.28,0,0
1621.N,D,20190506,000000,98.26,98.26,98.26,98.26,0,0
1621.N,D,20190507,000000,96.31,96.31,96.31,96.31,0,0
1621.N,D,20190508,000000,95.8,95.8,95.8,95.8,0,0
1621.N,D,20190509,000000,94.41,94.41,94.41,94.41,0,0
1621.N,D,20190510,000000,94.86,94.86,94.86,94.86,0,0
1621.N,D,20190513,000000,94.04,94.04,94.04,94.04,0,0
1621.N,D,20190514,000000,93.76,93.76,93.76,93.76,0,0
1621.N,D,20190515,000000,94,94,94,94,0,0
1621.N,D,20190516,000000,94.5,94.5,94.5,94.5,0,0
1621.N,D,20190517,000000,94.34,94.34,94.34,94.34,0,0
1621.N,D,20190520,000000,93.97,93.97,93.97,93.97,0,0
1621.N,D,20190521,000000,94.78,94.78,94.78,94.78,0,0
1621.N,D,20190522,000000,95.57,95.57,95.57,95.57,0,0
1621.N,D,20190523,000000,94.1,94.1,94.1,94.1,0,0
1621.N,D,20190524,000000,94.69,94.69,94.69,94.69,0,0
1621.N,D,20190527,000000,94.74,94.74,94.74,94.74,0,0
1621.N,D,20190528,000000,94.97,94.97,94.97,94.97,0,0
1621.N,D,20190529,000000,94.9,94.9,94.9,94.9,0,0
1621.N,D,20190530,000000,96.03,96.03,96.03,96.03,0,0
1621.N,D,20190531,000000,96.54,96.54,96.54,96.54,0,0
1621.N,D,20190603,000000,96.45,96.45,96.45,96.45,0,0
1621.N,D,20190604,000000,96.34,96.34,96.34,96.34,0,0
1621.N,D,20190605,000000,96.04,96.04,96.04,96.04,0,0
1621.N,D,20190606,000000,97.29,97.29,97.29,97.29,0,0
1621.N,D,20190607,000000,98.08,98.08,98.08,98.08,0,0
1621.N,D,20190610,000000,98.16,98.16,98.16,98.16,0,0
1621.N,D,20190611,000000,98.63,98.63,98.63,98.63,0,0
1621.N,D,20190612,000000,98.17,98.17,98.17,98.17,0,0
1621.N,D,20190613,000000,98.91,98.91,98.91,98.91,0,0
1621.N,D,20190614,000000,98.43,98.43,98.43,98.43,0,0
1621.N,D,20190617,000000,98.05,98.05,98.05,98.05,0,0
1621.N,D,20190618,000000,99.77,99.77,99.77,99.77,0,0
1621.N,D,20190619,000000,99.46,99.46,99.46,99.46,0,0
1621.N,D,20190621,000000,98.93,98.93,98.93,98.93,0,0
1621.N,D,20190624,000000,99.84,99.84,99.84,99.84,0,0
1621.N,D,20190625,000000,98.97,98.97,98.97,98.97,0,0
1621.N,D,20190626,000000,99.57,99.57,99.57,99.57,0,0
1621.N,D,20190627,000000,100.22,100.22,100.22,100.22,0,0
1621.N,D,20190628,000000,100.01,100.01,100.01,100.01,0,0
1621.N,D,20190701,000000,100.18,100.18,100.18,100.18,0,0
1621.N,D,20190702,000000,100.58,100.58,100.58,100.58,0,0
1621.N,D,20190703,000000,100.76,100.76,100.76,100.76,0,0
1621.N,D,20190704,000000,101.08,101.08,101.08,101.08,0,0
1621.N,D,20190705,000000,100.64,100.64,100.64,100.64,0,0
1621.N,D,20190708,000000,100.59,100.59,100.59,100.59,0,0
1621.N,D,20190709,000000,100,100,100,100,0,0
1621.N,D,20190710,000000,100.03,100.03,100.03,100.03,0,0
1621.N,D,20190711,000000,100.22,100.22,100.22,100.22,0,0
1621.N,D,20190712,000000,100.2,100.2,100.2,100.2,0,0
1621.N,D,20190715,000000,100.45,100.45,100.45,100.45,0,0
1621.N,D,20190716,000000,100.19,100.19,100.19,100.19,0,0
1621.N,D,20190717,000000,99.57,99.57,99.57,99.57,0,0
1621.N,D,20190718,000000,99.95,99.95,99.95,99.95,0,0
1621.N,D,20190719,000000,101.05,101.05,101.05,101.05,0,0
1621.N,D,20190722,000000,101.08,101.08,101.08,101.08,0,0
1621.N,D,20190723,000000,100.78,100.78,100.78,100.78,0,0
1621.N,D,20190724,000000,100.81,100.81,100.81,100.81,0,0
1621.N,D,20190725,000000,99.96,99.96,99.96,99.96,0,0
1621.N,D,20190726,000000,99.77,99.77,99.77,99.77,0,0
1621.N,D,20190729,000000,99.03,99.03,99.03,99.03,0,0
1621.N,D,20190730,000000,98.64,98.64,98.64,98.64,0,0
1621.N,D,20190731,000000,99.02,99.02,99.02,99.02,0,0
1621.N,D,20190801,000000,97.7,97.7,97.7,97.7,0,0
1621.N,D,20190802,000000,96.95,96.95,96.95,96.95,0,0
1621.N,D,20190805,000000,95.08,95.08,95.08,95.08,0,0
1621.N,D,20190806,000000,94.96,94.96,94.96,94.96,0,0
1621.N,D,20190807,000000,94.29,94.29,94.29,94.29,0,0
1621.N,D,20190808,000000,95.05,95.05,95.05,95.05,0,0
1621.N,D,20190809,000000,93.74,93.74,93.74,93.74,0,0
1621.N,D,20190812,000000,93.1,93.1,93.1,93.1,0,0
1621.N,D,20190813,000000,94.91,94.91,94.91,94.91,0,0
1621.N,D,20190814,000000,92.67,92.67,92.67,92.67,0,0
1621.N,D,20190816,000000,92.09,92.09,92.09,92.09,0,0
1621.N,D,20190819,000000,93.37,93.37,93.37,93.37,0,0
1621.N,D,20190820,000000,93.66,93.66,93.66,93.66,0,0
1621.N,D,20190821,000000,93.49,93.49,93.49,93.49,0,0
1621.N,D,20190822,000000,93.51,93.51,93.51,93.51,0,0
1621.N,D,20190823,000000,93.36,93.36,93.36,93.36,0,0
1621.N,D,20190826,000000,93.14,93.14,93.14,93.14,0,0
1621.N,D,20190827,000000,93.11,93.11,93.11,93.11,0,0
1621.N,D,20190828,000000,91.39,91.39,91.39,91.39,0,0
1621.N,D,20190829,000000,92.05,92.05,92.05,92.05,0,0
1621.N,D,20190830,000000,94.44,94.44,94.44,94.44,0,0
1621.N,D,20190902,000000,94.8,94.8,94.8,94.8,0,0
1621.N,D,20190903,000000,93.62,93.62,93.62,93.62,0,0
1621.N,D,20190904,000000,93.53,93.53,93.53,93.53,0,0
1621.N,D,20190905,000000,93.82,93.82,93.82,93.82,0,0
1621.N,D,20190906,000000,94.22,94.22,94.22,94.22,0,0
1621.N,D,20190909,000000,96.04,96.04,96.04,96.04,0,0
1621.N,D,20190910,000000,96.34,96.34,96.34,96.34,0,0
1621.N,D,20190911,000000,96.42,96.42,96.42,96.42,0,0
1621.N,D,20190912,000000,96.32,96.32,96.32,96.32,0,0
1621.N,D,20190913,000000,96.7,96.7,96.7,96.7,0,0
1621.N,D,20190916,000000,97.34,97.34,97.34,97.34,0,0
1621.N,D,20190917,000000,96.45,96.45,96.45,96.45,0,0
1621.N,D,20190919,000000,96.55,96.55,96.55,96.55,0,0
1621.N,D,20190920,000000,95.58,95.58,95.58,95.58,0,0
1621.N,D,20190923,000000,94.62,94.62,94.62,94.62,0,0
1621.N,D,20190924,000000,95.57,95.57,95.57,95.57,0,0
1621.N,D,20190925,000000,94.98,94.98,94.98,94.98,0,0
1621.N,D,20190926,000000,95.44,95.44,95.44,95.44,0,0
1621.N,D,20190927,000000,95.91,95.91,95.91,95.91,0,0
1621.N,D,20190930,000000,95.36,95.36,95.36,95.36,0,0
1621.N,D,20191001,000000,94.6,94.6,94.6,94.6,0,0
1621.N,D,20191002,000000,92.6,92.6,92.6,92.6,0,0
1621.N,D,20191003,000000,92.46,92.46,92.46,92.46,0,0
1621.N,D,20191004,000000,93.2,93.2,93.2,93.2,0,0
1621.N,D,20191007,000000,93.21,93.21,93.21,93.21,0,0
1621.N,D,20191008,000000,93.58,93.58,93.58,93.58,0,0
1621.N,D,20191009,000000,93.59,93.59,93.59,93.59,0,0
1621.N,D,20191010,000000,93.2,93.2,93.2,93.2,0,0
1621.N,D,20191011,000000,94.57,94.57,94.57,94.57,0,0
1621.N,D,20191014,000000,94.14,94.14,94.14,94.14,0,0
1621.N,D,20191015,000000,94.37,94.37,94.37,94.37,0,0
1621.N,D,20191016,000000,94.53,94.53,94.53,94.53,0,0
1621.N,D,20191017,000000,95.21,95.21,95.21,95.21,0,0
1621.N,D,20191018,000000,94.76,94.76,94.76,94.76,0,0
1621.N,D,20191021,000000,95.38,95.38,95.38,95.38,0,0
1621.N,D,20191022,000000,96.27,96.27,96.27,96.27,0,0
1621.N,D,20191023,000000,96.25,96.25,96.25,96.25,0,0
1621.N,D,20191024,000000,96.38,96.38,96.38,96.38,0,0
1621.N,D,20191025,000000,95.27,95.27,95.27,95.27,0,0
1621.N,D,20191028,000000,96.51,96.51,96.51,96.51,0,0
1621.N,D,20191029,000000,97.01,97.01,97.01,97.01,0,0
1621.N,D,20191030,000000,97.05,97.05,97.05,97.05,0,0
1621.N,D,20191031,000000,96.01,96.01,96.01,96.01,0,0
1621.N,D,20191104,000000,98.45,98.45,98.45,98.45,0,0
1621.N,D,20191105,000000,98.75,98.75,98.75,98.75,0,0
1621.N,D,20191106,000000,98.16,98.16,98.16,98.16,0,0
1621.N,D,20191107,000000,98.65,98.65,98.65,98.65,0,0
1621.N,D,20191108,000000,98.14,98.14,98.14,98.14,0,0
1621.N,D,20191112,000000,98.05,98.05,98.05,98.05,0,0
1621.N,D,20191113,000000,97.53,97.53,97.53,97.53,0,0
1621.N,D,20191114,000000,97.16,97.16,97.16,97.16,0,0
1621.N,D,20191115,000000,97.37,97.37,97.37,97.37,0,0
1621.N,D,20191118,000000,97.48,97.48,97.48,97.48,0,0
1621.N,D,20191119,000000,96.79,96.79,96.79,96.79,0,0
1621.N,D,20191120,000000,96.12,96.12,96.12,96.12,0,0
1621.N,D,20191121,000000,95.5,95.5,95.5,95.5,0,0
1621.N,D,20191122,000000,95.86,95.86,95.86,95.86,0,0
1621.N,D,20191125,000000,96.35,96.35,96.35,96.35,0,0
1621.N,D,20191126,000000,96.21,96.21,96.21,96.21,0,0
1621.N,D,20191127,000000,95.89,95.89,95.89,95.89,0,0
1621.N,D,20191128,000000,95.57,95.57,95.57,95.57,0,0
1621.N,D,20191129,000000,95.19,95.19,95.19,95.19,0,0
1621.N,D,20191202,000000,94.15,94.15,94.15,94.15,0,0
1621.N,D,20191203,000000,93.09,93.09,93.09,93.09,0,0
1621.N,D,20191204,000000,92.96,92.96,92.96,92.96,0,0
1621.N,D,20191205,000000,93.27,93.27,93.27,93.27,0,0
1621.N,D,20191206,000000,92.78,92.78,92.78,92.78,0,0
1621.N,D,20191209,000000,92.53,92.53,92.53,92.53,0,0
1621.N,D,20191210,000000,92.15,92.15,92.15,92.15,0,0
1621.N,D,20191211,000000,92,92,92,92,0,0
1621.N,D,20191212,000000,93.72,93.72,93.72,93.72,0,0
1621.N,D,20191213,000000,93.84,93.84,93.84,93.84,0,0
1621.N,D,20191216,000000,94.05,94.05,94.05,94.05,0,0
1621.N,D,20191217,000000,94.65,94.65,94.65,94.65,0,0
1621.N,D,20191218,000000,94.57,94.57,94.57,94.57,0,0
1621.N,D,20191219,000000,94.8,94.8,94.8,94.8,0,0
1621.N,D,20191220,000000,94.59,94.59,94.59,94.59,0,0
1621.N,D,20191223,000000,95.1,95.1,95.1,95.1,0,0
1621.N,D,20191227,000000,95.55,95.55,95.55,95.55,0,0
1621.N,D,20191230,000000,95.4,95.4,95.4,95.4,0,0
1621.N,D,20200102,000000,97.26,97.26,97.26,97.26,0,0
1621.N,D,20200103,000000,96.52,96.52,96.52,96.52,0,0
1621.N,D,20200107,000000,95.95,95.95,95.95,95.95,0,0
1621.N,D,20200108,000000,94.87,94.87,94.87,94.87,0,0
1621.N,D,20200109,000000,96.14,96.14,96.14,96.14,0,0
1621.N,D,20200110,000000,96.61,96.61,96.61,96.61,0,0
1621.N,D,20200113,000000,97.5,97.5,97.5,97.5,0,0
1621.N,D,20200114,000000,97.19,97.19,97.19,97.19,0,0
1621.N,D,20200115,000000,96.48,96.48,96.48,96.48,0,0
1621.N,D,20200116,000000,96.87,96.87,96.87,96.87,0,0
1621.N,D,20200117,000000,96.96,96.96,96.96,96.96,0,0
1621.N,D,20200120,000000,97.03,97.03,97.03,97.03,0,0
1621.N,D,20200121,000000,96.27,96.27,96.27,96.27,0,0
1621.N,D,20200122,000000,95.94,95.94,95.94,95.94,0,0
1621.N,D,20200123,000000,95.98,95.98,95.98,95.98,0,0
1621.N,D,20200124,000000,96.27,96.27,96.27,96.27,0,0
1621.N,D,20200127,000000,93.87,93.87,93.87,93.87,0,0
1621.N,D,20200128,000000,94.26,94.26,94.26,94.26,0,0
1621.N,D,20200129,000000,94.28,94.28,94.28,94.28,0,0
1621.N,D,20200130,000000,93.63,93.63,93.63,93.63,0,0
1621.N,D,20200131,000000,93.23,93.23,93.23,93.23,0,0
1621.N,D,20200203,000000,93.37,93.37,93.37,93.37,0,0
1621.N,D,20200204,000000,94.67,94.67,94.67,94.67,0,0
1621.N,D,20200205,000000,95.46,95.46,95.46,95.46,0,0
1621.N,D,20200206,000000,95.06,95.06,95.06,95.06,0,0
1621.N,D,20200207,000000,94.94,94.94,94.94,94.94,0,0
1621.N,D,20200210,000000,94.37,94.37,94.37,94.37,0,0
1621.N,D,20200211,000000,94.94,94.94,94.94,94.94,0,0
1621.N,D,20200212,000000,95.5,95.5,95.5,95.5,0,0
1621.N,D,20200213,000000,95.17,95.17,95.17,95.17,0,0
1621.N,D,20200214,000000,95.01,95.01,95.01,95.01,0,0
1621.N,D,20200217,000000,95.25,95.25,95.25,95.25,0,0
1621.N,D,20200218,000000,94.91,94.91,94.91,94.91,0,0
1621.N,D,20200219,000000,95,95,95,95,0,0
1621.N,D,20200220,000000,94.54,94.54,94.54,94.54,0,0
1621.N,D,20200221,000000,94.14,94.14,94.14,94.14,0,0
1621.N,D,20200224,000000,90.68,90.68,90.68,90.68,0,0
1621.N,D,20200225,000000,88.56,88.56,88.56,88.56,0,0
1621.N,D,20200226,000000,88.06,88.06,88.06,88.06,0,0
1621.N,D,20200227,000000,84.87,84.87,84.87,84.87,0,0
1621.N,D,20200228,000000,81.78,81.78,81.78,81.78,0,0
1621.N,D,20200302,000000,83.18,83.18,83.18,83.18,0,0
1621.N,D,20200303,000000,86.37,86.37,86.37,86.37,0,0
1621.N,D,20200304,000000,85.33,85.33,85.33,85.33,0,0
1621.N,D,20200305,000000,83.99,83.99,83.99,83.99,0,0
1621.N,D,20200306,000000,81.76,81.76,81.76,81.76,0,0
1621.N,D,20200309,000000,76.26,76.26,76.26,76.26,0,0
1621.N,D,20200310,000000,75.21,75.21,75.21,75.21,0,0
1621.N,D,20200311,000000,71.43,71.43,71.43,71.43,0,0
1621.N,D,20200312,000000,62.98,62.98,62.98,62.98,0,0
1621.N,D,20200313,000000,65.33,65.33,65.33,65.33,0,0
1621.N,D,20200316,000000,64.01,64.01,64.01,64.01,0,0
1621.N,D,20200317,000000,67.44,67.44,67.44,67.44,0,0
1621.N,D,20200318,000000,66.35,66.35,66.35,66.35,0,0
1621.N,D,20200319,000000,69.08,69.08,69.08,69.08,0,0
1621.N,D,20200320,000000,69.26,69.26,69.26,69.26,0,0
1621.N,D,20200323,000000,66.11,66.11,66.11,66.11,0,0
1621.N,D,20200324,000000,67.82,67.82,67.82,67.82,0,0
1621.N,D,20200325,000000,67.59,67.59,67.59,67.59,0,0
1621.N,D,20200326,000000,69.38,69.38,69.38,69.38,0,0
1621.N,D,20200327,000000,68.82,68.82,68.82,68.82,0,0
1621.N,D,20200330,000000,68.73,68.73,68.73,68.73,0,0
1621.N,D,20200331,000000,69.97,69.97,69.97,69.97,0,0
1621.N,D,20200401,000000,69.01,69.01,69.01,69.01,0,0
1621.N,D,20200402,000000,69.3,69.3,69.3,69.3,0,0
1621.N,D,20200403,000000,69.79,69.79,69.79,69.79,0,0
1621.N,D,20200406,000000,72.89,72.89,72.89,72.89,0,0
1621.N,D,20200407,000000,73.9,73.9,73.9,73.9,0,0
1621.N,D,20200408,000000,73.02,73.02,73.02,73.02,0,0
1621.N,D,20200409,000000,74.47,74.47,74.47,74.47,0,0
1621.N,D,20200414,000000,76.83,76.83,76.83,76.83,0,0
1621.N,D,20200415,000000,74.47,74.47,74.47,74.47,0,0
1621.N,D,20200416,000000,74.36,74.36,74.36,74.36,0,0
1621.N,D,20200417,000000,75.41,75.41,75.41,75.41,0,0
1621.N,D,20200420,000000,75.78,75.78,75.78,75.78,0,0
1621.N,D,20200421,000000,73.25,73.25,73.25,73.25,0,0
1621.N,D,20200422,000000,74.5,74.5,74.5,74.5,0,0
1621.N,D,20200423,000000,75.53,75.53,75.53,75.53,0,0
1621.N,D,20200424,000000,74.57,74.57,74.57,74.57,0,0
1621.N,D,20200427,000000,74.18,74.18,74.18,74.18,0,0
1621.N,D,20200428,000000,74.23,74.23,74.23,74.23,0,0
1621.N,D,20200429,000000,76.46,76.46,76.46,76.46,0,0
1621.N,D,20200430,000000,76.44,76.44,76.44,76.44,0,0
1621.N,D,20200504,000000,74.66,74.66,74.66,74.66,0,0
1621.N,D,20200505,000000,74.63,74.63,74.63,74.63,0,0
1621.N,D,20200506,000000,73.48,73.48,73.48,73.48,0,0
1621.N,D,20200507,000000,74.19,74.19,74.19,74.19,0,0
1621.N,D,20200508,000000,74.89,74.89,74.89,74.89,0,0
1621.N,D,20200511,000000,74.2,74.2,74.2,74.2,0,0
1621.N,D,20200512,000000,75.54,75.54,75.54,75.54,0,0
1621.N,D,20200513,000000,75.16,75.16,75.16,75.16,0,0
1621.N,D,20200514,000000,73.67,73.67,73.67,73.67,0,0
1621.N,D,20200515,000000,73.45,73.45,73.45,73.45,0,0
1621.N,D,20200518,000000,75.84,75.84,75.84,75.84,0,0
1621.N,D,20200519,000000,75.92,75.92,75.92,75.92,0,0
1621.N,D,20200520,000000,76.43,76.43,76.43,76.43,0,0
1621.N,D,20200521,000000,76.02,76.02,76.02,76.02,0,0
1621.N,D,20200522,000000,75.77,75.77,75.77,75.77,0,0
1621.N,D,20200525,000000,76.48,76.48,76.48,76.48,0,0
1621.N,D,20200526,000000,78.88,78.88,78.88,78.88,0,0
1621.N,D,20200527,000000,78.85,78.85,78.85,78.85,0,0
1621.N,D,20200528,000000,79.23,79.23,79.23,79.23,0,0
1621.N,D,20200529,000000,79.19,79.19,79.19,79.19,0,0
1621.N,D,20200601,000000,79.89,79.89,79.89,79.89,0,0
1621.N,D,20200602,000000,80.17,80.17,80.17,80.17,0,0
1621.N,D,20200603,000000,81.46,81.46,81.46,81.46,0,0
1621.N,D,20200604,000000,82.19,82.19,82.19,82.19,0,0
1621.N,D,20200605,000000,84.22,84.22,84.22,84.22,0,0
1621.N,D,20200608,000000,84.13,84.13,84.13,84.13,0,0
1621.N,D,20200609,000000,83.88,83.88,83.88,83.88,0,0
1621.N,D,20200610,000000,84.15,84.15,84.15,84.15,0,0
1621.N,D,20200612,000000,82.1,82.1,82.1,82.1,0,0
1621.N,D,20200615,000000,80.2,80.2,80.2,80.2,0,0
1621.N,D,20200616,000000,82.31,82.31,82.31,82.31,0,0
1621.N,D,20200617,000000,82.15,82.15,82.15,82.15,0,0
1621.N,D,20200618,000000,82.32,82.32,82.32,82.32,0,0
1621.N,D,20200619,000000,82.62,82.62,82.62,82.62,0,0
1621.N,D,20200622,000000,82.39,82.39,82.39,82.39,0,0
1621.N,D,20200623,000000,83.67,83.67,83.67,83.67,0,0
1621.N,D,20200624,000000,82.14,82.14,82.14,82.14,0,0
1621.N,D,20200625,000000,82.47,82.47,82.47,82.47,0,0
1621.N,D,20200626,000000,81.02,81.02,81.02,81.02,0,0
1621.N,D,20200629,000000,81.45,81.45,81.45,81.45,0,0
1621.N,D,20200630,000000,80.86,80.86,80.86,80.86,0,0
1621.N,D,20200701,000000,81.66,81.66,81.66,81.66,0,0
1621.N,D,20200702,000000,82.89,82.89,82.89,82.89,0,0
1621.N,D,20200703,000000,82.87,82.87,82.87,82.87,0,0
1621.N,D,20200706,000000,83.61,83.61,83.61,83.61,0,0
1621.N,D,20200707,000000,82.78,82.78,82.78,82.78,0,0
1621.N,D,20200708,000000,82.35,82.35,82.35,82.35,0,0
1621.N,D,20200709,000000,82.52,82.52,82.52,82.52,0,0
1621.N,D,20200710,000000,82.69,82.69,82.69,82.69,0,0
1621.N,D,20200713,000000,82.98,82.98,82.98,82.98,0,0
1621.N,D,20200714,000000,81.84,81.84,81.84,81.84,0,0
1621.N,D,20200715,000000,82.73,82.73,82.73,82.73,0,0
1621.N,D,20200716,000000,82.92,82.92,82.92,82.92,0,0
1621.N,D,20200717,000000,82.77,82.77,82.77,82.77,0,0
1621.N,D,20200720,000000,84.5,84.5,84.5,84.5,0,0
1621.N,D,20200721,000000,84.92,84.92,84.92,84.92,0,0
1621.N,D,20200722,000000,84.25,84.25,84.25,84.25,0,0
1621.N,D,20200723,000000,83.79,83.79,83.79,83.79,0,0
1621.N,D,20200724,000000,83.47,83.47,83.47,83.47,0,0
1621.N,D,20200727,000000,84.22,84.22,84.22,84.22,0,0
1621.N,D,20200728,000000,84.04,84.04,84.04,84.04,0,0
1621.N,D,20200729,000000,84.06,84.06,84.06,84.06,0,0
1621.N,D,20200730,000000,81.31,81.31,81.31,81.31,0,0
1621.N,D,20200731,000000,81.67,81.67,81.67,81.67,0,0
1621.N,D,20200803,000000,83.15,83.15,83.15,83.15,0,0
1621.N,D,20200804,000000,83.4,83.4,83.4,83.4,0,0
1621.N,D,20200805,000000,84.26,84.26,84.26,84.26,0,0
1621.N,D,20200806,000000,83.62,83.62,83.62,83.62,0,0
1621.N,D,20200807,000000,83.56,83.56,83.56,83.56,0,0
1621.N,D,20200810,000000,83.79,83.79,83.79,83.79,0,0
1621.N,D,20200811,000000,84.68,84.68,84.68,84.68,0,0
1621.N,D,20200812,000000,84.86,84.86,84.86,84.86,0,0
1621.N,D,20200813,000000,85.13,85.13,85.13,85.13,0,0
1621.N,D,20200814,000000,85.01,85.01,85.01,85.01,0,0
1621.N,D,20200817,000000,85.38,85.38,85.38,85.38,0,0
1621.N,D,20200818,000000,84.72,84.72,84.72,84.72,0,0
1621.N,D,20200819,000000,84.38,84.38,84.38,84.38,0,0
1621.N,D,20200820,000000,83.71,83.71,83.71,83.71,0,0
1621.N,D,20200821,000000,83.85,83.85,83.85,83.85,0,0
1621.N,D,20200824,000000,84.63,84.63,84.63,84.63,0,0
1621.N,D,20200825,000000,83.9,83.9,83.9,83.9,0,0
1621.N,D,20200826,000000,84.82,84.82,84.82,84.82,0,0
1621.N,D,20200827,000000,84.82,84.82,84.82,84.82,0,0
1621.N,D,20200828,000000,84.34,84.34,84.34,84.34,0,0
1621.N,D,20200831,000000,83.35,83.35,83.35,83.35,0,0
1621.N,D,20200901,000000,82.33,82.33,82.33,82.33,0,0
1621.N,D,20200902,000000,82.91,82.91,82.91,82.91,0,0
1621.N,D,20200903,000000,82.22,82.22,82.22,82.22,0,0
1621.N,D,20200904,000000,81.66,81.66,81.66,81.66,0,0
1621.N,D,20200907,000000,82.24,82.24,82.24,82.24,0,0
1621.N,D,20200908,000000,80.49,80.49,80.49,80.49,0,0
1621.N,D,20200909,000000,82.2,82.2,82.2,82.2,0,0
1621.N,D,20200910,000000,81.83,81.83,81.83,81.83,0,0
1621.N,D,20200911,000000,82.1,82.1,82.1,82.1,0,0
1621.N,D,20200914,000000,81.63,81.63,81.63,81.63,0,0
1621.N,D,20200915,000000,80.98,80.98,80.98,80.98,0,0
1621.N,D,20200916,000000,80.73,80.73,80.73,80.73,0,0
1621.N,D,20200917,000000,80.98,80.98,80.98,80.98,0,0
1621.N,D,20200918,000000,80.58,80.58,80.58,80.58,0,0
1621.N,D,20200921,000000,78.51,78.51,78.51,78.51,0,0
1621.N,D,20200922,000000,78.94,78.94,78.94,78.94,0,0
1621.N,D,20200923,000000,78.63,78.63,78.63,78.63,0,0
1621.N,D,20200924,000000,77.95,77.95,77.95,77.95,0,0
1621.N,D,20200925,000000,78.39,78.39,78.39,78.39,0,0
1621.N,D,20200928,000000,80.88,80.88,80.88,80.88,0,0
1621.N,D,20200929,000000,80.24,80.24,80.24,80.24,0,0
1621.N,D,20200930,000000,80.07,80.07,80.07,80.07,0,0
1621.N,D,20201001,000000,79.42,79.42,79.42,79.42,0,0
1621.N,D,20201002,000000,79.54,79.54,79.54,79.54,0,0
1621.N,D,20201005,000000,81.01,81.01,81.01,81.01,0,0
1621.N,D,20201006,000000,81.09,81.09,81.09,81.09,0,0
1621.N,D,20201007,000000,81.24,81.24,81.24,81.24,0,0
1621.N,D,20201008,000000,80.53,80.53,80.53,80.53,0,0
1621.N,D,20201009,000000,79.68,79.68,79.68,79.68,0,0
1621.N,D,20201012,000000,79.2,79.2,79.2,79.2,0,0
1621.N,D,20201013,000000,78.5,78.5,78.5,78.5,0,0
1621.N,D,20201014,000000,78.57,78.57,78.57,78.57,0,0
1621.N,D,20201015,000000,76.89,76.89,76.89,76.89,0,0
1621.N,D,20201016,000000,78.03,78.03,78.03,78.03,0,0
1621.N,D,20201019,000000,77.8,77.8,77.8,77.8,0,0
1621.N,D,20201020,000000,78.22,78.22,78.22,78.22,0,0
1621.N,D,20201021,000000,77.51,77.51,77.51,77.51,0,0
1621.N,D,20201022,000000,77.51,77.51,77.51,77.51,0,0
1621.N,D,20201023,000000,77.42,77.42,77.42,77.42,0,0
1621.N,D,20201026,000000,76.77,76.77,76.77,76.77,0,0
1621.N,D,20201027,000000,76.47,76.47,76.47,76.47,0,0
1621.N,D,20201028,000000,73.19,73.19,73.19,73.19,0,0
1621.N,D,20201029,000000,72.97,72.97,72.97,72.97,0,0
1621.N,D,20201030,000000,71.8,71.8,71.8,71.8,0,0
1621.N,D,20201102,000000,73.34,73.34,73.34,73.34,0,0
1621.N,D,20201103,000000,76.45,76.45,76.45,76.45,0,0
1621.N,D,20201104,000000,76.67,76.67,76.67,76.67,0,0
1621.N,D,20201105,000000,78.15,78.15,78.15,78.15,0,0
1621.N,D,20201106,000000,79.14,79.14,79.14,79.14,0,0
1621.N,D,20201109,000000,81.87,81.87,81.87,81.87,0,0
1621.N,D,20201110,000000,82.53,82.53,82.53,82.53,0,0
1621.N,D,20201112,000000,82.34,82.34,82.34,82.34,0,0
1621.N,D,20201113,000000,81.39,81.39,81.39,81.39,0,0
1621.N,D,20201116,000000,83.32,83.32,83.32,83.32,0,0
1621.N,D,20201117,000000,83.08,83.08,83.08,83.08,0,0
1621.N,D,20201118,000000,83.77,83.77,83.77,83.77,0,0
1621.N,D,20201119,000000,82.85,82.85,82.85,82.85,0,0
1621.N,D,20201120,000000,83.92,83.92,83.92,83.92,0,0
1621.N,D,20201123,000000,84.46,84.46,84.46,84.46,0,0
1621.N,D,20201124,000000,85.32,85.32,85.32,85.32,0,0
1621.N,D,20201125,000000,85.52,85.52,85.52,85.52,0,0
1621.N,D,20201126,000000,85.18,85.18,85.18,85.18,0,0
1621.N,D,20201127,000000,85.34,85.34,85.34,85.34,0,0
1621.N,D,20201130,000000,84.44,84.44,84.44,84.44,0,0
1621.N,D,20201201,000000,84.9,84.9,84.9,84.9,0,0
1621.N,D,20201202,000000,86.51,86.51,86.51,86.51,0,0
1621.N,D,20201203,000000,86.47,86.47,86.47,86.47,0,0
1621.N,D,20201204,000000,88.59,88.59,88.59,88.59,0,0
1621.N,D,20201207,000000,88.92,88.92,88.92,88.92,0,0
1621.N,D,20201208,000000,89.51,89.51,89.51,89.51,0,0
1621.N,D,20201209,000000,90.4,90.4,90.4,90.4,0,0
1621.N,D,20201210,000000,89.73,89.73,89.73,89.73,0,0
1621.N,D,20201211,000000,88.51,88.51,88.51,88.51,0,0
1621.N,D,20201214,000000,87.94,87.94,87.94,87.94,0,0
1621.N,D,20201215,000000,88.64,88.64,88.64,88.64,0,0
1621.N,D,20201216,000000,90,90,90,90,0,0
1621.N,D,20201217,000000,89.52,89.52,89.52,89.52,0,0
1621.N,D,20201218,000000,88.56,88.56,88.56,88.56,0,0
1621.N,D,20201221,000000,86.37,86.37,86.37,86.37,0,0
1621.N,D,20201222,000000,87.8,87.8,87.8,87.8,0,0
1621.N,D,20201223,000000,88.95,88.95,88.95,88.95,0,0
1621.N,D,20201228,000000,90.94,90.94,90.94,90.94,0,0
1621.N,D,20201229,000000,91.6,91.6,91.6,91.6,0,0
1621.N,D,20201230,000000,90.46,90.46,90.46,90.46,0,0
1621.N,D,20210104,000000,91.72,91.72,91.72,91.72,0,0
1621.N,D,20210105,000000,91.72,91.72,91.72,91.72,0,0
1621.N,D,20210107,000000,94.14,94.14,94.14,94.14,0,0
1621.N,D,20210108,000000,94.34,94.34,94.34,94.34,0,0
1621.N,D,20210111,000000,94.26,94.26,94.26,94.26,0,0
1621.N,D,20210112,000000,93.33,93.33,93.33,93.33,0,0
1621.N,D,20210113,000000,92.38,92.38,92.38,92.38,0,0
1621.N,D,20210114,000000,93,93,93,93,0,0
1621.N,D,20210115,000000,91.3,91.3,91.3,91.3,0,0
1621.N,D,20210118,000000,92.74,92.74,92.74,92.74,0,0
1621.N,D,20210119,000000,91.42,91.42,91.42,91.42,0,0
1621.N,D,20210120,000000,91.51,91.51,91.51,91.51,0,0
1621.N,D,20210121,000000,90.17,90.17,90.17,90.17,0,0
1621.N,D,20210122,000000,90.29,90.29,90.29,90.29,0,0
1621.N,D,20210125,000000,89.84,89.84,89.84,89.84,0,0
1621.N,D,20210126,000000,91.09,91.09,91.09,91.09,0,0
1621.N,D,20210127,000000,89.12,89.12,89.12,89.12,0,0
1621.N,D,20210128,000000,91.17,91.17,91.17,91.17,0,0
1621.N,D,20210129,000000,89.88,89.88,89.88,89.88,0,0
1621.N,D,20210201,000000,90.62,90.62,90.62,90.62,0,0
1621.N,D,20210202,000000,90.26,90.26,90.26,90.26,0,0
1621.N,D,20210203,000000,89.75,89.75,89.75,89.75,0,0
1621.N,D,20210204,000000,89.31,89.31,89.31,89.31,0,0
1621.N,D,20210205,000000,90.43,90.43,90.43,90.43,0,0
1621.N,D,20210208,000000,90.3,90.3,90.3,90.3,0,0
1621.N,D,20210209,000000,89.98,89.98,89.98,89.98,0,0
1621.N,D,20210210,000000,89.16,89.16,89.16,89.16,0,0
1621.N,D,20210211,000000,90.69,90.69,90.69,90.69,0,0
1621.N,D,20210212,000000,90.08,90.08,90.08,90.08,0,0
1621.N,D,20210215,000000,91.53,91.53,91.53,91.53,0,0
1621.N,D,20210216,000000,93.1,93.1,93.1,93.1,0,0
1621.N,D,20210217,000000,92.5,92.5,92.5,92.5,0,0
1621.N,D,20210218,000000,92.04,92.04,92.04,92.04,0,0
1621.N,D,20210219,000000,92.09,92.09,92.09,92.09,0,0
1621.N,D,20210222,000000,91.22,91.22,91.22,91.22,0,0
1621.N,D,20210223,000000,89.57,89.57,89.57,89.57,0,0
1621.N,D,20210224,000000,90.37,90.37,90.37,90.37,0,0
1621.N,D,20210225,000000,90.49,90.49,90.49,90.49,0,0
1621.N,D,20210226,000000,89.42,89.42,89.42,89.42,0,0
1621.N,D,20210301,000000,90.92,90.92,90.92,90.92,0,0
1621.N,D,20210302,000000,91.36,91.36,91.36,91.36,0,0
1621.N,D,20210303,000000,90.8,90.8,90.8,90.8,0,0
1621.N,D,20210304,000000,90.81,90.81,90.81,90.81,0,0
1621.N,D,20210305,000000,90.41,90.41,90.41,90.41,0,0
1621.N,D,20210308,000000,91.41,91.41,91.41,91.41,0,0
1621.N,D,20210309,000000,92.45,92.45,92.45,92.45,0,0
1621.N,D,20210310,000000,92.99,92.99,92.99,92.99,0,0
1621.N,D,20210311,000000,92.52,92.52,92.52,92.52,0,0
1621.N,D,20210312,000000,93.09,93.09,93.09,93.09,0,0
1621.N,D,20210315,000000,93.11,93.11,93.11,93.11,0,0
1621.N,D,20210316,000000,92.44,92.44,92.44,92.44,0,0
1621.N,D,20210317,000000,90.72,90.72,90.72,90.72,0,0
1621.N,D,20210318,000000,91.36,91.36,91.36,91.36,0,0
1621.N,D,20210319,000000,90,90,90,90,0,0
1621.N,D,20210322,000000,90.21,90.21,90.21,90.21,0,0
1621.N,D,20210323,000000,90.1,90.1,90.1,90.1,0,0
1621.N,D,20210324,000000,89.17,89.17,89.17,89.17,0,0
1621.N,D,20210325,000000,88.26,88.26,88.26,88.26,0,0
1621.N,D,20210326,000000,89.85,89.85,89.85,89.85,0,0
1621.N,D,20210329,000000,91.2,91.2,91.2,91.2,0,0
1621.N,D,20210330,000000,90.88,90.88,90.88,90.88,0,0
1621.N,D,20210331,000000,90.65,90.65,90.65,90.65,0,0
1621.N,D,20210401,000000,91.24,91.24,91.24,91.24,0,0
1621.N,D,20210406,000000,93.5,93.5,93.5,93.5,0,0
1621.N,D,20210407,000000,92.94,92.94,92.94,92.94,0,0
1621.N,D,20210408,000000,92.43,92.43,92.43,92.43,0,0
1621.N,D,20210409,000000,92.31,92.31,92.31,92.31,0,0
1621.N,D,20210412,000000,92.63,92.63,92.63,92.63,0,0
1621.N,D,20210413,000000,92.27,92.27,92.27,92.27,0,0
1621.N,D,20210414,000000,93.52,93.52,93.52,93.52,0,0
1621.N,D,20210415,000000,93.74,93.74,93.74,93.74,0,0
1621.N,D,20210416,000000,93.52,93.52,93.52,93.52,0,0
1621.N,D,20210419,000000,92.98,92.98,92.98,92.98,0,0
1621.N,D,20210420,000000,92.46,92.46,92.46,92.46,0,0
1621.N,D,20210421,000000,92.06,92.06,92.06,92.06,0,0
1621.N,D,20210422,000000,92.43,92.43,92.43,92.43,0,0
1621.N,D,20210423,000000,92.38,92.38,92.38,92.38,0,0
1621.N,D,20210426,000000,92.96,92.96,92.96,92.96,0,0
1621.N,D,20210427,000000,92.8,92.8,92.8,92.8,0,0
1621.N,D,20210428,000000,94.02,94.02,94.02,94.02,0,0
1621.N,D,20210429,000000,94.91,94.91,94.91,94.91,0,0
1621.N,D,20210430,000000,94.47,94.47,94.47,94.47,0,0
1621.N,D,20210504,000000,93.17,93.17,93.17,93.17,0,0
1621.N,D,20210505,000000,94.68,94.68,94.68,94.68,0,0
1621.N,D,20210506,000000,94.64,94.64,94.64,94.64,0,0
1621.N,D,20210507,000000,96.48,96.48,96.48,96.48,0,0
1621.N,D,20210510,000000,97.36,97.36,97.36,97.36,0,0
1621.N,D,20210511,000000,97.11,97.11,97.11,97.11,0,0
1621.N,D,20210512,000000,96.57,96.57,96.57,96.57,0,0
1621.N,D,20210513,000000,96.24,96.24,96.24,96.24,0,0
1621.N,D,20210514,000000,96.54,96.54,96.54,96.54,0,0
1621.N,D,20210517,000000,97.85,97.85,97.85,97.85,0,0
1621.N,D,20210518,000000,98.15,98.15,98.15,98.15,0,0
1621.N,D,20210519,000000,97.38,97.38,97.38,97.38,0,0
1621.N,D,20210520,000000,98.04,98.04,98.04,98.04,0,0
1621.N,D,20210521,000000,98.59,98.59,98.59,98.59,0,0
1621.N,D,20210524,000000,98.58,98.58,98.58,98.58,0,0
1621.N,D,20210525,000000,99.31,99.31,99.31,99.31,0,0
1621.N,D,20210526,000000,99.88,99.88,99.88,99.88,0,0
1621.N,D,20210527,000000,101.37,101.37,101.37,101.37,0,0
1621.N,D,20210528,000000,102.56,102.56,102.56,102.56,0,0
1621.N,D,20210531,000000,102.69,102.69,102.69,102.69,0,0
1621.N,D,20210601,000000,102.64,102.64,102.64,102.64,0,0
1621.N,D,20210602,000000,103.33,103.33,103.33,103.33,0,0
1621.N,D,20210604,000000,103.47,103.47,103.47,103.47,0,0
1621.N,D,20210607,000000,103.24,103.24,103.24,103.24,0,0
1621.N,D,20210608,000000,102.79,102.79,102.79,102.79,0,0
1621.N,D,20210609,000000,102.18,102.18,102.18,102.18,0,0
1621.N,D,20210610,000000,102.8,102.8,102.8,102.8,0,0
1621.N,D,20210611,000000,102.36,102.36,102.36,102.36,0,0
1621.N,D,20210614,000000,103.44,103.44,103.44,103.44,0,0
1621.N,D,20210615,000000,102.55,102.55,102.55,102.55,0,0
1621.N,D,20210616,000000,102.33,102.33,102.33,102.33,0,0
1621.N,D,20210617,000000,101.82,101.82,101.82,101.82,0,0
1621.N,D,20210618,000000,102.06,102.06,102.06,102.06,0,0
1621.N,D,20210621,000000,102.05,102.05,102.05,102.05,0,0
1621.N,D,20210622,000000,102.32,102.32,102.32,102.32,0,0
1621.N,D,20210623,000000,103.1,103.1,103.1,103.1,0,0
1621.N,D,20210624,000000,104.56,104.56,104.56,104.56,0,0
1621.N,D,20210625,000000,104.86,104.86,104.86,104.86,0,0
1621.N,D,20210628,000000,104.93,104.93,104.93,104.93,0,0
1621.N,D,20210629,000000,103.81,103.81,103.81,103.81,0,0
1621.N,D,20210630,000000,102.07,102.07,102.07,102.07,0,0
1621.N,D,20210701,000000,103.19,103.19,103.19,103.19,0,0
1621.N,D,20210702,000000,103.4,103.4,103.4,103.4,0,0
1621.N,D,20210705,000000,103.85,103.85,103.85,103.85,0,0
1621.N,D,20210706,000000,102.79,102.79,102.79,102.79,0,0
1621.N,D,20210707,000000,104.76,104.76,104.76,104.76,0,0
1621.N,D,20210708,000000,102.78,102.78,102.78,102.78,0,0
1621.N,D,20210709,000000,103.57,103.57,103.57,103.57,0,0
1621.N,D,20210712,000000,103.65,103.65,103.65,103.65,0,0
1621.N,D,20210713,000000,104,104,104,104,0,0
1621.N,D,20210714,000000,104.28,104.28,104.28,104.28,0,0
1621.N,D,20210715,000000,103.79,103.79,103.79,103.79,0,0
1621.N,D,20210716,000000,103.84,103.84,103.84,103.84,0,0
1621.N,D,20210719,000000,101.65,101.65,101.65,101.65,0,0
1621.N,D,20210720,000000,102.22,102.22,102.22,102.22,0,0
1621.N,D,20210721,000000,103.61,103.61,103.61,103.61,0,0
1621.N,D,20210722,000000,103.2,103.2,103.2,103.2,0,0
1621.N,D,20210723,000000,103.66,103.66,103.66,103.66,0,0
1621.N,D,20210726,000000,103.67,103.67,103.67,103.67,0,0
1621.N,D,20210727,000000,102.85,102.85,102.85,102.85,0,0
1621.N,D,20210728,000000,103.84,103.84,103.84,103.84,0,0
1621.N,D,20210729,000000,104.56,104.56,104.56,104.56,0,0
1621.N,D,20210730,000000,104.24,104.24,104.24,104.24,0,0
1621.N,D,20210802,000000,104.44,104.44,104.44,104.44,0,0
1621.N,D,20210803,000000,104.42,104.42,104.42,104.42,0,0
1621.N,D,20210804,000000,104.96,104.96,104.96,104.96,0,0
1621.N,D,20210805,000000,105.04,105.04,105.04,105.04,0,0
1621.N,D,20210806,000000,105.22,105.22,105.22,105.22,0,0
1621.N,D,20210809,000000,105.36,105.36,105.36,105.36,0,0
1621.N,D,20210810,000000,105.58,105.58,105.58,105.58,0,0
1621.N,D,20210811,000000,105.85,105.85,105.85,105.85,0,0
1621.N,D,20210812,000000,106.27,106.27,106.27,106.27,0,0
1621.N,D,20210813,000000,106.46,106.46,106.46,106.46,0,0
1621.N,D,20210816,000000,105.77,105.77,105.77,105.77,0,0
1621.N,D,20210817,000000,106.32,106.32,106.32,106.32,0,0
1621.N,D,20210818,000000,105.77,105.77,105.77,105.77,0,0
1621.N,D,20210819,000000,104.67,104.67,104.67,104.67,0,0
1621.N,D,20210820,000000,104.55,104.55,104.55,104.55,0,0
1621.N,D,20210823,000000,105.77,105.77,105.77,105.77,0,0
1621.N,D,20210824,000000,106.25,106.25,106.25,106.25,0,0
1621.N,D,20210825,000000,107.23,107.23,107.23,107.23,0,0
1621.N,D,20210826,000000,106.81,106.81,106.81,106.81,0,0
1621.N,D,20210827,000000,107.33,107.33,107.33,107.33,0,0
1621.N,D,20210830,000000,108.5,108.5,108.5,108.5,0,0
1621.N,D,20210831,000000,109.18,109.18,109.18,109.18,0,0
1621.N,D,20210901,000000,109.3,109.3,109.3,109.3,0,0
1621.N,D,20210902,000000,109.99,109.99,109.99,109.99,0,0
1621.N,D,20210903,000000,109.57,109.57,109.57,109.57,0,0
1621.N,D,20210906,000000,111.21,111.21,111.21,111.21,0,0
1621.N,D,20210907,000000,110.59,110.59,110.59,110.59,0,0
1621.N,D,20210908,000000,109.19,109.19,109.19,109.19,0,0
1621.N,D,20210909,000000,109.27,109.27,109.27,109.27,0,0
1621.N,D,20210910,000000,109.38,109.38,109.38,109.38,0,0
1621.N,D,20210913,000000,110.54,110.54,110.54,110.54,0,0
1621.N,D,20210914,000000,110.89,110.89,110.89,110.89,0,0
1621.N,D,20210915,000000,110.45,110.45,110.45,110.45,0,0
1621.N,D,20210916,000000,110.48,110.48,110.48,110.48,0,0
1621.N,D,20210917,000000,109.57,109.57,109.57,109.57,0,0
1621.N,D,20210920,000000,106.5,106.5,106.5,106.5,0,0
1621.N,D,20210921,000000,106.88,106.88,106.88,106.88,0,0
1621.N,D,20210922,000000,109.31,109.31,109.31,109.31,0,0
1621.N,D,20210923,000000,108.87,108.87,108.87,108.87,0,0
1621.N,D,20210924,000000,108.04,108.04,108.04,108.04,0,0
1621.N,D,20210927,000000,107.76,107.76,107.76,107.76,0,0
1621.N,D,20210928,000000,106.77,106.77,106.77,106.77,0,0
1621.N,D,20210929,000000,107.51,107.51,107.51,107.51,0,0
1621.N,D,20210930,000000,108.23,108.23,108.23,108.23,0,0
1621.N,D,20211001,000000,108.92,108.92,108.92,108.92,0,0
1621.N,D,20211004,000000,109.77,109.77,109.77,109.77,0,0
1621.N,D,20211005,000000,110.85,110.85,110.85,110.85,0,0
1621.N,D,20211006,000000,110.85,110.85,110.85,110.85,0,0
1621.N,D,20211007,000000,111.37,111.37,111.37,111.37,0,0
1621.N,D,20211008,000000,113.38,113.38,113.38,113.38,0,0
1621.N,D,20211011,000000,115.2,115.2,115.2,115.2,0,0
1621.N,D,20211012,000000,115.65,115.65,115.65,115.65,0,0
1621.N,D,20211013,000000,114.96,114.96,114.96,114.96,0,0
1621.N,D,20211014,000000,115.38,115.38,115.38,115.38,0,0
1621.N,D,20211015,000000,115.28,115.28,115.28,115.28,0,0
1621.N,D,20211018,000000,115.7,115.7,115.7,115.7,0,0
1621.N,D,20211019,000000,115.16,115.16,115.16,115.16,0,0
1621.N,D,20211020,000000,115.04,115.04,115.04,115.04,0,0
1621.N,D,20211021,000000,114.38,114.38,114.38,114.38,0,0
1621.N,D,20211022,000000,114.09,114.09,114.09,114.09,0,0
1621.N,D,20211025,000000,114.43,114.43,114.43,114.43,0,0
1621.N,D,20211026,000000,114.67,114.67,114.67,114.67,0,0
1621.N,D,20211027,000000,113.76,113.76,113.76,113.76,0,0
1621.N,D,20211028,000000,113.56,113.56,113.56,113.56,0,0
1621.N,D,20211029,000000,114.21,114.21,114.21,114.21,0,0
1621.N,D,20211102,000000,114.53,114.53,114.53,114.53,0,0
1621.N,D,20211103,000000,113.13,113.13,113.13,113.13,0,0
1621.N,D,20211104,000000,115.9,115.9,115.9,115.9,0,0
1621.N,D,20211105,000000,116.22,116.22,116.22,116.22,0,0
1621.N,D,20211108,000000,115.55,115.55,115.55,115.55,0,0
1621.N,D,20211109,000000,114.12,114.12,114.12,114.12,0,0
1621.N,D,20211110,000000,112.87,112.87,112.87,112.87,0,0
1621.N,D,20211112,000000,112.52,112.52,112.52,112.52,0,0
1621.N,D,20211115,000000,111.73,111.73,111.73,111.73,0,0
1621.N,D,20211116,000000,111.77,111.77,111.77,111.77,0,0
1621.N,D,20211117,000000,110.76,110.76,110.76,110.76,0,0
1621.N,D,20211118,000000,108.39,108.39,108.39,108.39,0,0
1621.N,D,20211119,000000,107.29,107.29,107.29,107.29,0,0
1621.N,D,20211122,000000,107.3,107.3,107.3,107.3,0,0
1621.N,D,20211123,000000,107.71,107.71,107.71,107.71,0,0
1621.N,D,20211124,000000,106.96,106.96,106.96,106.96,0,0
1621.N,D,20211125,000000,106.53,106.53,106.53,106.53,0,0
1621.N,D,20211126,000000,102.69,102.69,102.69,102.69,0,0
1621.N,D,20211129,000000,103.08,103.08,103.08,103.08,0,0
1621.N,D,20211130,000000,104.86,104.86,104.86,104.86,0,0
1621.N,D,20211201,000000,105.95,105.95,105.95,105.95,0,0
1621.N,D,20211202,000000,105.48,105.48,105.48,105.48,0,0
1621.N,D,20211203,000000,104.63,104.63,104.63,104.63,0,0
1621.N,D,20211206,000000,104.87,104.87,104.87,104.87,0,0
1621.N,D,20211207,000000,106.72,106.72,106.72,106.72,0,0
1621.N,D,20211208,000000,106.27,106.27,106.27,106.27,0,0
1621.N,D,20211209,000000,105.47,105.47,105.47,105.47,0,0
1621.N,D,20211210,000000,105.51,105.51,105.51,105.51,0,0
1621.N,D,20211213,000000,105.22,105.22,105.22,105.22,0,0
1621.N,D,20211214,000000,104.74,104.74,104.74,104.74,0,0
1621.N,D,20211215,000000,102.52,102.52,102.52,102.52,0,0
1621.N,D,20211216,000000,104.93,104.93,104.93,104.93,0,0
1621.N,D,20211217,000000,103.5,103.5,103.5,103.5,0,0
1621.N,D,20211220,000000,103.47,103.47,103.47,103.47,0,0
1621.N,D,20211221,000000,103.64,103.64,103.64,103.64,0,0
1621.N,D,20211222,000000,104.58,104.58,104.58,104.58,0,0
1621.N,D,20211223,000000,105.21,105.21,105.21,105.21,0,0
1621.N,D,20211227,000000,105.33,105.33,105.33,105.33,0,0
1621.N,D,20211228,000000,106.39,106.39,106.39,106.39,0,0
1621.N,D,20211229,000000,106.86,106.86,106.86,106.86,0,0
1621.N,D,20211230,000000,107.01,107.01,107.01,107.01,0,0
1621.N,D,20220103,000000,108.17,108.17,108.17,108.17,0,0
1621.N,D,20220104,000000,108.72,108.72,108.72,108.72,0,0
1621.N,D,20220105,000000,109.14,109.14,109.14,109.14,0,0
1621.N,D,20220107,000000,109.31,109.31,109.31,109.31,0,0
1621.N,D,20220110,000000,108.6,108.6,108.6,108.6,0,0
1621.N,D,20220111,000000,110.66,110.66,110.66,110.66,0,0
1621.N,D,20220112,000000,113.33,113.33,113.33,113.33,0,0
1621.N,D,20220113,000000,113.18,113.18,113.18,113.18,0,0
1621.N,D,20220114,000000,112.07,112.07,112.07,112.07,0,0
1621.N,D,20220117,000000,111.54,111.54,111.54,111.54,0,0
1621.N,D,20220118,000000,109.38,109.38,109.38,109.38,0,0
1621.N,D,20220119,000000,109.15,109.15,109.15,109.15,0,0
1621.N,D,20220120,000000,108.68,108.68,108.68,108.68,0,0
1621.N,D,20220121,000000,106.82,106.82,106.82,106.82,0,0
1621.N,D,20220124,000000,102.21,102.21,102.21,102.21,0,0
1621.N,D,20220125,000000,103.49,103.49,103.49,103.49,0,0
1621.N,D,20220126,000000,105.06,105.06,105.06,105.06,0,0
1621.N,D,20220127,000000,105.26,105.26,105.26,105.26,0,0
1621.N,D,20220128,000000,103.34,103.34,103.34,103.34,0,0
1621.N,D,20220131,000000,104.04,104.04,104.04,104.04,0,0
1621.N,D,20220201,000000,104.95,104.95,104.95,104.95,0,0
1621.N,D,20220202,000000,106.44,106.44,106.44,106.44,0,0
1621.N,D,20220203,000000,105.91,105.91,105.91,105.91,0,0
1621.N,D,20220204,000000,103.59,103.59,103.59,103.59,0,0
1621.N,D,20220207,000000,103.53,103.53,103.53,103.53,0,0
1621.N,D,20220208,000000,105.18,105.18,105.18,105.18,0,0
1621.N,D,20220209,000000,105.74,105.74,105.74,105.74,0,0
1621.N,D,20220210,000000,104.82,104.82,104.82,104.82,0,0
1621.N,D,20220211,000000,104.27,104.27,104.27,104.27,0,0
1621.N,D,20220214,000000,101.9,101.9,101.9,101.9,0,0
1621.N,D,20220215,000000,104.31,104.31,104.31,104.31,0,0
1621.N,D,20220216,000000,104.42,104.42,104.42,104.42,0,0
1621.N,D,20220217,000000,102.52,102.52,102.52,102.52,0,0
1621.N,D,20220218,000000,101.3,101.3,101.3,101.3,0,0
1621.N,D,20220221,000000,97.98,97.98,97.98,97.98,0,0
1621.N,D,20220222,000000,99.25,99.25,99.25,99.25,0,0
1621.N,D,20220223,000000,96.73,96.73,96.73,96.73,0,0
1621.N,D,20220224,000000,85.87,85.87,85.87,85.87,0,0
1621.N,D,20220225,000000,92.75,92.75,92.75,92.75,0,0
1621.N,D,20220228,000000,93.76,93.76,93.76,93.76,0,0
1621.N,D,20220301,000000,91.89,91.89,91.89,91.89,0,0
1621.N,D,20220302,000000,94.36,94.36,94.36,94.36,0,0
1621.N,D,20220303,000000,93.24,93.24,93.24,93.24,0,0
1621.N,D,20220304,000000,88.86,88.86,88.86,88.86,0,0
1621.N,D,20220307,000000,89.21,89.21,89.21,89.21,0,0
1621.N,D,20220308,000000,88.05,88.05,88.05,88.05,0,0
1621.N,D,20220309,000000,91.45,91.45,91.45,91.45,0,0
1621.N,D,20220310,000000,91.21,91.21,91.21,91.21,0,0
1621.N,D,20220311,000000,93.61,93.61,93.61,93.61,0,0
1621.N,D,20220314,000000,91.4,91.4,91.4,91.4,0,0
1621.N,D,20220315,000000,92.3,92.3,92.3,92.3,0,0
1621.N,D,20220316,000000,95.31,95.31,95.31,95.31,0,0
1621.N,D,20220317,000000,97.99,97.99,97.99,97.99,0,0
1621.N,D,20220318,000000,97.24,97.24,97.24,97.24,0,0
1621.N,D,20220321,000000,97.15,97.15,97.15,97.15,0,0
1621.N,D,20220322,000000,98.34,98.34,98.34,98.34,0,0
1621.N,D,20220323,000000,98.43,98.43,98.43,98.43,0,0
1621.N,D,20220324,000000,99.42,99.42,99.42,99.42,0,0
1621.N,D,20220325,000000,98.53,98.53,98.53,98.53,0,0
1621.N,D,20220328,000000,98.78,98.78,98.78,98.78,0,0
1621.N,D,20220329,000000,100.44,100.44,100.44,100.44,0,0
1621.N,D,20220330,000000,100.82,100.82,100.82,100.82,0,0
1621.N,D,20220331,000000,99.26,99.26,99.26,99.26,0,0
1621.N,D,20220401,000000,100.45,100.45,100.45,100.45,0,0
1621.N,D,20220404,000000,100.4,100.4,100.4,100.4,0,0
1621.N,D,20220405,000000,99.14,99.14,99.14,99.14,0,0
1621.N,D,20220406,000000,98.18,98.18,98.18,98.18,0,0
1621.N,D,20220407,000000,96.9,96.9,96.9,96.9,0,0
1621.N,D,20220408,000000,97.2,97.2,97.2,97.2,0,0
1621.N,D,20220411,000000,98.49,98.49,98.49,98.49,0,0
1621.N,D,20220412,000000,97.52,97.52,97.52,97.52,0,0
1621.N,D,20220413,000000,97.83,97.83,97.83,97.83,0,0
1621.N,D,20220414,000000,97.3,97.3,97.3,97.3,0,0
1621.N,D,20220419,000000,96.47,96.47,96.47,96.47,0,0
1621.N,D,20220420,000000,95.73,95.73,95.73,95.73,0,0
1621.N,D,20220421,000000,95.04,95.04,95.04,95.04,0,0
1621.N,D,20220422,000000,92.82,92.82,92.82,92.82,0,0
1621.N,D,20220425,000000,90.56,90.56,90.56,90.56,0,0
1621.N,D,20220426,000000,89.51,89.51,89.51,89.51,0,0
1621.N,D,20220427,000000,88.42,88.42,88.42,88.42,0,0
1621.N,D,20220428,000000,88.74,88.74,88.74,88.74,0,0
1621.N,D,20220429,000000,87.89,87.89,87.89,87.89,0,0
1621.N,D,20220502,000000,86.52,86.52,86.52,86.52,0,0
1621.N,D,20220504,000000,86.17,86.17,86.17,86.17,0,0
1621.N,D,20220505,000000,84.18,84.18,84.18,84.18,0,0
1621.N,D,20220506,000000,84.02,84.02,84.02,84.02,0,0
1621.N,D,20220509,000000,82.3,82.3,82.3,82.3,0,0
1621.N,D,20220510,000000,82,82,82,82,0,0
1621.N,D,20220511,000000,81.84,81.84,81.84,81.84,0,0
1621.N,D,20220512,000000,80.61,80.61,80.61,80.61,0,0
1621.N,D,20220513,000000,84.01,84.01,84.01,84.01,0,0
1621.N,D,20220516,000000,84.15,84.15,84.15,84.15,0,0
1621.N,D,20220517,000000,85.66,85.66,85.66,85.66,0,0
1621.N,D,20220518,000000,85.68,85.68,85.68,85.68,0,0
1621.N,D,20220519,000000,84.45,84.45,84.45,84.45,0,0
1621.N,D,20220520,000000,84.68,84.68,84.68,84.68,0,0
1621.N,D,20220523,000000,87.08,87.08,87.08,87.08,0,0
1621.N,D,20220524,000000,86.07,86.07,86.07,86.07,0,0
1621.N,D,20220525,000000,85.55,85.55,85.55,85.55,0,0
1621.N,D,20220526,000000,86.71,86.71,86.71,86.71,0,0
1621.N,D,20220527,000000,86.23,86.23,86.23,86.23,0,0
1621.N,D,20220530,000000,88.2,88.2,88.2,88.2,0,0
1621.N,D,20220531,000000,87.57,87.57,87.57,87.57,0,0
1621.N,D,20220601,000000,86.76,86.76,86.76,86.76,0,0
1621.N,D,20220602,000000,87.04,87.04,87.04,87.04,0,0
1621.N,D,20220603,000000,86.39,86.39,86.39,86.39,0,0
1621.N,D,20220606,000000,87.59,87.59,87.59,87.59,0,0
1621.N,D,20220607,000000,86.83,86.83,86.83,86.83,0,0
1621.N,D,20220608,000000,85.14,85.14,85.14,85.14,0,0
1621.N,D,20220609,000000,84.11,84.11,84.11,84.11,0,0
1621.N,D,20220610,000000,82.3,82.3,82.3,82.3,0,0
1621.N,D,20220613,000000,80.08,80.08,80.08,80.08,0,0
1621.N,D,20220614,000000,80.73,80.73,80.73,80.73,0,0
1621.N,D,20220615,000000,80.9,80.9,80.9,80.9,0,0
1621.N,D,20220617,000000,79.59,79.59,79.59,79.59,0,0
1621.N,D,20220620,000000,80.22,80.22,80.22,80.22,0,0
1621.N,D,20220621,000000,82.08,82.08,82.08,82.08,0,0
1621.N,D,20220622,000000,80.39,80.39,80.39,80.39,0,0
1621.N,D,20220623,000000,79.12,79.12,79.12,79.12,0,0
1621.N,D,20220624,000000,80.4,80.4,80.4,80.4,0,0
1621.N,D,20220627,000000,81.75,81.75,81.75,81.75,0,0
1621.N,D,20220628,000000,82.79,82.79,82.79,82.79,0,0
1621.N,D,20220629,000000,82.97,82.97,82.97,82.97,0,0
1621.N,D,20220630,000000,81.24,81.24,81.24,81.24,0,0
1621.N,D,20220701,000000,81.01,81.01,81.01,81.01,0,0
1621.N,D,20220704,000000,81.13,81.13,81.13,81.13,0,0
1621.N,D,20220705,000000,78.87,78.87,78.87,78.87,0,0
1621.N,D,20220706,000000,79.1,79.1,79.1,79.1,0,0
1621.N,D,20220707,000000,81.72,81.72,81.72,81.72,0,0
1621.N,D,20220708,000000,82.9,82.9,82.9,82.9,0,0
1621.N,D,20220711,000000,82.03,82.03,82.03,82.03,0,0
1621.N,D,20220712,000000,79.82,79.82,79.82,79.82,0,0
1621.N,D,20220713,000000,79.33,79.33,79.33,79.33,0,0
1621.N,D,20220714,000000,77.64,77.64,77.64,77.64,0,0
1621.N,D,20220715,000000,78.02,78.02,78.02,78.02,0,0
1621.N,D,20220718,000000,80.06,80.06,80.06,80.06,0,0
1621.N,D,20220719,000000,80.55,80.55,80.55,80.55,0,0
1621.N,D,20220720,000000,81.31,81.31,81.31,81.31,0,0
1621.N,D,20220721,000000,80.84,80.84,80.84,80.84,0,0
1621.N,D,20220722,000000,81.93,81.93,81.93,81.93,0,0
1621.N,D,20220725,000000,81.32,81.32,81.32,81.32,0,0
1621.N,D,20220726,000000,80.13,80.13,80.13,80.13,0,0
1621.N,D,20220727,000000,79.93,79.93,79.93,79.93,0,0
1621.N,D,20220728,000000,80.58,80.58,80.58,80.58,0,0
1621.N,D,20220729,000000,83.45,83.45,83.45,83.45,0,0
1621.N,D,20220801,000000,83.94,83.94,83.94,83.94,0,0
1621.N,D,20220802,000000,82.95,82.95,82.95,82.95,0,0
1621.N,D,20220803,000000,83.01,83.01,83.01,83.01,0,0
1621.N,D,20220804,000000,82.12,82.12,82.12,82.12,0,0
1621.N,D,20220805,000000,81.42,81.42,81.42,81.42,0,0
1621.N,D,20220808,000000,83.26,83.26,83.26,83.26,0,0
1621.N,D,20220809,000000,82.82,82.82,82.82,82.82,0,0
1621.N,D,20220810,000000,83.15,83.15,83.15,83.15,0,0
1621.N,D,20220811,000000,84.43,84.43,84.43,84.43,0,0
1621.N,D,20220812,000000,84.85,84.85,84.85,84.85,0,0
1621.N,D,20220816,000000,85.15,85.15,85.15,85.15,0,0
1621.N,D,20220817,000000,82.99,82.99,82.99,82.99,0,0
1621.N,D,20220818,000000,83.57,83.57,83.57,83.57,0,0
1621.N,D,20220819,000000,82.16,82.16,82.16,82.16,0,0
1621.N,D,20220822,000000,80.5,80.5,80.5,80.5,0,0
1621.N,D,20220823,000000,80.99,80.99,80.99,80.99,0,0
1621.N,D,20220824,000000,79.46,79.46,79.46,79.46,0,0
1621.N,D,20220825,000000,80.02,80.02,80.02,80.02,0,0
1621.N,D,20220826,000000,78.74,78.74,78.74,78.74,0,0
1621.N,D,20220829,000000,77.15,77.15,77.15,77.15,0,0
1621.N,D,20220830,000000,75.43,75.43,75.43,75.43,0,0
1621.N,D,20220831,000000,75.46,75.46,75.46,75.46,0,0
1621.N,D,20220901,000000,72.83,72.83,72.83,72.83,0,0
1621.N,D,20220902,000000,74.8,74.8,74.8,74.8,0,0
