<TICKER>,<PER>,<DATE>,<TIME>,<OPEN>,<HIGH>,<LOW>,<CLOSE>,<VOL>,<OPENINT>
INTLPAL25049.PL,D,20190923,000000,118.4,118.4,118.4,118.4,43,0
INTLPAL25049.PL,D,20190927,000000,120.3,120.3,120.3,120.3,35,0
INTLPAL25049.PL,D,20191001,000000,123.6,123.6,123.6,123.6,5,0
INTLPAL25049.PL,D,20191011,000000,135.5,135.5,135.5,135.5,5,0
INTLPAL25049.PL,D,20191018,000000,153.6,153.6,153.6,153.6,68,0
INTLPAL25049.PL,D,20200103,000000,224.9,224.9,224.9,224.9,4,0
INTLPAL25049.PL,D,20200110,000000,282.2,282.2,282.2,282.2,5,0
INTLPAL25049.PL,D,20200113,000000,282.8,282.8,282.8,282.8,5,0
INTLPAL25049.PL,D,20200115,000000,317.2,322.4,317.2,322.4,24,0
INTLPAL25049.PL,D,20200116,000000,350.6,350.6,350.6,350.6,20,0
INTLPAL25049.PL,D,20200117,000000,373.9,373.9,373.9,373.9,20,0
INTLPAL25049.PL,D,20200124,000000,389.6,389.6,389.6,389.6,4,0
INTLPAL25049.PL,D,20200316,000000,165.8,165.8,70.65,100,9,0
INTLPAL25049.PL,D,20200317,000000,82,91.1,71,91,31,0
INTLPAL25049.PL,D,20200331,000000,396.5,396.5,396.5,396.5,2,0
INTLPAL25049.PL,D,20200407,000000,349,349,349,349,4,0
INTLPAL25049.PL,D,20200421,000000,223.2,223.2,223.2,223.2,2,0
INTLPAL25049.PL,D,20200422,000000,235.7,235.7,235.7,235.7,2,0
INTLPAL25049.PL,D,20200423,000000,245.4,256.7,245.1,256.7,820,0
INTLPAL25049.PL,D,20200424,000000,256.6,257.5,256.6,257.5,800,0
INTLPAL25049.PL,D,20200428,000000,237.5,240.2,224.9,224.9,800,0
INTLPAL25049.PL,D,20200506,000000,163.3,163.3,163.3,163.3,800,0
INTLPAL25049.PL,D,20200511,000000,206,206,206,206,4,0
INTLPAL25049.PL,D,20200518,000000,252.7,252.7,252.7,252.7,4,0
INTLPAL25049.PL,D,20200520,000000,272,272,272,272,4,0
INTLPAL25049.PL,D,20200522,000000,228.4,228.4,228.4,228.4,45,0
INTLPAL25049.PL,D,20200526,000000,226.3,226.3,226.3,226.3,45,0
INTLPAL25049.PL,D,20200604,000000,202,202,189.6,189.6,4,0
INTLPAL25049.PL,D,20200626,000000,184.2,184.2,184.2,184.2,5,0
INTLPAL25049.PL,D,20200703,000000,202,202,202,202,5,0
INTLPAL25049.PL,D,20200710,000000,223.5,223.5,221.5,221.5,24,0
INTLPAL25049.PL,D,20200723,000000,286.5,286.5,286.5,286.5,2,0
INTLPAL25049.PL,D,20200727,000000,317,343,317,343,50,0
INTLPAL25049.PL,D,20200805,000000,279,279,279,279,10,0
INTLPAL25049.PL,D,20200810,000000,298,298,298,298,70,0
INTLPAL25049.PL,D,20200812,000000,286.5,286.5,286.5,286.5,50,0
INTLPAL25049.PL,D,20200818,000000,297,297,297,297,60,0
INTLPAL25049.PL,D,20200901,000000,325.5,325.5,325.5,325.5,5,0
INTLPAL25049.PL,D,20200915,000000,342,342,342,342,120,0
INTLPAL25049.PL,D,20200916,000000,370,370,370,370,5,0
INTLPAL25049.PL,D,20201012,000000,395.5,395.5,395.5,395.5,3,0
INTLPAL25049.PL,D,20201215,000000,337,337,337,337,9,0
INTLPAL25049.PL,D,20210108,000000,353,353,353,353,7,0
INTLPAL25049.PL,D,20210115,000000,383,383,383,383,7,0
INTLPAL25049.PL,D,20210208,000000,340,340,340,340,9,0
INTLPAL25049.PL,D,20210319,000000,454,454,454,454,3,0
INTLPAL25049.PL,D,20210325,000000,466.5,466.5,466.5,466.5,4,0
INTLPAL25049.PL,D,20210326,000000,488.5,488.5,488.5,488.5,4,0
INTLPAL25049.PL,D,20211005,000000,177.4,177.4,171.4,171.4,144,0
INTLPAL25049.PL,D,20211006,000000,170,170,165.4,165.4,119,0
INTLPAL25049.PL,D,20211008,000000,205,231,205,231,363,0
INTLPAL25049.PL,D,20211012,000000,261,261,261,261,1,0
INTLPAL25049.PL,D,20211014,000000,265.5,265.5,265.5,265.5,1,0
INTLPAL25049.PL,D,20211021,000000,240.5,240.5,240.5,240.5,100,0
INTLPAL25049.PL,D,20211129,000000,132,136.8,131.4,132,97,0
INTLPAL25049.PL,D,20211206,000000,126,140.4,126,140.4,8,0
INTLPAL25049.PL,D,20211207,000000,158.2,158.2,158.2,158.2,3,0
INTLPAL25049.PL,D,20211209,000000,139,141,122,129.4,81,0
INTLPAL25049.PL,D,20211210,000000,121,121,121,121,11,0
INTLPAL25049.PL,D,20211213,000000,112.8,112.8,112.8,112.8,5,0
INTLPAL25049.PL,D,20211214,000000,90.6,90.6,47.25,60.9,285,0
INTLPAL25049.PL,D,20211215,000000,51,55,29.15,35.6,437,0
INTLPAL25049.PL,D,20211216,000000,69.8,91.1,69.8,91.1,228,0
INTLPAL25049.PL,D,20211217,000000,119.8,145,119.8,141.8,102,0
INTLPAL25049.PL,D,20211221,000000,138.2,138.2,138.2,138.2,10,0
INTLPAL25049.PL,D,20211223,000000,160.2,171,160.2,170.6,135,0
INTLPAL25049.PL,D,20211227,000000,194,194,187.4,187.4,20,0
INTLPAL25049.PL,D,20211228,000000,181.4,181.4,181.4,181.4,8,0
INTLPAL25049.PL,D,20211229,000000,202.5,202.5,199.6,199.6,27,0
INTLPAL25049.PL,D,20211230,000000,209,209,209,209,35,0
INTLPAL25049.PL,D,20220103,000000,173.6,173.6,173.6,173.6,8,0
INTLPAL25049.PL,D,20220104,000000,148.4,166,148.4,166,58,0
INTLPAL25049.PL,D,20220105,000000,180.2,180.2,174,174,37,0
INTLPAL25049.PL,D,20220110,000000,169,169,169,169,35,0
INTLPAL25049.PL,D,20220111,000000,159,159,159,159,9,0
INTLPAL25049.PL,D,20220121,000000,226.5,226.5,222.5,222.5,46,0
INTLPAL25049.PL,D,20220126,000000,330,330,330,330,10,0
INTLPAL25049.PL,D,20220127,000000,350,350,350,350,2,0
INTLPAL25049.PL,D,20220131,000000,370.5,372,370.5,372,3,0
INTLPAL25049.PL,D,20220207,000000,303,303,303,303,23,0
INTLPAL25049.PL,D,20220210,000000,315,315,315,315,1,0
INTLPAL25049.PL,D,20220214,000000,320,320,320,320,2,0
INTLPAL25049.PL,D,20220215,000000,314.5,314.5,314.5,314.5,2,0
INTLPAL25049.PL,D,20220216,000000,316,316,316,316,2,0
INTLPAL25049.PL,D,20220218,000000,343,343,343,343,2,0
INTLPAL25049.PL,D,20220301,000000,481.5,481.5,481.5,481.5,1,0
INTLPAL25049.PL,D,20220304,000000,569,569,569,569,1,0
INTLPAL25049.PL,D,20220309,000000,710,710,710,710,2,0
INTLPAL25049.PL,D,20220314,000000,396,396,396,396,3,0
INTLPAL25049.PL,D,20220316,000000,386.5,386.5,386.5,386.5,2,0
INTLPAL25049.PL,D,20220317,000000,409,409,409,409,5,0
INTLPAL25049.PL,D,20220328,000000,330,330,330,330,6,0
INTLPAL25049.PL,D,20220330,000000,307.5,312.5,307.5,312.5,6,0
INTLPAL25049.PL,D,20220401,000000,341,341,341,341,6,0
INTLPAL25049.PL,D,20220407,000000,309,322.5,305.5,322.5,8,0
INTLPAL25049.PL,D,20220408,000000,334.5,406,327,381,33,0
INTLPAL25049.PL,D,20220411,000000,438,442,415,415.5,25,0
INTLPAL25049.PL,D,20220412,000000,411.5,411.5,361.5,363.5,8,0
INTLPAL25049.PL,D,20220413,000000,395,395,365.5,365.5,8,0
INTLPAL25049.PL,D,20220414,000000,378,378,378,378,2,0
INTLPAL25049.PL,D,20220419,000000,386,386,375.5,375.5,4,0
INTLPAL25049.PL,D,20220420,000000,388,407,388,407,22,0
INTLPAL25049.PL,D,20220421,000000,402,402,397,402,8,0
INTLPAL25049.PL,D,20220422,000000,411.5,411.5,388.5,400,44,0
INTLPAL25049.PL,D,20220425,000000,359.5,359.5,285,285,12,0
INTLPAL25049.PL,D,20220427,000000,307,320.5,307,320.5,6,0
INTLPAL25049.PL,D,20220502,000000,313.5,316.5,312,312,3,0
INTLPAL25049.PL,D,20220505,000000,324.5,324.5,324.5,324.5,1,0
INTLPAL25049.PL,D,20220506,000000,288.5,288.5,288.5,288.5,3,0
INTLPAL25049.PL,D,20220510,000000,268.5,268.5,268.5,268.5,2,0
INTLPAL25049.PL,D,20220512,000000,180,190,180,190,4,0
INTLPAL25049.PL,D,20220516,000000,191.2,205.5,190,205.5,12,0
INTLPAL25049.PL,D,20220517,000000,235.5,248,234.5,248,8,0
INTLPAL25049.PL,D,20220518,000000,244.5,275.5,241.5,241.5,13,0
INTLPAL25049.PL,D,20220523,000000,221,221,221,221,2,0
INTLPAL25049.PL,D,20220527,000000,237,237,237,237,2,0
INTLPAL25049.PL,D,20220530,000000,246,246,246,246,2,0
INTLPAL25049.PL,D,20220601,000000,226.5,226.5,226.5,226.5,10,0
INTLPAL25049.PL,D,20220602,000000,220,220,220,220,15,0
INTLPAL25049.PL,D,20220606,000000,213.5,213.5,213.5,213.5,15,0
INTLPAL25049.PL,D,20220608,000000,190.8,190.8,190.8,190.8,10,0
INTLPAL25049.PL,D,20220609,000000,184,184,184,184,15,0
INTLPAL25049.PL,D,20220610,000000,165,165,165,165,10,0
INTLPAL25049.PL,D,20220613,000000,154,160.6,154,160.6,20,0
INTLPAL25049.PL,D,20220617,000000,145,145,145,145,10,0
INTLPAL25049.PL,D,20220624,000000,168.6,168.6,168.6,168.6,10,0
INTLPAL25049.PL,D,20220629,000000,206.5,206.5,206.5,206.5,45,0
INTLPAL25049.PL,D,20220704,000000,205.5,205.5,203,203,4,0
INTLPAL25049.PL,D,20220705,000000,192.6,192.6,192.2,192.2,3,0
INTLPAL25049.PL,D,20220706,000000,202.5,202.5,192.8,192.8,6,0
INTLPAL25049.PL,D,20220707,000000,202,228,202,228,60,0
INTLPAL25049.PL,D,20220708,000000,229.5,300.5,226,298.5,102,0
INTLPAL25049.PL,D,20220711,000000,300,320.5,300,318,19,0
INTLPAL25049.PL,D,20220712,000000,297,306,293.5,293.5,14,0
INTLPAL25049.PL,D,20220713,000000,239,239,239,239,3,0
INTLPAL25049.PL,D,20220715,000000,167.8,167.8,164,164,15,0
INTLPAL25049.PL,D,20220718,000000,181,181,162.6,162.6,20,0
INTLPAL25049.PL,D,20220720,000000,168.4,168.4,168.4,168.4,5,0
INTLPAL25049.PL,D,20220722,000000,177.4,235,177.4,232.5,52,0
INTLPAL25049.PL,D,20220725,000000,215,232.5,215,225,35,0
INTLPAL25049.PL,D,20220726,000000,221.5,221.5,220.5,220.5,7,0
INTLPAL25049.PL,D,20220727,000000,236.5,246,236.5,237.5,38,0
INTLPAL25049.PL,D,20220728,000000,263.5,269,248.5,260,46,0
INTLPAL25049.PL,D,20220729,000000,261,276,259,276,30,0
INTLPAL25049.PL,D,20220803,000000,265.5,265.5,251,251,10,0
INTLPAL25049.PL,D,20220804,000000,242,260.5,242,260.5,10,0
INTLPAL25049.PL,D,20220805,000000,277.5,280,268.5,280,22,0
INTLPAL25049.PL,D,20220822,000000,256,256,226,226,8,0
INTLPAL25049.PL,D,20220823,000000,224,224,223.5,223.5,12,0
INTLPAL25049.PL,D,20220824,000000,218.5,243.5,218.5,243.5,24,0
INTLPAL25049.PL,D,20220825,000000,261,269,248.5,269,28,0
