<TICKER>,<PER>,<DATE>,<TIME>,<OPEN>,<HIGH>,<LOW>,<CLOSE>,<VOL>,<OPENINT>
INTLEUR26708.PL,D,20200117,000000,33.31,33.31,33.31,33.31,1534,0
INTLEUR26708.PL,D,20200130,000000,37.05,37.05,37.05,37.05,1534,0
INTLEUR26708.PL,D,20200316,000000,46,48.39,46,48.39,40,0
INTLEUR26708.PL,D,20200602,000000,41.8,41.8,41.8,41.8,10,0
INTLEUR26708.PL,D,20200603,000000,40.3,40.3,40.3,40.3,5,0
INTLEUR26708.PL,D,20200610,000000,46.45,46.45,46.45,46.45,15,0
INTLEUR26708.PL,D,20200713,000000,48,48,48,48,20,0
INTLEUR26708.PL,D,20200714,000000,48.1,48.1,48,48,16,0
INTLEUR26708.PL,D,20200727,000000,40,40,40,40,5,0
INTLEUR26708.PL,D,20200729,000000,41.75,41.75,41.75,41.75,24,0
INTLEUR26708.PL,D,20200811,000000,39.2,39.2,39.2,39.2,300,0
INTLEUR26708.PL,D,20200907,000000,43.75,43.75,43.75,43.75,10,0
INTLEUR26708.PL,D,20200923,000000,46.75,46.75,46.15,46.15,221,0
INTLEUR26708.PL,D,20200929,000000,55,55,55,55,100,0
INTLEUR26708.PL,D,20201207,000000,40.35,40.35,40.35,40.35,200,0
INTLEUR26708.PL,D,20210113,000000,45.1,45.1,45.1,45.1,20,0
INTLEUR26708.PL,D,20210121,000000,45.5,45.5,45.5,45.5,24,0
INTLEUR26708.PL,D,20210224,000000,42.05,42.05,42.05,42.05,20,0
INTLEUR26708.PL,D,20210324,000000,51.8,51.8,51.8,51.8,200,0
INTLEUR26708.PL,D,20210601,000000,33.1,33.1,33.1,33.1,42,0
INTLEUR26708.PL,D,20210610,000000,34.45,34.45,32.75,32.75,84,0
INTLEUR26708.PL,D,20210611,000000,33.7,33.7,33.7,33.7,42,0
INTLEUR26708.PL,D,20211115,000000,41.35,41.35,41.35,41.35,10,0
INTLEUR26708.PL,D,20211116,000000,43.35,43.35,43.35,43.35,6,0
INTLEUR26708.PL,D,20211130,000000,43.35,43.35,43.35,43.35,6,0
INTLEUR26708.PL,D,20211201,000000,38.75,40,38.75,40,1000,0
INTLEUR26708.PL,D,20211202,000000,36.2,37.3,36.2,36.5,1492,0
INTLEUR26708.PL,D,20211203,000000,38.25,38.25,36.6,36.6,2836,0
INTLEUR26708.PL,D,20211208,000000,38.15,38.15,38.15,38.15,1400,0
INTLEUR26708.PL,D,20211213,000000,39.55,39.55,39.55,39.55,56,0
INTLEUR26708.PL,D,20211230,000000,34.65,34.65,34.65,34.65,58,0
INTLEUR26708.PL,D,20220104,000000,32.55,32.55,31.8,31.8,90,0
INTLEUR26708.PL,D,20220107,000000,30.6,30.6,30.6,30.6,50,0
INTLEUR26708.PL,D,20220110,000000,28.9,28.9,28.9,28.9,70,0
INTLEUR26708.PL,D,20220113,000000,27.35,27.35,27.35,27.35,75,0
INTLEUR26708.PL,D,20220117,000000,26.55,26.55,26.55,26.55,75,0
INTLEUR26708.PL,D,20220127,000000,30.7,30.7,28.7,28.7,16,0
INTLEUR26708.PL,D,20220201,000000,31.4,31.4,31.4,31.4,140,0
INTLEUR26708.PL,D,20220204,000000,27.75,28,27.75,28,178,0
INTLEUR26708.PL,D,20220209,000000,22.5,22.5,22.15,22.15,100,0
INTLEUR26708.PL,D,20220210,000000,21.5,23,21.5,23,70,0
INTLEUR26708.PL,D,20220211,000000,25.55,25.55,25.55,25.55,110,0
INTLEUR26708.PL,D,20220214,000000,29.95,29.95,25.85,25.85,70,0
INTLEUR26708.PL,D,20220215,000000,23,23,21.75,21.75,253,0
INTLEUR26708.PL,D,20220216,000000,20.7,22.1,20.7,22.1,154,0
INTLEUR26708.PL,D,20220217,000000,22.45,23.7,22.2,23.7,164,0
INTLEUR26708.PL,D,20220218,000000,24.7,25.5,24.7,25.5,180,0
INTLEUR26708.PL,D,20220224,000000,41,42.85,41,42.85,281,0
INTLEUR26708.PL,D,20220301,000000,44.25,44.4,44.25,44.4,156,0
INTLEUR26708.PL,D,20220307,000000,68,68,68,68,10,0
INTLEUR26708.PL,D,20220317,000000,37.25,37.25,37.25,37.25,20,0
INTLEUR26708.PL,D,20220324,000000,44.45,44.45,44.45,44.45,20,0
INTLEUR26708.PL,D,20220401,000000,33.2,33.2,33.2,33.2,20,0
INTLEUR26708.PL,D,20220405,000000,31.35,32.35,31.35,32.35,20,0
INTLEUR26708.PL,D,20220406,000000,33.15,33.15,33.15,33.15,20,0
INTLEUR26708.PL,D,20220411,000000,32.3,32.35,32.3,32.35,470,0
INTLEUR26708.PL,D,20220412,000000,34.4,34.4,34.4,34.4,470,0
INTLEUR26708.PL,D,20220425,000000,30.85,30.85,30.85,30.85,390,0
INTLEUR26708.PL,D,20220427,000000,36.65,36.65,36.65,36.65,390,0
INTLEUR26708.PL,D,20220428,000000,34.75,36.15,34.75,36.15,846,0
INTLEUR26708.PL,D,20220504,000000,34.05,34.05,34.05,34.05,36,0
INTLEUR26708.PL,D,20220509,000000,34.95,36.3,34.95,36.3,150,0
INTLEUR26708.PL,D,20220526,000000,24.3,24.45,24.3,24.45,112,0
INTLEUR26708.PL,D,20220527,000000,23.6,23.6,20.3,20.3,1962,0
INTLEUR26708.PL,D,20220531,000000,20.85,20.85,19.28,19.28,1137,0
INTLEUR26708.PL,D,20220601,000000,21.5,21.5,21.35,21.35,227,0
INTLEUR26708.PL,D,20220602,000000,21.45,21.45,20.45,20.45,70,0
INTLEUR26708.PL,D,20220606,000000,21.05,21.05,21.05,21.05,30,0
INTLEUR26708.PL,D,20220607,000000,20.45,20.45,20.45,20.45,20,0
INTLEUR26708.PL,D,20220608,000000,18.5,20.6,18.5,20.6,2130,0
INTLEUR26708.PL,D,20220609,000000,21.5,22.3,21.5,22.3,130,0
INTLEUR26708.PL,D,20220610,000000,21.35,23.3,21.35,23.3,450,0
INTLEUR26708.PL,D,20220613,000000,24.6,26.9,24.5,26.9,550,0
INTLEUR26708.PL,D,20220614,000000,26.6,27.5,26.6,27.2,990,0
INTLEUR26708.PL,D,20220615,000000,27.35,28.25,27.35,28,950,0
INTLEUR26708.PL,D,20220617,000000,30.95,30.95,30,30,710,0
INTLEUR26708.PL,D,20220620,000000,28,28,27.7,27.7,170,0
INTLEUR26708.PL,D,20220622,000000,25.15,29.5,25.15,29.5,800,0
INTLEUR26708.PL,D,20220623,000000,30.7,31.85,30.7,31.85,200,0
INTLEUR26708.PL,D,20220627,000000,29.3,29.3,29.3,29.3,30,0
INTLEUR26708.PL,D,20220705,000000,32.8,32.8,32.8,32.8,100,0
INTLEUR26708.PL,D,20220706,000000,37.85,37.85,37.85,37.85,150,0
INTLEUR26708.PL,D,20220707,000000,35,38,35,38,180,0
INTLEUR26708.PL,D,20220714,000000,38.15,38.6,38.15,38.6,270,0
INTLEUR26708.PL,D,20220719,000000,33.5,33.5,33.5,33.5,50,0
INTLEUR26708.PL,D,20220720,000000,34.15,34.15,34.15,34.15,50,0
INTLEUR26708.PL,D,20220725,000000,28.5,28.5,25.3,26.25,542,0
INTLEUR26708.PL,D,20220727,000000,33.7,35,33.7,35,342,0
INTLEUR26708.PL,D,20220728,000000,34,34,34,34,100,0
INTLEUR26708.PL,D,20220802,000000,25.8,27,25,27,1300,0
INTLEUR26708.PL,D,20220803,000000,25.45,25.5,23.75,24.75,1260,0
INTLEUR26708.PL,D,20220804,000000,25.5,26.85,25.5,26.85,840,0
INTLEUR26708.PL,D,20220805,000000,25.45,25.65,24.6,25.65,900,0
INTLEUR26708.PL,D,20220808,000000,23.45,24.4,23.45,24.4,200,0
INTLEUR26708.PL,D,20220809,000000,24.55,24.55,23.9,23.9,340,0
INTLEUR26708.PL,D,20220810,000000,24.85,24.85,21.2,21.2,1590,0
INTLEUR26708.PL,D,20220811,000000,20.45,22.1,20.45,22.1,400,0
INTLEUR26708.PL,D,20220812,000000,21.6,21.6,20.05,20.05,480,0
INTLEUR26708.PL,D,20220816,000000,21.45,23.3,21.45,23.3,350,0
INTLEUR26708.PL,D,20220817,000000,20.9,23.15,20.9,23.15,540,0
INTLEUR26708.PL,D,20220818,000000,23.95,25.35,23.95,25.35,1190,0
INTLEUR26708.PL,D,20220819,000000,26.5,28.55,26.5,28.55,1050,0
INTLEUR26708.PL,D,20220822,000000,26.9,27.7,26.9,27.7,200,0
INTLEUR26708.PL,D,20220826,000000,25.45,26.5,25.45,26.45,600,0
INTLEUR26708.PL,D,20220829,000000,25.7,26.2,25.7,26.2,410,0
INTLEUR26708.PL,D,20220830,000000,24.4,24.4,23.2,23.2,2350,0
INTLEUR26708.PL,D,20220831,000000,22.9,23.75,22.9,23.75,380,0
INTLEUR26708.PL,D,20220901,000000,22.4,23.3,21.75,23.3,700,0
INTLEUR26708.PL,D,20220902,000000,22.2,22.2,21,21,640,0
INTLEUR26708.PL,D,20220905,000000,23.25,24.8,22.15,24.8,1200,0
