<TICKER>,<PER>,<DATE>,<TIME>,<OPEN>,<HIGH>,<LOW>,<CLOSE>,<VOL>,<OPENINT>
RCFL4KGH2.PL,D,20210128,000000,5.32,6.72,5.32,6.72,3000,0
RCFL4KGH2.PL,D,20210129,000000,6.83,6.83,6.83,6.83,100,0
RCFL4KGH2.PL,D,20210202,000000,7.78,7.78,7.78,7.78,120,0
RCFL4KGH2.PL,D,20210203,000000,6.79,6.79,6.79,6.79,288,0
RCFL4KGH2.PL,D,20210209,000000,7.94,7.94,7.81,7.81,575,0
RCFL4KGH2.PL,D,20210210,000000,7.85,7.87,7.15,7.21,1500,0
RCFL4KGH2.PL,D,20210211,000000,7.98,7.98,7.98,7.98,400,0
RCFL4KGH2.PL,D,20210212,000000,6.94,7.09,6.88,6.9,950,0
RCFL4KGH2.PL,D,20210215,000000,7.73,7.73,7.73,7.73,500,0
RCFL4KGH2.PL,D,20210216,000000,8.45,8.6,8.01,8.01,1138,0
RCFL4KGH2.PL,D,20210218,000000,8.31,9.28,8.31,9.28,720,0
RCFL4KGH2.PL,D,20210219,000000,8.8,10.1,8.8,10.1,154,0
RCFL4KGH2.PL,D,20210222,000000,10.94,10.94,9.65,9.65,525,0
RCFL4KGH2.PL,D,20210225,000000,10.22,10.22,10.22,10.22,10,0
RCFL4KGH2.PL,D,20210226,000000,7.18,7.2,6.74,6.74,462,0
RCFL4KGH2.PL,D,20210301,000000,7.03,7.03,7.03,7.03,70,0
RCFL4KGH2.PL,D,20210302,000000,7.13,7.21,7.05,7.05,425,0
RCFL4KGH2.PL,D,20210303,000000,8.02,8.02,6.94,6.94,491,0
RCFL4KGH2.PL,D,20210305,000000,5.86,5.99,5.86,5.99,226,0
RCFL4KGH2.PL,D,20210308,000000,6.37,6.37,6.37,6.37,110,0
RCFL4KGH2.PL,D,20210310,000000,6.84,6.84,6.84,6.84,2,0
RCFL4KGH2.PL,D,20210317,000000,5.44,5.44,5.44,5.44,500,0
RCFL4KGH2.PL,D,20210326,000000,4.5,4.84,4.5,4.63,3328,0
RCFL4KGH2.PL,D,20210330,000000,5.85,5.85,5.85,5.85,108,0
RCFL4KGH2.PL,D,20210401,000000,6.58,6.58,6.57,6.57,190,0
RCFL4KGH2.PL,D,20210406,000000,7.4,7.68,7.4,7.68,1963,0
RCFL4KGH2.PL,D,20210407,000000,7.39,7.39,7.1,7.1,1603,0
RCFL4KGH2.PL,D,20210408,000000,7.12,7.12,6.8,6.8,974,0
RCFL4KGH2.PL,D,20210412,000000,5.72,5.72,5.72,5.72,250,0
RCFL4KGH2.PL,D,20210414,000000,6.38,6.61,6.38,6.61,700,0
RCFL4KGH2.PL,D,20210415,000000,6.82,6.99,6.82,6.99,1710,0
RCFL4KGH2.PL,D,20210416,000000,7.78,7.78,7.49,7.74,1477,0
RCFL4KGH2.PL,D,20210419,000000,8.08,8.32,6.93,6.93,1300,0
RCFL4KGH2.PL,D,20210420,000000,7.2,7.2,7.06,7.06,700,0
RCFL4KGH2.PL,D,20210421,000000,6.6,6.67,6.45,6.67,300,0
RCFL4KGH2.PL,D,20210422,000000,7.31,7.31,6.74,6.74,1000,0
RCFL4KGH2.PL,D,20210423,000000,6.97,6.97,6.97,6.97,116,0
RCFL4KGH2.PL,D,20210426,000000,7.86,7.86,7.33,7.34,800,0
RCFL4KGH2.PL,D,20210429,000000,8.08,8.08,8.08,8.08,25,0
RCFL4KGH2.PL,D,20210430,000000,7.66,7.66,7.07,7.07,637,0
RCFL4KGH2.PL,D,20210504,000000,6.81,6.81,6.54,6.54,386,0
RCFL4KGH2.PL,D,20210505,000000,7.64,7.9,7.57,7.9,1817,0
RCFL4KGH2.PL,D,20210506,000000,8.36,8.36,8.16,8.16,2032,0
RCFL4KGH2.PL,D,20210507,000000,9.55,9.95,9.55,9.95,167,0
RCFL4KGH2.PL,D,20210510,000000,11.78,11.94,11.54,11.94,1150,0
RCFL4KGH2.PL,D,20210513,000000,10,11.04,9.91,11.04,186,0
RCFL4KGH2.PL,D,20210514,000000,8.86,8.99,8.16,8.7,2700,0
RCFL4KGH2.PL,D,20210518,000000,9.73,9.73,8.98,8.98,435,0
RCFL4KGH2.PL,D,20210519,000000,7.76,7.76,7.13,7.13,2470,0
RCFL4KGH2.PL,D,20210520,000000,6.47,6.47,6.4,6.4,185,0
RCFL4KGH2.PL,D,20210521,000000,6.23,6.23,6.2,6.2,214,0
RCFL4KGH2.PL,D,20210524,000000,6.46,6.46,6.46,6.46,531,0
RCFL4KGH2.PL,D,20210525,000000,5.91,5.91,5.78,5.78,635,0
RCFL4KGH2.PL,D,20210526,000000,6.32,6.32,6.32,6.32,290,0
RCFL4KGH2.PL,D,20210527,000000,6.4,6.4,6.4,6.4,14,0
RCFL4KGH2.PL,D,20210528,000000,6.7,6.7,6.7,6.7,531,0
RCFL4KGH2.PL,D,20210531,000000,7.15,7.49,6.61,6.61,2410,0
RCFL4KGH2.PL,D,20210601,000000,7.34,7.93,7.34,7.38,1600,0
RCFL4KGH2.PL,D,20210602,000000,7.55,7.55,7.55,7.55,710,0
RCFL4KGH2.PL,D,20210604,000000,6.9,6.9,6.9,6.9,300,0
RCFL4KGH2.PL,D,20210609,000000,6.23,6.23,6.23,6.23,98,0
RCFL4KGH2.PL,D,20210614,000000,5.87,5.87,5.87,5.87,176,0
RCFL4KGH2.PL,D,20210615,000000,5.08,5.29,4.99,4.99,1036,0
RCFL4KGH2.PL,D,20210616,000000,4.7,4.7,4.7,4.7,500,0
RCFL4KGH2.PL,D,20210617,000000,4.09,4.09,3.83,3.83,2222,0
RCFL4KGH2.PL,D,20210621,000000,3.84,4.28,3.84,4.28,350,0
RCFL4KGH2.PL,D,20210623,000000,4.9,5.04,4.81,5.01,2160,0
RCFL4KGH2.PL,D,20210624,000000,5.17,5.17,5.17,5.17,100,0
RCFL4KGH2.PL,D,20210629,000000,4.77,4.77,4.62,4.62,2000,0
RCFL4KGH2.PL,D,20210630,000000,4.78,4.78,4.78,4.78,100,0
RCFL4KGH2.PL,D,20210701,000000,5.49,5.49,5.49,5.49,72,0
RCFL4KGH2.PL,D,20210706,000000,4.81,4.81,4.81,4.81,80,0
RCFL4KGH2.PL,D,20210707,000000,5.15,5.15,5.15,5.15,80,0
RCFL4KGH2.PL,D,20210708,000000,4.92,4.92,4.49,4.55,1535,0
RCFL4KGH2.PL,D,20210713,000000,4.6,4.6,4.6,4.6,1500,0
RCFL4KGH2.PL,D,20210719,000000,4.34,4.34,4.34,4.34,40,0
RCFL4KGH2.PL,D,20210726,000000,5.32,5.44,5.32,5.44,1300,0
RCFL4KGH2.PL,D,20210803,000000,5.43,5.43,5.43,5.43,500,0
RCFL4KGH2.PL,D,20210805,000000,5.4,5.4,5.36,5.38,1400,0
RCFL4KGH2.PL,D,20210811,000000,4.73,4.73,4.73,4.73,223,0
RCFL4KGH2.PL,D,20210817,000000,4.71,4.71,4.55,4.56,434,0
RCFL4KGH2.PL,D,20210818,000000,3.83,3.83,3.66,3.66,352,0
RCFL4KGH2.PL,D,20210819,000000,2.94,3.33,2.83,3.33,2282,0
RCFL4KGH2.PL,D,20210820,000000,3.06,3.18,3.02,3.18,1618,0
RCFL4KGH2.PL,D,20210823,000000,3.24,3.49,3.24,3.48,3600,0
RCFL4KGH2.PL,D,20210826,000000,3.46,3.46,3.46,3.46,50,0
RCFL4KGH2.PL,D,20210827,000000,3.74,3.74,3.74,3.74,887,0
RCFL4KGH2.PL,D,20210830,000000,3.81,3.87,3.81,3.87,750,0
RCFL4KGH2.PL,D,20210831,000000,3.66,3.66,3.66,3.66,5000,0
RCFL4KGH2.PL,D,20210902,000000,3.1,3.39,3.1,3.39,1500,0
RCFL4KGH2.PL,D,20210903,000000,3.29,3.29,3.29,3.29,550,0
RCFL4KGH2.PL,D,20210906,000000,3.59,3.59,3.59,3.59,400,0
RCFL4KGH2.PL,D,20210907,000000,3.53,3.53,3.32,3.41,3300,0
RCFL4KGH2.PL,D,20210908,000000,3.26,3.26,3.24,3.24,600,0
RCFL4KGH2.PL,D,20210910,000000,3.52,3.73,3.52,3.69,2950,0
RCFL4KGH2.PL,D,20210913,000000,3.62,3.62,3.43,3.43,615,0
RCFL4KGH2.PL,D,20210914,000000,3.3,3.3,3.22,3.22,1800,0
RCFL4KGH2.PL,D,20210915,000000,3.22,3.22,3.21,3.21,1300,0
RCFL4KGH2.PL,D,20210916,000000,3.12,3.12,2.9,2.9,2536,0
RCFL4KGH2.PL,D,20210917,000000,2.75,2.75,2.7,2.7,2000,0
RCFL4KGH2.PL,D,20210920,000000,2.24,2.24,2.12,2.2,2025,0
RCFL4KGH2.PL,D,20210921,000000,2.33,2.33,2.07,2.07,512,0
RCFL4KGH2.PL,D,20210922,000000,2.23,2.23,2.23,2.23,1500,0
RCFL4KGH2.PL,D,20210924,000000,2.17,2.27,2.17,2.27,450,0
RCFL4KGH2.PL,D,20210929,000000,1.9,1.92,1.8,1.8,800,0
RCFL4KGH2.PL,D,20211001,000000,1.92,1.99,1.9,1.9,2700,0
RCFL4KGH2.PL,D,20211004,000000,1.85,2.13,1.8,2.13,1900,0
RCFL4KGH2.PL,D,20211006,000000,1.65,1.66,1.65,1.66,2100,0
RCFL4KGH2.PL,D,20211011,000000,2.11,2.21,2.11,2.21,25510,0
RCFL4KGH2.PL,D,20211014,000000,2.48,2.52,2.43,2.43,9100,0
RCFL4KGH2.PL,D,20211015,000000,2.4,2.54,2.4,2.45,12820,0
RCFL4KGH2.PL,D,20211018,000000,2.76,2.83,2.64,2.64,21180,0
RCFL4KGH2.PL,D,20211019,000000,2.7,2.8,2.64,2.64,4648,0
RCFL4KGH2.PL,D,20211021,000000,2.11,2.11,2.09,2.09,11500,0
RCFL4KGH2.PL,D,20211022,000000,2.13,2.13,2.13,2.13,1200,0
RCFL4KGH2.PL,D,20211025,000000,2.05,2.05,2.02,2.02,1500,0
RCFL4KGH2.PL,D,20211026,000000,1.95,1.95,1.92,1.92,3080,0
RCFL4KGH2.PL,D,20211027,000000,1.7,1.7,1.7,1.7,500,0
RCFL4KGH2.PL,D,20211029,000000,1.63,1.78,1.63,1.78,3500,0
RCFL4KGH2.PL,D,20211102,000000,1.47,1.47,1.47,1.47,100,0
RCFL4KGH2.PL,D,20211103,000000,1.62,1.65,1.59,1.59,1917,0
RCFL4KGH2.PL,D,20211108,000000,1.54,1.54,1.54,1.54,10000,0
RCFL4KGH2.PL,D,20211110,000000,1.56,1.56,1.46,1.46,4300,0
RCFL4KGH2.PL,D,20211112,000000,1.9,1.9,1.9,1.9,100,0
RCFL4KGH2.PL,D,20211115,000000,1.76,1.76,1.58,1.58,15500,0
RCFL4KGH2.PL,D,20211116,000000,1.52,1.56,1.52,1.56,40000,0
RCFL4KGH2.PL,D,20211117,000000,1.35,1.35,1.27,1.34,8694,0
RCFL4KGH2.PL,D,20211118,000000,1.2,1.22,1.1,1.1,28500,0
RCFL4KGH2.PL,D,20211119,000000,1.2,1.2,1.16,1.16,2700,0
RCFL4KGH2.PL,D,20211122,000000,1.12,1.23,1.12,1.23,20800,0
RCFL4KGH2.PL,D,20211123,000000,1.16,1.23,1.16,1.23,75400,0
RCFL4KGH2.PL,D,20211124,000000,1.21,1.21,1.14,1.16,77000,0
RCFL4KGH2.PL,D,20211126,000000,0.97,0.98,0.89,0.9,27901,0
RCFL4KGH2.PL,D,20211129,000000,0.84,0.9,0.84,0.89,21350,0
RCFL4KGH2.PL,D,20211130,000000,1.06,1.08,1.06,1.08,1833,0
RCFL4KGH2.PL,D,20211201,000000,1.09,1.09,1.09,1.09,18,0
RCFL4KGH2.PL,D,20211202,000000,1.08,1.08,1.08,1.08,300,0
RCFL4KGH2.PL,D,20211203,000000,1,1,0.95,0.95,2000,0
RCFL4KGH2.PL,D,20211208,000000,1.17,1.17,1.17,1.17,8,0
RCFL4KGH2.PL,D,20211215,000000,0.93,0.93,0.84,0.84,200,0
RCFL4KGH2.PL,D,20211216,000000,0.91,0.91,0.91,0.91,500,0
RCFL4KGH2.PL,D,20211220,000000,0.79,0.84,0.79,0.84,1300,0
RCFL4KGH2.PL,D,20211227,000000,0.82,0.82,0.81,0.81,2300,0
RCFL4KGH2.PL,D,20211228,000000,0.88,0.88,0.88,0.88,900,0
RCFL4KGH2.PL,D,20211230,000000,0.86,0.86,0.86,0.86,159,0
RCFL4KGH2.PL,D,20220103,000000,0.95,0.95,0.95,0.95,100,0
RCFL4KGH2.PL,D,20220107,000000,0.98,0.98,0.96,0.96,2800,0
RCFL4KGH2.PL,D,20220111,000000,0.92,0.92,0.92,0.92,1000,0
RCFL4KGH2.PL,D,20220112,000000,1.14,1.14,1.14,1.14,10,0
RCFL4KGH2.PL,D,20220113,000000,1.26,1.26,1.26,1.26,26,0
RCFL4KGH2.PL,D,20220114,000000,1.22,1.22,1.13,1.14,16154,0
RCFL4KGH2.PL,D,20220117,000000,1.16,1.16,1.16,1.16,99,0
RCFL4KGH2.PL,D,20220118,000000,1.03,1.03,1.03,1.03,2000,0
RCFL4KGH2.PL,D,20220120,000000,1.15,1.15,1.14,1.14,447,0
RCFL4KGH2.PL,D,20220121,000000,1.07,1.07,0.92,0.92,44000,0
RCFL4KGH2.PL,D,20220124,000000,0.87,0.87,0.69,0.69,4440,0
RCFL4KGH2.PL,D,20220125,000000,0.73,0.76,0.73,0.73,6358,0
RCFL4KGH2.PL,D,20220126,000000,0.81,0.84,0.81,0.84,7500,0
RCFL4KGH2.PL,D,20220127,000000,0.82,0.95,0.82,0.9,69870,0
RCFL4KGH2.PL,D,20220128,000000,0.93,0.93,0.93,0.93,5000,0
RCFL4KGH2.PL,D,20220131,000000,0.8,0.8,0.77,0.78,10929,0
RCFL4KGH2.PL,D,20220201,000000,0.8,0.84,0.8,0.84,7030,0
RCFL4KGH2.PL,D,20220202,000000,0.85,0.92,0.84,0.9,70951,0
RCFL4KGH2.PL,D,20220203,000000,0.91,0.91,0.91,0.91,6,0
RCFL4KGH2.PL,D,20220204,000000,0.79,0.79,0.79,0.79,26700,0
RCFL4KGH2.PL,D,20220209,000000,0.85,0.85,0.85,0.85,28480,0
RCFL4KGH2.PL,D,20220210,000000,0.96,1,0.96,1,14201,0
RCFL4KGH2.PL,D,20220211,000000,0.97,0.97,0.97,0.97,2999,0
RCFL4KGH2.PL,D,20220214,000000,0.99,0.99,0.99,0.99,2999,0
RCFL4KGH2.PL,D,20220215,000000,1.06,1.06,1.06,1.06,100,0
RCFL4KGH2.PL,D,20220216,000000,1.1,1.1,1.1,1.1,1400,0
RCFL4KGH2.PL,D,20220217,000000,1.05,1.05,1,1,4600,0
RCFL4KGH2.PL,D,20220218,000000,1.1,1.1,1.1,1.1,500,0
RCFL4KGH2.PL,D,20220221,000000,1.05,1.05,0.96,0.96,1900,0
RCFL4KGH2.PL,D,20220222,000000,0.98,1.16,0.98,1.16,80010,0
RCFL4KGH2.PL,D,20220224,000000,0.8,0.83,0.8,0.8,12700,0
RCFL4KGH2.PL,D,20220225,000000,0.96,0.96,0.96,0.96,8,0
RCFL4KGH2.PL,D,20220228,000000,1.23,1.26,1.23,1.26,714,0
RCFL4KGH2.PL,D,20220301,000000,1.4,1.4,1.21,1.21,2000,0
RCFL4KGH2.PL,D,20220302,000000,1.44,1.7,1.44,1.64,18280,0
RCFL4KGH2.PL,D,20220303,000000,1.72,1.72,1.65,1.65,6850,0
RCFL4KGH2.PL,D,20220304,000000,1.5,1.7,1.5,1.7,14450,0
RCFL4KGH2.PL,D,20220307,000000,2.09,2.15,1.69,1.69,15287,0
RCFL4KGH2.PL,D,20220308,000000,1.76,1.76,1.48,1.48,3500,0
RCFL4KGH2.PL,D,20220310,000000,1.53,1.81,1.51,1.81,5071,0
RCFL4KGH2.PL,D,20220311,000000,1.76,1.77,1.54,1.54,2700,0
RCFL4KGH2.PL,D,20220314,000000,1.46,1.46,1.38,1.4,5759,0
RCFL4KGH2.PL,D,20220315,000000,1.17,1.21,1.11,1.2,7797,0
RCFL4KGH2.PL,D,20220316,000000,1.34,1.34,1.28,1.28,9223,0
RCFL4KGH2.PL,D,20220318,000000,1.58,1.58,1.53,1.53,3500,0
RCFL4KGH2.PL,D,20220321,000000,1.51,1.51,1.48,1.48,1912,0
RCFL4KGH2.PL,D,20220324,000000,1.66,1.66,1.66,1.66,8228,0
RCFL4KGH2.PL,D,20220325,000000,1.53,1.53,1.53,1.53,8228,0
RCFL4KGH2.PL,D,20220328,000000,1.61,1.61,1.61,1.61,4899,0
RCFL4KGH2.PL,D,20220329,000000,1.51,1.51,1.51,1.51,4899,0
RCFL4KGH2.PL,D,20220401,000000,1.41,1.41,1.41,1.41,1000,0
RCFL4KGH2.PL,D,20220404,000000,1.43,1.43,1.43,1.43,346,0
RCFL4KGH2.PL,D,20220407,000000,1.25,1.25,1.25,1.25,800,0
RCFL4KGH2.PL,D,20220419,000000,1.34,1.34,1.34,1.34,19,0
RCFL4KGH2.PL,D,20220421,000000,1.02,1.07,1.02,1.07,1617,0
RCFL4KGH2.PL,D,20220422,000000,0.95,0.95,0.78,0.78,8669,0
RCFL4KGH2.PL,D,20220425,000000,0.62,0.62,0.62,0.62,2300,0
RCFL4KGH2.PL,D,20220426,000000,0.55,0.59,0.55,0.57,13846,0
RCFL4KGH2.PL,D,20220506,000000,0.35,0.36,0.32,0.34,16200,0
RCFL4KGH2.PL,D,20220509,000000,0.29,0.29,0.28,0.28,5000,0
RCFL4KGH2.PL,D,20220510,000000,0.29,0.29,0.28,0.28,12611,0
RCFL4KGH2.PL,D,20220511,000000,0.27,0.27,0.27,0.27,981,0
RCFL4KGH2.PL,D,20220517,000000,0.33,0.33,0.33,0.33,5000,0
RCFL4KGH2.PL,D,20220526,000000,0.45,0.45,0.45,0.45,6500,0
RCFL4KGH2.PL,D,20220527,000000,0.5,0.5,0.5,0.5,3000,0
RCFL4KGH2.PL,D,20220622,000000,0.22,0.22,0.22,0.22,6000,0
RCFL4KGH2.PL,D,20220623,000000,0.17,0.17,0.17,0.17,1000,0
RCFL4KGH2.PL,D,20220704,000000,0.17,0.17,0.17,0.17,1200,0
RCFL4KGH2.PL,D,20220705,000000,0.1,0.12,0.1,0.12,2800,0
RCFL4KGH2.PL,D,20220706,000000,0.11,0.11,0.11,0.11,18000,0
RCFL4KGH2.PL,D,20220810,000000,0.11,0.11,0.11,0.11,293,0
RCFL4KGH2.PL,D,20220812,000000,0.12,0.12,0.12,0.12,10000,0
RCFL4KGH2.PL,D,20220818,000000,0.09,0.09,0.09,0.09,1557,0
RCFL4KGH2.PL,D,20220901,000000,0.03,0.03,0.03,0.03,3000,0
