<TICKER>,<PER>,<DATE>,<TIME>,<OPEN>,<HIGH>,<LOW>,<CLOSE>,<VOL>,<OPENINT>
ADX_MV,D,20130827,000000,22.01,22.01,22.01,22.01,0,0
ADX_MV,D,20130828,000000,22.78,25.31,22.56,23.66,0,0
ADX_MV,D,20130829,000000,24.21,24.76,21.95,24.21,0,0
ADX_MV,D,20130830,000000,24.43,24.43,21.46,21.46,0,0
ADX_MV,D,20130902,000000,21.4,21.4,17.33,17.88,0,0
ADX_MV,D,20130903,000000,18.54,18.98,15.41,15.96,0,0
ADX_MV,D,20130904,000000,15.41,17.61,15.41,17.17,0,0
ADX_MV,D,20130905,000000,17.77,17.77,16.45,16.89,0,0
ADX_MV,D,20130906,000000,15.57,15.57,15.57,15.57,0,0
ADX_MV,D,20130909,000000,16.12,17.06,13.92,17.06,0,0
ADX_MV,D,20130910,000000,15.46,17,13.81,15.18,0,0
ADX_MV,D,20130911,000000,14.14,15.07,14.14,15.07,0,0
ADX_MV,D,20130913,000000,15.35,17.11,14.96,14.96,0,0
ADX_MV,D,20130916,000000,14.85,14.85,14.14,14.19,0,0
ADX_MV,D,20130917,000000,14.74,14.74,14.74,14.74,0,0
ADX_MV,D,20130918,000000,14.74,16.45,13.09,14.3,0,0
ADX_MV,D,20130919,000000,14.74,15.35,14.25,14.25,0,0
ADX_MV,D,20130920,000000,14.3,14.85,14.25,14.74,0,0
ADX_MV,D,20130923,000000,14.85,16.84,14.85,16.51,0,0
ADX_MV,D,20130924,000000,15.63,16.29,14.63,15.24,0,0
ADX_MV,D,20130925,000000,14.85,14.85,14.3,14.85,0,0
ADX_MV,D,20130926,000000,15.35,15.35,14.03,14.03,0,0
ADX_MV,D,20130927,000000,14.3,15.13,14.3,15.13,0,0
ADX_MV,D,20130930,000000,15.13,16.51,14.3,14.58,0,0
ADX_MV,D,20131001,000000,14.58,15.41,13.75,14.85,0,0
ADX_MV,D,20131002,000000,14.85,16.18,13.75,13.75,0,0
ADX_MV,D,20131003,000000,14.52,16.18,13.75,13.92,0,0
ADX_MV,D,20131004,000000,14.52,15.46,14.36,15.46,0,0
ADX_MV,D,20131007,000000,15.52,15.52,14.8,14.8,0,0
ADX_MV,D,20131008,000000,14.74,14.85,14.47,14.47,0,0
ADX_MV,D,20131009,000000,15.41,15.68,15.41,15.68,0,0
ADX_MV,D,20131010,000000,14.63,15.41,13.81,14.8,0,0
ADX_MV,D,20131011,000000,14.3,15.63,14.19,15.57,0,0
ADX_MV,D,20131014,000000,14.85,16.23,14.47,15.41,0,0
ADX_MV,D,20131015,000000,16.18,17.83,15.68,17.83,0,0
ADX_MV,D,20131016,000000,17.94,21.4,17.94,20.91,0,0
ADX_MV,D,20131017,000000,21.07,24.1,20.36,21.07,0,0
ADX_MV,D,20131018,000000,21.02,21.18,19.92,21.18,0,0
ADX_MV,D,20131021,000000,21.9,21.9,20.08,20.08,0,0
ADX_MV,D,20131022,000000,20.63,21.18,20.36,21.13,0,0
ADX_MV,D,20131023,000000,21.13,21.13,20.63,21.07,0,0
ADX_MV,D,20131024,000000,20.08,20.63,18.71,20.03,0,0
ADX_MV,D,20131025,000000,18.21,20.36,14.58,17.5,0,0
ADX_MV,D,20131028,000000,16.89,16.89,13.75,14.96,0,0
ADX_MV,D,20131029,000000,14.96,15.3,13.81,14.74,0,0
ADX_MV,D,20131030,000000,15.02,15.07,14.08,15.07,0,0
ADX_MV,D,20131031,000000,14.03,14.85,13.75,14.3,0,0
ADX_MV,D,20131104,000000,14.3,14.8,12.65,14.8,0,0
ADX_MV,D,20131105,000000,13.04,14.08,12.98,13.75,0,0
ADX_MV,D,20131106,000000,13.75,14.52,11.83,14.52,0,0
ADX_MV,D,20131107,000000,13.75,14.3,13.75,14.3,0,0
ADX_MV,D,20131108,000000,13.97,15.02,13.42,14.63,0,0
ADX_MV,D,20131112,000000,14.03,15.13,13.31,15.13,0,0
ADX_MV,D,20131113,000000,15.07,15.13,13.86,15.07,0,0
ADX_MV,D,20131114,000000,15.02,15.02,14.3,15.02,0,0
ADX_MV,D,20131115,000000,15.02,16.23,15.02,15.41,0,0
ADX_MV,D,20131118,000000,15.96,15.96,14.96,14.96,0,0
ADX_MV,D,20131119,000000,15.3,15.3,14.85,15.07,0,0
ADX_MV,D,20131120,000000,16.12,16.12,14.3,15.52,0,0
ADX_MV,D,20131121,000000,15.46,15.9,12.43,14.3,0,0
ADX_MV,D,20131122,000000,14.8,14.8,13.48,14.08,0,0
ADX_MV,D,20131125,000000,14.3,14.3,13.37,14.3,0,0
ADX_MV,D,20131126,000000,13.48,13.81,11.72,11.72,0,0
ADX_MV,D,20131127,000000,10.95,13.09,8.97,12.05,0,0
ADX_MV,D,20131128,000000,12.21,13.7,12.21,13.7,0,0
ADX_MV,D,20131129,000000,13.97,13.97,11.22,13.86,0,0
ADX_MV,D,20131202,000000,13.75,13.75,11,13.26,0,0
ADX_MV,D,20131203,000000,12.65,12.65,10.89,10.89,0,0
ADX_MV,D,20131204,000000,11.39,12.05,11,11.61,0,0
ADX_MV,D,20131205,000000,11.06,11.66,11.06,11.66,0,0
ADX_MV,D,20131206,000000,10.62,11.61,10.23,11.61,0,0
ADX_MV,D,20131209,000000,11.72,13.75,11.72,13.64,0,0
ADX_MV,D,20131210,000000,11.55,11.83,9.9,9.9,0,0
ADX_MV,D,20131211,000000,11.44,13.15,10.07,10.34,0,0
ADX_MV,D,20131212,000000,10.45,11.22,10.45,10.45,0,0
ADX_MV,D,20131213,000000,11.22,13.42,11.22,12.93,0,0
ADX_MV,D,20131216,000000,12.93,12.93,10.51,10.73,0,0
ADX_MV,D,20131217,000000,10.56,12.1,10.34,11.39,0,0
ADX_MV,D,20131218,000000,11.39,11.39,11.39,11.39,0,0
ADX_MV,D,20131219,000000,10.62,10.73,10.62,10.73,0,0
ADX_MV,D,20131220,000000,10.73,11.33,10.62,11.28,0,0
ADX_MV,D,20131223,000000,11.28,12.65,11.28,12.65,0,0
ADX_MV,D,20131227,000000,11.77,13.7,11.77,12.98,0,0
ADX_MV,D,20131230,000000,12.65,12.93,12.65,12.93,0,0
ADX_MV,D,20140102,000000,12.93,12.93,11.61,12.38,0,0
ADX_MV,D,20140103,000000,11.55,11.66,11.55,11.66,0,0
ADX_MV,D,20140107,000000,11.66,12.05,10.51,11.94,0,0
ADX_MV,D,20140108,000000,12.05,12.05,10.51,10.51,0,0
ADX_MV,D,20140109,000000,11.39,11.39,11.39,11.39,0,0
ADX_MV,D,20140110,000000,11.5,11.5,11,11.39,0,0
ADX_MV,D,20140113,000000,11.33,13.2,11,13.15,0,0
ADX_MV,D,20140114,000000,13.15,13.15,10.62,11.72,0,0
ADX_MV,D,20140115,000000,11.77,11.77,10.78,11.28,0,0
ADX_MV,D,20140116,000000,11.44,12.65,11.06,12.1,0,0
ADX_MV,D,20140117,000000,11.72,11.77,10.34,10.45,0,0
ADX_MV,D,20140120,000000,11.39,11.39,10.45,10.95,0,0
ADX_MV,D,20140121,000000,10.51,11.22,10.45,11.22,0,0
ADX_MV,D,20140122,000000,10.84,10.95,10.18,10.18,0,0
ADX_MV,D,20140123,000000,10.4,10.45,10.01,10.45,0,0
ADX_MV,D,20140124,000000,10.01,11.22,10.01,11.22,0,0
ADX_MV,D,20140127,000000,11.11,11.11,9.13,9.3,0,0
ADX_MV,D,20140128,000000,9.13,10.51,7.92,10.34,0,0
ADX_MV,D,20140129,000000,10.45,10.62,8.36,8.64,0,0
ADX_MV,D,20140130,000000,8.58,8.97,7.98,8.64,0,0
ADX_MV,D,20140131,000000,8.64,8.86,8.42,8.86,0,0
ADX_MV,D,20140203,000000,8.36,8.64,7.7,8.36,0,0
ADX_MV,D,20140204,000000,7.59,8.03,6.33,7.54,0,0
ADX_MV,D,20140205,000000,6.22,7.37,6.22,7.32,0,0
ADX_MV,D,20140206,000000,6.55,7.1,6.55,6.88,0,0
ADX_MV,D,20140207,000000,7.21,7.21,7.04,7.15,0,0
ADX_MV,D,20140210,000000,7.15,7.43,6.6,7.43,0,0
ADX_MV,D,20140211,000000,7.59,7.59,7.1,7.1,0,0
ADX_MV,D,20140212,000000,6.6,7.04,6.6,6.66,0,0
ADX_MV,D,20140213,000000,6.66,8.14,6.16,8.14,0,0
ADX_MV,D,20140214,000000,9.74,10.4,8.25,10.23,0,0
ADX_MV,D,20140217,000000,9.79,10.4,9.19,9.9,0,0
ADX_MV,D,20140218,000000,9.63,9.63,8.8,9.3,0,0
ADX_MV,D,20140219,000000,9.3,9.85,8.86,8.86,0,0
ADX_MV,D,20140220,000000,8.8,8.8,8.31,8.69,0,0
ADX_MV,D,20140221,000000,8.31,8.69,8.31,8.31,0,0
ADX_MV,D,20140224,000000,8.36,8.53,8.2,8.31,0,0
ADX_MV,D,20140225,000000,8.53,8.53,8.31,8.31,0,0
ADX_MV,D,20140226,000000,8.53,10.07,7.98,10.07,0,0
ADX_MV,D,20140227,000000,10.12,11,9.9,10.89,0,0
ADX_MV,D,20140228,000000,9.9,10.73,9.63,10.73,0,0
ADX_MV,D,20140303,000000,9.9,10.73,9.35,9.35,0,0
ADX_MV,D,20140304,000000,9.19,9.57,9.13,9.57,0,0
ADX_MV,D,20140305,000000,8.8,9.24,8.8,8.86,0,0
ADX_MV,D,20140306,000000,8.8,9.13,8.8,8.86,0,0
ADX_MV,D,20140307,000000,9.08,9.9,8.75,9.08,0,0
ADX_MV,D,20140310,000000,9.13,9.35,9.13,9.35,0,0
ADX_MV,D,20140311,000000,9.79,9.79,8.8,8.8,0,0
ADX_MV,D,20140312,000000,9.68,9.79,8.25,9.08,0,0
ADX_MV,D,20140313,000000,8.42,8.42,8.36,8.42,0,0
ADX_MV,D,20140314,000000,8.42,9.08,8.2,9.08,0,0
ADX_MV,D,20140317,000000,9.57,9.57,8.14,8.64,0,0
ADX_MV,D,20140318,000000,7.76,9.52,7.76,8.69,0,0
ADX_MV,D,20140319,000000,8.91,9.35,8.91,9.35,0,0
ADX_MV,D,20140320,000000,8.97,9.19,8.64,9.19,0,0
ADX_MV,D,20140321,000000,8.75,10.45,8.75,10.45,0,0
ADX_MV,D,20140324,000000,10.56,12.21,10.07,12.1,0,0
ADX_MV,D,20140325,000000,12.16,13.09,11.28,12.49,0,0
ADX_MV,D,20140326,000000,12.54,13.09,11.83,12.87,0,0
ADX_MV,D,20140327,000000,12.98,12.98,11.06,12.32,0,0
ADX_MV,D,20140328,000000,12.1,12.1,10.56,11.72,0,0
ADX_MV,D,20140331,000000,11.55,11.55,10.56,10.56,0,0
ADX_MV,D,20140401,000000,11.22,11.94,10.07,11.94,0,0
ADX_MV,D,20140402,000000,11.94,11.94,11.11,11.94,0,0
ADX_MV,D,20140403,000000,11.11,11.17,10.18,10.51,0,0
ADX_MV,D,20140404,000000,11.11,11.17,11,11.17,0,0
ADX_MV,D,20140407,000000,11.55,11.55,11,11.44,0,0
ADX_MV,D,20140408,000000,11.61,12.82,11.61,12.76,0,0
ADX_MV,D,20140409,000000,12.6,12.6,11.72,12.16,0,0
ADX_MV,D,20140410,000000,12.38,12.38,12.1,12.21,0,0
ADX_MV,D,20140411,000000,12.05,12.54,11.88,12.43,0,0
ADX_MV,D,20140414,000000,12.43,12.49,11.88,12.05,0,0
ADX_MV,D,20140415,000000,12.1,12.38,12.1,12.21,0,0
ADX_MV,D,20140416,000000,12.27,12.27,11.83,11.83,0,0
ADX_MV,D,20140417,000000,12.21,12.21,12.16,12.16,0,0
ADX_MV,D,20140422,000000,12.16,12.16,12.16,12.16,0,0
ADX_MV,D,20140423,000000,11.28,12.1,11.28,12.1,0,0
ADX_MV,D,20140424,000000,11.94,11.94,11.28,11.66,0,0
ADX_MV,D,20140425,000000,11.11,11.5,11.11,11.5,0,0
ADX_MV,D,20140428,000000,11.5,11.5,11.5,11.5,0,0
ADX_MV,D,20140429,000000,11.44,11.44,10.34,10.4,0,0
ADX_MV,D,20140430,000000,10.56,10.56,10.56,10.56,0,0
ADX_MV,D,20140502,000000,10.62,15.13,10.62,15.13,0,0
ADX_MV,D,20140505,000000,15.07,15.07,12.16,14.25,0,0
ADX_MV,D,20140506,000000,13.97,13.97,13.42,13.48,0,0
ADX_MV,D,20140507,000000,13.37,14.14,13.2,13.75,0,0
ADX_MV,D,20140508,000000,14.08,14.58,13.15,13.75,0,0
ADX_MV,D,20140509,000000,13.75,13.75,13.75,13.75,0,0
ADX_MV,D,20140512,000000,13.7,13.7,11.55,11.55,0,0
ADX_MV,D,20140513,000000,12.38,14.3,11.61,12.71,0,0
ADX_MV,D,20140514,000000,13.26,13.92,12.21,13.2,0,0
ADX_MV,D,20140515,000000,12.76,12.98,11.55,11.55,0,0
ADX_MV,D,20140516,000000,12.1,12.54,11,11.22,0,0
ADX_MV,D,20140519,000000,11.22,12.38,11,11.83,0,0
ADX_MV,D,20140520,000000,11.83,11.83,11.83,11.83,0,0
ADX_MV,D,20140521,000000,10.73,11.33,10.73,11.33,0,0
ADX_MV,D,20140522,000000,11.33,11.72,11.33,11.72,0,0
ADX_MV,D,20140523,000000,11.99,12.1,11.28,11.28,0,0
ADX_MV,D,20140526,000000,11.83,12.1,11.33,12.1,0,0
ADX_MV,D,20140527,000000,11.83,12.1,11.44,11.44,0,0
ADX_MV,D,20140528,000000,11.94,12.54,11.77,12.16,0,0
ADX_MV,D,20140529,000000,12.38,12.49,11.88,12.43,0,0
ADX_MV,D,20140530,000000,12.38,12.71,12.38,12.71,0,0
ADX_MV,D,20140602,000000,12.71,12.87,11.55,12.49,0,0
ADX_MV,D,20140603,000000,12.54,12.54,12.54,12.54,0,0
ADX_MV,D,20140604,000000,12.54,12.54,12.54,12.54,0,0
ADX_MV,D,20140605,000000,12.54,12.82,12.1,12.76,0,0
ADX_MV,D,20140606,000000,12.65,12.82,12.65,12.82,0,0
ADX_MV,D,20140609,000000,12.82,12.98,11.83,12.76,0,0
ADX_MV,D,20140610,000000,13.7,13.7,13.7,13.7,0,0
ADX_MV,D,20140611,000000,13.59,14.52,12.76,13.7,0,0
ADX_MV,D,20140612,000000,13.7,13.7,13.7,13.7,0,0
ADX_MV,D,20140613,000000,14.3,14.3,12.21,13.86,0,0
ADX_MV,D,20140616,000000,13.75,14.3,13.75,14.25,0,0
ADX_MV,D,20140617,000000,14.25,14.3,14.19,14.19,0,0
ADX_MV,D,20140618,000000,14.08,14.08,14.08,14.08,0,0
ADX_MV,D,20140620,000000,14.08,14.08,12.76,12.76,0,0
ADX_MV,D,20140623,000000,12.49,13.86,12.16,12.16,0,0
ADX_MV,D,20140624,000000,13.04,13.04,11.33,12.54,0,0
ADX_MV,D,20140625,000000,12.65,13.37,12.1,12.82,0,0
ADX_MV,D,20140626,000000,13.09,13.09,11.28,11.83,0,0
ADX_MV,D,20140627,000000,12.21,12.21,12.05,12.05,0,0
ADX_MV,D,20140630,000000,12.54,13.64,12.54,13.64,0,0
ADX_MV,D,20140701,000000,13.7,13.7,11,13.31,0,0
ADX_MV,D,20140703,000000,12.32,13.15,12.32,13.09,0,0
ADX_MV,D,20140704,000000,13.09,13.09,12.32,12.76,0,0
ADX_MV,D,20140707,000000,12.32,12.98,11.88,11.88,0,0
ADX_MV,D,20140708,000000,12.82,12.82,11.88,11.88,0,0
ADX_MV,D,20140709,000000,12.82,12.82,11.94,12.6,0,0
ADX_MV,D,20140710,000000,12.87,13.09,11.88,12.54,0,0
ADX_MV,D,20140711,000000,12.49,12.49,11.66,11.66,0,0
ADX_MV,D,20140714,000000,12.38,12.38,10.73,11.11,0,0
ADX_MV,D,20140715,000000,11.11,12.1,11.11,11.94,0,0
ADX_MV,D,20140716,000000,11.28,12.05,11.28,12.05,0,0
ADX_MV,D,20140717,000000,12.1,12.1,11.55,12.05,0,0
ADX_MV,D,20140718,000000,12.05,12.05,12.05,12.05,0,0
ADX_MV,D,20140721,000000,12.05,12.05,12.05,12.05,0,0
ADX_MV,D,20140722,000000,12.05,12.05,12.05,12.05,0,0
ADX_MV,D,20140723,000000,11.22,11.66,11.17,11.55,0,0
ADX_MV,D,20140724,000000,11.55,11.55,11.55,11.55,0,0
ADX_MV,D,20140725,000000,11.55,11.55,11.55,11.55,0,0
ADX_MV,D,20140728,000000,11.55,11.55,11.55,11.55,0,0
ADX_MV,D,20140729,000000,11.55,11.55,11.55,11.55,0,0
ADX_MV,D,20140730,000000,11.55,11.55,11,11.55,0,0
ADX_MV,D,20140801,000000,10.78,11.99,10.78,11.77,0,0
ADX_MV,D,20140804,000000,11.72,11.72,11,11,0,0
ADX_MV,D,20140805,000000,10.95,11,10.29,10.95,0,0
ADX_MV,D,20140806,000000,11,12.1,11,12.1,0,0
ADX_MV,D,20140807,000000,11.77,12.1,11.44,11.44,0,0
ADX_MV,D,20140808,000000,11.5,11.77,10.95,10.95,0,0
ADX_MV,D,20140811,000000,10.95,11.55,10.95,11.17,0,0
ADX_MV,D,20140812,000000,11.55,11.55,11,11.55,0,0
ADX_MV,D,20140813,000000,11.55,11.55,11.55,11.55,0,0
ADX_MV,D,20140814,000000,11,11.55,11,11.55,0,0
ADX_MV,D,20140818,000000,11.5,11.5,11.5,11.5,0,0
ADX_MV,D,20140819,000000,11.22,11.33,10.95,11.28,0,0
ADX_MV,D,20140820,000000,11.33,11.33,10.51,11,0,0
ADX_MV,D,20140821,000000,11.22,11.28,10.62,11.06,0,0
ADX_MV,D,20140822,000000,11.28,11.28,10.51,10.89,0,0
ADX_MV,D,20140825,000000,10.45,10.73,9.19,9.19,0,0
ADX_MV,D,20140826,000000,9.74,10.18,9.13,10.18,0,0
ADX_MV,D,20140827,000000,10.18,11.55,9.24,11.55,0,0
ADX_MV,D,20140828,000000,11.39,11.39,11.39,11.39,0,0
ADX_MV,D,20140829,000000,11,11.55,11,11.55,0,0
ADX_MV,D,20140901,000000,11.55,11.55,11,11,0,0
ADX_MV,D,20140902,000000,11.28,13.2,10.62,11.11,0,0
ADX_MV,D,20140903,000000,11.11,11.11,11.06,11.06,0,0
ADX_MV,D,20140904,000000,11.06,11.5,10.73,11.5,0,0
ADX_MV,D,20140905,000000,11,11.5,11,11.5,0,0
ADX_MV,D,20140908,000000,11.99,13.2,11.61,13.2,0,0
ADX_MV,D,20140909,000000,12.1,13.2,12.1,12.1,0,0
ADX_MV,D,20140910,000000,12.43,12.43,12.21,12.43,0,0
ADX_MV,D,20140911,000000,12.71,13.2,11,12.1,0,0
ADX_MV,D,20140915,000000,12.38,12.38,11,12.1,0,0
ADX_MV,D,20140916,000000,12.49,12.49,12.1,12.1,0,0
ADX_MV,D,20140917,000000,12.1,12.1,12.1,12.1,0,0
ADX_MV,D,20140918,000000,12.93,13.15,11.11,12.1,0,0
ADX_MV,D,20140919,000000,13.15,13.15,10.84,12.1,0,0
ADX_MV,D,20140922,000000,12.1,12.1,11,11.66,0,0
ADX_MV,D,20140923,000000,11.66,11.66,11.66,11.66,0,0
ADX_MV,D,20140925,000000,12.1,12.1,10.84,10.84,0,0
ADX_MV,D,20140926,000000,11.66,11.66,11.66,11.66,0,0
ADX_MV,D,20140929,000000,10.89,11.66,10.89,11.66,0,0
ADX_MV,D,20140930,000000,11.06,11.28,11.06,11.28,0,0
ADX_MV,D,20141001,000000,11.28,11.28,11.28,11.28,0,0
ADX_MV,D,20141002,000000,11.28,11.28,10.56,11.28,0,0
ADX_MV,D,20141006,000000,11.22,12.65,11.22,12.65,0,0
ADX_MV,D,20141007,000000,12.6,12.6,11.55,11.55,0,0
ADX_MV,D,20141008,000000,11.83,12.1,11.83,12.1,0,0
ADX_MV,D,20141009,000000,11.83,12.1,11.55,11.55,0,0
ADX_MV,D,20141010,000000,11.55,11.55,11.55,11.55,0,0
ADX_MV,D,20141013,000000,11.39,11.44,10.56,11.44,0,0
ADX_MV,D,20141016,000000,11.28,11.39,11.28,11.39,0,0
ADX_MV,D,20141017,000000,10.89,11.39,9.63,11.39,0,0
ADX_MV,D,20141020,000000,11.33,11.33,9.63,10.73,0,0
ADX_MV,D,20141021,000000,11.22,12.65,9.52,12.65,0,0
ADX_MV,D,20141022,000000,11.77,11.77,10.45,10.45,0,0
ADX_MV,D,20141023,000000,11.28,11.28,11.28,11.28,0,0
ADX_MV,D,20141027,000000,11,11.39,10.73,10.73,0,0
ADX_MV,D,20141028,000000,11.11,11.11,11.11,11.11,0,0
ADX_MV,D,20141029,000000,10.73,10.73,10.73,10.73,0,0
ADX_MV,D,20141030,000000,11.11,11.11,11.11,11.11,0,0
ADX_MV,D,20141031,000000,11.11,11.11,11.11,11.11,0,0
ADX_MV,D,20141103,000000,10.34,10.78,10.34,10.78,0,0
ADX_MV,D,20141105,000000,10.78,11.22,10.78,11.11,0,0
ADX_MV,D,20141106,000000,10.45,10.73,9.96,9.96,0,0
ADX_MV,D,20141107,000000,10.73,10.73,10.18,10.18,0,0
ADX_MV,D,20141110,000000,10.73,10.73,10.18,10.73,0,0
ADX_MV,D,20141112,000000,10.01,11.72,10.01,10.89,0,0
ADX_MV,D,20141113,000000,11.39,11.39,10.18,11.06,0,0
ADX_MV,D,20141114,000000,9.9,10.73,9.9,10.73,0,0
ADX_MV,D,20141118,000000,9.9,10.73,9.9,10.73,0,0
ADX_MV,D,20141119,000000,10.73,10.73,10.73,10.73,0,0
ADX_MV,D,20141121,000000,9.9,10.18,9.3,9.3,0,0
ADX_MV,D,20141124,000000,9.96,9.96,9.96,9.96,0,0
ADX_MV,D,20141125,000000,9.3,9.9,9.3,9.9,0,0
ADX_MV,D,20141126,000000,9.3,9.96,8.8,9.35,0,0
ADX_MV,D,20141127,000000,8.75,8.75,5.72,5.83,0,0
ADX_MV,D,20141128,000000,5.78,6.16,5.39,5.78,0,0
ADX_MV,D,20141201,000000,6.11,6.49,6.05,6.44,0,0
ADX_MV,D,20141202,000000,6.38,6.38,5.5,6,0,0
ADX_MV,D,20141203,000000,5.56,5.78,5.23,5.28,0,0
ADX_MV,D,20141204,000000,5.23,5.72,4.57,5.61,0,0
ADX_MV,D,20141205,000000,5.67,5.67,5.06,5.12,0,0
ADX_MV,D,20141208,000000,5.56,5.56,4.46,4.46,0,0
ADX_MV,D,20141209,000000,4.68,5.56,4.02,4.57,0,0
ADX_MV,D,20141210,000000,5.06,6,5.06,5.94,0,0
ADX_MV,D,20141211,000000,6,6,5.23,5.83,0,0
ADX_MV,D,20141212,000000,5.23,5.72,5.23,5.5,0,0
ADX_MV,D,20141215,000000,5.72,5.72,4.62,4.9,0,0
ADX_MV,D,20141216,000000,4.79,5.61,4.35,5.61,0,0
ADX_MV,D,20141217,000000,5.56,5.56,4.46,4.84,0,0
ADX_MV,D,20141218,000000,4.57,5.28,4.46,4.95,0,0
ADX_MV,D,20141219,000000,4.73,5.01,4.62,5.01,0,0
ADX_MV,D,20141222,000000,5.12,5.12,4.79,4.9,0,0
ADX_MV,D,20141223,000000,4.9,5.23,4.79,5.23,0,0
ADX_MV,D,20141229,000000,4.79,5.12,3.96,3.96,0,0
ADX_MV,D,20141230,000000,4.07,4.29,3.3,4.13,0,0
ADX_MV,D,20150102,000000,4.02,4.79,3.47,4.35,0,0
ADX_MV,D,20150105,000000,4.13,4.57,3.36,3.47,0,0
ADX_MV,D,20150107,000000,3.52,3.74,3.52,3.52,0,0
ADX_MV,D,20150108,000000,3.41,3.58,3.19,3.25,0,0
ADX_MV,D,20150109,000000,2.97,3.36,2.97,3.25,0,0
ADX_MV,D,20150112,000000,3.03,3.03,2.75,3.03,0,0
ADX_MV,D,20150113,000000,2.81,3.3,2.75,3.3,0,0
ADX_MV,D,20150114,000000,3.41,3.63,2.97,3.25,0,0
ADX_MV,D,20150115,000000,3.41,3.41,2.75,3.03,0,0
ADX_MV,D,20150116,000000,2.75,3.08,2.75,3.08,0,0
ADX_MV,D,20150119,000000,3.03,3.14,3.03,3.14,0,0
ADX_MV,D,20150120,000000,2.92,3.08,2.92,3.08,0,0
ADX_MV,D,20150121,000000,2.81,3.03,2.42,2.64,0,0
ADX_MV,D,20150122,000000,2.86,3.03,2.86,3.03,0,0
ADX_MV,D,20150126,000000,3.03,3.03,2.42,2.42,0,0
ADX_MV,D,20150127,000000,2.48,2.53,2.04,2.2,0,0
ADX_MV,D,20150128,000000,2.31,2.42,2.31,2.42,0,0
ADX_MV,D,20150129,000000,2.15,2.2,1.93,2.09,0,0
ADX_MV,D,20150130,000000,2.09,2.09,1.93,2.09,0,0
ADX_MV,D,20150202,000000,2.09,2.2,2.09,2.2,0,0
ADX_MV,D,20150203,000000,2.04,2.04,1.93,2.04,0,0
ADX_MV,D,20150204,000000,2.09,2.09,1.71,1.76,0,0
ADX_MV,D,20150205,000000,1.76,1.76,1.43,1.54,0,0
ADX_MV,D,20150206,000000,1.54,1.82,1.38,1.38,0,0
ADX_MV,D,20150209,000000,1.43,1.71,1.32,1.65,0,0
ADX_MV,D,20150210,000000,1.71,1.82,1.38,1.38,0,0
ADX_MV,D,20150211,000000,1.43,1.54,1.16,1.16,0,0
ADX_MV,D,20150212,000000,1.16,1.27,0.99,1.05,0,0
ADX_MV,D,20150213,000000,1.05,1.05,0.94,0.94,0,0
ADX_MV,D,20150216,000000,0.88,1.21,0.88,1.21,0,0
ADX_MV,D,20150217,000000,1.27,1.27,1.21,1.21,0,0
ADX_MV,D,20150218,000000,0.99,1.38,0.99,1.38,0,0
ADX_MV,D,20150219,000000,1.1,1.32,1.1,1.32,0,0
ADX_MV,D,20150220,000000,1.1,1.27,0.99,0.99,0,0
ADX_MV,D,20150223,000000,0.99,1.1,0.99,0.99,0,0
ADX_MV,D,20150224,000000,0.99,1.16,0.99,1.16,0,0
ADX_MV,D,20150225,000000,1.38,1.38,1.38,1.38,0,0
ADX_MV,D,20150226,000000,1.1,1.32,1.1,1.21,0,0
ADX_MV,D,20150227,000000,1.32,1.32,1.1,1.1,0,0
ADX_MV,D,20150302,000000,1.1,1.1,1.1,1.1,0,0
ADX_MV,D,20150303,000000,1.32,1.32,1.1,1.1,0,0
ADX_MV,D,20150304,000000,1.05,1.1,1.05,1.05,0,0
ADX_MV,D,20150305,000000,1.16,1.38,1.1,1.1,0,0
ADX_MV,D,20150306,000000,1.21,1.65,1.16,1.54,0,0
ADX_MV,D,20150309,000000,1.6,1.87,1.32,1.32,0,0
ADX_MV,D,20150310,000000,1.32,1.43,1.21,1.38,0,0
ADX_MV,D,20150311,000000,1.27,1.49,1.21,1.27,0,0
ADX_MV,D,20150312,000000,1.21,1.43,1.21,1.27,0,0
ADX_MV,D,20150313,000000,1.21,1.21,1.16,1.16,0,0
ADX_MV,D,20150316,000000,1.38,1.38,1.16,1.16,0,0
ADX_MV,D,20150317,000000,1.16,1.16,1.16,1.16,0,0
ADX_MV,D,20150318,000000,1.38,1.38,1.21,1.21,0,0
ADX_MV,D,20150319,000000,1.27,1.49,1.27,1.49,0,0
ADX_MV,D,20150320,000000,1.38,1.38,1.38,1.38,0,0
ADX_MV,D,20150323,000000,1.49,1.65,1.38,1.38,0,0
ADX_MV,D,20150324,000000,1.49,1.54,1.32,1.54,0,0
ADX_MV,D,20150325,000000,1.38,1.6,1.38,1.38,0,0
ADX_MV,D,20150326,000000,1.38,1.65,1.32,1.6,0,0
ADX_MV,D,20150327,000000,1.38,1.65,1.38,1.65,0,0
ADX_MV,D,20150330,000000,1.65,1.87,1.38,1.38,0,0
ADX_MV,D,20150331,000000,1.6,1.6,1.49,1.49,0,0
ADX_MV,D,20150401,000000,1.65,1.65,1.27,1.27,0,0
ADX_MV,D,20150402,000000,1.16,1.38,1.16,1.38,0,0
ADX_MV,D,20150408,000000,1.27,1.32,1.27,1.32,0,0
ADX_MV,D,20150409,000000,1.27,1.27,1.27,1.27,0,0
ADX_MV,D,20150415,000000,1.38,1.54,1.38,1.43,0,0
ADX_MV,D,20150416,000000,1.43,1.54,1.21,1.21,0,0
ADX_MV,D,20150417,000000,1.21,1.21,1.21,1.21,0,0
ADX_MV,D,20150420,000000,1.43,1.6,1.43,1.54,0,0
ADX_MV,D,20150421,000000,1.27,1.27,1.27,1.27,0,0
ADX_MV,D,20150422,000000,1.38,1.38,1.32,1.32,0,0
ADX_MV,D,20150424,000000,1.49,1.49,1.49,1.49,0,0
ADX_MV,D,20150428,000000,1.6,1.6,1.6,1.6,0,0
ADX_MV,D,20150429,000000,1.6,1.6,1.6,1.6,0,0
ADX_MV,D,20150430,000000,1.32,1.54,1.1,1.54,0,0
ADX_MV,D,20150505,000000,1.54,1.54,1.49,1.49,0,0
ADX_MV,D,20150508,000000,1.21,1.27,0.99,1.27,0,0
ADX_MV,D,20150511,000000,1.1,1.32,1.1,1.32,0,0
ADX_MV,D,20150513,000000,1.1,1.1,0.99,0.99,0,0
ADX_MV,D,20150520,000000,1.21,1.32,1.21,1.32,0,0
ADX_MV,D,20150525,000000,1.32,1.32,1.32,1.32,0,0
ADX_MV,D,20150528,000000,1.32,1.32,1.32,1.32,0,0
ADX_MV,D,20150611,000000,1.32,1.32,1.32,1.32,0,0
ADX_MV,D,20150622,000000,1.1,1.1,1.1,1.1,0,0
ADX_MV,D,20150623,000000,0.99,0.99,0.83,0.83,0,0
ADX_MV,D,20150624,000000,0.66,0.83,0.55,0.83,0,0
ADX_MV,D,20150625,000000,0.88,0.88,0.77,0.77,0,0
ADX_MV,D,20150630,000000,0.77,0.77,0.77,0.77,0,0
ADX_MV,D,20150702,000000,0.77,0.77,0.77,0.77,0,0
ADX_MV,D,20150703,000000,0.72,0.77,0.66,0.66,0,0
ADX_MV,D,20150706,000000,0.66,0.66,0.66,0.66,0,0
ADX_MV,D,20150707,000000,0.72,0.72,0.72,0.72,0,0
ADX_MV,D,20150708,000000,0.72,0.72,0.72,0.72,0,0
ADX_MV,D,20150709,000000,0.72,0.94,0.72,0.77,0,0
ADX_MV,D,20150710,000000,0.77,0.77,0.77,0.77,0,0
ADX_MV,D,20150713,000000,0.83,0.83,0.83,0.83,0,0
ADX_MV,D,20150716,000000,0.99,1.16,0.99,1.16,0,0
ADX_MV,D,20150717,000000,1.05,1.16,0.99,1.16,0,0
ADX_MV,D,20150720,000000,1.1,1.1,1.1,1.1,0,0
ADX_MV,D,20150721,000000,1.1,1.1,1.1,1.1,0,0
ADX_MV,D,20150724,000000,1.27,1.43,1.05,1.05,0,0
ADX_MV,D,20150727,000000,1.05,1.05,0.99,0.99,0,0
ADX_MV,D,20150731,000000,1.05,1.05,1.05,1.05,0,0
ADX_MV,D,20150803,000000,1.21,1.32,1.05,1.05,0,0
ADX_MV,D,20150804,000000,1.27,1.43,1.1,1.21,0,0
ADX_MV,D,20150805,000000,1.27,1.76,1.27,1.65,0,0
ADX_MV,D,20150806,000000,1.65,2.37,1.65,2.37,0,0
ADX_MV,D,20150807,000000,2.31,3.19,1.98,1.98,0,0
ADX_MV,D,20150810,000000,1.82,2.09,1.65,1.65,0,0
ADX_MV,D,20150811,000000,1.87,2.2,1.71,2.15,0,0
ADX_MV,D,20150812,000000,2.2,2.48,2.04,2.37,0,0
ADX_MV,D,20150813,000000,2.37,2.42,1.98,2.42,0,0
ADX_MV,D,20150814,000000,2.42,2.42,2.42,2.42,0,0
ADX_MV,D,20150817,000000,2.42,2.42,2.04,2.04,0,0
ADX_MV,D,20150818,000000,1.98,1.98,1.6,1.6,0,0
ADX_MV,D,20150819,000000,1.32,1.49,1.1,1.27,0,0
ADX_MV,D,20150820,000000,1.49,1.65,1.38,1.65,0,0
ADX_MV,D,20150821,000000,1.38,1.65,1.38,1.65,0,0
ADX_MV,D,20150824,000000,1.71,1.71,1.38,1.38,0,0
ADX_MV,D,20150825,000000,1.38,1.38,1.38,1.38,0,0
ADX_MV,D,20150826,000000,1.54,1.82,1.43,1.54,0,0
ADX_MV,D,20150827,000000,1.82,1.87,1.54,1.87,0,0
ADX_MV,D,20150831,000000,1.54,1.54,1.54,1.54,0,0
ADX_MV,D,20150901,000000,1.43,1.43,1.32,1.43,0,0
ADX_MV,D,20150903,000000,1.43,1.43,1.43,1.43,0,0
ADX_MV,D,20150904,000000,1.43,1.43,1.32,1.32,0,0
ADX_MV,D,20150908,000000,1.54,1.54,1.54,1.54,0,0
ADX_MV,D,20150909,000000,1.76,1.76,1.76,1.76,0,0
ADX_MV,D,20150910,000000,1.6,1.71,1.6,1.71,0,0
ADX_MV,D,20150911,000000,1.71,1.71,1.6,1.6,0,0
ADX_MV,D,20150914,000000,1.71,1.71,1.71,1.71,0,0
ADX_MV,D,20150915,000000,1.43,1.65,1.43,1.65,0,0
ADX_MV,D,20150916,000000,1.32,1.32,1.32,1.32,0,0
ADX_MV,D,20150917,000000,1.32,1.32,1.32,1.32,0,0
ADX_MV,D,20150918,000000,1.32,1.32,1.21,1.27,0,0
ADX_MV,D,20150921,000000,1.27,1.27,1.27,1.27,0,0
ADX_MV,D,20150928,000000,1.21,2.19,1.21,2.19,0,0
ADX_MV,D,20151005,000000,2.47,2.47,2.47,2.47,0,0
ADX_MV,D,20151006,000000,2.85,3.33,2.76,2.76,0,0
ADX_MV,D,20151009,000000,3.04,3.61,3.04,3.61,0,0
ADX_MV,D,20151012,000000,3.71,3.71,3.71,3.71,0,0
ADX_MV,D,20151013,000000,3.61,3.61,3.61,3.61,0,0
ADX_MV,D,20151014,000000,3.04,3.04,3.04,3.04,0,0
ADX_MV,D,20151015,000000,3.23,3.71,3.23,3.52,0,0
ADX_MV,D,20151016,000000,3.71,3.8,3.14,3.33,0,0
ADX_MV,D,20151019,000000,3.99,4.18,3.71,3.71,0,0
ADX_MV,D,20151020,000000,3.23,3.71,2.66,2.66,0,0
ADX_MV,D,20151021,000000,3.04,3.61,2.47,3.61,0,0
ADX_MV,D,20151026,000000,3.33,3.33,3.33,3.33,0,0
ADX_MV,D,20151029,000000,2.85,2.85,2.85,2.85,0,0
ADX_MV,D,20151104,000000,3.33,3.33,3.33,3.33,0,0
ADX_MV,D,20151105,000000,3.33,3.71,3.33,3.71,0,0
ADX_MV,D,20151110,000000,3.04,3.23,2.47,2.47,0,0
ADX_MV,D,20151112,000000,2.66,2.66,2.66,2.66,0,0
ADX_MV,D,20151113,000000,2.66,2.66,2.66,2.66,0,0
ADX_MV,D,20151116,000000,2.57,2.57,2.09,2.09,0,0
ADX_MV,D,20151117,000000,2.28,2.47,2.09,2.09,0,0
ADX_MV,D,20151119,000000,2.09,2.09,2.09,2.09,0,0
ADX_MV,D,20151120,000000,1.81,1.81,1.71,1.81,0,0
ADX_MV,D,20151123,000000,1.81,1.9,1.81,1.9,0,0
ADX_MV,D,20151125,000000,2.19,2.47,2.19,2.28,0,0
ADX_MV,D,20151126,000000,2.66,3.04,2.28,2.47,0,0
ADX_MV,D,20151127,000000,2,2.47,2,2.47,0,0
ADX_MV,D,20151202,000000,2.85,3.33,2.85,2.95,0,0
ADX_MV,D,20151203,000000,3.23,3.99,3.23,3.99,0,0
ADX_MV,D,20151204,000000,4.66,4.66,4.09,4.66,0,0
ADX_MV,D,20151207,000000,4.09,4.09,3.33,4.09,0,0
ADX_MV,D,20151209,000000,3.33,3.33,3.23,3.23,0,0
ADX_MV,D,20151210,000000,2.85,2.85,2.85,2.85,0,0
ADX_MV,D,20151211,000000,2.47,2.47,2.38,2.38,0,0
ADX_MV,D,20151214,000000,2.85,2.85,2.85,2.85,0,0
ADX_MV,D,20151215,000000,2.85,2.85,2.85,2.85,0,0
ADX_MV,D,20151217,000000,2.85,2.85,2.85,2.85,0,0
ADX_MV,D,20151222,000000,2.85,3.14,2.85,3.14,0,0
ADX_MV,D,20151223,000000,3.14,3.52,3.14,3.52,0,0
ADX_MV,D,20151228,000000,3.99,4.37,3.23,4.09,0,0
ADX_MV,D,20151229,000000,4.18,4.75,3.71,4.75,0,0
ADX_MV,D,20151230,000000,3.8,4.18,3.33,3.9,0,0
ADX_MV,D,20160104,000000,3.8,3.8,3.8,3.8,0,0
ADX_MV,D,20160108,000000,3.04,3.04,2,2.19,0,0
ADX_MV,D,20160111,000000,2.57,2.66,2.38,2.38,0,0
ADX_MV,D,20160112,000000,2.38,2.57,2.38,2.38,0,0
ADX_MV,D,20160113,000000,2.85,3.14,2.66,2.66,0,0
ADX_MV,D,20160114,000000,3.14,3.23,2.57,2.57,0,0
ADX_MV,D,20160115,000000,2.47,2.47,2.47,2.47,0,0
ADX_MV,D,20160118,000000,2.95,3.42,2.47,3.04,0,0
ADX_MV,D,20160119,000000,3.61,4.28,3.42,3.61,0,0
ADX_MV,D,20160120,000000,3.99,3.99,3.99,3.99,0,0
ADX_MV,D,20160125,000000,3.14,3.14,2.66,2.66,0,0
ADX_MV,D,20160126,000000,2.66,2.66,2.38,2.38,0,0
ADX_MV,D,20160208,000000,2.38,2.38,2.38,2.38,0,0
ADX_MV,D,20160209,000000,2.38,2.38,2.38,2.38,0,0
ADX_MV,D,20160210,000000,2.85,2.95,2.38,2.95,0,0
ADX_MV,D,20160211,000000,3.04,3.61,2.85,2.85,0,0
ADX_MV,D,20160212,000000,3.33,3.99,3.33,3.33,0,0
ADX_MV,D,20160215,000000,2.85,3.61,2.85,3.33,0,0
ADX_MV,D,20160216,000000,3.99,4.75,3.61,4.75,0,0
ADX_MV,D,20160217,000000,4.75,4.75,4.37,4.37,0,0
ADX_MV,D,20160218,000000,4.37,4.37,4.37,4.37,0,0
ADX_MV,D,20160219,000000,4.18,4.18,3.33,3.33,0,0
ADX_MV,D,20160222,000000,3.99,3.99,3.23,3.23,0,0
ADX_MV,D,20160223,000000,3.23,3.23,3.23,3.23,0,0
ADX_MV,D,20160224,000000,3.23,3.23,3.23,3.23,0,0
ADX_MV,D,20160307,000000,3.23,3.23,2.76,2.76,0,0
ADX_MV,D,20160309,000000,2.95,3.52,2.85,3.52,0,0
ADX_MV,D,20160310,000000,3.61,3.71,3.61,3.71,0,0
ADX_MV,D,20160311,000000,3.71,3.71,3.71,3.71,0,0
ADX_MV,D,20160315,000000,3.71,3.71,3.71,3.71,0,0
ADX_MV,D,20160329,000000,3.61,3.61,3.61,3.61,0,0
ADX_MV,D,20160406,000000,2.66,3.04,2.66,3.04,0,0
ADX_MV,D,20160408,000000,3.04,3.52,3.04,3.52,0,0
ADX_MV,D,20160504,000000,3.14,3.14,3.14,3.14,0,0
ADX_MV,D,20160509,000000,2.95,3.14,2.95,3.14,0,0
ADX_MV,D,20160513,000000,3.14,4.37,3.14,4.37,0,0
ADX_MV,D,20160516,000000,3.99,4.75,3.23,3.23,0,0
ADX_MV,D,20160517,000000,3.8,4.09,2.38,2.38,0,0
ADX_MV,D,20160518,000000,2.38,2.66,2,2.47,0,0
ADX_MV,D,20160520,000000,2.38,2.38,2.38,2.38,0,0
ADX_MV,D,20160523,000000,2.19,2.28,2.19,2.28,0,0
ADX_MV,D,20160524,000000,2.19,2.19,1.71,1.81,0,0
ADX_MV,D,20160525,000000,1.81,2.09,1.71,1.71,0,0
ADX_MV,D,20160527,000000,1.62,2,1.62,1.62,0,0
ADX_MV,D,20160530,000000,1.62,1.71,1.52,1.62,0,0
ADX_MV,D,20160531,000000,1.52,1.52,1.24,1.33,0,0
ADX_MV,D,20160601,000000,1.33,1.52,1.24,1.24,0,0
ADX_MV,D,20160602,000000,1.33,1.43,1.33,1.43,0,0
ADX_MV,D,20160603,000000,1.43,1.43,1.43,1.43,0,0
ADX_MV,D,20160606,000000,1.52,1.52,1.24,1.24,0,0
ADX_MV,D,20160607,000000,1.43,1.43,1.33,1.33,0,0
ADX_MV,D,20160609,000000,1.33,1.43,1.33,1.43,0,0
ADX_MV,D,20160610,000000,1.24,1.33,1.24,1.33,0,0
ADX_MV,D,20160613,000000,1.33,1.33,1.24,1.33,0,0
ADX_MV,D,20160614,000000,1.24,1.33,1.24,1.33,0,0
ADX_MV,D,20160615,000000,1.24,1.24,1.24,1.24,0,0
ADX_MV,D,20160616,000000,1.24,1.24,1.24,1.24,0,0
ADX_MV,D,20160617,000000,1.24,1.24,1.24,1.24,0,0
ADX_MV,D,20160620,000000,1.24,1.24,1.24,1.24,0,0
ADX_MV,D,20160621,000000,1.33,1.33,1.24,1.24,0,0
ADX_MV,D,20160622,000000,1.24,1.24,1.24,1.24,0,0
ADX_MV,D,20160623,000000,1.24,1.24,1.24,1.24,0,0
ADX_MV,D,20160624,000000,1.24,1.24,1.24,1.24,0,0
ADX_MV,D,20160627,000000,1.24,1.24,1.24,1.24,0,0
ADX_MV,D,20160628,000000,1.24,1.24,1.24,1.24,0,0
ADX_MV,D,20160629,000000,1.33,1.33,1.33,1.33,0,0
ADX_MV,D,20160701,000000,1.33,1.52,1.33,1.52,0,0
ADX_MV,D,20160704,000000,1.52,1.52,1.52,1.52,0,0
ADX_MV,D,20160711,000000,1.52,1.52,1.52,1.52,0,0
ADX_MV,D,20160712,000000,1.24,1.24,1.24,1.24,0,0
ADX_MV,D,20160713,000000,1.24,1.24,1.24,1.24,0,0
ADX_MV,D,20160714,000000,1.14,1.24,1.14,1.14,0,0
ADX_MV,D,20160718,000000,1.24,1.24,1.24,1.24,0,0
ADX_MV,D,20160719,000000,1.24,1.24,1.24,1.24,0,0
ADX_MV,D,20160720,000000,1.24,1.24,1.24,1.24,0,0
ADX_MV,D,20160721,000000,1.24,1.24,1.24,1.24,0,0
ADX_MV,D,20160722,000000,1.24,1.24,1.24,1.24,0,0
ADX_MV,D,20160725,000000,1.24,1.24,1.24,1.24,0,0
ADX_MV,D,20160726,000000,1.24,1.24,1.14,1.14,0,0
ADX_MV,D,20160727,000000,1.14,1.24,1.14,1.24,0,0
ADX_MV,D,20160728,000000,1.24,1.24,1.24,1.24,0,0
ADX_MV,D,20160729,000000,1.24,1.24,1.14,1.14,0,0
ADX_MV,D,20160802,000000,1.24,1.24,1.24,1.24,0,0
ADX_MV,D,20160803,000000,1.05,1.05,0.95,0.95,0,0
ADX_MV,D,20160804,000000,1.14,1.24,1.14,1.24,0,0
ADX_MV,D,20160805,000000,1.05,1.05,1.05,1.05,0,0
ADX_MV,D,20160810,000000,1.05,1.14,0.95,1.14,0,0
ADX_MV,D,20160811,000000,1.24,1.24,1.24,1.24,0,0
ADX_MV,D,20160819,000000,1.05,1.05,1.05,1.05,0,0
ADX_MV,D,20160822,000000,1.05,1.05,1.05,1.05,0,0
ADX_MV,D,20160823,000000,1.24,1.24,1.24,1.24,0,0
ADX_MV,D,20160824,000000,1.05,1.05,1.05,1.05,0,0
ADX_MV,D,20160830,000000,1.14,1.14,1.14,1.14,0,0
ADX_MV,D,20160901,000000,1.14,1.33,1.14,1.14,0,0
ADX_MV,D,20160902,000000,1.14,1.24,1.14,1.24,0,0
ADX_MV,D,20160905,000000,1.05,1.05,0.95,0.95,0,0
ADX_MV,D,20160906,000000,0.95,0.95,0.86,0.86,0,0
ADX_MV,D,20160908,000000,0.86,0.95,0.86,0.95,0,0
ADX_MV,D,20160909,000000,1.05,1.05,0.86,0.95,0,0
ADX_MV,D,20160912,000000,0.86,0.95,0.76,0.86,0,0
ADX_MV,D,20160913,000000,0.95,1.14,0.95,0.95,0,0
ADX_MV,D,20160914,000000,1.14,1.14,0.95,0.95,0,0
ADX_MV,D,20160915,000000,1.14,1.33,0.95,0.95,0,0
ADX_MV,D,20160916,000000,1.05,1.24,1.05,1.24,0,0
ADX_MV,D,20160919,000000,1.33,1.33,1.33,1.33,0,0
ADX_MV,D,20160920,000000,1.33,1.33,1.33,1.33,0,0
ADX_MV,D,20160921,000000,1.33,1.43,1.33,1.33,0,0
ADX_MV,D,20160922,000000,1.43,1.52,1.14,1.14,0,0
ADX_MV,D,20160926,000000,1.33,1.33,1.33,1.33,0,0
ADX_MV,D,20160929,000000,1.14,1.14,1.14,1.14,0,0
ADX_MV,D,20161004,000000,1.33,1.52,1.24,1.24,0,0
ADX_MV,D,20161005,000000,1.43,1.52,1.24,1.24,0,0
ADX_MV,D,20161010,000000,1.43,1.52,1.43,1.43,0,0
ADX_MV,D,20161011,000000,1.52,1.52,1.43,1.43,0,0
ADX_MV,D,20161012,000000,1.43,1.62,1.14,1.24,0,0
ADX_MV,D,20161013,000000,1.33,1.52,1.14,1.14,0,0
ADX_MV,D,20161014,000000,1.24,1.43,1.24,1.43,0,0
ADX_MV,D,20161017,000000,1.24,1.43,1.24,1.43,0,0
ADX_MV,D,20161018,000000,1.24,1.43,1.24,1.43,0,0
ADX_MV,D,20161019,000000,1.24,1.71,1.24,1.71,0,0
ADX_MV,D,20161021,000000,1.43,1.43,1.43,1.43,0,0
ADX_MV,D,20161024,000000,1.62,1.9,1.62,1.9,0,0
ADX_MV,D,20161025,000000,1.9,2,1.62,1.62,0,0
ADX_MV,D,20161028,000000,1.9,1.9,1.9,1.9,0,0
ADX_MV,D,20161031,000000,2,2,2,2,0,0
ADX_MV,D,20161102,000000,2.09,2.09,1.9,1.9,0,0
ADX_MV,D,20161103,000000,2.09,2.09,2.09,2.09,0,0
ADX_MV,D,20161108,000000,1.62,1.81,1.62,1.81,0,0
ADX_MV,D,20161109,000000,2,2.28,2,2.28,0,0
ADX_MV,D,20161110,000000,2.38,2.85,2.38,2.76,0,0
ADX_MV,D,20161114,000000,2.85,2.85,2.66,2.85,0,0
ADX_MV,D,20161116,000000,2.38,2.38,1.62,1.62,0,0
ADX_MV,D,20161122,000000,1.9,2.28,1.9,2.28,0,0
ADX_MV,D,20161123,000000,2.66,3.14,2.66,3.14,0,0
ADX_MV,D,20161124,000000,3.23,3.23,2.66,2.66,0,0
ADX_MV,D,20161125,000000,3.14,3.23,3.14,3.23,0,0
ADX_MV,D,20161130,000000,2.66,2.66,2.66,2.66,0,0
ADX_MV,D,20161202,000000,2.57,2.66,2.57,2.66,0,0
ADX_MV,D,20161206,000000,2.47,2.47,2.47,2.47,0,0
ADX_MV,D,20161208,000000,2.47,2.47,2.47,2.47,0,0
ADX_MV,D,20161212,000000,2.47,2.47,2.47,2.47,0,0
ADX_MV,D,20161223,000000,2.38,2.38,2.38,2.38,0,0
ADX_MV,D,20161227,000000,2.38,2.38,2.38,2.38,0,0
ADX_MV,D,20161228,000000,2.19,2.19,2.19,2.19,0,0
ADX_MV,D,20170102,000000,1.81,1.81,1.81,1.81,0,0
ADX_MV,D,20170119,000000,1.81,1.81,1.81,1.81,0,0
ADX_MV,D,20170227,000000,2.09,2.38,2.09,2.38,0,0
ADX_MV,D,20170322,000000,2.28,2.28,2.28,2.28,0,0
ADX_MV,D,20170323,000000,2.57,3.04,2.57,3.04,0,0
ADX_MV,D,20170324,000000,3.42,3.42,3.04,3.04,0,0
ADX_MV,D,20170329,000000,3.23,3.33,3.23,3.33,0,0
ADX_MV,D,20170331,000000,3.33,3.42,3.33,3.42,0,0
ADX_MV,D,20170425,000000,2.66,2.66,2.66,2.66,0,0
ADX_MV,D,20170605,000000,2.66,2.66,2.66,2.66,0,0
ADX_MV,D,20170705,000000,2.28,2.85,2.28,2.47,0,0
ADX_MV,D,20170706,000000,2.76,3.23,2.76,3.14,0,0
ADX_MV,D,20170713,000000,2.85,3.04,2.85,3.04,0,0
ADX_MV,D,20170726,000000,2.19,2.19,2.19,2.19,0,0
ADX_MV,D,20170728,000000,2.09,2.09,1.9,1.9,0,0
ADX_MV,D,20170731,000000,2.28,2.28,2.28,2.28,0,0
ADX_MV,D,20170802,000000,2.38,2.38,2.38,2.38,0,0
ADX_MV,D,20170821,000000,1.62,1.62,1.62,1.62,0,0
ADX_MV,D,20170823,000000,1.43,1.52,1.43,1.52,0,0
ADX_MV,D,20170824,000000,1.9,2.19,1.9,2.19,0,0
ADX_MV,D,20170829,000000,2.57,2.57,2.57,2.57,0,0
ADX_MV,D,20170830,000000,2.76,2.76,2.28,2.28,0,0
ADX_MV,D,20170901,000000,2,2.09,1.9,2.09,0,0
ADX_MV,D,20170904,000000,2.47,2.85,2.38,2.38,0,0
ADX_MV,D,20170905,000000,2.38,2.38,2.38,2.38,0,0
ADX_MV,D,20170906,000000,2.76,3.14,2.76,3.04,0,0
ADX_MV,D,20170907,000000,3.23,3.8,2.66,3.61,0,0
ADX_MV,D,20170908,000000,4.28,5.13,3.8,3.8,0,0
ADX_MV,D,20170911,000000,3.14,3.71,2.85,2.85,0,0
ADX_MV,D,20170912,000000,2.95,3.42,2.57,2.57,0,0
ADX_MV,D,20170913,000000,2.76,3.23,2.28,2.28,0,0
ADX_MV,D,20170914,000000,2.47,2.47,2.47,2.47,0,0
ADX_MV,D,20170918,000000,2.95,3.52,2.95,3.52,0,0
ADX_MV,D,20170919,000000,3.71,4.28,3.23,3.23,0,0
ADX_MV,D,20170920,000000,4.28,5.04,4.28,4.75,0,0
ADX_MV,D,20170921,000000,4.75,5.13,4.66,4.75,0,0
ADX_MV,D,20170922,000000,4.47,4.47,3.61,3.99,0,0
ADX_MV,D,20170925,000000,3.71,3.99,3.71,3.99,0,0
ADX_MV,D,20170926,000000,3.52,3.99,2.85,3.99,0,0
ADX_MV,D,20170927,000000,3.99,4.37,3.33,4.28,0,0
ADX_MV,D,20170928,000000,4.28,4.28,4.28,4.28,0,0
ADX_MV,D,20170929,000000,5.99,5.99,5.99,5.99,0,0
ADX_MV,D,20171002,000000,6.65,6.94,5.32,5.89,0,0
ADX_MV,D,20171003,000000,5.51,6.18,4.94,5.99,0,0
ADX_MV,D,20171004,000000,6.46,6.94,5.7,5.7,0,0
ADX_MV,D,20171005,000000,6.46,7.03,6.37,6.75,0,0
ADX_MV,D,20171006,000000,6.75,8.08,6.18,7.13,0,0
ADX_MV,D,20171009,000000,6.75,8.93,6.75,8.93,0,0
ADX_MV,D,20171010,000000,9.41,12.64,9.03,12.16,0,0
ADX_MV,D,20171011,000000,13.68,13.68,10.26,10.26,0,0
ADX_MV,D,20171012,000000,10.26,10.83,9.5,10.74,0,0
ADX_MV,D,20171013,000000,11.21,11.78,9.98,11.78,0,0
ADX_MV,D,20171016,000000,11.02,13.49,10.93,10.93,0,0
ADX_MV,D,20171017,000000,11.02,11.69,9.5,11.31,0,0
ADX_MV,D,20171018,000000,11.21,11.21,10.26,10.26,0,0
ADX_MV,D,20171019,000000,10.45,10.64,9.79,10.26,0,0
ADX_MV,D,20171020,000000,9.88,10.64,9.6,10.26,0,0
ADX_MV,D,20171023,000000,9.88,10.07,9.03,9.5,0,0
ADX_MV,D,20171024,000000,9.41,9.5,8.93,9.5,0,0
ADX_MV,D,20171025,000000,9.5,10.36,8.74,9.79,0,0
ADX_MV,D,20171026,000000,9.79,11.12,8.74,11.02,0,0
ADX_MV,D,20171027,000000,11.5,11.59,10.45,11.21,0,0
ADX_MV,D,20171030,000000,11.21,11.5,10.45,11.21,0,0
ADX_MV,D,20171031,000000,10.93,12.54,10.64,11.69,0,0
ADX_MV,D,20171102,000000,12.45,12.64,12.26,12.54,0,0
ADX_MV,D,20171103,000000,12.54,13.78,12.35,13.3,0,0
ADX_MV,D,20171106,000000,13.11,14.25,13.11,14.16,0,0
ADX_MV,D,20171107,000000,14.16,14.44,13.78,13.87,0,0
ADX_MV,D,20171108,000000,14.16,14.44,9.5,9.5,0,0
ADX_MV,D,20171109,000000,9.98,11.31,9.98,11.02,0,0
ADX_MV,D,20171110,000000,10.93,11.21,9.79,10.36,0,0
ADX_MV,D,20171113,000000,10.36,10.83,9.98,10.17,0,0
ADX_MV,D,20171114,000000,9.79,9.98,9.03,9.69,0,0
ADX_MV,D,20171115,000000,9.5,9.5,8.46,9.41,0,0
ADX_MV,D,20171116,000000,8.55,9.88,8.46,9.79,0,0
ADX_MV,D,20171117,000000,9.69,9.88,9.5,9.88,0,0
ADX_MV,D,20171120,000000,9.22,9.5,9.03,9.5,0,0
ADX_MV,D,20171121,000000,10.07,10.45,9.31,10.45,0,0
ADX_MV,D,20171122,000000,9.5,10.36,9.5,10.36,0,0
ADX_MV,D,20171123,000000,9.6,10.26,9.6,10.07,0,0
ADX_MV,D,20171124,000000,9.6,9.88,9.6,9.88,0,0
ADX_MV,D,20171127,000000,9.6,9.6,9.31,9.5,0,0
ADX_MV,D,20171128,000000,9.03,9.31,9.03,9.31,0,0
ADX_MV,D,20171129,000000,9.5,9.5,8.84,8.84,0,0
ADX_MV,D,20171130,000000,9.5,9.5,9.12,9.5,0,0
ADX_MV,D,20171201,000000,9.12,9.12,9.12,9.12,0,0
ADX_MV,D,20171204,000000,8.65,9.41,8.55,9.41,0,0
ADX_MV,D,20171206,000000,8.74,8.93,8.55,8.93,0,0
ADX_MV,D,20171207,000000,8.46,8.55,7.03,8.55,0,0
ADX_MV,D,20171208,000000,7.6,8.65,7.03,8.65,0,0
ADX_MV,D,20171211,000000,8.17,8.93,7.89,8.93,0,0
ADX_MV,D,20171212,000000,8.27,8.27,8.17,8.27,0,0
ADX_MV,D,20171214,000000,8.17,8.17,7.89,7.89,0,0
ADX_MV,D,20171215,000000,7.98,8.74,7.89,8.74,0,0
ADX_MV,D,20171218,000000,8.17,8.17,8.08,8.08,0,0
ADX_MV,D,20171227,000000,8.17,8.17,7.7,7.7,0,0
ADX_MV,D,20171228,000000,8.27,8.27,7.7,7.7,0,0
ADX_MV,D,20171229,000000,8.27,9.31,8.27,9.31,0,0
ADX_MV,D,20180103,000000,9.12,9.22,8.55,8.74,0,0
ADX_MV,D,20180104,000000,9.12,9.12,8.84,8.84,0,0
ADX_MV,D,20180108,000000,8.36,8.93,8.36,8.93,0,0
ADX_MV,D,20180109,000000,8.27,8.27,8.27,8.27,0,0
ADX_MV,D,20180110,000000,8.17,8.17,8.17,8.17,0,0
ADX_MV,D,20180112,000000,8.17,8.17,8.08,8.08,0,0
ADX_MV,D,20180115,000000,8.08,8.93,7.98,8.93,0,0
ADX_MV,D,20180116,000000,8.65,9.03,8.65,8.93,0,0
ADX_MV,D,20180117,000000,9.03,9.6,8.93,8.93,0,0
ADX_MV,D,20180118,000000,8.93,8.93,8.93,8.93,0,0
ADX_MV,D,20180119,000000,8.93,8.93,8.93,8.93,0,0
ADX_MV,D,20180122,000000,8.93,9.5,8.93,9.5,0,0
ADX_MV,D,20180123,000000,9.5,9.5,9.5,9.5,0,0
ADX_MV,D,20180124,000000,9.41,9.5,9.41,9.5,0,0
ADX_MV,D,20180125,000000,9.5,10.55,9.5,10.45,0,0
ADX_MV,D,20180126,000000,9.98,10.45,9.5,10.36,0,0
ADX_MV,D,20180129,000000,9.5,10.36,9.5,10.26,0,0
ADX_MV,D,20180130,000000,9.5,9.5,9.03,9.5,0,0
ADX_MV,D,20180201,000000,9.5,10.93,9.5,10.74,0,0
ADX_MV,D,20180202,000000,10.74,10.74,10.74,10.74,0,0
ADX_MV,D,20180205,000000,9.6,10.17,9.5,9.69,0,0
ADX_MV,D,20180206,000000,8.93,9.31,8.55,8.84,0,0
ADX_MV,D,20180207,000000,9.41,9.5,9.41,9.5,0,0
ADX_MV,D,20180208,000000,9.12,9.88,8.74,9.88,0,0
ADX_MV,D,20180209,000000,8.93,9.98,8.74,9.98,0,0
ADX_MV,D,20180212,000000,8.93,9.6,8.93,9.6,0,0
ADX_MV,D,20180213,000000,9.6,9.98,9.6,9.98,0,0
ADX_MV,D,20180214,000000,9.98,10.17,9.5,9.69,0,0
ADX_MV,D,20180215,000000,9.5,9.6,8.93,8.93,0,0
ADX_MV,D,20180216,000000,9.41,9.5,8.93,8.93,0,0
ADX_MV,D,20180219,000000,9.41,9.6,9.41,9.6,0,0
ADX_MV,D,20180220,000000,9.22,9.69,9.22,9.69,0,0
ADX_MV,D,20180221,000000,9.31,9.5,9.03,9.03,0,0
ADX_MV,D,20180222,000000,9.5,9.69,9.5,9.69,0,0
ADX_MV,D,20180223,000000,9.5,9.5,9.5,9.5,0,0
ADX_MV,D,20180226,000000,9.03,9.69,9.03,9.69,0,0
ADX_MV,D,20180227,000000,9.22,9.6,9.22,9.6,0,0
ADX_MV,D,20180228,000000,9.22,9.22,9.22,9.22,0,0
ADX_MV,D,20180301,000000,9.41,9.69,9.41,9.69,0,0
ADX_MV,D,20180302,000000,9.5,9.5,9.5,9.5,0,0
ADX_MV,D,20180306,000000,9.31,9.69,8.93,9.69,0,0
ADX_MV,D,20180308,000000,9.5,9.88,9.22,9.88,0,0
ADX_MV,D,20180309,000000,9.98,9.98,9.98,9.98,0,0
ADX_MV,D,20180312,000000,9.98,11.31,9.98,10.45,0,0
ADX_MV,D,20180313,000000,10.74,10.74,10.74,10.74,0,0
ADX_MV,D,20180314,000000,10.17,11.12,10.17,11.12,0,0
ADX_MV,D,20180315,000000,11.31,11.78,11.02,11.78,0,0
ADX_MV,D,20180316,000000,11.02,11.69,11.02,11.69,0,0
ADX_MV,D,20180319,000000,10.93,10.93,10.93,10.93,0,0
ADX_MV,D,20180320,000000,10.93,10.93,10.93,10.93,0,0
ADX_MV,D,20180321,000000,10.36,10.93,10.36,10.93,0,0
ADX_MV,D,20180323,000000,10.45,10.93,10.36,10.93,0,0
ADX_MV,D,20180326,000000,10.17,10.83,10.17,10.83,0,0
ADX_MV,D,20180328,000000,9.98,9.98,9.98,9.98,0,0
ADX_MV,D,20180329,000000,10.83,10.83,10.83,10.83,0,0
ADX_MV,D,20180403,000000,9.69,10.74,9.31,10.74,0,0
ADX_MV,D,20180405,000000,9.69,10.74,9.69,10.74,0,0
ADX_MV,D,20180406,000000,10.26,10.26,10.17,10.17,0,0
ADX_MV,D,20180409,000000,9.69,9.69,9.5,9.5,0,0
ADX_MV,D,20180410,000000,9.5,9.69,9.5,9.69,0,0
ADX_MV,D,20180412,000000,9.22,10.26,9.22,10.26,0,0
ADX_MV,D,20180413,000000,9.5,9.88,9.31,9.88,0,0
ADX_MV,D,20180416,000000,9.6,10.17,9.5,10.17,0,0
ADX_MV,D,20180417,000000,10.17,10.17,10.07,10.07,0,0
ADX_MV,D,20180420,000000,9.98,9.98,9.98,9.98,0,0
ADX_MV,D,20180423,000000,9.6,9.6,8.84,9.6,0,0
ADX_MV,D,20180424,000000,9.6,10.07,9.31,10.07,0,0
ADX_MV,D,20180425,000000,10.07,10.07,9.12,9.98,0,0
ADX_MV,D,20180427,000000,9.31,9.88,9.22,9.22,0,0
ADX_MV,D,20180502,000000,9.5,10.07,9.5,9.79,0,0
ADX_MV,D,20180504,000000,9.6,10.07,9.6,10.07,0,0
ADX_MV,D,20180507,000000,9.5,10.07,9.5,9.98,0,0
ADX_MV,D,20180509,000000,9.98,10.07,9.98,10.07,0,0
ADX_MV,D,20180510,000000,9.69,9.69,9.69,9.69,0,0
ADX_MV,D,20180511,000000,10.17,10.17,10.17,10.17,0,0
ADX_MV,D,20180514,000000,9.69,10.55,8.93,10.55,0,0
ADX_MV,D,20180515,000000,9.5,10.36,9.5,10.36,0,0
ADX_MV,D,20180517,000000,10.07,10.07,10.07,10.07,0,0
ADX_MV,D,20180518,000000,9.6,10.07,9.5,10.07,0,0
ADX_MV,D,20180521,000000,9.5,9.5,9.5,9.5,0,0
ADX_MV,D,20180523,000000,9.6,10.17,9.6,10.17,0,0
ADX_MV,D,20180524,000000,9.98,10.45,9.98,10.45,0,0
ADX_MV,D,20180525,000000,9.88,10.26,9.79,10.26,0,0
ADX_MV,D,20180528,000000,10.45,10.45,10.45,10.45,0,0
ADX_MV,D,20180529,000000,10.55,10.55,10.55,10.55,0,0
ADX_MV,D,20180530,000000,10.64,10.64,10.07,10.45,0,0
ADX_MV,D,20180604,000000,9.5,10.26,9.5,10.26,0,0
ADX_MV,D,20180605,000000,9.5,10.07,9.5,10.07,0,0
ADX_MV,D,20180606,000000,9.6,9.6,9.6,9.6,0,0
ADX_MV,D,20180611,000000,9.88,9.98,9.79,9.79,0,0
ADX_MV,D,20180612,000000,9.79,9.79,9.79,9.79,0,0
ADX_MV,D,20180619,000000,9.79,9.79,9.6,9.6,0,0
ADX_MV,D,20180621,000000,9.5,9.5,9.5,9.5,0,0
ADX_MV,D,20180622,000000,9.5,9.5,9.5,9.5,0,0
ADX_MV,D,20180625,000000,9.69,9.79,9.5,9.5,0,0
ADX_MV,D,20180626,000000,9.69,9.79,9.5,9.5,0,0
ADX_MV,D,20180627,000000,9.5,9.5,9.5,9.5,0,0
ADX_MV,D,20180628,000000,8.93,9.5,8.93,9.5,0,0
ADX_MV,D,20180703,000000,9.41,9.79,9.41,9.79,0,0
ADX_MV,D,20180704,000000,9.5,9.5,9.5,9.5,0,0
ADX_MV,D,20180706,000000,9.5,9.5,9.5,9.5,0,0
ADX_MV,D,20180710,000000,9.5,9.5,9.41,9.41,0,0
ADX_MV,D,20180711,000000,9.6,10.17,9.6,10.17,0,0
ADX_MV,D,20180713,000000,9.98,10.36,9.98,10.36,0,0
ADX_MV,D,20180716,000000,10.36,10.55,9.69,10.45,0,0
ADX_MV,D,20180718,000000,9.69,9.79,9.12,9.79,0,0
ADX_MV,D,20180724,000000,9.12,9.12,8.84,8.84,0,0
ADX_MV,D,20180725,000000,9.22,9.6,9.22,9.5,0,0
ADX_MV,D,20180726,000000,9.5,9.6,9.5,9.6,0,0
ADX_MV,D,20180731,000000,9.6,10.36,9.6,10.36,0,0
ADX_MV,D,20180803,000000,9.5,9.5,9.5,9.5,0,0
ADX_MV,D,20180806,000000,10.26,10.26,9.5,9.98,0,0
ADX_MV,D,20180808,000000,10.26,10.74,10.26,10.74,0,0
ADX_MV,D,20180809,000000,10.74,11.21,10.45,11.21,0,0
ADX_MV,D,20180810,000000,11.12,11.12,11.12,11.12,0,0
ADX_MV,D,20180813,000000,10.74,11.4,10.64,11.4,0,0
ADX_MV,D,20180814,000000,11.59,11.59,11.59,11.59,0,0
ADX_MV,D,20180816,000000,10.83,11.4,10.83,11.4,0,0
ADX_MV,D,20180820,000000,10.74,10.74,10.74,10.74,0,0
ADX_MV,D,20180822,000000,10.74,10.74,10.45,10.45,0,0
ADX_MV,D,20180823,000000,10.17,10.45,10.17,10.45,0,0
ADX_MV,D,20180827,000000,10.17,10.45,10.17,10.45,0,0
ADX_MV,D,20180830,000000,9.6,9.6,9.5,9.5,0,0
ADX_MV,D,20180831,000000,10.07,10.45,10.07,10.45,0,0
ADX_MV,D,20180905,000000,9.98,9.98,9.98,9.98,0,0
ADX_MV,D,20180906,000000,10.55,10.55,9.98,9.98,0,0
ADX_MV,D,20180913,000000,9.12,10.45,9.12,10.45,0,0
ADX_MV,D,20180914,000000,9.03,9.03,9.03,9.03,0,0
ADX_MV,D,20180917,000000,9.5,10.07,9.5,10.07,0,0
ADX_MV,D,20180920,000000,9.12,10.36,8.65,8.74,0,0
ADX_MV,D,20180921,000000,9.79,11.21,9.41,10.83,0,0
ADX_MV,D,20180926,000000,9.6,9.98,9.6,9.98,0,0
ADX_MV,D,20180927,000000,9.88,10.64,9.88,10.64,0,0
ADX_MV,D,20180928,000000,10.55,10.83,10.55,10.83,0,0
ADX_MV,D,20181002,000000,9.98,11.21,9.98,11.21,0,0
ADX_MV,D,20181008,000000,10.45,11.12,10.45,11.12,0,0
ADX_MV,D,20181009,000000,11.12,11.5,11.12,11.5,0,0
ADX_MV,D,20181010,000000,11.12,11.5,11.12,11.5,0,0
ADX_MV,D,20181015,000000,9.88,10.83,9.88,10.83,0,0
ADX_MV,D,20181017,000000,9.69,9.69,9.69,9.69,0,0
ADX_MV,D,20181018,000000,10.74,10.74,10.74,10.74,0,0
ADX_MV,D,20181022,000000,9.69,10.64,9.69,10.64,0,0
ADX_MV,D,20181025,000000,9.5,10.55,9.5,10.55,0,0
ADX_MV,D,20181029,000000,9.69,10.55,9.69,10.55,0,0
ADX_MV,D,20181031,000000,9.6,10.36,9.6,10.36,0,0
ADX_MV,D,20181105,000000,9.5,9.5,9.5,9.5,0,0
ADX_MV,D,20181107,000000,9.12,9.12,9.12,9.12,0,0
ADX_MV,D,20181108,000000,9.12,10.17,9.12,9.5,0,0
ADX_MV,D,20181109,000000,9.03,9.98,8.74,9.98,0,0
ADX_MV,D,20181116,000000,9.5,10.07,8.65,10.07,0,0
ADX_MV,D,20181120,000000,8.74,9.69,7.6,9.6,0,0
ADX_MV,D,20181121,000000,8.93,9.69,8.93,9.69,0,0
ADX_MV,D,20181123,000000,9.41,9.88,9.12,9.88,0,0
ADX_MV,D,20181126,000000,9.41,9.88,7.79,9.5,0,0
ADX_MV,D,20181128,000000,8.74,9.5,8.74,9.5,0,0
ADX_MV,D,20181129,000000,9.5,9.5,9.31,9.31,0,0
ADX_MV,D,20181130,000000,9.5,9.5,9.5,9.5,0,0
ADX_MV,D,20181203,000000,9.69,9.69,9.6,9.6,0,0
ADX_MV,D,20181204,000000,9.79,9.88,9.12,9.88,0,0
ADX_MV,D,20181205,000000,9.12,9.88,9.12,9.88,0,0
ADX_MV,D,20181206,000000,8.93,9.88,8.93,9.88,0,0
ADX_MV,D,20181211,000000,9.5,9.88,9.5,9.88,0,0
ADX_MV,D,20181212,000000,8.93,8.93,8.93,8.93,0,0
ADX_MV,D,20181213,000000,9.79,9.79,9.79,9.79,0,0
ADX_MV,D,20181214,000000,8.46,9.41,8.46,8.74,0,0
ADX_MV,D,20181217,000000,9.03,9.03,9.03,9.03,0,0
ADX_MV,D,20181219,000000,8.74,9.41,8.74,9.41,0,0
ADX_MV,D,20181220,000000,9.22,9.41,9.22,9.41,0,0
ADX_MV,D,20181221,000000,9.12,9.6,9.03,9.6,0,0
ADX_MV,D,20181227,000000,9.41,9.5,9.41,9.5,0,0
ADX_MV,D,20181228,000000,9.41,9.41,9.41,9.41,0,0
ADX_MV,D,20190103,000000,7.89,10.45,7.89,10.45,0,0
ADX_MV,D,20190104,000000,9.5,9.5,8.74,9.41,0,0
ADX_MV,D,20190107,000000,9.03,9.03,8.65,8.84,0,0
ADX_MV,D,20190109,000000,8.65,9.22,8.65,9.22,0,0
ADX_MV,D,20190110,000000,8.55,8.55,8.55,8.55,0,0
ADX_MV,D,20190114,000000,8.27,9.22,8.27,8.46,0,0
ADX_MV,D,20190115,000000,8.65,8.65,8.65,8.65,0,0
ADX_MV,D,20190116,000000,8.65,9.12,8.65,9.12,0,0
ADX_MV,D,20190117,000000,8.46,8.46,8.46,8.46,0,0
ADX_MV,D,20190118,000000,8.46,9.12,8.46,9.12,0,0
ADX_MV,D,20190122,000000,8.36,8.36,8.36,8.36,0,0
ADX_MV,D,20190123,000000,8.36,8.93,8.36,8.93,0,0
ADX_MV,D,20190124,000000,8.17,8.17,8.08,8.17,0,0
ADX_MV,D,20190125,000000,8.74,8.74,8.74,8.74,0,0
ADX_MV,D,20190129,000000,8.08,8.36,8.08,8.36,0,0
ADX_MV,D,20190208,000000,7.98,8.08,7.98,8.08,0,0
ADX_MV,D,20190213,000000,8.55,9.31,8.55,9.31,0,0
ADX_MV,D,20190214,000000,8.74,8.74,8.74,8.74,0,0
ADX_MV,D,20190218,000000,8.17,8.17,8.17,8.17,0,0
ADX_MV,D,20190219,000000,8.08,8.65,7.89,8.27,0,0
ADX_MV,D,20190220,000000,8.74,8.74,8.55,8.55,0,0
ADX_MV,D,20190221,000000,8.55,10.45,8.55,10.45,0,0
ADX_MV,D,20190222,000000,10.17,10.45,10.17,10.45,0,0
ADX_MV,D,20190304,000000,10.45,10.45,9.79,9.79,0,0
ADX_MV,D,20190305,000000,9.98,9.98,9.98,9.98,0,0
ADX_MV,D,20190306,000000,9.69,9.69,9.69,9.69,0,0
ADX_MV,D,20190307,000000,9.5,9.69,9.5,9.69,0,0
ADX_MV,D,20190308,000000,9.22,9.22,9.22,9.22,0,0
ADX_MV,D,20190312,000000,8.65,9.41,8.55,9.41,0,0
ADX_MV,D,20190313,000000,9.31,9.31,9.31,9.31,0,0
ADX_MV,D,20190315,000000,8.65,8.65,8.65,8.65,0,0
ADX_MV,D,20190318,000000,8.84,9.31,8.84,9.31,0,0
ADX_MV,D,20190322,000000,9.03,9.12,9.03,9.12,0,0
ADX_MV,D,20190328,000000,9.03,9.03,8.74,9.03,0,0
ADX_MV,D,20190403,000000,9.41,9.41,9.41,9.41,0,0
ADX_MV,D,20190404,000000,9.03,9.03,9.03,9.03,0,0
ADX_MV,D,20190405,000000,9.03,9.03,9.03,9.03,0,0
ADX_MV,D,20190408,000000,8.65,9.31,8.65,9.31,0,0
ADX_MV,D,20190409,000000,8.84,8.84,8.84,8.84,0,0
ADX_MV,D,20190412,000000,8.65,8.65,8.55,8.55,0,0
ADX_MV,D,20190415,000000,8.65,8.74,8.65,8.74,0,0
ADX_MV,D,20190417,000000,8.55,8.55,8.55,8.55,0,0
ADX_MV,D,20190429,000000,7.98,9.31,7.98,9.31,0,0
ADX_MV,D,20190430,000000,8.36,9.5,8.36,9.5,0,0
ADX_MV,D,20190502,000000,8.46,9.98,8.46,9.98,0,0
ADX_MV,D,20190506,000000,8.84,8.84,8.84,8.84,0,0
ADX_MV,D,20190507,000000,8.27,8.36,7.6,8.36,0,0
ADX_MV,D,20190508,000000,8.36,8.46,8.36,8.46,0,0
ADX_MV,D,20190514,000000,7.79,7.98,7.79,7.98,0,0
ADX_MV,D,20190521,000000,7.79,7.79,7.79,7.79,0,0
ADX_MV,D,20190527,000000,7.98,7.98,7.98,7.98,0,0
ADX_MV,D,20190528,000000,7.98,7.98,7.98,7.98,0,0
ADX_MV,D,20190530,000000,8.36,9.5,8.36,9.5,0,0
ADX_MV,D,20190531,000000,10.74,10.74,9.5,9.5,0,0
ADX_MV,D,20190603,000000,10.64,11.31,9.88,10.36,0,0
ADX_MV,D,20190604,000000,9.79,11.31,9.69,9.79,0,0
ADX_MV,D,20190605,000000,9.6,10.36,9.6,10.36,0,0
ADX_MV,D,20190606,000000,10.17,11.02,10.07,11.02,0,0
ADX_MV,D,20190610,000000,10.93,11.02,10.83,11.02,0,0
ADX_MV,D,20190611,000000,11.02,11.97,11.02,11.97,0,0
ADX_MV,D,20190612,000000,12.26,12.26,11.88,12.26,0,0
ADX_MV,D,20190613,000000,11.88,12.26,11.78,12.26,0,0
ADX_MV,D,20190614,000000,11.88,12.35,11.88,12.35,0,0
ADX_MV,D,20190617,000000,12.35,12.54,12.16,12.54,0,0
ADX_MV,D,20190618,000000,12.16,12.54,12.16,12.54,0,0
ADX_MV,D,20190619,000000,12.45,12.54,12.45,12.45,0,0
ADX_MV,D,20190621,000000,11.12,12.16,11.12,12.16,0,0
ADX_MV,D,20190624,000000,10.93,12.07,10.93,12.07,0,0
ADX_MV,D,20190625,000000,11.97,12.07,11.97,12.07,0,0
ADX_MV,D,20190626,000000,10.74,11.88,10.74,11.88,0,0
ADX_MV,D,20190627,000000,11.88,12.35,11.88,12.35,0,0
ADX_MV,D,20190628,000000,10.93,12.45,10.93,12.45,0,0
ADX_MV,D,20190701,000000,12.54,12.54,12.54,12.54,0,0
ADX_MV,D,20190702,000000,12.54,12.64,12.54,12.64,0,0
ADX_MV,D,20190703,000000,12.64,12.64,12.64,12.64,0,0
ADX_MV,D,20190710,000000,11.21,12.35,11.21,12.35,0,0
ADX_MV,D,20190711,000000,12.35,12.73,12.35,12.73,0,0
ADX_MV,D,20190712,000000,11.88,12.73,11.88,12.73,0,0
ADX_MV,D,20190715,000000,12.73,12.73,12.73,12.73,0,0
ADX_MV,D,20190717,000000,12.73,14.25,12.73,14.25,0,0
ADX_MV,D,20190718,000000,14.25,14.25,13.78,14.25,0,0
ADX_MV,D,20190719,000000,13.3,14.16,12.35,13.78,0,0
ADX_MV,D,20190724,000000,12.35,13.3,12.35,13.3,0,0
ADX_MV,D,20190725,000000,12.35,13.97,12.35,13.78,0,0
ADX_MV,D,20190726,000000,12.35,14.06,12.35,14.06,0,0
ADX_MV,D,20190730,000000,12.35,12.35,12.35,12.35,0,0
ADX_MV,D,20190731,000000,12.35,14.06,10.93,12.83,0,0
ADX_MV,D,20190801,000000,14.06,14.06,11.4,11.4,0,0
ADX_MV,D,20190802,000000,11.31,11.31,11.31,11.31,0,0
ADX_MV,D,20190807,000000,11.4,12.35,11.4,11.4,0,0
ADX_MV,D,20190808,000000,11.4,12.83,11.21,11.59,0,0
ADX_MV,D,20190809,000000,11.59,12.83,11.59,12.83,0,0
ADX_MV,D,20190812,000000,11.4,11.4,11.4,11.4,0,0
ADX_MV,D,20190813,000000,11.4,13.3,11.4,12.83,0,0
ADX_MV,D,20190814,000000,11.4,11.4,11.4,11.4,0,0
ADX_MV,D,20190819,000000,10.17,11.4,10.17,11.4,0,0
ADX_MV,D,20190822,000000,10.26,11.4,10.07,11.4,0,0
ADX_MV,D,20190823,000000,10.45,11.21,10.45,11.21,0,0
ADX_MV,D,20190826,000000,9.98,11.4,9.5,10.93,0,0
ADX_MV,D,20190828,000000,11.02,11.88,10.93,11.59,0,0
ADX_MV,D,20190829,000000,11.88,11.88,11.88,11.88,0,0
ADX_MV,D,20190830,000000,11.12,11.88,11.12,11.12,0,0
ADX_MV,D,20190904,000000,10.45,10.45,9.69,9.69,0,0
ADX_MV,D,20190905,000000,10.83,10.93,10.45,10.93,0,0
ADX_MV,D,20190909,000000,10.93,11.5,10.45,10.45,0,0
ADX_MV,D,20190910,000000,9.79,10.93,9.69,10.93,0,0
ADX_MV,D,20190916,000000,10.74,10.74,9.5,9.98,0,0
ADX_MV,D,20190917,000000,9.31,9.98,9.31,9.98,0,0
ADX_MV,D,20190918,000000,9.12,9.98,9.12,9.98,0,0
ADX_MV,D,20190919,000000,9.31,9.31,8.65,8.65,0,0
ADX_MV,D,20190920,000000,8.74,8.93,8.55,8.84,0,0
ADX_MV,D,20190924,000000,8.74,8.93,8.74,8.84,0,0
ADX_MV,D,20190925,000000,8.93,8.93,8.55,8.55,0,0
ADX_MV,D,20190927,000000,8.55,8.55,8.55,8.55,0,0
ADX_MV,D,20190930,000000,8.55,8.55,7.98,7.98,0,0
ADX_MV,D,20191001,000000,8.27,8.27,7.79,7.79,0,0
ADX_MV,D,20191002,000000,7.79,7.79,7.7,7.7,0,0
ADX_MV,D,20191003,000000,7.6,7.6,7.6,7.6,0,0
ADX_MV,D,20191007,000000,7.6,8.36,7.6,8.27,0,0
ADX_MV,D,20191009,000000,7.79,7.89,7.79,7.89,0,0
ADX_MV,D,20191010,000000,7.84,8.27,7.79,8.27,0,0
ADX_MV,D,20191014,000000,7.79,7.79,7.79,7.79,0,0
ADX_MV,D,20191016,000000,8.27,8.74,8.27,8.74,0,0
ADX_MV,D,20191017,000000,8.08,8.08,8.08,8.08,0,0
ADX_MV,D,20191018,000000,7.41,8.17,7.41,8.17,0,0
ADX_MV,D,20191021,000000,7.22,7.89,7.22,7.89,0,0
ADX_MV,D,20191022,000000,7.89,8.36,7.79,8.27,0,0
ADX_MV,D,20191024,000000,7.6,7.6,7.6,7.6,0,0
ADX_MV,D,20191025,000000,7.6,7.6,7.6,7.6,0,0
ADX_MV,D,20191028,000000,7.6,7.7,7.6,7.7,0,0
ADX_MV,D,20191029,000000,7.7,7.7,7.6,7.6,0,0
ADX_MV,D,20191030,000000,7.41,7.41,7.41,7.41,0,0
ADX_MV,D,20191031,000000,7.41,7.41,7.41,7.41,0,0
ADX_MV,D,20191104,000000,7.79,7.79,7.79,7.79,0,0
ADX_MV,D,20191105,000000,7.32,7.79,7.32,7.79,0,0
ADX_MV,D,20191106,000000,7.6,8.08,7.41,8.08,0,0
ADX_MV,D,20191107,000000,8.55,9.6,8.55,8.65,0,0
ADX_MV,D,20191108,000000,9.5,9.5,9.5,9.5,0,0
ADX_MV,D,20191113,000000,8.74,9.5,8.74,9.5,0,0
ADX_MV,D,20191114,000000,8.74,9.5,8.74,9.45,0,0
ADX_MV,D,20191115,000000,8.79,9.45,8.79,9.45,0,0
ADX_MV,D,20191118,000000,8.55,8.55,8.55,8.55,0,0
ADX_MV,D,20191120,000000,8.93,9.69,8.93,9.69,0,0
ADX_MV,D,20191121,000000,8.36,14.94,8.36,14.94,0,0
ADX_MV,D,20191125,000000,14.11,15.44,14.11,15.44,0,0
ADX_MV,D,20191126,000000,14.36,15.44,14.36,15.44,0,0
ADX_MV,D,20191127,000000,14.28,14.28,14.28,14.28,0,0
ADX_MV,D,20191129,000000,15.27,16.6,15.27,16.6,0,0
ADX_MV,D,20191202,000000,16.77,16.93,16.77,16.93,0,0
ADX_MV,D,20191204,000000,15.77,16.77,15.61,16.77,0,0
ADX_MV,D,20191205,000000,15.61,16.77,15.61,16.77,0,0
ADX_MV,D,20191212,000000,15.44,16.52,15.44,16.52,0,0
ADX_MV,D,20191213,000000,15.44,15.44,15.44,15.44,0,0
ADX_MV,D,20191216,000000,16.02,16.02,16.02,16.02,0,0
ADX_MV,D,20191217,000000,15.77,15.77,15.44,15.44,0,0
ADX_MV,D,20191218,000000,15.27,15.27,15.27,15.27,0,0
ADX_MV,D,20191223,000000,15.61,15.94,14.61,14.61,0,0
ADX_MV,D,20191227,000000,14.61,15.94,14.61,15.94,0,0
ADX_MV,D,20200109,000000,14.28,15.27,14.11,14.11,0,0
ADX_MV,D,20200110,000000,13.95,13.95,13.45,13.45,0,0
ADX_MV,D,20200113,000000,13.61,14.44,13.61,14.44,0,0
ADX_MV,D,20200114,000000,14.44,14.44,14.44,14.44,0,0
ADX_MV,D,20200115,000000,14.44,14.44,14.44,14.44,0,0
ADX_MV,D,20200120,000000,13.61,13.61,13.12,13.61,0,0
ADX_MV,D,20200121,000000,13.95,13.95,13.28,13.28,0,0
ADX_MV,D,20200122,000000,13.53,13.53,13.45,13.45,0,0
ADX_MV,D,20200123,000000,13.53,13.53,13.53,13.53,0,0
ADX_MV,D,20200129,000000,13.95,13.95,13.95,13.95,0,0
ADX_MV,D,20200130,000000,13.95,13.95,13.95,13.95,0,0
ADX_MV,D,20200131,000000,14.28,14.61,13.61,13.61,0,0
ADX_MV,D,20200203,000000,14.61,14.61,14.61,14.61,0,0
ADX_MV,D,20200207,000000,14.61,14.61,13.61,13.61,0,0
ADX_MV,D,20200210,000000,14.61,14.78,14.28,14.28,0,0
ADX_MV,D,20200211,000000,14.28,14.28,14.28,14.28,0,0
ADX_MV,D,20200212,000000,14.11,14.11,14.11,14.11,0,0
ADX_MV,D,20200213,000000,13.95,14.44,13.95,14.44,0,0
ADX_MV,D,20200214,000000,14.61,15.11,14.61,14.61,0,0
ADX_MV,D,20200218,000000,15.94,15.94,15.77,15.77,0,0
ADX_MV,D,20200219,000000,16.27,17.1,15.77,15.94,0,0
ADX_MV,D,20200220,000000,18.59,22.25,16.77,19.09,0,0
ADX_MV,D,20200221,000000,21.58,21.58,19.09,19.09,0,0
ADX_MV,D,20200224,000000,19.09,19.26,17.43,19.09,0,0
ADX_MV,D,20200226,000000,15.94,17.76,15.77,17.76,0,0
ADX_MV,D,20200227,000000,17.76,18.26,17.76,18.26,0,0
ADX_MV,D,20200228,000000,15.94,15.94,15.44,15.61,0,0
ADX_MV,D,20200302,000000,15.61,16.93,14.61,16.93,0,0
ADX_MV,D,20200303,000000,15.77,15.94,15.77,15.77,0,0
ADX_MV,D,20200304,000000,15.77,15.77,15.11,15.11,0,0
ADX_MV,D,20200305,000000,14.78,15.11,14.61,15.11,0,0
ADX_MV,D,20200306,000000,15.11,15.11,14.61,14.61,0,0
ADX_MV,D,20200310,000000,13.95,14.61,13.95,14.44,0,0
ADX_MV,D,20200311,000000,14.28,14.28,12.45,13.12,0,0
ADX_MV,D,20200312,000000,11.95,11.95,11.79,11.87,0,0
ADX_MV,D,20200313,000000,12.45,14.36,12.45,14.36,0,0
ADX_MV,D,20200316,000000,12.62,12.62,11.62,12.62,0,0
ADX_MV,D,20200317,000000,14.78,14.78,12.12,12.78,0,0
ADX_MV,D,20200318,000000,14.53,14.53,12.78,12.78,0,0
ADX_MV,D,20200319,000000,12.78,12.95,12.45,12.95,0,0
ADX_MV,D,20200320,000000,11.95,13.12,11.95,13.12,0,0
ADX_MV,D,20200323,000000,12.12,13.12,11.95,13.12,0,0
ADX_MV,D,20200324,000000,13.12,13.12,13.12,13.12,0,0
ADX_MV,D,20200325,000000,13.61,14.03,13.45,14.03,0,0
ADX_MV,D,20200330,000000,14.11,14.11,14.11,14.11,0,0
ADX_MV,D,20200331,000000,15.69,15.69,15.69,15.69,0,0
ADX_MV,D,20200401,000000,14.44,14.44,14.44,14.44,0,0
ADX_MV,D,20200402,000000,13.45,16.44,13.45,16.44,0,0
ADX_MV,D,20200403,000000,16.44,16.44,16.44,16.44,0,0
ADX_MV,D,20200406,000000,15.11,16.44,15.11,16.44,0,0
ADX_MV,D,20200407,000000,15.61,16.44,15.61,16.44,0,0
ADX_MV,D,20200408,000000,16.1,16.1,16.1,16.1,0,0
ADX_MV,D,20200414,000000,14.78,16.44,14.78,16.44,0,0
ADX_MV,D,20200415,000000,15.61,16.77,15.61,16.77,0,0
ADX_MV,D,20200416,000000,16.77,16.77,15.61,16.77,0,0
ADX_MV,D,20200417,000000,16.93,50.57,14.61,50.57,0,0
ADX_MV,D,20200420,000000,46.65,46.65,42.72,46.65,0,0
ADX_MV,D,20200421,000000,45.17,45.17,45.17,45.17,0,0
ADX_MV,D,20200428,000000,42.72,42.72,39.28,42.72,0,0
ADX_MV,D,20200430,000000,39.77,43.21,39.77,43.21,0,0
ADX_MV,D,20200504,000000,39.77,42.72,39.28,42.72,0,0
ADX_MV,D,20200507,000000,42.23,42.23,42.23,42.23,0,0
ADX_MV,D,20200511,000000,39.28,40.75,38.79,40.75,0,0
ADX_MV,D,20200512,000000,40.75,46.89,40.75,46.89,0,0
ADX_MV,D,20200513,000000,47.14,47.14,47.14,47.14,0,0
ADX_MV,D,20200514,000000,48.12,48.12,44.68,44.68,0,0
ADX_MV,D,20200515,000000,41.25,42.72,41.25,42.72,0,0
ADX_MV,D,20200520,000000,42.72,42.72,42.72,42.72,0,0
ADX_MV,D,20200521,000000,40.26,43.21,39.77,43.21,0,0
ADX_MV,D,20200526,000000,43.21,43.21,43.21,43.21,0,0
ADX_MV,D,20200527,000000,43.21,43.21,43.21,43.21,0,0
ADX_MV,D,20200528,000000,43.21,43.21,43.21,43.21,0,0
ADX_MV,D,20200602,000000,40.26,40.26,40.26,40.26,0,0
ADX_MV,D,20200603,000000,41.25,46.65,41.25,46.65,0,0
ADX_MV,D,20200605,000000,43.21,44.19,43.21,44.19,0,0
ADX_MV,D,20200608,000000,43.7,44.19,43.21,44.19,0,0
ADX_MV,D,20200609,000000,43.7,43.7,42.72,42.72,0,0
ADX_MV,D,20200610,000000,43.21,46.65,43.21,46.65,0,0
ADX_MV,D,20200616,000000,46.65,46.65,46.65,46.65,0,0
ADX_MV,D,20200617,000000,46.16,46.16,46.16,46.16,0,0
ADX_MV,D,20200619,000000,46.16,46.16,42.72,45.17,0,0
ADX_MV,D,20200622,000000,44.93,44.93,44.93,44.93,0,0
ADX_MV,D,20200623,000000,42.72,42.72,42.72,42.72,0,0
ADX_MV,D,20200624,000000,44.19,47.63,42.72,47.63,0,0
ADX_MV,D,20200625,000000,44.19,49.1,44.19,49.1,0,0
ADX_MV,D,20200629,000000,48.86,48.86,48.86,48.86,0,0
ADX_MV,D,20200702,000000,45.66,45.66,45.66,45.66,0,0
ADX_MV,D,20200703,000000,49.1,49.1,49.1,49.1,0,0
ADX_MV,D,20200706,000000,46.65,54.01,46.65,54.01,0,0
ADX_MV,D,20200707,000000,51.56,54.5,51.56,54.5,0,0
ADX_MV,D,20200708,000000,54.5,54.5,54.5,54.5,0,0
ADX_MV,D,20200709,000000,49.59,54.01,49.59,54.01,0,0
ADX_MV,D,20200713,000000,49.59,54.99,49.59,54.99,0,0
ADX_MV,D,20200714,000000,55.49,64.32,55.49,58.43,0,0
ADX_MV,D,20200715,000000,57.45,61.38,55.49,57.45,0,0
ADX_MV,D,20200716,000000,55.49,57.45,55.49,57.45,0,0
ADX_MV,D,20200717,000000,61.38,63.83,58.92,58.92,0,0
ADX_MV,D,20200720,000000,56.47,58.92,56.47,58.92,0,0
ADX_MV,D,20200721,000000,56.47,56.47,49.1,54.01,0,0
ADX_MV,D,20200722,000000,51.56,51.56,51.56,51.56,0,0
ADX_MV,D,20200723,000000,50.08,54.01,46.65,50.08,0,0
ADX_MV,D,20200724,000000,50.08,54.01,49.1,50.08,0,0
ADX_MV,D,20200727,000000,49.59,49.59,49.1,49.1,0,0
ADX_MV,D,20200728,000000,52.05,52.05,46.65,51.56,0,0
ADX_MV,D,20200730,000000,48.12,48.12,44.19,47.14,0,0
ADX_MV,D,20200731,000000,49.59,49.59,49.59,49.59,0,0
ADX_MV,D,20200804,000000,49.59,50.08,49.59,50.08,0,0
ADX_MV,D,20200817,000000,46.65,47.14,46.65,47.14,0,0
ADX_MV,D,20200818,000000,45.17,45.17,45.17,45.17,0,0
ADX_MV,D,20200821,000000,45.17,45.17,45.17,45.17,0,0
ADX_MV,D,20200824,000000,48.12,51.56,48.12,51.56,0,0
ADX_MV,D,20200826,000000,48.12,51.56,48.12,51.56,0,0
ADX_MV,D,20200827,000000,48.12,48.12,48.12,48.12,0,0
ADX_MV,D,20200828,000000,47.87,51.56,47.87,51.56,0,0
ADX_MV,D,20200831,000000,51.56,56.47,51.56,54.5,0,0
ADX_MV,D,20200901,000000,54.5,56.47,50.08,56.47,0,0
ADX_MV,D,20200902,000000,50.57,56.47,50.57,56.47,0,0
ADX_MV,D,20200903,000000,50.57,56.47,50.57,56.47,0,0
ADX_MV,D,20200908,000000,47.14,53.52,47.14,53.52,0,0
ADX_MV,D,20200914,000000,48.12,54.01,47.63,54.01,0,0
ADX_MV,D,20200916,000000,47.63,54.01,47.63,54.01,0,0
ADX_MV,D,20200917,000000,49.1,49.1,49.1,49.1,0,0
ADX_MV,D,20200918,000000,54.5,54.5,54.5,54.5,0,0
ADX_MV,D,20200921,000000,47.87,53.52,47.87,53.52,0,0
ADX_MV,D,20200930,000000,49.1,49.59,49.1,49.59,0,0
ADX_MV,D,20201002,000000,50.57,53.52,50.57,53.52,0,0
ADX_MV,D,20201005,000000,49.59,49.59,49.1,49.1,0,0
ADX_MV,D,20201006,000000,53.52,53.52,53.52,53.52,0,0
ADX_MV,D,20201007,000000,51.56,54.5,51.56,54.5,0,0
ADX_MV,D,20201008,000000,53.52,53.52,49.59,49.59,0,0
ADX_MV,D,20201009,000000,53.03,56.47,53.03,55.98,0,0
ADX_MV,D,20201012,000000,50.08,60.89,50.08,60.89,0,0
ADX_MV,D,20201013,000000,61.38,63.83,61.38,63.34,0,0
ADX_MV,D,20201014,000000,63.83,63.83,62.36,63.34,0,0
ADX_MV,D,20201015,000000,54.99,63.83,52.05,61.87,0,0
ADX_MV,D,20201016,000000,60.89,60.89,60.89,60.89,0,0
ADX_MV,D,20201019,000000,58.92,58.92,57.94,57.94,0,0
ADX_MV,D,20201020,000000,54.01,63.83,54.01,61.38,0,0
ADX_MV,D,20201021,000000,60.4,60.4,53.03,54.01,0,0
ADX_MV,D,20201022,000000,56.47,56.47,56.47,56.47,0,0
ADX_MV,D,20201023,000000,55.98,55.98,55.98,55.98,0,0
ADX_MV,D,20201026,000000,54.99,55.98,52.05,55.49,0,0
ADX_MV,D,20201027,000000,54.99,54.99,52.54,54.01,0,0
ADX_MV,D,20201028,000000,54.01,54.01,44.19,49.59,0,0
ADX_MV,D,20201030,000000,49.1,49.1,49.1,49.1,0,0
ADX_MV,D,20201102,000000,52.05,52.05,49.1,49.1,0,0
ADX_MV,D,20201103,000000,52.05,52.05,52.05,52.05,0,0
ADX_MV,D,20201106,000000,44.44,44.44,44.44,44.44,0,0
ADX_MV,D,20201109,000000,49.59,49.59,49.59,49.59,0,0
ADX_MV,D,20201118,000000,44.93,49.1,44.93,49.1,0,0
ADX_MV,D,20201119,000000,50.57,50.57,50.57,50.57,0,0
ADX_MV,D,20201124,000000,50.57,50.57,50.57,50.57,0,0
ADX_MV,D,20201126,000000,48.61,48.61,48.61,48.61,0,0
ADX_MV,D,20201130,000000,49.1,49.1,49.1,49.1,0,0
ADX_MV,D,20201201,000000,50.57,53.52,50.57,53.52,0,0
ADX_MV,D,20201203,000000,53.52,53.52,53.52,53.52,0,0
ADX_MV,D,20201204,000000,53.52,53.52,53.52,53.52,0,0
ADX_MV,D,20201207,000000,51.56,53.52,51.56,53.52,0,0
ADX_MV,D,20201208,000000,53.03,57.45,51.56,55.98,0,0
ADX_MV,D,20201209,000000,55.98,62.36,55.98,58.92,0,0
ADX_MV,D,20201210,000000,57.94,61.87,57.94,61.87,0,0
ADX_MV,D,20201211,000000,61.87,61.87,61.87,61.87,0,0
ADX_MV,D,20201214,000000,62.36,62.36,62.36,62.36,0,0
ADX_MV,D,20201215,000000,62.36,62.36,62.36,62.36,0,0
ADX_MV,D,20201216,000000,62.36,64.32,62.36,64.32,0,0
ADX_MV,D,20201217,000000,64.32,64.32,64.32,64.32,0,0
ADX_MV,D,20201218,000000,60.89,64.81,60.89,64.81,0,0
ADX_MV,D,20201221,000000,63.83,63.83,63.83,63.83,0,0
ADX_MV,D,20201222,000000,63.83,63.83,63.83,63.83,0,0
ADX_MV,D,20201223,000000,63.83,63.83,60.89,63.83,0,0
ADX_MV,D,20201228,000000,63.83,63.83,60.4,60.4,0,0
ADX_MV,D,20201229,000000,63.83,64.81,63.83,64.81,0,0
ADX_MV,D,20201230,000000,65.31,65.31,65.31,65.31,0,0
ADX_MV,D,20210104,000000,65.31,67.27,63.83,67.27,0,0
ADX_MV,D,20210105,000000,67.27,67.27,67.27,67.27,0,0
ADX_MV,D,20210107,000000,67.27,69.23,67.27,69.23,0,0
ADX_MV,D,20210108,000000,71.69,71.69,68.74,68.74,0,0
ADX_MV,D,20210111,000000,68.74,68.74,68.74,68.74,0,0
ADX_MV,D,20210113,000000,67.76,67.76,67.76,67.76,0,0
ADX_MV,D,20210114,000000,68.74,68.74,66.78,66.78,0,0
ADX_MV,D,20210115,000000,66.78,66.78,66.78,66.78,0,0
ADX_MV,D,20210118,000000,67.76,67.76,61.38,63.83,0,0
ADX_MV,D,20210119,000000,63.34,63.34,61.38,61.38,0,0
ADX_MV,D,20210120,000000,63.83,66.78,63.83,66.78,0,0
ADX_MV,D,20210121,000000,62.85,62.85,60.4,60.4,0,0
ADX_MV,D,20210122,000000,60.89,61.38,60.89,61.38,0,0
ADX_MV,D,20210127,000000,56.96,56.96,56.96,56.96,0,0
ADX_MV,D,20210129,000000,60.89,60.89,56.96,57.45,0,0
ADX_MV,D,20210201,000000,57.45,57.45,57.45,57.45,0,0
ADX_MV,D,20210202,000000,57.94,57.94,54.99,54.99,0,0
ADX_MV,D,20210203,000000,55.98,55.98,55.98,55.98,0,0
ADX_MV,D,20210208,000000,56.96,57.45,56.47,57.45,0,0
ADX_MV,D,20210209,000000,57.45,61.38,57.45,61.38,0,0
ADX_MV,D,20210210,000000,60.89,60.89,58.92,58.92,0,0
ADX_MV,D,20210211,000000,61.38,61.38,59.41,59.41,0,0
ADX_MV,D,20210212,000000,60.89,60.89,60.89,60.89,0,0
ADX_MV,D,20210215,000000,61.87,61.87,61.87,61.87,0,0
ADX_MV,D,20210216,000000,61.87,61.87,58.92,58.92,0,0
ADX_MV,D,20210219,000000,60.4,65.8,60.4,65.8,0,0
ADX_MV,D,20210222,000000,65.8,65.8,60.89,60.89,0,0
ADX_MV,D,20210224,000000,63.83,64.81,63.83,64.81,0,0
ADX_MV,D,20210225,000000,64.81,64.81,63.83,64.81,0,0
ADX_MV,D,20210226,000000,66.29,68.74,66.29,68.74,0,0
ADX_MV,D,20210301,000000,68.74,68.74,68.74,68.74,0,0
ADX_MV,D,20210302,000000,69.72,69.72,69.72,69.72,0,0
ADX_MV,D,20210303,000000,69.72,69.72,69.72,69.72,0,0
ADX_MV,D,20210304,000000,69.72,69.72,67.76,68.25,0,0
ADX_MV,D,20210305,000000,68.25,70.22,68.25,70.22,0,0
ADX_MV,D,20210308,000000,69.72,69.72,69.72,69.72,0,0
ADX_MV,D,20210309,000000,69.72,69.72,69.72,69.72,0,0
ADX_MV,D,20210310,000000,68.74,68.74,68.74,68.74,0,0
ADX_MV,D,20210311,000000,67.76,68.74,63.83,68.74,0,0
ADX_MV,D,20210312,000000,62.85,68.74,62.85,68.74,0,0
ADX_MV,D,20210315,000000,68.74,68.74,68.74,68.74,0,0
ADX_MV,D,20210316,000000,68.74,68.74,68.74,68.74,0,0
ADX_MV,D,20210317,000000,68.74,68.74,68.25,68.25,0,0
ADX_MV,D,20210318,000000,68.74,68.74,68.74,68.74,0,0
ADX_MV,D,20210319,000000,68.74,68.74,64.81,65.31,0,0
ADX_MV,D,20210324,000000,66.29,66.29,63.83,63.83,0,0
ADX_MV,D,20210325,000000,63.83,63.83,63.83,63.83,0,0
ADX_MV,D,20210326,000000,65.31,68.25,65.31,68.25,0,0
ADX_MV,D,20210329,000000,63.83,65.31,63.34,63.34,0,0
ADX_MV,D,20210330,000000,64.32,64.32,63.34,63.34,0,0
ADX_MV,D,20210331,000000,63.83,63.83,63.83,63.83,0,0
ADX_MV,D,20210401,000000,63.83,63.83,63.34,63.34,0,0
ADX_MV,D,20210406,000000,63.34,65.31,63.34,63.83,0,0
ADX_MV,D,20210407,000000,63.34,63.34,63.34,63.34,0,0
ADX_MV,D,20210408,000000,62.85,62.85,62.85,62.85,0,0
ADX_MV,D,20210409,000000,61.38,63.83,61.38,63.83,0,0
ADX_MV,D,20210413,000000,63.83,63.83,63.83,63.83,0,0
ADX_MV,D,20210414,000000,59.9,67.76,59.9,63.83,0,0
ADX_MV,D,20210415,000000,66.78,66.78,63.83,63.83,0,0
ADX_MV,D,20210420,000000,65.31,71.82,65.31,71.82,0,0
ADX_MV,D,20210421,000000,70.2,70.2,70.2,70.2,0,0
ADX_MV,D,20210422,000000,67.5,70.2,65.88,70.2,0,0
ADX_MV,D,20210427,000000,70.2,70.2,70.2,70.2,0,0
ADX_MV,D,20210428,000000,70.2,70.2,70.2,70.2,0,0
ADX_MV,D,20210429,000000,70.2,70.2,70.2,70.2,0,0
ADX_MV,D,20210430,000000,70.2,70.2,70.2,70.2,0,0
ADX_MV,D,20210504,000000,65.34,65.34,65.34,65.34,0,0
ADX_MV,D,20210506,000000,65.34,65.34,65.34,65.34,0,0
ADX_MV,D,20210517,000000,66.42,66.42,64.8,64.8,0,0
ADX_MV,D,20210518,000000,63.72,63.72,61.56,61.56,0,0
ADX_MV,D,20210519,000000,61.56,61.56,61.56,61.56,0,0
ADX_MV,D,20210520,000000,62.1,62.1,62.1,62.1,0,0
ADX_MV,D,20210521,000000,63.72,70.2,63.72,70.2,0,0
ADX_MV,D,20210524,000000,70.2,70.2,59.4,63.18,0,0
ADX_MV,D,20210525,000000,63.18,68.58,63.18,65.34,0,0
ADX_MV,D,20210526,000000,67.5,67.5,62.1,62.1,0,0
ADX_MV,D,20210527,000000,64.8,64.8,59.4,64.8,0,0
ADX_MV,D,20210528,000000,59.4,59.4,59.4,59.4,0,0
ADX_MV,D,20210531,000000,59.94,62.1,59.4,62.1,0,0
ADX_MV,D,20210601,000000,61.56,63.18,61.56,63.18,0,0
ADX_MV,D,20210602,000000,63.18,75.6,61.56,63.18,0,0
ADX_MV,D,20210604,000000,62.1,62.1,59.94,62.1,0,0
ADX_MV,D,20210607,000000,62.1,62.1,59.4,62.1,0,0
ADX_MV,D,20210608,000000,62.1,62.1,62.1,62.1,0,0
ADX_MV,D,20210609,000000,62.1,62.1,58.32,58.32,0,0
ADX_MV,D,20210610,000000,56.7,61.02,54,58.86,0,0
ADX_MV,D,20210611,000000,58.86,58.86,55.08,58.86,0,0
ADX_MV,D,20210614,000000,58.86,58.86,58.86,58.86,0,0
ADX_MV,D,20210615,000000,58.86,58.86,56.16,56.16,0,0
ADX_MV,D,20210616,000000,56.16,56.16,54,54,0,0
ADX_MV,D,20210617,000000,54.54,54.54,53.46,54,0,0
ADX_MV,D,20210618,000000,56.7,56.7,56.7,56.7,0,0
ADX_MV,D,20210622,000000,57.24,59.4,57.24,59.4,0,0
ADX_MV,D,20210623,000000,59.94,59.94,58.86,58.86,0,0
ADX_MV,D,20210624,000000,58.86,58.86,58.86,58.86,0,0
ADX_MV,D,20210625,000000,58.86,58.86,58.86,58.86,0,0
ADX_MV,D,20210628,000000,58.86,58.86,58.86,58.86,0,0
ADX_MV,D,20210629,000000,58.86,58.86,58.86,58.86,0,0
ADX_MV,D,20210630,000000,58.86,58.86,58.86,58.86,0,0
ADX_MV,D,20210701,000000,58.86,58.86,58.86,58.86,0,0
ADX_MV,D,20210702,000000,58.86,58.86,56.16,56.16,0,0
ADX_MV,D,20210705,000000,56.16,56.16,56.16,56.16,0,0
ADX_MV,D,20210706,000000,56.16,60.48,56.16,60.48,0,0
ADX_MV,D,20210707,000000,56.7,56.7,56.16,56.16,0,0
ADX_MV,D,20210708,000000,59.94,59.94,59.94,59.94,0,0
ADX_MV,D,20210709,000000,59.94,59.94,59.94,59.94,0,0
ADX_MV,D,20210712,000000,59.94,59.94,59.94,59.94,0,0
ADX_MV,D,20210713,000000,59.94,59.94,59.94,59.94,0,0
ADX_MV,D,20210714,000000,59.94,59.94,59.94,59.94,0,0
ADX_MV,D,20210715,000000,59.94,59.94,59.94,59.94,0,0
ADX_MV,D,20210716,000000,59.94,59.94,59.94,59.94,0,0
ADX_MV,D,20210722,000000,59.94,59.94,59.94,59.94,0,0
ADX_MV,D,20210723,000000,59.94,59.94,59.94,59.94,0,0
ADX_MV,D,20210726,000000,59.94,59.94,56.7,56.7,0,0
ADX_MV,D,20210727,000000,59.94,59.94,55.62,55.62,0,0
ADX_MV,D,20210728,000000,55.62,55.62,55.62,55.62,0,0
ADX_MV,D,20210729,000000,55.62,55.62,55.62,55.62,0,0
ADX_MV,D,20210730,000000,55.62,55.62,55.62,55.62,0,0
ADX_MV,D,20210802,000000,55.62,56.16,55.62,56.16,0,0
ADX_MV,D,20210804,000000,56.7,56.7,56.7,56.7,0,0
ADX_MV,D,20210809,000000,56.16,56.16,56.16,56.16,0,0
ADX_MV,D,20210810,000000,57.24,58.32,57.24,58.32,0,0
ADX_MV,D,20210811,000000,62.1,62.1,58.32,58.32,0,0
ADX_MV,D,20210812,000000,59.4,59.4,59.4,59.4,0,0
ADX_MV,D,20210813,000000,59.4,59.4,59.4,59.4,0,0
ADX_MV,D,20210816,000000,56.7,59.4,56.7,59.4,0,0
ADX_MV,D,20210817,000000,59.4,59.4,56.7,56.7,0,0
ADX_MV,D,20210818,000000,59.4,59.4,56.7,56.7,0,0
ADX_MV,D,20210819,000000,59.4,59.4,59.4,59.4,0,0
ADX_MV,D,20210820,000000,59.4,59.4,59.4,59.4,0,0
ADX_MV,D,20210823,000000,59.4,59.4,59.4,59.4,0,0
ADX_MV,D,20210824,000000,59.4,59.4,56.16,59.4,0,0
ADX_MV,D,20210825,000000,56.7,56.7,56.7,56.7,0,0
ADX_MV,D,20210826,000000,56.7,56.7,56.16,56.16,0,0
ADX_MV,D,20210827,000000,56.16,56.16,56.16,56.16,0,0
ADX_MV,D,20210830,000000,56.16,59.4,56.16,56.16,0,0
ADX_MV,D,20210831,000000,56.7,56.7,56.7,56.7,0,0
ADX_MV,D,20210901,000000,59.4,59.4,59.4,59.4,0,0
ADX_MV,D,20210902,000000,59.4,59.4,56.7,56.7,0,0
ADX_MV,D,20210903,000000,59.4,59.4,59.4,59.4,0,0
ADX_MV,D,20210906,000000,59.4,59.4,59.4,59.4,0,0
ADX_MV,D,20210907,000000,59.4,59.4,59.4,59.4,0,0
ADX_MV,D,20210908,000000,59.4,59.4,59.4,59.4,0,0
ADX_MV,D,20210909,000000,59.4,59.4,56.16,58.32,0,0
ADX_MV,D,20210910,000000,59.4,59.4,59.4,59.4,0,0
ADX_MV,D,20210913,000000,59.4,59.4,56.16,56.16,0,0
ADX_MV,D,20210914,000000,58.32,58.32,56.16,56.16,0,0
ADX_MV,D,20210915,000000,56.7,58.32,56.16,58.32,0,0
ADX_MV,D,20210916,000000,57.78,57.78,56.16,56.16,0,0
ADX_MV,D,20210920,000000,56.16,56.16,56.16,56.16,0,0
ADX_MV,D,20210921,000000,56.16,56.16,54.54,55.62,0,0
ADX_MV,D,20210922,000000,55.08,56.7,55.08,56.7,0,0
ADX_MV,D,20210923,000000,56.7,56.7,56.16,56.16,0,0
ADX_MV,D,20210924,000000,55.62,56.16,55.62,56.16,0,0
ADX_MV,D,20210927,000000,56.7,56.7,55.08,55.08,0,0
ADX_MV,D,20210929,000000,55.08,55.08,55.08,55.08,0,0
ADX_MV,D,20210930,000000,54,54,54,54,0,0
ADX_MV,D,20211001,000000,55.08,56.16,55.08,56.16,0,0
ADX_MV,D,20211004,000000,57.24,57.24,57.24,57.24,0,0
ADX_MV,D,20211005,000000,57.24,57.24,57.24,57.24,0,0
ADX_MV,D,20211006,000000,58.32,58.32,58.32,58.32,0,0
ADX_MV,D,20211007,000000,59.4,59.4,59.4,59.4,0,0
ADX_MV,D,20211008,000000,58.32,58.32,55.08,55.08,0,0
ADX_MV,D,20211011,000000,58.86,58.86,58.86,58.86,0,0
ADX_MV,D,20211012,000000,58.86,58.86,55.08,58.32,0,0
ADX_MV,D,20211013,000000,58.86,58.86,58.86,58.86,0,0
ADX_MV,D,20211014,000000,54.54,55.08,54.54,55.08,0,0
ADX_MV,D,20211015,000000,55.08,55.08,55.08,55.08,0,0
ADX_MV,D,20211018,000000,54.54,54.54,53.46,53.46,0,0
ADX_MV,D,20211019,000000,54,54,54,54,0,0
ADX_MV,D,20211021,000000,54.54,54.54,54,54,0,0
ADX_MV,D,20211022,000000,54,54,54,54,0,0
ADX_MV,D,20211026,000000,54.54,54.54,52.92,52.92,0,0
ADX_MV,D,20211027,000000,55.08,55.08,52.92,52.92,0,0
ADX_MV,D,20211028,000000,52.38,52.92,52.38,52.92,0,0
ADX_MV,D,20211029,000000,53.19,53.19,51.3,51.3,0,0
ADX_MV,D,20211102,000000,53.46,53.46,50.22,50.22,0,0
ADX_MV,D,20211103,000000,49.68,51.03,49.68,51.03,0,0
ADX_MV,D,20211104,000000,51.3,51.3,49.68,49.95,0,0
ADX_MV,D,20211108,000000,51.03,51.03,51.03,51.03,0,0
ADX_MV,D,20211110,000000,51.03,51.03,51.03,51.03,0,0
ADX_MV,D,20211115,000000,51.03,51.03,51.03,51.03,0,0
ADX_MV,D,20211117,000000,51.03,51.3,51.03,51.3,0,0
ADX_MV,D,20211118,000000,51.3,51.3,51.3,51.3,0,0
ADX_MV,D,20211119,000000,51.3,51.3,51.3,51.3,0,0
ADX_MV,D,20211122,000000,51.3,51.3,51.3,51.3,0,0
ADX_MV,D,20211123,000000,51.3,51.3,51.3,51.3,0,0
ADX_MV,D,20211124,000000,51.3,51.3,51.3,51.3,0,0
ADX_MV,D,20211125,000000,51.3,51.3,51.3,51.3,0,0
ADX_MV,D,20211126,000000,51.3,51.3,49.41,49.41,0,0
ADX_MV,D,20211129,000000,39.96,45.36,39.96,43.2,0,0
ADX_MV,D,20211130,000000,42.66,42.66,35.64,41.04,0,0
ADX_MV,D,20211201,000000,39.96,41.04,37.8,41.04,0,0
ADX_MV,D,20211202,000000,38.34,38.34,30.24,30.24,0,0
ADX_MV,D,20211203,000000,35.1,42.12,35.1,42.12,0,0
ADX_MV,D,20211206,000000,44.01,51.3,42.12,50.22,0,0
ADX_MV,D,20211207,000000,51.3,51.3,50.76,50.76,0,0
ADX_MV,D,20211208,000000,46.17,50.76,46.17,50.76,0,0
ADX_MV,D,20211209,000000,48.33,48.33,48.33,48.33,0,0
ADX_MV,D,20211213,000000,50.22,50.22,50.22,50.22,0,0
ADX_MV,D,20211216,000000,49.68,49.68,49.68,49.68,0,0
ADX_MV,D,20211217,000000,49.68,49.68,49.68,49.68,0,0
ADX_MV,D,20211220,000000,49.68,49.68,49.68,49.68,0,0
ADX_MV,D,20211221,000000,46.98,46.98,46.44,46.44,0,0
ADX_MV,D,20211227,000000,46.98,46.98,45.9,45.9,0,0
ADX_MV,D,20211228,000000,44.82,44.82,41.58,42.12,0,0
ADX_MV,D,20211229,000000,42.39,44.82,42.39,44.82,0,0
ADX_MV,D,20220103,000000,44.82,44.82,42.66,43.2,0,0
ADX_MV,D,20220105,000000,43.2,45.36,43.2,45.36,0,0
ADX_MV,D,20220110,000000,46.98,46.98,46.98,46.98,0,0
ADX_MV,D,20220112,000000,47.79,48.6,47.79,48.6,0,0
ADX_MV,D,20220113,000000,48.6,48.6,48.6,48.6,0,0
ADX_MV,D,20220114,000000,48.6,48.6,48.6,48.6,0,0
ADX_MV,D,20220117,000000,48.6,48.6,48.6,48.6,0,0
ADX_MV,D,20220118,000000,48.6,48.6,48.6,48.6,0,0
ADX_MV,D,20220119,000000,48.6,48.6,48.6,48.6,0,0
ADX_MV,D,20220120,000000,48.6,48.6,45.9,45.9,0,0
ADX_MV,D,20220126,000000,45.9,45.9,45.9,45.9,0,0
ADX_MV,D,20220127,000000,45.36,45.36,45.36,45.36,0,0
ADX_MV,D,20220131,000000,44.82,48.06,44.01,48.06,0,0
ADX_MV,D,20220201,000000,48.33,48.6,48.33,48.6,0,0
ADX_MV,D,20220202,000000,49.14,49.14,49.14,49.14,0,0
ADX_MV,D,20220203,000000,49.14,49.14,49.14,49.14,0,0
ADX_MV,D,20220204,000000,49.14,49.14,43.2,43.2,0,0
ADX_MV,D,20220207,000000,43.2,43.2,43.2,43.2,0,0
ADX_MV,D,20220208,000000,43.2,43.2,43.2,43.2,0,0
ADX_MV,D,20220209,000000,43.2,43.2,43.2,43.2,0,0
ADX_MV,D,20220210,000000,43.2,43.2,43.2,43.2,0,0
ADX_MV,D,20220211,000000,43.2,43.2,43.2,43.2,0,0
ADX_MV,D,20220214,000000,42.93,42.93,42.93,42.93,0,0
ADX_MV,D,20220215,000000,43.2,43.2,39.96,39.96,0,0
ADX_MV,D,20220216,000000,39.96,39.96,39.96,39.96,0,0
ADX_MV,D,20220217,000000,39.96,39.96,34.29,37.8,0,0
ADX_MV,D,20220222,000000,35.1,37.8,35.1,37.8,0,0
ADX_MV,D,20220225,000000,38.34,38.88,38.34,38.88,0,0
ADX_MV,D,20220228,000000,35.1,37.26,31.32,37.26,0,0
ADX_MV,D,20220301,000000,36.72,36.72,31.59,31.59,0,0
ADX_MV,D,20220302,000000,36.18,36.18,36.18,36.18,0,0
ADX_MV,D,20220303,000000,36.18,36.18,36.18,36.18,0,0
ADX_MV,D,20220304,000000,35.91,35.91,35.91,35.91,0,0
ADX_MV,D,20220308,000000,35.64,35.64,35.1,35.64,0,0
ADX_MV,D,20220309,000000,36.99,36.99,36.99,36.99,0,0
ADX_MV,D,20220311,000000,37.26,38.34,37.26,38.34,0,0
ADX_MV,D,20220315,000000,38.34,38.88,38.34,38.88,0,0
ADX_MV,D,20220321,000000,39.42,39.42,35.64,35.64,0,0
ADX_MV,D,20220322,000000,37.8,37.8,37.8,37.8,0,0
ADX_MV,D,20220323,000000,39.42,39.42,39.15,39.42,0,0
ADX_MV,D,20220324,000000,37.8,37.8,37.8,37.8,0,0
ADX_MV,D,20220325,000000,39.69,39.96,39.69,39.96,0,0
ADX_MV,D,20220328,000000,39.96,39.96,39.96,39.96,0,0
ADX_MV,D,20220329,000000,39.96,39.96,39.42,39.42,0,0
ADX_MV,D,20220330,000000,39.96,39.96,39.96,39.96,0,0
ADX_MV,D,20220331,000000,38.88,38.88,37.8,37.8,0,0
ADX_MV,D,20220401,000000,39.69,39.96,39.69,39.96,0,0
ADX_MV,D,20220404,000000,39.42,39.42,39.42,39.42,0,0
ADX_MV,D,20220405,000000,39.96,39.96,39.96,39.96,0,0
ADX_MV,D,20220406,000000,39.42,39.42,39.42,39.42,0,0
ADX_MV,D,20220407,000000,39.42,39.42,39.42,39.42,0,0
ADX_MV,D,20220411,000000,39.42,39.96,39.42,39.69,0,0
ADX_MV,D,20220412,000000,39.96,39.96,39.69,39.69,0,0
ADX_MV,D,20220413,000000,39.96,39.96,39.96,39.96,0,0
ADX_MV,D,20220414,000000,36.72,39.42,36.45,39.42,0,0
ADX_MV,D,20220422,000000,39.15,39.15,39.15,39.15,0,0
ADX_MV,D,20220425,000000,36.18,38.61,36.18,38.61,0,0
ADX_MV,D,20220426,000000,38.61,38.61,35.91,35.91,0,0
ADX_MV,D,20220427,000000,35.64,35.64,33.48,33.48,0,0
ADX_MV,D,20220429,000000,34.56,34.56,33.48,33.48,0,0
ADX_MV,D,20220505,000000,33.48,33.48,33.48,33.48,0,0
ADX_MV,D,20220506,000000,33.48,33.48,32.94,32.94,0,0
ADX_MV,D,20220509,000000,33.48,36.72,33.48,36.72,0,0
ADX_MV,D,20220510,000000,37.26,37.53,37.26,37.53,0,0
ADX_MV,D,20220511,000000,37.53,37.53,37.53,37.53,0,0
ADX_MV,D,20220512,000000,37.53,37.53,37.53,37.53,0,0
ADX_MV,D,20220513,000000,37.26,37.53,37.26,37.53,0,0
ADX_MV,D,20220516,000000,37.53,37.53,37.53,37.53,0,0
ADX_MV,D,20220519,000000,37.26,37.26,37.26,37.26,0,0
ADX_MV,D,20220523,000000,37.26,37.53,37.26,37.53,0,0
ADX_MV,D,20220530,000000,37.53,37.53,35.64,35.64,0,0
ADX_MV,D,20220610,000000,36.45,39.42,35.37,39.42,0,0
ADX_MV,D,20220613,000000,39.15,39.15,39.15,39.15,0,0
ADX_MV,D,20220614,000000,39.15,39.15,39.15,39.15,0,0
ADX_MV,D,20220615,000000,39.15,39.15,39.15,39.15,0,0
ADX_MV,D,20220617,000000,39.15,39.15,39.15,39.15,0,0
ADX_MV,D,20220620,000000,39.15,39.15,39.15,39.15,0,0
ADX_MV,D,20220621,000000,39.15,39.15,39.15,39.15,0,0
ADX_MV,D,20220623,000000,39.15,39.15,39.15,39.15,0,0
ADX_MV,D,20220624,000000,39.15,39.15,34.29,37.8,0,0
ADX_MV,D,20220627,000000,37.8,37.8,37.8,37.8,0,0
ADX_MV,D,20220628,000000,37.8,37.8,37.8,37.8,0,0
ADX_MV,D,20220629,000000,37.8,37.8,37.8,37.8,0,0
ADX_MV,D,20220630,000000,37.8,37.8,37.8,37.8,0,0
ADX_MV,D,20220706,000000,35.1,35.1,33.48,33.48,0,0
ADX_MV,D,20220707,000000,34.02,34.02,32.94,32.94,0,0
ADX_MV,D,20220708,000000,32.4,32.94,30.24,32.94,0,0
ADX_MV,D,20220711,000000,35.1,36.18,35.1,36.18,0,0
ADX_MV,D,20220715,000000,36.18,39.42,34.02,36.18,0,0
ADX_MV,D,20220718,000000,34.02,34.02,27.27,27.27,0,0
ADX_MV,D,20220719,000000,27.27,27.27,23.44,26.35,0,0
ADX_MV,D,20220720,000000,26.35,27,24.3,27,0,0
ADX_MV,D,20220721,000000,24.3,26.46,24.3,26.46,0,0
ADX_MV,D,20220725,000000,26.46,26.46,26.46,26.46,0,0
ADX_MV,D,20220726,000000,24.3,24.3,20.52,24.3,0,0
ADX_MV,D,20220727,000000,21.71,23.65,20.63,23.65,0,0
ADX_MV,D,20220729,000000,21.71,23.76,21.71,23.76,0,0
ADX_MV,D,20220803,000000,21.71,24.08,21.6,24.08,0,0
ADX_MV,D,20220804,000000,21.6,23.98,21.06,23.98,0,0
ADX_MV,D,20220805,000000,20.95,23.87,20.95,23.87,0,0
ADX_MV,D,20220808,000000,20.95,24.08,20.95,24.08,0,0
ADX_MV,D,20220809,000000,20.95,24.84,20.95,24.84,0,0
ADX_MV,D,20220810,000000,21.82,25.27,21.82,24.73,0,0
ADX_MV,D,20220811,000000,24.73,24.95,22.14,24.95,0,0
ADX_MV,D,20220812,000000,24.84,25.38,24.84,25.38,0,0
ADX_MV,D,20220816,000000,22.68,22.68,22.68,22.68,0,0
ADX_MV,D,20220817,000000,22.9,25.81,22.9,23.33,0,0
ADX_MV,D,20220822,000000,26.46,28.62,24.84,25.49,0,0
ADX_MV,D,20220823,000000,24.52,27,23.65,27,0,0
ADX_MV,D,20220824,000000,27,27,27,27,0,0
ADX_MV,D,20220829,000000,27,27,25.38,25.38,0,0
ADX_MV,D,20220831,000000,23.33,25.81,23.33,25.81,0,0
ADX_MV,D,20220901,000000,24.3,24.3,24.3,24.3,0,0
ADX_MV,D,20220902,000000,25.81,25.81,24.3,25.81,0,0
ADX_MV,D,20220905,000000,25.81,25.81,24.3,24.3,0,0
