<TICKER>,<PER>,<DATE>,<TIME>,<OPEN>,<HIGH>,<LOW>,<CLOSE>,<VOL>,<OPENINT>
ARX_PB,D,20110914,000000,5.3,5.3,5.3,5.3,0,0
ARX_PB,D,20110915,000000,5.56,6.05,5.38,5.61,0,0
ARX_PB,D,20110916,000000,5.77,5.78,4.91,5.78,0,0
ARX_PB,D,20110919,000000,5.84,5.84,5.83,5.83,0,0
ARX_PB,D,20110920,000000,5.84,5.84,5.79,5.79,0,0
ARX_PB,D,20110921,000000,5.77,5.78,4.84,5.77,0,0
ARX_PB,D,20110922,000000,5.77,5.77,5.77,5.77,0,0
ARX_PB,D,20110923,000000,5.77,5.77,4.84,5.77,0,0
ARX_PB,D,20110926,000000,5.74,5.74,4.69,5.68,0,0
ARX_PB,D,20110927,000000,5.7,5.7,4.68,5,0,0
ARX_PB,D,20110928,000000,4.99,4.99,3.43,3.45,0,0
ARX_PB,D,20110929,000000,3.58,3.58,3.58,3.58,0,0
ARX_PB,D,20110930,000000,3.49,4.74,3.49,4.74,0,0
ARX_PB,D,20111003,000000,5.14,5.14,4.12,5.13,0,0
ARX_PB,D,20111004,000000,5.14,5.14,5.14,5.14,0,0
ARX_PB,D,20111005,000000,5.13,5.14,4.12,5.14,0,0
ARX_PB,D,20111006,000000,5.14,5.14,4.12,4.13,0,0
ARX_PB,D,20111007,000000,4.13,4.16,4.13,4.16,0,0
ARX_PB,D,20111010,000000,4.16,4.99,4.16,4.99,0,0
ARX_PB,D,20111011,000000,4.99,4.99,4.99,4.99,0,0
ARX_PB,D,20111012,000000,4.99,4.99,4.19,4.99,0,0
ARX_PB,D,20111013,000000,4.99,4.99,4.19,4.99,0,0
ARX_PB,D,20111014,000000,4.99,4.99,3.99,4.68,0,0
ARX_PB,D,20111017,000000,4.68,4.68,4.68,4.68,0,0
ARX_PB,D,20111018,000000,4.68,4.68,4.68,4.68,0,0
ARX_PB,D,20111019,000000,4.68,4.68,4.68,4.68,0,0
ARX_PB,D,20111020,000000,4.68,4.68,4.6,4.6,0,0
ARX_PB,D,20111021,000000,4.6,4.6,4.6,4.6,0,0
ARX_PB,D,20111024,000000,4.6,4.6,4.6,4.6,0,0
ARX_PB,D,20111025,000000,4.6,4.6,3.12,4.43,0,0
ARX_PB,D,20111026,000000,4.43,4.43,4.38,4.38,0,0
ARX_PB,D,20111027,000000,4.45,4.45,4.42,4.42,0,0
ARX_PB,D,20111028,000000,4.43,4.43,4.43,4.43,0,0
ARX_PB,D,20111031,000000,4.43,4.43,4.39,4.39,0,0
ARX_PB,D,20111102,000000,4.38,4.38,4.38,4.38,0,0
ARX_PB,D,20111103,000000,4.38,4.38,3.12,3.96,0,0
ARX_PB,D,20111104,000000,3.96,3.96,2.78,3.69,0,0
ARX_PB,D,20111107,000000,3.69,3.69,3.43,3.43,0,0
ARX_PB,D,20111108,000000,3.66,3.66,3.66,3.66,0,0
ARX_PB,D,20111109,000000,3.66,3.66,3.09,3.64,0,0
ARX_PB,D,20111110,000000,3.58,3.58,3.43,3.43,0,0
ARX_PB,D,20111114,000000,3.68,3.68,3.51,3.51,0,0
ARX_PB,D,20111115,000000,3.43,3.68,3.43,3.58,0,0
ARX_PB,D,20111116,000000,3.58,3.68,3.58,3.68,0,0
ARX_PB,D,20111117,000000,3.58,3.58,3.51,3.51,0,0
ARX_PB,D,20111118,000000,3.51,3.51,3.51,3.51,0,0
ARX_PB,D,20111121,000000,3.51,3.51,3.1,3.1,0,0
ARX_PB,D,20111122,000000,3.1,3.1,2.65,3.1,0,0
ARX_PB,D,20111123,000000,3.1,3.1,3.1,3.1,0,0
ARX_PB,D,20111124,000000,3.1,3.1,3.1,3.1,0,0
ARX_PB,D,20111125,000000,3.1,3.1,3.1,3.1,0,0
ARX_PB,D,20111128,000000,3.1,4.36,3.1,4.36,0,0
ARX_PB,D,20111129,000000,4.36,4.36,3.49,3.58,0,0
ARX_PB,D,20111130,000000,3.58,3.58,3.58,3.58,0,0
ARX_PB,D,20111201,000000,3.58,3.58,3.58,3.58,0,0
ARX_PB,D,20111202,000000,3.58,3.73,3.58,3.73,0,0
ARX_PB,D,20111205,000000,3.73,3.73,3.73,3.73,0,0
ARX_PB,D,20111206,000000,3.73,3.73,3.73,3.73,0,0
ARX_PB,D,20111207,000000,3.73,3.73,3.73,3.73,0,0
ARX_PB,D,20111208,000000,3.73,3.73,3.51,3.51,0,0
ARX_PB,D,20111209,000000,3.51,3.51,3.51,3.51,0,0
ARX_PB,D,20111212,000000,3.51,3.51,3.51,3.51,0,0
ARX_PB,D,20111213,000000,3.51,3.51,3.51,3.51,0,0
ARX_PB,D,20111214,000000,3.51,3.51,3.51,3.51,0,0
ARX_PB,D,20111215,000000,3.51,3.51,3.51,3.51,0,0
ARX_PB,D,20111216,000000,3.51,3.73,3.51,3.73,0,0
ARX_PB,D,20111219,000000,3.73,3.73,3.73,3.73,0,0
ARX_PB,D,20111220,000000,3.73,3.73,3.73,3.73,0,0
ARX_PB,D,20111221,000000,3.73,3.73,3.73,3.73,0,0
ARX_PB,D,20111222,000000,3.73,3.73,3.73,3.73,0,0
ARX_PB,D,20111223,000000,3.73,3.73,3.73,3.73,0,0
ARX_PB,D,20111227,000000,3.73,3.73,3.73,3.73,0,0
ARX_PB,D,20111228,000000,3.73,3.73,3.73,3.73,0,0
ARX_PB,D,20111229,000000,3.73,3.73,3.73,3.73,0,0
ARX_PB,D,20111230,000000,3.73,3.73,3.73,3.73,0,0
ARX_PB,D,20120102,000000,3.74,3.74,3.74,3.74,0,0
ARX_PB,D,20120103,000000,3.73,3.73,3.71,3.71,0,0
ARX_PB,D,20120104,000000,3.71,3.71,3.71,3.71,0,0
ARX_PB,D,20120105,000000,2.57,3.57,2.39,3.57,0,0
ARX_PB,D,20120109,000000,3.43,3.43,3.42,3.42,0,0
ARX_PB,D,20120110,000000,3.42,3.42,3.4,3.4,0,0
ARX_PB,D,20120111,000000,3.36,3.56,2.73,3.56,0,0
ARX_PB,D,20120112,000000,3.56,3.56,3.56,3.56,0,0
ARX_PB,D,20120113,000000,3.56,3.56,2.65,2.65,0,0
ARX_PB,D,20120116,000000,2.66,2.66,2.66,2.66,0,0
ARX_PB,D,20120117,000000,3.19,3.19,3.19,3.19,0,0
ARX_PB,D,20120118,000000,3.53,3.53,3.52,3.52,0,0
ARX_PB,D,20120119,000000,3.52,3.52,3.52,3.52,0,0
ARX_PB,D,20120120,000000,3.52,3.52,3.52,3.52,0,0
ARX_PB,D,20120123,000000,3.52,3.52,3.52,3.52,0,0
ARX_PB,D,20120124,000000,3.52,3.52,3.52,3.52,0,0
ARX_PB,D,20120125,000000,3.52,3.52,3.52,3.52,0,0
ARX_PB,D,20120126,000000,3.52,3.52,3.51,3.51,0,0
ARX_PB,D,20120127,000000,3.51,3.51,3.51,3.51,0,0
ARX_PB,D,20120130,000000,3.51,3.51,3.51,3.51,0,0
ARX_PB,D,20120131,000000,3.51,3.51,3.51,3.51,0,0
ARX_PB,D,20120201,000000,3.51,3.51,3.51,3.51,0,0
ARX_PB,D,20120202,000000,3.51,3.51,3.48,3.48,0,0
ARX_PB,D,20120203,000000,3.48,3.48,3.48,3.48,0,0
ARX_PB,D,20120206,000000,3.48,3.48,3.48,3.48,0,0
ARX_PB,D,20120207,000000,3.48,3.48,3.48,3.48,0,0
ARX_PB,D,20120208,000000,3.48,3.48,3.48,3.48,0,0
ARX_PB,D,20120209,000000,3.48,3.48,3.48,3.48,0,0
ARX_PB,D,20120210,000000,3.48,3.48,3.48,3.48,0,0
ARX_PB,D,20120213,000000,3.48,3.48,2.96,3.48,0,0
ARX_PB,D,20120214,000000,3.48,3.48,3.48,3.48,0,0
ARX_PB,D,20120215,000000,3.48,3.48,3.48,3.48,0,0
ARX_PB,D,20120216,000000,3.48,3.77,3.48,3.77,0,0
ARX_PB,D,20120217,000000,3.77,3.77,3.77,3.77,0,0
ARX_PB,D,20120220,000000,3.77,3.77,3.77,3.77,0,0
ARX_PB,D,20120221,000000,3.77,3.77,3.77,3.77,0,0
ARX_PB,D,20120222,000000,3.77,3.77,3.77,3.77,0,0
ARX_PB,D,20120223,000000,3.77,3.77,3.77,3.77,0,0
ARX_PB,D,20120224,000000,3.77,3.77,3.77,3.77,0,0
ARX_PB,D,20120227,000000,3.77,3.77,3.77,3.77,0,0
ARX_PB,D,20120228,000000,3.77,4,3.38,4,0,0
ARX_PB,D,20120229,000000,3.99,3.99,3.38,3.97,0,0
ARX_PB,D,20120301,000000,3.97,3.97,3.97,3.97,0,0
ARX_PB,D,20120302,000000,3.97,3.97,3.97,3.97,0,0
ARX_PB,D,20120305,000000,3.97,3.97,3.97,3.97,0,0
ARX_PB,D,20120306,000000,3.97,3.97,3.97,3.97,0,0
ARX_PB,D,20120307,000000,3.97,3.97,3.97,3.97,0,0
ARX_PB,D,20120308,000000,3.97,3.97,3.97,3.97,0,0
ARX_PB,D,20120309,000000,3.97,3.97,3.97,3.97,0,0
ARX_PB,D,20120312,000000,3.97,3.97,3.97,3.97,0,0
ARX_PB,D,20120313,000000,3.97,3.97,3.97,3.97,0,0
ARX_PB,D,20120314,000000,3.97,3.97,3.97,3.97,0,0
ARX_PB,D,20120315,000000,3.97,3.97,3.97,3.97,0,0
ARX_PB,D,20120316,000000,3.97,3.97,3.97,3.97,0,0
ARX_PB,D,20120319,000000,3.97,3.97,3.3,3.94,0,0
ARX_PB,D,20120320,000000,3.94,3.94,3.92,3.92,0,0
ARX_PB,D,20120321,000000,3.92,3.92,3.92,3.92,0,0
ARX_PB,D,20120322,000000,3.9,3.9,3.9,3.9,0,0
ARX_PB,D,20120323,000000,3.9,3.9,3.9,3.9,0,0
ARX_PB,D,20120326,000000,3.9,3.9,3.32,3.32,0,0
ARX_PB,D,20120327,000000,3.86,3.86,3.86,3.86,0,0
ARX_PB,D,20120328,000000,3.86,3.86,3.86,3.86,0,0
ARX_PB,D,20120329,000000,3.86,3.86,3.86,3.86,0,0
ARX_PB,D,20120330,000000,3.86,3.86,3.86,3.86,0,0
ARX_PB,D,20120402,000000,3.86,3.86,3.37,3.37,0,0
ARX_PB,D,20120403,000000,3.37,3.37,3.37,3.37,0,0
ARX_PB,D,20120404,000000,3.37,3.37,3.37,3.37,0,0
ARX_PB,D,20120405,000000,3.37,3.37,3.37,3.37,0,0
ARX_PB,D,20120410,000000,3.37,3.37,3.04,3.37,0,0
ARX_PB,D,20120411,000000,3.37,3.37,3.37,3.37,0,0
ARX_PB,D,20120412,000000,3.37,3.37,3.37,3.37,0,0
ARX_PB,D,20120413,000000,3.37,3.37,3.37,3.37,0,0
ARX_PB,D,20120416,000000,3.37,3.37,3.37,3.37,0,0
ARX_PB,D,20120417,000000,3.37,3.37,3.37,3.37,0,0
ARX_PB,D,20120418,000000,3.37,3.37,3.37,3.37,0,0
ARX_PB,D,20120419,000000,3.37,3.37,3.37,3.37,0,0
ARX_PB,D,20120420,000000,3.37,3.37,3.37,3.37,0,0
ARX_PB,D,20120423,000000,3.37,3.37,3.37,3.37,0,0
ARX_PB,D,20120424,000000,3.37,3.37,3.37,3.37,0,0
ARX_PB,D,20120425,000000,3.37,3.37,3.37,3.37,0,0
ARX_PB,D,20120426,000000,3.37,3.37,3.37,3.37,0,0
ARX_PB,D,20120427,000000,3.37,3.37,2.7,3.37,0,0
ARX_PB,D,20120430,000000,3.37,3.37,3.37,3.37,0,0
ARX_PB,D,20120502,000000,2.87,2.87,2.87,2.87,0,0
ARX_PB,D,20120504,000000,2.87,2.87,2.87,2.87,0,0
ARX_PB,D,20120507,000000,2.87,2.87,2.87,2.87,0,0
ARX_PB,D,20120508,000000,2.87,2.87,2.87,2.87,0,0
ARX_PB,D,20120509,000000,2.87,2.87,2.87,2.87,0,0
ARX_PB,D,20120510,000000,2.87,2.87,2.87,2.87,0,0
ARX_PB,D,20120511,000000,2.87,2.87,2.45,2.79,0,0
ARX_PB,D,20120514,000000,2.87,2.87,2.45,2.82,0,0
ARX_PB,D,20120515,000000,2.87,2.87,2.82,2.82,0,0
ARX_PB,D,20120516,000000,2.86,2.86,2.3,2.79,0,0
ARX_PB,D,20120517,000000,2.87,2.87,2.86,2.86,0,0
ARX_PB,D,20120518,000000,2.87,2.87,2.86,2.86,0,0
ARX_PB,D,20120521,000000,2.86,2.86,2.86,2.86,0,0
ARX_PB,D,20120522,000000,2.86,3.08,2.85,3.08,0,0
ARX_PB,D,20120523,000000,3.08,3.08,2.98,3.08,0,0
ARX_PB,D,20120524,000000,3.08,3.08,3.08,3.08,0,0
ARX_PB,D,20120525,000000,3.08,3.08,3.08,3.08,0,0
ARX_PB,D,20120528,000000,3.08,3.08,3.08,3.08,0,0
ARX_PB,D,20120529,000000,3.08,3.08,3.06,3.06,0,0
ARX_PB,D,20120530,000000,3.06,3.06,3.06,3.06,0,0
ARX_PB,D,20120531,000000,3.06,3.06,3.06,3.06,0,0
ARX_PB,D,20120601,000000,3.06,3.06,3.06,3.06,0,0
ARX_PB,D,20120604,000000,3.06,3.06,3.06,3.06,0,0
ARX_PB,D,20120605,000000,3.06,3.06,3.06,3.06,0,0
ARX_PB,D,20120606,000000,3.06,3.06,3.03,3.03,0,0
ARX_PB,D,20120608,000000,3.06,3.06,3.06,3.06,0,0
ARX_PB,D,20120611,000000,3.06,3.06,2.91,3.06,0,0
ARX_PB,D,20120612,000000,3.06,3.06,3.06,3.06,0,0
ARX_PB,D,20120613,000000,3.06,3.06,3.03,3.06,0,0
ARX_PB,D,20120614,000000,3.06,3.06,3.06,3.06,0,0
ARX_PB,D,20120615,000000,3.06,3.06,3.06,3.06,0,0
ARX_PB,D,20120618,000000,3.06,3.06,3.06,3.06,0,0
ARX_PB,D,20120619,000000,3.06,3.12,3.06,3.12,0,0
ARX_PB,D,20120620,000000,3.12,3.12,3.12,3.12,0,0
ARX_PB,D,20120621,000000,3.12,3.12,3.12,3.12,0,0
ARX_PB,D,20120622,000000,3.12,3.12,3.12,3.12,0,0
ARX_PB,D,20120625,000000,3.12,3.12,3.12,3.12,0,0
ARX_PB,D,20120626,000000,3.12,3.12,3.12,3.12,0,0
ARX_PB,D,20120627,000000,3.12,3.12,3.11,3.11,0,0
ARX_PB,D,20120628,000000,3.12,3.12,3.09,3.09,0,0
ARX_PB,D,20120629,000000,3.09,3.09,3.09,3.09,0,0
ARX_PB,D,20120702,000000,3.09,3.09,3.09,3.09,0,0
ARX_PB,D,20120703,000000,3.09,3.09,3.08,3.09,0,0
ARX_PB,D,20120704,000000,3.09,3.09,3.09,3.09,0,0
ARX_PB,D,20120705,000000,3.09,3.09,3.08,3.08,0,0
ARX_PB,D,20120706,000000,3.09,3.09,3.06,3.06,0,0
ARX_PB,D,20120709,000000,3.06,3.06,3.06,3.06,0,0
ARX_PB,D,20120710,000000,3.06,3.06,3.06,3.06,0,0
ARX_PB,D,20120711,000000,3.06,3.06,3.03,3.06,0,0
ARX_PB,D,20120712,000000,3.06,3.06,3.03,3.03,0,0
ARX_PB,D,20120713,000000,3.06,3.06,3.06,3.06,0,0
ARX_PB,D,20120716,000000,3.06,3.06,3.06,3.06,0,0
ARX_PB,D,20120717,000000,3.06,3.06,3.06,3.06,0,0
ARX_PB,D,20120718,000000,3.06,3.06,3.06,3.06,0,0
ARX_PB,D,20120719,000000,3.06,3.06,3.06,3.06,0,0
ARX_PB,D,20120720,000000,3.06,3.06,3.06,3.06,0,0
ARX_PB,D,20120723,000000,3.09,3.09,3.09,3.09,0,0
ARX_PB,D,20120724,000000,3.09,3.09,3.09,3.09,0,0
ARX_PB,D,20120725,000000,3.09,3.09,3.06,3.09,0,0
ARX_PB,D,20120726,000000,3.09,3.09,3.08,3.09,0,0
ARX_PB,D,20120727,000000,3.09,3.09,3.09,3.09,0,0
ARX_PB,D,20120730,000000,3.09,3.09,3.09,3.09,0,0
ARX_PB,D,20120731,000000,3.09,3.09,3.08,3.09,0,0
ARX_PB,D,20120801,000000,3.03,3.03,3.03,3.03,0,0
ARX_PB,D,20120806,000000,3.06,3.06,3.06,3.06,0,0
ARX_PB,D,20120807,000000,3.06,3.08,3.06,3.08,0,0
ARX_PB,D,20120808,000000,3.06,3.06,3.06,3.06,0,0
ARX_PB,D,20120816,000000,3.06,3.08,3.06,3.08,0,0
ARX_PB,D,20120824,000000,2.73,3.08,2.73,3.08,0,0
ARX_PB,D,20120910,000000,2.92,3.08,2.92,3.08,0,0
ARX_PB,D,20120914,000000,3.08,3.08,3.08,3.08,0,0
ARX_PB,D,20120919,000000,2.47,3.08,2.47,3.08,0,0
ARX_PB,D,20120924,000000,3.08,3.08,3.08,3.08,0,0
ARX_PB,D,20120926,000000,2.48,2.48,2.48,2.48,0,0
ARX_PB,D,20120928,000000,2.92,2.92,2.92,2.92,0,0
ARX_PB,D,20121002,000000,2.35,2.35,2.35,2.35,0,0
ARX_PB,D,20121005,000000,2.8,2.8,2.8,2.8,0,0
ARX_PB,D,20121010,000000,2.7,2.73,2.7,2.73,0,0
ARX_PB,D,20121022,000000,2.58,2.58,2.58,2.58,0,0
ARX_PB,D,20121023,000000,2.17,2.17,2.17,2.17,0,0
ARX_PB,D,20121025,000000,2,2,1.89,1.89,0,0
ARX_PB,D,20121029,000000,1.89,1.89,1.85,1.85,0,0
ARX_PB,D,20121108,000000,2.21,2.21,2.21,2.21,0,0
ARX_PB,D,20121109,000000,2.55,2.55,2.55,2.55,0,0
ARX_PB,D,20121112,000000,2.03,2.03,1.85,1.85,0,0
ARX_PB,D,20121113,000000,1.85,2.17,1.65,2.17,0,0
ARX_PB,D,20121114,000000,2.11,2.11,2.09,2.09,0,0
ARX_PB,D,20121115,000000,2.09,2.09,2.08,2.08,0,0
ARX_PB,D,20121116,000000,2.08,2.08,2.03,2.03,0,0
ARX_PB,D,20121119,000000,1.45,1.45,1.45,1.45,0,0
ARX_PB,D,20121120,000000,1.61,1.82,1.61,1.82,0,0
ARX_PB,D,20121121,000000,2.18,2.18,2.18,2.18,0,0
ARX_PB,D,20121122,000000,2.11,2.11,2.11,2.11,0,0
ARX_PB,D,20121123,000000,2.08,2.08,2.06,2.06,0,0
ARX_PB,D,20121126,000000,2.06,2.34,2.06,2.34,0,0
ARX_PB,D,20121127,000000,2.57,2.57,2.38,2.38,0,0
ARX_PB,D,20121128,000000,2.38,2.38,2.34,2.34,0,0
ARX_PB,D,20121130,000000,1.43,1.43,1.43,1.43,0,0
ARX_PB,D,20121203,000000,1.43,1.69,1.43,1.69,0,0
ARX_PB,D,20121204,000000,1.76,1.76,1.76,1.76,0,0
ARX_PB,D,20121205,000000,1.76,1.76,1.76,1.76,0,0
ARX_PB,D,20121206,000000,1.76,1.76,1.76,1.76,0,0
ARX_PB,D,20121207,000000,1.76,1.76,1.76,1.76,0,0
ARX_PB,D,20121210,000000,1.76,1.76,1.76,1.76,0,0
ARX_PB,D,20121211,000000,1.64,2.05,1.21,2.05,0,0
ARX_PB,D,20121212,000000,2.05,2.05,2.05,2.05,0,0
ARX_PB,D,20121213,000000,2,2,2,2,0,0
ARX_PB,D,20121214,000000,2,2,2,2,0,0
ARX_PB,D,20121217,000000,2,2,2,2,0,0
ARX_PB,D,20121218,000000,2,2,2,2,0,0
ARX_PB,D,20121219,000000,2,2,1.98,1.98,0,0
ARX_PB,D,20121220,000000,1.97,1.97,1.97,1.97,0,0
ARX_PB,D,20121221,000000,1.97,1.97,1.97,1.97,0,0
ARX_PB,D,20121227,000000,1.86,1.86,1.53,1.53,0,0
ARX_PB,D,20121228,000000,1.53,1.53,1.53,1.53,0,0
ARX_PB,D,20130107,000000,1.55,1.55,1.55,1.55,0,0
ARX_PB,D,20130108,000000,1.84,1.84,1.84,1.84,0,0
ARX_PB,D,20130109,000000,1.84,1.84,1.84,1.84,0,0
ARX_PB,D,20130110,000000,1.84,1.84,1.84,1.84,0,0
ARX_PB,D,20130111,000000,1.84,1.84,1.84,1.84,0,0
ARX_PB,D,20130114,000000,1.84,1.84,1.84,1.84,0,0
ARX_PB,D,20130115,000000,1.84,1.84,1.84,1.84,0,0
ARX_PB,D,20130117,000000,1.84,1.84,1.84,1.84,0,0
ARX_PB,D,20130118,000000,1.84,1.84,1.84,1.84,0,0
ARX_PB,D,20130121,000000,1.84,1.84,1.84,1.84,0,0
ARX_PB,D,20130122,000000,1.84,1.84,1.48,1.84,0,0
ARX_PB,D,20130123,000000,1.84,1.84,1.84,1.84,0,0
ARX_PB,D,20130124,000000,1.84,1.84,1.84,1.84,0,0
ARX_PB,D,20130125,000000,1.86,1.86,1.84,1.84,0,0
ARX_PB,D,20130128,000000,1.84,1.84,1.84,1.84,0,0
ARX_PB,D,20130129,000000,1.84,1.84,1.84,1.84,0,0
ARX_PB,D,20130130,000000,1.86,1.86,1.84,1.84,0,0
ARX_PB,D,20130131,000000,1.84,1.84,1.84,1.84,0,0
ARX_PB,D,20130201,000000,1.84,1.84,1.84,1.84,0,0
ARX_PB,D,20130204,000000,1.84,1.84,1.84,1.84,0,0
ARX_PB,D,20130205,000000,1.84,1.84,1.84,1.84,0,0
ARX_PB,D,20130206,000000,1.84,1.84,1.84,1.84,0,0
ARX_PB,D,20130207,000000,1.84,1.84,1.84,1.84,0,0
ARX_PB,D,20130208,000000,1.84,1.84,1.84,1.84,0,0
ARX_PB,D,20130211,000000,1.84,1.84,1.84,1.84,0,0
ARX_PB,D,20130212,000000,1.84,1.84,1.84,1.84,0,0
ARX_PB,D,20130213,000000,1.84,1.84,1.84,1.84,0,0
ARX_PB,D,20130214,000000,1.84,1.84,1.84,1.84,0,0
ARX_PB,D,20130215,000000,1.84,1.84,1.84,1.84,0,0
ARX_PB,D,20130218,000000,1.84,1.84,1.84,1.84,0,0
ARX_PB,D,20130219,000000,1.84,1.84,1.84,1.84,0,0
ARX_PB,D,20130220,000000,1.84,1.84,1.83,1.83,0,0
ARX_PB,D,20130221,000000,1.83,1.83,1.83,1.83,0,0
ARX_PB,D,20130222,000000,1.83,1.83,1.83,1.83,0,0
ARX_PB,D,20130225,000000,1.83,1.83,1.79,1.79,0,0
ARX_PB,D,20130226,000000,1.79,1.79,1.79,1.79,0,0
ARX_PB,D,20130227,000000,1.79,1.79,1.79,1.79,0,0
ARX_PB,D,20130228,000000,1.79,1.79,1.76,1.76,0,0
ARX_PB,D,20130301,000000,1.76,1.76,1.76,1.76,0,0
ARX_PB,D,20130304,000000,1.76,1.76,1.76,1.76,0,0
ARX_PB,D,20130305,000000,1.76,1.76,1.76,1.76,0,0
ARX_PB,D,20130306,000000,1.76,1.76,1.76,1.76,0,0
ARX_PB,D,20130307,000000,1.76,1.76,1.76,1.76,0,0
ARX_PB,D,20130308,000000,1.75,1.75,1.75,1.75,0,0
ARX_PB,D,20130311,000000,1.75,1.75,1.75,1.75,0,0
ARX_PB,D,20130312,000000,1.75,1.75,1.75,1.75,0,0
ARX_PB,D,20130313,000000,1.75,1.75,1.75,1.75,0,0
ARX_PB,D,20130314,000000,1.75,1.75,1.75,1.75,0,0
ARX_PB,D,20130315,000000,1.75,2.02,1.75,1.76,0,0
ARX_PB,D,20130319,000000,2.03,2.03,2.03,2.03,0,0
ARX_PB,D,20130320,000000,2.03,2.03,2.03,2.03,0,0
ARX_PB,D,20130321,000000,2.03,2.03,1.63,1.63,0,0
ARX_PB,D,20130322,000000,1.63,1.73,1.63,1.73,0,0
ARX_PB,D,20130325,000000,1.73,1.83,1.73,1.83,0,0
ARX_PB,D,20130326,000000,1.93,2.32,1.93,2.32,0,0
ARX_PB,D,20130327,000000,2.32,2.32,1.93,2.32,0,0
ARX_PB,D,20130328,000000,2.54,3.02,2.44,3.02,0,0
ARX_PB,D,20130402,000000,3.02,3.02,3.02,3.02,0,0
ARX_PB,D,20130403,000000,3.02,3.02,3.02,3.02,0,0
ARX_PB,D,20130404,000000,3.02,3.02,3.02,3.02,0,0
ARX_PB,D,20130405,000000,2.66,2.66,2.66,2.66,0,0
ARX_PB,D,20130408,000000,2.66,2.66,2.15,2.63,0,0
ARX_PB,D,20130409,000000,2.54,2.54,2.54,2.54,0,0
ARX_PB,D,20130410,000000,2.54,3.02,2.54,3.02,0,0
ARX_PB,D,20130411,000000,3.02,3.02,3.02,3.02,0,0
ARX_PB,D,20130412,000000,3.02,3.02,3.02,3.02,0,0
ARX_PB,D,20130415,000000,3.02,3.02,3.02,3.02,0,0
ARX_PB,D,20130417,000000,3.36,3.36,3.36,3.36,0,0
ARX_PB,D,20130418,000000,3.36,3.36,2.66,3.22,0,0
ARX_PB,D,20130419,000000,3.22,3.22,2.64,2.64,0,0
ARX_PB,D,20130422,000000,2.64,2.64,2.64,2.64,0,0
ARX_PB,D,20130423,000000,2.64,2.64,2.64,2.64,0,0
ARX_PB,D,20130424,000000,2.64,2.64,2.64,2.64,0,0
ARX_PB,D,20130426,000000,3.15,3.15,3.15,3.15,0,0
ARX_PB,D,20130429,000000,3.08,3.08,3.08,3.08,0,0
ARX_PB,D,20130430,000000,3.15,3.15,3.15,3.15,0,0
ARX_PB,D,20130502,000000,3.15,3.15,3.15,3.15,0,0
ARX_PB,D,20130506,000000,3.15,3.15,3.15,3.15,0,0
ARX_PB,D,20130507,000000,3.15,3.15,3.15,3.15,0,0
ARX_PB,D,20130508,000000,3.15,3.15,2.85,2.85,0,0
ARX_PB,D,20130509,000000,2.85,2.85,2.85,2.85,0,0
ARX_PB,D,20130510,000000,2.85,2.85,2.85,2.85,0,0
ARX_PB,D,20130513,000000,2.85,2.85,2.85,2.85,0,0
ARX_PB,D,20130514,000000,2.85,2.85,2.85,2.85,0,0
ARX_PB,D,20130515,000000,2.85,2.85,2.85,2.85,0,0
ARX_PB,D,20130516,000000,2.85,2.85,2.85,2.85,0,0
ARX_PB,D,20130517,000000,2.85,2.85,2.85,2.85,0,0
ARX_PB,D,20130520,000000,2.85,2.85,2.85,2.85,0,0
ARX_PB,D,20130521,000000,2.27,2.27,2.27,2.27,0,0
ARX_PB,D,20130522,000000,2.27,2.27,2.27,2.27,0,0
ARX_PB,D,20130523,000000,2.03,2.03,2.03,2.03,0,0
ARX_PB,D,20130524,000000,2.03,2.03,2.03,2.03,0,0
ARX_PB,D,20130527,000000,2.03,2.03,2.02,2.02,0,0
ARX_PB,D,20130528,000000,2.41,2.86,2.41,2.42,0,0
ARX_PB,D,20130529,000000,2.83,3.37,2.41,3.37,0,0
ARX_PB,D,20130531,000000,3.8,4.27,3.05,3.05,0,0
ARX_PB,D,20130603,000000,3.46,4.14,3.46,4.14,0,0
ARX_PB,D,20130604,000000,4.14,4.14,2.95,3.29,0,0
ARX_PB,D,20130605,000000,3.29,3.36,3.29,3.34,0,0
ARX_PB,D,20130606,000000,3.36,3.36,3.36,3.36,0,0
ARX_PB,D,20130607,000000,3.36,3.36,3.27,3.36,0,0
ARX_PB,D,20130610,000000,3.86,3.86,3.36,3.37,0,0
ARX_PB,D,20130611,000000,3.37,3.39,3.37,3.39,0,0
ARX_PB,D,20130612,000000,3.86,3.86,3.25,3.54,0,0
ARX_PB,D,20130613,000000,3.54,3.54,3.25,3.25,0,0
ARX_PB,D,20130614,000000,3.25,3.25,2.85,3.25,0,0
ARX_PB,D,20130617,000000,3.25,3.54,2.75,3.54,0,0
ARX_PB,D,20130618,000000,3.54,3.54,3.25,3.54,0,0
ARX_PB,D,20130619,000000,3.54,3.54,3.54,3.54,0,0
ARX_PB,D,20130620,000000,3.53,3.53,3.46,3.46,0,0
ARX_PB,D,20130621,000000,3.46,3.46,3.44,3.46,0,0
ARX_PB,D,20130624,000000,3.46,3.46,3.46,3.46,0,0
ARX_PB,D,20130625,000000,2.76,3.32,2.76,3.32,0,0
ARX_PB,D,20130626,000000,3.46,3.46,3.46,3.46,0,0
ARX_PB,D,20130627,000000,3.46,3.46,3.46,3.46,0,0
ARX_PB,D,20130628,000000,3.46,3.46,3.46,3.46,0,0
ARX_PB,D,20130701,000000,3.46,3.46,3.46,3.46,0,0
ARX_PB,D,20130702,000000,3.46,3.46,3.46,3.46,0,0
ARX_PB,D,20130703,000000,3.46,3.46,3.46,3.46,0,0
ARX_PB,D,20130704,000000,3.24,3.66,2.64,3.66,0,0
ARX_PB,D,20130705,000000,3.66,3.66,3.66,3.66,0,0
ARX_PB,D,20130708,000000,3.66,3.66,3.66,3.66,0,0
ARX_PB,D,20130709,000000,3.66,3.66,3.66,3.66,0,0
ARX_PB,D,20130710,000000,3.66,3.66,3.66,3.66,0,0
ARX_PB,D,20130711,000000,3.66,3.66,3.66,3.66,0,0
ARX_PB,D,20130712,000000,3.66,3.66,3.66,3.66,0,0
ARX_PB,D,20130715,000000,3.66,3.66,3.46,3.46,0,0
ARX_PB,D,20130716,000000,3.46,3.46,3.46,3.46,0,0
ARX_PB,D,20130717,000000,3.46,4.74,3.46,4.74,0,0
ARX_PB,D,20130718,000000,4.74,4.74,4.74,4.74,0,0
ARX_PB,D,20130719,000000,4.74,4.74,4.74,4.74,0,0
ARX_PB,D,20130722,000000,4.74,4.74,4.74,4.74,0,0
ARX_PB,D,20130723,000000,5.02,5.02,5.02,5.02,0,0
ARX_PB,D,20130724,000000,5.02,5.02,5.02,5.02,0,0
ARX_PB,D,20130725,000000,5.02,5.02,5.02,5.02,0,0
ARX_PB,D,20130726,000000,5.02,5.02,5.02,5.02,0,0
ARX_PB,D,20130729,000000,5.02,5.02,5.02,5.02,0,0
ARX_PB,D,20130730,000000,5.02,5.02,5.02,5.02,0,0
ARX_PB,D,20130731,000000,5.02,5.02,5.02,5.02,0,0
ARX_PB,D,20130801,000000,5.02,5.02,5.02,5.02,0,0
ARX_PB,D,20130802,000000,5.02,5.02,5.02,5.02,0,0
ARX_PB,D,20130805,000000,5.02,5.02,5.02,5.02,0,0
ARX_PB,D,20130806,000000,5.02,5.02,5.02,5.02,0,0
ARX_PB,D,20130807,000000,5.02,5.02,5.02,5.02,0,0
ARX_PB,D,20130808,000000,5.02,5.02,5.02,5.02,0,0
ARX_PB,D,20130809,000000,5.02,5.02,5.02,5.02,0,0
ARX_PB,D,20130812,000000,5.02,5.02,5.02,5.02,0,0
ARX_PB,D,20130813,000000,5.02,5.02,5.02,5.02,0,0
ARX_PB,D,20130814,000000,5.02,5.02,5.02,5.02,0,0
ARX_PB,D,20130816,000000,5.02,5.02,5.02,5.02,0,0
ARX_PB,D,20130819,000000,5.02,5.02,4.05,4.05,0,0
ARX_PB,D,20130820,000000,4.05,4.05,4.05,4.05,0,0
ARX_PB,D,20130821,000000,3.63,3.63,3.63,3.63,0,0
ARX_PB,D,20130822,000000,3.63,3.63,3.63,3.63,0,0
ARX_PB,D,20130823,000000,3.63,3.63,3.63,3.63,0,0
ARX_PB,D,20130826,000000,3.63,3.63,3.63,3.63,0,0
ARX_PB,D,20130827,000000,3.63,3.63,3.3,3.3,0,0
ARX_PB,D,20130829,000000,3.63,3.74,3.63,3.74,0,0
ARX_PB,D,20130830,000000,3.74,3.91,3.74,3.91,0,0
ARX_PB,D,20130902,000000,4.7,5,4.7,5,0,0
ARX_PB,D,20130903,000000,5,5,5,5,0,0
ARX_PB,D,20130904,000000,5,5,5,5,0,0
ARX_PB,D,20130905,000000,5,5,4.02,5,0,0
ARX_PB,D,20130906,000000,5,5.12,5,5.12,0,0
ARX_PB,D,20130909,000000,5.12,5.14,4.09,5.14,0,0
ARX_PB,D,20130910,000000,5.14,5.14,5.14,5.14,0,0
ARX_PB,D,20130911,000000,5.16,5.16,5.16,5.16,0,0
ARX_PB,D,20130912,000000,5.16,5.16,5.16,5.16,0,0
ARX_PB,D,20130913,000000,5.16,5.16,5.16,5.16,0,0
ARX_PB,D,20130916,000000,5.16,5.16,5.16,5.16,0,0
ARX_PB,D,20130917,000000,5.16,5.16,5.16,5.16,0,0
ARX_PB,D,20130918,000000,5.16,5.16,5.16,5.16,0,0
ARX_PB,D,20130919,000000,5.16,5.16,5.16,5.16,0,0
ARX_PB,D,20130920,000000,5.16,5.16,5.16,5.16,0,0
ARX_PB,D,20130923,000000,5.16,5.16,5.16,5.16,0,0
ARX_PB,D,20130924,000000,5.16,5.16,5.16,5.16,0,0
ARX_PB,D,20130925,000000,5.16,5.16,5.16,5.16,0,0
ARX_PB,D,20130926,000000,5.16,5.16,5.16,5.16,0,0
ARX_PB,D,20130927,000000,5.16,5.16,5.16,5.16,0,0
ARX_PB,D,20130930,000000,5.16,5.16,5.16,5.16,0,0
ARX_PB,D,20131001,000000,5.16,5.16,4.74,4.74,0,0
ARX_PB,D,20131002,000000,5.16,5.16,5.16,5.16,0,0
ARX_PB,D,20131003,000000,5.16,5.16,5.16,5.16,0,0
ARX_PB,D,20131004,000000,5.16,5.16,5.16,5.16,0,0
ARX_PB,D,20131007,000000,5.16,5.16,5.16,5.16,0,0
ARX_PB,D,20131008,000000,5.16,5.16,5.16,5.16,0,0
ARX_PB,D,20131009,000000,5.16,5.16,4.88,4.88,0,0
ARX_PB,D,20131010,000000,4.88,4.88,4.88,4.88,0,0
ARX_PB,D,20131011,000000,4.88,4.88,4.74,4.74,0,0
ARX_PB,D,20131014,000000,4.74,4.74,4.74,4.74,0,0
ARX_PB,D,20131015,000000,4.74,4.74,4.74,4.74,0,0
ARX_PB,D,20131016,000000,4.74,4.74,4.74,4.74,0,0
ARX_PB,D,20131017,000000,4.74,4.74,4.74,4.74,0,0
ARX_PB,D,20131018,000000,4.74,4.74,4.74,4.74,0,0
ARX_PB,D,20131021,000000,4.74,4.74,4.74,4.74,0,0
ARX_PB,D,20131022,000000,4.74,4.74,4.74,4.74,0,0
ARX_PB,D,20131023,000000,4.74,4.74,4.74,4.74,0,0
ARX_PB,D,20131024,000000,4.88,4.88,4.88,4.88,0,0
ARX_PB,D,20131025,000000,4.88,4.88,4.86,4.86,0,0
ARX_PB,D,20131028,000000,4.86,12.95,4.86,12.95,0,0
ARX_PB,D,20131029,000000,12.95,12.95,12.95,12.95,0,0
ARX_PB,D,20131030,000000,12.95,12.95,12.88,12.88,0,0
ARX_PB,D,20131031,000000,12.88,12.88,12.88,12.88,0,0
ARX_PB,D,20131104,000000,12.88,12.88,12.88,12.88,0,0
ARX_PB,D,20131105,000000,12.88,12.88,12.88,12.88,0,0
ARX_PB,D,20131106,000000,12.88,12.88,12.88,12.88,0,0
ARX_PB,D,20131107,000000,12.88,12.88,12.88,12.88,0,0
ARX_PB,D,20131108,000000,12.88,12.88,12.88,12.88,0,0
ARX_PB,D,20131112,000000,12.88,12.88,12.88,12.88,0,0
ARX_PB,D,20131113,000000,12.88,12.88,12.65,12.65,0,0
ARX_PB,D,20131114,000000,12.65,12.65,12.65,12.65,0,0
ARX_PB,D,20131115,000000,12.65,12.65,12.58,12.58,0,0
ARX_PB,D,20131118,000000,12.88,12.88,12.88,12.88,0,0
ARX_PB,D,20131119,000000,12.88,12.88,12.88,12.88,0,0
ARX_PB,D,20131120,000000,12.88,12.88,12.79,12.79,0,0
ARX_PB,D,20131121,000000,12.88,12.88,12.79,12.79,0,0
ARX_PB,D,20131122,000000,12.88,12.88,12.88,12.88,0,0
ARX_PB,D,20131125,000000,12.88,12.88,12.88,12.88,0,0
ARX_PB,D,20131126,000000,12.88,12.88,12.88,12.88,0,0
ARX_PB,D,20131127,000000,12.88,12.88,12.88,12.88,0,0
ARX_PB,D,20131128,000000,12.88,12.88,12.88,12.88,0,0
ARX_PB,D,20131129,000000,12.88,12.88,12.79,12.79,0,0
ARX_PB,D,20131202,000000,12.88,12.88,11.91,11.91,0,0
ARX_PB,D,20131203,000000,12.79,12.88,12.79,12.88,0,0
ARX_PB,D,20131204,000000,12.88,12.88,12.79,12.79,0,0
ARX_PB,D,20131205,000000,12.88,12.88,12.88,12.88,0,0
ARX_PB,D,20131206,000000,12.79,12.79,12.79,12.79,0,0
ARX_PB,D,20131209,000000,12.88,12.88,12.79,12.79,0,0
ARX_PB,D,20131210,000000,12.79,12.88,12.79,12.88,0,0
ARX_PB,D,20131211,000000,12.88,12.88,12.88,12.88,0,0
ARX_PB,D,20131212,000000,12.88,12.88,12.79,12.79,0,0
ARX_PB,D,20131213,000000,12.79,12.79,12.79,12.79,0,0
ARX_PB,D,20131216,000000,12.88,12.88,12.88,12.88,0,0
ARX_PB,D,20131217,000000,12.79,12.79,12.79,12.79,0,0
ARX_PB,D,20131218,000000,12.79,12.79,12.79,12.79,0,0
ARX_PB,D,20131219,000000,12.79,12.79,12.79,12.79,0,0
ARX_PB,D,20131220,000000,12.79,12.79,12.79,12.79,0,0
ARX_PB,D,20131223,000000,12.79,12.79,12.79,12.79,0,0
ARX_PB,D,20131227,000000,12.79,12.79,12.79,12.79,0,0
ARX_PB,D,20131230,000000,12.79,12.88,12.79,12.88,0,0
ARX_PB,D,20140102,000000,12.88,12.88,12.88,12.88,0,0
ARX_PB,D,20140103,000000,14.88,14.88,14.88,14.88,0,0
ARX_PB,D,20140107,000000,14.88,14.88,14.51,14.51,0,0
ARX_PB,D,20140108,000000,14.88,14.88,14.51,14.51,0,0
ARX_PB,D,20140116,000000,5.58,7.71,5.56,7.71,0,0
ARX_PB,D,20140117,000000,7.71,7.71,7.71,7.71,0,0
ARX_PB,D,20140120,000000,7.71,7.71,7.71,7.71,0,0
ARX_PB,D,20140121,000000,7.71,7.71,7.71,7.71,0,0
ARX_PB,D,20140122,000000,7.71,7.71,7.71,7.71,0,0
ARX_PB,D,20140123,000000,7.71,7.71,7.71,7.71,0,0
ARX_PB,D,20140124,000000,7.71,7.71,7.71,7.71,0,0
ARX_PB,D,20140127,000000,7.71,7.71,7.71,7.71,0,0
ARX_PB,D,20140128,000000,7.71,7.71,7.71,7.71,0,0
ARX_PB,D,20140129,000000,7.71,20.13,7.55,20.13,0,0
ARX_PB,D,20140130,000000,20.13,20.13,20.13,20.13,0,0
ARX_PB,D,20140131,000000,20.13,20.13,20.13,20.13,0,0
ARX_PB,D,20140203,000000,20.13,20.13,20.13,20.13,0,0
ARX_PB,D,20140204,000000,20.13,20.13,20.13,20.13,0,0
ARX_PB,D,20140205,000000,20.13,20.13,20.13,20.13,0,0
ARX_PB,D,20140206,000000,20.13,20.13,19.1,19.1,0,0
ARX_PB,D,20140207,000000,19.1,19.1,19,19,0,0
ARX_PB,D,20140210,000000,19,19,18.58,18.58,0,0
ARX_PB,D,20140211,000000,18.58,18.58,18.48,18.48,0,0
ARX_PB,D,20140212,000000,18.48,18.48,18.48,18.48,0,0
ARX_PB,D,20140213,000000,18.48,18.48,18.48,18.48,0,0
ARX_PB,D,20140214,000000,18.48,18.48,18.48,18.48,0,0
ARX_PB,D,20140217,000000,18.48,18.48,18.48,18.48,0,0
ARX_PB,D,20140218,000000,18.48,18.48,18.48,18.48,0,0
ARX_PB,D,20140219,000000,18.48,18.48,18.48,18.48,0,0
ARX_PB,D,20140220,000000,18.48,20.23,18.48,20.23,0,0
ARX_PB,D,20140221,000000,20.23,20.23,20.23,20.23,0,0
ARX_PB,D,20140224,000000,20.23,20.23,20.23,20.23,0,0
ARX_PB,D,20140225,000000,20.23,20.23,20.23,20.23,0,0
ARX_PB,D,20140226,000000,20.23,20.23,20.23,20.23,0,0
ARX_PB,D,20140227,000000,20.23,20.23,20.23,20.23,0,0
ARX_PB,D,20140228,000000,20.23,20.23,20.23,20.23,0,0
ARX_PB,D,20140303,000000,20.23,20.23,20.23,20.23,0,0
ARX_PB,D,20140304,000000,20.23,24.26,20.23,24.26,0,0
ARX_PB,D,20140305,000000,24.77,24.77,20.13,24.26,0,0
ARX_PB,D,20140306,000000,24.26,24.26,24.26,24.26,0,0
ARX_PB,D,20140307,000000,24.26,24.26,19.42,20.65,0,0
ARX_PB,D,20140310,000000,20.65,20.65,20.65,20.65,0,0
ARX_PB,D,20140311,000000,20.65,20.65,20.65,20.65,0,0
ARX_PB,D,20140312,000000,20.65,20.65,20.65,20.65,0,0
ARX_PB,D,20140313,000000,20.65,24.77,20.65,24.77,0,0
ARX_PB,D,20140314,000000,24.77,24.77,20.65,24.77,0,0
ARX_PB,D,20140317,000000,24.77,24.77,24.77,24.77,0,0
ARX_PB,D,20140318,000000,24.77,27.77,24.77,27.77,0,0
ARX_PB,D,20140319,000000,27.77,27.77,27.77,27.77,0,0
ARX_PB,D,20140320,000000,27.77,27.77,27.77,27.77,0,0
ARX_PB,D,20140321,000000,27.77,27.77,27.77,27.77,0,0
ARX_PB,D,20140324,000000,27.77,27.77,27.77,27.77,0,0
ARX_PB,D,20140325,000000,27.77,27.77,27.77,27.77,0,0
ARX_PB,D,20140326,000000,27.77,27.77,27.77,27.77,0,0
ARX_PB,D,20140327,000000,27.77,27.77,27.77,27.77,0,0
ARX_PB,D,20140328,000000,27.77,27.77,27.77,27.77,0,0
ARX_PB,D,20140331,000000,27.77,27.77,27.77,27.77,0,0
ARX_PB,D,20140401,000000,27.77,27.77,27.77,27.77,0,0
ARX_PB,D,20140402,000000,27.77,27.77,27.77,27.77,0,0
ARX_PB,D,20140403,000000,27.77,27.77,27.77,27.77,0,0
ARX_PB,D,20140404,000000,27.77,27.77,27.77,27.77,0,0
ARX_PB,D,20140407,000000,27.77,27.77,27.77,27.77,0,0
ARX_PB,D,20140408,000000,27.77,27.77,27.77,27.77,0,0
ARX_PB,D,20140409,000000,27.77,27.77,27.77,27.77,0,0
ARX_PB,D,20140410,000000,27.77,27.77,27.77,27.77,0,0
ARX_PB,D,20140411,000000,27.77,27.77,27.77,27.77,0,0
ARX_PB,D,20140414,000000,27.77,27.77,27.77,27.77,0,0
ARX_PB,D,20140415,000000,27.77,27.77,27.77,27.77,0,0
ARX_PB,D,20140416,000000,27.77,39.14,27.77,39.14,0,0
ARX_PB,D,20140417,000000,39.14,39.14,39.14,39.14,0,0
ARX_PB,D,20140422,000000,39.14,39.14,39.14,39.14,0,0
ARX_PB,D,20140423,000000,39.14,39.14,39.14,39.14,0,0
ARX_PB,D,20140424,000000,39.14,39.14,39.14,39.14,0,0
ARX_PB,D,20140425,000000,39.14,39.14,39.14,39.14,0,0
ARX_PB,D,20140428,000000,39.14,39.14,39.14,39.14,0,0
ARX_PB,D,20140429,000000,39.14,39.14,39.14,39.14,0,0
ARX_PB,D,20140430,000000,39.14,39.14,32,39.14,0,0
ARX_PB,D,20140502,000000,39.14,39.14,39.14,39.14,0,0
ARX_PB,D,20140505,000000,39.14,39.14,39.14,39.14,0,0
ARX_PB,D,20140506,000000,39.14,39.14,39.14,39.14,0,0
ARX_PB,D,20140507,000000,39.14,39.14,39.14,39.14,0,0
ARX_PB,D,20140508,000000,39.14,39.14,39.14,39.14,0,0
ARX_PB,D,20140509,000000,39.14,39.14,39.14,39.14,0,0
ARX_PB,D,20140512,000000,39.14,39.14,39.14,39.14,0,0
ARX_PB,D,20140513,000000,39.14,39.14,39.14,39.14,0,0
ARX_PB,D,20140514,000000,39,39,39,39,0,0
ARX_PB,D,20140515,000000,39,39,39,39,0,0
ARX_PB,D,20140516,000000,39,39,39,39,0,0
ARX_PB,D,20140519,000000,39,39,39,39,0,0
ARX_PB,D,20140520,000000,39,39,34.32,34.32,0,0
ARX_PB,D,20140521,000000,34.32,34.32,34.32,34.32,0,0
ARX_PB,D,20140522,000000,34.32,34.32,34.32,34.32,0,0
ARX_PB,D,20140523,000000,34.32,34.32,34.32,34.32,0,0
ARX_PB,D,20140526,000000,34.32,34.32,34.32,34.32,0,0
ARX_PB,D,20140527,000000,34.32,39,34.32,39,0,0
ARX_PB,D,20140528,000000,39,39,39,39,0,0
ARX_PB,D,20140529,000000,39,39,39,39,0,0
ARX_PB,D,20140530,000000,39,39,39,39,0,0
ARX_PB,D,20140602,000000,39,39,39,39,0,0
ARX_PB,D,20140603,000000,39,39,39,39,0,0
ARX_PB,D,20140604,000000,39,39,39,39,0,0
ARX_PB,D,20140605,000000,39,39,39,39,0,0
ARX_PB,D,20140606,000000,39,39,39,39,0,0
ARX_PB,D,20140609,000000,39,39,39,39,0,0
ARX_PB,D,20140610,000000,39,39,39,39,0,0
ARX_PB,D,20140611,000000,39,39,39,39,0,0
ARX_PB,D,20140612,000000,39,39,39,39,0,0
ARX_PB,D,20140613,000000,39,39,39,39,0,0
ARX_PB,D,20140616,000000,39,39,39,39,0,0
ARX_PB,D,20140617,000000,39,39,7.53,7.53,0,0
ARX_PB,D,20140618,000000,7.53,7.53,7.53,7.53,0,0
ARX_PB,D,20140620,000000,7.53,7.53,7.53,7.53,0,0
ARX_PB,D,20140623,000000,7.53,7.53,7.53,7.53,0,0
ARX_PB,D,20140624,000000,7.53,7.53,7.53,7.53,0,0
ARX_PB,D,20140625,000000,7.53,7.53,7.53,7.53,0,0
ARX_PB,D,20140626,000000,7.53,7.53,7.53,7.53,0,0
ARX_PB,D,20140627,000000,7.53,7.53,7.53,7.53,0,0
ARX_PB,D,20140630,000000,7.53,7.53,7.53,7.53,0,0
ARX_PB,D,20140701,000000,7.53,7.53,7.53,7.53,0,0
ARX_PB,D,20140702,000000,7.53,7.53,7.53,7.53,0,0
ARX_PB,D,20140703,000000,7.53,7.53,7.53,7.53,0,0
ARX_PB,D,20140704,000000,7.53,7.53,7.53,7.53,0,0
ARX_PB,D,20140707,000000,7.53,7.53,7.53,7.53,0,0
ARX_PB,D,20140708,000000,7.53,7.53,7.53,7.53,0,0
ARX_PB,D,20140709,000000,7.53,7.53,7.53,7.53,0,0
ARX_PB,D,20140710,000000,7.3,7.3,7.3,7.3,0,0
ARX_PB,D,20140711,000000,7.53,7.53,7.53,7.53,0,0
ARX_PB,D,20140714,000000,7.53,7.53,7.53,7.53,0,0
ARX_PB,D,20140715,000000,7.53,7.53,7.53,7.53,0,0
ARX_PB,D,20140716,000000,7.53,7.53,7.53,7.53,0,0
ARX_PB,D,20140717,000000,7.53,7.53,7.53,7.53,0,0
ARX_PB,D,20140718,000000,7.53,7.53,7.53,7.53,0,0
ARX_PB,D,20140721,000000,7.53,7.53,7.53,7.53,0,0
ARX_PB,D,20140722,000000,7.53,7.53,7.02,7.02,0,0
ARX_PB,D,20140723,000000,7.53,7.53,7.53,7.53,0,0
ARX_PB,D,20140724,000000,7.53,7.53,7.53,7.53,0,0
ARX_PB,D,20140725,000000,7.53,7.53,7.53,7.53,0,0
ARX_PB,D,20140728,000000,7.53,7.53,7.53,7.53,0,0
ARX_PB,D,20140729,000000,7.53,7.53,7.53,7.53,0,0
ARX_PB,D,20140730,000000,7.53,7.53,7.53,7.53,0,0
ARX_PB,D,20140731,000000,7.53,7.53,7.53,7.53,0,0
ARX_PB,D,20140801,000000,7.53,7.53,7.53,7.53,0,0
ARX_PB,D,20140804,000000,7.53,7.53,7.53,7.53,0,0
ARX_PB,D,20140805,000000,7.53,7.53,7.53,7.53,0,0
ARX_PB,D,20140806,000000,7.53,7.53,7.53,7.53,0,0
ARX_PB,D,20140807,000000,7.53,7.53,7.53,7.53,0,0
ARX_PB,D,20140808,000000,7.53,7.53,7.53,7.53,0,0
ARX_PB,D,20140811,000000,7.53,7.53,7.53,7.53,0,0
ARX_PB,D,20140812,000000,7.53,7.53,7.53,7.53,0,0
ARX_PB,D,20140813,000000,7.53,7.53,7.53,7.53,0,0
ARX_PB,D,20140814,000000,7.53,7.53,7.53,7.53,0,0
ARX_PB,D,20140818,000000,7.53,7.53,7.53,7.53,0,0
ARX_PB,D,20140819,000000,7.53,7.53,7.53,7.53,0,0
ARX_PB,D,20140820,000000,7.53,7.53,7.53,7.53,0,0
ARX_PB,D,20140821,000000,7.53,7.53,7.53,7.53,0,0
ARX_PB,D,20140822,000000,7.53,7.53,7.53,7.53,0,0
ARX_PB,D,20140825,000000,7.53,7.53,7.53,7.53,0,0
ARX_PB,D,20140826,000000,7.53,7.53,7.53,7.53,0,0
ARX_PB,D,20140827,000000,7.53,7.53,7.53,7.53,0,0
ARX_PB,D,20140828,000000,7.53,7.53,7.53,7.53,0,0
ARX_PB,D,20140829,000000,7.53,7.53,6.04,6.04,0,0
ARX_PB,D,20140901,000000,6.04,6.04,4.72,4.72,0,0
ARX_PB,D,20140904,000000,5.61,5.61,5.61,5.61,0,0
ARX_PB,D,20140905,000000,6.15,6.15,6.15,6.15,0,0
ARX_PB,D,20140908,000000,6.15,6.15,6.15,6.15,0,0
ARX_PB,D,20140909,000000,6.15,6.15,6.15,6.15,0,0
ARX_PB,D,20140910,000000,6.15,6.15,6.15,6.15,0,0
ARX_PB,D,20140911,000000,6.15,6.15,6.15,6.15,0,0
ARX_PB,D,20140912,000000,6.15,6.15,6.15,6.15,0,0
ARX_PB,D,20140915,000000,6.15,6.15,6.15,6.15,0,0
ARX_PB,D,20140916,000000,6.15,6.15,6.15,6.15,0,0
ARX_PB,D,20140917,000000,6.15,7.46,6.15,7.46,0,0
ARX_PB,D,20140918,000000,7.46,7.46,7.46,7.46,0,0
ARX_PB,D,20140919,000000,7.46,7.46,7.46,7.46,0,0
ARX_PB,D,20140922,000000,7.46,7.46,7.46,7.46,0,0
ARX_PB,D,20140923,000000,7.46,7.46,6.13,6.13,0,0
ARX_PB,D,20140924,000000,7.32,7.46,7.32,7.46,0,0
ARX_PB,D,20140925,000000,7.46,7.46,7.46,7.46,0,0
ARX_PB,D,20140926,000000,7.46,7.46,7.46,7.46,0,0
ARX_PB,D,20140929,000000,7.46,7.46,7.46,7.46,0,0
ARX_PB,D,20140930,000000,7.46,7.46,7.46,7.46,0,0
ARX_PB,D,20141001,000000,7.46,7.46,7.46,7.46,0,0
ARX_PB,D,20141002,000000,7.46,7.46,7.46,7.46,0,0
ARX_PB,D,20141003,000000,7.46,7.46,7.46,7.46,0,0
ARX_PB,D,20141006,000000,7.46,7.46,7.46,7.46,0,0
ARX_PB,D,20141007,000000,7.46,7.46,7.46,7.46,0,0
ARX_PB,D,20141008,000000,7.46,7.46,7.46,7.46,0,0
ARX_PB,D,20141009,000000,7.46,7.46,7.46,7.46,0,0
ARX_PB,D,20141010,000000,7.46,7.46,7.46,7.46,0,0
ARX_PB,D,20141013,000000,7.46,7.46,7.46,7.46,0,0
ARX_PB,D,20141014,000000,7.46,7.46,7.46,7.46,0,0
ARX_PB,D,20141015,000000,7.46,7.46,7.46,7.46,0,0
ARX_PB,D,20141016,000000,7.46,7.46,7.46,7.46,0,0
ARX_PB,D,20141017,000000,7.46,7.46,7.46,7.46,0,0
ARX_PB,D,20141020,000000,7.46,7.46,7.46,7.46,0,0
ARX_PB,D,20141021,000000,7.46,7.46,7.46,7.46,0,0
ARX_PB,D,20141022,000000,7.46,7.46,7.46,7.46,0,0
ARX_PB,D,20141023,000000,7.46,7.46,7.46,7.46,0,0
ARX_PB,D,20141024,000000,7.46,7.46,7.46,7.46,0,0
ARX_PB,D,20141027,000000,7.46,7.46,7.46,7.46,0,0
ARX_PB,D,20141028,000000,7.46,7.46,7.46,7.46,0,0
ARX_PB,D,20141029,000000,7.46,7.46,7.46,7.46,0,0
ARX_PB,D,20141030,000000,7.46,7.46,7.46,7.46,0,0
ARX_PB,D,20141031,000000,7.46,7.46,7.46,7.46,0,0
ARX_PB,D,20141103,000000,7.46,7.46,7.46,7.46,0,0
ARX_PB,D,20141104,000000,7.46,7.46,7.46,7.46,0,0
ARX_PB,D,20141105,000000,6.81,6.81,6.81,6.81,0,0
ARX_PB,D,20141106,000000,6.81,7.46,5.45,7.46,0,0
ARX_PB,D,20141107,000000,7.46,7.46,7.46,7.46,0,0
ARX_PB,D,20141110,000000,7.46,7.46,7.46,7.46,0,0
ARX_PB,D,20141112,000000,7.46,7.46,7.46,7.46,0,0
ARX_PB,D,20141113,000000,7.46,7.46,7.46,7.46,0,0
ARX_PB,D,20141114,000000,7.46,7.46,7.46,7.46,0,0
ARX_PB,D,20141117,000000,7.46,7.46,7.46,7.46,0,0
ARX_PB,D,20141118,000000,7.46,7.46,7.46,7.46,0,0
ARX_PB,D,20141119,000000,7.46,7.46,7.46,7.46,0,0
ARX_PB,D,20141120,000000,7.46,7.46,7.46,7.46,0,0
ARX_PB,D,20141121,000000,7.46,7.46,7.46,7.46,0,0
ARX_PB,D,20141124,000000,7.46,7.46,7.46,7.46,0,0
ARX_PB,D,20141125,000000,7.46,7.46,7.46,7.46,0,0
ARX_PB,D,20141126,000000,7.46,7.46,7.46,7.46,0,0
ARX_PB,D,20141127,000000,7.46,7.46,7.46,7.46,0,0
ARX_PB,D,20141128,000000,7.46,7.46,7.46,7.46,0,0
ARX_PB,D,20141201,000000,7.46,7.46,7.46,7.46,0,0
ARX_PB,D,20141202,000000,7.46,7.46,7.46,7.46,0,0
ARX_PB,D,20141203,000000,7.46,7.46,7.46,7.46,0,0
ARX_PB,D,20141204,000000,7.46,7.46,7.46,7.46,0,0
ARX_PB,D,20141205,000000,7.46,7.46,7.46,7.46,0,0
ARX_PB,D,20141208,000000,7.46,7.46,7.46,7.46,0,0
ARX_PB,D,20141209,000000,7.46,7.46,7.46,7.46,0,0
ARX_PB,D,20141210,000000,7.46,11.49,7.46,11.49,0,0
ARX_PB,D,20141211,000000,11.49,11.49,11.02,11.02,0,0
ARX_PB,D,20141212,000000,11.49,11.49,11.49,11.49,0,0
ARX_PB,D,20141215,000000,11.49,13.11,10.49,10.49,0,0
ARX_PB,D,20141216,000000,12.59,12.59,12.59,12.59,0,0
ARX_PB,D,20141217,000000,12.59,12.59,12.59,12.59,0,0
ARX_PB,D,20141218,000000,12.59,12.59,12.59,12.59,0,0
ARX_PB,D,20141219,000000,12.59,13.07,12.59,13.07,0,0
ARX_PB,D,20141222,000000,13.11,13.11,13.11,13.11,0,0
ARX_PB,D,20141223,000000,13.11,14.07,13.11,14.07,0,0
ARX_PB,D,20141229,000000,14.07,14.07,14,14,0,0
ARX_PB,D,20141230,000000,14.11,14.11,14.11,14.11,0,0
ARX_PB,D,20150102,000000,14.74,15.21,14.74,15.21,0,0
ARX_PB,D,20150105,000000,15.48,15.48,15,15,0,0
ARX_PB,D,20150107,000000,15.48,15.74,15.48,15.74,0,0
ARX_PB,D,20150108,000000,15.74,16.31,15.74,16.31,0,0
ARX_PB,D,20150109,000000,16.31,16.31,16.31,16.31,0,0
ARX_PB,D,20150112,000000,16.31,16.31,16.31,16.31,0,0
ARX_PB,D,20150113,000000,16.31,16.36,16.31,16.36,0,0
ARX_PB,D,20150114,000000,16.36,16.36,16.36,16.36,0,0
ARX_PB,D,20150116,000000,16.36,16.36,16,16.36,0,0
ARX_PB,D,20150119,000000,16.36,16.36,16.36,16.36,0,0
ARX_PB,D,20150120,000000,16.36,16.36,16.36,16.36,0,0
ARX_PB,D,20150121,000000,16.36,16.36,16.36,16.36,0,0
ARX_PB,D,20150122,000000,16.36,16.36,14.69,14.69,0,0
ARX_PB,D,20150123,000000,16.36,19.41,16.36,19.41,0,0
ARX_PB,D,20150126,000000,20.98,26.23,20.98,26.23,0,0
ARX_PB,D,20150127,000000,26.23,28.43,26.18,28.33,0,0
ARX_PB,D,20150128,000000,28.33,28.33,25.08,25.08,0,0
ARX_PB,D,20150129,000000,25.7,25.7,25.34,25.7,0,0
ARX_PB,D,20150130,000000,25.8,28.33,24.13,25.18,0,0
ARX_PB,D,20150202,000000,24.66,26.23,24.13,26.23,0,0
ARX_PB,D,20150203,000000,26.23,26.23,24.39,26.23,0,0
ARX_PB,D,20150204,000000,26.23,26.23,24.66,26.23,0,0
ARX_PB,D,20150205,000000,26.23,26.23,24.66,24.66,0,0
ARX_PB,D,20150206,000000,26.23,26.23,26.23,26.23,0,0
ARX_PB,D,20150209,000000,26.23,26.23,26.23,26.23,0,0
ARX_PB,D,20150210,000000,26.23,26.23,26.23,26.23,0,0
ARX_PB,D,20150211,000000,26.23,26.23,26.23,26.23,0,0
ARX_PB,D,20150212,000000,26.23,26.23,26.23,26.23,0,0
ARX_PB,D,20150213,000000,26.23,26.23,24.66,24.66,0,0
ARX_PB,D,20150216,000000,26.18,26.18,26.18,26.18,0,0
ARX_PB,D,20150217,000000,26.18,26.18,26.18,26.18,0,0
ARX_PB,D,20150218,000000,26.18,26.18,26.18,26.18,0,0
ARX_PB,D,20150219,000000,26.18,26.18,23.61,25.7,0,0
ARX_PB,D,20150220,000000,25.7,25.7,25.7,25.7,0,0
ARX_PB,D,20150223,000000,25.7,25.7,25.7,25.7,0,0
ARX_PB,D,20150224,000000,25.7,25.7,12.35,12.35,0,0
ARX_PB,D,20150225,000000,12.35,12.35,11.34,12.32,0,0
ARX_PB,D,20150226,000000,12.35,12.35,12.35,12.35,0,0
ARX_PB,D,20150227,000000,12.32,12.32,12.32,12.32,0,0
ARX_PB,D,20150302,000000,12.32,12.32,12.32,12.32,0,0
ARX_PB,D,20150303,000000,12.32,12.32,12.32,12.32,0,0
ARX_PB,D,20150304,000000,12.32,12.32,12.32,12.32,0,0
ARX_PB,D,20150305,000000,12.32,12.32,12.32,12.32,0,0
ARX_PB,D,20150306,000000,12.32,12.32,12.32,12.32,0,0
ARX_PB,D,20150309,000000,12.32,12.6,12.32,12.6,0,0
ARX_PB,D,20150310,000000,12.6,12.6,12.6,12.6,0,0
ARX_PB,D,20150311,000000,12.6,12.6,12.6,12.6,0,0
ARX_PB,D,20150312,000000,12.6,12.6,12.6,12.6,0,0
ARX_PB,D,20150313,000000,12.6,12.6,12.6,12.6,0,0
ARX_PB,D,20150316,000000,12.6,16.54,12.6,16.54,0,0
ARX_PB,D,20150317,000000,16.54,16.54,16.54,16.54,0,0
ARX_PB,D,20150318,000000,16.54,16.54,16.54,16.54,0,0
ARX_PB,D,20150319,000000,16.54,16.54,16.54,16.54,0,0
ARX_PB,D,20150320,000000,16.54,16.54,14.78,14.78,0,0
ARX_PB,D,20150323,000000,16.43,16.43,16.43,16.43,0,0
ARX_PB,D,20150324,000000,16.47,16.47,16.47,16.47,0,0
ARX_PB,D,20150325,000000,16.47,16.47,16.47,16.47,0,0
ARX_PB,D,20150327,000000,16.47,16.54,16.47,16.54,0,0
ARX_PB,D,20150330,000000,16.54,16.87,16.54,16.87,0,0
ARX_PB,D,20150331,000000,17.86,17.86,17.86,17.86,0,0
ARX_PB,D,20150401,000000,17.86,17.86,17.86,17.86,0,0
ARX_PB,D,20150402,000000,17.86,17.86,17.86,17.86,0,0
ARX_PB,D,20150407,000000,17.96,17.96,17.92,17.92,0,0
ARX_PB,D,20150408,000000,17.96,17.96,17.96,17.96,0,0
ARX_PB,D,20150409,000000,17.96,18.16,17.96,18.16,0,0
ARX_PB,D,20150410,000000,18.16,19.05,16.54,19.05,0,0
ARX_PB,D,20150413,000000,19.05,20.17,16.54,20.17,0,0
ARX_PB,D,20150414,000000,19.48,20.5,18.39,18.39,0,0
ARX_PB,D,20150415,000000,20.34,20.5,20.34,20.5,0,0
ARX_PB,D,20150416,000000,20.5,21.83,20.5,21.83,0,0
ARX_PB,D,20150417,000000,21.83,21.83,21.33,21.33,0,0
ARX_PB,D,20150420,000000,21.33,21.33,21.33,21.33,0,0
ARX_PB,D,20150421,000000,21.33,21.33,18.19,21,0,0
ARX_PB,D,20150422,000000,21,21,21,21,0,0
ARX_PB,D,20150423,000000,21.27,21.27,21.03,21.2,0,0
ARX_PB,D,20150424,000000,21.27,21.27,21.17,21.17,0,0
ARX_PB,D,20150427,000000,21.27,21.27,20.5,20.5,0,0
ARX_PB,D,20150428,000000,20.5,20.5,18.52,18.52,0,0
ARX_PB,D,20150429,000000,19.51,19.51,19.51,19.51,0,0
ARX_PB,D,20150430,000000,20.5,20.5,20.5,20.5,0,0
ARX_PB,D,20150504,000000,20.83,21.43,20.83,21.43,0,0
ARX_PB,D,20150505,000000,21.39,21.39,21.17,21.17,0,0
ARX_PB,D,20150506,000000,21.39,21.39,21.39,21.39,0,0
ARX_PB,D,20150507,000000,21.17,21.17,18.62,18.62,0,0
ARX_PB,D,20150508,000000,18.62,20.83,18.62,20.83,0,0
ARX_PB,D,20150511,000000,20.64,20.64,20.64,20.64,0,0
ARX_PB,D,20150512,000000,20.64,20.83,20.64,20.83,0,0
ARX_PB,D,20150513,000000,20.8,20.8,20.8,20.8,0,0
ARX_PB,D,20150514,000000,20.8,20.83,20.8,20.83,0,0
ARX_PB,D,20150515,000000,20.83,20.83,19.84,19.84,0,0
ARX_PB,D,20150518,000000,20.83,20.83,20.83,20.83,0,0
ARX_PB,D,20150519,000000,20.77,21.33,20.77,21.33,0,0
ARX_PB,D,20150520,000000,21.33,21.56,21.33,21.56,0,0
ARX_PB,D,20150521,000000,21.56,21.83,21.56,21.83,0,0
ARX_PB,D,20150522,000000,21.83,22.82,20.5,22.82,0,0
ARX_PB,D,20150525,000000,22.43,23.48,22.43,23.48,0,0
ARX_PB,D,20150526,000000,23.48,24.14,21.5,24.14,0,0
ARX_PB,D,20150527,000000,23.15,23.15,5.36,5.36,0,0
ARX_PB,D,20150528,000000,5.36,5.67,4.98,5.67,0,0
ARX_PB,D,20150529,000000,5.67,5.75,5.44,5.75,0,0
ARX_PB,D,20150601,000000,5.75,5.79,5.59,5.79,0,0
ARX_PB,D,20150602,000000,5.79,5.9,5.79,5.9,0,0
ARX_PB,D,20150603,000000,5.9,6.13,5.75,5.75,0,0
ARX_PB,D,20150605,000000,6.09,6.09,5.57,5.57,0,0
ARX_PB,D,20150608,000000,5.57,5.57,5.38,5.48,0,0
ARX_PB,D,20150609,000000,5.48,5.67,5.48,5.67,0,0
ARX_PB,D,20150610,000000,5.67,5.82,5.67,5.82,0,0
ARX_PB,D,20150611,000000,5.82,6.27,5.82,6.27,0,0
ARX_PB,D,20150612,000000,6.22,6.71,6.22,6.71,0,0
ARX_PB,D,20150615,000000,6.71,6.71,6.59,6.59,0,0
ARX_PB,D,20150616,000000,6.54,6.76,6.54,6.76,0,0
ARX_PB,D,20150617,000000,6.76,6.76,6.76,6.76,0,0
ARX_PB,D,20150618,000000,6.76,6.78,6.67,6.78,0,0
ARX_PB,D,20150619,000000,6.82,6.82,6.71,6.78,0,0
ARX_PB,D,20150622,000000,6.78,6.86,6.55,6.86,0,0
ARX_PB,D,20150623,000000,6.84,6.87,6.84,6.87,0,0
ARX_PB,D,20150624,000000,6.87,6.9,6.87,6.9,0,0
ARX_PB,D,20150625,000000,6.87,7.01,6.87,6.97,0,0
ARX_PB,D,20150626,000000,7,7,6.13,6.13,0,0
ARX_PB,D,20150629,000000,6.51,6.51,6.21,6.21,0,0
ARX_PB,D,20150630,000000,6.51,6.51,6.13,6.51,0,0
ARX_PB,D,20150701,000000,6.51,6.51,6.13,6.51,0,0
ARX_PB,D,20150702,000000,6.13,6.13,6.13,6.13,0,0
ARX_PB,D,20150703,000000,6.51,6.51,6.51,6.51,0,0
ARX_PB,D,20150706,000000,6.51,6.51,6.51,6.51,0,0
ARX_PB,D,20150707,000000,6.51,6.51,5.9,6.51,0,0
ARX_PB,D,20150708,000000,6.51,6.86,6.51,6.86,0,0
ARX_PB,D,20150709,000000,6.51,6.82,6.51,6.78,0,0
ARX_PB,D,20150710,000000,6.67,6.67,6.67,6.67,0,0
ARX_PB,D,20150713,000000,6.67,6.67,5.75,5.75,0,0
ARX_PB,D,20150714,000000,6.67,6.67,5.4,5.98,0,0
ARX_PB,D,20150715,000000,6.67,6.67,5.41,6.59,0,0
ARX_PB,D,20150716,000000,6.51,6.51,5.4,5.4,0,0
ARX_PB,D,20150717,000000,6.43,6.43,5.36,5.59,0,0
ARX_PB,D,20150720,000000,5.36,5.36,5.36,5.36,0,0
ARX_PB,D,20150721,000000,5.66,5.66,5.66,5.66,0,0
ARX_PB,D,20150722,000000,5.66,5.66,5.66,5.66,0,0
ARX_PB,D,20150723,000000,5.66,5.66,5.66,5.66,0,0
ARX_PB,D,20150724,000000,5.66,5.66,5.66,5.66,0,0
ARX_PB,D,20150727,000000,5.51,5.51,5.51,5.51,0,0
ARX_PB,D,20150728,000000,5.51,6.13,5.51,6.13,0,0
ARX_PB,D,20150729,000000,6.09,6.09,6.09,6.09,0,0
ARX_PB,D,20150730,000000,6.09,6.09,6.09,6.09,0,0
ARX_PB,D,20150731,000000,6.09,6.09,6.09,6.09,0,0
ARX_PB,D,20150803,000000,6.09,6.09,6.09,6.09,0,0
ARX_PB,D,20150804,000000,5.98,5.98,5.98,5.98,0,0
ARX_PB,D,20150805,000000,6.09,6.09,6.09,6.09,0,0
ARX_PB,D,20150806,000000,5.82,5.82,5.82,5.82,0,0
ARX_PB,D,20150807,000000,5.82,5.82,5.82,5.82,0,0
ARX_PB,D,20150810,000000,5.82,5.82,5.81,5.82,0,0
ARX_PB,D,20150811,000000,5.82,5.82,5.36,5.36,0,0
ARX_PB,D,20150812,000000,5.75,5.75,5.75,5.75,0,0
ARX_PB,D,20150813,000000,5.75,5.75,5.75,5.75,0,0
ARX_PB,D,20150814,000000,5.75,5.75,5.75,5.75,0,0
ARX_PB,D,20150817,000000,5.75,5.75,5.75,5.75,0,0
ARX_PB,D,20150818,000000,5.75,5.75,5.75,5.75,0,0
ARX_PB,D,20150819,000000,5.75,5.75,5.59,5.59,0,0
ARX_PB,D,20150820,000000,5.75,5.75,5.75,5.75,0,0
ARX_PB,D,20150821,000000,5.75,5.75,5.75,5.75,0,0
ARX_PB,D,20150824,000000,5.74,5.74,4.69,4.69,0,0
ARX_PB,D,20150825,000000,4.69,4.69,4.69,4.69,0,0
ARX_PB,D,20150826,000000,5.62,5.62,5.62,5.62,0,0
ARX_PB,D,20150827,000000,5.62,5.62,5.62,5.62,0,0
ARX_PB,D,20150828,000000,5.62,5.62,5.62,5.62,0,0
ARX_PB,D,20150831,000000,5.62,5.62,5.62,5.62,0,0
ARX_PB,D,20150901,000000,5.62,5.62,5.62,5.62,0,0
ARX_PB,D,20150902,000000,5.62,5.62,5.62,5.62,0,0
ARX_PB,D,20150903,000000,5.62,5.62,5.62,5.62,0,0
ARX_PB,D,20150904,000000,5.62,5.62,5.62,5.62,0,0
ARX_PB,D,20150907,000000,5.73,6.77,5.73,6.77,0,0
ARX_PB,D,20150908,000000,6.77,6.77,6.77,6.77,0,0
ARX_PB,D,20150909,000000,6.77,6.77,6.77,6.77,0,0
ARX_PB,D,20150910,000000,6.77,6.77,6.77,6.77,0,0
ARX_PB,D,20150911,000000,6.77,6.77,5.54,6.77,0,0
ARX_PB,D,20150914,000000,6.77,6.77,6.77,6.77,0,0
ARX_PB,D,20150915,000000,6.76,6.76,6.76,6.76,0,0
ARX_PB,D,20150916,000000,6.76,6.76,5.43,5.52,0,0
ARX_PB,D,20150917,000000,6.16,6.16,6.16,6.16,0,0
ARX_PB,D,20150918,000000,6.16,6.16,6.16,6.16,0,0
ARX_PB,D,20150921,000000,6.16,6.16,5.61,5.61,0,0
ARX_PB,D,20150922,000000,6.02,6.02,5.52,5.78,0,0
ARX_PB,D,20150923,000000,5.79,5.79,5.79,5.79,0,0
ARX_PB,D,20150924,000000,5.79,6.8,5.79,5.88,0,0
ARX_PB,D,20150925,000000,6.78,6.78,5.97,6.78,0,0
ARX_PB,D,20150928,000000,6.02,6.83,6.02,6.8,0,0
ARX_PB,D,20150929,000000,6.34,7.24,6.34,7.24,0,0
ARX_PB,D,20150930,000000,7.24,8.42,6.92,8.42,0,0
ARX_PB,D,20151001,000000,8.15,8.15,8.15,8.15,0,0
ARX_PB,D,20151002,000000,8.15,8.15,8.01,8.01,0,0
ARX_PB,D,20151005,000000,8.06,8.15,8.06,8.15,0,0
ARX_PB,D,20151006,000000,7.95,7.95,7.95,7.95,0,0
ARX_PB,D,20151007,000000,8,8,7.97,7.97,0,0
ARX_PB,D,20151008,000000,8.15,8.15,8.15,8.15,0,0
ARX_PB,D,20151009,000000,8.15,8.15,7.24,7.24,0,0
ARX_PB,D,20151012,000000,8.33,8.33,8.33,8.33,0,0
ARX_PB,D,20151013,000000,8.01,8.01,8.01,8.01,0,0
ARX_PB,D,20151014,000000,8.01,8.42,8.01,8.42,0,0
ARX_PB,D,20151015,000000,8.42,9.96,8.42,8.42,0,0
ARX_PB,D,20151016,000000,8.33,9.96,8.33,9.96,0,0
ARX_PB,D,20151019,000000,9.96,11.72,9.1,10.77,0,0
ARX_PB,D,20151020,000000,8.63,9.19,8.63,9.19,0,0
ARX_PB,D,20151021,000000,9.22,9.22,9.22,9.22,0,0
ARX_PB,D,20151022,000000,9.95,9.95,9.95,9.95,0,0
ARX_PB,D,20151023,000000,9.95,10.5,9.95,9.95,0,0
ARX_PB,D,20151026,000000,10.49,10.49,9.96,9.96,0,0
ARX_PB,D,20151027,000000,9.96,9.96,9.95,9.95,0,0
ARX_PB,D,20151028,000000,9.94,9.94,9.29,9.29,0,0
ARX_PB,D,20151029,000000,9.94,9.94,9.94,9.94,0,0
ARX_PB,D,20151030,000000,9.94,9.94,9.94,9.94,0,0
ARX_PB,D,20151102,000000,9.5,9.5,9.32,9.5,0,0
ARX_PB,D,20151103,000000,9.94,9.94,8.15,8.16,0,0
ARX_PB,D,20151104,000000,9.78,9.78,7.75,8.59,0,0
ARX_PB,D,20151105,000000,8.15,9.02,8.15,9.02,0,0
ARX_PB,D,20151106,000000,9.02,9.88,9.02,9.88,0,0
ARX_PB,D,20151109,000000,9.5,9.6,8.15,9.6,0,0
ARX_PB,D,20151110,000000,9.83,9.83,9.83,9.83,0,0
ARX_PB,D,20151112,000000,9.6,9.6,9.6,9.6,0,0
ARX_PB,D,20151113,000000,9.59,9.59,9.5,9.5,0,0
ARX_PB,D,20151116,000000,9.6,10.41,8.61,9.28,0,0
ARX_PB,D,20151117,000000,9.28,9.28,9.28,9.28,0,0
ARX_PB,D,20151118,000000,9.28,9.28,9.28,9.28,0,0
ARX_PB,D,20151119,000000,9.28,9.28,9.28,9.28,0,0
ARX_PB,D,20151120,000000,9.28,11.3,9.28,11.3,0,0
ARX_PB,D,20151123,000000,11.31,11.5,9.15,10.5,0,0
ARX_PB,D,20151124,000000,10.45,10.9,10.45,10.9,0,0
ARX_PB,D,20151125,000000,10.85,10.85,10.38,10.84,0,0
ARX_PB,D,20151126,000000,10.84,10.84,8.78,10.81,0,0
ARX_PB,D,20151127,000000,10.38,10.38,10.38,10.38,0,0
ARX_PB,D,20151130,000000,10.29,10.29,10.29,10.29,0,0
ARX_PB,D,20151201,000000,10.29,10.29,8.54,10.29,0,0
ARX_PB,D,20151202,000000,10.29,10.29,10.29,10.29,0,0
ARX_PB,D,20151203,000000,10.28,10.28,10.28,10.28,0,0
ARX_PB,D,20151204,000000,10.28,10.28,10.28,10.28,0,0
ARX_PB,D,20151207,000000,10.28,10.28,10.28,10.28,0,0
ARX_PB,D,20151208,000000,10.28,10.28,10.28,10.28,0,0
ARX_PB,D,20151209,000000,10.28,10.28,9.63,9.63,0,0
ARX_PB,D,20151210,000000,10.28,10.28,10.16,10.16,0,0
ARX_PB,D,20151211,000000,10.16,10.16,10.16,10.16,0,0
ARX_PB,D,20151214,000000,10.16,10.16,9.44,9.44,0,0
ARX_PB,D,20151215,000000,9.44,9.44,9.44,9.44,0,0
ARX_PB,D,20151216,000000,9.44,9.44,8.59,9.44,0,0
ARX_PB,D,20151217,000000,9.44,9.44,8.49,9.44,0,0
ARX_PB,D,20151218,000000,9.43,9.43,7.74,7.74,0,0
ARX_PB,D,20151221,000000,8.49,9.44,8.49,9.44,0,0
ARX_PB,D,20151222,000000,9.43,9.43,9.43,9.43,0,0
ARX_PB,D,20151223,000000,9.42,9.42,9.42,9.42,0,0
ARX_PB,D,20151228,000000,9.42,9.43,7.85,7.93,0,0
ARX_PB,D,20151229,000000,8.49,8.49,7.85,8.02,0,0
ARX_PB,D,20151230,000000,8.02,10.29,8.02,10.29,0,0
ARX_PB,D,20160104,000000,12.21,12.21,9.78,9.91,0,0
ARX_PB,D,20160105,000000,10.9,10.9,10.9,10.9,0,0
ARX_PB,D,20160107,000000,10.67,10.67,10.67,10.67,0,0
ARX_PB,D,20160108,000000,10.79,10.79,9.63,9.63,0,0
ARX_PB,D,20160111,000000,10.56,10.67,10.56,10.67,0,0
ARX_PB,D,20160112,000000,10.62,10.62,8.59,9.72,0,0
ARX_PB,D,20160113,000000,10.57,10.57,10.57,10.57,0,0
ARX_PB,D,20160114,000000,10.57,10.61,9.08,10.52,0,0
ARX_PB,D,20160115,000000,10.55,10.55,9.44,10.55,0,0
ARX_PB,D,20160118,000000,10.38,10.38,8.5,10.37,0,0
ARX_PB,D,20160119,000000,9.16,9.16,9.16,9.16,0,0
ARX_PB,D,20160120,000000,9.16,9.37,8.49,9.37,0,0
ARX_PB,D,20160121,000000,9.37,9.37,9.37,9.37,0,0
ARX_PB,D,20160122,000000,9.37,10.29,9.37,10.19,0,0
ARX_PB,D,20160125,000000,10.15,10.15,10.15,10.15,0,0
ARX_PB,D,20160126,000000,10.14,10.14,8.98,9.02,0,0
ARX_PB,D,20160127,000000,10.13,10.13,9.91,9.91,0,0
ARX_PB,D,20160128,000000,9.91,10.49,9.91,10.49,0,0
ARX_PB,D,20160129,000000,10.49,10.67,10.49,10.67,0,0
ARX_PB,D,20160201,000000,10.67,10.7,10.67,10.7,0,0
ARX_PB,D,20160202,000000,10.71,10.71,10.71,10.71,0,0
ARX_PB,D,20160203,000000,10.7,10.7,10.7,10.7,0,0
ARX_PB,D,20160204,000000,10.67,10.67,9.55,10.29,0,0
ARX_PB,D,20160205,000000,10.33,10.33,9.45,10.27,0,0
ARX_PB,D,20160208,000000,10.37,10.37,10.37,10.37,0,0
ARX_PB,D,20160209,000000,10.37,10.37,9.44,10.29,0,0
ARX_PB,D,20160210,000000,10.37,10.37,9.44,9.44,0,0
ARX_PB,D,20160211,000000,10.27,10.27,10.27,10.27,0,0
ARX_PB,D,20160212,000000,10.27,10.27,10.27,10.27,0,0
ARX_PB,D,20160215,000000,10.27,10.27,9.91,9.91,0,0
ARX_PB,D,20160216,000000,10.26,10.26,10.26,10.26,0,0
ARX_PB,D,20160217,000000,10.26,10.26,10.26,10.26,0,0
ARX_PB,D,20160218,000000,10.26,10.26,10.26,10.26,0,0
ARX_PB,D,20160219,000000,10.26,10.26,10.26,10.26,0,0
ARX_PB,D,20160222,000000,10.26,10.26,9.03,10.24,0,0
ARX_PB,D,20160223,000000,10.26,10.26,10.26,10.26,0,0
ARX_PB,D,20160224,000000,10.26,15.58,10.26,15.58,0,0
ARX_PB,D,20160225,000000,15.55,15.55,14.48,15.55,0,0
ARX_PB,D,20160226,000000,15.58,15.58,13.79,15.48,0,0
ARX_PB,D,20160229,000000,15.48,15.48,15.48,15.48,0,0
ARX_PB,D,20160301,000000,15.48,15.48,15.48,15.48,0,0
ARX_PB,D,20160302,000000,15.48,15.48,15.48,15.48,0,0
ARX_PB,D,20160303,000000,15.48,15.48,13.92,14.76,0,0
ARX_PB,D,20160304,000000,15.48,15.48,13.9,14.33,0,0
ARX_PB,D,20160307,000000,14.33,14.91,13.23,14.91,0,0
ARX_PB,D,20160308,000000,14.69,14.69,14.69,14.69,0,0
ARX_PB,D,20160309,000000,14.69,14.69,13.92,13.92,0,0
ARX_PB,D,20160310,000000,14.69,14.69,14.69,14.69,0,0
ARX_PB,D,20160311,000000,14.69,14.69,13.07,14.68,0,0
ARX_PB,D,20160314,000000,14.69,15.47,14.33,15.47,0,0
ARX_PB,D,20160315,000000,15.47,15.47,15.47,15.47,0,0
ARX_PB,D,20160316,000000,14.98,14.98,14.98,14.98,0,0
ARX_PB,D,20160317,000000,14.97,14.97,14.97,14.97,0,0
ARX_PB,D,20160318,000000,14.97,14.97,14.97,14.97,0,0
ARX_PB,D,20160321,000000,14.97,14.97,14.97,14.97,0,0
ARX_PB,D,20160322,000000,14.97,14.97,14.88,14.88,0,0
ARX_PB,D,20160323,000000,14.95,15.04,14.95,14.97,0,0
ARX_PB,D,20160324,000000,15.02,15.02,15.02,15.02,0,0
ARX_PB,D,20160329,000000,15.01,15.01,15.01,15.01,0,0
ARX_PB,D,20160330,000000,15.01,15.01,13.9,13.9,0,0
ARX_PB,D,20160331,000000,14.97,15.41,13,15.41,0,0
ARX_PB,D,20160401,000000,14.48,15.41,13.92,15.41,0,0
ARX_PB,D,20160404,000000,15.4,15.4,15.05,15.05,0,0
ARX_PB,D,20160405,000000,14.82,14.82,14.82,14.82,0,0
ARX_PB,D,20160406,000000,15.14,15.14,15.14,15.14,0,0
ARX_PB,D,20160407,000000,14.76,14.76,14.76,14.76,0,0
ARX_PB,D,20160408,000000,14.55,14.55,14.55,14.55,0,0
ARX_PB,D,20160411,000000,15.14,15.14,15.14,15.14,0,0
ARX_PB,D,20160412,000000,14.62,14.62,14.62,14.62,0,0
ARX_PB,D,20160413,000000,14.62,14.62,13.16,14.33,0,0
ARX_PB,D,20160414,000000,14.32,15.15,14.32,15.15,0,0
ARX_PB,D,20160415,000000,15.12,15.12,13.12,15.05,0,0
ARX_PB,D,20160418,000000,14.31,14.31,14.31,14.31,0,0
ARX_PB,D,20160419,000000,14.16,14.16,12.97,13.76,0,0
ARX_PB,D,20160420,000000,14.11,14.11,14.11,14.11,0,0
ARX_PB,D,20160421,000000,14.11,14.11,14.11,14.11,0,0
ARX_PB,D,20160422,000000,14.11,14.11,14.11,14.11,0,0
ARX_PB,D,20160425,000000,14.11,14.11,14.11,14.11,0,0
ARX_PB,D,20160426,000000,14.48,14.48,14.48,14.48,0,0
ARX_PB,D,20160427,000000,14.46,14.46,12.96,12.96,0,0
ARX_PB,D,20160428,000000,14.48,14.48,14.48,14.48,0,0
ARX_PB,D,20160429,000000,14.48,14.48,14.48,14.48,0,0
ARX_PB,D,20160502,000000,15.08,15.08,15.05,15.05,0,0
ARX_PB,D,20160504,000000,15.04,15.04,14.95,14.95,0,0
ARX_PB,D,20160505,000000,14.92,14.92,14.92,14.92,0,0
ARX_PB,D,20160506,000000,14.92,14.92,14.92,14.92,0,0
ARX_PB,D,20160509,000000,14.45,14.45,14.45,14.45,0,0
ARX_PB,D,20160510,000000,14.61,14.61,12.91,12.91,0,0
ARX_PB,D,20160511,000000,14.61,14.61,14.61,14.61,0,0
ARX_PB,D,20160512,000000,14.61,14.61,14.61,14.61,0,0
ARX_PB,D,20160513,000000,14.89,14.89,14.89,14.89,0,0
ARX_PB,D,20160516,000000,14.33,14.81,14.33,14.81,0,0
ARX_PB,D,20160517,000000,14.78,14.78,14.78,14.78,0,0
ARX_PB,D,20160518,000000,14.76,14.76,13.06,13.06,0,0
ARX_PB,D,20160519,000000,14.75,14.75,14.75,14.75,0,0
ARX_PB,D,20160520,000000,14.67,14.67,14.67,14.67,0,0
ARX_PB,D,20160523,000000,14.62,14.62,14.62,14.62,0,0
ARX_PB,D,20160524,000000,14.33,14.33,14.33,14.33,0,0
ARX_PB,D,20160525,000000,14.61,14.61,14.61,14.61,0,0
ARX_PB,D,20160527,000000,14.61,14.61,14.61,14.61,0,0
ARX_PB,D,20160530,000000,14.61,14.61,14.61,14.61,0,0
ARX_PB,D,20160531,000000,14.58,14.58,8.87,8.87,0,0
ARX_PB,D,20160601,000000,8.86,8.86,8.86,8.86,0,0
ARX_PB,D,20160602,000000,8.85,8.85,7.89,8.01,0,0
ARX_PB,D,20160603,000000,8.7,8.7,8.7,8.7,0,0
ARX_PB,D,20160606,000000,8.47,8.69,7.51,8.6,0,0
ARX_PB,D,20160607,000000,7.55,8.59,7.55,8.55,0,0
ARX_PB,D,20160608,000000,8.54,8.54,8.54,8.54,0,0
ARX_PB,D,20160609,000000,8.55,8.55,8.55,8.55,0,0
ARX_PB,D,20160610,000000,8.42,8.42,8.42,8.42,0,0
ARX_PB,D,20160613,000000,8.4,8.4,8.4,8.4,0,0
ARX_PB,D,20160614,000000,8.38,8.38,7.75,8.28,0,0
ARX_PB,D,20160615,000000,8.27,8.27,8.26,8.27,0,0
ARX_PB,D,20160616,000000,8.19,8.26,8.19,8.26,0,0
ARX_PB,D,20160617,000000,8.26,8.26,8.26,8.26,0,0
ARX_PB,D,20160620,000000,8.25,8.26,8.25,8.26,0,0
ARX_PB,D,20160621,000000,8.27,8.27,7.42,8.27,0,0
ARX_PB,D,20160622,000000,8.26,8.26,8.26,8.26,0,0
ARX_PB,D,20160623,000000,8.24,8.24,7.41,8.24,0,0
ARX_PB,D,20160624,000000,8.24,8.24,8.24,8.24,0,0
ARX_PB,D,20160627,000000,8.22,8.22,8.22,8.22,0,0
ARX_PB,D,20160628,000000,8.22,8.22,8.22,8.22,0,0
ARX_PB,D,20160629,000000,8.22,8.22,8.22,8.22,0,0
ARX_PB,D,20160630,000000,7.86,8.22,7.86,8.22,0,0
ARX_PB,D,20160701,000000,8.22,8.23,8.22,8.23,0,0
ARX_PB,D,20160704,000000,8.23,8.23,7.43,8.22,0,0
ARX_PB,D,20160705,000000,8.23,8.23,8.23,8.23,0,0
ARX_PB,D,20160706,000000,8.22,8.22,8.22,8.22,0,0
ARX_PB,D,20160707,000000,8.22,8.22,8.22,8.22,0,0
ARX_PB,D,20160708,000000,8.22,8.22,8.22,8.22,0,0
ARX_PB,D,20160711,000000,8.22,8.22,8.22,8.22,0,0
ARX_PB,D,20160712,000000,8.22,8.22,8.22,8.22,0,0
ARX_PB,D,20160713,000000,8.2,8.2,8.2,8.2,0,0
ARX_PB,D,20160714,000000,8.22,8.22,8.22,8.22,0,0
ARX_PB,D,20160715,000000,8.22,8.22,8.22,8.22,0,0
ARX_PB,D,20160718,000000,8.21,8.21,7.44,7.44,0,0
ARX_PB,D,20160719,000000,8.2,8.2,8.2,8.2,0,0
ARX_PB,D,20160720,000000,7.86,7.86,7.86,7.86,0,0
ARX_PB,D,20160721,000000,8.22,8.22,8.22,8.22,0,0
ARX_PB,D,20160722,000000,8.21,8.21,8.21,8.21,0,0
ARX_PB,D,20160725,000000,8.21,8.21,8.21,8.21,0,0
ARX_PB,D,20160726,000000,8.21,8.21,8.21,8.21,0,0
ARX_PB,D,20160727,000000,8.21,8.21,8.21,8.21,0,0
ARX_PB,D,20160728,000000,8.19,8.19,8.19,8.19,0,0
ARX_PB,D,20160729,000000,8.19,8.19,8.19,8.19,0,0
ARX_PB,D,20160801,000000,8.2,8.2,8.2,8.2,0,0
ARX_PB,D,20160802,000000,8.2,8.2,8.2,8.2,0,0
ARX_PB,D,20160803,000000,8.2,8.2,7.85,7.85,0,0
ARX_PB,D,20160804,000000,8.2,8.2,8.2,8.2,0,0
ARX_PB,D,20160805,000000,8.2,8.2,8.2,8.2,0,0
ARX_PB,D,20160808,000000,7.86,7.86,7.6,7.6,0,0
ARX_PB,D,20160809,000000,8.22,8.22,8.22,8.22,0,0
ARX_PB,D,20160810,000000,8.22,8.22,8.22,8.22,0,0
ARX_PB,D,20160811,000000,8.22,8.22,8.22,8.22,0,0
ARX_PB,D,20160812,000000,8.22,8.22,8.22,8.22,0,0
ARX_PB,D,20160816,000000,8.22,8.22,8.22,8.22,0,0
ARX_PB,D,20160817,000000,8.22,8.22,8.22,8.22,0,0
ARX_PB,D,20160818,000000,8.22,8.22,8.22,8.22,0,0
ARX_PB,D,20160819,000000,8.22,8.22,7.51,7.51,0,0
ARX_PB,D,20160822,000000,7.51,25.8,7.51,25.8,0,0
ARX_PB,D,20160823,000000,27.57,27.57,27.57,27.57,0,0
ARX_PB,D,20160824,000000,27.57,27.57,27.57,27.57,0,0
ARX_PB,D,20160825,000000,26.7,26.7,26.7,26.7,0,0
ARX_PB,D,20160829,000000,27.54,27.54,27.54,27.54,0,0
ARX_PB,D,20160830,000000,27.54,27.54,27.54,27.54,0,0
ARX_PB,D,20160831,000000,27.54,27.54,24.36,24.36,0,0
ARX_PB,D,20160901,000000,27.39,27.39,24.33,24.33,0,0
ARX_PB,D,20160906,000000,27.3,27.3,27.3,27.3,0,0
ARX_PB,D,20160907,000000,27.27,27.27,27.27,27.27,0,0
ARX_PB,D,20160908,000000,27.27,27.27,27.27,27.27,0,0
ARX_PB,D,20160909,000000,27.27,27.27,27.27,27.27,0,0
ARX_PB,D,20160912,000000,27.27,27.27,24.36,24.36,0,0
ARX_PB,D,20160913,000000,27,27,27,27,0,0
ARX_PB,D,20160914,000000,27,27,25.17,25.17,0,0
ARX_PB,D,20160915,000000,27,27,27,27,0,0
ARX_PB,D,20160916,000000,26.97,26.97,26.97,26.97,0,0
ARX_PB,D,20160919,000000,26.97,26.97,26.97,26.97,0,0
ARX_PB,D,20160920,000000,26.97,26.97,26.97,26.97,0,0
ARX_PB,D,20160921,000000,26.97,26.97,24.6,24.6,0,0
ARX_PB,D,20160922,000000,26.97,26.97,26.97,26.97,0,0
ARX_PB,D,20160923,000000,27,28.2,26.1,26.1,0,0
ARX_PB,D,20160926,000000,27.24,27.24,25.56,25.56,0,0
ARX_PB,D,20160927,000000,27.24,27.24,25.8,26.13,0,0
ARX_PB,D,20160928,000000,27.18,27.18,26.25,27.18,0,0
ARX_PB,D,20160929,000000,27,27.12,26.1,26.4,0,0
ARX_PB,D,20160930,000000,27.12,27.12,26.7,26.7,0,0
ARX_PB,D,20161003,000000,27.12,27.12,26.31,26.31,0,0
ARX_PB,D,20161004,000000,27.09,27.09,26.13,26.13,0,0
ARX_PB,D,20161005,000000,27.09,27.09,27.06,27.09,0,0
ARX_PB,D,20161006,000000,27.15,27.15,27.15,27.15,0,0
ARX_PB,D,20161007,000000,27.15,30.15,26.61,30,0,0
ARX_PB,D,20161010,000000,29.97,29.97,28.5,28.5,0,0
ARX_PB,D,20161011,000000,28.5,29.25,28.5,29.25,0,0
ARX_PB,D,20161012,000000,29.73,29.73,28.8,28.8,0,0
ARX_PB,D,20161013,000000,29.73,33.15,29.73,33,0,0
ARX_PB,D,20161014,000000,33.15,38.1,31.35,38.1,0,0
ARX_PB,D,20161017,000000,38.1,38.1,34.65,36.6,0,0
ARX_PB,D,20161018,000000,34.65,42,34.65,40.35,0,0
ARX_PB,D,20161019,000000,40.35,43.5,37.8,39,0,0
ARX_PB,D,20161020,000000,40.35,43.2,39,39,0,0
ARX_PB,D,20161021,000000,42,42.9,41.82,42.84,0,0
ARX_PB,D,20161024,000000,42.75,43.35,39.3,41.4,0,0
ARX_PB,D,20161025,000000,41.4,41.85,36.69,41.85,0,0
ARX_PB,D,20161026,000000,41.55,44.25,41.55,44.1,0,0
ARX_PB,D,20161027,000000,43.95,43.95,36.69,43.65,0,0
ARX_PB,D,20161028,000000,43.65,43.65,37.2,37.5,0,0
ARX_PB,D,20161031,000000,37.8,37.8,36.69,36.69,0,0
ARX_PB,D,20161102,000000,36,37.5,30,33,0,0
ARX_PB,D,20161103,000000,30.39,32.94,30.15,32.94,0,0
ARX_PB,D,20161104,000000,33,33,30.6,30.6,0,0
ARX_PB,D,20161107,000000,30.51,30.51,30.51,30.51,0,0
ARX_PB,D,20161108,000000,33,34.35,30.6,33,0,0
ARX_PB,D,20161109,000000,33.6,34.35,31.5,34.35,0,0
ARX_PB,D,20161110,000000,34.35,34.35,34.35,34.35,0,0
ARX_PB,D,20161114,000000,34.35,37.5,34.35,35.97,0,0
ARX_PB,D,20161115,000000,36,36,31.23,34.47,0,0
ARX_PB,D,20161116,000000,34.47,34.47,32.4,32.4,0,0
ARX_PB,D,20161117,000000,34.41,34.41,34.41,34.41,0,0
ARX_PB,D,20161118,000000,34.41,34.41,34.41,34.41,0,0
ARX_PB,D,20161121,000000,32.97,32.97,30.45,30.45,0,0
ARX_PB,D,20161122,000000,32.4,32.4,30,32.4,0,0
ARX_PB,D,20161123,000000,32.4,32.4,32.4,32.4,0,0
ARX_PB,D,20161124,000000,32.37,74.23,32.34,74.23,0,0
ARX_PB,D,20161125,000000,74.3,74.3,74.3,74.3,0,0
ARX_PB,D,20161128,000000,74.3,74.3,72.3,73.95,0,0
ARX_PB,D,20161129,000000,75.67,82.62,72.3,80.84,0,0
ARX_PB,D,20161130,000000,80.84,80.84,72.7,77.46,0,0
ARX_PB,D,20161201,000000,75.74,75.74,68.85,74.98,0,0
ARX_PB,D,20161202,000000,74.7,74.7,68.92,68.92,0,0
ARX_PB,D,20161205,000000,73.61,73.61,62.66,67.2,0,0
ARX_PB,D,20161206,000000,67.2,70.23,63,68.85,0,0
ARX_PB,D,20161207,000000,71.61,74.36,68.85,74.36,0,0
ARX_PB,D,20161208,000000,74.7,74.7,64.38,70.92,0,0
ARX_PB,D,20161209,000000,71.95,71.95,68.85,68.85,0,0
ARX_PB,D,20161212,000000,68.85,69.2,61.97,64.85,0,0
ARX_PB,D,20161213,000000,62.72,66.44,62.31,62.31,0,0
ARX_PB,D,20161214,000000,65.13,65.34,62.38,62.38,0,0
ARX_PB,D,20161215,000000,66.1,66.1,61.97,61.97,0,0
ARX_PB,D,20161216,000000,66.1,66.1,58.66,64.93,0,0
ARX_PB,D,20161219,000000,64.93,64.93,64.38,64.72,0,0
ARX_PB,D,20161220,000000,64.93,64.93,64.85,64.85,0,0
ARX_PB,D,20161221,000000,59.62,59.84,59.62,59.84,0,0
ARX_PB,D,20161223,000000,59.34,63.48,58.66,58.66,0,0
ARX_PB,D,20161227,000000,63.41,63.41,58.66,58.66,0,0
ARX_PB,D,20161228,000000,62.31,62.31,55.77,61.97,0,0
ARX_PB,D,20161229,000000,61.28,61.28,54.39,61.28,0,0
ARX_PB,D,20161230,000000,63.34,63.34,63.34,63.34,0,0
ARX_PB,D,20170102,000000,64.72,64.72,57.84,63.34,0,0
ARX_PB,D,20170103,000000,63.13,63.13,63.13,63.13,0,0
ARX_PB,D,20170104,000000,61.9,61.9,61.69,61.69,0,0
ARX_PB,D,20170105,000000,60.59,63.69,60.59,63.69,0,0
ARX_PB,D,20170109,000000,63.34,63.34,58.52,60.38,0,0
ARX_PB,D,20170110,000000,59.9,60.59,59.9,60.59,0,0
ARX_PB,D,20170111,000000,59.9,59.9,57.7,57.7,0,0
ARX_PB,D,20170112,000000,58.52,58.52,57.15,57.15,0,0
ARX_PB,D,20170113,000000,59.21,62.72,57.15,62.72,0,0
ARX_PB,D,20170116,000000,62.72,63.9,62.72,63.9,0,0
ARX_PB,D,20170117,000000,63.28,68.72,63.28,66.72,0,0
ARX_PB,D,20170118,000000,66.72,66.72,66.72,66.72,0,0
ARX_PB,D,20170119,000000,64.59,64.59,64.59,64.59,0,0
ARX_PB,D,20170120,000000,64.59,64.59,62.03,62.1,0,0
ARX_PB,D,20170123,000000,62.59,67.41,62.59,67.41,0,0
ARX_PB,D,20170124,000000,67.48,69.2,67.48,69.2,0,0
ARX_PB,D,20170125,000000,73.11,87.72,73.11,84.69,0,0
ARX_PB,D,20170126,000000,84.62,84.62,75.18,81.87,0,0
ARX_PB,D,20170127,000000,81.31,81.31,76.43,77.8,0,0
ARX_PB,D,20170130,000000,78.49,78.49,62.93,77.11,0,0
ARX_PB,D,20170131,000000,76.9,77.11,69.67,70.23,0,0
ARX_PB,D,20170201,000000,77.11,77.11,69.75,76.49,0,0
ARX_PB,D,20170202,000000,76.49,76.49,76.49,76.49,0,0
ARX_PB,D,20170203,000000,71.2,76.3,69.61,69.67,0,0
ARX_PB,D,20170206,000000,75.74,75.74,65.41,71.54,0,0
ARX_PB,D,20170207,000000,73.89,73.89,73.39,73.39,0,0
ARX_PB,D,20170208,000000,73.67,73.67,65.41,72.3,0,0
ARX_PB,D,20170209,000000,72.3,77.74,65.54,68.64,0,0
ARX_PB,D,20170210,000000,68.64,68.64,66.44,66.44,0,0
ARX_PB,D,20170213,000000,69.54,70.57,66.66,70.23,0,0
ARX_PB,D,20170214,000000,66.79,66.79,66.79,66.79,0,0
ARX_PB,D,20170215,000000,70.16,70.16,66.85,70.16,0,0
ARX_PB,D,20170216,000000,70.16,70.16,66.85,66.85,0,0
ARX_PB,D,20170524,000000,5.5,5.5,5.5,5.5,0,0
ARX_PB,D,20170525,000000,4.8,4.8,4.8,4.8,0,0
ARX_PB,D,20170526,000000,5.5,5.5,5.5,5.5,0,0
ARX_PB,D,20170531,000000,5.5,5.5,5.5,5.5,0,0
ARX_PB,D,20170601,000000,4.53,4.53,4.53,4.53,0,0
ARX_PB,D,20170602,000000,5.44,5.44,5.44,5.44,0,0
ARX_PB,D,20170606,000000,5.83,5.83,5.83,5.83,0,0
ARX_PB,D,20170607,000000,5.83,5.83,5.83,5.83,0,0
ARX_PB,D,20170609,000000,5.83,5.83,5.83,5.83,0,0
ARX_PB,D,20170612,000000,4.55,4.55,4.55,4.55,0,0
ARX_PB,D,20170619,000000,5.15,5.15,5.15,5.15,0,0
ARX_PB,D,20170620,000000,5.15,5.15,3.91,3.91,0,0
ARX_PB,D,20170621,000000,3.92,3.92,3.92,3.92,0,0
ARX_PB,D,20170622,000000,4.7,4.7,3.92,3.92,0,0
ARX_PB,D,20170623,000000,4.7,5.61,4.7,5.61,0,0
ARX_PB,D,20170626,000000,5.6,5.6,5.6,5.6,0,0
ARX_PB,D,20170628,000000,5.18,5.18,5.18,5.18,0,0
ARX_PB,D,20170629,000000,5.57,5.57,5.57,5.57,0,0
ARX_PB,D,20170630,000000,5.56,5.56,5.56,5.56,0,0
ARX_PB,D,20170703,000000,5.57,5.6,5.57,5.6,0,0
ARX_PB,D,20170704,000000,5.6,5.6,5.6,5.6,0,0
ARX_PB,D,20170705,000000,5.6,5.76,5.6,5.6,0,0
ARX_PB,D,20170706,000000,5.76,5.76,5.76,5.76,0,0
ARX_PB,D,20170707,000000,5.76,5.76,5.76,5.76,0,0
ARX_PB,D,20170710,000000,5.76,5.76,5.76,5.76,0,0
ARX_PB,D,20170711,000000,5.82,5.82,5.12,5.12,0,0
ARX_PB,D,20170712,000000,5.82,5.82,4.92,4.92,0,0
ARX_PB,D,20170713,000000,5.17,5.17,5.17,5.17,0,0
ARX_PB,D,20170714,000000,5.17,5.17,4.92,4.92,0,0
ARX_PB,D,20170717,000000,5.04,5.04,5.04,5.04,0,0
ARX_PB,D,20170718,000000,5.04,5.17,5.02,5.02,0,0
ARX_PB,D,20170719,000000,5.02,5.02,5.02,5.02,0,0
ARX_PB,D,20170720,000000,5.17,5.17,4.22,4.22,0,0
ARX_PB,D,20170721,000000,5.06,5.14,5.06,5.14,0,0
ARX_PB,D,20170724,000000,5.14,5.14,5.14,5.14,0,0
ARX_PB,D,20170725,000000,4.85,4.85,4.85,4.85,0,0
ARX_PB,D,20170726,000000,4.84,4.84,4.84,4.84,0,0
ARX_PB,D,20170728,000000,3.94,4.73,3.27,3.27,0,0
ARX_PB,D,20170731,000000,3.89,3.89,3.89,3.89,0,0
ARX_PB,D,20170801,000000,3.89,3.89,3.89,3.89,0,0
ARX_PB,D,20170802,000000,3.81,3.81,3.66,3.66,0,0
ARX_PB,D,20170803,000000,3.81,3.81,3.66,3.81,0,0
ARX_PB,D,20170804,000000,4.57,4.57,4.57,4.57,0,0
ARX_PB,D,20170807,000000,4.57,4.57,4.57,4.57,0,0
ARX_PB,D,20170808,000000,4.5,4.5,4.5,4.5,0,0
ARX_PB,D,20170809,000000,3.56,4.21,3.56,4.21,0,0
ARX_PB,D,20170810,000000,4.21,4.21,4.21,4.21,0,0
ARX_PB,D,20170811,000000,4.2,4.2,4.2,4.2,0,0
ARX_PB,D,20170814,000000,4.2,4.2,4.2,4.2,0,0
ARX_PB,D,20170816,000000,4.19,4.19,4.19,4.19,0,0
ARX_PB,D,20170818,000000,3.33,3.33,3.33,3.33,0,0
ARX_PB,D,20170821,000000,3.33,3.33,3.33,3.33,0,0
ARX_PB,D,20170822,000000,3.33,3.33,3.33,3.33,0,0
ARX_PB,D,20170823,000000,3.33,3.33,3.33,3.33,0,0
ARX_PB,D,20170824,000000,3.33,3.33,2.58,2.58,0,0
ARX_PB,D,20170825,000000,2.5,2.5,2,2.5,0,0
ARX_PB,D,20170828,000000,2.67,3.07,2.5,3.04,0,0
ARX_PB,D,20170829,000000,2.44,2.92,2.44,2.92,0,0
ARX_PB,D,20170830,000000,2.95,2.95,2.95,2.95,0,0
ARX_PB,D,20170831,000000,3.08,3.23,3.08,3.23,0,0
ARX_PB,D,20170901,000000,3.26,3.26,3.26,3.26,0,0
ARX_PB,D,20170904,000000,3.27,3.27,3.27,3.27,0,0
ARX_PB,D,20170906,000000,3.24,3.24,3.24,3.24,0,0
ARX_PB,D,20170907,000000,3.33,3.69,3.33,3.69,0,0
ARX_PB,D,20170908,000000,3.69,4.16,3.69,4.16,0,0
ARX_PB,D,20170911,000000,4.16,4.16,4.15,4.15,0,0
ARX_PB,D,20170912,000000,4.15,4.15,4.15,4.15,0,0
ARX_PB,D,20170914,000000,4.12,4.15,4.12,4.13,0,0
ARX_PB,D,20170915,000000,3.74,3.74,3.7,3.7,0,0
ARX_PB,D,20170918,000000,3.74,3.74,3.74,3.74,0,0
ARX_PB,D,20170919,000000,3.73,3.73,3.73,3.73,0,0
ARX_PB,D,20170920,000000,3.74,3.74,3.74,3.74,0,0
ARX_PB,D,20170921,000000,3.74,3.74,3.74,3.74,0,0
ARX_PB,D,20170922,000000,3.74,3.74,2.68,2.79,0,0
ARX_PB,D,20170925,000000,3.34,3.73,3.34,3.65,0,0
ARX_PB,D,20170926,000000,3.65,3.65,3.65,3.65,0,0
ARX_PB,D,20170927,000000,3.56,3.74,3.56,3.74,0,0
ARX_PB,D,20170928,000000,3.74,3.74,3.74,3.74,0,0
ARX_PB,D,20170929,000000,3.74,3.74,3.74,3.74,0,0
ARX_PB,D,20171002,000000,3.74,3.74,3.74,3.74,0,0
ARX_PB,D,20171003,000000,3.74,3.74,3.74,3.74,0,0
ARX_PB,D,20171004,000000,3.74,4.15,3.74,4.15,0,0
ARX_PB,D,20171005,000000,4.15,4.15,4.15,4.15,0,0
ARX_PB,D,20171006,000000,4.15,4.15,3.33,4.15,0,0
ARX_PB,D,20171009,000000,4.14,4.14,3.33,3.78,0,0
ARX_PB,D,20171010,000000,3.78,3.78,3.78,3.78,0,0
ARX_PB,D,20171011,000000,3.91,4.13,3.34,3.34,0,0
ARX_PB,D,20171012,000000,3.82,3.82,3.82,3.82,0,0
ARX_PB,D,20171013,000000,3.82,3.82,3.82,3.82,0,0
ARX_PB,D,20171016,000000,3.81,3.81,3.81,3.81,0,0
ARX_PB,D,20171018,000000,3.82,3.82,3.82,3.82,0,0
ARX_PB,D,20171019,000000,3.82,3.82,3.82,3.82,0,0
ARX_PB,D,20171023,000000,3.82,3.82,3.82,3.82,0,0
ARX_PB,D,20171024,000000,3.82,3.82,3.12,3.82,0,0
ARX_PB,D,20171025,000000,3.82,3.82,3.82,3.82,0,0
ARX_PB,D,20171026,000000,3.82,3.82,3.82,3.82,0,0
ARX_PB,D,20171027,000000,3.81,3.81,3.66,3.69,0,0
ARX_PB,D,20171106,000000,3.33,3.33,2.75,2.91,0,0
ARX_PB,D,20171107,000000,3.07,3.07,3.07,3.07,0,0
ARX_PB,D,20171108,000000,3.04,3.04,3.04,3.04,0,0
ARX_PB,D,20171109,000000,3.01,3.01,3.01,3.01,0,0
ARX_PB,D,20171110,000000,2.91,2.91,2.91,2.91,0,0
ARX_PB,D,20171113,000000,2.91,2.91,2.91,2.91,0,0
ARX_PB,D,20171114,000000,2.91,2.91,2.91,2.91,0,0
ARX_PB,D,20171116,000000,2.91,2.91,2.91,2.91,0,0
ARX_PB,D,20171117,000000,2.91,2.91,2.91,2.91,0,0
ARX_PB,D,20171120,000000,2.91,2.91,2.91,2.91,0,0
ARX_PB,D,20171121,000000,2.91,2.91,2.9,2.9,0,0
ARX_PB,D,20171122,000000,2.66,2.66,2.13,2.5,0,0
ARX_PB,D,20171123,000000,2.5,2.5,2,2.49,0,0
ARX_PB,D,20171124,000000,2.5,2.5,2.5,2.5,0,0
ARX_PB,D,20171127,000000,2.5,2.96,2.5,2.96,0,0
ARX_PB,D,20171128,000000,2.93,2.93,2.93,2.93,0,0
ARX_PB,D,20171129,000000,2.92,2.92,2.47,2.91,0,0
ARX_PB,D,20171130,000000,2.91,2.91,2.91,2.91,0,0
ARX_PB,D,20171201,000000,2.9,2.9,2.9,2.9,0,0
ARX_PB,D,20171204,000000,2.9,2.9,2.9,2.9,0,0
ARX_PB,D,20171205,000000,2.47,2.9,1.97,2.9,0,0
ARX_PB,D,20171206,000000,2.86,2.86,2.86,2.86,0,0
ARX_PB,D,20171207,000000,2.9,2.9,2.47,2.89,0,0
ARX_PB,D,20171208,000000,2.88,2.88,2.88,2.88,0,0
ARX_PB,D,20171211,000000,1.97,1.97,1.97,1.97,0,0
ARX_PB,D,20171212,000000,2.37,2.37,2.37,2.37,0,0
ARX_PB,D,20171213,000000,2.07,2.07,2.07,2.07,0,0
ARX_PB,D,20171215,000000,1.97,2.37,1.58,2.37,0,0
ARX_PB,D,20171218,000000,2.37,2.37,2.37,2.37,0,0
ARX_PB,D,20171219,000000,2.37,2.37,2.27,2.27,0,0
ARX_PB,D,20171220,000000,2.36,2.36,2.36,2.36,0,0
ARX_PB,D,20171221,000000,2.36,2.36,2.35,2.35,0,0
ARX_PB,D,20171222,000000,1.97,2.36,1.97,2.36,0,0
ARX_PB,D,20171227,000000,1.89,1.89,1.52,1.88,0,0
ARX_PB,D,20171228,000000,2.16,2.16,2.16,2.16,0,0
ARX_PB,D,20171229,000000,1.97,1.97,1.97,1.97,0,0
ARX_PB,D,20180103,000000,2.17,2.17,2.17,2.17,0,0
ARX_PB,D,20180104,000000,2.17,2.61,2.17,2.58,0,0
ARX_PB,D,20180108,000000,2.45,2.45,1.96,1.96,0,0
ARX_PB,D,20180109,000000,1.76,2.09,1.76,1.76,0,0
ARX_PB,D,20180110,000000,1.76,1.87,1.41,1.87,0,0
ARX_PB,D,20180111,000000,2.25,2.45,2.25,2.45,0,0
ARX_PB,D,20180112,000000,2.45,2.45,2.45,2.45,0,0
ARX_PB,D,20180115,000000,2.45,2.45,2.45,2.45,0,0
ARX_PB,D,20180116,000000,2.45,2.45,2.45,2.45,0,0
ARX_PB,D,20180117,000000,2.45,2.45,1.87,1.97,0,0
ARX_PB,D,20180118,000000,1.96,1.96,1.96,1.96,0,0
ARX_PB,D,20180122,000000,2.35,2.41,2.35,2.41,0,0
ARX_PB,D,20180123,000000,2.35,2.35,2.35,2.35,0,0
ARX_PB,D,20180124,000000,2.35,2.35,2.35,2.35,0,0
ARX_PB,D,20180125,000000,2.35,2.35,2.35,2.35,0,0
ARX_PB,D,20180126,000000,2.35,2.35,2.35,2.35,0,0
ARX_PB,D,20180129,000000,2.35,2.35,1.97,1.97,0,0
ARX_PB,D,20180130,000000,2.29,2.29,2.29,2.29,0,0
ARX_PB,D,20180131,000000,2.29,2.31,2.29,2.31,0,0
ARX_PB,D,20180201,000000,2.31,2.57,2.31,2.57,0,0
ARX_PB,D,20180202,000000,2.57,2.57,2.17,2.57,0,0
ARX_PB,D,20180205,000000,2.57,2.57,2.57,2.57,0,0
ARX_PB,D,20180207,000000,2.57,2.57,2.57,2.57,0,0
ARX_PB,D,20180208,000000,2.57,2.57,2.17,2.51,0,0
ARX_PB,D,20180209,000000,2.49,2.49,2.49,2.49,0,0
ARX_PB,D,20180212,000000,2.57,2.57,2.57,2.57,0,0
ARX_PB,D,20180213,000000,2.57,2.57,2.57,2.57,0,0
ARX_PB,D,20180214,000000,2.57,2.57,2.57,2.57,0,0
ARX_PB,D,20180215,000000,2.57,2.57,2.57,2.57,0,0
ARX_PB,D,20180221,000000,3.24,3.24,3.24,3.24,0,0
ARX_PB,D,20180222,000000,3.37,3.37,3.03,3.03,0,0
ARX_PB,D,20180223,000000,3.37,3.37,3.24,3.24,0,0
ARX_PB,D,20180226,000000,3.24,3.24,2.72,2.72,0,0
ARX_PB,D,20180227,000000,3.24,3.45,3.22,3.45,0,0
ARX_PB,D,20180228,000000,3.19,3.24,3.11,3.11,0,0
ARX_PB,D,20180301,000000,3.55,3.55,3.55,3.55,0,0
ARX_PB,D,20180302,000000,3.55,4.23,2.85,4.23,0,0
ARX_PB,D,20180305,000000,4.15,4.98,3.32,4.38,0,0
ARX_PB,D,20180306,000000,4.38,4.59,3.89,4.54,0,0
ARX_PB,D,20180307,000000,4.88,5.84,4.88,5.55,0,0
ARX_PB,D,20180308,000000,5.55,5.84,4.49,5.47,0,0
ARX_PB,D,20180309,000000,5.42,5.45,4.41,5.45,0,0
ARX_PB,D,20180312,000000,5.39,5.39,5.39,5.39,0,0
ARX_PB,D,20180313,000000,5.39,5.39,4.54,5.16,0,0
ARX_PB,D,20180314,000000,5.06,5.06,5.06,5.06,0,0
ARX_PB,D,20180315,000000,5.03,5.03,4.15,4.15,0,0
ARX_PB,D,20180316,000000,4.98,4.98,4.98,4.98,0,0
ARX_PB,D,20180319,000000,4.85,4.85,3.92,4,0,0
ARX_PB,D,20180320,000000,4,4.02,3.63,3.89,0,0
ARX_PB,D,20180321,000000,3.97,4.69,3.97,4.12,0,0
ARX_PB,D,20180322,000000,3.63,3.89,2.91,3.89,0,0
ARX_PB,D,20180323,000000,4.67,4.67,4.67,4.67,0,0
ARX_PB,D,20180326,000000,4.62,4.62,4.62,4.62,0,0
ARX_PB,D,20180328,000000,4.49,4.51,4.49,4.51,0,0
ARX_PB,D,20180329,000000,4.43,4.43,4.43,4.43,0,0
ARX_PB,D,20180410,000000,4.3,4.3,4.3,4.3,0,0
ARX_PB,D,20180507,000000,3.63,3.63,3.24,3.63,0,0
ARX_PB,D,20180508,000000,2.98,3.37,2.44,2.98,0,0
ARX_PB,D,20180509,000000,2.44,2.44,2.44,2.44,0,0
ARX_PB,D,20180510,000000,2.59,2.59,2.59,2.59,0,0
ARX_PB,D,20180511,000000,2.59,2.59,2.59,2.59,0,0
ARX_PB,D,20180514,000000,2.46,2.46,2.33,2.33,0,0
ARX_PB,D,20180516,000000,2.33,2.49,1.89,2.49,0,0
ARX_PB,D,20180517,000000,2.46,2.59,2.46,2.59,0,0
ARX_PB,D,20180518,000000,2.59,3.24,2.59,3.24,0,0
ARX_PB,D,20180521,000000,3.5,4.05,3.5,4.05,0,0
ARX_PB,D,20180523,000000,4,4,3.51,3.51,0,0
ARX_PB,D,20180524,000000,3.24,3.51,3.11,3.51,0,0
ARX_PB,D,20180525,000000,3.24,3.24,3.24,3.24,0,0
ARX_PB,D,20180528,000000,3.24,3.78,3.03,3.3,0,0
ARX_PB,D,20180529,000000,3.3,3.3,3.3,3.3,0,0
ARX_PB,D,20180530,000000,2.97,2.97,2.7,2.97,0,0
ARX_PB,D,20180607,000000,2.7,2.7,2.7,2.7,0,0
ARX_PB,D,20180608,000000,2.5,3,2.5,3,0,0
ARX_PB,D,20180612,000000,2.84,3.24,2.84,3.24,0,0
ARX_PB,D,20180613,000000,2.97,3.57,2.97,3.57,0,0
ARX_PB,D,20180614,000000,3.24,3.51,3.24,3.51,0,0
ARX_PB,D,20180615,000000,3.51,4.21,3.51,4.21,0,0
ARX_PB,D,20180618,000000,4.32,4.32,4.05,4.05,0,0
ARX_PB,D,20180619,000000,3.65,3.65,3.65,3.65,0,0
ARX_PB,D,20180620,000000,3.65,3.65,3.65,3.65,0,0
ARX_PB,D,20180621,000000,3.62,3.62,2.97,2.97,0,0
ARX_PB,D,20180625,000000,2.97,2.97,2.97,2.97,0,0
ARX_PB,D,20180626,000000,2.78,2.78,2.78,2.78,0,0
ARX_PB,D,20180628,000000,2.97,3.51,2.97,3.51,0,0
ARX_PB,D,20180629,000000,4.05,4.05,4.05,4.05,0,0
ARX_PB,D,20180702,000000,4.05,4.05,4,4,0,0
ARX_PB,D,20180703,000000,3.78,4.05,3.65,3.65,0,0
ARX_PB,D,20180705,000000,3.38,3.38,3.38,3.38,0,0
ARX_PB,D,20180706,000000,3.11,3.11,3.11,3.11,0,0
ARX_PB,D,20180709,000000,3.32,3.32,2.84,3.11,0,0
ARX_PB,D,20180710,000000,2.7,2.7,2.7,2.7,0,0
ARX_PB,D,20180711,000000,2.7,2.7,2.7,2.7,0,0
ARX_PB,D,20180716,000000,2.5,2.5,2.5,2.5,0,0
ARX_PB,D,20180718,000000,2.5,2.7,2.49,2.7,0,0
ARX_PB,D,20180719,000000,3.11,3.11,2.57,3.11,0,0
ARX_PB,D,20180720,000000,3.11,3.11,2.57,2.57,0,0
ARX_PB,D,20180723,000000,2.57,2.57,2.57,2.57,0,0
ARX_PB,D,20180724,000000,2.76,3.3,2.76,3.3,0,0
ARX_PB,D,20180725,000000,2.7,3.16,2.7,3.16,0,0
ARX_PB,D,20180727,000000,3.03,3.27,3.03,3.27,0,0
ARX_PB,D,20180730,000000,3.27,3.27,2.84,2.84,0,0
ARX_PB,D,20180731,000000,2.57,2.89,2.57,2.89,0,0
ARX_PB,D,20180803,000000,2.84,2.84,2.84,2.84,0,0
ARX_PB,D,20180808,000000,2.7,2.89,2.7,2.89,0,0
ARX_PB,D,20180809,000000,2.57,2.57,2.57,2.57,0,0
ARX_PB,D,20180810,000000,2.57,2.57,2.57,2.57,0,0
ARX_PB,D,20180813,000000,2.57,2.57,2.57,2.57,0,0
ARX_PB,D,20180814,000000,2.57,2.57,2.57,2.57,0,0
ARX_PB,D,20180816,000000,2.63,2.63,2.63,2.63,0,0
ARX_PB,D,20180820,000000,2.7,2.7,2.7,2.7,0,0
ARX_PB,D,20180822,000000,2.7,3.27,2.7,3.27,0,0
ARX_PB,D,20180828,000000,3.03,3.03,3.03,3.03,0,0
ARX_PB,D,20180829,000000,3.03,3.03,2.96,2.96,0,0
ARX_PB,D,20180830,000000,2.8,2.8,2.8,2.8,0,0
ARX_PB,D,20180903,000000,2.8,3.04,2.78,2.78,0,0
ARX_PB,D,20180904,000000,2.62,2.86,2.62,2.86,0,0
ARX_PB,D,20180910,000000,2.47,2.47,2.47,2.47,0,0
ARX_PB,D,20180911,000000,2.45,2.45,2.45,2.45,0,0
ARX_PB,D,20180912,000000,2.31,2.31,2.31,2.31,0,0
ARX_PB,D,20180913,000000,2.31,2.31,2.31,2.31,0,0
ARX_PB,D,20180914,000000,2.31,2.45,2.06,2.31,0,0
ARX_PB,D,20180920,000000,2.31,2.37,2.31,2.37,0,0
ARX_PB,D,20180921,000000,2.31,2.32,2.31,2.32,0,0
ARX_PB,D,20180924,000000,2.29,2.29,2.29,2.29,0,0
ARX_PB,D,20180925,000000,2.29,2.32,2.29,2.32,0,0
ARX_PB,D,20180926,000000,2.32,2.32,2.32,2.32,0,0
ARX_PB,D,20180927,000000,2.32,2.32,2.32,2.32,0,0
ARX_PB,D,20181001,000000,2.37,2.37,2.06,2.06,0,0
ARX_PB,D,20181002,000000,2.06,2.29,2.06,2.29,0,0
ARX_PB,D,20181003,000000,2.13,2.13,2.13,2.13,0,0
ARX_PB,D,20181004,000000,2.29,2.29,2.29,2.29,0,0
ARX_PB,D,20181005,000000,1.96,1.96,1.96,1.96,0,0
ARX_PB,D,20181009,000000,1.88,1.88,1.64,1.8,0,0
ARX_PB,D,20181015,000000,1.8,1.81,1.65,1.75,0,0
ARX_PB,D,20181018,000000,1.75,1.75,1.75,1.75,0,0
ARX_PB,D,20181019,000000,1.88,1.88,1.88,1.88,0,0
ARX_PB,D,20181022,000000,2.04,2.04,2.04,2.04,0,0
ARX_PB,D,20181023,000000,1.65,1.88,1.65,1.88,0,0
ARX_PB,D,20181102,000000,1.65,1.65,1.64,1.64,0,0
ARX_PB,D,20181105,000000,1.64,1.65,1.64,1.65,0,0
ARX_PB,D,20181114,000000,1.55,1.55,1.55,1.55,0,0
ARX_PB,D,20181116,000000,1.65,1.65,1.65,1.65,0,0
ARX_PB,D,20181119,000000,1.55,1.55,1.14,1.14,0,0
ARX_PB,D,20181120,000000,0.98,0.98,0.82,0.95,0,0
ARX_PB,D,20181121,000000,0.95,1.11,0.82,1.11,0,0
ARX_PB,D,20181123,000000,0.98,0.98,0.83,0.83,0,0
ARX_PB,D,20181126,000000,0.83,0.98,0.83,0.98,0,0
ARX_PB,D,20181127,000000,0.83,0.97,0.82,0.97,0,0
ARX_PB,D,20181128,000000,0.98,0.98,0.98,0.98,0,0
ARX_PB,D,20181129,000000,0.98,1.11,0.98,1.11,0,0
ARX_PB,D,20181130,000000,1.11,1.11,1.01,1.01,0,0
ARX_PB,D,20181203,000000,1.06,1.43,1.06,1.43,0,0
ARX_PB,D,20181204,000000,1.43,1.43,1.32,1.43,0,0
ARX_PB,D,20181206,000000,1.32,1.32,1.32,1.32,0,0
ARX_PB,D,20181207,000000,1.21,1.21,1.21,1.21,0,0
ARX_PB,D,20181210,000000,1.23,1.23,1.16,1.16,0,0
ARX_PB,D,20181211,000000,1.14,1.14,1.1,1.1,0,0
ARX_PB,D,20181213,000000,0.99,1.1,0.99,1.1,0,0
ARX_PB,D,20181214,000000,1.1,1.1,1.1,1.1,0,0
ARX_PB,D,20181217,000000,1.12,1.32,1.1,1.1,0,0
ARX_PB,D,20181219,000000,1.27,1.27,1.03,1.21,0,0
ARX_PB,D,20181220,000000,1.05,1.05,1.05,1.05,0,0
ARX_PB,D,20181221,000000,1.1,1.16,1.03,1.03,0,0
ARX_PB,D,20181227,000000,1.03,1.21,1.03,1.21,0,0
ARX_PB,D,20181228,000000,1.21,1.27,1.21,1.27,0,0
ARX_PB,D,20190102,000000,1.27,1.27,1.1,1.1,0,0
ARX_PB,D,20190103,000000,0.99,1.05,0.88,1.05,0,0
ARX_PB,D,20190107,000000,1.05,1.16,1.05,1.16,0,0
ARX_PB,D,20190108,000000,0.95,1.01,0.95,1.01,0,0
ARX_PB,D,20190111,000000,1.01,1.01,1.01,1.01,0,0
ARX_PB,D,20190114,000000,0.88,1.05,0.88,1.05,0,0
ARX_PB,D,20190115,000000,1.05,1.05,1.05,1.05,0,0
ARX_PB,D,20190116,000000,1.05,1.25,1.05,1.25,0,0
ARX_PB,D,20190117,000000,1.21,1.76,1.21,1.76,0,0
ARX_PB,D,20190118,000000,1.76,2.08,1.54,2.08,0,0
ARX_PB,D,20190121,000000,2.5,2.98,2.02,2.52,0,0
ARX_PB,D,20190122,000000,2.61,2.61,2.19,2.5,0,0
ARX_PB,D,20190123,000000,2.24,2.24,1.76,2.15,0,0
ARX_PB,D,20190124,000000,2.08,2.48,2.08,2.37,0,0
ARX_PB,D,20190125,000000,2.35,2.35,2.02,2.26,0,0
ARX_PB,D,20190128,000000,2.19,2.19,1.76,1.76,0,0
ARX_PB,D,20190129,000000,2.02,2.02,1.69,1.69,0,0
ARX_PB,D,20190130,000000,1.54,1.54,1.32,1.49,0,0
ARX_PB,D,20190131,000000,1.36,1.36,1.36,1.36,0,0
ARX_PB,D,20190201,000000,1.43,1.43,1.25,1.25,0,0
ARX_PB,D,20190204,000000,1.25,1.32,1.12,1.32,0,0
ARX_PB,D,20190205,000000,1.12,1.27,1.1,1.27,0,0
ARX_PB,D,20190206,000000,1.27,1.3,1.27,1.3,0,0
ARX_PB,D,20190207,000000,1.3,1.38,1.3,1.38,0,0
ARX_PB,D,20190208,000000,1.38,1.38,1.25,1.25,0,0
ARX_PB,D,20190211,000000,1.27,1.27,1.27,1.27,0,0
ARX_PB,D,20190212,000000,1.27,1.45,1.27,1.45,0,0
ARX_PB,D,20190213,000000,1.21,1.41,1.21,1.41,0,0
ARX_PB,D,20190215,000000,1.32,1.32,1.32,1.32,0,0
ARX_PB,D,20190218,000000,1.32,1.32,1.1,1.1,0,0
ARX_PB,D,20190219,000000,1.1,1.51,1.1,1.51,0,0
ARX_PB,D,20190220,000000,1.34,1.99,1.34,1.99,0,0
ARX_PB,D,20190222,000000,1.99,2.39,1.99,2.39,0,0
ARX_PB,D,20190225,000000,2.42,2.84,1.99,1.99,0,0
ARX_PB,D,20190226,000000,1.99,2.56,1.99,2.33,0,0
ARX_PB,D,20190227,000000,2.56,2.96,2.56,2.9,0,0
ARX_PB,D,20190228,000000,2.56,2.67,2.44,2.44,0,0
ARX_PB,D,20190301,000000,2.87,2.87,2.67,2.7,0,0
ARX_PB,D,20190304,000000,2.64,2.64,2.44,2.44,0,0
ARX_PB,D,20190305,000000,2.36,2.36,2.36,2.36,0,0
ARX_PB,D,20190306,000000,2.33,2.33,1.99,2.16,0,0
ARX_PB,D,20190307,000000,2.16,2.22,2.16,2.19,0,0
ARX_PB,D,20190308,000000,1.99,2.04,1.59,1.59,0,0
ARX_PB,D,20190311,000000,1.73,1.73,1.56,1.56,0,0
ARX_PB,D,20190312,000000,1.73,1.73,1.73,1.73,0,0
ARX_PB,D,20190313,000000,1.85,1.99,1.85,1.99,0,0
ARX_PB,D,20190314,000000,1.85,1.85,1.73,1.79,0,0
ARX_PB,D,20190315,000000,1.93,1.93,1.65,1.65,0,0
ARX_PB,D,20190319,000000,1.79,1.79,1.79,1.79,0,0
ARX_PB,D,20190320,000000,1.79,1.79,1.76,1.76,0,0
ARX_PB,D,20190321,000000,1.76,1.76,1.76,1.76,0,0
ARX_PB,D,20190322,000000,1.76,1.76,1.76,1.76,0,0
ARX_PB,D,20190325,000000,1.76,1.76,1.76,1.76,0,0
ARX_PB,D,20190326,000000,1.51,1.51,1.46,1.51,0,0
ARX_PB,D,20190327,000000,1.51,1.51,1.51,1.51,0,0
ARX_PB,D,20190328,000000,1.51,1.51,1.51,1.51,0,0
ARX_PB,D,20190402,000000,1.42,1.7,1.42,1.7,0,0
ARX_PB,D,20190403,000000,1.7,2.04,1.7,2.04,0,0
ARX_PB,D,20190404,000000,1.99,2.39,1.99,2.39,0,0
ARX_PB,D,20190405,000000,2.22,2.64,2.22,2.64,0,0
ARX_PB,D,20190408,000000,2.22,2.84,2.22,2.84,0,0
ARX_PB,D,20190409,000000,2.84,3.07,2.84,3.07,0,0
ARX_PB,D,20190410,000000,2.84,2.96,2.56,2.56,0,0
ARX_PB,D,20190411,000000,2.25,2.25,1.82,1.82,0,0
ARX_PB,D,20190412,000000,1.82,1.87,1.62,1.87,0,0
ARX_PB,D,20190415,000000,1.7,2.04,1.51,1.51,0,0
ARX_PB,D,20190416,000000,1.54,1.76,1.42,1.42,0,0
ARX_PB,D,20190417,000000,1.42,1.42,1.42,1.42,0,0
ARX_PB,D,20190418,000000,1.42,1.51,1.42,1.51,0,0
ARX_PB,D,20190423,000000,1.59,1.59,1.39,1.51,0,0
ARX_PB,D,20190424,000000,1.5,1.5,1.39,1.39,0,0
ARX_PB,D,20190425,000000,1.51,1.52,1.51,1.52,0,0
ARX_PB,D,20190426,000000,1.52,1.52,1.52,1.52,0,0
ARX_PB,D,20190429,000000,1.33,1.51,1.31,1.31,0,0
ARX_PB,D,20190430,000000,1.48,1.48,1.48,1.48,0,0
ARX_PB,D,20190502,000000,1.48,1.48,1.42,1.42,0,0
ARX_PB,D,20190506,000000,1.51,1.51,1.21,1.36,0,0
ARX_PB,D,20190507,000000,1.21,1.28,1.19,1.28,0,0
ARX_PB,D,20190508,000000,1.16,1.36,1.05,1.31,0,0
ARX_PB,D,20190509,000000,1.31,1.31,1.31,1.31,0,0
ARX_PB,D,20190510,000000,1.08,1.19,0.86,0.86,0,0
ARX_PB,D,20190513,000000,0.97,0.98,0.8,0.87,0,0
ARX_PB,D,20190514,000000,0.86,0.93,0.86,0.93,0,0
ARX_PB,D,20190515,000000,0.85,0.85,0.68,0.73,0,0
ARX_PB,D,20190516,000000,0.73,0.84,0.48,0.57,0,0
ARX_PB,D,20190522,000000,0.68,0.82,0.68,0.82,0,0
ARX_PB,D,20190523,000000,0.94,1.12,0.85,0.91,0,0
ARX_PB,D,20190524,000000,0.93,1.33,0.93,1.33,0,0
ARX_PB,D,20190527,000000,1.48,1.76,1.48,1.76,0,0
ARX_PB,D,20190528,000000,1.93,4.94,1.93,4.94,0,0
ARX_PB,D,20190529,000000,4.94,5.27,4.18,5.26,0,0
ARX_PB,D,20190530,000000,5.19,5.19,4.22,5.19,0,0
ARX_PB,D,20190531,000000,5.19,5.19,4.16,4.6,0,0
ARX_PB,D,20190603,000000,3.92,4.52,3.13,3.14,0,0
ARX_PB,D,20211103,000000,7.19,7.19,7.19,7.19,0,0
ARX_PB,D,20211117,000000,11.67,11.67,11.67,11.67,0,0
ARX_PB,D,20211124,000000,11.67,11.67,11.67,11.67,0,0
ARX_PB,D,20211201,000000,9.35,9.35,9.35,9.35,0,0
ARX_PB,D,20211208,000000,7.73,7.73,7.73,7.73,0,0
ARX_PB,D,20211215,000000,7.96,7.96,7.96,7.96,0,0
ARX_PB,D,20211222,000000,6.37,6.37,6.37,6.37,0,0
ARX_PB,D,20220105,000000,5.1,5.1,5.1,5.1,0,0
ARX_PB,D,20220112,000000,5.84,5.84,5.84,5.84,0,0
ARX_PB,D,20220119,000000,7,7,7,7,0,0
ARX_PB,D,20220126,000000,8.31,8.31,8.31,8.31,0,0
ARX_PB,D,20220202,000000,9.45,9.45,9.45,9.45,0,0
ARX_PB,D,20220209,000000,8.49,8.49,8.49,8.49,0,0
ARX_PB,D,20220216,000000,8.47,8.47,8.47,8.47,0,0
ARX_PB,D,20220223,000000,14.48,14.48,14.48,14.48,0,0
ARX_PB,D,20220309,000000,11.3,11.3,11.3,11.3,0,0
ARX_PB,D,20220316,000000,12.65,12.65,12.65,12.65,0,0
ARX_PB,D,20220323,000000,12.65,12.65,12.65,12.65,0,0
ARX_PB,D,20220330,000000,14.91,14.91,14.91,14.91,0,0
ARX_PB,D,20220406,000000,17.87,17.87,17.87,17.87,0,0
ARX_PB,D,20220413,000000,20.22,20.22,20.22,20.22,0,0
ARX_PB,D,20220420,000000,19.09,19.09,19.09,19.09,0,0
ARX_PB,D,20220427,000000,14.26,14.26,14.26,14.26,0,0
ARX_PB,D,20220504,000000,14.26,14.26,14.26,14.26,0,0
ARX_PB,D,20220511,000000,18.3,18.3,18.3,18.3,0,0
ARX_PB,D,20220518,000000,17.87,17.87,17.87,17.87,0,0
ARX_PB,D,20220525,000000,16.96,16.96,16.96,16.96,0,0
ARX_PB,D,20220601,000000,16.74,17.5,16.74,17.5,0,0
ARX_PB,D,20220608,000000,18.77,18.77,18.77,18.77,0,0
ARX_PB,D,20220615,000000,18.77,18.77,18.77,18.77,0,0
ARX_PB,D,20220622,000000,18.77,18.77,18.77,18.77,0,0
ARX_PB,D,20220706,000000,12.27,12.27,12.27,12.27,0,0
ARX_PB,D,20220713,000000,15.23,15.23,15.23,15.23,0,0
ARX_PB,D,20220720,000000,14.18,14.18,14.18,14.18,0,0
ARX_PB,D,20220727,000000,15.23,15.23,15.23,15.23,0,0
ARX_PB,D,20220803,000000,18.68,18.68,18.68,18.68,0,0
ARX_PB,D,20220810,000000,22.32,22.32,22.32,22.32,0,0
ARX_PB,D,20220817,000000,22.91,22.91,22.91,22.91,0,0
ARX_PB,D,20220824,000000,23.05,23.05,13,13,0,0
ARX_PB,D,20220831,000000,13,13,13,13,0,0
