<TICKER>,<PER>,<DATE>,<TIME>,<OPEN>,<HIGH>,<LOW>,<CLOSE>,<VOL>,<OPENINT>
BCI_MV,D,20110518,000000,3.02,3.02,3.02,3.02,0,0
BCI_MV,D,20110519,000000,7.27,7.76,6.9,7.42,0,0
BCI_MV,D,20110520,000000,7.5,7.5,6.44,6.78,0,0
BCI_MV,D,20110523,000000,6.78,6.78,6.48,6.67,0,0
BCI_MV,D,20110524,000000,6.29,6.29,5.35,5.35,0,0
BCI_MV,D,20110525,000000,5.65,6.03,5.54,6.03,0,0
BCI_MV,D,20110526,000000,6.11,7.31,6.03,6.18,0,0
BCI_MV,D,20110527,000000,6.52,6.71,5.58,5.77,0,0
BCI_MV,D,20110530,000000,6.26,6.75,6.26,6.75,0,0
BCI_MV,D,20110531,000000,6.71,6.71,6.41,6.6,0,0
BCI_MV,D,20110601,000000,6.48,6.48,6.14,6.18,0,0
BCI_MV,D,20110602,000000,6.48,6.48,6.03,6.37,0,0
BCI_MV,D,20110603,000000,6.11,9.12,6.11,9.12,0,0
BCI_MV,D,20110606,000000,10.93,13.61,10.52,12.63,0,0
BCI_MV,D,20110607,000000,12.74,12.74,8.29,8.48,0,0
BCI_MV,D,20110608,000000,8.48,9.35,7.88,8.56,0,0
BCI_MV,D,20110609,000000,8.67,9.69,8.48,8.78,0,0
BCI_MV,D,20110610,000000,8.74,9.31,8.74,8.82,0,0
BCI_MV,D,20110613,000000,9.16,10.82,8.82,9.69,0,0
BCI_MV,D,20110614,000000,9.87,9.87,8.86,9.01,0,0
BCI_MV,D,20110615,000000,9.01,9.16,8.37,8.97,0,0
BCI_MV,D,20110616,000000,8.93,9.12,8.4,9.12,0,0
BCI_MV,D,20110617,000000,9.12,9.12,8.63,8.71,0,0
BCI_MV,D,20110620,000000,8.67,8.89,8.44,8.82,0,0
BCI_MV,D,20110621,000000,8.48,8.59,8.22,8.59,0,0
BCI_MV,D,20110622,000000,8.22,8.29,7.95,8.29,0,0
BCI_MV,D,20110624,000000,8.25,8.29,7.95,7.95,0,0
BCI_MV,D,20110627,000000,7.91,8.4,7.91,8.07,0,0
BCI_MV,D,20110628,000000,7.95,8.03,7.95,7.99,0,0
BCI_MV,D,20110629,000000,7.95,8.29,7.91,8.29,0,0
BCI_MV,D,20110630,000000,8.29,8.67,7.46,7.5,0,0
BCI_MV,D,20110701,000000,7.69,7.8,7.35,7.35,0,0
BCI_MV,D,20110704,000000,7.2,7.2,6.78,7.12,0,0
BCI_MV,D,20110705,000000,6.78,6.93,6.75,6.75,0,0
BCI_MV,D,20110706,000000,6.78,6.82,6.71,6.71,0,0
BCI_MV,D,20110707,000000,6.48,6.82,6.29,6.56,0,0
BCI_MV,D,20110708,000000,6.41,6.41,6.41,6.41,0,0
BCI_MV,D,20110711,000000,6.11,6.18,5.84,6.03,0,0
BCI_MV,D,20110712,000000,5.77,6.03,4.9,6.03,0,0
BCI_MV,D,20110713,000000,5.28,5.54,5.09,5.47,0,0
BCI_MV,D,20110714,000000,5.43,5.43,5.43,5.43,0,0
BCI_MV,D,20110715,000000,5.39,6.48,5.39,5.92,0,0
BCI_MV,D,20110718,000000,5.96,6.18,5.84,6.18,0,0
BCI_MV,D,20110719,000000,5.84,5.88,5.65,5.88,0,0
BCI_MV,D,20110720,000000,5.84,5.92,5.65,5.65,0,0
BCI_MV,D,20110721,000000,5.73,5.73,5.73,5.73,0,0
BCI_MV,D,20110722,000000,5.35,5.58,5.2,5.58,0,0
BCI_MV,D,20110725,000000,5.2,5.31,5.2,5.31,0,0
BCI_MV,D,20110726,000000,5.43,5.43,5.43,5.43,0,0
BCI_MV,D,20110727,000000,5.09,5.09,5.09,5.09,0,0
BCI_MV,D,20110728,000000,5.13,5.13,4.15,4.45,0,0
BCI_MV,D,20110729,000000,4.52,4.71,4.52,4.6,0,0
BCI_MV,D,20110801,000000,4.64,4.86,4.45,4.71,0,0
BCI_MV,D,20110802,000000,4.71,4.71,4.37,4.52,0,0
BCI_MV,D,20110803,000000,4.52,4.52,3.92,3.92,0,0
BCI_MV,D,20110804,000000,3.92,3.92,3.32,3.32,0,0
BCI_MV,D,20110805,000000,3.39,3.39,3.24,3.35,0,0
BCI_MV,D,20110808,000000,3.58,3.58,3.24,3.24,0,0
BCI_MV,D,20110809,000000,3.24,3.39,2.64,3.39,0,0
BCI_MV,D,20110810,000000,3.17,3.17,3.17,3.17,0,0
BCI_MV,D,20110811,000000,2.98,2.98,2.98,2.98,0,0
BCI_MV,D,20110812,000000,2.98,2.98,2.98,2.98,0,0
BCI_MV,D,20110816,000000,3.02,3.39,2.98,2.98,0,0
BCI_MV,D,20110817,000000,2.94,2.94,2.94,2.94,0,0
BCI_MV,D,20110818,000000,2.86,2.86,2.71,2.71,0,0
BCI_MV,D,20110819,000000,2.64,2.64,2.64,2.64,0,0
BCI_MV,D,20110822,000000,2.83,2.83,2.83,2.83,0,0
BCI_MV,D,20110825,000000,2.68,2.68,2.53,2.6,0,0
BCI_MV,D,20110826,000000,2.6,3.09,2.6,3.09,0,0
BCI_MV,D,20110829,000000,3.24,3.35,3.02,3.09,0,0
BCI_MV,D,20110830,000000,2.98,2.98,2.98,2.98,0,0
BCI_MV,D,20110831,000000,2.83,2.83,2.83,2.83,0,0
BCI_MV,D,20110901,000000,2.79,2.79,2.79,2.79,0,0
BCI_MV,D,20110902,000000,2.83,2.94,2.75,2.75,0,0
BCI_MV,D,20110906,000000,2.94,2.94,2.94,2.94,0,0
BCI_MV,D,20110908,000000,3.05,3.05,2.98,2.98,0,0
BCI_MV,D,20110909,000000,3.13,3.13,3.13,3.13,0,0
BCI_MV,D,20110912,000000,2.94,2.98,2.83,2.83,0,0
BCI_MV,D,20110914,000000,2.86,3.77,2.86,3.69,0,0
BCI_MV,D,20110915,000000,3.73,3.73,3.73,3.73,0,0
BCI_MV,D,20110919,000000,3.2,3.24,3.09,3.24,0,0
BCI_MV,D,20110920,000000,3.05,3.2,2.83,3.02,0,0
BCI_MV,D,20110921,000000,2.94,2.94,2.94,2.94,0,0
BCI_MV,D,20110922,000000,2.79,2.86,2.64,2.64,0,0
BCI_MV,D,20110923,000000,2.56,2.56,2.56,2.56,0,0
BCI_MV,D,20110926,000000,2.41,2.53,2.34,2.53,0,0
BCI_MV,D,20110927,000000,2.37,2.37,2.37,2.37,0,0
BCI_MV,D,20110928,000000,2.49,2.49,2.49,2.49,0,0
BCI_MV,D,20110929,000000,2.45,2.45,2.45,2.45,0,0
BCI_MV,D,20110930,000000,2.45,2.45,2.45,2.45,0,0
BCI_MV,D,20111003,000000,2.3,2.45,2.3,2.45,0,0
BCI_MV,D,20111004,000000,2.26,2.3,2.11,2.3,0,0
BCI_MV,D,20111005,000000,2.3,2.45,2.3,2.37,0,0
BCI_MV,D,20111006,000000,2.41,2.41,2.41,2.41,0,0
BCI_MV,D,20111007,000000,2.41,2.98,2.41,2.98,0,0
BCI_MV,D,20111010,000000,3.2,3.73,3.02,3.58,0,0
BCI_MV,D,20111011,000000,3.39,3.88,3.39,3.62,0,0
BCI_MV,D,20111012,000000,3.47,3.77,3.43,3.77,0,0
BCI_MV,D,20111013,000000,3.77,4.45,3.77,4.26,0,0
BCI_MV,D,20111014,000000,4.98,5.05,4.98,5.05,0,0
BCI_MV,D,20111017,000000,5.05,5.05,4.41,4.41,0,0
BCI_MV,D,20111018,000000,4.45,4.45,3.39,3.62,0,0
BCI_MV,D,20111019,000000,3.47,4.33,3.39,4.33,0,0
BCI_MV,D,20111020,000000,3.66,3.84,3.47,3.51,0,0
BCI_MV,D,20111021,000000,3.51,3.62,3.28,3.51,0,0
BCI_MV,D,20111024,000000,3.54,3.54,3.35,3.54,0,0
BCI_MV,D,20111026,000000,3.02,3.58,3.02,3.35,0,0
BCI_MV,D,20111027,000000,3.39,3.66,3.39,3.62,0,0
BCI_MV,D,20111028,000000,3.62,3.62,3.62,3.62,0,0
BCI_MV,D,20111031,000000,3.43,3.43,3.43,3.43,0,0
BCI_MV,D,20111104,000000,3.43,3.43,3.43,3.43,0,0
BCI_MV,D,20111108,000000,3.28,3.28,3.28,3.28,0,0
BCI_MV,D,20111109,000000,3.28,3.28,3.28,3.28,0,0
BCI_MV,D,20111110,000000,3.13,3.17,3.13,3.17,0,0
BCI_MV,D,20111114,000000,3.09,3.09,3.09,3.09,0,0
BCI_MV,D,20111115,000000,3.02,3.05,3.02,3.05,0,0
BCI_MV,D,20111116,000000,3.02,3.02,3.02,3.02,0,0
BCI_MV,D,20111117,000000,2.94,2.94,2.75,2.75,0,0
BCI_MV,D,20111121,000000,2.75,2.86,2.75,2.86,0,0
BCI_MV,D,20111123,000000,2.71,2.71,2.49,2.49,0,0
BCI_MV,D,20111124,000000,2.53,2.71,2.45,2.45,0,0
BCI_MV,D,20111125,000000,2.41,2.56,2.41,2.56,0,0
BCI_MV,D,20111128,000000,2.56,2.56,2.56,2.56,0,0
BCI_MV,D,20111129,000000,2.56,2.56,2.41,2.41,0,0
BCI_MV,D,20111130,000000,2.56,2.71,2.56,2.71,0,0
BCI_MV,D,20111201,000000,2.83,2.83,2.83,2.83,0,0
BCI_MV,D,20111202,000000,2.75,2.94,2.75,2.94,0,0
BCI_MV,D,20111205,000000,2.75,3.43,2.64,3.43,0,0
BCI_MV,D,20111206,000000,2.71,2.94,2.71,2.94,0,0
BCI_MV,D,20111208,000000,2.71,3.39,2.71,3.13,0,0
BCI_MV,D,20111209,000000,3.13,3.39,3.13,3.39,0,0
BCI_MV,D,20111212,000000,3.17,3.17,2.94,2.94,0,0
BCI_MV,D,20111213,000000,2.98,3.35,2.98,3.35,0,0
BCI_MV,D,20111214,000000,3.35,3.35,3.2,3.2,0,0
BCI_MV,D,20111215,000000,3.2,3.2,3.2,3.2,0,0
BCI_MV,D,20111216,000000,3.32,3.43,3.32,3.43,0,0
BCI_MV,D,20111219,000000,3.43,3.43,3.43,3.43,0,0
BCI_MV,D,20111220,000000,3.43,4.9,3.43,4.9,0,0
BCI_MV,D,20111221,000000,5.09,5.09,3.73,4.15,0,0
BCI_MV,D,20111222,000000,4.11,5.58,3.81,5.58,0,0
BCI_MV,D,20111223,000000,5.78,6.63,5.78,6.63,0,0
BCI_MV,D,20111227,000000,6.63,6.63,5.93,5.93,0,0
BCI_MV,D,20111228,000000,6.38,6.38,6.03,6.03,0,0
BCI_MV,D,20111229,000000,6.33,6.43,5.93,6.43,0,0
BCI_MV,D,20111230,000000,6.53,7.64,6.53,7.64,0,0
BCI_MV,D,20120102,000000,7.69,10.8,7.69,10.75,0,0
BCI_MV,D,20120103,000000,9.8,9.8,8.04,9.15,0,0
BCI_MV,D,20120104,000000,9.15,10.55,9.15,10.55,0,0
BCI_MV,D,20120105,000000,9.15,9.15,9.15,9.15,0,0
BCI_MV,D,20120109,000000,9.3,10.7,9.15,9.65,0,0
BCI_MV,D,20120110,000000,9.35,9.35,9.35,9.35,0,0
BCI_MV,D,20120111,000000,9.3,9.3,9.1,9.25,0,0
BCI_MV,D,20120112,000000,8.74,9.05,8.74,8.74,0,0
BCI_MV,D,20120113,000000,8.29,9.8,7.39,9.65,0,0
BCI_MV,D,20120116,000000,8.44,9.65,7.44,7.89,0,0
BCI_MV,D,20120117,000000,7.49,8.79,7.44,8.79,0,0
BCI_MV,D,20120118,000000,8.44,10.7,8.44,10.7,0,0
BCI_MV,D,20120119,000000,10.65,11.56,10.3,10.3,0,0
BCI_MV,D,20120120,000000,10.5,12.56,10.5,12.56,0,0
BCI_MV,D,20120123,000000,12.56,12.56,12.31,12.31,0,0
BCI_MV,D,20120124,000000,11.31,11.36,11.06,11.31,0,0
BCI_MV,D,20120125,000000,11.06,11.36,10.4,10.9,0,0
BCI_MV,D,20120126,000000,10.9,11.06,10.9,11.06,0,0
BCI_MV,D,20120127,000000,11.41,11.41,11.41,11.41,0,0
BCI_MV,D,20120130,000000,11.66,12.06,11.56,11.81,0,0
BCI_MV,D,20120131,000000,11.81,11.81,10.55,10.65,0,0
BCI_MV,D,20120201,000000,10.5,10.5,8.69,10.05,0,0
BCI_MV,D,20120202,000000,9.6,10.75,9.55,10.1,0,0
BCI_MV,D,20120203,000000,9.65,9.65,9,9.65,0,0
BCI_MV,D,20120206,000000,9.1,9.6,9.1,9.6,0,0
BCI_MV,D,20120207,000000,9.1,10.2,9.1,9.9,0,0
BCI_MV,D,20120208,000000,9.4,9.5,9.4,9.5,0,0
BCI_MV,D,20120209,000000,9.5,9.5,9.5,9.5,0,0
BCI_MV,D,20120210,000000,9.15,9.3,8.54,8.95,0,0
BCI_MV,D,20120213,000000,8.54,9.6,8.14,9.55,0,0
BCI_MV,D,20120215,000000,8.49,8.54,8.29,8.54,0,0
BCI_MV,D,20120216,000000,8.09,8.54,8.09,8.54,0,0
BCI_MV,D,20120217,000000,8.09,8.54,8.09,8.54,0,0
BCI_MV,D,20120220,000000,8.54,9.7,8.54,9.7,0,0
BCI_MV,D,20120221,000000,8.89,8.89,8.39,8.84,0,0
BCI_MV,D,20120222,000000,8.79,9.75,8.39,8.49,0,0
BCI_MV,D,20120223,000000,8.64,9.75,8.49,9.1,0,0
BCI_MV,D,20120224,000000,9.2,9.45,8.79,9.45,0,0
BCI_MV,D,20120227,000000,8.59,9.05,8.59,9,0,0
BCI_MV,D,20120229,000000,8.74,9.05,8.39,8.95,0,0
BCI_MV,D,20120301,000000,8.89,9.4,8.49,9.4,0,0
BCI_MV,D,20120305,000000,8.64,9.35,8.64,9,0,0
BCI_MV,D,20120307,000000,8.95,8.95,8.59,8.59,0,0
BCI_MV,D,20120309,000000,8.64,8.64,8.64,8.64,0,0
BCI_MV,D,20120312,000000,8.79,9,8.29,8.54,0,0
BCI_MV,D,20120313,000000,8.29,8.29,8.09,8.14,0,0
BCI_MV,D,20120314,000000,8.24,8.64,8.19,8.64,0,0
BCI_MV,D,20120321,000000,8.64,8.64,8.64,8.64,0,0
BCI_MV,D,20120327,000000,8.19,8.19,8.09,8.09,0,0
BCI_MV,D,20120328,000000,7.89,7.89,7.69,7.69,0,0
BCI_MV,D,20120329,000000,8.09,8.09,7.74,7.99,0,0
BCI_MV,D,20120330,000000,7.99,10.05,7.99,10.05,0,0
BCI_MV,D,20120402,000000,9.3,9.3,9.15,9.15,0,0
BCI_MV,D,20120403,000000,8.69,8.69,8.69,8.69,0,0
BCI_MV,D,20120410,000000,8.59,8.59,8.59,8.59,0,0
BCI_MV,D,20120411,000000,8.59,8.59,7.04,7.04,0,0
BCI_MV,D,20120412,000000,7.19,7.19,7.04,7.04,0,0
BCI_MV,D,20120413,000000,6.68,7.04,6.63,7.04,0,0
BCI_MV,D,20120416,000000,6.78,6.78,5.73,5.73,0,0
BCI_MV,D,20120417,000000,6.13,6.58,6.13,6.58,0,0
BCI_MV,D,20120418,000000,6.08,6.08,6.08,6.08,0,0
BCI_MV,D,20120424,000000,6.13,6.13,6.13,6.13,0,0
BCI_MV,D,20120425,000000,6.13,7.19,6.13,7.19,0,0
BCI_MV,D,20120427,000000,6.33,6.78,6.33,6.78,0,0
BCI_MV,D,20120430,000000,6.33,6.78,6.33,6.78,0,0
BCI_MV,D,20120508,000000,6.13,6.33,6.13,6.33,0,0
BCI_MV,D,20120509,000000,6.28,6.28,5.43,5.93,0,0
BCI_MV,D,20120516,000000,5.18,6.63,5.18,6.63,0,0
BCI_MV,D,20120517,000000,5.53,5.53,5.53,5.53,0,0
BCI_MV,D,20120518,000000,5.53,5.53,5.53,5.53,0,0
BCI_MV,D,20120521,000000,5.03,5.03,4.62,4.62,0,0
BCI_MV,D,20120522,000000,4.67,4.82,4.67,4.82,0,0
BCI_MV,D,20120523,000000,4.42,4.47,4.42,4.47,0,0
BCI_MV,D,20120524,000000,4.47,4.47,4.47,4.47,0,0
BCI_MV,D,20120525,000000,4.47,4.47,4.47,4.47,0,0
BCI_MV,D,20120528,000000,4.47,4.87,4.47,4.62,0,0
BCI_MV,D,20120530,000000,4.37,4.62,4.37,4.62,0,0
BCI_MV,D,20120531,000000,4.17,4.42,4.17,4.42,0,0
BCI_MV,D,20120601,000000,4.22,4.98,4.22,4.98,0,0
BCI_MV,D,20120604,000000,4.87,4.87,4.47,4.87,0,0
BCI_MV,D,20120606,000000,4.87,4.87,4.87,4.87,0,0
BCI_MV,D,20120608,000000,4.12,4.87,4.12,4.87,0,0
BCI_MV,D,20120611,000000,4.17,4.87,4.17,4.62,0,0
BCI_MV,D,20120614,000000,4.62,4.62,4.62,4.62,0,0
BCI_MV,D,20120615,000000,4.77,4.77,4.17,4.17,0,0
BCI_MV,D,20120618,000000,4.27,4.92,4.27,4.77,0,0
BCI_MV,D,20120619,000000,5.03,5.03,5.03,5.03,0,0
BCI_MV,D,20120620,000000,5.28,6.28,5.13,5.23,0,0
BCI_MV,D,20120621,000000,5.43,6.18,5.23,5.38,0,0
BCI_MV,D,20120622,000000,5.63,6.33,5.63,6.33,0,0
BCI_MV,D,20120625,000000,6.28,7.19,6.28,6.68,0,0
BCI_MV,D,20120626,000000,6.73,7.19,6.73,7.19,0,0
BCI_MV,D,20120627,000000,6.83,8.44,6.83,8.44,0,0
BCI_MV,D,20120628,000000,8.39,9,7.29,9,0,0
BCI_MV,D,20120629,000000,9,9.55,8.04,9.55,0,0
BCI_MV,D,20120703,000000,8.54,9.05,8.54,9.05,0,0
BCI_MV,D,20120704,000000,8.29,8.64,8.04,8.64,0,0
BCI_MV,D,20120705,000000,7.69,8.14,7.59,8.14,0,0
BCI_MV,D,20120719,000000,7.74,7.74,7.59,7.59,0,0
BCI_MV,D,20120720,000000,7.19,7.19,7.19,7.19,0,0
BCI_MV,D,20120724,000000,7.24,7.24,7.24,7.24,0,0
BCI_MV,D,20120727,000000,7.19,7.19,7.19,7.19,0,0
BCI_MV,D,20120730,000000,7.19,7.19,7.19,7.19,0,0
BCI_MV,D,20120806,000000,6.93,6.93,6.93,6.93,0,0
BCI_MV,D,20120808,000000,6.93,6.93,6.93,6.93,0,0
BCI_MV,D,20120810,000000,6.53,6.93,6.53,6.93,0,0
BCI_MV,D,20120823,000000,6.93,6.93,6.93,6.93,0,0
BCI_MV,D,20120827,000000,7.19,7.34,6.99,6.99,0,0
BCI_MV,D,20120830,000000,6.93,6.93,6.93,6.93,0,0
BCI_MV,D,20120831,000000,6.48,6.48,6.23,6.23,0,0
BCI_MV,D,20120903,000000,6.18,6.18,6.18,6.18,0,0
BCI_MV,D,20120907,000000,5.78,5.78,5.78,5.78,0,0
BCI_MV,D,20120910,000000,6.23,6.23,6.23,6.23,0,0
BCI_MV,D,20120914,000000,5.73,5.73,5.73,5.73,0,0
BCI_MV,D,20120917,000000,5.78,5.78,5.78,5.78,0,0
BCI_MV,D,20120921,000000,5.78,5.88,5.78,5.88,0,0
BCI_MV,D,20120925,000000,5.88,5.98,5.88,5.98,0,0
BCI_MV,D,20120926,000000,5.98,5.98,5.98,5.98,0,0
BCI_MV,D,20120927,000000,5.98,5.98,5.98,5.98,0,0
BCI_MV,D,20120928,000000,5.98,5.98,5.98,5.98,0,0
BCI_MV,D,20121001,000000,5.78,5.83,5.78,5.83,0,0
BCI_MV,D,20121004,000000,5.83,5.98,5.83,5.98,0,0
BCI_MV,D,20121005,000000,5.98,5.98,5.98,5.98,0,0
BCI_MV,D,20121008,000000,5.68,5.98,5.68,5.98,0,0
BCI_MV,D,20121009,000000,5.23,5.23,5.23,5.23,0,0
BCI_MV,D,20121010,000000,5.03,5.03,4.77,4.82,0,0
BCI_MV,D,20121011,000000,4.82,4.82,4.82,4.82,0,0
BCI_MV,D,20121017,000000,4.57,4.57,4.57,4.57,0,0
BCI_MV,D,20121018,000000,4.62,4.77,4.62,4.77,0,0
BCI_MV,D,20121019,000000,4.77,5.73,4.77,5.03,0,0
BCI_MV,D,20121026,000000,4.67,4.67,4.67,4.67,0,0
BCI_MV,D,20121029,000000,5.03,5.03,4.67,4.67,0,0
BCI_MV,D,20121106,000000,3.77,4.77,3.77,4.07,0,0
BCI_MV,D,20121107,000000,3.92,4.77,3.92,4.77,0,0
BCI_MV,D,20121108,000000,4.07,4.07,4.07,4.07,0,0
BCI_MV,D,20121112,000000,3.67,4.77,3.67,4.62,0,0
BCI_MV,D,20121119,000000,4.27,4.72,4.27,4.72,0,0
BCI_MV,D,20121121,000000,4.12,4.77,4.12,4.77,0,0
BCI_MV,D,20121122,000000,4.32,4.72,3.97,3.97,0,0
BCI_MV,D,20121123,000000,4.12,4.12,4.12,4.12,0,0
BCI_MV,D,20121126,000000,3.82,4.57,3.82,4.57,0,0
BCI_MV,D,20121128,000000,4.12,4.77,4.12,4.77,0,0
BCI_MV,D,20121203,000000,4.37,5.73,4.37,5.68,0,0
BCI_MV,D,20121204,000000,4.57,6.78,4.57,6.78,0,0
BCI_MV,D,20121207,000000,5.78,8.14,5.78,8.14,0,0
BCI_MV,D,20121210,000000,8.95,10.73,8.95,10.73,0,0
BCI_MV,D,20121211,000000,7.23,9.34,6.93,9.34,0,0
BCI_MV,D,20121212,000000,6.45,8.92,6.03,8.92,0,0
BCI_MV,D,20121218,000000,6.09,6.09,5.78,5.78,0,0
BCI_MV,D,20121219,000000,5.66,6.15,4.58,6.15,0,0
BCI_MV,D,20121220,000000,5.66,6.15,5.66,6.15,0,0
BCI_MV,D,20121228,000000,5.66,6.15,4.94,6.15,0,0
BCI_MV,D,20130102,000000,5.6,7.35,5.3,7.35,0,0
BCI_MV,D,20130103,000000,7.35,8.13,7.35,8.13,0,0
BCI_MV,D,20130104,000000,7.53,7.53,5.48,5.48,0,0
BCI_MV,D,20130107,000000,5.48,5.48,5.3,5.3,0,0
BCI_MV,D,20130108,000000,5.12,5.12,5.12,5.12,0,0
BCI_MV,D,20130109,000000,5.12,6.03,5.12,6.03,0,0
BCI_MV,D,20130110,000000,5.12,7.17,5.12,7.17,0,0
BCI_MV,D,20130115,000000,5.06,5.12,4.64,4.82,0,0
BCI_MV,D,20130116,000000,5,5,5,5,0,0
BCI_MV,D,20130117,000000,5.42,5.42,5,5,0,0
BCI_MV,D,20130118,000000,5.06,5.66,5,5,0,0
BCI_MV,D,20130121,000000,4.88,5.78,4.88,5.78,0,0
BCI_MV,D,20130123,000000,4.82,5.24,4.82,5.24,0,0
BCI_MV,D,20130125,000000,4.76,4.82,4.46,4.46,0,0
BCI_MV,D,20130128,000000,4.88,4.88,4.88,4.88,0,0
BCI_MV,D,20130130,000000,4.46,4.76,4.4,4.76,0,0
BCI_MV,D,20130201,000000,4.76,4.76,4.76,4.76,0,0
BCI_MV,D,20130206,000000,4.52,4.76,4.52,4.52,0,0
BCI_MV,D,20130207,000000,4.76,5.12,4.76,5.12,0,0
BCI_MV,D,20130208,000000,4.64,5.12,4.64,5.12,0,0
BCI_MV,D,20130211,000000,4.7,4.7,4.7,4.7,0,0
BCI_MV,D,20130213,000000,4.52,4.52,4.28,4.28,0,0
BCI_MV,D,20130214,000000,4.7,4.7,4.7,4.7,0,0
BCI_MV,D,20130218,000000,4.7,4.7,4.7,4.7,0,0
BCI_MV,D,20130219,000000,4.94,4.94,4.94,4.94,0,0
BCI_MV,D,20130220,000000,4.94,4.94,4.94,4.94,0,0
BCI_MV,D,20130221,000000,5.06,5.06,5.06,5.06,0,0
BCI_MV,D,20130222,000000,5.06,5.06,5.06,5.06,0,0
BCI_MV,D,20130227,000000,5.06,5.06,5.06,5.06,0,0
BCI_MV,D,20130228,000000,5,5.12,5,5.12,0,0
BCI_MV,D,20130301,000000,5.12,5.9,5.12,5.48,0,0
BCI_MV,D,20130304,000000,5.78,5.78,5.3,5.78,0,0
BCI_MV,D,20130307,000000,5.48,5.48,5.48,5.48,0,0
BCI_MV,D,20130312,000000,5.12,5.12,5.12,5.12,0,0
BCI_MV,D,20130313,000000,4.76,5.24,4.76,5.24,0,0
BCI_MV,D,20130318,000000,5.24,5.24,4.76,4.76,0,0
BCI_MV,D,20130319,000000,4.88,4.88,4.88,4.88,0,0
BCI_MV,D,20130320,000000,4.88,4.88,4.88,4.88,0,0
BCI_MV,D,20130321,000000,4.88,4.88,4.88,4.88,0,0
BCI_MV,D,20130322,000000,4.88,5.54,4.88,5.54,0,0
BCI_MV,D,20130325,000000,6.39,6.39,6.39,6.39,0,0
BCI_MV,D,20130409,000000,4.64,5.48,4.64,5.48,0,0
BCI_MV,D,20130412,000000,6.27,6.27,6.27,6.27,0,0
BCI_MV,D,20130415,000000,4.94,4.94,4.94,4.94,0,0
BCI_MV,D,20130419,000000,5.06,5.06,4.58,4.82,0,0
BCI_MV,D,20130423,000000,4.22,4.22,4.22,4.22,0,0
BCI_MV,D,20130424,000000,4.7,4.7,4.7,4.7,0,0
BCI_MV,D,20130426,000000,3.92,3.92,3.86,3.86,0,0
BCI_MV,D,20130429,000000,3.55,4.04,3.55,4.04,0,0
BCI_MV,D,20130430,000000,3.98,3.98,3.92,3.92,0,0
BCI_MV,D,20130506,000000,4.1,4.1,3.92,3.92,0,0
BCI_MV,D,20130510,000000,3.98,3.98,3.98,3.98,0,0
BCI_MV,D,20130514,000000,3.98,3.98,3.98,3.98,0,0
BCI_MV,D,20130515,000000,4.1,4.1,3.62,3.62,0,0
BCI_MV,D,20130516,000000,3.31,3.68,3.31,3.68,0,0
BCI_MV,D,20130517,000000,3.68,3.68,3.68,3.68,0,0
BCI_MV,D,20130520,000000,3.25,3.49,3.25,3.49,0,0
BCI_MV,D,20130523,000000,3.13,3.13,2.59,2.89,0,0
BCI_MV,D,20130524,000000,2.71,2.71,2.71,2.71,0,0
BCI_MV,D,20130527,000000,2.65,2.65,2.23,2.23,0,0
BCI_MV,D,20130528,000000,2.29,2.65,2.29,2.65,0,0
BCI_MV,D,20130529,000000,2.35,2.71,2.35,2.71,0,0
BCI_MV,D,20130531,000000,2.47,2.47,2.17,2.41,0,0
BCI_MV,D,20130603,000000,2.11,2.17,2.11,2.17,0,0
BCI_MV,D,20130604,000000,1.99,1.99,1.81,1.81,0,0
BCI_MV,D,20130605,000000,1.99,1.99,1.99,1.99,0,0
BCI_MV,D,20130606,000000,1.63,1.75,1.57,1.75,0,0
BCI_MV,D,20130607,000000,2.05,2.05,2.05,2.05,0,0
BCI_MV,D,20130611,000000,2.29,2.29,2.29,2.29,0,0
BCI_MV,D,20130612,000000,1.99,2.17,1.99,2.17,0,0
BCI_MV,D,20130618,000000,1.99,1.99,1.99,1.99,0,0
BCI_MV,D,20130619,000000,1.87,1.87,1.87,1.87,0,0
BCI_MV,D,20130627,000000,1.69,1.69,1.69,1.69,0,0
BCI_MV,D,20130628,000000,1.63,1.63,1.63,1.63,0,0
BCI_MV,D,20130701,000000,1.69,1.69,1.69,1.69,0,0
BCI_MV,D,20130702,000000,1.63,1.63,1.57,1.57,0,0
BCI_MV,D,20130704,000000,1.33,1.33,1.33,1.33,0,0
BCI_MV,D,20130805,000000,1.02,1.02,1.02,1.02,0,0
BCI_MV,D,20130809,000000,0.96,0.96,0.96,0.96,0,0
BCI_MV,D,20130813,000000,1.21,1.21,1.21,1.21,0,0
BCI_MV,D,20130819,000000,1.21,1.21,1.21,1.21,0,0
BCI_MV,D,20130820,000000,1.45,1.45,1.45,1.45,0,0
BCI_MV,D,20130821,000000,1.81,1.81,1.81,1.81,0,0
BCI_MV,D,20130823,000000,1.87,1.87,1.87,1.87,0,0
BCI_MV,D,20130904,000000,1.81,1.81,1.81,1.81,0,0
BCI_MV,D,20130905,000000,1.81,1.81,1.81,1.81,0,0
BCI_MV,D,20130910,000000,1.81,1.81,1.81,1.81,0,0
BCI_MV,D,20130911,000000,1.81,1.87,1.81,1.87,0,0
BCI_MV,D,20130913,000000,1.87,2.41,1.87,2.41,0,0
BCI_MV,D,20130916,000000,2.65,2.65,2.65,2.65,0,0
BCI_MV,D,20130918,000000,2.65,2.95,2.65,2.95,0,0
BCI_MV,D,20130919,000000,2.89,3.01,2.89,3.01,0,0
BCI_MV,D,20130920,000000,3.01,3.62,2.53,2.71,0,0
BCI_MV,D,20130923,000000,3.25,3.86,2.41,3.01,0,0
BCI_MV,D,20130924,000000,3.74,4.4,3.74,4.4,0,0
BCI_MV,D,20130925,000000,4.94,5.9,4.94,5.9,0,0
BCI_MV,D,20130926,000000,6.33,7.59,6.33,7.59,0,0
BCI_MV,D,20130927,000000,7.65,10.85,7.65,9.1,0,0
BCI_MV,D,20130930,000000,9.34,11.21,9.04,11.15,0,0
BCI_MV,D,20131001,000000,12.65,15.06,10.24,14.76,0,0
BCI_MV,D,20131002,000000,14.76,21.03,14.46,19.88,0,0
BCI_MV,D,20131003,000000,20.49,23.2,16.81,22.6,0,0
BCI_MV,D,20131004,000000,22.23,24.1,19.28,19.28,0,0
BCI_MV,D,20131007,000000,19.28,21.51,17.23,19.58,0,0
BCI_MV,D,20131008,000000,19.22,20.43,16.57,16.57,0,0
BCI_MV,D,20131009,000000,18.98,18.98,17.47,18.68,0,0
BCI_MV,D,20131010,000000,16.39,19.04,15.06,18.68,0,0
BCI_MV,D,20131011,000000,18.5,18.5,16.75,16.75,0,0
BCI_MV,D,20131014,000000,16.63,18.56,15.49,18.08,0,0
BCI_MV,D,20131015,000000,18.02,18.08,16.33,17.83,0,0
BCI_MV,D,20131016,000000,17.41,17.65,16.87,17.65,0,0
BCI_MV,D,20131017,000000,16.87,17.47,15.06,15.61,0,0
BCI_MV,D,20131018,000000,15.85,17.59,14.16,17.23,0,0
BCI_MV,D,20131021,000000,17.47,18.5,15.67,17.83,0,0
BCI_MV,D,20131022,000000,16.45,17.65,15.67,17.47,0,0
BCI_MV,D,20131023,000000,15.73,17.41,15.67,15.67,0,0
BCI_MV,D,20131024,000000,15.67,17.41,15.67,16.57,0,0
BCI_MV,D,20131025,000000,16.87,17.41,13.5,14.76,0,0
BCI_MV,D,20131028,000000,14.94,15.67,14.46,14.82,0,0
BCI_MV,D,20131029,000000,15.97,17.11,15.91,17.05,0,0
BCI_MV,D,20131030,000000,16.93,18.02,15.67,18.02,0,0
BCI_MV,D,20131031,000000,16.87,18.5,16.87,18.5,0,0
BCI_MV,D,20131104,000000,18.5,20.97,18.08,19.82,0,0
BCI_MV,D,20131105,000000,19.7,23.38,18.68,20.49,0,0
BCI_MV,D,20131106,000000,18.74,19.88,18.26,19.52,0,0
BCI_MV,D,20131107,000000,18.38,19.88,17.59,19.88,0,0
BCI_MV,D,20131108,000000,20.31,27.11,19.88,24.22,0,0
BCI_MV,D,20131112,000000,25.31,36.39,25.31,35.49,0,0
BCI_MV,D,20131113,000000,35.37,40.61,30.25,35.55,0,0
BCI_MV,D,20131114,000000,35.43,35.55,32.24,35.43,0,0
BCI_MV,D,20131115,000000,32.84,33.62,28.98,31.33,0,0
BCI_MV,D,20131118,000000,30.73,31.33,29.22,31.33,0,0
BCI_MV,D,20131119,000000,28.98,34.77,28.98,33.44,0,0
BCI_MV,D,20131120,000000,33.08,33.74,30.43,32.54,0,0
BCI_MV,D,20131121,000000,30.25,32.66,30.19,31.75,0,0
BCI_MV,D,20131122,000000,31.69,31.75,29.04,31.45,0,0
BCI_MV,D,20131125,000000,33.8,36.54,20.88,20.88,0,0
BCI_MV,D,20131126,000000,20.55,23.49,18.92,21.73,0,0
BCI_MV,D,20131127,000000,22.06,24.08,21.66,23.16,0,0
BCI_MV,D,20131128,000000,22.84,26.69,22.84,24.8,0,0
BCI_MV,D,20131129,000000,24.8,26.62,22.9,26.62,0,0
BCI_MV,D,20131202,000000,26.75,30.34,26.75,27.41,0,0
BCI_MV,D,20131203,000000,27.41,28.06,26.1,27.41,0,0
BCI_MV,D,20131204,000000,27.21,27.21,24.14,26.1,0,0
BCI_MV,D,20131205,000000,26.75,26.75,25.45,25.45,0,0
BCI_MV,D,20131206,000000,23.88,24.93,22.19,24.93,0,0
BCI_MV,D,20131209,000000,22.64,30.02,22.64,26.75,0,0
BCI_MV,D,20131210,000000,26.75,27.93,24.8,24.8,0,0
BCI_MV,D,20131211,000000,23.88,25.91,22.97,25.91,0,0
BCI_MV,D,20131212,000000,23.03,24.67,21.53,21.79,0,0
BCI_MV,D,20131213,000000,22.77,22.77,21.53,21.53,0,0
BCI_MV,D,20131216,000000,23.16,23.62,21.53,21.53,0,0
BCI_MV,D,20131217,000000,21.34,22.84,20.29,20.88,0,0
BCI_MV,D,20131218,000000,19.58,105.11,19.58,105.11,0,0
BCI_MV,D,20131219,000000,104.79,117.08,104.79,106.4,0,0
BCI_MV,D,20131220,000000,106.4,111.58,100.26,106.4,0,0
BCI_MV,D,20131223,000000,100.26,128.09,98.97,128.09,0,0
BCI_MV,D,20131227,000000,136.46,136.46,117.21,128.93,0,0
BCI_MV,D,20131230,000000,125.58,138.55,125.58,135.62,0,0
BCI_MV,D,20140102,000000,133.95,150.69,133.95,145.67,0,0
BCI_MV,D,20140103,000000,161.58,161.58,136.04,136.04,0,0
BCI_MV,D,20140107,000000,144,159.07,144,150.69,0,0
BCI_MV,D,20140108,000000,146.51,150.69,138.14,149.86,0,0
BCI_MV,D,20140109,000000,145.25,158.65,136.88,151.11,0,0
BCI_MV,D,20140110,000000,146.51,150.69,132.28,139.81,0,0
BCI_MV,D,20140113,000000,141.9,150.27,133.95,142.32,0,0
BCI_MV,D,20140114,000000,142.32,145.25,128.09,141.9,0,0
BCI_MV,D,20140115,000000,141.9,145.67,136.46,136.46,0,0
BCI_MV,D,20140116,000000,138.14,138.55,135.62,135.62,0,0
BCI_MV,D,20140117,000000,138.14,144,129.76,137.3,0,0
BCI_MV,D,20140120,000000,137.3,146.51,133.95,144.41,0,0
BCI_MV,D,20140121,000000,138.14,147.34,133.95,133.95,0,0
BCI_MV,D,20140122,000000,140.65,143.58,125.58,137.3,0,0
BCI_MV,D,20140123,000000,131.86,131.86,123.48,129.35,0,0
BCI_MV,D,20140124,000000,125.58,125.58,118.04,125.58,0,0
BCI_MV,D,20140127,000000,125.58,133.11,125.58,128.93,0,0
BCI_MV,D,20140128,000000,128.51,143.16,128.51,131.86,0,0
BCI_MV,D,20140129,000000,129.76,140.65,117.21,133.53,0,0
BCI_MV,D,20140130,000000,136.04,142.32,133.11,140.23,0,0
BCI_MV,D,20140131,000000,141.07,144.41,135.62,135.62,0,0
BCI_MV,D,20140203,000000,133.11,134.37,117.62,117.62,0,0
BCI_MV,D,20140204,000000,125.58,126.83,115.53,123.07,0,0
BCI_MV,D,20140205,000000,120.55,127.25,120.55,125.58,0,0
BCI_MV,D,20140206,000000,121.39,125.16,113.44,121.39,0,0
BCI_MV,D,20140207,000000,121.39,133.53,115.95,133.53,0,0
BCI_MV,D,20140210,000000,138.14,143.16,133.95,141.9,0,0
BCI_MV,D,20140211,000000,139.39,139.39,120.97,120.97,0,0
BCI_MV,D,20140212,000000,121.39,123.07,115.53,119.72,0,0
BCI_MV,D,20140213,000000,122.23,122.23,113.44,119.72,0,0
BCI_MV,D,20140214,000000,118.88,122.23,113.02,122.23,0,0
BCI_MV,D,20140217,000000,123.07,132.69,121.39,124.74,0,0
BCI_MV,D,20140218,000000,123.48,125.58,115.11,117.21,0,0
BCI_MV,D,20140219,000000,117.62,118.88,113.44,113.86,0,0
BCI_MV,D,20140220,000000,114.28,130.6,111.35,129.35,0,0
BCI_MV,D,20140221,000000,121.39,128.51,121.39,127.25,0,0
BCI_MV,D,20140224,000000,127.25,127.25,108.83,108.83,0,0
BCI_MV,D,20140225,000000,109.25,123.9,109.25,117.21,0,0
BCI_MV,D,20140226,000000,116.37,123.48,113.86,119.3,0,0
BCI_MV,D,20140227,000000,113.02,115.11,109.25,113.86,0,0
BCI_MV,D,20140228,000000,117.21,117.21,102.97,102.97,0,0
BCI_MV,D,20140303,000000,102.97,104.65,96.28,103.81,0,0
BCI_MV,D,20140304,000000,100.46,113.86,94.18,108.83,0,0
BCI_MV,D,20140305,000000,104.65,125.58,104.65,115.53,0,0
BCI_MV,D,20140306,000000,123.48,136.02,111.76,136.02,0,0
BCI_MV,D,20140307,000000,146.04,150.4,142.56,148.66,0,0
BCI_MV,D,20140310,000000,152.58,207.51,152.58,205.77,0,0
BCI_MV,D,20140311,000000,206.2,223.64,191.82,196.18,0,0
BCI_MV,D,20140312,000000,196.18,213.62,165.66,174.38,0,0
BCI_MV,D,20140313,000000,163.92,180.92,163.48,170.02,0,0
BCI_MV,D,20140314,000000,170.02,186.15,163.92,173.51,0,0
BCI_MV,D,20140317,000000,180.05,180.05,161.3,174.38,0,0
BCI_MV,D,20140318,000000,177,183.1,174.38,182.66,0,0
BCI_MV,D,20140319,000000,182.23,182.23,163.48,165.66,0,0
BCI_MV,D,20140320,000000,156.94,174.82,156.94,174.82,0,0
BCI_MV,D,20140321,000000,177.87,181.79,177,181.79,0,0
BCI_MV,D,20140324,000000,181.36,181.36,173.07,176.12,0,0
BCI_MV,D,20140325,000000,170.46,178.3,168.71,175.69,0,0
BCI_MV,D,20140326,000000,175.69,175.69,166.1,173.07,0,0
BCI_MV,D,20140327,000000,173.07,182.66,170.02,174.38,0,0
BCI_MV,D,20140328,000000,170.46,176.56,165.66,176.56,0,0
BCI_MV,D,20140331,000000,176.56,178.3,167.84,178.3,0,0
BCI_MV,D,20140401,000000,180.05,180.48,174.38,180.48,0,0
BCI_MV,D,20140402,000000,180.48,180.48,170.02,174.38,0,0
BCI_MV,D,20140403,000000,180.05,180.05,170.02,174.38,0,0
BCI_MV,D,20140404,000000,172.64,174.38,165.66,173.07,0,0
BCI_MV,D,20140407,000000,169.58,183.1,168.71,183.1,0,0
BCI_MV,D,20140408,000000,183.54,186.59,181.36,186.59,0,0
BCI_MV,D,20140409,000000,190.51,200.1,190.51,199.67,0,0
BCI_MV,D,20140410,000000,196.18,200.1,187.89,196.18,0,0
BCI_MV,D,20140411,000000,191.82,199.23,191.82,198.79,0,0
BCI_MV,D,20140414,000000,187.46,187.46,167.84,187.46,0,0
BCI_MV,D,20140415,000000,191.82,191.82,191.38,191.38,0,0
BCI_MV,D,20140416,000000,178.74,191.38,178.74,191.38,0,0
BCI_MV,D,20140417,000000,190.95,191.38,190.95,190.95,0,0
BCI_MV,D,20140422,000000,185.71,190.95,185.71,188.33,0,0
BCI_MV,D,20140424,000000,181.36,187.02,180.92,187.02,0,0
BCI_MV,D,20140425,000000,186.59,186.59,170.02,170.02,0,0
BCI_MV,D,20140428,000000,180.48,180.48,170.02,174.38,0,0
BCI_MV,D,20140430,000000,170.89,173.94,170.89,173.94,0,0
BCI_MV,D,20140502,000000,180.48,180.48,170.89,180.48,0,0
BCI_MV,D,20140506,000000,170.89,174.38,167.84,174.38,0,0
BCI_MV,D,20140507,000000,170.02,178.3,161.3,177.87,0,0
BCI_MV,D,20140508,000000,177.43,186.59,175.69,180.92,0,0
BCI_MV,D,20140509,000000,186.15,186.15,180.92,180.92,0,0
BCI_MV,D,20140512,000000,174.38,179.18,174.38,179.18,0,0
BCI_MV,D,20140513,000000,178.74,178.74,176.56,176.56,0,0
BCI_MV,D,20140514,000000,176.12,176.56,170.46,176.56,0,0
BCI_MV,D,20140515,000000,158.25,165.23,146.92,162.17,0,0
BCI_MV,D,20140516,000000,148.22,154.76,145.17,154.33,0,0
BCI_MV,D,20140519,000000,146.04,146.04,141.68,143.86,0,0
BCI_MV,D,20140520,000000,139.94,147.79,139.94,147.79,0,0
BCI_MV,D,20140521,000000,146.04,146.04,146.04,146.04,0,0
BCI_MV,D,20140522,000000,137.32,145.61,132.96,145.61,0,0
BCI_MV,D,20140526,000000,135.58,138.63,130.79,130.79,0,0
BCI_MV,D,20140527,000000,137.76,137.76,130.35,134.71,0,0
BCI_MV,D,20140528,000000,129.48,132.96,128.61,132.53,0,0
BCI_MV,D,20140529,000000,135.58,142.99,134.71,142.99,0,0
BCI_MV,D,20140530,000000,147.35,148.22,137.32,148.22,0,0
BCI_MV,D,20140602,000000,139.5,152.58,135.14,136.02,0,0
BCI_MV,D,20140603,000000,142.56,142.56,133.4,137.32,0,0
BCI_MV,D,20140604,000000,140.81,142.99,140.81,142.99,0,0
BCI_MV,D,20140605,000000,142.12,142.12,137.32,141.25,0,0
BCI_MV,D,20140606,000000,140.38,141.68,140.38,141.68,0,0
BCI_MV,D,20140609,000000,137.32,146.87,137.32,146.87,0,0
BCI_MV,D,20140610,000000,145.51,145.51,145.51,145.51,0,0
BCI_MV,D,20140611,000000,137.83,137.83,126.53,126.53,0,0
BCI_MV,D,20140612,000000,126.98,140.09,126.98,140.09,0,0
BCI_MV,D,20140613,000000,142.35,142.35,134.66,141.89,0,0
BCI_MV,D,20140616,000000,137.83,141.89,137.83,141.89,0,0
BCI_MV,D,20140617,000000,136.02,141.44,136.02,141.44,0,0
BCI_MV,D,20140618,000000,141.44,141.44,141.44,141.44,0,0
BCI_MV,D,20140620,000000,141.44,141.44,141.44,141.44,0,0
BCI_MV,D,20140623,000000,135.57,141.44,135.57,135.57,0,0
BCI_MV,D,20140624,000000,135.57,135.57,135.57,135.57,0,0
BCI_MV,D,20140625,000000,135.57,135.57,135.57,135.57,0,0
BCI_MV,D,20140626,000000,135.57,135.57,128.79,135.12,0,0
BCI_MV,D,20140627,000000,126.98,134.21,126.53,134.21,0,0
BCI_MV,D,20140630,000000,121.11,136.92,117.94,136.02,0,0
BCI_MV,D,20140702,000000,127.43,139.63,127.43,127.43,0,0
BCI_MV,D,20140703,000000,131.05,131.05,131.05,131.05,0,0
BCI_MV,D,20140704,000000,126.53,131.05,126.53,131.05,0,0
BCI_MV,D,20140707,000000,123.82,133.31,123.82,133.31,0,0
BCI_MV,D,20140709,000000,126.98,133.31,125.17,125.17,0,0
BCI_MV,D,20140714,000000,126.53,143.7,126.53,133.31,0,0
BCI_MV,D,20140715,000000,133.76,139.63,133.31,139.63,0,0
BCI_MV,D,20140716,000000,135.57,135.57,126.98,135.57,0,0
BCI_MV,D,20140717,000000,131.5,131.5,131.5,131.5,0,0
BCI_MV,D,20140718,000000,131.05,139.63,131.05,139.63,0,0
BCI_MV,D,20140721,000000,138.73,138.73,127.89,135.57,0,0
BCI_MV,D,20140722,000000,135.57,139.18,126.53,139.18,0,0
BCI_MV,D,20140723,000000,138.73,139.18,135.57,137.83,0,0
BCI_MV,D,20140724,000000,137.83,137.83,131.5,134.66,0,0
BCI_MV,D,20140725,000000,135.12,135.12,135.12,135.12,0,0
BCI_MV,D,20140728,000000,135.12,135.12,135.12,135.12,0,0
BCI_MV,D,20140729,000000,128.79,134.21,126.53,134.21,0,0
BCI_MV,D,20140731,000000,132.86,132.86,118.4,132.86,0,0
BCI_MV,D,20140801,000000,122.46,126.53,122.46,126.53,0,0
BCI_MV,D,20140804,000000,122.01,122.01,106.19,108.45,0,0
BCI_MV,D,20140805,000000,108.45,110.71,108.45,110.71,0,0
BCI_MV,D,20140806,000000,100.32,110.71,86.76,92.64,0,0
BCI_MV,D,20140807,000000,90.83,96.25,90.83,96.25,0,0
BCI_MV,D,20140808,000000,93.99,96.25,93.99,94.9,0,0
BCI_MV,D,20140811,000000,96.25,96.71,93.54,94.9,0,0
BCI_MV,D,20140812,000000,93.54,94.9,93.09,94.9,0,0
BCI_MV,D,20140813,000000,92.64,95.35,92.64,94.9,0,0
BCI_MV,D,20140814,000000,95.35,98.96,93.09,98.96,0,0
BCI_MV,D,20140818,000000,96.25,104.39,94.9,104.39,0,0
BCI_MV,D,20140819,000000,103.48,123.82,103.48,121.11,0,0
BCI_MV,D,20140820,000000,121.11,121.11,121.11,121.11,0,0
BCI_MV,D,20140821,000000,111.62,117.49,111.17,117.04,0,0
BCI_MV,D,20140822,000000,117.04,117.04,110.71,116.14,0,0
BCI_MV,D,20140825,000000,110.71,110.71,97.16,106.65,0,0
BCI_MV,D,20140826,000000,101.22,111.62,101.22,109.36,0,0
BCI_MV,D,20140827,000000,106.19,108,104.39,106.19,0,0
BCI_MV,D,20140828,000000,106.65,106.65,92.64,98.51,0,0
BCI_MV,D,20140829,000000,84.5,101.22,84.5,101.22,0,0
BCI_MV,D,20140901,000000,99.42,99.42,91.28,92.64,0,0
BCI_MV,D,20140902,000000,94.9,103.94,93.54,103.48,0,0
BCI_MV,D,20140903,000000,101.68,101.68,97.16,100.77,0,0
BCI_MV,D,20140904,000000,100.32,100.32,82.24,82.24,0,0
BCI_MV,D,20140905,000000,87.67,90.83,85.86,90.83,0,0
BCI_MV,D,20140908,000000,90.38,90.83,84.96,89.93,0,0
BCI_MV,D,20140909,000000,89.02,89.47,83.15,89.02,0,0
BCI_MV,D,20140910,000000,83.6,85.86,81.34,83.15,0,0
BCI_MV,D,20140911,000000,83.15,85.41,80.44,83.6,0,0
BCI_MV,D,20140912,000000,83.15,85.86,81.34,85.86,0,0
BCI_MV,D,20140915,000000,83.6,85.41,81.34,85.41,0,0
BCI_MV,D,20140916,000000,84.96,85.86,83.6,85.86,0,0
BCI_MV,D,20140917,000000,82.24,85.86,82.24,85.86,0,0
BCI_MV,D,20140918,000000,85.86,85.86,85.86,85.86,0,0
BCI_MV,D,20140919,000000,85.86,86.76,84.05,86.76,0,0
BCI_MV,D,20140922,000000,86.31,86.76,83.6,86.76,0,0
BCI_MV,D,20140924,000000,84.05,85.41,83.15,85.41,0,0
BCI_MV,D,20140925,000000,83.15,85.86,81.34,85.41,0,0
BCI_MV,D,20140926,000000,84.5,85.41,84.05,85.41,0,0
BCI_MV,D,20140929,000000,84.96,84.96,82.24,84.5,0,0
BCI_MV,D,20140930,000000,82.24,82.24,77.73,81.34,0,0
BCI_MV,D,20141001,000000,78.18,80.89,75.47,75.47,0,0
BCI_MV,D,20141002,000000,73.21,73.21,52.42,58.29,0,0
BCI_MV,D,20141003,000000,61.01,67.78,58.75,65.07,0,0
BCI_MV,D,20141006,000000,65.07,76.82,65.07,72.3,0,0
BCI_MV,D,20141007,000000,75.01,75.01,67.78,74.56,0,0
BCI_MV,D,20141008,000000,72.75,72.75,72.75,72.75,0,0
BCI_MV,D,20141009,000000,67.78,70.04,64.62,70.04,0,0
BCI_MV,D,20141010,000000,64.62,64.62,60.55,61.01,0,0
BCI_MV,D,20141013,000000,58.75,62.36,57.39,62.36,0,0
BCI_MV,D,20141014,000000,62.36,62.36,55.13,57.39,0,0
BCI_MV,D,20141015,000000,56.94,56.94,51.06,51.06,0,0
BCI_MV,D,20141016,000000,50.61,51.52,50.61,51.52,0,0
BCI_MV,D,20141017,000000,54.23,54.23,48.8,51.97,0,0
BCI_MV,D,20141020,000000,49.71,50.61,49.71,50.61,0,0
BCI_MV,D,20141021,000000,51.52,61.01,49.26,61.01,0,0
BCI_MV,D,20141022,000000,61.46,67.33,56.94,56.94,0,0
BCI_MV,D,20141023,000000,59.65,59.65,54.68,58.29,0,0
BCI_MV,D,20141024,000000,58.75,59.65,58.75,59.65,0,0
BCI_MV,D,20141027,000000,57.39,60.55,55.58,60.55,0,0
BCI_MV,D,20141028,000000,59.65,62.36,59.65,62.36,0,0
BCI_MV,D,20141029,000000,58.29,61.46,58.29,58.75,0,0
BCI_MV,D,20141030,000000,58.75,61.91,58.29,61.91,0,0
BCI_MV,D,20141031,000000,61.91,62.36,59.2,62.36,0,0
BCI_MV,D,20141103,000000,62.81,67.33,61.46,66.43,0,0
BCI_MV,D,20141104,000000,65.98,66.43,61.91,63.26,0,0
BCI_MV,D,20141105,000000,61.91,70.5,61.91,68.69,0,0
BCI_MV,D,20141106,000000,67.78,68.69,65.52,68.69,0,0
BCI_MV,D,20141107,000000,64.17,65.52,62.81,63.26,0,0
BCI_MV,D,20141110,000000,65.52,65.52,57.84,61.01,0,0
BCI_MV,D,20141112,000000,57.84,63.72,57.84,58.75,0,0
BCI_MV,D,20141113,000000,62.81,62.81,58.29,61.46,0,0
BCI_MV,D,20141114,000000,61.01,61.91,60.1,61.91,0,0
BCI_MV,D,20141117,000000,59.65,61.01,58.29,60.1,0,0
BCI_MV,D,20141118,000000,60.1,60.1,49.26,57.39,0,0
BCI_MV,D,20141119,000000,57.39,57.39,54.23,57.39,0,0
BCI_MV,D,20141120,000000,57.39,57.39,57.39,57.39,0,0
BCI_MV,D,20141121,000000,57.39,57.39,53.32,57.39,0,0
BCI_MV,D,20141124,000000,58.29,61.46,54.68,58.75,0,0
BCI_MV,D,20141125,000000,61.01,61.91,60.55,61.46,0,0
BCI_MV,D,20141126,000000,56.49,61.01,56.49,61.01,0,0
BCI_MV,D,20141127,000000,61.01,61.91,61.01,61.91,0,0
BCI_MV,D,20141128,000000,61.91,61.91,56.49,60.55,0,0
BCI_MV,D,20141201,000000,57.39,58.75,55.58,58.29,0,0
BCI_MV,D,20141202,000000,54.23,58.75,54.23,58.29,0,0
BCI_MV,D,20141203,000000,54.23,58.29,54.23,57.84,0,0
BCI_MV,D,20141204,000000,56.49,57.84,56.49,57.84,0,0
BCI_MV,D,20141205,000000,53.78,58.75,53.78,58.75,0,0
BCI_MV,D,20141208,000000,58.29,58.75,54.68,58.75,0,0
BCI_MV,D,20141209,000000,55.13,58.29,53.32,58.29,0,0
BCI_MV,D,20141210,000000,54.23,56.03,50.16,55.58,0,0
BCI_MV,D,20141211,000000,54.23,54.23,51.52,51.52,0,0
BCI_MV,D,20141212,000000,51.06,51.52,43.38,50.61,0,0
BCI_MV,D,20141215,000000,49.71,49.71,42.03,48.35,0,0
BCI_MV,D,20141216,000000,45.64,53.78,44.74,44.74,0,0
BCI_MV,D,20141217,000000,44.74,44.74,42.93,44.74,0,0
BCI_MV,D,20141218,000000,44.74,44.74,44.74,44.74,0,0
BCI_MV,D,20141219,000000,42.48,49.71,42.48,49.26,0,0
BCI_MV,D,20141222,000000,49.71,49.71,46.09,48.8,0,0
BCI_MV,D,20141223,000000,48.8,48.8,43.83,47.9,0,0
BCI_MV,D,20141229,000000,43.83,48.8,42.48,47,0,0
BCI_MV,D,20141230,000000,42.93,49.71,42.93,47,0,0
BCI_MV,D,20150102,000000,43.83,48.8,43.83,47.45,0,0
BCI_MV,D,20150105,000000,47.45,48.35,42.48,47.45,0,0
BCI_MV,D,20150107,000000,47,47,39.77,46.54,0,0
BCI_MV,D,20150108,000000,46.54,49.71,46.54,48.8,0,0
BCI_MV,D,20150109,000000,44.29,48.35,44.29,47.45,0,0
BCI_MV,D,20150112,000000,49.26,58.75,45.64,47.9,0,0
BCI_MV,D,20150113,000000,50.61,50.61,42.93,46.09,0,0
BCI_MV,D,20150114,000000,46.54,47,42.93,44.29,0,0
BCI_MV,D,20150115,000000,45.19,46.09,42.03,43.83,0,0
BCI_MV,D,20150116,000000,42.48,45.19,42.03,42.93,0,0
BCI_MV,D,20150119,000000,42.03,43.38,40.67,42.03,0,0
BCI_MV,D,20150120,000000,42.48,42.48,39.77,42.03,0,0
BCI_MV,D,20150121,000000,41.57,42.93,37.06,40.22,0,0
BCI_MV,D,20150122,000000,37.96,41.57,35.7,37.06,0,0
BCI_MV,D,20150123,000000,38.86,42.03,34.8,36.15,0,0
BCI_MV,D,20150126,000000,33.89,37.06,33.89,36.15,0,0
BCI_MV,D,20150127,000000,36.15,36.15,31.63,32.99,0,0
BCI_MV,D,20150128,000000,33.44,38.41,31.18,36.15,0,0
BCI_MV,D,20150129,000000,36.15,46.54,36.15,41.12,0,0
BCI_MV,D,20150130,000000,40.67,40.67,33.89,33.89,0,0
BCI_MV,D,20150202,000000,33.89,38.41,33.89,37.96,0,0
BCI_MV,D,20150203,000000,37.96,39.31,36.15,38.86,0,0
BCI_MV,D,20150204,000000,38.41,38.41,34.8,37.96,0,0
BCI_MV,D,20150205,000000,34.8,37.51,34.8,37.06,0,0
BCI_MV,D,20150206,000000,35.25,36.6,34.8,36.6,0,0
BCI_MV,D,20150209,000000,35.25,36.6,33.89,33.89,0,0
BCI_MV,D,20150210,000000,34.34,35.7,31.63,33.44,0,0
BCI_MV,D,20150211,000000,31.63,33.44,31.63,32.99,0,0
BCI_MV,D,20150212,000000,32.08,32.99,31.63,31.63,0,0
BCI_MV,D,20150213,000000,31.63,32.99,30.73,32.54,0,0
BCI_MV,D,20150216,000000,32.54,33.44,30.73,32.54,0,0
BCI_MV,D,20150217,000000,32.08,32.54,30.73,31.63,0,0
BCI_MV,D,20150218,000000,30.73,31.63,29.82,31.18,0,0
BCI_MV,D,20150219,000000,31.18,31.63,31.18,31.18,0,0
BCI_MV,D,20150220,000000,31.18,31.63,31.18,31.18,0,0
BCI_MV,D,20150223,000000,29.82,31.63,29.82,29.82,0,0
BCI_MV,D,20150224,000000,30.73,35.7,28.47,34.34,0,0
BCI_MV,D,20150225,000000,35.7,35.7,31.63,31.63,0,0
BCI_MV,D,20150226,000000,32.08,32.08,32.08,32.08,0,0
BCI_MV,D,20150227,000000,29.82,31.63,29.82,31.18,0,0
BCI_MV,D,20150302,000000,29.37,31.18,29.37,31.18,0,0
BCI_MV,D,20150303,000000,29.37,31.18,29.37,29.82,0,0
BCI_MV,D,20150304,000000,29.37,32.08,28.47,30.28,0,0
BCI_MV,D,20150305,000000,28.92,31.63,27.11,28.47,0,0
BCI_MV,D,20150306,000000,28.02,29.82,27.11,28.47,0,0
BCI_MV,D,20150309,000000,27.57,29.37,27.57,28.47,0,0
BCI_MV,D,20150310,000000,26.21,28.92,26.21,28.92,0,0
BCI_MV,D,20150311,000000,27.57,34.8,26.21,31.63,0,0
BCI_MV,D,20150312,000000,29.37,29.82,28.02,29.82,0,0
BCI_MV,D,20150313,000000,28.02,29.37,28.02,29.37,0,0
BCI_MV,D,20150316,000000,28.02,28.47,27.11,28.47,0,0
BCI_MV,D,20150317,000000,27.57,28.47,25.31,26.21,0,0
BCI_MV,D,20150318,000000,28.02,28.92,25.76,27.11,0,0
BCI_MV,D,20150319,000000,27.57,32.08,27.57,30.73,0,0
BCI_MV,D,20150320,000000,32.08,32.08,27.57,28.92,0,0
BCI_MV,D,20150323,000000,29.37,29.37,26.66,28.02,0,0
BCI_MV,D,20150324,000000,28.02,28.92,25.31,28.92,0,0
BCI_MV,D,20150325,000000,28.92,32.99,28.92,31.63,0,0
BCI_MV,D,20150326,000000,32.08,40.67,31.63,40.67,0,0
BCI_MV,D,20150327,000000,40.67,58.29,40.67,58.29,0,0
BCI_MV,D,20150330,000000,71.85,85.86,71.85,85.86,0,0
BCI_MV,D,20150331,000000,98.51,98.51,74.56,92.64,0,0
BCI_MV,D,20150401,000000,85.41,89.47,69.59,76.82,0,0
BCI_MV,D,20150402,000000,70.04,78.18,66.43,72.3,0,0
BCI_MV,D,20150407,000000,67.78,72.3,63.26,66.88,0,0
BCI_MV,D,20150408,000000,66.88,72.3,62.81,63.26,0,0
BCI_MV,D,20150409,000000,61.46,64.62,59.2,64.62,0,0
BCI_MV,D,20150410,000000,65.52,68.69,61.46,63.72,0,0
BCI_MV,D,20150413,000000,63.72,88.57,61.46,83.6,0,0
BCI_MV,D,20150414,000000,83.6,83.6,71.4,74.11,0,0
BCI_MV,D,20150415,000000,72.3,76.37,68.69,70.95,0,0
BCI_MV,D,20150416,000000,68.24,75.47,68.24,72.75,0,0
BCI_MV,D,20150417,000000,72.75,75.01,68.69,68.69,0,0
BCI_MV,D,20150420,000000,67.78,70.04,66.88,69.59,0,0
BCI_MV,D,20150421,000000,67.78,67.78,61.91,64.62,0,0
BCI_MV,D,20150422,000000,65.07,67.78,62.36,64.17,0,0
BCI_MV,D,20150423,000000,63.72,66.43,62.36,64.17,0,0
BCI_MV,D,20150424,000000,65.98,65.98,60.55,64.17,0,0
BCI_MV,D,20150427,000000,64.17,64.62,61.46,64.62,0,0
BCI_MV,D,20150428,000000,62.36,68.69,58.75,58.75,0,0
BCI_MV,D,20150429,000000,58.75,62.81,56.49,58.75,0,0
BCI_MV,D,20150430,000000,58.75,60.55,58.29,60.55,0,0
BCI_MV,D,20150504,000000,60.55,62.81,56.49,60.1,0,0
BCI_MV,D,20150505,000000,60.1,65.98,58.75,62.81,0,0
BCI_MV,D,20150506,000000,62.81,66.43,58.75,64.17,0,0
BCI_MV,D,20150507,000000,64.17,64.17,58.75,61.01,0,0
BCI_MV,D,20150508,000000,61.01,63.72,59.65,61.46,0,0
BCI_MV,D,20150511,000000,61.46,61.46,57.39,59.2,0,0
BCI_MV,D,20150512,000000,58.75,59.65,56.49,56.49,0,0
BCI_MV,D,20150513,000000,56.49,61.46,55.58,61.01,0,0
BCI_MV,D,20150514,000000,62.81,62.81,55.58,58.75,0,0
BCI_MV,D,20150515,000000,60.55,60.55,52.87,57.39,0,0
BCI_MV,D,20150518,000000,53.32,56.94,52.42,56.94,0,0
BCI_MV,D,20150519,000000,54.23,56.94,53.32,56.94,0,0
BCI_MV,D,20150520,000000,53.78,56.49,53.78,54.23,0,0
BCI_MV,D,20150521,000000,52.87,53.32,51.97,52.87,0,0
BCI_MV,D,20150522,000000,51.97,58.29,50.61,58.29,0,0
BCI_MV,D,20150525,000000,58.29,58.75,55.13,58.29,0,0
BCI_MV,D,20150526,000000,58.29,58.29,53.32,54.23,0,0
BCI_MV,D,20150527,000000,53.78,56.49,53.78,55.58,0,0
BCI_MV,D,20150528,000000,56.49,56.49,56.49,56.49,0,0
BCI_MV,D,20150529,000000,56.49,56.49,54.23,55.58,0,0
BCI_MV,D,20150601,000000,56.03,56.03,54.23,55.58,0,0
BCI_MV,D,20150602,000000,54.23,55.13,53.32,53.32,0,0
BCI_MV,D,20150603,000000,54.23,54.23,48.8,53.32,0,0
BCI_MV,D,20150605,000000,53.32,53.32,53.32,53.32,0,0
BCI_MV,D,20150608,000000,51.97,65.98,51.97,61.91,0,0
BCI_MV,D,20150609,000000,63.26,63.26,42.93,47.9,0,0
BCI_MV,D,20150610,000000,47.45,51.97,45.19,46.54,0,0
BCI_MV,D,20150611,000000,46.54,47.45,44.74,47,0,0
BCI_MV,D,20150612,000000,45.19,47,43.38,46.54,0,0
BCI_MV,D,20150615,000000,46.54,46.54,42.93,44.74,0,0
BCI_MV,D,20150616,000000,44.74,46.09,42.03,45.64,0,0
BCI_MV,D,20150617,000000,45.19,45.19,36.15,42.03,0,0
BCI_MV,D,20150618,000000,43.38,43.83,40.67,40.67,0,0
BCI_MV,D,20150619,000000,40.67,42.48,38.41,41.57,0,0
BCI_MV,D,20150622,000000,41.12,42.48,40.67,42.03,0,0
BCI_MV,D,20150623,000000,42.48,46.54,42.03,44.29,0,0
BCI_MV,D,20150624,000000,42.48,44.29,40.22,42.48,0,0
BCI_MV,D,20150625,000000,41.12,43.83,39.77,43.38,0,0
BCI_MV,D,20150626,000000,43.83,44.74,42.48,44.29,0,0
BCI_MV,D,20150629,000000,42.48,43.83,42.03,43.38,0,0
BCI_MV,D,20150630,000000,42.48,43.38,40.67,42.03,0,0
BCI_MV,D,20150701,000000,40.67,45.19,40.67,41.12,0,0
BCI_MV,D,20150702,000000,41.12,41.57,38.86,38.86,0,0
BCI_MV,D,20150703,000000,38.86,42.69,38.41,42.69,0,0
BCI_MV,D,20150706,000000,40.32,42.69,40.32,42.69,0,0
BCI_MV,D,20150707,000000,43.16,45.53,42.69,44.11,0,0
BCI_MV,D,20150708,000000,44.11,44.59,42.21,42.69,0,0
BCI_MV,D,20150709,000000,42.69,43.16,40.32,42.21,0,0
BCI_MV,D,20150710,000000,42.21,42.69,39.37,42.21,0,0
BCI_MV,D,20150713,000000,42.21,45.53,42.21,43.16,0,0
BCI_MV,D,20150714,000000,44.11,44.59,42.69,43.16,0,0
BCI_MV,D,20150715,000000,43.64,45.06,40.32,44.11,0,0
BCI_MV,D,20150716,000000,45.06,52.17,45.06,49.33,0,0
BCI_MV,D,20150717,000000,49.33,50.75,46.48,48.38,0,0
BCI_MV,D,20150720,000000,50.75,53.6,50.75,52.65,0,0
BCI_MV,D,20150721,000000,52.17,53.6,47.43,47.43,0,0
BCI_MV,D,20150722,000000,48.38,48.38,45.06,46.48,0,0
BCI_MV,D,20150723,000000,46.48,47.43,42.69,43.64,0,0
BCI_MV,D,20150724,000000,43.64,43.64,42.21,42.69,0,0
BCI_MV,D,20150727,000000,43.64,44.11,40.79,42.69,0,0
BCI_MV,D,20150728,000000,43.16,43.16,42.69,42.69,0,0
BCI_MV,D,20150729,000000,42.69,42.69,40.32,41.74,0,0
BCI_MV,D,20150730,000000,40.79,42.69,39.84,41.27,0,0
BCI_MV,D,20150731,000000,39.37,42.21,39.37,41.27,0,0
BCI_MV,D,20150803,000000,41.74,42.21,41.27,42.21,0,0
BCI_MV,D,20150804,000000,42.69,44.59,41.74,42.21,0,0
BCI_MV,D,20150805,000000,42.21,44.11,39.84,43.64,0,0
BCI_MV,D,20150806,000000,43.16,43.16,40.32,40.79,0,0
BCI_MV,D,20150807,000000,41.27,41.27,40.79,41.27,0,0
BCI_MV,D,20150810,000000,41.27,41.74,40.32,41.27,0,0
BCI_MV,D,20150811,000000,40.32,41.74,39.37,41.27,0,0
BCI_MV,D,20150812,000000,39.37,40.79,39.37,40.79,0,0
BCI_MV,D,20150813,000000,40.79,40.79,38.89,40.32,0,0
BCI_MV,D,20150814,000000,40.32,40.79,40.32,40.79,0,0
BCI_MV,D,20150817,000000,41.27,41.27,39.84,40.32,0,0
BCI_MV,D,20150818,000000,39.84,39.84,37.47,38.89,0,0
BCI_MV,D,20150819,000000,37.47,40.32,37.47,40.32,0,0
BCI_MV,D,20150820,000000,40.32,42.69,39.37,40.32,0,0
BCI_MV,D,20150821,000000,40.32,40.32,37.94,39.37,0,0
BCI_MV,D,20150824,000000,37.94,37.94,32.73,35.57,0,0
BCI_MV,D,20150825,000000,36.05,36.52,32.73,33.2,0,0
BCI_MV,D,20150826,000000,33.2,34.15,29.41,31.78,0,0
BCI_MV,D,20150827,000000,31.3,33.68,30.83,33.68,0,0
BCI_MV,D,20150828,000000,34.15,34.15,31.78,31.78,0,0
BCI_MV,D,20150831,000000,31.78,36.05,31.78,36.05,0,0
BCI_MV,D,20150901,000000,35.57,35.57,31.78,32.25,0,0
BCI_MV,D,20150902,000000,33.2,33.2,30.83,33.2,0,0
BCI_MV,D,20150903,000000,33.2,37.47,33.2,37.47,0,0
BCI_MV,D,20150904,000000,37.47,37.94,35.1,37,0,0
BCI_MV,D,20150907,000000,37,39.84,35.1,36.52,0,0
BCI_MV,D,20150908,000000,36.52,37,35.1,37,0,0
BCI_MV,D,20150909,000000,37,37,33.2,34.15,0,0
BCI_MV,D,20150910,000000,33.68,34.15,32.25,32.73,0,0
BCI_MV,D,20150911,000000,33.68,33.68,32.73,33.68,0,0
BCI_MV,D,20150914,000000,32.73,33.68,32.25,33.2,0,0
BCI_MV,D,20150915,000000,33.2,33.2,28.46,31.78,0,0
BCI_MV,D,20150916,000000,31.3,32.25,31.3,32.25,0,0
BCI_MV,D,20150917,000000,31.78,37,30.83,36.52,0,0
BCI_MV,D,20150918,000000,36.52,38.42,33.68,35.57,0,0
BCI_MV,D,20150921,000000,35.1,36.05,31.78,33.68,0,0
BCI_MV,D,20150922,000000,33.2,47.43,33.2,46.48,0,0
BCI_MV,D,20150923,000000,44.11,48.38,38.89,41.27,0,0
BCI_MV,D,20150924,000000,42.21,45.53,40.32,40.32,0,0
BCI_MV,D,20150925,000000,42.69,43.16,36.52,39.37,0,0
BCI_MV,D,20150928,000000,39.37,40.32,37.47,38.89,0,0
BCI_MV,D,20150929,000000,37,39.37,36.05,39.37,0,0
BCI_MV,D,20150930,000000,37.94,43.64,37.94,42.21,0,0
BCI_MV,D,20151001,000000,42.69,42.69,39.37,41.27,0,0
BCI_MV,D,20151002,000000,40.32,43.16,39.37,42.69,0,0
BCI_MV,D,20151005,000000,43.16,47.43,41.74,46.48,0,0
BCI_MV,D,20151006,000000,46.01,46.48,41.74,44.11,0,0
BCI_MV,D,20151007,000000,44.11,49.8,43.16,49.8,0,0
BCI_MV,D,20151008,000000,48.38,49.8,46.48,48.85,0,0
BCI_MV,D,20151009,000000,48.38,48.38,46.01,47.43,0,0
BCI_MV,D,20151012,000000,46.96,47.43,40.79,40.79,0,0
BCI_MV,D,20151013,000000,41.27,43.16,40.32,42.69,0,0
BCI_MV,D,20151014,000000,42.69,43.64,41.74,43.16,0,0
BCI_MV,D,20151015,000000,41.74,42.69,40.79,42.69,0,0
BCI_MV,D,20151016,000000,42.21,43.16,38.89,40.79,0,0
BCI_MV,D,20151019,000000,39.37,43.16,39.37,42.21,0,0
BCI_MV,D,20151020,000000,42.21,42.69,40.79,42.69,0,0
BCI_MV,D,20151021,000000,42.69,42.69,40.79,42.21,0,0
BCI_MV,D,20151022,000000,41.27,41.74,39.84,39.84,0,0
BCI_MV,D,20151023,000000,39.37,42.69,39.37,42.69,0,0
BCI_MV,D,20151026,000000,42.21,43.16,40.79,42.21,0,0
BCI_MV,D,20151027,000000,40.79,41.74,40.79,41.74,0,0
BCI_MV,D,20151028,000000,40.79,41.74,40.32,41.74,0,0
BCI_MV,D,20151029,000000,41.74,42.69,41.27,42.21,0,0
BCI_MV,D,20151030,000000,41.27,42.21,40.32,42.21,0,0
BCI_MV,D,20151102,000000,40.32,41.27,39.37,40.32,0,0
BCI_MV,D,20151103,000000,39.84,40.32,39.84,40.32,0,0
BCI_MV,D,20151104,000000,39.84,40.79,39.84,40.32,0,0
BCI_MV,D,20151105,000000,39.84,40.79,39.37,40.32,0,0
BCI_MV,D,20151106,000000,40.32,41.27,39.84,40.32,0,0
BCI_MV,D,20151109,000000,41.27,41.27,40.32,41.27,0,0
BCI_MV,D,20151110,000000,40.79,40.79,40.32,40.32,0,0
BCI_MV,D,20151112,000000,40.79,40.79,39.84,39.84,0,0
BCI_MV,D,20151113,000000,40.79,40.79,40.32,40.79,0,0
BCI_MV,D,20151116,000000,40.79,40.79,39.37,40.32,0,0
BCI_MV,D,20151117,000000,39.37,39.84,39.37,39.84,0,0
BCI_MV,D,20151118,000000,39.37,40.79,38.89,40.32,0,0
BCI_MV,D,20151119,000000,40.32,40.32,39.84,39.84,0,0
BCI_MV,D,20151120,000000,39.84,39.84,38.89,39.84,0,0
BCI_MV,D,20151123,000000,39.37,39.84,38.42,39.37,0,0
BCI_MV,D,20151124,000000,38.42,39.37,36.05,38.89,0,0
BCI_MV,D,20151125,000000,39.37,39.37,36.05,36.05,0,0
BCI_MV,D,20151126,000000,35.57,37,35.57,37,0,0
BCI_MV,D,20151127,000000,37,37.47,35.57,37.47,0,0
BCI_MV,D,20151130,000000,36.05,37.47,36.05,37.47,0,0
BCI_MV,D,20151201,000000,35.1,37,35.1,37,0,0
BCI_MV,D,20151202,000000,36.52,37,33.68,35.1,0,0
BCI_MV,D,20151203,000000,34.62,34.62,34.62,34.62,0,0
BCI_MV,D,20151204,000000,34.62,37,33.68,37,0,0
BCI_MV,D,20151207,000000,35.1,36.52,35.1,36.52,0,0
BCI_MV,D,20151208,000000,37,37.47,35.1,37.47,0,0
BCI_MV,D,20151209,000000,34.62,36.05,33.68,36.05,0,0
BCI_MV,D,20151210,000000,35.57,37,35.57,37,0,0
BCI_MV,D,20151211,000000,36.52,36.52,33.68,33.68,0,0
BCI_MV,D,20151214,000000,35.57,35.57,32.25,34.62,0,0
BCI_MV,D,20151215,000000,32.25,35.1,30.36,33.68,0,0
BCI_MV,D,20151216,000000,32.73,33.68,31.78,33.68,0,0
BCI_MV,D,20151217,000000,33.68,36.52,33.68,35.57,0,0
BCI_MV,D,20151218,000000,36.52,37,35.57,35.57,0,0
BCI_MV,D,20151221,000000,36.52,36.52,33.68,36.52,0,0
BCI_MV,D,20151222,000000,34.15,36.52,33.68,36.52,0,0
BCI_MV,D,20151223,000000,34.15,34.62,31.78,34.15,0,0
BCI_MV,D,20151228,000000,32.25,34.62,32.25,34.62,0,0
BCI_MV,D,20151229,000000,33.2,37,33.2,36.52,0,0
BCI_MV,D,20151230,000000,36.52,36.52,32.73,34.62,0,0
BCI_MV,D,20160104,000000,31.3,32.25,30.36,31.78,0,0
BCI_MV,D,20160105,000000,31.78,32.25,29.88,30.36,0,0
BCI_MV,D,20160107,000000,29.41,30.36,27.04,30.36,0,0
BCI_MV,D,20160108,000000,28.46,29.41,22.77,22.77,0,0
BCI_MV,D,20160111,000000,21.82,24.66,21.82,23.24,0,0
BCI_MV,D,20160112,000000,23.24,23.24,22.29,23.24,0,0
BCI_MV,D,20160113,000000,23.72,23.72,15.18,19.92,0,0
BCI_MV,D,20160114,000000,20.87,21.34,15.18,15.18,0,0
BCI_MV,D,20160115,000000,15.18,16.6,13.76,16.13,0,0
BCI_MV,D,20160118,000000,15.65,18.5,15.65,15.65,0,0
BCI_MV,D,20160119,000000,15.65,16.13,14.7,15.18,0,0
BCI_MV,D,20160120,000000,14.7,15.18,14.23,14.7,0,0
BCI_MV,D,20160121,000000,14.7,14.7,12.33,12.33,0,0
BCI_MV,D,20160122,000000,12.81,14.23,11.86,14.23,0,0
BCI_MV,D,20160125,000000,14.7,16.6,14.23,15.65,0,0
BCI_MV,D,20160126,000000,16.13,18.5,14.7,15.65,0,0
BCI_MV,D,20160127,000000,16.13,16.6,14.7,15.18,0,0
BCI_MV,D,20160128,000000,15.65,16.6,14.7,16.6,0,0
BCI_MV,D,20160129,000000,17.08,19.45,17.08,19.45,0,0
BCI_MV,D,20160201,000000,19.92,19.92,18.02,18.5,0,0
BCI_MV,D,20160202,000000,18.5,20.87,17.55,17.55,0,0
BCI_MV,D,20160203,000000,17.55,18.5,17.08,18.5,0,0
BCI_MV,D,20160204,000000,18.97,19.45,17.55,17.55,0,0
BCI_MV,D,20160205,000000,18.02,18.02,17.08,17.55,0,0
BCI_MV,D,20160208,000000,17.08,17.55,16.13,16.6,0,0
BCI_MV,D,20160209,000000,16.13,16.13,13.28,14.23,0,0
BCI_MV,D,20160210,000000,14.23,15.18,12.81,13.28,0,0
BCI_MV,D,20160211,000000,13.28,15.65,13.28,15.18,0,0
BCI_MV,D,20160212,000000,14.7,16.6,14.7,15.65,0,0
BCI_MV,D,20160215,000000,16.6,16.6,15.65,16.13,0,0
BCI_MV,D,20160216,000000,16.13,17.08,15.18,16.6,0,0
BCI_MV,D,20160218,000000,16.6,16.6,15.65,16.6,0,0
BCI_MV,D,20160219,000000,16.13,18.97,16.13,18.02,0,0
BCI_MV,D,20160222,000000,17.08,17.08,15.65,15.65,0,0
BCI_MV,D,20160223,000000,15.18,15.65,14.7,15.18,0,0
BCI_MV,D,20160224,000000,15.18,15.18,14.23,14.23,0,0
BCI_MV,D,20160225,000000,13.76,14.7,13.76,14.7,0,0
BCI_MV,D,20160226,000000,14.7,14.7,13.28,14.23,0,0
BCI_MV,D,20160229,000000,13.76,14.7,13.76,14.23,0,0
BCI_MV,D,20160301,000000,14.7,14.7,13.76,14.7,0,0
BCI_MV,D,20160302,000000,13.76,14.7,13.76,14.23,0,0
BCI_MV,D,20160303,000000,13.76,14.7,12.33,13.28,0,0
BCI_MV,D,20160304,000000,13.28,13.28,12.81,13.28,0,0
BCI_MV,D,20160307,000000,12.81,14.23,12.81,14.23,0,0
BCI_MV,D,20160308,000000,14.7,15.65,13.76,13.76,0,0
BCI_MV,D,20160309,000000,14.23,14.23,13.28,13.28,0,0
BCI_MV,D,20160310,000000,13.28,14.23,13.28,13.76,0,0
BCI_MV,D,20160311,000000,13.76,16.13,13.76,15.18,0,0
BCI_MV,D,20160314,000000,15.65,16.13,14.7,14.7,0,0
BCI_MV,D,20160315,000000,14.7,15.18,14.23,14.23,0,0
BCI_MV,D,20160316,000000,14.23,14.23,13.28,14.23,0,0
BCI_MV,D,20160317,000000,14.23,14.7,14.23,14.7,0,0
BCI_MV,D,20160318,000000,14.7,15.65,14.7,15.18,0,0
BCI_MV,D,20160321,000000,15.18,15.18,14.23,14.23,0,0
BCI_MV,D,20160322,000000,14.7,15.18,13.76,14.23,0,0
BCI_MV,D,20160323,000000,14.23,14.7,14.23,14.23,0,0
BCI_MV,D,20160324,000000,13.76,14.23,13.28,13.76,0,0
BCI_MV,D,20160329,000000,13.76,14.7,13.76,14.7,0,0
BCI_MV,D,20160330,000000,15.18,16.6,14.7,15.18,0,0
BCI_MV,D,20160331,000000,15.18,17.08,14.23,17.08,0,0
BCI_MV,D,20160401,000000,17.08,17.08,16.13,16.6,0,0
BCI_MV,D,20160404,000000,16.6,16.6,16.13,16.6,0,0
BCI_MV,D,20160405,000000,16.13,18.02,15.65,18.02,0,0
BCI_MV,D,20160406,000000,18.02,18.02,16.6,16.6,0,0
BCI_MV,D,20160407,000000,16.6,17.08,15.65,15.65,0,0
BCI_MV,D,20160408,000000,15.65,15.65,14.7,15.18,0,0
BCI_MV,D,20160411,000000,15.18,18.38,14.23,18.38,0,0
BCI_MV,D,20160412,000000,18.38,19.53,17.8,18.95,0,0
BCI_MV,D,20160413,000000,18.38,18.95,17.8,18.38,0,0
BCI_MV,D,20160414,000000,17.8,18.38,17.23,17.23,0,0
BCI_MV,D,20160415,000000,17.23,17.8,16.66,17.23,0,0
BCI_MV,D,20160418,000000,16.66,17.8,16.66,16.66,0,0
BCI_MV,D,20160419,000000,16.66,17.23,16.08,16.66,0,0
BCI_MV,D,20160420,000000,16.66,17.8,16.08,17.23,0,0
BCI_MV,D,20160421,000000,17.23,17.23,16.08,16.08,0,0
BCI_MV,D,20160422,000000,16.08,16.66,14.93,16.08,0,0
BCI_MV,D,20160425,000000,15.51,16.66,15.51,16.08,0,0
BCI_MV,D,20160426,000000,16.08,16.08,15.51,15.51,0,0
BCI_MV,D,20160427,000000,16.08,17.23,15.51,16.66,0,0
BCI_MV,D,20160428,000000,16.66,17.23,16.08,16.66,0,0
BCI_MV,D,20160429,000000,16.66,17.23,16.08,17.23,0,0
BCI_MV,D,20160502,000000,16.66,17.23,16.66,17.23,0,0
BCI_MV,D,20160504,000000,17.23,18.38,16.08,17.8,0,0
BCI_MV,D,20160505,000000,17.23,17.8,16.66,16.66,0,0
BCI_MV,D,20160506,000000,16.66,17.23,16.66,17.23,0,0
BCI_MV,D,20160509,000000,17.23,17.23,16.66,17.23,0,0
BCI_MV,D,20160510,000000,17.23,17.23,16.66,17.23,0,0
BCI_MV,D,20160511,000000,16.66,16.66,16.08,16.66,0,0
BCI_MV,D,20160512,000000,16.66,16.66,16.08,16.66,0,0
BCI_MV,D,20160513,000000,16.66,16.66,16.08,16.66,0,0
BCI_MV,D,20160516,000000,16.66,16.66,16.08,16.66,0,0
BCI_MV,D,20160517,000000,16.08,16.66,15.51,16.08,0,0
BCI_MV,D,20160518,000000,16.08,16.66,16.08,16.08,0,0
BCI_MV,D,20160519,000000,15.51,16.08,15.51,15.51,0,0
BCI_MV,D,20160520,000000,15.51,16.08,14.93,16.08,0,0
BCI_MV,D,20160523,000000,15.51,16.08,12.63,13.21,0,0
BCI_MV,D,20160524,000000,13.21,14.93,12.63,14.36,0,0
BCI_MV,D,20160525,000000,14.36,14.36,13.21,14.36,0,0
BCI_MV,D,20160527,000000,13.78,13.78,12.63,13.78,0,0
BCI_MV,D,20160530,000000,13.21,13.78,12.06,13.21,0,0
BCI_MV,D,20160531,000000,12.63,12.63,12.06,12.63,0,0
BCI_MV,D,20160601,000000,12.06,13.78,11.49,13.21,0,0
BCI_MV,D,20160602,000000,13.21,13.21,12.63,13.21,0,0
BCI_MV,D,20160603,000000,13.21,13.21,12.06,13.21,0,0
BCI_MV,D,20160606,000000,12.63,13.21,11.49,11.49,0,0
BCI_MV,D,20160607,000000,12.63,12.63,12.06,12.63,0,0
BCI_MV,D,20160608,000000,12.63,16.66,12.63,16.08,0,0
BCI_MV,D,20160609,000000,16.08,16.08,14.36,14.36,0,0
BCI_MV,D,20160610,000000,14.36,14.36,13.21,13.78,0,0
BCI_MV,D,20160613,000000,13.21,14.93,13.21,13.78,0,0
BCI_MV,D,20160614,000000,14.36,14.93,13.78,14.36,0,0
BCI_MV,D,20160615,000000,13.78,14.36,13.78,14.36,0,0
BCI_MV,D,20160616,000000,13.21,13.78,12.06,12.63,0,0
BCI_MV,D,20160617,000000,12.63,13.78,12.63,12.63,0,0
BCI_MV,D,20160620,000000,13.21,13.78,13.21,13.78,0,0
BCI_MV,D,20160621,000000,13.78,13.78,13.21,13.78,0,0
BCI_MV,D,20160622,000000,13.78,13.78,13.21,13.78,0,0
BCI_MV,D,20160623,000000,13.78,13.78,13.21,13.78,0,0
BCI_MV,D,20160624,000000,12.06,13.21,12.06,12.63,0,0
BCI_MV,D,20160627,000000,12.06,12.63,12.06,12.63,0,0
BCI_MV,D,20160628,000000,12.63,12.63,12.06,12.06,0,0
BCI_MV,D,20160629,000000,12.06,12.63,12.06,12.06,0,0
BCI_MV,D,20160630,000000,12.06,12.06,11.49,12.06,0,0
BCI_MV,D,20160701,000000,12.63,12.63,12.63,12.63,0,0
BCI_MV,D,20160704,000000,12.06,12.06,12.06,12.06,0,0
BCI_MV,D,20160705,000000,12.63,13.21,12.63,12.63,0,0
BCI_MV,D,20160706,000000,12.06,12.63,11.49,11.49,0,0
BCI_MV,D,20160707,000000,11.49,12.06,10.91,12.06,0,0
BCI_MV,D,20160708,000000,11.49,11.49,10.91,11.49,0,0
BCI_MV,D,20160711,000000,11.49,11.49,10.91,11.49,0,0
BCI_MV,D,20160712,000000,11.49,12.06,10.91,11.49,0,0
BCI_MV,D,20160713,000000,11.49,11.49,9.76,10.91,0,0
BCI_MV,D,20160714,000000,10.91,10.91,10.34,10.91,0,0
BCI_MV,D,20160715,000000,10.34,10.91,9.76,10.34,0,0
BCI_MV,D,20160718,000000,10.34,10.34,9.19,9.19,0,0
BCI_MV,D,20160719,000000,9.76,10.34,9.76,9.76,0,0
BCI_MV,D,20160720,000000,10.34,10.34,9.76,9.76,0,0
BCI_MV,D,20160721,000000,9.76,10.34,9.19,9.19,0,0
BCI_MV,D,20160722,000000,9.76,9.76,8.04,9.19,0,0
BCI_MV,D,20160725,000000,9.19,9.19,8.61,9.19,0,0
BCI_MV,D,20160726,000000,8.61,9.19,8.61,9.19,0,0
BCI_MV,D,20160727,000000,8.61,8.61,7.47,7.47,0,0
BCI_MV,D,20160728,000000,7.47,7.47,6.32,6.89,0,0
BCI_MV,D,20160729,000000,6.89,7.47,6.32,7.47,0,0
BCI_MV,D,20160801,000000,6.89,7.47,6.89,6.89,0,0
BCI_MV,D,20160802,000000,6.89,7.47,6.32,7.47,0,0
BCI_MV,D,20160803,000000,6.89,7.47,6.32,6.89,0,0
BCI_MV,D,20160804,000000,6.89,7.47,6.32,7.47,0,0
BCI_MV,D,20160805,000000,7.47,7.47,6.89,7.47,0,0
BCI_MV,D,20160808,000000,7.47,7.47,7.47,7.47,0,0
BCI_MV,D,20160809,000000,7.47,7.47,6.32,6.89,0,0
BCI_MV,D,20160810,000000,6.32,9.19,6.32,9.19,0,0
BCI_MV,D,20160811,000000,9.76,10.34,8.61,9.19,0,0
BCI_MV,D,20160812,000000,9.19,10.34,9.19,9.76,0,0
BCI_MV,D,20160816,000000,10.34,10.34,9.19,9.19,0,0
BCI_MV,D,20160817,000000,9.19,9.76,8.61,9.76,0,0
BCI_MV,D,20160818,000000,9.76,9.76,8.04,8.61,0,0
BCI_MV,D,20160819,000000,9.19,9.76,9.19,9.19,0,0
BCI_MV,D,20160822,000000,9.19,9.76,8.61,9.19,0,0
BCI_MV,D,20160823,000000,8.61,9.19,8.04,8.04,0,0
BCI_MV,D,20160824,000000,8.04,8.61,8.04,8.61,0,0
BCI_MV,D,20160825,000000,8.04,8.61,6.89,7.47,0,0
BCI_MV,D,20160826,000000,7.47,7.47,7.47,7.47,0,0
BCI_MV,D,20160829,000000,7.47,7.47,6.89,7.47,0,0
BCI_MV,D,20160830,000000,8.04,8.04,6.89,7.47,0,0
BCI_MV,D,20160831,000000,7.47,8.04,6.89,7.47,0,0
BCI_MV,D,20160901,000000,6.89,7.47,6.89,7.47,0,0
BCI_MV,D,20160902,000000,7.47,7.47,6.32,7.47,0,0
BCI_MV,D,20160905,000000,6.89,7.47,6.32,6.89,0,0
BCI_MV,D,20160906,000000,6.89,6.89,5.74,5.74,0,0
BCI_MV,D,20160907,000000,6.32,6.89,5.74,6.32,0,0
BCI_MV,D,20160908,000000,6.89,6.89,5.74,5.74,0,0
BCI_MV,D,20160909,000000,5.74,6.32,5.74,6.32,0,0
BCI_MV,D,20160912,000000,6.32,6.32,6.32,6.32,0,0
BCI_MV,D,20160913,000000,6.32,6.32,5.74,6.32,0,0
BCI_MV,D,20160914,000000,6.32,7.47,6.32,6.89,0,0
BCI_MV,D,20160915,000000,7.47,7.47,6.32,6.89,0,0
BCI_MV,D,20160916,000000,6.89,7.47,6.89,6.89,0,0
BCI_MV,D,20160919,000000,7.47,8.04,6.89,6.89,0,0
BCI_MV,D,20160920,000000,7.47,8.04,6.89,7.47,0,0
BCI_MV,D,20160921,000000,7.47,8.04,7.47,8.04,0,0
BCI_MV,D,20160922,000000,8.04,8.04,7.47,7.47,0,0
BCI_MV,D,20160923,000000,7.47,7.47,6.89,6.89,0,0
BCI_MV,D,20160926,000000,6.89,7.47,6.32,7.47,0,0
BCI_MV,D,20160927,000000,6.89,7.47,6.32,6.89,0,0
BCI_MV,D,20160928,000000,6.32,7.47,6.32,6.89,0,0
BCI_MV,D,20160929,000000,6.32,7.47,6.32,6.89,0,0
BCI_MV,D,20160930,000000,7.47,8.61,6.89,8.61,0,0
BCI_MV,D,20161003,000000,8.61,9.19,8.04,8.61,0,0
BCI_MV,D,20161004,000000,8.04,8.61,8.04,8.04,0,0
BCI_MV,D,20161005,000000,8.04,8.61,8.04,8.61,0,0
BCI_MV,D,20161006,000000,7.47,8.04,6.89,8.04,0,0
BCI_MV,D,20161007,000000,8.04,8.04,6.89,6.89,0,0
BCI_MV,D,20161010,000000,7.47,7.47,6.89,7.47,0,0
BCI_MV,D,20161011,000000,7.47,7.47,6.32,7.47,0,0
BCI_MV,D,20161012,000000,7.47,7.47,6.89,7.47,0,0
BCI_MV,D,20161013,000000,6.89,7.47,6.32,6.89,0,0
BCI_MV,D,20161014,000000,6.89,8.04,6.89,7.47,0,0
BCI_MV,D,20161017,000000,7.47,7.47,6.89,7.47,0,0
BCI_MV,D,20161018,000000,7.47,7.47,6.89,7.47,0,0
BCI_MV,D,20161019,000000,7.47,7.47,6.89,7.47,0,0
BCI_MV,D,20161020,000000,6.89,7.47,6.32,7.47,0,0
BCI_MV,D,20161021,000000,6.89,7.47,6.32,7.47,0,0
BCI_MV,D,20161024,000000,6.89,7.47,6.32,7.47,0,0
BCI_MV,D,20161025,000000,7.47,7.47,6.32,6.32,0,0
BCI_MV,D,20161026,000000,6.89,7.47,6.32,7.47,0,0
BCI_MV,D,20161027,000000,6.89,6.89,6.32,6.89,0,0
BCI_MV,D,20161028,000000,6.32,6.89,6.32,6.32,0,0
BCI_MV,D,20161031,000000,6.89,6.89,6.32,6.89,0,0
BCI_MV,D,20161102,000000,6.89,8.04,6.89,7.47,0,0
BCI_MV,D,20161103,000000,7.47,7.47,6.89,6.89,0,0
BCI_MV,D,20161104,000000,6.89,7.47,6.32,6.89,0,0
BCI_MV,D,20161107,000000,7.47,7.47,6.32,7.47,0,0
BCI_MV,D,20161108,000000,6.89,6.89,6.32,6.89,0,0
BCI_MV,D,20161109,000000,6.32,6.89,6.32,6.89,0,0
BCI_MV,D,20161110,000000,6.32,6.89,6.32,6.89,0,0
BCI_MV,D,20161114,000000,6.32,6.89,5.74,6.32,0,0
BCI_MV,D,20161115,000000,6.32,6.89,5.74,6.89,0,0
BCI_MV,D,20161116,000000,6.32,6.89,6.32,6.89,0,0
BCI_MV,D,20161117,000000,6.32,6.89,5.74,6.89,0,0
BCI_MV,D,20161118,000000,6.32,6.89,5.74,6.32,0,0
BCI_MV,D,20161121,000000,5.74,6.89,5.74,6.89,0,0
BCI_MV,D,20161122,000000,6.32,6.89,6.32,6.89,0,0
BCI_MV,D,20161123,000000,6.89,6.89,6.89,6.89,0,0
BCI_MV,D,20161124,000000,6.32,6.89,5.74,6.89,0,0
BCI_MV,D,20161125,000000,6.32,6.32,5.74,6.32,0,0
BCI_MV,D,20161128,000000,6.89,6.89,6.32,6.32,0,0
BCI_MV,D,20161129,000000,6.32,6.32,5.74,5.74,0,0
BCI_MV,D,20161130,000000,6.32,6.32,5.74,6.32,0,0
BCI_MV,D,20161201,000000,6.32,6.32,5.74,5.74,0,0
BCI_MV,D,20161202,000000,5.74,6.89,5.74,6.89,0,0
BCI_MV,D,20161205,000000,6.32,6.89,6.32,6.89,0,0
BCI_MV,D,20161206,000000,6.89,6.89,6.32,6.32,0,0
BCI_MV,D,20161207,000000,6.32,6.89,5.74,6.89,0,0
BCI_MV,D,20161208,000000,6.89,6.89,6.32,6.32,0,0
BCI_MV,D,20161209,000000,6.32,6.89,5.74,5.74,0,0
BCI_MV,D,20161212,000000,5.74,6.32,5.74,6.32,0,0
BCI_MV,D,20161213,000000,5.74,6.32,5.74,5.74,0,0
BCI_MV,D,20161214,000000,5.74,6.32,5.74,5.74,0,0
BCI_MV,D,20161215,000000,5.74,5.74,5.74,5.74,0,0
BCI_MV,D,20161216,000000,5.74,5.74,5.17,5.74,0,0
BCI_MV,D,20161219,000000,5.17,5.74,5.17,5.17,0,0
BCI_MV,D,20161220,000000,5.17,5.74,5.17,5.74,0,0
BCI_MV,D,20161221,000000,5.17,5.74,5.17,5.74,0,0
BCI_MV,D,20161222,000000,5.74,5.74,5.17,5.74,0,0
BCI_MV,D,20161223,000000,5.17,5.74,5.17,5.74,0,0
BCI_MV,D,20161227,000000,5.17,5.74,5.17,5.74,0,0
BCI_MV,D,20161228,000000,5.17,5.74,5.17,5.74,0,0
BCI_MV,D,20161229,000000,5.17,5.74,5.17,5.17,0,0
BCI_MV,D,20161230,000000,5.74,5.74,5.17,5.17,0,0
BCI_MV,D,20170102,000000,5.74,6.89,5.74,6.89,0,0
BCI_MV,D,20170103,000000,6.89,6.89,5.74,6.89,0,0
BCI_MV,D,20170104,000000,6.89,6.89,6.32,6.89,0,0
BCI_MV,D,20170105,000000,6.32,6.89,5.74,6.32,0,0
BCI_MV,D,20170109,000000,6.89,6.89,5.74,6.32,0,0
BCI_MV,D,20170110,000000,6.32,6.32,5.74,6.32,0,0
BCI_MV,D,20170111,000000,5.74,6.32,5.74,6.32,0,0
BCI_MV,D,20170112,000000,5.74,6.32,5.74,6.32,0,0
BCI_MV,D,20170113,000000,6.32,6.32,5.17,6.32,0,0
BCI_MV,D,20170116,000000,5.74,5.74,5.17,5.74,0,0
BCI_MV,D,20170117,000000,5.74,5.74,5.74,5.74,0,0
BCI_MV,D,20170118,000000,5.74,5.74,5.17,5.74,0,0
BCI_MV,D,20170119,000000,5.74,6.32,5.74,5.74,0,0
BCI_MV,D,20170120,000000,6.32,6.32,5.74,6.32,0,0
BCI_MV,D,20170124,000000,5.74,6.32,5.17,6.32,0,0
BCI_MV,D,20170125,000000,5.74,5.74,5.17,5.74,0,0
BCI_MV,D,20170126,000000,5.17,5.74,5.17,5.74,0,0
BCI_MV,D,20170127,000000,5.17,5.74,5.17,5.74,0,0
BCI_MV,D,20170130,000000,5.74,5.74,5.17,5.17,0,0
BCI_MV,D,20170131,000000,5.17,5.74,5.17,5.74,0,0
BCI_MV,D,20170201,000000,5.17,5.74,5.17,5.74,0,0
BCI_MV,D,20170202,000000,5.17,5.74,5.17,5.74,0,0
BCI_MV,D,20170203,000000,5.17,5.17,5.17,5.17,0,0
BCI_MV,D,20170206,000000,5.17,5.17,5.17,5.17,0,0
BCI_MV,D,20170207,000000,5.74,5.74,5.74,5.74,0,0
BCI_MV,D,20170208,000000,5.17,5.74,5.17,5.74,0,0
BCI_MV,D,20170209,000000,5.17,5.17,5.17,5.17,0,0
BCI_MV,D,20170210,000000,5.17,5.74,4.59,5.17,0,0
BCI_MV,D,20170213,000000,4.59,5.17,4.59,5.17,0,0
BCI_MV,D,20170214,000000,4.59,5.17,4.59,5.17,0,0
BCI_MV,D,20170215,000000,4.59,5.17,4.59,4.59,0,0
BCI_MV,D,20170216,000000,5.17,5.17,4.59,5.17,0,0
BCI_MV,D,20170217,000000,5.17,5.17,4.59,5.17,0,0
BCI_MV,D,20170220,000000,5.17,5.17,4.59,4.59,0,0
BCI_MV,D,20170221,000000,4.59,5.17,4.59,5.17,0,0
BCI_MV,D,20170222,000000,4.59,5.17,4.59,5.17,0,0
BCI_MV,D,20170223,000000,4.59,5.17,4.59,4.59,0,0
BCI_MV,D,20170224,000000,5.17,5.17,5.17,5.17,0,0
BCI_MV,D,20170227,000000,4.59,5.17,4.59,4.59,0,0
BCI_MV,D,20170228,000000,4.59,5.17,4.59,5.17,0,0
BCI_MV,D,20170301,000000,4.59,6.32,4.59,5.74,0,0
BCI_MV,D,20170302,000000,5.74,6.89,5.74,5.74,0,0
BCI_MV,D,20170303,000000,5.74,5.74,5.74,5.74,0,0
BCI_MV,D,20170306,000000,5.74,7.47,5.74,7.47,0,0
BCI_MV,D,20170307,000000,7.47,7.47,6.32,6.89,0,0
BCI_MV,D,20170308,000000,6.89,7.47,5.74,5.74,0,0
BCI_MV,D,20170309,000000,6.32,6.89,5.74,6.32,0,0
BCI_MV,D,20170310,000000,6.32,6.32,5.74,6.32,0,0
BCI_MV,D,20170313,000000,6.32,6.32,5.74,6.32,0,0
BCI_MV,D,20170314,000000,5.74,6.32,5.17,5.74,0,0
BCI_MV,D,20170315,000000,5.74,6.32,5.74,5.74,0,0
BCI_MV,D,20170316,000000,6.32,6.32,5.74,5.74,0,0
BCI_MV,D,20170317,000000,6.32,6.32,5.74,6.32,0,0
BCI_MV,D,20170320,000000,5.74,6.32,4.02,4.59,0,0
BCI_MV,D,20170321,000000,4.59,4.59,4.02,4.59,0,0
BCI_MV,D,20170322,000000,4.59,4.59,4.59,4.59,0,0
BCI_MV,D,20170323,000000,4.59,4.59,4.02,4.59,0,0
BCI_MV,D,20170324,000000,4.59,4.59,4.59,4.59,0,0
BCI_MV,D,20170327,000000,4.59,4.59,4.59,4.59,0,0
BCI_MV,D,20170328,000000,4.59,5.17,4.59,4.59,0,0
BCI_MV,D,20170329,000000,5.17,5.17,4.59,5.17,0,0
BCI_MV,D,20170330,000000,4.59,5.17,4.59,5.17,0,0
BCI_MV,D,20170331,000000,4.59,5.17,4.02,4.59,0,0
BCI_MV,D,20170403,000000,4.59,4.59,4.59,4.59,0,0
BCI_MV,D,20170404,000000,4.59,4.59,4.02,4.59,0,0
BCI_MV,D,20170405,000000,4.59,4.59,4.02,4.59,0,0
BCI_MV,D,20170406,000000,4.59,4.59,4.59,4.59,0,0
BCI_MV,D,20170407,000000,4.59,4.59,4.59,4.59,0,0
BCI_MV,D,20170410,000000,4.59,4.59,4.59,4.59,0,0
BCI_MV,D,20170411,000000,4.59,4.59,4.02,4.59,0,0
BCI_MV,D,20170412,000000,4.59,4.59,4.59,4.59,0,0
BCI_MV,D,20170413,000000,5.17,5.17,4.59,4.59,0,0
BCI_MV,D,20170418,000000,4.59,5.17,4.59,4.59,0,0
BCI_MV,D,20170419,000000,4.59,5.17,4.02,5.17,0,0
BCI_MV,D,20170420,000000,5.17,5.17,5.17,5.17,0,0
BCI_MV,D,20170421,000000,4.59,5.17,4.59,5.17,0,0
BCI_MV,D,20170424,000000,5.17,5.17,4.59,4.59,0,0
BCI_MV,D,20170425,000000,4.59,4.59,4.59,4.59,0,0
BCI_MV,D,20170426,000000,4.02,4.59,4.02,4.59,0,0
BCI_MV,D,20170428,000000,4.59,4.59,4.59,4.59,0,0
BCI_MV,D,20170502,000000,4.59,4.59,4.59,4.59,0,0
BCI_MV,D,20170504,000000,4.02,4.59,4.02,4.59,0,0
BCI_MV,D,20170505,000000,4.02,4.59,4.02,4.02,0,0
BCI_MV,D,20170508,000000,4.59,4.59,4.59,4.59,0,0
BCI_MV,D,20170509,000000,4.59,4.59,4.02,4.02,0,0
BCI_MV,D,20170510,000000,4.02,4.02,3.45,4.02,0,0
BCI_MV,D,20170511,000000,3.45,4.02,3.45,4.02,0,0
BCI_MV,D,20170512,000000,4.02,4.02,3.45,4.02,0,0
BCI_MV,D,20170515,000000,4.02,4.02,4.02,4.02,0,0
BCI_MV,D,20170516,000000,3.45,3.45,2.87,3.45,0,0
BCI_MV,D,20170517,000000,3.45,3.45,2.87,3.45,0,0
BCI_MV,D,20170518,000000,4.02,4.02,3.45,3.45,0,0
BCI_MV,D,20170519,000000,3.45,4.02,3.45,3.45,0,0
BCI_MV,D,20170522,000000,4.02,4.02,3.45,3.45,0,0
BCI_MV,D,20170523,000000,3.45,4.02,3.45,4.02,0,0
BCI_MV,D,20170524,000000,3.45,4.02,3.45,3.45,0,0
BCI_MV,D,20170525,000000,3.45,3.45,2.87,3.45,0,0
BCI_MV,D,20170526,000000,3.45,3.45,3.45,3.45,0,0
BCI_MV,D,20170529,000000,2.87,3.45,2.3,2.87,0,0
BCI_MV,D,20170530,000000,2.87,3.45,2.87,2.87,0,0
BCI_MV,D,20170531,000000,2.87,3.45,2.87,3.45,0,0
BCI_MV,D,20170601,000000,3.45,3.45,3.45,3.45,0,0
BCI_MV,D,20170602,000000,3.45,3.45,3.45,3.45,0,0
BCI_MV,D,20170605,000000,3.45,3.45,2.87,3.45,0,0
BCI_MV,D,20170606,000000,2.87,3.45,2.87,3.45,0,0
BCI_MV,D,20170608,000000,3.45,3.45,2.87,3.45,0,0
BCI_MV,D,20170609,000000,2.87,3.45,2.87,3.45,0,0
BCI_MV,D,20170612,000000,3.45,3.45,2.87,3.45,0,0
BCI_MV,D,20170613,000000,2.87,3.45,2.87,3.45,0,0
BCI_MV,D,20170614,000000,3.45,3.45,3.45,3.45,0,0
BCI_MV,D,20170616,000000,3.45,3.45,3.45,3.45,0,0
BCI_MV,D,20170619,000000,2.87,3.45,2.87,3.45,0,0
BCI_MV,D,20170620,000000,2.87,2.87,2.87,2.87,0,0
BCI_MV,D,20170621,000000,2.87,2.87,2.87,2.87,0,0
BCI_MV,D,20170622,000000,3.45,3.45,3.45,3.45,0,0
BCI_MV,D,20170623,000000,3.45,3.45,2.87,3.45,0,0
BCI_MV,D,20170626,000000,2.87,2.87,2.87,2.87,0,0
BCI_MV,D,20170627,000000,2.87,2.87,2.87,2.87,0,0
BCI_MV,D,20170628,000000,3.45,3.45,3.45,3.45,0,0
BCI_MV,D,20170629,000000,2.87,3.45,2.87,3.45,0,0
BCI_MV,D,20170703,000000,3.45,3.45,3.45,3.45,0,0
BCI_MV,D,20170706,000000,2.87,3.45,2.87,2.87,0,0
BCI_MV,D,20170707,000000,2.87,2.87,2.87,2.87,0,0
BCI_MV,D,20170710,000000,3.45,3.45,3.45,3.45,0,0
BCI_MV,D,20170711,000000,3.45,3.45,3.45,3.45,0,0
BCI_MV,D,20170712,000000,3.45,3.45,3.45,3.45,0,0
BCI_MV,D,20170713,000000,2.87,3.45,2.87,3.45,0,0
BCI_MV,D,20170714,000000,3.45,3.45,3.45,3.45,0,0
BCI_MV,D,20170717,000000,2.87,3.45,2.87,3.45,0,0
BCI_MV,D,20170718,000000,3.45,3.45,3.45,3.45,0,0
BCI_MV,D,20170719,000000,3.45,3.45,3.45,3.45,0,0
BCI_MV,D,20170720,000000,3.45,3.45,3.45,3.45,0,0
BCI_MV,D,20170721,000000,3.45,3.45,3.45,3.45,0,0
BCI_MV,D,20170724,000000,2.87,3.45,2.87,3.45,0,0
BCI_MV,D,20170725,000000,2.87,2.87,2.87,2.87,0,0
BCI_MV,D,20170726,000000,3.45,3.45,2.87,2.87,0,0
BCI_MV,D,20170727,000000,3.45,3.45,2.3,3.45,0,0
BCI_MV,D,20170731,000000,3.45,3.45,3.45,3.45,0,0
BCI_MV,D,20170801,000000,3.45,3.45,3.45,3.45,0,0
BCI_MV,D,20170802,000000,3.45,3.45,3.45,3.45,0,0
BCI_MV,D,20170803,000000,2.87,3.45,2.87,3.45,0,0
BCI_MV,D,20170804,000000,2.87,2.87,2.3,2.87,0,0
BCI_MV,D,20170807,000000,2.87,3.45,2.87,2.87,0,0
BCI_MV,D,20170808,000000,3.45,3.45,3.45,3.45,0,0
BCI_MV,D,20170809,000000,2.87,3.45,2.87,3.45,0,0
BCI_MV,D,20170810,000000,2.87,2.87,2.87,2.87,0,0
BCI_MV,D,20170811,000000,3.45,3.45,3.45,3.45,0,0
BCI_MV,D,20170816,000000,2.87,2.87,2.87,2.87,0,0
BCI_MV,D,20170817,000000,2.87,2.87,2.87,2.87,0,0
BCI_MV,D,20170821,000000,2.87,3.45,2.87,3.45,0,0
BCI_MV,D,20170822,000000,3.45,3.45,2.87,2.87,0,0
BCI_MV,D,20170823,000000,2.87,2.87,2.87,2.87,0,0
BCI_MV,D,20170824,000000,3.45,3.45,3.45,3.45,0,0
BCI_MV,D,20170825,000000,3.45,3.45,2.87,2.87,0,0
BCI_MV,D,20170828,000000,2.87,2.87,2.87,2.87,0,0
BCI_MV,D,20170829,000000,2.87,3.45,2.87,3.45,0,0
BCI_MV,D,20170831,000000,2.87,3.45,2.87,3.45,0,0
BCI_MV,D,20170901,000000,2.87,3.45,2.87,3.45,0,0
BCI_MV,D,20170904,000000,2.87,3.45,2.87,3.45,0,0
BCI_MV,D,20170907,000000,2.87,3.45,2.3,3.45,0,0
BCI_MV,D,20170908,000000,3.45,3.45,3.45,3.45,0,0
BCI_MV,D,20170911,000000,2.87,2.87,2.87,2.87,0,0
BCI_MV,D,20170912,000000,2.3,2.87,2.3,2.87,0,0
BCI_MV,D,20170914,000000,2.3,2.87,2.3,2.87,0,0
BCI_MV,D,20170915,000000,2.3,2.87,2.3,2.87,0,0
BCI_MV,D,20170918,000000,2.3,2.87,2.3,2.87,0,0
BCI_MV,D,20170919,000000,2.3,2.87,2.3,2.87,0,0
BCI_MV,D,20170921,000000,2.87,2.87,2.87,2.87,0,0
BCI_MV,D,20170922,000000,2.87,3.45,2.3,3.45,0,0
BCI_MV,D,20170925,000000,3.45,3.45,3.45,3.45,0,0
BCI_MV,D,20170926,000000,2.87,2.87,2.3,2.87,0,0
BCI_MV,D,20170928,000000,2.87,2.87,2.87,2.87,0,0
BCI_MV,D,20171002,000000,2.87,2.87,2.3,2.3,0,0
BCI_MV,D,20171003,000000,2.87,2.87,2.87,2.87,0,0
BCI_MV,D,20171004,000000,2.3,2.87,2.3,2.87,0,0
BCI_MV,D,20171005,000000,2.87,2.87,2.3,2.87,0,0
BCI_MV,D,20171006,000000,2.87,2.87,2.3,2.3,0,0
BCI_MV,D,20171009,000000,2.87,2.87,2.3,2.87,0,0
BCI_MV,D,20171010,000000,2.87,2.87,2.87,2.87,0,0
BCI_MV,D,20171011,000000,2.87,2.87,2.3,2.87,0,0
BCI_MV,D,20171012,000000,2.87,2.87,2.87,2.87,0,0
BCI_MV,D,20171017,000000,2.87,2.87,2.87,2.87,0,0
BCI_MV,D,20171018,000000,2.87,2.87,2.3,2.3,0,0
BCI_MV,D,20171019,000000,2.87,2.87,2.3,2.3,0,0
BCI_MV,D,20171020,000000,2.87,2.87,2.3,2.87,0,0
BCI_MV,D,20171023,000000,2.87,2.87,2.87,2.87,0,0
BCI_MV,D,20171024,000000,2.3,2.87,2.3,2.87,0,0
BCI_MV,D,20171025,000000,2.3,2.87,2.3,2.87,0,0
BCI_MV,D,20171026,000000,2.87,2.87,2.3,2.87,0,0
BCI_MV,D,20171027,000000,2.87,2.87,2.87,2.87,0,0
BCI_MV,D,20171030,000000,2.87,2.87,2.87,2.87,0,0
BCI_MV,D,20171031,000000,2.87,2.87,2.87,2.87,0,0
BCI_MV,D,20171102,000000,2.87,2.87,2.87,2.87,0,0
BCI_MV,D,20171103,000000,2.87,2.87,2.87,2.87,0,0
BCI_MV,D,20171106,000000,2.87,2.87,2.3,2.3,0,0
BCI_MV,D,20171107,000000,2.3,2.3,2.3,2.3,0,0
BCI_MV,D,20171108,000000,2.87,2.87,2.3,2.3,0,0
BCI_MV,D,20171109,000000,2.3,2.87,2.3,2.87,0,0
BCI_MV,D,20171110,000000,2.3,2.87,2.3,2.87,0,0
BCI_MV,D,20171113,000000,2.87,2.87,2.87,2.87,0,0
BCI_MV,D,20171114,000000,2.87,2.87,2.87,2.87,0,0
BCI_MV,D,20171115,000000,2.3,2.87,2.3,2.87,0,0
BCI_MV,D,20171116,000000,2.3,2.3,2.3,2.3,0,0
BCI_MV,D,20171117,000000,2.87,2.87,2.3,2.87,0,0
BCI_MV,D,20171120,000000,2.3,2.87,2.3,2.87,0,0
BCI_MV,D,20171121,000000,2.3,2.87,2.3,2.3,0,0
BCI_MV,D,20171122,000000,2.3,2.3,2.3,2.3,0,0
BCI_MV,D,20171123,000000,2.3,2.87,2.3,2.3,0,0
BCI_MV,D,20171124,000000,2.87,2.87,2.3,2.87,0,0
BCI_MV,D,20171128,000000,2.87,2.87,2.3,2.3,0,0
BCI_MV,D,20171129,000000,2.3,2.3,2.3,2.3,0,0
BCI_MV,D,20171201,000000,1.72,1.72,1.72,1.72,0,0
BCI_MV,D,20171204,000000,2.3,2.3,2.3,2.3,0,0
BCI_MV,D,20171205,000000,1.72,2.3,1.72,2.3,0,0
BCI_MV,D,20171206,000000,1.15,1.72,1.15,1.72,0,0
BCI_MV,D,20171207,000000,1.72,1.72,1.72,1.72,0,0
BCI_MV,D,20171208,000000,1.72,1.72,1.15,1.72,0,0
BCI_MV,D,20171211,000000,1.15,1.72,1.15,1.72,0,0
BCI_MV,D,20171212,000000,1.72,1.72,1.72,1.72,0,0
BCI_MV,D,20171213,000000,1.15,1.72,1.15,1.72,0,0
BCI_MV,D,20171214,000000,1.72,1.72,1.72,1.72,0,0
BCI_MV,D,20171215,000000,1.72,1.72,1.72,1.72,0,0
BCI_MV,D,20171218,000000,1.15,1.15,1.15,1.15,0,0
BCI_MV,D,20171219,000000,1.15,1.72,1.15,1.72,0,0
BCI_MV,D,20171220,000000,1.72,1.72,1.15,1.15,0,0
BCI_MV,D,20171221,000000,1.15,1.72,1.15,1.72,0,0
BCI_MV,D,20171222,000000,1.72,1.72,1.15,1.15,0,0
BCI_MV,D,20171227,000000,1.15,1.72,1.15,1.15,0,0
BCI_MV,D,20171228,000000,1.15,1.15,1.15,1.15,0,0
BCI_MV,D,20171229,000000,1.15,1.72,1.15,1.72,0,0
BCI_MV,D,20180103,000000,1.72,1.72,1.72,1.72,0,0
BCI_MV,D,20180108,000000,1.72,1.72,1.72,1.72,0,0
BCI_MV,D,20180110,000000,1.72,1.72,1.72,1.72,0,0
BCI_MV,D,20180111,000000,1.72,1.72,1.72,1.72,0,0
BCI_MV,D,20180112,000000,1.72,1.72,1.72,1.72,0,0
BCI_MV,D,20180115,000000,1.72,1.72,1.72,1.72,0,0
BCI_MV,D,20180116,000000,1.72,2.3,1.72,2.3,0,0
BCI_MV,D,20180117,000000,2.3,2.3,2.3,2.3,0,0
BCI_MV,D,20180118,000000,1.72,1.72,1.72,1.72,0,0
BCI_MV,D,20180119,000000,2.3,2.3,1.72,1.72,0,0
BCI_MV,D,20180122,000000,1.72,1.72,1.72,1.72,0,0
BCI_MV,D,20180123,000000,1.72,1.72,1.72,1.72,0,0
BCI_MV,D,20180125,000000,2.3,2.3,2.3,2.3,0,0
BCI_MV,D,20180126,000000,2.3,2.3,2.3,2.3,0,0
BCI_MV,D,20180129,000000,2.3,2.3,2.3,2.3,0,0
BCI_MV,D,20180130,000000,1.72,1.72,1.72,1.72,0,0
BCI_MV,D,20180131,000000,1.72,1.72,1.72,1.72,0,0
BCI_MV,D,20180201,000000,1.72,1.72,1.72,1.72,0,0
BCI_MV,D,20180202,000000,2.3,2.3,2.3,2.3,0,0
BCI_MV,D,20180205,000000,1.72,1.72,1.72,1.72,0,0
BCI_MV,D,20180206,000000,1.72,1.72,1.72,1.72,0,0
BCI_MV,D,20180207,000000,1.72,1.72,1.72,1.72,0,0
BCI_MV,D,20180208,000000,1.72,1.72,1.72,1.72,0,0
BCI_MV,D,20180209,000000,1.72,1.72,1.72,1.72,0,0
BCI_MV,D,20180212,000000,1.72,1.72,1.72,1.72,0,0
BCI_MV,D,20180213,000000,1.72,1.72,1.72,1.72,0,0
BCI_MV,D,20180214,000000,1.72,1.72,1.72,1.72,0,0
BCI_MV,D,20180215,000000,1.72,1.72,1.72,1.72,0,0
BCI_MV,D,20180216,000000,1.72,1.72,1.72,1.72,0,0
BCI_MV,D,20180223,000000,1.72,1.72,1.72,1.72,0,0
BCI_MV,D,20180226,000000,1.72,1.72,1.72,1.72,0,0
BCI_MV,D,20180227,000000,1.72,1.72,1.72,1.72,0,0
BCI_MV,D,20180228,000000,1.72,1.72,1.72,1.72,0,0
BCI_MV,D,20180301,000000,1.72,1.72,1.72,1.72,0,0
BCI_MV,D,20180302,000000,1.72,1.72,1.72,1.72,0,0
BCI_MV,D,20180305,000000,1.72,1.72,1.72,1.72,0,0
BCI_MV,D,20180306,000000,1.72,1.72,1.72,1.72,0,0
BCI_MV,D,20180307,000000,1.72,1.72,1.72,1.72,0,0
BCI_MV,D,20180309,000000,1.72,1.72,1.72,1.72,0,0
BCI_MV,D,20180312,000000,1.72,1.72,1.72,1.72,0,0
BCI_MV,D,20180313,000000,1.72,1.72,1.72,1.72,0,0
BCI_MV,D,20180315,000000,1.72,1.72,1.72,1.72,0,0
BCI_MV,D,20180316,000000,1.72,1.72,1.72,1.72,0,0
BCI_MV,D,20180319,000000,1.72,1.72,1.72,1.72,0,0
BCI_MV,D,20180320,000000,1.72,1.72,1.72,1.72,0,0
BCI_MV,D,20180321,000000,1.72,1.72,1.72,1.72,0,0
BCI_MV,D,20180322,000000,1.72,1.72,1.72,1.72,0,0
BCI_MV,D,20180323,000000,1.72,1.72,1.72,1.72,0,0
BCI_MV,D,20180326,000000,1.72,1.72,1.72,1.72,0,0
BCI_MV,D,20180327,000000,1.15,1.72,1.15,1.72,0,0
BCI_MV,D,20180328,000000,1.72,1.72,1.72,1.72,0,0
BCI_MV,D,20180329,000000,1.72,1.72,1.72,1.72,0,0
BCI_MV,D,20180403,000000,1.72,1.72,1.15,1.15,0,0
BCI_MV,D,20180406,000000,1.72,1.72,1.72,1.72,0,0
BCI_MV,D,20180409,000000,1.72,1.72,1.72,1.72,0,0
BCI_MV,D,20180410,000000,1.72,1.72,1.72,1.72,0,0
BCI_MV,D,20180411,000000,1.72,1.72,1.72,1.72,0,0
BCI_MV,D,20180412,000000,1.72,1.72,1.72,1.72,0,0
BCI_MV,D,20180413,000000,1.72,1.72,1.72,1.72,0,0
BCI_MV,D,20180416,000000,1.72,1.72,1.72,1.72,0,0
BCI_MV,D,20180417,000000,1.72,1.72,1.72,1.72,0,0
BCI_MV,D,20180418,000000,1.72,1.72,1.72,1.72,0,0
BCI_MV,D,20180419,000000,1.72,1.72,1.72,1.72,0,0
BCI_MV,D,20180420,000000,1.15,1.15,1.15,1.15,0,0
BCI_MV,D,20180425,000000,1.15,1.15,1.15,1.15,0,0
BCI_MV,D,20180504,000000,1.15,1.15,1.15,1.15,0,0
BCI_MV,D,20180507,000000,1.15,1.72,1.15,1.72,0,0
BCI_MV,D,20180508,000000,1.72,1.72,1.15,1.15,0,0
BCI_MV,D,20180509,000000,1.15,1.15,1.15,1.15,0,0
BCI_MV,D,20180510,000000,1.72,1.72,1.72,1.72,0,0
BCI_MV,D,20180511,000000,1.72,1.72,1.72,1.72,0,0
BCI_MV,D,20180514,000000,1.72,1.72,1.72,1.72,0,0
BCI_MV,D,20180515,000000,1.72,1.72,1.72,1.72,0,0
BCI_MV,D,20180516,000000,1.72,1.72,1.72,1.72,0,0
BCI_MV,D,20180517,000000,1.72,1.72,1.72,1.72,0,0
BCI_MV,D,20180518,000000,1.72,1.72,1.72,1.72,0,0
BCI_MV,D,20180521,000000,1.72,1.72,1.72,1.72,0,0
BCI_MV,D,20180522,000000,1.72,1.72,1.72,1.72,0,0
BCI_MV,D,20180523,000000,1.72,1.72,1.72,1.72,0,0
BCI_MV,D,20180524,000000,1.72,1.72,1.72,1.72,0,0
BCI_MV,D,20180525,000000,1.72,1.72,1.72,1.72,0,0
BCI_MV,D,20180528,000000,1.15,1.15,1.15,1.15,0,0
BCI_MV,D,20180529,000000,1.15,1.15,1.15,1.15,0,0
BCI_MV,D,20180530,000000,1.15,1.15,1.15,1.15,0,0
BCI_MV,D,20180601,000000,1.15,1.15,1.15,1.15,0,0
BCI_MV,D,20180604,000000,1.15,1.15,1.15,1.15,0,0
BCI_MV,D,20180605,000000,1.15,1.15,1.15,1.15,0,0
BCI_MV,D,20180606,000000,1.15,1.15,1.15,1.15,0,0
BCI_MV,D,20180607,000000,1.15,1.15,1.15,1.15,0,0
BCI_MV,D,20180608,000000,1.15,1.15,1.15,1.15,0,0
BCI_MV,D,20180611,000000,1.15,1.15,1.15,1.15,0,0
BCI_MV,D,20180612,000000,1.15,1.15,1.15,1.15,0,0
BCI_MV,D,20180613,000000,1.15,1.15,1.15,1.15,0,0
BCI_MV,D,20180614,000000,1.15,1.15,1.15,1.15,0,0
BCI_MV,D,20180615,000000,1.15,1.15,1.15,1.15,0,0
BCI_MV,D,20180618,000000,1.15,1.15,1.15,1.15,0,0
BCI_MV,D,20180619,000000,1.15,1.15,1.15,1.15,0,0
BCI_MV,D,20180620,000000,1.15,1.15,1.15,1.15,0,0
BCI_MV,D,20180621,000000,1.15,1.15,1.15,1.15,0,0
BCI_MV,D,20180622,000000,1.15,1.15,1.15,1.15,0,0
BCI_MV,D,20180625,000000,1.15,1.15,1.15,1.15,0,0
BCI_MV,D,20180626,000000,1.15,1.15,1.15,1.15,0,0
BCI_MV,D,20180627,000000,1.15,1.15,1.15,1.15,0,0
BCI_MV,D,20180628,000000,1.15,1.15,1.15,1.15,0,0
BCI_MV,D,20180629,000000,1.15,1.15,1.15,1.15,0,0
BCI_MV,D,20180702,000000,1.15,1.15,1.15,1.15,0,0
BCI_MV,D,20180703,000000,1.15,1.15,1.15,1.15,0,0
BCI_MV,D,20180704,000000,1.15,1.72,1.15,1.72,0,0
BCI_MV,D,20180705,000000,1.72,1.72,1.72,1.72,0,0
BCI_MV,D,20180706,000000,1.72,1.72,1.72,1.72,0,0
BCI_MV,D,20180709,000000,1.15,1.72,1.15,1.72,0,0
BCI_MV,D,20180710,000000,1.72,1.72,1.72,1.72,0,0
BCI_MV,D,20180711,000000,1.72,1.72,1.72,1.72,0,0
BCI_MV,D,20180712,000000,1.72,1.72,1.72,1.72,0,0
BCI_MV,D,20180713,000000,1.72,1.72,1.72,1.72,0,0
BCI_MV,D,20180716,000000,1.15,1.72,1.15,1.72,0,0
BCI_MV,D,20180717,000000,1.72,1.72,1.72,1.72,0,0
BCI_MV,D,20180718,000000,1.72,1.72,1.72,1.72,0,0
BCI_MV,D,20180719,000000,1.72,1.72,1.72,1.72,0,0
BCI_MV,D,20180720,000000,1.72,1.72,1.72,1.72,0,0
BCI_MV,D,20180723,000000,1.15,1.15,1.15,1.15,0,0
BCI_MV,D,20180724,000000,1.15,1.15,0.57,0.57,0,0
BCI_MV,D,20180725,000000,0.57,0.57,0.57,0.57,0,0
BCI_MV,D,20180726,000000,0.57,0.57,0.57,0.57,0,0
BCI_MV,D,20180727,000000,0.57,0.57,0.57,0.57,0,0
BCI_MV,D,20180730,000000,0.57,0.57,0.57,0.57,0,0
BCI_MV,D,20180731,000000,0.57,1.15,0.57,1.15,0,0
BCI_MV,D,20180802,000000,1.15,1.15,1.15,1.15,0,0
BCI_MV,D,20180806,000000,1.15,1.15,0.57,0.57,0,0
BCI_MV,D,20180807,000000,0.57,0.57,0.57,0.57,0,0
BCI_MV,D,20180808,000000,0.57,0.57,0.57,0.57,0,0
BCI_MV,D,20180809,000000,0.57,0.57,0.57,0.57,0,0
BCI_MV,D,20180810,000000,0.57,0.57,0.57,0.57,0,0
BCI_MV,D,20180813,000000,0.57,0.57,0.57,0.57,0,0
BCI_MV,D,20180816,000000,0.57,0.57,0.57,0.57,0,0
BCI_MV,D,20180817,000000,0.57,0.57,0.57,0.57,0,0
BCI_MV,D,20180820,000000,0.57,0.57,0.57,0.57,0,0
BCI_MV,D,20180821,000000,0.57,0.57,0.57,0.57,0,0
BCI_MV,D,20180822,000000,0.57,0.57,0.57,0.57,0,0
BCI_MV,D,20180824,000000,0.57,0.57,0.57,0.57,0,0
BCI_MV,D,20180827,000000,0.57,0.57,0.57,0.57,0,0
BCI_MV,D,20180828,000000,0.57,0.57,0.57,0.57,0,0
BCI_MV,D,20180830,000000,0.57,0.57,0.57,0.57,0,0
BCI_MV,D,20180831,000000,0.57,0.57,0.57,0.57,0,0
BCI_MV,D,20180903,000000,0.57,0.57,0.57,0.57,0,0
BCI_MV,D,20180904,000000,1.15,1.15,1.15,1.15,0,0
BCI_MV,D,20180905,000000,1.15,1.15,1.15,1.15,0,0
BCI_MV,D,20180906,000000,1.15,1.15,1.15,1.15,0,0
BCI_MV,D,20180907,000000,0.57,0.57,0.57,0.57,0,0
BCI_MV,D,20180910,000000,0.57,0.57,0.57,0.57,0,0
BCI_MV,D,20180911,000000,1.15,1.15,1.15,1.15,0,0
BCI_MV,D,20180912,000000,1.15,1.15,1.15,1.15,0,0
BCI_MV,D,20180913,000000,0.57,0.57,0.57,0.57,0,0
BCI_MV,D,20180914,000000,1.15,1.15,1.15,1.15,0,0
BCI_MV,D,20180919,000000,1.15,1.15,1.15,1.15,0,0
BCI_MV,D,20180921,000000,1.15,1.15,1.15,1.15,0,0
BCI_MV,D,20180924,000000,1.15,1.15,0.57,0.57,0,0
BCI_MV,D,20180927,000000,1.15,1.15,1.15,1.15,0,0
BCI_MV,D,20180928,000000,1.15,1.15,1.15,1.15,0,0
BCI_MV,D,20181001,000000,0.57,0.57,0.57,0.57,0,0
BCI_MV,D,20181008,000000,0.57,0.57,0.57,0.57,0,0
BCI_MV,D,20181009,000000,0.57,0.57,0.57,0.57,0,0
BCI_MV,D,20181010,000000,0.57,1.15,0.57,1.15,0,0
BCI_MV,D,20181012,000000,1.15,1.15,1.15,1.15,0,0
BCI_MV,D,20181015,000000,1.15,1.15,1.15,1.15,0,0
BCI_MV,D,20181016,000000,1.15,1.15,1.15,1.15,0,0
BCI_MV,D,20181017,000000,0.57,0.57,0.57,0.57,0,0
BCI_MV,D,20181018,000000,1.15,1.15,1.15,1.15,0,0
BCI_MV,D,20181025,000000,0.57,0.57,0.57,0.57,0,0
BCI_MV,D,20181030,000000,0.57,0.57,0.57,0.57,0,0
BCI_MV,D,20181105,000000,1.15,1.15,1.15,1.15,0,0
BCI_MV,D,20181106,000000,1.15,1.15,0.57,0.57,0,0
BCI_MV,D,20181107,000000,1.15,1.15,1.15,1.15,0,0
BCI_MV,D,20181108,000000,1.15,1.15,1.15,1.15,0,0
BCI_MV,D,20181109,000000,1.15,1.15,1.15,1.15,0,0
BCI_MV,D,20181113,000000,1.15,1.15,1.15,1.15,0,0
BCI_MV,D,20181115,000000,0.57,0.57,0.57,0.57,0,0
BCI_MV,D,20181116,000000,0.57,0.57,0.57,0.57,0,0
BCI_MV,D,20181119,000000,1.15,1.15,0.57,0.57,0,0
BCI_MV,D,20181120,000000,0.57,0.57,0.57,0.57,0,0
BCI_MV,D,20181122,000000,0.57,0.57,0.57,0.57,0,0
BCI_MV,D,20181123,000000,1.15,1.15,1.15,1.15,0,0
BCI_MV,D,20181126,000000,1.15,1.15,0.57,0.57,0,0
BCI_MV,D,20181127,000000,0.57,0.57,0.57,0.57,0,0
BCI_MV,D,20181128,000000,0.57,0.57,0.57,0.57,0,0
BCI_MV,D,20181203,000000,1.15,1.15,1.15,1.15,0,0
BCI_MV,D,20181204,000000,1.15,1.15,1.15,1.15,0,0
BCI_MV,D,20181205,000000,0.57,0.57,0.57,0.57,0,0
BCI_MV,D,20181207,000000,0.57,0.57,0.57,0.57,0,0
BCI_MV,D,20181210,000000,1.15,1.15,1.15,1.15,0,0
BCI_MV,D,20181212,000000,1.15,1.15,1.15,1.15,0,0
BCI_MV,D,20181213,000000,0.57,0.57,0.57,0.57,0,0
BCI_MV,D,20181214,000000,0.57,0.57,0.57,0.57,0,0
BCI_MV,D,20181217,000000,0.57,0.57,0.57,0.57,0,0
BCI_MV,D,20181218,000000,0.57,0.57,0.57,0.57,0,0
BCI_MV,D,20181219,000000,0.57,0.57,0.57,0.57,0,0
BCI_MV,D,20181220,000000,0.57,0.57,0.57,0.57,0,0
BCI_MV,D,20181221,000000,1.15,1.15,0.57,0.57,0,0
BCI_MV,D,20181227,000000,0.57,0.57,0.57,0.57,0,0
BCI_MV,D,20181228,000000,0.57,0.57,0.57,0.57,0,0
BCI_MV,D,20190102,000000,0.57,1.15,0.57,1.15,0,0
BCI_MV,D,20190104,000000,0.57,0.57,0.57,0.57,0,0
BCI_MV,D,20190107,000000,1.15,1.15,1.15,1.15,0,0
BCI_MV,D,20190114,000000,1.15,1.15,1.15,1.15,0,0
BCI_MV,D,20190117,000000,0.57,0.57,0.57,0.57,0,0
BCI_MV,D,20190118,000000,1.15,1.15,1.15,1.15,0,0
BCI_MV,D,20190121,000000,0.57,0.57,0.57,0.57,0,0
BCI_MV,D,20190123,000000,0.57,0.57,0.57,0.57,0,0
BCI_MV,D,20190129,000000,1.15,1.15,1.15,1.15,0,0
BCI_MV,D,20190201,000000,1.15,1.15,1.15,1.15,0,0
BCI_MV,D,20190204,000000,0.57,0.57,0.57,0.57,0,0
BCI_MV,D,20190205,000000,0.57,0.57,0.57,0.57,0,0
BCI_MV,D,20190206,000000,1.15,1.15,1.15,1.15,0,0
BCI_MV,D,20190207,000000,1.15,1.15,1.15,1.15,0,0
BCI_MV,D,20190208,000000,1.15,1.15,1.15,1.15,0,0
BCI_MV,D,20190212,000000,1.15,1.15,1.15,1.15,0,0
BCI_MV,D,20190213,000000,1.15,1.15,1.15,1.15,0,0
BCI_MV,D,20190215,000000,1.15,1.15,1.15,1.15,0,0
BCI_MV,D,20190218,000000,1.15,1.15,1.15,1.15,0,0
BCI_MV,D,20190219,000000,0.57,0.57,0.57,0.57,0,0
BCI_MV,D,20190220,000000,0.57,0.57,0.57,0.57,0,0
BCI_MV,D,20190222,000000,0.57,0.57,0.57,0.57,0,0
BCI_MV,D,20190225,000000,0.57,1.15,0.57,1.15,0,0
BCI_MV,D,20190226,000000,1.15,1.15,1.15,1.15,0,0
BCI_MV,D,20190227,000000,1.15,1.15,1.15,1.15,0,0
BCI_MV,D,20190228,000000,1.15,1.15,1.15,1.15,0,0
BCI_MV,D,20190301,000000,1.15,1.15,1.15,1.15,0,0
BCI_MV,D,20190305,000000,0.59,0.86,0.59,0.86,0,0
BCI_MV,D,20190306,000000,0.69,0.69,0.69,0.69,0,0
BCI_MV,D,20190313,000000,0.8,0.8,0.8,0.8,0,0
BCI_MV,D,20190320,000000,0.7,0.7,0.7,0.7,0,0
BCI_MV,D,20190327,000000,0.59,0.59,0.59,0.59,0,0
BCI_MV,D,20190403,000000,0.59,0.59,0.59,0.59,0,0
BCI_MV,D,20190410,000000,0.6,0.6,0.6,0.6,0,0
BCI_MV,D,20190417,000000,0.61,0.61,0.61,0.61,0,0
BCI_MV,D,20190424,000000,0.59,0.59,0.59,0.59,0,0
BCI_MV,D,20190502,000000,0.58,0.58,0.58,0.58,0,0
BCI_MV,D,20190508,000000,0.57,0.57,0.57,0.57,0,0
BCI_MV,D,20190515,000000,0.57,0.57,0.57,0.57,0,0
BCI_MV,D,20190522,000000,0.59,0.59,0.59,0.59,0,0
BCI_MV,D,20190529,000000,0.57,0.57,0.57,0.57,0,0
