<TICKER>,<PER>,<DATE>,<TIME>,<OPEN>,<HIGH>,<LOW>,<CLOSE>,<VOL>,<OPENINT>
BFC_MV,D,20120919,000000,3.65755,3.65755,3.65755,3.65755,0,0
BFC_MV,D,20120920,000000,3.50479,3.66559,3.35212,3.37624,0,0
BFC_MV,D,20120921,000000,3.48871,3.50479,3.39223,3.39223,0,0
BFC_MV,D,20120924,000000,3.51283,3.51283,3.44047,3.51283,0,0
BFC_MV,D,20120925,000000,3.51283,3.51283,3.51283,3.51283,0,0
BFC_MV,D,20120926,000000,3.51283,3.51283,3.48871,3.48871,0,0
BFC_MV,D,20120927,000000,3.51283,3.51283,3.50479,3.50479,0,0
BFC_MV,D,20120928,000000,3.51283,3.51283,3.48871,3.48871,0,0
BFC_MV,D,20121001,000000,3.50479,3.50479,3.44047,3.44047,0,0
BFC_MV,D,20121002,000000,3.50479,3.51283,3.4084,3.4084,0,0
BFC_MV,D,20121003,000000,3.48871,3.48871,3.36016,3.39223,0,0
BFC_MV,D,20121004,000000,3.44047,3.44047,3.30379,3.30379,0,0
BFC_MV,D,20121005,000000,3.44047,3.44047,3.44047,3.44047,0,0
BFC_MV,D,20121008,000000,3.45655,3.45655,3.45655,3.45655,0,0
BFC_MV,D,20121009,000000,3.48871,3.48871,3.31996,3.45655,0,0
BFC_MV,D,20121010,000000,3.44047,3.44047,3.44047,3.44047,0,0
BFC_MV,D,20121011,000000,3.36016,3.36016,3.36016,3.36016,0,0
BFC_MV,D,20121012,000000,3.36016,3.36016,3.36016,3.36016,0,0
BFC_MV,D,20121015,000000,3.36016,3.36016,3.36016,3.36016,0,0
BFC_MV,D,20121016,000000,3.36016,3.45655,3.36016,3.45655,0,0
BFC_MV,D,20121017,000000,3.45655,3.45655,3.45655,3.45655,0,0
BFC_MV,D,20121018,000000,3.30379,3.30379,3.30379,3.30379,0,0
BFC_MV,D,20121019,000000,3.36016,3.36016,3.36016,3.36016,0,0
BFC_MV,D,20121022,000000,3.2878,3.2878,3.25555,3.25555,0,0
BFC_MV,D,20121023,000000,3.25555,3.25555,3.25555,3.25555,0,0
BFC_MV,D,20121024,000000,3.25555,3.25555,3.25555,3.25555,0,0
BFC_MV,D,20121026,000000,3.39223,3.39223,3.39223,3.39223,0,0
BFC_MV,D,20121029,000000,3.39223,3.39223,3.39223,3.39223,0,0
BFC_MV,D,20121030,000000,3.25555,3.25555,3.25555,3.25555,0,0
BFC_MV,D,20121031,000000,3.36016,3.36016,3.36016,3.36016,0,0
BFC_MV,D,20121105,000000,3.25555,3.25555,3.25555,3.25555,0,0
BFC_MV,D,20121106,000000,3.31996,3.36016,3.31996,3.36016,0,0
BFC_MV,D,20121107,000000,3.36016,3.36016,3.36016,3.36016,0,0
BFC_MV,D,20121108,000000,3.36016,3.36016,3.36016,3.36016,0,0
BFC_MV,D,20121109,000000,3.36016,3.36016,3.36016,3.36016,0,0
BFC_MV,D,20121112,000000,3.39223,3.39223,3.36016,3.36016,0,0
BFC_MV,D,20121113,000000,3.39223,3.39223,3.39223,3.39223,0,0
BFC_MV,D,20121114,000000,3.39223,3.39223,3.39223,3.39223,0,0
BFC_MV,D,20121115,000000,3.39223,3.39223,3.39223,3.39223,0,0
BFC_MV,D,20121116,000000,3.39223,3.48871,3.39223,3.48871,0,0
BFC_MV,D,20121119,000000,3.27172,3.36016,3.27172,3.36016,0,0
BFC_MV,D,20121120,000000,3.36016,3.36016,3.36016,3.36016,0,0
BFC_MV,D,20121121,000000,3.23947,3.39223,3.23947,3.39223,0,0
BFC_MV,D,20121122,000000,3.2878,3.2878,3.2878,3.2878,0,0
BFC_MV,D,20121123,000000,3.39223,3.39223,3.39223,3.39223,0,0
BFC_MV,D,20121126,000000,3.36016,3.36016,3.36016,3.36016,0,0
BFC_MV,D,20121127,000000,3.36016,3.36016,3.36016,3.36016,0,0
BFC_MV,D,20121128,000000,3.36016,3.36016,3.36016,3.36016,0,0
BFC_MV,D,20121129,000000,3.36016,3.36016,3.36016,3.36016,0,0
BFC_MV,D,20121130,000000,3.36016,3.36016,3.36016,3.36016,0,0
BFC_MV,D,20121203,000000,3.36016,3.36016,3.36016,3.36016,0,0
BFC_MV,D,20121204,000000,3.36016,3.36016,3.36016,3.36016,0,0
BFC_MV,D,20121205,000000,3.36016,3.36016,3.36016,3.36016,0,0
BFC_MV,D,20121206,000000,3.36016,3.36016,3.36016,3.36016,0,0
BFC_MV,D,20121207,000000,3.36016,3.36016,3.36016,3.36016,0,0
BFC_MV,D,20121210,000000,3.36016,3.36016,3.36016,3.36016,0,0
BFC_MV,D,20121211,000000,3.36016,3.36016,3.36016,3.36016,0,0
BFC_MV,D,20121212,000000,3.36016,3.36016,3.36016,3.36016,0,0
BFC_MV,D,20121213,000000,3.2878,3.36016,3.2878,3.36016,0,0
BFC_MV,D,20121214,000000,3.36016,3.36016,3.36016,3.36016,0,0
BFC_MV,D,20121217,000000,3.36016,3.36016,3.36016,3.36016,0,0
BFC_MV,D,20121218,000000,3.36016,3.36016,3.36016,3.36016,0,0
BFC_MV,D,20121219,000000,3.36016,3.36016,3.36016,3.36016,0,0
BFC_MV,D,20121220,000000,3.36016,3.36016,3.36016,3.36016,0,0
BFC_MV,D,20121221,000000,3.36016,3.36016,3.36016,3.36016,0,0
BFC_MV,D,20121227,000000,3.36016,3.36016,3.36016,3.36016,0,0
BFC_MV,D,20121228,000000,3.2878,3.36016,3.2878,3.36016,0,0
BFC_MV,D,20130102,000000,3.39223,3.39223,3.39223,3.39223,0,0
BFC_MV,D,20130104,000000,3.39223,3.44047,3.39223,3.44047,0,0
BFC_MV,D,20130107,000000,3.44047,3.44047,3.44047,3.44047,0,0
BFC_MV,D,20130108,000000,3.30379,3.30379,3.30379,3.30379,0,0
BFC_MV,D,20130109,000000,3.44047,3.44047,3.36016,3.36016,0,0
BFC_MV,D,20130110,000000,3.44047,3.97905,3.44047,3.88257,0,0
BFC_MV,D,20130111,000000,3.86659,3.89875,3.74599,3.77815,0,0
BFC_MV,D,20130114,000000,3.82639,3.82639,3.82639,3.82639,0,0
BFC_MV,D,20130115,000000,3.74599,4.43724,3.74599,4.43724,0,0
BFC_MV,D,20130117,000000,4.17201,4.20417,4.17201,4.17201,0,0
BFC_MV,D,20130118,000000,4.17201,4.17201,3.98709,3.98709,0,0
BFC_MV,D,20130121,000000,4.13172,4.13172,3.98709,3.98709,0,0
BFC_MV,D,20130122,000000,4.13172,4.13172,3.89875,3.89875,0,0
BFC_MV,D,20130123,000000,3.96297,3.96297,3.96297,3.96297,0,0
BFC_MV,D,20130124,000000,3.96297,3.96297,3.83433,3.93081,0,0
BFC_MV,D,20130125,000000,3.93081,3.93081,3.74599,3.74599,0,0
BFC_MV,D,20130128,000000,3.79413,3.79413,3.66559,3.66559,0,0
BFC_MV,D,20130129,000000,3.66559,3.66559,3.66559,3.66559,0,0
BFC_MV,D,20130130,000000,3.66559,3.74599,3.66559,3.74599,0,0
BFC_MV,D,20130131,000000,3.72981,3.72981,3.72981,3.72981,0,0
BFC_MV,D,20130201,000000,3.72981,3.74599,3.72981,3.74599,0,0
BFC_MV,D,20130204,000000,3.72981,3.72981,3.72981,3.72981,0,0
BFC_MV,D,20130205,000000,3.72981,3.72981,3.72981,3.72981,0,0
BFC_MV,D,20130206,000000,3.72981,3.72981,3.71383,3.71383,0,0
BFC_MV,D,20130207,000000,3.71383,3.71383,3.71383,3.71383,0,0
BFC_MV,D,20130208,000000,3.71383,3.71383,3.71383,3.71383,0,0
BFC_MV,D,20130211,000000,3.71383,3.71383,3.71383,3.71383,0,0
BFC_MV,D,20130212,000000,3.71383,3.71383,3.71383,3.71383,0,0
BFC_MV,D,20130213,000000,3.69775,3.71383,3.69775,3.71383,0,0
BFC_MV,D,20130214,000000,3.62539,3.69775,3.62539,3.69775,0,0
BFC_MV,D,20130215,000000,3.69775,3.69775,3.64137,3.65755,0,0
BFC_MV,D,20130218,000000,3.69775,3.69775,3.69775,3.69775,0,0
BFC_MV,D,20130219,000000,3.69775,3.69775,3.69775,3.69775,0,0
BFC_MV,D,20130220,000000,3.69775,3.71383,3.69775,3.71383,0,0
BFC_MV,D,20130221,000000,3.71383,3.71383,3.71383,3.71383,0,0
BFC_MV,D,20130222,000000,3.69775,3.69775,3.69775,3.69775,0,0
BFC_MV,D,20130225,000000,3.69775,3.69775,3.69775,3.69775,0,0
BFC_MV,D,20130226,000000,3.69775,3.71383,3.57715,3.66559,0,0
BFC_MV,D,20130227,000000,3.52891,3.69775,3.45655,3.66559,0,0
BFC_MV,D,20130228,000000,3.65755,3.71383,3.35212,3.71383,0,0
BFC_MV,D,20130301,000000,3.66559,3.79413,3.66559,3.79413,0,0
BFC_MV,D,20130304,000000,3.69775,3.89875,3.69775,3.89875,0,0
BFC_MV,D,20130305,000000,3.89875,3.89875,3.79413,3.88257,0,0
BFC_MV,D,20130306,000000,3.88257,3.88257,3.88257,3.88257,0,0
BFC_MV,D,20130307,000000,3.88257,3.88257,3.86659,3.86659,0,0
BFC_MV,D,20130308,000000,3.88257,3.88257,3.88257,3.88257,0,0
BFC_MV,D,20130311,000000,3.88257,3.88257,3.88257,3.88257,0,0
BFC_MV,D,20130312,000000,3.88257,3.88257,3.86659,3.88257,0,0
BFC_MV,D,20130313,000000,3.86659,3.89875,3.86659,3.89875,0,0
BFC_MV,D,20130314,000000,3.88257,3.88257,3.83433,3.83433,0,0
BFC_MV,D,20130315,000000,3.89875,3.89875,3.89875,3.89875,0,0
BFC_MV,D,20130318,000000,3.89875,3.89875,3.89875,3.89875,0,0
BFC_MV,D,20130319,000000,3.89875,3.89875,3.89875,3.89875,0,0
BFC_MV,D,20130320,000000,3.81031,3.88257,3.79413,3.82639,0,0
BFC_MV,D,20130321,000000,3.82639,3.82639,3.82639,3.82639,0,0
BFC_MV,D,20130322,000000,3.66559,3.66559,3.65755,3.65755,0,0
BFC_MV,D,20130325,000000,3.51283,3.65755,3.4084,3.48871,0,0
BFC_MV,D,20130326,000000,3.48871,3.48871,3.48871,3.48871,0,0
BFC_MV,D,20130328,000000,3.50479,3.50479,3.50479,3.50479,0,0
BFC_MV,D,20130402,000000,3.50479,3.50479,3.50479,3.50479,0,0
BFC_MV,D,20130403,000000,3.50479,3.50479,3.50479,3.50479,0,0
BFC_MV,D,20130404,000000,3.50479,3.50479,3.50479,3.50479,0,0
BFC_MV,D,20130405,000000,3.50479,3.50479,3.50479,3.50479,0,0
BFC_MV,D,20130408,000000,3.50479,3.50479,3.50479,3.50479,0,0
BFC_MV,D,20130409,000000,3.50479,3.50479,3.50479,3.50479,0,0
BFC_MV,D,20130410,000000,3.50479,3.50479,3.50479,3.50479,0,0
BFC_MV,D,20130411,000000,3.50479,3.50479,3.50479,3.50479,0,0
BFC_MV,D,20130412,000000,3.50479,3.50479,3.50479,3.50479,0,0
BFC_MV,D,20130415,000000,3.50479,3.50479,3.50479,3.50479,0,0
BFC_MV,D,20130417,000000,3.50479,3.50479,3.50479,3.50479,0,0
BFC_MV,D,20130418,000000,3.51283,3.51283,3.51283,3.51283,0,0
BFC_MV,D,20130419,000000,3.50479,3.50479,3.50479,3.50479,0,0
BFC_MV,D,20130422,000000,3.50479,3.50479,3.50479,3.50479,0,0
BFC_MV,D,20130423,000000,3.50479,3.50479,3.50479,3.50479,0,0
BFC_MV,D,20130424,000000,3.50479,3.50479,3.50479,3.50479,0,0
BFC_MV,D,20130425,000000,3.51283,3.51283,3.50479,3.50479,0,0
BFC_MV,D,20130426,000000,3.50479,3.50479,3.50479,3.50479,0,0
BFC_MV,D,20130429,000000,3.50479,3.50479,3.50479,3.50479,0,0
BFC_MV,D,20130430,000000,3.50479,3.52891,3.50479,3.52891,0,0
BFC_MV,D,20130502,000000,3.56107,3.62539,3.56107,3.62539,0,0
BFC_MV,D,20130506,000000,3.62539,3.62539,3.37624,3.57715,0,0
BFC_MV,D,20130507,000000,3.57715,3.57715,3.27172,3.35212,0,0
BFC_MV,D,20130508,000000,3.36016,3.36016,3.36016,3.36016,0,0
BFC_MV,D,20130509,000000,3.36016,3.4084,3.36016,3.39223,0,0
BFC_MV,D,20130510,000000,3.39223,3.39223,3.39223,3.39223,0,0
BFC_MV,D,20130513,000000,3.4084,3.4084,3.4084,3.4084,0,0
BFC_MV,D,20130514,000000,3.4084,3.4084,3.23947,3.4084,0,0
BFC_MV,D,20130515,000000,3.4084,3.42439,3.4084,3.42439,0,0
BFC_MV,D,20130516,000000,3.42439,3.42439,3.30379,3.33604,0,0
BFC_MV,D,20130517,000000,3.33604,3.36016,3.33604,3.36016,0,0
BFC_MV,D,20130521,000000,3.35212,3.35212,3.35212,3.35212,0,0
BFC_MV,D,20130522,000000,3.35212,3.35212,3.05464,3.2878,0,0
BFC_MV,D,20130523,000000,3.33604,3.39223,3.33604,3.39223,0,0
BFC_MV,D,20130524,000000,3.39223,3.82639,3.39223,3.82639,0,0
BFC_MV,D,20130527,000000,3.82639,3.82639,3.82639,3.82639,0,0
BFC_MV,D,20130528,000000,3.82639,3.82639,3.82639,3.82639,0,0
BFC_MV,D,20130529,000000,3.81031,3.81031,3.44047,3.66559,0,0
BFC_MV,D,20130531,000000,3.59323,3.66559,3.59323,3.66559,0,0
BFC_MV,D,20130603,000000,3.37624,3.66559,3.36016,3.54499,0,0
BFC_MV,D,20130604,000000,3.54499,3.57715,3.44047,3.57715,0,0
BFC_MV,D,20130605,000000,3.36016,3.36016,3.36016,3.36016,0,0
BFC_MV,D,20130606,000000,3.44047,3.44047,3.44047,3.44047,0,0
BFC_MV,D,20130607,000000,3.36016,3.36016,3.36016,3.36016,0,0
BFC_MV,D,20130610,000000,3.36016,3.36016,3.33604,3.33604,0,0
BFC_MV,D,20130611,000000,3.33604,3.36016,3.33604,3.36016,0,0
BFC_MV,D,20130612,000000,3.36016,3.36016,3.36016,3.36016,0,0
BFC_MV,D,20130613,000000,3.36016,3.44047,3.30379,3.44047,0,0
BFC_MV,D,20130614,000000,3.44047,3.44047,3.44047,3.44047,0,0
BFC_MV,D,20130617,000000,3.44047,3.44047,3.44047,3.44047,0,0
BFC_MV,D,20130618,000000,3.44047,3.44047,3.44047,3.44047,0,0
BFC_MV,D,20130619,000000,3.44047,3.44047,3.44047,3.44047,0,0
BFC_MV,D,20130620,000000,3.44047,3.45655,3.44047,3.45655,0,0
BFC_MV,D,20130621,000000,3.45655,3.45655,3.45655,3.45655,0,0
BFC_MV,D,20130624,000000,3.44047,3.45655,3.44047,3.45655,0,0
BFC_MV,D,20130625,000000,3.45655,3.45655,3.45655,3.45655,0,0
BFC_MV,D,20130626,000000,3.45655,3.45655,3.45655,3.45655,0,0
BFC_MV,D,20130627,000000,3.45655,3.45655,3.45655,3.45655,0,0
BFC_MV,D,20130628,000000,3.36016,3.36016,3.36016,3.36016,0,0
BFC_MV,D,20130702,000000,3.45655,3.47263,3.45655,3.47263,0,0
BFC_MV,D,20130703,000000,3.47263,3.48871,3.47263,3.48871,0,0
BFC_MV,D,20130704,000000,3.48871,3.48871,3.48871,3.48871,0,0
BFC_MV,D,20130705,000000,3.48871,3.48871,3.48871,3.48871,0,0
BFC_MV,D,20130708,000000,3.48871,3.48871,3.48871,3.48871,0,0
BFC_MV,D,20130709,000000,3.48871,3.48871,3.48871,3.48871,0,0
BFC_MV,D,20130710,000000,3.48871,3.48871,3.48871,3.48871,0,0
BFC_MV,D,20130711,000000,3.48871,3.48871,3.48871,3.48871,0,0
BFC_MV,D,20130712,000000,3.48871,3.48871,3.48871,3.48871,0,0
BFC_MV,D,20130715,000000,3.48871,3.48871,3.48871,3.48871,0,0
BFC_MV,D,20130716,000000,3.48871,3.48871,3.48871,3.48871,0,0
BFC_MV,D,20130717,000000,3.48871,3.48871,3.48871,3.48871,0,0
BFC_MV,D,20130718,000000,3.50479,3.50479,3.50479,3.50479,0,0
BFC_MV,D,20130719,000000,3.50479,3.50479,3.50479,3.50479,0,0
BFC_MV,D,20130722,000000,3.50479,3.51283,3.50479,3.51283,0,0
BFC_MV,D,20130724,000000,3.59323,3.59323,3.59323,3.59323,0,0
BFC_MV,D,20130725,000000,3.62539,3.62539,3.62539,3.62539,0,0
BFC_MV,D,20130729,000000,3.66559,3.66559,3.66559,3.66559,0,0
BFC_MV,D,20130730,000000,3.74599,3.81031,3.74599,3.81031,0,0
BFC_MV,D,20130731,000000,3.81031,3.82639,3.81031,3.82639,0,0
BFC_MV,D,20130801,000000,3.85051,3.85051,3.65755,3.81031,0,0
BFC_MV,D,20130802,000000,3.74599,3.81031,3.51283,3.64137,0,0
BFC_MV,D,20130805,000000,3.64137,3.64137,3.64137,3.64137,0,0
BFC_MV,D,20130806,000000,3.64137,3.64137,3.64137,3.64137,0,0
BFC_MV,D,20130807,000000,3.64137,3.64137,3.64137,3.64137,0,0
BFC_MV,D,20130808,000000,3.64137,3.64137,3.64137,3.64137,0,0
BFC_MV,D,20130809,000000,3.64137,3.65755,3.64137,3.65755,0,0
BFC_MV,D,20130812,000000,3.65755,3.65755,3.65755,3.65755,0,0
BFC_MV,D,20130813,000000,3.65755,3.65755,3.65755,3.65755,0,0
BFC_MV,D,20130814,000000,3.65755,3.65755,3.65755,3.65755,0,0
BFC_MV,D,20130816,000000,3.65755,3.65755,3.65755,3.65755,0,0
BFC_MV,D,20130819,000000,3.65755,3.65755,3.65755,3.65755,0,0
BFC_MV,D,20130820,000000,3.65755,3.66559,3.65755,3.66559,0,0
BFC_MV,D,20130821,000000,3.66559,3.66559,3.66559,3.66559,0,0
BFC_MV,D,20130822,000000,3.66559,3.66559,3.66559,3.66559,0,0
BFC_MV,D,20130823,000000,3.66559,3.66559,3.66559,3.66559,0,0
BFC_MV,D,20130826,000000,3.66559,3.66559,3.66559,3.66559,0,0
BFC_MV,D,20130827,000000,3.66559,3.66559,3.66559,3.66559,0,0
BFC_MV,D,20130828,000000,3.66559,3.66559,3.47263,3.47263,0,0
BFC_MV,D,20130829,000000,3.44047,3.52891,3.44047,3.52891,0,0
BFC_MV,D,20130830,000000,3.56107,3.56107,3.56107,3.56107,0,0
BFC_MV,D,20130902,000000,3.56107,3.56107,3.56107,3.56107,0,0
BFC_MV,D,20130903,000000,3.56107,3.56107,3.56107,3.56107,0,0
BFC_MV,D,20130904,000000,3.56107,3.56107,3.56107,3.56107,0,0
BFC_MV,D,20130905,000000,3.56107,3.56107,3.45655,3.56107,0,0
BFC_MV,D,20130906,000000,3.56107,3.56107,3.36016,3.56107,0,0
BFC_MV,D,20130909,000000,3.56107,3.56107,3.36016,3.36016,0,0
BFC_MV,D,20130910,000000,3.57715,3.57715,3.57715,3.57715,0,0
BFC_MV,D,20130911,000000,3.30379,3.47263,3.30379,3.47263,0,0
BFC_MV,D,20130912,000000,3.57715,3.6094,3.57715,3.57715,0,0
BFC_MV,D,20130913,000000,3.59323,3.59323,3.59323,3.59323,0,0
BFC_MV,D,20130916,000000,3.59323,3.59323,3.2074,3.4084,0,0
BFC_MV,D,20130917,000000,3.42439,3.44047,3.42439,3.44047,0,0
BFC_MV,D,20130918,000000,3.44047,3.44047,3.44047,3.44047,0,0
BFC_MV,D,20130919,000000,3.44047,3.44047,3.05464,3.19936,0,0
BFC_MV,D,20130920,000000,3.2074,3.44047,3.2074,3.42439,0,0
BFC_MV,D,20130923,000000,3.42439,3.42439,3.42439,3.42439,0,0
BFC_MV,D,20130924,000000,3.42439,3.42439,3.42439,3.42439,0,0
BFC_MV,D,20130925,000000,3.42439,3.42439,3.42439,3.42439,0,0
BFC_MV,D,20130926,000000,3.42439,3.42439,3.42439,3.42439,0,0
BFC_MV,D,20130927,000000,3.42439,3.42439,3.42439,3.42439,0,0
BFC_MV,D,20130930,000000,3.42439,3.42439,3.42439,3.42439,0,0
BFC_MV,D,20131001,000000,3.42439,3.51283,3.0868,3.51283,0,0
BFC_MV,D,20131002,000000,3.51283,3.51283,3.36016,3.36016,0,0
BFC_MV,D,20131003,000000,3.44047,3.51283,3.44047,3.51283,0,0
BFC_MV,D,20131004,000000,3.51283,3.51283,3.51283,3.51283,0,0
BFC_MV,D,20131007,000000,3.51283,3.51283,3.2878,3.36016,0,0
BFC_MV,D,20131008,000000,3.39223,3.39223,3.39223,3.39223,0,0
BFC_MV,D,20131009,000000,3.39223,3.42439,3.39223,3.42439,0,0
BFC_MV,D,20131011,000000,3.42439,3.44047,3.42439,3.44047,0,0
BFC_MV,D,20131014,000000,3.51283,3.51283,3.2878,3.37624,0,0
BFC_MV,D,20131015,000000,3.36016,3.36016,3.36016,3.36016,0,0
BFC_MV,D,20131016,000000,3.39223,3.50479,3.39223,3.50479,0,0
BFC_MV,D,20131017,000000,3.51283,3.51283,3.31996,3.36016,0,0
BFC_MV,D,20131018,000000,3.36016,3.4084,3.36016,3.4084,0,0
BFC_MV,D,20131023,000000,3.4084,3.4084,3.4084,3.4084,0,0
BFC_MV,D,20131024,000000,3.42439,3.42439,3.42439,3.42439,0,0
BFC_MV,D,20131025,000000,3.42439,3.42439,3.42439,3.42439,0,0
BFC_MV,D,20131028,000000,3.42439,3.42439,3.42439,3.42439,0,0
BFC_MV,D,20131029,000000,3.42439,3.42439,3.42439,3.42439,0,0
BFC_MV,D,20131030,000000,3.42439,3.42439,3.42439,3.42439,0,0
BFC_MV,D,20131031,000000,3.42439,3.54499,3.30379,3.54499,0,0
BFC_MV,D,20131104,000000,3.52891,3.52891,3.52891,3.52891,0,0
BFC_MV,D,20131105,000000,3.52891,3.52891,3.52891,3.52891,0,0
BFC_MV,D,20131106,000000,3.52891,3.52891,3.52891,3.52891,0,0
BFC_MV,D,20131107,000000,3.52891,3.52891,3.52891,3.52891,0,0
BFC_MV,D,20131108,000000,3.52891,3.59323,3.52891,3.59323,0,0
BFC_MV,D,20131112,000000,3.66559,3.66559,3.66559,3.66559,0,0
BFC_MV,D,20131113,000000,3.66559,3.66559,3.66559,3.66559,0,0
BFC_MV,D,20131114,000000,3.66559,3.66559,3.66559,3.66559,0,0
BFC_MV,D,20131115,000000,3.66559,3.76207,3.66559,3.76207,0,0
BFC_MV,D,20131118,000000,3.76207,3.83433,3.57715,3.83433,0,0
BFC_MV,D,20131119,000000,3.83433,3.83433,3.68167,3.68167,0,0
BFC_MV,D,20131120,000000,3.69775,3.71383,3.69775,3.71383,0,0
BFC_MV,D,20131121,000000,3.71383,3.74599,3.71383,3.74599,0,0
BFC_MV,D,20131122,000000,3.74599,3.76207,3.59323,3.69775,0,0
BFC_MV,D,20131125,000000,3.69775,3.69775,3.69775,3.69775,0,0
BFC_MV,D,20131126,000000,3.69775,3.69775,3.69775,3.69775,0,0
BFC_MV,D,20131127,000000,3.69775,3.69775,3.56107,3.64137,0,0
BFC_MV,D,20131128,000000,3.51283,3.66559,3.51283,3.66559,0,0
BFC_MV,D,20131129,000000,3.51283,3.68167,3.51283,3.68167,0,0
BFC_MV,D,20131202,000000,3.66559,3.66559,3.51283,3.66559,0,0
BFC_MV,D,20131203,000000,3.66559,3.66559,3.66559,3.66559,0,0
BFC_MV,D,20131204,000000,3.66559,3.66559,3.66559,3.66559,0,0
BFC_MV,D,20131205,000000,3.66559,3.66559,3.66559,3.66559,0,0
BFC_MV,D,20131206,000000,3.66559,3.66559,3.66559,3.66559,0,0
BFC_MV,D,20131209,000000,3.65755,3.65755,3.51283,3.51283,0,0
BFC_MV,D,20131210,000000,3.56107,3.68167,3.56107,3.68167,0,0
BFC_MV,D,20131211,000000,3.66559,3.69775,3.66559,3.69775,0,0
BFC_MV,D,20131212,000000,3.71383,3.76207,3.71383,3.76207,0,0
BFC_MV,D,20131213,000000,3.76207,3.76207,3.76207,3.76207,0,0
BFC_MV,D,20131216,000000,3.76207,3.76207,3.76207,3.76207,0,0
BFC_MV,D,20131217,000000,3.77815,3.77815,3.56107,3.56107,0,0
BFC_MV,D,20131218,000000,3.62539,3.66559,3.44047,3.51283,0,0
BFC_MV,D,20131219,000000,3.59323,3.59323,3.59323,3.59323,0,0
BFC_MV,D,20131220,000000,3.59323,3.65755,3.44047,3.65755,0,0
BFC_MV,D,20131223,000000,3.66559,3.66559,3.66559,3.66559,0,0
BFC_MV,D,20131227,000000,3.65755,3.65755,3.65755,3.65755,0,0
BFC_MV,D,20131230,000000,3.65755,3.66559,3.65755,3.66559,0,0
BFC_MV,D,20140102,000000,3.62539,3.62539,3.62539,3.62539,0,0
BFC_MV,D,20140103,000000,3.62539,3.62539,3.44047,3.57715,0,0
BFC_MV,D,20140107,000000,3.59323,3.62539,3.59323,3.62539,0,0
BFC_MV,D,20140108,000000,3.64137,3.65755,3.64137,3.65755,0,0
BFC_MV,D,20140110,000000,3.59323,3.59323,3.59323,3.59323,0,0
BFC_MV,D,20140113,000000,3.62539,3.62539,3.44047,3.6094,0,0
BFC_MV,D,20140114,000000,3.62539,3.62539,3.62539,3.62539,0,0
BFC_MV,D,20140115,000000,3.62539,3.62539,3.62539,3.62539,0,0
BFC_MV,D,20140116,000000,3.62539,3.64137,3.62539,3.64137,0,0
BFC_MV,D,20140131,000000,3.66559,3.66559,3.64137,3.64137,0,0
BFC_MV,D,20140203,000000,3.64137,3.65755,3.64137,3.65755,0,0
BFC_MV,D,20140204,000000,3.65755,3.66559,3.65755,3.66559,0,0
BFC_MV,D,20140205,000000,3.68167,3.68167,3.68167,3.68167,0,0
BFC_MV,D,20140206,000000,3.68167,3.68167,3.68167,3.68167,0,0
BFC_MV,D,20140207,000000,3.68167,3.69775,3.68167,3.69775,0,0
BFC_MV,D,20140210,000000,3.69775,3.69775,3.66559,3.66559,0,0
BFC_MV,D,20140211,000000,3.66559,3.66559,3.66559,3.66559,0,0
BFC_MV,D,20140212,000000,3.69775,3.69775,3.66559,3.66559,0,0
BFC_MV,D,20140213,000000,3.69775,3.69775,3.69775,3.69775,0,0
BFC_MV,D,20140214,000000,3.69775,3.69775,3.69775,3.69775,0,0
BFC_MV,D,20140217,000000,3.69775,3.69775,3.69775,3.69775,0,0
BFC_MV,D,20140218,000000,3.69775,3.69775,3.69775,3.69775,0,0
BFC_MV,D,20140219,000000,3.69775,3.69775,3.69775,3.69775,0,0
BFC_MV,D,20140220,000000,3.69775,3.69775,3.69775,3.69775,0,0
BFC_MV,D,20140221,000000,3.69775,3.69775,3.69775,3.69775,0,0
BFC_MV,D,20140224,000000,3.69775,3.69775,3.69775,3.69775,0,0
BFC_MV,D,20140225,000000,3.69775,3.69775,3.59323,3.69775,0,0
BFC_MV,D,20140226,000000,3.68167,3.68167,3.68167,3.68167,0,0
BFC_MV,D,20140227,000000,3.69775,3.69775,3.69775,3.69775,0,0
BFC_MV,D,20140228,000000,3.69775,3.69775,3.69775,3.69775,0,0
BFC_MV,D,20140303,000000,3.69775,3.69775,3.69775,3.69775,0,0
BFC_MV,D,20140304,000000,3.69775,3.69775,3.59323,3.68167,0,0
BFC_MV,D,20140305,000000,3.69775,3.69775,3.69775,3.69775,0,0
BFC_MV,D,20140306,000000,3.69775,3.69775,3.69775,3.69775,0,0
BFC_MV,D,20140307,000000,3.69775,3.69775,3.69775,3.69775,0,0
BFC_MV,D,20140310,000000,3.69775,3.69775,3.69775,3.69775,0,0
BFC_MV,D,20140311,000000,3.69775,3.69775,3.69775,3.69775,0,0
BFC_MV,D,20140312,000000,3.69775,3.69775,3.69775,3.69775,0,0
BFC_MV,D,20140313,000000,3.66559,3.66559,3.66559,3.66559,0,0
BFC_MV,D,20140317,000000,3.59323,3.59323,3.59323,3.59323,0,0
BFC_MV,D,20140318,000000,3.59323,3.59323,3.59323,3.59323,0,0
BFC_MV,D,20140320,000000,3.51283,3.51283,3.51283,3.51283,0,0
BFC_MV,D,20140324,000000,3.51283,3.51283,3.48871,3.48871,0,0
BFC_MV,D,20140325,000000,3.51283,3.6094,3.51283,3.6094,0,0
BFC_MV,D,20140331,000000,3.57715,3.57715,3.57715,3.57715,0,0
BFC_MV,D,20140402,000000,3.57715,3.57715,3.57715,3.57715,0,0
BFC_MV,D,20140408,000000,3.57715,3.57715,3.57715,3.57715,0,0
BFC_MV,D,20140409,000000,3.57715,3.57715,3.51283,3.51283,0,0
BFC_MV,D,20140415,000000,3.59323,3.66559,3.51283,3.51283,0,0
BFC_MV,D,20140416,000000,3.51283,3.59323,3.51283,3.59323,0,0
BFC_MV,D,20140422,000000,3.59323,3.62539,3.59323,3.62539,0,0
BFC_MV,D,20140430,000000,3.64137,3.97905,3.64137,3.97905,0,0
BFC_MV,D,20140502,000000,4.13172,4.57401,3.94689,4.57401,0,0
BFC_MV,D,20140505,000000,4.57401,4.57401,4.57401,4.57401,0,0
BFC_MV,D,20140506,000000,4.57401,4.57401,4.57401,4.57401,0,0
BFC_MV,D,20140507,000000,4.57401,4.57401,4.55784,4.55784,0,0
BFC_MV,D,20140509,000000,4.28457,4.55784,4.28457,4.55784,0,0
BFC_MV,D,20140512,000000,4.57401,4.57401,4.28457,4.43724,0,0
BFC_MV,D,20140513,000000,4.20417,4.28457,4.20417,4.28457,0,0
BFC_MV,D,20140519,000000,4.09975,4.18819,4.09975,4.18819,0,0
BFC_MV,D,20140523,000000,4.20417,4.28457,4.20417,4.28457,0,0
BFC_MV,D,20140526,000000,4.20417,4.32468,4.20417,4.32468,0,0
BFC_MV,D,20140527,000000,4.35693,4.35693,4.35693,4.35693,0,0
BFC_MV,D,20140529,000000,4.40508,4.40508,4.40508,4.40508,0,0
BFC_MV,D,20140530,000000,4.40508,4.40508,4.40508,4.40508,0,0
BFC_MV,D,20140602,000000,4.43724,4.46136,4.43724,4.46136,0,0
BFC_MV,D,20140605,000000,4.47744,4.47744,4.47744,4.47744,0,0
BFC_MV,D,20140606,000000,4.47744,4.47744,4.47744,4.47744,0,0
BFC_MV,D,20140609,000000,4.47744,4.47744,4.47744,4.47744,0,0
BFC_MV,D,20140610,000000,4.47744,4.47744,4.47744,4.47744,0,0
BFC_MV,D,20140611,000000,4.47744,4.47744,4.47744,4.47744,0,0
BFC_MV,D,20140612,000000,4.47744,4.47744,4.47744,4.47744,0,0
BFC_MV,D,20140613,000000,4.47744,4.47744,4.47744,4.47744,0,0
BFC_MV,D,20140616,000000,4.47744,4.47744,4.47744,4.47744,0,0
BFC_MV,D,20140617,000000,4.47744,4.47744,4.47744,4.47744,0,0
BFC_MV,D,20140618,000000,4.47744,4.47744,4.47744,4.47744,0,0
BFC_MV,D,20140620,000000,4.47744,4.47744,4.47744,4.47744,0,0
BFC_MV,D,20140623,000000,4.47744,4.47744,4.47744,4.47744,0,0
BFC_MV,D,20140624,000000,4.47744,4.47744,4.47744,4.47744,0,0
BFC_MV,D,20140625,000000,4.47744,4.47744,4.47744,4.47744,0,0
BFC_MV,D,20140626,000000,4.47744,4.47744,4.47744,4.47744,0,0
BFC_MV,D,20140627,000000,4.47744,4.47744,4.47744,4.47744,0,0
BFC_MV,D,20140630,000000,4.47744,4.47744,4.47744,4.47744,0,0
BFC_MV,D,20140701,000000,4.47744,4.47744,4.47744,4.47744,0,0
BFC_MV,D,20140702,000000,4.47744,4.47744,4.47744,4.47744,0,0
BFC_MV,D,20140703,000000,4.46136,4.46136,4.46136,4.46136,0,0
BFC_MV,D,20140704,000000,4.46136,4.46136,4.46136,4.46136,0,0
BFC_MV,D,20140707,000000,4.46136,4.46136,4.44537,4.44537,0,0
BFC_MV,D,20140708,000000,4.44537,4.44537,4.44537,4.44537,0,0
BFC_MV,D,20140709,000000,4.44537,4.44537,4.44537,4.44537,0,0
BFC_MV,D,20140710,000000,4.44537,4.44537,4.44537,4.44537,0,0
BFC_MV,D,20140711,000000,4.44537,4.44537,4.44537,4.44537,0,0
BFC_MV,D,20140714,000000,4.44537,4.44537,4.44537,4.44537,0,0
BFC_MV,D,20140715,000000,4.44537,4.44537,4.44537,4.44537,0,0
BFC_MV,D,20140716,000000,4.44537,4.46136,4.44537,4.46136,0,0
BFC_MV,D,20140717,000000,4.5096,4.54176,4.5096,4.54176,0,0
BFC_MV,D,20140718,000000,4.5096,4.5096,4.5096,4.5096,0,0
BFC_MV,D,20140721,000000,4.5096,4.5096,4.5096,4.5096,0,0
BFC_MV,D,20140722,000000,4.5096,4.5096,4.5096,4.5096,0,0
BFC_MV,D,20140723,000000,4.5096,4.5096,4.5096,4.5096,0,0
BFC_MV,D,20140724,000000,4.5096,4.5096,4.5096,4.5096,0,0
BFC_MV,D,20140725,000000,4.5096,4.5096,4.13172,4.13172,0,0
BFC_MV,D,20140731,000000,4.18819,4.18819,4.15593,4.18819,0,0
BFC_MV,D,20140801,000000,4.18819,4.18819,4.18819,4.18819,0,0
BFC_MV,D,20140804,000000,4.18819,4.18819,4.18819,4.18819,0,0
BFC_MV,D,20140805,000000,4.11573,4.23633,4.11573,4.23633,0,0
BFC_MV,D,20140806,000000,4.22016,4.22016,4.22016,4.22016,0,0
BFC_MV,D,20140807,000000,4.23633,4.23633,4.23633,4.23633,0,0
BFC_MV,D,20140808,000000,3.97905,4.06749,3.97905,4.06749,0,0
BFC_MV,D,20140811,000000,3.89875,3.89875,3.82639,3.82639,0,0
BFC_MV,D,20140812,000000,3.82639,3.82639,3.82639,3.82639,0,0
BFC_MV,D,20140813,000000,3.82639,3.82639,3.82639,3.82639,0,0
BFC_MV,D,20140814,000000,3.82639,3.85051,3.82639,3.85051,0,0
BFC_MV,D,20140818,000000,3.89875,3.94689,3.89875,3.94689,0,0
BFC_MV,D,20140819,000000,3.96297,3.96297,3.96297,3.96297,0,0
BFC_MV,D,20140820,000000,3.96297,3.96297,3.96297,3.96297,0,0
BFC_MV,D,20140821,000000,3.96297,3.96297,3.96297,3.96297,0,0
BFC_MV,D,20140822,000000,3.96297,3.96297,3.96297,3.96297,0,0
BFC_MV,D,20140825,000000,3.97905,3.98709,3.97905,3.98709,0,0
BFC_MV,D,20140904,000000,3.98709,4.06749,3.98709,4.06749,0,0
BFC_MV,D,20140910,000000,4.13172,4.13172,4.13172,4.13172,0,0
BFC_MV,D,20140915,000000,3.89875,4.13172,3.86659,4.13172,0,0
BFC_MV,D,20140916,000000,3.89875,4.13172,3.82639,4.13172,0,0
BFC_MV,D,20140917,000000,4.11573,4.13172,3.82639,4.13172,0,0
BFC_MV,D,20140918,000000,4.11573,4.11573,3.82639,4.09975,0,0
BFC_MV,D,20140919,000000,3.89875,4.09975,3.89875,4.09975,0,0
BFC_MV,D,20140925,000000,4.11573,4.11573,4.11573,4.11573,0,0
BFC_MV,D,20140926,000000,4.11573,4.11573,4.11573,4.11573,0,0
BFC_MV,D,20140929,000000,4.11573,4.11573,4.11573,4.11573,0,0
BFC_MV,D,20140930,000000,4.11573,4.11573,4.11573,4.11573,0,0
BFC_MV,D,20141001,000000,4.11573,4.11573,4.11573,4.11573,0,0
BFC_MV,D,20141002,000000,4.11573,4.11573,4.11573,4.11573,0,0
BFC_MV,D,20141003,000000,4.11573,4.11573,4.11573,4.11573,0,0
BFC_MV,D,20141006,000000,3.97905,4.00317,3.79413,4.00317,0,0
BFC_MV,D,20141013,000000,3.79413,4.00317,3.74599,4.00317,0,0
BFC_MV,D,20141014,000000,3.77815,3.94689,3.77815,3.94689,0,0
BFC_MV,D,20141016,000000,3.94689,3.94689,3.94689,3.94689,0,0
BFC_MV,D,20141031,000000,3.94689,4.43724,3.94689,4.43724,0,0
BFC_MV,D,20141103,000000,3.97905,4.52568,3.97905,4.52568,0,0
BFC_MV,D,20141104,000000,4.5096,4.5096,4.5096,4.5096,0,0
BFC_MV,D,20141105,000000,4.43724,4.43724,4.43724,4.43724,0,0
BFC_MV,D,20141107,000000,4.35693,4.43724,4.13172,4.43724,0,0
BFC_MV,D,20141110,000000,4.38909,4.38909,4.38909,4.38909,0,0
BFC_MV,D,20141112,000000,4.38909,4.38909,4.38909,4.38909,0,0
BFC_MV,D,20141113,000000,4.38909,4.38909,4.38909,4.38909,0,0
BFC_MV,D,20141114,000000,4.38909,4.38909,4.38909,4.38909,0,0
BFC_MV,D,20141117,000000,4.38909,4.38909,4.09975,4.09975,0,0
BFC_MV,D,20141118,000000,4.40508,4.40508,4.2684,4.2684,0,0
BFC_MV,D,20141120,000000,4.28457,4.35693,4.28457,4.35693,0,0
BFC_MV,D,20141204,000000,4.43724,4.43724,4.43724,4.43724,0,0
BFC_MV,D,20141208,000000,4.59009,4.59009,4.59009,4.59009,0,0
BFC_MV,D,20141209,000000,4.59009,4.60608,4.59009,4.60608,0,0
BFC_MV,D,20141216,000000,4.59009,4.59009,4.59009,4.59009,0,0
BFC_MV,D,20141217,000000,4.59009,4.59009,4.59009,4.59009,0,0
BFC_MV,D,20141219,000000,4.60608,4.60608,4.60608,4.60608,0,0
BFC_MV,D,20141222,000000,4.61412,4.61412,4.61412,4.61412,0,0
BFC_MV,D,20141223,000000,4.60608,4.60608,4.60608,4.60608,0,0
BFC_MV,D,20141229,000000,4.61412,4.6302,4.61412,4.6302,0,0
BFC_MV,D,20150115,000000,4.6302,4.6302,4.6302,4.6302,0,0
BFC_MV,D,20150123,000000,4.43724,4.43724,4.43724,4.43724,0,0
BFC_MV,D,20150130,000000,4.32468,4.59009,4.32468,4.59009,0,0
BFC_MV,D,20150226,000000,4.59009,4.59009,4.59009,4.59009,0,0
BFC_MV,D,20150508,000000,4.32468,4.60608,4.32468,4.60608,0,0
BFC_MV,D,20150518,000000,4.74276,4.74276,4.74276,4.74276,0,0
BFC_MV,D,20150520,000000,4.75875,4.89543,4.75875,4.89543,0,0
BFC_MV,D,20150525,000000,4.91964,4.91964,4.91964,4.91964,0,0
BFC_MV,D,20150527,000000,4.91964,5.20095,4.91964,5.20095,0,0
BFC_MV,D,20150529,000000,5.24115,5.24115,5.24115,5.24115,0,0
BFC_MV,D,20150602,000000,5.27331,5.27331,5.27331,5.27331,0,0
BFC_MV,D,20150610,000000,5.27331,5.50637,5.27331,5.50637,0,0
BFC_MV,D,20150612,000000,5.54657,5.54657,5.54657,5.54657,0,0
BFC_MV,D,20150615,000000,5.57873,6.11741,5.57873,6.11741,0,0
BFC_MV,D,20150616,000000,5.99672,6.11741,5.99672,6.11741,0,0
BFC_MV,D,20150617,000000,6.11741,6.11741,6.11741,6.11741,0,0
BFC_MV,D,20150618,000000,6.11741,6.14948,6.11741,6.14948,0,0
BFC_MV,D,20150622,000000,6.17369,6.17369,6.17369,6.17369,0,0
BFC_MV,D,20150623,000000,6.18968,6.18968,6.18968,6.18968,0,0
BFC_MV,D,20150625,000000,6.18968,6.18968,6.18968,6.18968,0,0
BFC_MV,D,20150713,000000,6.18968,6.18968,6.18968,6.18968,0,0
BFC_MV,D,20150727,000000,5.88425,6.18968,5.88425,6.18968,0,0
BFC_MV,D,20150728,000000,5.8118,6.06908,5.8118,6.06908,0,0
BFC_MV,D,20150731,000000,6.06908,6.11741,6.06908,6.11741,0,0
BFC_MV,D,20150803,000000,5.8118,5.8118,5.8118,5.8118,0,0
BFC_MV,D,20150804,000000,5.8118,5.8118,5.8118,5.8118,0,0
BFC_MV,D,20150805,000000,5.99672,5.99672,5.99672,5.99672,0,0
BFC_MV,D,20150806,000000,5.65923,6.11741,5.65923,6.11741,0,0
BFC_MV,D,20150817,000000,6.11741,6.11741,6.11741,6.11741,0,0
BFC_MV,D,20150820,000000,5.8118,5.90024,5.69933,5.90024,0,0
BFC_MV,D,20150824,000000,5.65923,5.65923,5.50637,5.59481,0,0
BFC_MV,D,20150825,000000,5.73149,5.73149,5.73149,5.73149,0,0
BFC_MV,D,20150831,000000,5.8118,5.88425,5.8118,5.88425,0,0
BFC_MV,D,20150902,000000,5.69933,5.69933,5.57873,5.57873,0,0
BFC_MV,D,20151008,000000,5.65923,5.73149,5.65923,5.73149,0,0
BFC_MV,D,20151102,000000,5.8118,5.84405,5.8118,5.84405,0,0
BFC_MV,D,20151221,000000,5.57873,5.90024,5.57873,5.90024,0,0
BFC_MV,D,20160119,000000,5.90024,5.90024,5.90024,5.90024,0,0
BFC_MV,D,20160120,000000,5.90024,5.90024,5.90024,5.90024,0,0
BFC_MV,D,20160121,000000,5.90024,5.90024,5.90024,5.90024,0,0
BFC_MV,D,20160122,000000,5.90024,5.90024,5.90024,5.90024,0,0
BFC_MV,D,20160125,000000,5.90024,5.90024,5.90024,5.90024,0,0
BFC_MV,D,20160126,000000,5.90024,5.90024,5.90024,5.90024,0,0
BFC_MV,D,20160212,000000,5.90024,5.90024,5.90024,5.90024,0,0
BFC_MV,D,20160323,000000,5.65923,5.65923,5.65923,5.65923,0,0
BFC_MV,D,20160329,000000,5.67512,5.67512,5.67512,5.67512,0,0
BFC_MV,D,20160404,000000,5.65923,5.65923,5.65923,5.65923,0,0
BFC_MV,D,20160509,000000,5.65923,5.8118,5.65923,5.8118,0,0
BFC_MV,D,20160518,000000,5.8118,5.8118,5.8118,5.8118,0,0
BFC_MV,D,20160519,000000,5.86808,5.86808,5.86808,5.86808,0,0
BFC_MV,D,20160520,000000,5.86808,5.86808,5.86808,5.86808,0,0
BFC_MV,D,20160523,000000,5.86808,5.86808,5.86808,5.86808,0,0
BFC_MV,D,20160524,000000,5.86808,5.86808,5.86808,5.86808,0,0
BFC_MV,D,20160525,000000,5.86808,5.86808,5.50637,5.50637,0,0
BFC_MV,D,20160603,000000,5.35371,5.35371,5.33753,5.33753,0,0
BFC_MV,D,20160606,000000,5.35371,5.69129,5.35371,5.69129,0,0
BFC_MV,D,20160608,000000,5.42597,5.42597,5.35371,5.35371,0,0
BFC_MV,D,20160609,000000,5.42597,5.42597,5.42597,5.42597,0,0
BFC_MV,D,20160610,000000,5.49039,5.49039,5.49039,5.49039,0,0
BFC_MV,D,20160613,000000,5.49039,5.49039,5.49039,5.49039,0,0
BFC_MV,D,20160614,000000,5.49039,5.49039,5.49039,5.49039,0,0
BFC_MV,D,20160615,000000,5.49039,5.49039,5.49039,5.49039,0,0
BFC_MV,D,20160616,000000,5.49039,5.49039,5.49039,5.49039,0,0
BFC_MV,D,20160617,000000,5.49039,5.49039,5.49039,5.49039,0,0
BFC_MV,D,20160620,000000,5.49039,5.49039,5.49039,5.49039,0,0
BFC_MV,D,20160621,000000,5.49039,5.49039,5.49039,5.49039,0,0
BFC_MV,D,20160622,000000,5.49039,5.49039,5.49039,5.49039,0,0
BFC_MV,D,20160623,000000,5.49039,5.49039,5.49039,5.49039,0,0
BFC_MV,D,20160624,000000,5.49039,5.49039,5.49039,5.49039,0,0
BFC_MV,D,20160627,000000,5.49039,5.49039,5.49039,5.49039,0,0
BFC_MV,D,20160628,000000,5.49039,5.49039,5.49039,5.49039,0,0
BFC_MV,D,20160629,000000,5.49039,5.49039,5.49039,5.49039,0,0
BFC_MV,D,20160630,000000,5.49039,5.49039,5.49039,5.49039,0,0
BFC_MV,D,20160701,000000,5.49039,5.49039,5.49039,5.49039,0,0
BFC_MV,D,20160704,000000,5.49039,5.49039,5.49039,5.49039,0,0
BFC_MV,D,20160705,000000,5.49039,5.49039,5.49039,5.49039,0,0
BFC_MV,D,20160706,000000,5.49039,5.49039,5.49039,5.49039,0,0
BFC_MV,D,20160707,000000,5.49039,5.49039,5.49039,5.49039,0,0
BFC_MV,D,20160801,000000,5.35371,5.35371,5.35371,5.35371,0,0
BFC_MV,D,20160908,000000,5.27331,5.27331,4.74276,4.74276,0,0
BFC_MV,D,20160909,000000,4.74276,4.78287,4.74276,4.74276,0,0
BFC_MV,D,20160912,000000,4.89543,4.89543,4.74276,4.74276,0,0
BFC_MV,D,20160913,000000,4.74276,4.74276,4.74276,4.74276,0,0
BFC_MV,D,20160914,000000,4.74276,4.74276,4.74276,4.74276,0,0
BFC_MV,D,20160915,000000,4.74276,4.74276,4.74276,4.74276,0,0
BFC_MV,D,20160916,000000,4.74276,4.74276,4.74276,4.74276,0,0
BFC_MV,D,20160919,000000,4.74276,4.74276,4.74276,4.74276,0,0
BFC_MV,D,20160920,000000,4.74276,4.74276,4.74276,4.74276,0,0
BFC_MV,D,20160921,000000,4.74276,4.74276,4.74276,4.74276,0,0
BFC_MV,D,20160922,000000,4.74276,4.74276,4.74276,4.74276,0,0
BFC_MV,D,20160923,000000,4.74276,4.74276,4.74276,4.74276,0,0
BFC_MV,D,20160926,000000,4.74276,4.74276,4.74276,4.74276,0,0
BFC_MV,D,20160927,000000,4.74276,4.74276,4.74276,4.74276,0,0
BFC_MV,D,20160928,000000,4.74276,4.74276,4.74276,4.74276,0,0
BFC_MV,D,20160929,000000,4.74276,4.74276,4.74276,4.74276,0,0
BFC_MV,D,20160930,000000,4.74276,4.74276,4.74276,4.74276,0,0
BFC_MV,D,20161003,000000,4.74276,4.74276,4.74276,4.74276,0,0
BFC_MV,D,20161004,000000,4.74276,4.74276,4.74276,4.74276,0,0
BFC_MV,D,20161005,000000,4.74276,4.89543,4.74276,4.74276,0,0
BFC_MV,D,20161006,000000,4.74276,4.74276,4.74276,4.74276,0,0
BFC_MV,D,20161007,000000,4.74276,4.74276,4.74276,4.74276,0,0
BFC_MV,D,20161010,000000,4.74276,5.35371,4.74276,4.87944,0,0
BFC_MV,D,20161028,000000,5.04819,5.1528,5.04819,5.1528,0,0
BFC_MV,D,20161205,000000,5.20095,5.27331,5.20095,5.27331,0,0
BFC_MV,D,20161215,000000,5.01612,5.01612,5.01612,5.01612,0,0
BFC_MV,D,20170126,000000,5.04819,5.8118,5.04819,5.57873,0,0
BFC_MV,D,20170127,000000,4.96779,5.39391,4.96779,5.35371,0,0
BFC_MV,D,20170130,000000,5.20095,5.20095,5.12055,5.12055,0,0
BFC_MV,D,20170131,000000,4.96779,5.20095,4.96779,5.20095,0,0
BFC_MV,D,20170221,000000,5.20095,5.20095,5.1528,5.1528,0,0
BFC_MV,D,20170223,000000,5.20095,5.20095,5.20095,5.20095,0,0
BFC_MV,D,20170224,000000,5.20095,5.20095,5.20095,5.20095,0,0
BFC_MV,D,20170227,000000,5.20095,5.25723,5.20095,5.25723,0,0
BFC_MV,D,20170228,000000,5.25723,5.25723,5.25723,5.25723,0,0
BFC_MV,D,20170301,000000,5.25723,5.25723,5.25723,5.25723,0,0
BFC_MV,D,20170302,000000,5.25723,5.25723,5.25723,5.25723,0,0
BFC_MV,D,20170303,000000,5.25723,5.25723,5.25723,5.25723,0,0
BFC_MV,D,20170306,000000,5.25723,5.25723,5.25723,5.25723,0,0
BFC_MV,D,20170307,000000,5.25723,5.25723,5.25723,5.25723,0,0
BFC_MV,D,20170308,000000,5.25723,5.25723,5.25723,5.25723,0,0
BFC_MV,D,20170309,000000,5.25723,5.25723,5.25723,5.25723,0,0
BFC_MV,D,20170310,000000,5.25723,5.25723,5.25723,5.25723,0,0
BFC_MV,D,20170313,000000,5.25723,5.25723,5.25723,5.25723,0,0
BFC_MV,D,20170314,000000,5.25723,5.25723,5.25723,5.25723,0,0
BFC_MV,D,20170315,000000,5.25723,5.25723,5.25723,5.25723,0,0
BFC_MV,D,20170316,000000,5.25723,5.25723,5.25723,5.25723,0,0
BFC_MV,D,20170317,000000,5.25723,5.25723,5.25723,5.25723,0,0
BFC_MV,D,20170320,000000,5.25723,5.25723,5.25723,5.25723,0,0
BFC_MV,D,20170321,000000,5.25723,5.25723,5.25723,5.25723,0,0
BFC_MV,D,20170322,000000,5.25723,5.25723,5.25723,5.25723,0,0
BFC_MV,D,20170323,000000,5.25723,5.25723,5.25723,5.25723,0,0
BFC_MV,D,20170324,000000,5.25723,5.25723,5.25723,5.25723,0,0
BFC_MV,D,20170502,000000,5.24115,5.24115,5.24115,5.24115,0,0
BFC_MV,D,20170504,000000,5.24115,5.24115,5.24115,5.24115,0,0
BFC_MV,D,20170505,000000,5.24115,5.24115,5.24115,5.24115,0,0
BFC_MV,D,20170508,000000,5.24115,5.24115,5.24115,5.24115,0,0
BFC_MV,D,20170509,000000,5.24115,5.24115,5.24115,5.24115,0,0
BFC_MV,D,20170510,000000,5.24115,5.24115,5.24115,5.24115,0,0
BFC_MV,D,20170511,000000,5.24115,5.24115,5.24115,5.24115,0,0
BFC_MV,D,20170512,000000,5.24115,5.24115,5.24115,5.24115,0,0
BFC_MV,D,20170515,000000,5.24115,5.24115,5.24115,5.24115,0,0
BFC_MV,D,20170516,000000,5.24115,5.24115,5.24115,5.24115,0,0
BFC_MV,D,20170517,000000,5.24115,5.24115,5.24115,5.24115,0,0
BFC_MV,D,20170518,000000,5.24115,5.24115,5.24115,5.24115,0,0
BFC_MV,D,20170519,000000,5.24115,5.24115,5.24115,5.24115,0,0
BFC_MV,D,20170522,000000,5.24115,5.24115,5.24115,5.24115,0,0
BFC_MV,D,20170523,000000,5.24115,5.24115,5.24115,5.24115,0,0
BFC_MV,D,20170524,000000,5.24115,5.32155,5.24115,5.32155,0,0
BFC_MV,D,20170607,000000,5.13663,5.13663,5.03211,5.03211,0,0
BFC_MV,D,20170608,000000,5.20095,5.24115,5.20095,5.24115,0,0
BFC_MV,D,20170622,000000,5.20095,5.20095,5.06436,5.06436,0,0
BFC_MV,D,20170711,000000,5.14139,5.93548,4.98583,4.98583,0,0
BFC_MV,D,20170807,000000,4.83026,4.83026,4.83026,4.83026,0,0
BFC_MV,D,20170810,000000,4.85485,4.90403,4.85485,4.90403,0,0
BFC_MV,D,20170818,000000,4.98583,5.29696,4.98583,5.29696,0,0
BFC_MV,D,20170821,000000,5.43607,5.43607,5.23152,5.23152,0,0
BFC_MV,D,20170822,000000,5.23152,5.23152,5.23152,5.23152,0,0
BFC_MV,D,20170911,000000,4.98583,4.98583,4.92029,4.92029,0,0
BFC_MV,D,20170912,000000,4.92029,4.92029,4.92029,4.92029,0,0
BFC_MV,D,20170913,000000,4.92029,4.92029,4.92029,4.92029,0,0
BFC_MV,D,20170914,000000,4.92029,4.92029,4.92029,4.92029,0,0
BFC_MV,D,20170915,000000,4.92029,4.92029,4.92029,4.92029,0,0
BFC_MV,D,20170918,000000,4.92029,4.92029,4.92029,4.92029,0,0
BFC_MV,D,20170919,000000,4.92029,4.92029,4.92029,4.92029,0,0
BFC_MV,D,20170920,000000,4.92029,4.92029,4.83026,4.83026,0,0
BFC_MV,D,20170921,000000,4.67479,4.67479,4.67479,4.67479,0,0
BFC_MV,D,20170922,000000,3.73327,4.36366,3.73327,4.36366,0,0
BFC_MV,D,20170925,000000,4.29813,4.67479,4.29813,4.67479,0,0
BFC_MV,D,20170926,000000,4.52736,4.52736,4.33094,4.33094,0,0
BFC_MV,D,20170927,000000,4.43733,4.67479,4.43733,4.67479,0,0
BFC_MV,D,20171016,000000,4.51923,5.2806,4.51923,5.2806,0,0
BFC_MV,D,20171017,000000,5.43607,5.43607,5.29696,5.29696,0,0
BFC_MV,D,20171031,000000,5.14139,5.14139,4.67479,4.67479,0,0
BFC_MV,D,20171102,000000,4.67479,4.67479,4.67479,4.67479,0,0
BFC_MV,D,20171103,000000,4.67479,4.67479,4.67479,4.67479,0,0
BFC_MV,D,20171123,000000,4.51923,4.51923,4.50287,4.50287,0,0
BFC_MV,D,20171124,000000,4.45369,5.18234,4.45369,5.18234,0,0
BFC_MV,D,20171127,000000,4.47005,4.47005,4.36366,4.36366,0,0
BFC_MV,D,20171128,000000,4.40461,4.40461,4.40461,4.40461,0,0
BFC_MV,D,20171129,000000,4.40461,4.40461,4.40461,4.40461,0,0
BFC_MV,D,20171130,000000,4.40461,4.40461,4.40461,4.40461,0,0
BFC_MV,D,20171201,000000,4.40461,4.40461,4.40461,4.40461,0,0
BFC_MV,D,20171204,000000,4.40461,4.40461,4.40461,4.40461,0,0
BFC_MV,D,20171205,000000,4.40461,4.40461,4.40461,4.40461,0,0
BFC_MV,D,20171206,000000,4.40461,4.40461,4.40461,4.40461,0,0
BFC_MV,D,20171207,000000,4.40461,4.40461,4.40461,4.40461,0,0
BFC_MV,D,20171208,000000,4.40461,4.40461,4.40461,4.40461,0,0
BFC_MV,D,20171211,000000,4.40461,4.40461,4.40461,4.40461,0,0
BFC_MV,D,20171212,000000,4.40461,4.40461,4.40461,4.40461,0,0
BFC_MV,D,20171213,000000,4.40461,4.40461,4.40461,4.40461,0,0
BFC_MV,D,20171214,000000,4.40461,4.40461,4.40461,4.40461,0,0
BFC_MV,D,20171215,000000,4.40461,4.40461,4.40461,4.40461,0,0
BFC_MV,D,20171220,000000,4.33094,4.33094,4.33094,4.33094,0,0
BFC_MV,D,20180112,000000,4.33094,5.45252,4.33094,5.45252,0,0
BFC_MV,D,20180115,000000,5.45252,5.45252,4.83026,4.83026,0,0
BFC_MV,D,20180131,000000,4.79754,4.79754,4.79754,4.79754,0,0
BFC_MV,D,20180201,000000,4.79754,4.79754,4.79754,4.79754,0,0
BFC_MV,D,20180202,000000,4.79754,4.79754,4.79754,4.79754,0,0
BFC_MV,D,20180205,000000,4.79754,4.79754,4.79754,4.79754,0,0
BFC_MV,D,20180206,000000,4.79754,4.79754,4.79754,4.79754,0,0
BFC_MV,D,20180207,000000,4.79754,4.79754,4.79754,4.79754,0,0
BFC_MV,D,20180208,000000,4.79754,4.79754,4.79754,4.79754,0,0
BFC_MV,D,20180209,000000,4.79754,4.79754,4.79754,4.79754,0,0
BFC_MV,D,20180212,000000,4.79754,4.79754,4.79754,4.79754,0,0
BFC_MV,D,20180213,000000,4.79754,4.79754,4.79754,4.79754,0,0
BFC_MV,D,20180214,000000,4.79754,4.79754,4.79754,4.79754,0,0
BFC_MV,D,20180215,000000,4.79754,4.79754,4.79754,4.79754,0,0
BFC_MV,D,20180216,000000,4.79754,4.79754,4.79754,4.79754,0,0
BFC_MV,D,20180219,000000,4.79754,4.79754,4.79754,4.79754,0,0
BFC_MV,D,20180220,000000,4.79754,4.79754,4.79754,4.79754,0,0
BFC_MV,D,20180221,000000,4.79754,4.79754,4.79754,4.79754,0,0
BFC_MV,D,20180222,000000,4.79754,4.79754,4.79754,4.79754,0,0
BFC_MV,D,20180223,000000,4.79754,4.79754,4.79754,4.79754,0,0
BFC_MV,D,20180226,000000,4.79754,4.79754,4.79754,4.79754,0,0
BFC_MV,D,20180227,000000,4.79754,4.79754,4.79754,4.79754,0,0
BFC_MV,D,20180228,000000,4.79754,4.79754,4.79754,4.79754,0,0
BFC_MV,D,20180302,000000,4.79754,4.79754,4.79754,4.79754,0,0
BFC_MV,D,20180305,000000,4.79754,4.79754,4.79754,4.79754,0,0
BFC_MV,D,20180306,000000,4.79754,4.79754,4.79754,4.79754,0,0
BFC_MV,D,20180307,000000,4.79754,4.79754,4.79754,4.79754,0,0
BFC_MV,D,20180308,000000,4.79754,4.79754,4.79754,4.79754,0,0
BFC_MV,D,20180309,000000,4.79754,4.79754,4.79754,4.79754,0,0
BFC_MV,D,20180312,000000,4.79754,4.79754,4.79754,4.79754,0,0
BFC_MV,D,20180313,000000,4.79754,4.79754,4.79754,4.79754,0,0
BFC_MV,D,20180314,000000,4.79754,4.79754,4.79754,4.79754,0,0
BFC_MV,D,20180315,000000,4.79754,4.79754,4.79754,4.79754,0,0
BFC_MV,D,20180316,000000,4.79754,4.79754,4.79754,4.79754,0,0
BFC_MV,D,20180319,000000,4.79754,4.79754,4.79754,4.79754,0,0
BFC_MV,D,20180320,000000,4.79754,4.79754,4.79754,4.79754,0,0
BFC_MV,D,20180321,000000,4.79754,4.79754,4.51923,4.51923,0,0
BFC_MV,D,20180326,000000,4.48641,4.48641,4.48641,4.48641,0,0
BFC_MV,D,20180327,000000,4.48641,4.48641,4.48641,4.48641,0,0
BFC_MV,D,20180328,000000,4.48641,4.48641,4.48641,4.48641,0,0
BFC_MV,D,20180329,000000,4.48641,4.48641,4.48641,4.48641,0,0
BFC_MV,D,20180430,000000,4.45369,4.45369,4.45369,4.45369,0,0
BFC_MV,D,20180502,000000,4.45369,4.45369,4.45369,4.45369,0,0
BFC_MV,D,20180504,000000,4.45369,4.45369,4.45369,4.45369,0,0
BFC_MV,D,20180507,000000,4.45369,4.45369,4.45369,4.45369,0,0
BFC_MV,D,20180508,000000,4.45369,4.45369,4.45369,4.45369,0,0
BFC_MV,D,20180509,000000,4.45369,4.45369,4.45369,4.45369,0,0
BFC_MV,D,20180510,000000,4.45369,4.45369,4.45369,4.45369,0,0
BFC_MV,D,20180511,000000,4.45369,4.45369,4.45369,4.45369,0,0
BFC_MV,D,20180514,000000,4.45369,4.45369,4.45369,4.45369,0,0
BFC_MV,D,20180515,000000,4.45369,4.45369,4.45369,4.45369,0,0
BFC_MV,D,20180516,000000,4.45369,4.45369,4.45369,4.45369,0,0
BFC_MV,D,20180517,000000,4.45369,4.45369,4.45369,4.45369,0,0
BFC_MV,D,20180518,000000,4.45369,4.45369,4.45369,4.45369,0,0
BFC_MV,D,20180521,000000,4.45369,4.45369,4.45369,4.45369,0,0
BFC_MV,D,20180522,000000,4.45369,4.45369,4.45369,4.45369,0,0
BFC_MV,D,20180523,000000,4.45369,4.45369,4.45369,4.45369,0,0
BFC_MV,D,20180524,000000,4.45369,4.45369,4.45369,4.45369,0,0
BFC_MV,D,20180525,000000,4.45369,4.45369,4.45369,4.45369,0,0
BFC_MV,D,20180528,000000,4.45369,4.45369,4.45369,4.45369,0,0
BFC_MV,D,20180529,000000,4.45369,4.45369,4.45369,4.45369,0,0
BFC_MV,D,20180530,000000,4.45369,4.45369,4.45369,4.45369,0,0
BFC_MV,D,20180601,000000,4.45369,4.45369,4.45369,4.45369,0,0
BFC_MV,D,20180604,000000,4.45369,4.45369,4.45369,4.45369,0,0
BFC_MV,D,20180605,000000,4.45369,4.45369,4.45369,4.45369,0,0
BFC_MV,D,20180606,000000,4.45369,4.45369,4.45369,4.45369,0,0
BFC_MV,D,20180607,000000,4.45369,4.45369,4.45369,4.45369,0,0
BFC_MV,D,20180608,000000,4.45369,4.45369,4.45369,4.45369,0,0
BFC_MV,D,20180611,000000,4.45369,4.45369,4.45369,4.45369,0,0
BFC_MV,D,20180612,000000,4.45369,4.45369,4.45369,4.45369,0,0
BFC_MV,D,20180613,000000,4.45369,4.45369,4.45369,4.45369,0,0
BFC_MV,D,20180615,000000,4.29813,4.29813,4.29813,4.29813,0,0
BFC_MV,D,20180702,000000,4.29813,4.29813,4.29813,4.29813,0,0
BFC_MV,D,20180709,000000,4.36628,5.17327,4.36628,5.17327,0,0
BFC_MV,D,20180710,000000,5.17327,6.14172,4.85055,6.14172,0,0
BFC_MV,D,20180711,000000,6.14172,6.14172,6.07366,6.07366,0,0
BFC_MV,D,20180712,000000,6.03982,6.03982,6.03982,6.03982,0,0
BFC_MV,D,20180713,000000,5.98026,5.98026,5.98026,5.98026,0,0
BFC_MV,D,20180716,000000,5.9123,5.9123,5.9123,5.9123,0,0
BFC_MV,D,20180717,000000,5.9123,6.94871,5.9123,6.46453,0,0
BFC_MV,D,20180718,000000,5.9123,6.46453,5.9123,6.46453,0,0
BFC_MV,D,20180719,000000,5.62351,5.62351,5.62351,5.62351,0,0
BFC_MV,D,20180724,000000,5.62351,5.62351,5.62351,5.62351,0,0
BFC_MV,D,20180725,000000,5.49609,5.49609,5.49609,5.49609,0,0
BFC_MV,D,20180726,000000,5.49609,5.49609,5.49609,5.49609,0,0
BFC_MV,D,20180727,000000,5.49609,5.49609,5.49609,5.49609,0,0
BFC_MV,D,20180730,000000,5.49609,5.49609,5.49609,5.49609,0,0
BFC_MV,D,20180731,000000,5.49609,5.49609,5.49609,5.49609,0,0
BFC_MV,D,20180803,000000,5.49609,5.49609,5.49609,5.49609,0,0
BFC_MV,D,20180806,000000,5.49609,5.49609,5.49609,5.49609,0,0
BFC_MV,D,20180808,000000,5.19879,5.19879,4.81652,4.81652,0,0
BFC_MV,D,20180809,000000,4.6891,4.6891,4.65516,4.65516,0,0
BFC_MV,D,20180810,000000,4.65516,4.65516,4.65516,4.65516,0,0
BFC_MV,D,20180813,000000,4.65516,4.65516,4.65516,4.65516,0,0
BFC_MV,D,20180814,000000,4.65516,4.65516,4.65516,4.65516,0,0
BFC_MV,D,20180816,000000,4.65516,4.65516,4.65516,4.65516,0,0
BFC_MV,D,20180817,000000,4.65516,4.65516,4.65516,4.65516,0,0
BFC_MV,D,20180820,000000,4.65516,4.6891,4.65516,4.6891,0,0
BFC_MV,D,20180903,000000,4.6891,4.6891,4.6891,4.6891,0,0
BFC_MV,D,20180904,000000,4.6891,4.6891,4.6891,4.6891,0,0
BFC_MV,D,20180905,000000,4.6891,4.6891,4.6891,4.6891,0,0
BFC_MV,D,20180906,000000,4.6891,4.6891,4.6891,4.6891,0,0
BFC_MV,D,20180907,000000,4.6891,4.6891,4.6891,4.6891,0,0
BFC_MV,D,20180910,000000,4.6891,4.6891,4.6891,4.6891,0,0
BFC_MV,D,20180911,000000,4.65516,4.65516,4.65516,4.65516,0,0
BFC_MV,D,20180912,000000,4.65516,4.65516,4.65516,4.65516,0,0
BFC_MV,D,20180913,000000,4.65516,4.65516,4.65516,4.65516,0,0
BFC_MV,D,20180914,000000,4.65516,4.65516,4.65516,4.65516,0,0
BFC_MV,D,20180917,000000,4.65516,4.65516,4.65516,4.65516,0,0
BFC_MV,D,20180918,000000,4.65516,4.65516,4.65516,4.65516,0,0
BFC_MV,D,20180919,000000,4.65516,4.65516,4.65516,4.65516,0,0
BFC_MV,D,20180920,000000,4.65516,4.65516,4.65516,4.65516,0,0
BFC_MV,D,20180921,000000,4.65516,4.65516,4.65516,4.65516,0,0
BFC_MV,D,20180924,000000,4.65516,4.65516,4.65516,4.65516,0,0
BFC_MV,D,20180925,000000,4.65516,4.65516,4.65516,4.65516,0,0
BFC_MV,D,20180926,000000,4.65516,4.65516,4.65516,4.65516,0,0
BFC_MV,D,20180927,000000,4.65516,4.65516,4.65516,4.65516,0,0
BFC_MV,D,20180928,000000,4.65516,4.65516,4.65516,4.65516,0,0
BFC_MV,D,20181015,000000,4.65516,4.65516,4.65516,4.65516,0,0
BFC_MV,D,20181018,000000,4.65516,4.65516,4.65516,4.65516,0,0
BFC_MV,D,20181025,000000,4.52774,4.52774,4.52774,4.52774,0,0
BFC_MV,D,20181105,000000,4.52774,4.52774,4.52774,4.52774,0,0
BFC_MV,D,20181106,000000,4.52774,4.52774,4.52774,4.52774,0,0
BFC_MV,D,20181107,000000,4.52774,4.52774,4.52774,4.52774,0,0
BFC_MV,D,20181108,000000,4.52774,4.52774,4.52774,4.52774,0,0
BFC_MV,D,20181109,000000,4.52774,4.52774,4.52774,4.52774,0,0
BFC_MV,D,20181113,000000,4.52774,4.52774,4.52774,4.52774,0,0
BFC_MV,D,20181114,000000,4.52774,4.52774,4.52774,4.52774,0,0
BFC_MV,D,20181115,000000,4.52774,4.52774,4.52774,4.52774,0,0
BFC_MV,D,20181116,000000,4.52774,4.52774,4.52774,4.52774,0,0
BFC_MV,D,20181119,000000,4.52774,4.52774,4.52774,4.52774,0,0
BFC_MV,D,20181207,000000,4.49371,4.49371,4.49371,4.49371,0,0
BFC_MV,D,20181211,000000,4.49371,4.49371,4.49371,4.49371,0,0
BFC_MV,D,20181214,000000,4.36628,4.36628,4.36628,4.36628,0,0
BFC_MV,D,20181219,000000,4.36628,4.36628,4.36628,4.36628,0,0
BFC_MV,D,20190108,000000,4.36628,4.36628,4.36628,4.36628,0,0
BFC_MV,D,20190109,000000,4.36628,4.36628,4.36628,4.36628,0,0
BFC_MV,D,20190110,000000,4.36628,4.36628,4.36628,4.36628,0,0
BFC_MV,D,20190111,000000,4.36628,4.36628,4.36628,4.36628,0,0
BFC_MV,D,20190114,000000,4.36628,4.36628,4.36628,4.36628,0,0
BFC_MV,D,20190115,000000,4.36628,4.36628,4.36628,4.36628,0,0
BFC_MV,D,20190116,000000,4.36628,4.36628,4.36628,4.36628,0,0
BFC_MV,D,20190117,000000,4.36628,4.36628,4.36628,4.36628,0,0
BFC_MV,D,20190118,000000,4.36628,4.36628,4.36628,4.36628,0,0
BFC_MV,D,20190121,000000,4.36628,4.36628,4.36628,4.36628,0,0
BFC_MV,D,20190122,000000,4.36628,4.36628,4.36628,4.36628,0,0
BFC_MV,D,20190123,000000,4.36628,4.36628,4.36628,4.36628,0,0
BFC_MV,D,20190124,000000,4.36628,4.36628,4.36628,4.36628,0,0
BFC_MV,D,20190125,000000,4.36628,4.36628,4.36628,4.36628,0,0
BFC_MV,D,20190128,000000,4.36628,4.36628,4.36628,4.36628,0,0
BFC_MV,D,20190129,000000,4.36628,4.36628,4.36628,4.36628,0,0
BFC_MV,D,20190130,000000,4.36628,4.36628,4.36628,4.36628,0,0
BFC_MV,D,20190131,000000,4.36628,4.36628,4.36628,4.36628,0,0
BFC_MV,D,20190201,000000,4.36628,4.36628,4.36628,4.36628,0,0
BFC_MV,D,20190204,000000,4.36628,4.36628,4.36628,4.36628,0,0
BFC_MV,D,20190205,000000,4.36628,4.36628,4.36628,4.36628,0,0
BFC_MV,D,20190206,000000,4.36628,4.36628,4.36628,4.36628,0,0
BFC_MV,D,20190207,000000,4.20492,4.36628,4.20492,4.36628,0,0
BFC_MV,D,20190208,000000,4.36628,4.36628,4.36628,4.36628,0,0
BFC_MV,D,20190211,000000,4.36628,4.36628,4.36628,4.36628,0,0
BFC_MV,D,20190212,000000,4.36628,4.36628,4.36628,4.36628,0,0
BFC_MV,D,20190215,000000,4.20492,4.20492,4.20492,4.20492,0,0
BFC_MV,D,20190218,000000,4.20492,4.20492,4.20492,4.20492,0,0
BFC_MV,D,20190219,000000,4.20492,4.20492,4.20492,4.20492,0,0
BFC_MV,D,20190220,000000,4.20492,4.20492,4.20492,4.20492,0,0
BFC_MV,D,20190221,000000,4.20492,5.65754,4.20492,5.65754,0,0
BFC_MV,D,20190222,000000,5.62351,5.62351,4.52774,5.17327,0,0
BFC_MV,D,20190225,000000,5.13934,5.13934,4.20492,4.20492,0,0
BFC_MV,D,20190226,000000,4.33234,4.33234,4.33234,4.33234,0,0
BFC_MV,D,20190304,000000,4.33234,4.33234,4.33234,4.33234,0,0
BFC_MV,D,20190306,000000,4.33234,4.33234,4.33234,4.33234,0,0
BFC_MV,D,20190307,000000,4.33234,4.33234,4.33234,4.33234,0,0
BFC_MV,D,20190308,000000,4.33234,4.33234,4.33234,4.33234,0,0
BFC_MV,D,20190311,000000,4.33234,4.33234,4.33234,4.33234,0,0
BFC_MV,D,20190312,000000,4.33234,4.33234,4.33234,4.33234,0,0
BFC_MV,D,20190313,000000,4.33234,4.33234,4.33234,4.33234,0,0
BFC_MV,D,20190314,000000,4.33234,4.33234,4.33234,4.33234,0,0
BFC_MV,D,20190315,000000,4.33234,4.33234,4.33234,4.33234,0,0
BFC_MV,D,20190318,000000,4.33234,4.33234,4.33234,4.33234,0,0
BFC_MV,D,20190319,000000,4.33234,4.33234,4.33234,4.33234,0,0
BFC_MV,D,20190320,000000,4.33234,4.33234,4.33234,4.33234,0,0
BFC_MV,D,20190321,000000,4.33234,4.33234,4.33234,4.33234,0,0
BFC_MV,D,20190322,000000,4.33234,4.33234,4.33234,4.33234,0,0
BFC_MV,D,20190325,000000,4.33234,4.33234,4.33234,4.33234,0,0
BFC_MV,D,20190326,000000,4.33234,4.33234,4.33234,4.33234,0,0
BFC_MV,D,20190327,000000,4.33234,4.33234,4.33234,4.33234,0,0
BFC_MV,D,20190328,000000,4.33234,4.33234,4.33234,4.33234,0,0
BFC_MV,D,20190329,000000,4.33234,4.33234,4.33234,4.33234,0,0
BFC_MV,D,20190509,000000,4.26429,4.26429,4.26429,4.26429,0,0
BFC_MV,D,20190510,000000,4.26429,4.26429,4.26429,4.26429,0,0
BFC_MV,D,20190513,000000,4.26429,4.26429,4.26429,4.26429,0,0
BFC_MV,D,20190514,000000,4.29831,4.29831,4.29831,4.29831,0,0
BFC_MV,D,20190515,000000,4.29831,5.13934,4.29831,5.13934,0,0
BFC_MV,D,20190516,000000,5.13934,5.78487,5.13934,5.78487,0,0
BFC_MV,D,20190517,000000,5.75094,5.75094,5.75094,5.75094,0,0
BFC_MV,D,20190520,000000,5.75094,5.75094,4.52774,4.52774,0,0
BFC_MV,D,20190521,000000,5.01191,5.78487,5.01191,5.78487,0,0
BFC_MV,D,20190522,000000,5.78487,5.78487,5.78487,5.78487,0,0
BFC_MV,D,20190523,000000,5.78487,5.78487,5.78487,5.78487,0,0
BFC_MV,D,20190524,000000,5.78487,5.78487,5.78487,5.78487,0,0
BFC_MV,D,20190527,000000,5.78487,5.78487,5.78487,5.78487,0,0
BFC_MV,D,20190528,000000,5.78487,5.78487,5.78487,5.78487,0,0
BFC_MV,D,20190529,000000,5.78487,5.78487,5.78487,5.78487,0,0
BFC_MV,D,20190530,000000,5.78487,5.78487,5.78487,5.78487,0,0
BFC_MV,D,20190531,000000,5.78487,5.78487,5.78487,5.78487,0,0
BFC_MV,D,20190603,000000,5.75094,5.75094,5.49609,5.49609,0,0
BFC_MV,D,20190604,000000,5.39409,5.39409,4.33234,4.33234,0,0
BFC_MV,D,20190605,000000,4.26429,4.26429,4.20492,4.20492,0,0
BFC_MV,D,20190606,000000,4.20492,4.20492,3.8736,3.90753,0,0
BFC_MV,D,20190607,000000,3.94156,3.94156,3.52535,3.52535,0,0
BFC_MV,D,20190614,000000,3.71224,3.71224,3.71224,3.71224,0,0
BFC_MV,D,20190617,000000,4.04356,4.04356,4.04356,4.04356,0,0
BFC_MV,D,20190618,000000,4.06889,4.06889,4.06889,4.06889,0,0
BFC_MV,D,20190621,000000,4.04356,4.04356,4.04356,4.04356,0,0
BFC_MV,D,20190624,000000,4.04356,4.04356,4.00953,4.00953,0,0
BFC_MV,D,20190625,000000,3.90753,4.10292,3.55088,4.00953,0,0
BFC_MV,D,20190626,000000,4.00953,4.06889,4.00953,4.06889,0,0
BFC_MV,D,20190627,000000,3.8736,3.8736,3.81414,3.81414,0,0
BFC_MV,D,20190704,000000,4.0185,4.0185,4.0185,4.0185,0,0
BFC_MV,D,20190709,000000,3.88425,3.88425,3.88425,3.88425,0,0
BFC_MV,D,20190806,000000,3.9827,3.9827,3.9827,3.9827,0,0
BFC_MV,D,20190808,000000,4.0185,4.0185,4.0185,4.0185,0,0
BFC_MV,D,20190826,000000,3.94689,3.94689,3.91109,3.94689,0,0
BFC_MV,D,20190827,000000,4.05422,4.05422,4.05422,4.05422,0,0
BFC_MV,D,20190828,000000,4.0185,4.08114,4.0185,4.08114,0,0
BFC_MV,D,20190830,000000,4.08114,4.18847,4.08114,4.18847,0,0
BFC_MV,D,20190906,000000,4.43013,4.43013,4.43013,4.43013,0,0
BFC_MV,D,20190909,000000,4.49277,4.49277,4.49277,4.49277,0,0
BFC_MV,D,20190910,000000,4.56438,4.69863,4.56438,4.69863,0,0
BFC_MV,D,20190917,000000,4.52858,4.52858,4.52858,4.52858,0,0
BFC_MV,D,20190923,000000,4.35852,4.35852,4.35852,4.35852,0,0
BFC_MV,D,20191010,000000,4.32272,4.32272,4.18847,4.18847,0,0
BFC_MV,D,20191028,000000,4.26008,4.26008,4.26008,4.26008,0,0
BFC_MV,D,20191029,000000,4.26008,4.26008,4.26008,4.26008,0,0
BFC_MV,D,20191112,000000,4.0185,4.0185,4.0185,4.0185,0,0
BFC_MV,D,20191205,000000,4.08114,4.08114,4.08114,4.08114,0,0
BFC_MV,D,20191206,000000,4.18847,4.18847,4.18847,4.18847,0,0
BFC_MV,D,20191217,000000,3.94689,4.60019,3.91109,4.60019,0,0
BFC_MV,D,20200121,000000,4.15275,4.15275,4.15275,4.15275,0,0
BFC_MV,D,20200130,000000,4.0185,4.08114,3.57098,4.08114,0,0
BFC_MV,D,20200131,000000,3.9827,4.18847,3.9827,4.08114,0,0
BFC_MV,D,20200211,000000,4.18847,4.56438,4.18847,4.56438,0,0
BFC_MV,D,20200225,000000,4.28691,4.28691,4.28691,4.28691,0,0
BFC_MV,D,20200226,000000,4.08114,4.28691,4.08114,4.28691,0,0
BFC_MV,D,20200227,000000,3.91109,3.91109,3.91109,3.91109,0,0
BFC_MV,D,20200228,000000,3.67839,4.05422,3.57098,4.05422,0,0
BFC_MV,D,20200504,000000,3.43673,3.43673,3.23086,3.23086,0,0
BFC_MV,D,20200505,000000,3.57098,3.60678,3.57098,3.60678,0,0
BFC_MV,D,20200511,000000,3.60678,3.67839,3.60678,3.67839,0,0
BFC_MV,D,20200512,000000,4.32272,4.43013,4.32272,4.43013,0,0
BFC_MV,D,20200513,000000,4.32272,4.32272,4.32272,4.32272,0,0
BFC_MV,D,20200518,000000,3.50834,3.54414,3.50834,3.54414,0,0
BFC_MV,D,20200520,000000,3.91109,4.32272,3.77684,4.32272,0,0
BFC_MV,D,20200522,000000,3.81264,3.81264,3.81264,3.81264,0,0
BFC_MV,D,20200602,000000,4.26008,4.26008,4.26008,4.26008,0,0
BFC_MV,D,20200604,000000,4.62702,4.62702,4.62702,4.62702,0,0
BFC_MV,D,20200608,000000,4.62702,4.62702,4.62702,4.62702,0,0
BFC_MV,D,20200624,000000,4.66283,4.66283,4.66283,4.66283,0,0
BFC_MV,D,20200703,000000,4.66283,4.77024,4.66283,4.77024,0,0
BFC_MV,D,20200708,000000,5.07455,5.07455,5.07455,5.07455,0,0
BFC_MV,D,20200709,000000,5.07455,5.07455,5.07455,5.07455,0,0
BFC_MV,D,20200710,000000,5.07455,5.11035,5.07455,5.11035,0,0
BFC_MV,D,20200713,000000,4.9403,4.9403,4.43013,4.43013,0,0
BFC_MV,D,20200728,000000,4.43013,4.43013,4.43013,4.43013,0,0
BFC_MV,D,20200729,000000,4.43013,4.43013,4.43013,4.43013,0,0
BFC_MV,D,20200731,000000,4.43013,4.43013,4.43013,4.43013,0,0
BFC_MV,D,20200803,000000,5.11035,6.05898,5.11035,5.96054,0,0
BFC_MV,D,20200804,000000,6.02318,6.02318,5.96054,5.96054,0,0
BFC_MV,D,20200805,000000,6.02318,6.02318,6.02318,6.02318,0,0
BFC_MV,D,20200810,000000,5.92473,5.92473,5.92473,5.92473,0,0
BFC_MV,D,20200812,000000,5.92473,6.13059,5.92473,6.13059,0,0
BFC_MV,D,20200813,000000,6.13059,7.35669,6.13059,7.32098,0,0
BFC_MV,D,20200814,000000,7.38362,7.73261,7.38362,7.661,0,0
BFC_MV,D,20200818,000000,7.62519,7.62519,7.62519,7.62519,0,0
BFC_MV,D,20200819,000000,6.81081,7.15093,5.4773,6.64076,0,0
BFC_MV,D,20200820,000000,6.7034,6.7034,6.7034,6.7034,0,0
BFC_MV,D,20200821,000000,6.7392,6.7392,5.58471,5.92473,0,0
BFC_MV,D,20200824,000000,6.60495,6.60495,6.4707,6.4707,0,0
BFC_MV,D,20200825,000000,6.60495,6.60495,6.60495,6.60495,0,0
BFC_MV,D,20200826,000000,6.60495,6.60495,5.58471,6.60495,0,0
BFC_MV,D,20200918,000000,5.30724,6.26484,5.30724,6.26484,0,0
BFC_MV,D,20200928,000000,4.90449,4.90449,4.90449,4.90449,0,0
BFC_MV,D,20200929,000000,5.62052,5.62052,4.90449,4.90449,0,0
BFC_MV,D,20201007,000000,4.90449,4.90449,4.90449,4.90449,0,0
BFC_MV,D,20201008,000000,4.9403,4.9403,4.9403,4.9403,0,0
BFC_MV,D,20201014,000000,4.9403,4.9403,4.9403,4.9403,0,0
BFC_MV,D,20201015,000000,4.9403,4.9403,4.9403,4.9403,0,0
BFC_MV,D,20201019,000000,4.9403,4.9403,4.9403,4.9403,0,0
BFC_MV,D,20201021,000000,4.9403,4.9403,4.9403,4.9403,0,0
BFC_MV,D,20201104,000000,5.71896,5.71896,5.71896,5.71896,0,0
BFC_MV,D,20201124,000000,5.62052,5.71896,5.62052,5.71896,0,0
BFC_MV,D,20201201,000000,5.79048,6.77501,5.79048,6.77501,0,0
BFC_MV,D,20201207,000000,6.77501,6.77501,6.77501,6.77501,0,0
BFC_MV,D,20201215,000000,5.45047,5.45047,5.45047,5.45047,0,0
BFC_MV,D,20201216,000000,6.36329,6.36329,4.9403,4.9403,0,0
BFC_MV,D,20201217,000000,4.96713,4.96713,4.66283,4.66283,0,0
BFC_MV,D,20201221,000000,4.69863,4.69863,4.69863,4.69863,0,0
BFC_MV,D,20201229,000000,4.66283,4.66283,4.66283,4.66283,0,0
BFC_MV,D,20210111,000000,4.86869,4.86869,4.86869,4.86869,0,0
BFC_MV,D,20210122,000000,5.92473,5.92473,5.92473,5.92473,0,0
BFC_MV,D,20210125,000000,6.77501,6.77501,6.77501,6.77501,0,0
BFC_MV,D,20210201,000000,6.19323,6.19323,6.1664,6.1664,0,0
BFC_MV,D,20210204,000000,5.2088,5.62052,5.2088,5.62052,0,0
BFC_MV,D,20210205,000000,5.71896,5.71896,5.71896,5.71896,0,0
BFC_MV,D,20210212,000000,5.17299,5.17299,5.17299,5.17299,0,0
BFC_MV,D,20210215,000000,5.58471,5.58471,5.58471,5.58471,0,0
BFC_MV,D,20210218,000000,5.5131,5.5131,5.5131,5.5131,0,0
BFC_MV,D,20210226,000000,5.41466,5.41466,5.41466,5.41466,0,0
BFC_MV,D,20210309,000000,5.45047,5.45047,5.45047,5.45047,0,0
BFC_MV,D,20210315,000000,5.41466,5.41466,5.41466,5.41466,0,0
BFC_MV,D,20210316,000000,5.45047,5.45047,5.45047,5.45047,0,0
BFC_MV,D,20210324,000000,5.45047,5.45047,5.45047,5.45047,0,0
BFC_MV,D,20210325,000000,5.41466,5.41466,5.41466,5.41466,0,0
BFC_MV,D,20210330,000000,5.11035,5.11035,5.11035,5.11035,0,0
BFC_MV,D,20210331,000000,5.34305,5.79048,5.34305,5.79048,0,0
BFC_MV,D,20210407,000000,5.79048,5.79048,5.79048,5.79048,0,0
BFC_MV,D,20210416,000000,6.13059,6.30065,6.13059,6.30065,0,0
BFC_MV,D,20210419,000000,6.4707,7.79525,6.4707,7.58939,0,0
BFC_MV,D,20210420,000000,7.79525,10.2117,7.79525,9.19178,0,0
BFC_MV,D,20210421,000000,7.83105,7.83105,6.81081,7.41942,0,0
BFC_MV,D,20210422,000000,7.49094,8.51127,6.98087,7.32098,0,0
BFC_MV,D,20210423,000000,6.98087,8.20697,6.98087,8.13536,0,0
BFC_MV,D,20210426,000000,6.87345,8.07272,6.81081,6.81081,0,0
BFC_MV,D,20210427,000000,6.90926,6.94506,6.90926,6.94506,0,0
BFC_MV,D,20210428,000000,6.94506,6.94506,6.81081,6.81081,0,0
BFC_MV,D,20210429,000000,6.81081,6.94506,6.81081,6.94506,0,0
BFC_MV,D,20210430,000000,6.1664,6.4707,5.71896,6.4707,0,0
BFC_MV,D,20210504,000000,5.99634,6.4349,5.62052,5.62052,0,0
BFC_MV,D,20210505,000000,5.64735,5.64735,5.64735,5.64735,0,0
BFC_MV,D,20210510,000000,5.96054,5.96054,5.41466,5.41466,0,0
BFC_MV,D,20210511,000000,5.2088,5.2088,5.2088,5.2088,0,0
BFC_MV,D,20210513,000000,5.45047,5.45047,5.34305,5.34305,0,0
BFC_MV,D,20210514,000000,5.37885,5.96054,5.37885,5.96054,0,0
BFC_MV,D,20210517,000000,5.45047,5.96054,5.37885,5.96054,0,0
BFC_MV,D,20210519,000000,5.37885,5.79048,5.34305,5.34305,0,0
BFC_MV,D,20210520,000000,5.37885,5.37885,5.34305,5.37885,0,0
BFC_MV,D,20210521,000000,5.37885,5.37885,5.37885,5.37885,0,0
BFC_MV,D,20210525,000000,5.45047,5.81741,5.45047,5.81741,0,0
BFC_MV,D,20210526,000000,5.81741,5.81741,5.81741,5.81741,0,0
BFC_MV,D,20210527,000000,5.41466,5.81741,5.41466,5.81741,0,0
BFC_MV,D,20210528,000000,5.81741,5.85321,5.81741,5.85321,0,0
BFC_MV,D,20210531,000000,5.85321,6.19323,5.85321,6.19323,0,0
BFC_MV,D,20210602,000000,5.5131,6.19323,5.5131,6.19323,0,0
BFC_MV,D,20210604,000000,6.13059,6.13059,5.88893,5.88893,0,0
BFC_MV,D,20210607,000000,5.92473,5.92473,5.92473,5.92473,0,0
BFC_MV,D,20210608,000000,5.96054,5.96054,5.79048,5.79048,0,0
BFC_MV,D,20210615,000000,5.64735,5.75468,5.13719,5.13719,0,0
BFC_MV,D,20210616,000000,5.68316,5.96054,5.45047,5.96054,0,0
BFC_MV,D,20210618,000000,5.81741,5.85321,5.81741,5.85321,0,0
BFC_MV,D,20210622,000000,6.05898,6.09479,6.05898,6.09479,0,0
BFC_MV,D,20210625,000000,6.05898,6.19323,6.05898,6.19323,0,0
BFC_MV,D,20210628,000000,6.19323,6.22904,5.99634,6.13059,0,0
BFC_MV,D,20210629,000000,5.99634,5.99634,5.45047,5.45047,0,0
BFC_MV,D,20210630,000000,5.54891,6.13059,5.45047,5.45047,0,0
BFC_MV,D,20210701,000000,5.58471,5.58471,5.58471,5.58471,0,0
BFC_MV,D,20210702,000000,5.89912,5.89912,5.89912,5.89912,0,0
BFC_MV,D,20210707,000000,6.22633,6.22633,6.22633,6.22633,0,0
BFC_MV,D,20210712,000000,5.97391,5.97391,5.97391,5.97391,0,0
BFC_MV,D,20210714,000000,6.15153,6.15153,6.15153,6.15153,0,0
BFC_MV,D,20210715,000000,6.0487,6.0487,6.0487,6.0487,0,0
BFC_MV,D,20210721,000000,6.0487,6.0487,6.0487,6.0487,0,0
BFC_MV,D,20210722,000000,5.72149,5.72149,5.72149,5.72149,0,0
BFC_MV,D,20210729,000000,5.75888,5.75888,5.75888,5.75888,0,0
BFC_MV,D,20210730,000000,6.44135,9.246,6.44135,9.246,0,0
BFC_MV,D,20210802,000000,11.9104,13.8737,7.86237,7.86237,0,0
BFC_MV,D,20210803,000000,7.92781,8.75051,6.7966,6.97423,0,0
BFC_MV,D,20210804,000000,6.89944,7.11447,6.75921,6.75921,0,0
BFC_MV,D,20210805,000000,7.82498,7.82498,6.29177,6.7966,0,0
BFC_MV,D,20210806,000000,6.75921,6.7966,6.36656,6.72181,0,0
BFC_MV,D,20210809,000000,6.89944,6.89944,6.32916,6.32916,0,0
BFC_MV,D,20210810,000000,6.68442,6.68442,6.32916,6.32916,0,0
BFC_MV,D,20210811,000000,6.61898,6.61898,6.54419,6.61898,0,0
BFC_MV,D,20210812,000000,6.64702,6.89944,6.61898,6.61898,0,0
BFC_MV,D,20210813,000000,6.75921,6.75921,6.75921,6.75921,0,0
BFC_MV,D,20210816,000000,6.40395,6.86205,6.29177,6.86205,0,0
BFC_MV,D,20210817,000000,6.36656,6.54419,6.32916,6.44135,0,0
BFC_MV,D,20210818,000000,6.58158,6.75921,6.58158,6.75921,0,0
BFC_MV,D,20210819,000000,6.72181,6.75921,6.54419,6.54419,0,0
BFC_MV,D,20210823,000000,6.86205,7.07707,6.40395,7.03967,0,0
BFC_MV,D,20210824,000000,7.03967,7.07707,6.54419,7.07707,0,0
BFC_MV,D,20210825,000000,7.07707,7.07707,7.07707,7.07707,0,0
BFC_MV,D,20210826,000000,6.58158,6.86205,5.93651,6.86205,0,0
BFC_MV,D,20210827,000000,6.75921,6.75921,6.40395,6.75921,0,0
BFC_MV,D,20210830,000000,6.75921,6.97423,6.4694,6.97423,0,0
BFC_MV,D,20210831,000000,7.03967,7.46972,7.03967,7.35753,0,0
BFC_MV,D,20210901,000000,7.35753,7.35753,7.11447,7.11447,0,0
BFC_MV,D,20210902,000000,7.29209,7.29209,7.11447,7.17991,0,0
BFC_MV,D,20210903,000000,7.17991,7.2547,7.17991,7.17991,0,0
BFC_MV,D,20210906,000000,7.53516,7.53516,7.50712,7.50712,0,0
BFC_MV,D,20210907,000000,7.50712,7.50712,6.97423,6.97423,0,0
BFC_MV,D,20210908,000000,7.53516,7.53516,7.46972,7.46972,0,0
BFC_MV,D,20210909,000000,7.53516,7.53516,7.53516,7.53516,0,0
BFC_MV,D,20210910,000000,7.53516,7.53516,7.46972,7.46972,0,0
BFC_MV,D,20210913,000000,7.46972,7.46972,7.00228,7.00228,0,0
BFC_MV,D,20210914,000000,7.46972,7.46972,7.46972,7.46972,0,0
BFC_MV,D,20210915,000000,7.53516,7.53516,7.50712,7.50712,0,0
BFC_MV,D,20210916,000000,7.53516,7.53516,7.53516,7.53516,0,0
BFC_MV,D,20210917,000000,7.53516,7.53516,7.46972,7.46972,0,0
BFC_MV,D,20210920,000000,7.46972,7.46972,6.93684,6.93684,0,0
BFC_MV,D,20210921,000000,6.93684,6.93684,6.93684,6.93684,0,0
BFC_MV,D,20210922,000000,7.46972,7.46972,7.46972,7.46972,0,0
BFC_MV,D,20210927,000000,7.43233,7.43233,6.93684,7.2547,0,0
BFC_MV,D,20210928,000000,7.35753,7.35753,6.97423,6.97423,0,0
BFC_MV,D,20210929,000000,7.2547,7.2547,7.2547,7.2547,0,0
BFC_MV,D,20210930,000000,7.2547,7.2547,7.00228,7.00228,0,0
BFC_MV,D,20211001,000000,7.2547,7.29209,7.2547,7.29209,0,0
BFC_MV,D,20211004,000000,7.68474,7.68474,6.97423,6.97423,0,0
BFC_MV,D,20211005,000000,6.97423,6.97423,6.93684,6.97423,0,0
BFC_MV,D,20211006,000000,7.35753,7.35753,7.35753,7.35753,0,0
BFC_MV,D,20211007,000000,7.29209,7.29209,6.97423,6.97423,0,0
BFC_MV,D,20211008,000000,7.29209,7.29209,6.82465,6.82465,0,0
BFC_MV,D,20211011,000000,7.2173,7.2173,7.2173,7.2173,0,0
BFC_MV,D,20211012,000000,7.2173,7.2173,7.2173,7.2173,0,0
BFC_MV,D,20211013,000000,7.2173,7.2173,6.97423,6.97423,0,0
BFC_MV,D,20211014,000000,7.15186,7.2173,7.15186,7.2173,0,0
BFC_MV,D,20211015,000000,6.97423,7.43233,6.97423,7.43233,0,0
BFC_MV,D,20211018,000000,7.46972,7.82498,7.46972,7.68474,0,0
BFC_MV,D,20211019,000000,7.68474,7.82498,7.68474,7.78758,0,0
BFC_MV,D,20211020,000000,7.71279,8.89074,7.71279,7.82498,0,0
BFC_MV,D,20211021,000000,8.53549,8.53549,7.82498,8.49809,0,0
BFC_MV,D,20211022,000000,8.4607,8.89074,8.35786,8.81595,0,0
BFC_MV,D,20211025,000000,8.71312,8.71312,8.10544,8.67572,0,0
BFC_MV,D,20211026,000000,8.67572,8.67572,8.0774,8.0774,0,0
BFC_MV,D,20211027,000000,8.71312,8.71312,8.67572,8.67572,0,0
BFC_MV,D,20211028,000000,8.71312,9.16186,8.71312,9.16186,0,0
BFC_MV,D,20211029,000000,9.87237,9.87237,9.87237,9.87237,0,0
BFC_MV,D,20211102,000000,9.33949,9.33949,7.46972,8.10544,0,0
BFC_MV,D,20211103,000000,8.0026,8.10544,8.0026,8.0026,0,0
BFC_MV,D,20211104,000000,7.92781,8.18023,7.75019,7.75019,0,0
BFC_MV,D,20211105,000000,7.89042,7.89042,7.46972,7.64735,0,0
BFC_MV,D,20211108,000000,7.64735,7.64735,7.64735,7.64735,0,0
BFC_MV,D,20211109,000000,7.60995,7.60995,7.43233,7.43233,0,0
BFC_MV,D,20211110,000000,7.60995,7.60995,7.60995,7.60995,0,0
BFC_MV,D,20211112,000000,7.60995,7.60995,7.60995,7.60995,0,0
BFC_MV,D,20211115,000000,7.64735,7.64735,7.64735,7.64735,0,0
BFC_MV,D,20211116,000000,7.46972,7.46972,7.39493,7.39493,0,0
BFC_MV,D,20211117,000000,7.46972,7.46972,7.46972,7.46972,0,0
BFC_MV,D,20211118,000000,7.46972,7.46972,7.46972,7.46972,0,0
BFC_MV,D,20211119,000000,7.64735,7.64735,7.11447,7.46972,0,0
BFC_MV,D,20211122,000000,7.57256,7.57256,7.57256,7.57256,0,0
BFC_MV,D,20211123,000000,7.57256,7.57256,7.17991,7.57256,0,0
BFC_MV,D,20211124,000000,7.53516,7.53516,7.53516,7.53516,0,0
BFC_MV,D,20211125,000000,7.57256,7.57256,7.57256,7.57256,0,0
BFC_MV,D,20211126,000000,7.57256,7.57256,7.57256,7.57256,0,0
BFC_MV,D,20211130,000000,7.11447,7.43233,7.11447,7.43233,0,0
BFC_MV,D,20211201,000000,7.11447,7.29209,7.11447,7.29209,0,0
BFC_MV,D,20211202,000000,7.03967,7.2173,7.03967,7.2173,0,0
BFC_MV,D,20211203,000000,7.17991,7.64735,7.17991,7.39493,0,0
BFC_MV,D,20211206,000000,7.35753,7.64735,7.35753,7.64735,0,0
BFC_MV,D,20211207,000000,7.64735,7.64735,7.64735,7.64735,0,0
BFC_MV,D,20211208,000000,7.50712,7.50712,7.50712,7.50712,0,0
BFC_MV,D,20211209,000000,8.14284,8.14284,7.89042,7.89042,0,0
BFC_MV,D,20211210,000000,7.64735,7.64735,7.64735,7.64735,0,0
BFC_MV,D,20211213,000000,7.64735,8.89074,7.64735,8.71312,0,0
BFC_MV,D,20211214,000000,8.57288,8.57288,7.64735,7.64735,0,0
BFC_MV,D,20211215,000000,8.53549,8.89074,8.0026,8.32047,0,0
BFC_MV,D,20211216,000000,7.86237,8.10544,7.71279,8.10544,0,0
BFC_MV,D,20211217,000000,7.64735,7.64735,7.64735,7.64735,0,0
BFC_MV,D,20211220,000000,7.64735,7.64735,7.46972,7.46972,0,0
BFC_MV,D,20211221,000000,7.29209,7.29209,7.29209,7.29209,0,0
BFC_MV,D,20211222,000000,6.97423,6.97423,6.40395,6.40395,0,0
BFC_MV,D,20211223,000000,7.43233,7.96521,7.43233,7.96521,0,0
BFC_MV,D,20211227,000000,7.11447,7.11447,7.11447,7.11447,0,0
BFC_MV,D,20211228,000000,7.60995,7.96521,7.60995,7.92781,0,0
BFC_MV,D,20211229,000000,7.89042,7.89042,6.7966,7.60995,0,0
BFC_MV,D,20211230,000000,7.64735,7.64735,7.46972,7.46972,0,0
BFC_MV,D,20220103,000000,7.46972,7.46972,7.46972,7.46972,0,0
BFC_MV,D,20220104,000000,7.75019,7.75019,7.46972,7.46972,0,0
BFC_MV,D,20220105,000000,7.64735,7.64735,7.46972,7.64735,0,0
BFC_MV,D,20220107,000000,7.64735,7.64735,7.29209,7.29209,0,0
BFC_MV,D,20220110,000000,7.29209,7.60995,7.11447,7.60995,0,0
BFC_MV,D,20220111,000000,7.60995,7.60995,7.60995,7.60995,0,0
BFC_MV,D,20220112,000000,7.60995,7.60995,7.60995,7.60995,0,0
BFC_MV,D,20220113,000000,7.60995,7.60995,7.60995,7.60995,0,0
BFC_MV,D,20220114,000000,7.60995,7.60995,7.60995,7.60995,0,0
BFC_MV,D,20220117,000000,7.60995,7.60995,7.60995,7.60995,0,0
BFC_MV,D,20220118,000000,7.60995,7.60995,7.60995,7.60995,0,0
BFC_MV,D,20220119,000000,7.60995,7.60995,7.60995,7.60995,0,0
BFC_MV,D,20220120,000000,7.60995,7.60995,7.60995,7.60995,0,0
BFC_MV,D,20220121,000000,7.46972,7.46972,7.29209,7.29209,0,0
BFC_MV,D,20220124,000000,6.97423,7.86237,6.97423,7.86237,0,0
BFC_MV,D,20220125,000000,7.82498,7.82498,7.82498,7.82498,0,0
BFC_MV,D,20220126,000000,6.93684,6.93684,6.93684,6.93684,0,0
BFC_MV,D,20220128,000000,7.15186,7.15186,7.15186,7.15186,0,0
BFC_MV,D,20220131,000000,7.86237,7.86237,7.64735,7.64735,0,0
BFC_MV,D,20220201,000000,7.60995,7.60995,7.46972,7.46972,0,0
BFC_MV,D,20220202,000000,7.75019,7.75019,7.75019,7.75019,0,0
BFC_MV,D,20220203,000000,7.75019,7.75019,7.75019,7.75019,0,0
BFC_MV,D,20220207,000000,7.75019,7.75019,6.97423,6.97423,0,0
BFC_MV,D,20220208,000000,6.97423,7.07707,6.75921,7.07707,0,0
BFC_MV,D,20220209,000000,7.07707,7.64735,6.93684,6.93684,0,0
BFC_MV,D,20220210,000000,7.57256,7.57256,7.29209,7.29209,0,0
BFC_MV,D,20220211,000000,7.68474,7.68474,7.29209,7.29209,0,0
BFC_MV,D,20220214,000000,7.29209,7.29209,7.11447,7.11447,0,0
BFC_MV,D,20220215,000000,7.29209,7.29209,6.93684,6.93684,0,0
BFC_MV,D,20220216,000000,7.29209,7.29209,7.29209,7.29209,0,0
BFC_MV,D,20220217,000000,7.29209,7.29209,7.29209,7.29209,0,0
BFC_MV,D,20220218,000000,7.29209,7.29209,7.29209,7.29209,0,0
BFC_MV,D,20220221,000000,7.29209,7.29209,6.93684,6.93684,0,0
BFC_MV,D,20220222,000000,7.2173,7.2173,7.2173,7.2173,0,0
BFC_MV,D,20220223,000000,7.2173,7.2173,7.2173,7.2173,0,0
BFC_MV,D,20220224,000000,6.64702,6.64702,6.40395,6.44135,0,0
BFC_MV,D,20220225,000000,7.11447,7.11447,7.11447,7.11447,0,0
BFC_MV,D,20220228,000000,7.03967,7.07707,7.03967,7.07707,0,0
BFC_MV,D,20220301,000000,7.07707,7.07707,7.07707,7.07707,0,0
BFC_MV,D,20220302,000000,7.07707,7.07707,7.07707,7.07707,0,0
BFC_MV,D,20220303,000000,6.93684,6.93684,6.93684,6.93684,0,0
BFC_MV,D,20220304,000000,6.89944,6.89944,6.58158,6.58158,0,0
BFC_MV,D,20220307,000000,6.72181,6.72181,6.58158,6.58158,0,0
BFC_MV,D,20220308,000000,6.7966,6.7966,6.40395,6.40395,0,0
BFC_MV,D,20220309,000000,6.7966,6.7966,6.40395,6.40395,0,0
BFC_MV,D,20220310,000000,6.58158,6.58158,6.58158,6.58158,0,0
BFC_MV,D,20220311,000000,6.75921,6.75921,6.75921,6.75921,0,0
BFC_MV,D,20220314,000000,6.58158,6.58158,6.58158,6.58158,0,0
BFC_MV,D,20220315,000000,6.72181,6.72181,6.40395,6.40395,0,0
BFC_MV,D,20220316,000000,6.64702,6.64702,6.29177,6.29177,0,0
BFC_MV,D,20220317,000000,6.64702,6.64702,6.58158,6.58158,0,0
BFC_MV,D,20220318,000000,6.72181,6.72181,6.72181,6.72181,0,0
BFC_MV,D,20220321,000000,6.72181,6.72181,6.72181,6.72181,0,0
BFC_MV,D,20220322,000000,6.72181,6.72181,6.72181,6.72181,0,0
BFC_MV,D,20220323,000000,6.64702,6.64702,6.64702,6.64702,0,0
BFC_MV,D,20220324,000000,6.75921,6.75921,6.75921,6.75921,0,0
BFC_MV,D,20220325,000000,6.72181,6.72181,6.72181,6.72181,0,0
BFC_MV,D,20220328,000000,6.72181,6.72181,6.72181,6.72181,0,0
BFC_MV,D,20220329,000000,6.72181,6.72181,6.72181,6.72181,0,0
BFC_MV,D,20220330,000000,6.72181,6.72181,6.72181,6.72181,0,0
BFC_MV,D,20220331,000000,6.72181,6.72181,6.72181,6.72181,0,0
BFC_MV,D,20220401,000000,6.72181,6.72181,6.72181,6.72181,0,0
BFC_MV,D,20220404,000000,6.72181,6.72181,6.72181,6.72181,0,0
BFC_MV,D,20220405,000000,6.72181,6.72181,6.72181,6.72181,0,0
BFC_MV,D,20220406,000000,6.72181,6.72181,6.72181,6.72181,0,0
BFC_MV,D,20220407,000000,6.72181,6.72181,6.72181,6.72181,0,0
BFC_MV,D,20220408,000000,6.72181,6.72181,6.72181,6.72181,0,0
BFC_MV,D,20220419,000000,6.72181,6.72181,6.58158,6.58158,0,0
BFC_MV,D,20220420,000000,6.72181,6.72181,6.50679,6.50679,0,0
BFC_MV,D,20220421,000000,6.40395,6.75921,6.40395,6.75921,0,0
BFC_MV,D,20220422,000000,6.72181,6.72181,6.4694,6.4694,0,0
BFC_MV,D,20220425,000000,6.72181,6.72181,6.72181,6.72181,0,0
BFC_MV,D,20220426,000000,6.72181,6.72181,6.72181,6.72181,0,0
BFC_MV,D,20220427,000000,6.72181,6.72181,6.44135,6.4694,0,0
BFC_MV,D,20220428,000000,6.68442,6.68442,6.68442,6.68442,0,0
BFC_MV,D,20220429,000000,6.64702,6.75921,6.64702,6.75921,0,0
BFC_MV,D,20220502,000000,6.75921,6.75921,6.75921,6.75921,0,0
BFC_MV,D,20220504,000000,6.75921,7.71279,6.75921,7.71279,0,0
BFC_MV,D,20220505,000000,7.60995,7.60995,7.57256,7.57256,0,0
BFC_MV,D,20220506,000000,7.57256,7.57256,7.57256,7.57256,0,0
BFC_MV,D,20220509,000000,7.57256,7.57256,7.57256,7.57256,0,0
BFC_MV,D,20220510,000000,7.53516,7.53516,7.53516,7.53516,0,0
BFC_MV,D,20220511,000000,7.46972,7.46972,7.46972,7.46972,0,0
BFC_MV,D,20220512,000000,7.17991,7.17991,6.7966,6.7966,0,0
BFC_MV,D,20220513,000000,7.39493,7.39493,7.39493,7.39493,0,0
BFC_MV,D,20220516,000000,7.39493,7.39493,7.39493,7.39493,0,0
BFC_MV,D,20220517,000000,7.39493,7.39493,7.39493,7.39493,0,0
BFC_MV,D,20220518,000000,7.39493,7.39493,7.39493,7.39493,0,0
BFC_MV,D,20220519,000000,7.39493,7.46972,7.39493,7.46972,0,0
BFC_MV,D,20220520,000000,7.46972,7.46972,7.11447,7.29209,0,0
BFC_MV,D,20220523,000000,7.46972,7.46972,7.46972,7.46972,0,0
BFC_MV,D,20220524,000000,7.46972,7.46972,7.46972,7.46972,0,0
BFC_MV,D,20220525,000000,7.46972,7.89042,7.46972,7.46972,0,0
BFC_MV,D,20220526,000000,8.0026,8.0026,7.46972,7.46972,0,0
BFC_MV,D,20220527,000000,7.86237,7.86237,7.86237,7.86237,0,0
BFC_MV,D,20220530,000000,7.39493,7.39493,7.39493,7.39493,0,0
BFC_MV,D,20220531,000000,7.82498,7.82498,7.29209,7.29209,0,0
BFC_MV,D,20220601,000000,7.15186,7.29209,7.15186,7.29209,0,0
BFC_MV,D,20220602,000000,7.71279,7.82498,7.71279,7.82498,0,0
BFC_MV,D,20220603,000000,7.78758,7.78758,7.75019,7.75019,0,0
BFC_MV,D,20220607,000000,7.71279,7.71279,7.71279,7.71279,0,0
BFC_MV,D,20220608,000000,7.64735,7.64735,7.64735,7.64735,0,0
BFC_MV,D,20220609,000000,7.71279,7.71279,7.64735,7.64735,0,0
BFC_MV,D,20220610,000000,6.85,8.14,6.85,8.14,0,0
BFC_MV,D,20220613,000000,8.14,8.14,8.14,8.14,0,0
BFC_MV,D,20220614,000000,8.06,8.06,8.06,8.06,0,0
BFC_MV,D,20220615,000000,8.1,8.1,8.1,8.1,0,0
BFC_MV,D,20220620,000000,7.57,7.57,6.85,6.85,0,0
BFC_MV,D,20220621,000000,7.61,7.61,7.57,7.57,0,0
BFC_MV,D,20220622,000000,7.61,7.61,7.61,7.61,0,0
BFC_MV,D,20220623,000000,7.61,7.61,7.61,7.61,0,0
BFC_MV,D,20220627,000000,7.61,7.61,7.61,7.61,0,0
BFC_MV,D,20220628,000000,7.61,7.61,7.23,7.23,0,0
BFC_MV,D,20220629,000000,7.61,7.61,7.61,7.61,0,0
BFC_MV,D,20220630,000000,7.61,7.61,7.61,7.61,0,0
BFC_MV,D,20220701,000000,7.61,7.61,7.61,7.61,0,0
BFC_MV,D,20220706,000000,7.57,7.57,7.57,7.57,0,0
BFC_MV,D,20220707,000000,7.04,7.04,7.04,7.04,0,0
BFC_MV,D,20220708,000000,7.04,7.04,6.77,6.77,0,0
BFC_MV,D,20220711,000000,6.85,6.85,6.85,6.85,0,0
BFC_MV,D,20220712,000000,7.53,7.53,7.53,7.53,0,0
BFC_MV,D,20220713,000000,7.49,7.49,7.49,7.49,0,0
BFC_MV,D,20220714,000000,7.49,7.49,7.49,7.49,0,0
BFC_MV,D,20220715,000000,7.49,7.49,6.89,6.89,0,0
BFC_MV,D,20220718,000000,7.49,7.49,7.49,7.49,0,0
BFC_MV,D,20220719,000000,7.49,7.49,7.49,7.49,0,0
BFC_MV,D,20220720,000000,7.49,7.49,7.49,7.49,0,0
BFC_MV,D,20220721,000000,7.49,7.49,6.77,6.77,0,0
BFC_MV,D,20220722,000000,7.46,7.49,7.46,7.49,0,0
BFC_MV,D,20220725,000000,7.42,7.61,7.11,7.61,0,0
BFC_MV,D,20220726,000000,7.61,7.61,6.81,6.81,0,0
BFC_MV,D,20220727,000000,7.57,8.29,7.57,8.29,0,0
BFC_MV,D,20220728,000000,8.29,8.29,8.29,8.29,0,0
BFC_MV,D,20220729,000000,7.61,7.61,7.11,7.38,0,0
BFC_MV,D,20220801,000000,7.57,7.57,7.08,7.08,0,0
BFC_MV,D,20220802,000000,7.46,7.46,7.08,7.08,0,0
BFC_MV,D,20220803,000000,7.42,7.42,7.42,7.42,0,0
BFC_MV,D,20220804,000000,7.42,7.42,7.42,7.42,0,0
BFC_MV,D,20220805,000000,7.42,7.42,7.42,7.42,0,0
BFC_MV,D,20220808,000000,7.42,8.25,7.42,8.25,0,0
BFC_MV,D,20220809,000000,8.14,8.14,8.14,8.14,0,0
BFC_MV,D,20220810,000000,7.8,7.8,7.8,7.8,0,0
BFC_MV,D,20220811,000000,7.87,7.87,7.87,7.87,0,0
BFC_MV,D,20220812,000000,7.72,7.72,7.72,7.72,0,0
BFC_MV,D,20220822,000000,7.65,7.65,7.65,7.65,0,0
BFC_MV,D,20220823,000000,7.65,7.65,7.15,7.15,0,0
BFC_MV,D,20220824,000000,6.81,7.61,6.81,7.42,0,0
BFC_MV,D,20220826,000000,7.57,7.57,7.57,7.57,0,0
BFC_MV,D,20220829,000000,7.49,7.49,6.77,6.77,0,0
BFC_MV,D,20220830,000000,7.49,7.49,7.49,7.49,0,0
BFC_MV,D,20220831,000000,7.46,7.46,7.46,7.46,0,0
BFC_MV,D,20220901,000000,7.04,7.04,7.04,7.04,0,0
BFC_MV,D,20220902,000000,7.38,7.38,7.04,7.04,0,0
BFC_MV,D,20220905,000000,7.04,7.04,7.04,7.04,0,0
