<TICKER>,<PER>,<DATE>,<TIME>,<OPEN>,<HIGH>,<LOW>,<CLOSE>,<VOL>,<OPENINT>
CFG_MV,D,20180525,000000,85.34,85.34,85.34,85.34,0,0
CFG_MV,D,20180528,000000,86.14,96.01,79.74,82.68,0,0
CFG_MV,D,20180529,000000,82.14,85.34,73.88,85.34,0,0
CFG_MV,D,20180530,000000,87.98,93.35,76.33,93.35,0,0
CFG_MV,D,20180601,000000,85.4,96.52,81.61,82.41,0,0
CFG_MV,D,20180604,000000,86.41,86.41,77.34,82.68,0,0
CFG_MV,D,20180605,000000,82.68,90.12,77.16,86.28,0,0
CFG_MV,D,20180606,000000,88.54,89.88,80.14,89.88,0,0
CFG_MV,D,20180607,000000,89.34,91.42,83.74,90.68,0,0
CFG_MV,D,20180608,000000,90.68,90.68,84.01,89.21,0,0
CFG_MV,D,20180611,000000,89.74,89.77,83.16,83.21,0,0
CFG_MV,D,20180612,000000,82.68,85.61,82.68,82.68,0,0
CFG_MV,D,20180613,000000,85.18,85.18,81.34,81.61,0,0
CFG_MV,D,20180614,000000,82.68,85.13,81.34,84.81,0,0
CFG_MV,D,20180615,000000,85.1,87.74,82.68,82.68,0,0
CFG_MV,D,20180618,000000,86.33,86.33,81.88,86.25,0,0
CFG_MV,D,20180619,000000,85.34,87.45,84.01,87.45,0,0
CFG_MV,D,20180620,000000,87.74,94.95,87.74,94.95,0,0
CFG_MV,D,20180621,000000,94.92,97.08,88.01,97.08,0,0
CFG_MV,D,20180622,000000,97.08,97.08,90.68,94.68,0,0
CFG_MV,D,20180625,000000,95.75,95.75,90.2,91.34,0,0
CFG_MV,D,20180626,000000,92.73,92.73,83.64,89.08,0,0
CFG_MV,D,20180627,000000,89.08,90.68,84.01,90.68,0,0
CFG_MV,D,20180628,000000,91.48,96.01,86.14,96.01,0,0
CFG_MV,D,20180629,000000,94.68,101.35,92.01,101.35,0,0
CFG_MV,D,20180702,000000,101.35,103.75,96.01,96.01,0,0
CFG_MV,D,20180703,000000,99.27,99.27,92.01,97.83,0,0
CFG_MV,D,20180704,000000,97.88,101.08,97.88,101.08,0,0
CFG_MV,D,20180705,000000,94.97,103.75,94.97,103.75,0,0
CFG_MV,D,20180706,000000,103.75,104.01,100.28,102.17,0,0
CFG_MV,D,20180709,000000,103.88,106.39,101.35,105.88,0,0
CFG_MV,D,20180710,000000,106.15,109.88,106.15,109.35,0,0
CFG_MV,D,20180711,000000,110.68,122.63,110.68,115.96,0,0
CFG_MV,D,20180712,000000,120.02,120.02,116.07,116.07,0,0
CFG_MV,D,20180713,000000,116.01,119.88,116.01,117.19,0,0
CFG_MV,D,20180716,000000,121.54,121.54,114.71,117.24,0,0
CFG_MV,D,20180717,000000,119.75,119.75,113.61,116.55,0,0
CFG_MV,D,20180718,000000,116.28,116.28,114.68,115.75,0,0
CFG_MV,D,20180719,000000,118.41,118.41,114.41,116.68,0,0
CFG_MV,D,20180720,000000,117.29,117.35,114.68,114.68,0,0
CFG_MV,D,20180723,000000,113.88,114.68,113.35,114.68,0,0
CFG_MV,D,20180724,000000,114.68,114.68,112.28,114.28,0,0
CFG_MV,D,20180725,000000,114.68,114.68,112.55,112.55,0,0
CFG_MV,D,20180726,000000,117.88,117.88,112.01,114.65,0,0
CFG_MV,D,20180727,000000,115.24,119.75,113.91,116.76,0,0
CFG_MV,D,20180730,000000,117.35,127.22,117.35,117.61,0,0
CFG_MV,D,20180731,000000,118.68,124.02,115.8,124.02,0,0
CFG_MV,D,20180801,000000,123.75,123.75,120.02,122.28,0,0
CFG_MV,D,20180802,000000,122.92,132.02,122.92,132.02,0,0
CFG_MV,D,20180803,000000,137.35,148.15,137.35,141.35,0,0
CFG_MV,D,20180806,000000,144.02,144.02,133.35,134.95,0,0
CFG_MV,D,20180807,000000,133.35,133.35,125.35,129.35,0,0
CFG_MV,D,20180808,000000,135.46,136.52,128.02,128.31,0,0
CFG_MV,D,20180809,000000,132.28,132.28,121.35,125.22,0,0
CFG_MV,D,20180810,000000,125.88,126.39,117.61,123.06,0,0
CFG_MV,D,20180813,000000,123.08,128.55,120.04,122.68,0,0
CFG_MV,D,20180814,000000,124.02,126.68,121.38,125.08,0,0
CFG_MV,D,20180816,000000,93.35,100.41,80.01,82.14,0,0
CFG_MV,D,20180817,000000,87.48,87.48,74.14,83.61,0,0
CFG_MV,D,20180820,000000,85.34,86.06,80.01,80.01,0,0
CFG_MV,D,20180821,000000,77.61,84.25,77.61,84.01,0,0
CFG_MV,D,20180822,000000,82.44,82.44,78.68,80.01,0,0
CFG_MV,D,20180823,000000,80.52,80.52,70.7,72.81,0,0
CFG_MV,D,20180824,000000,73.34,78.68,72.01,76.28,0,0
CFG_MV,D,20180827,000000,80.01,80.01,72.12,72.12,0,0
CFG_MV,D,20180828,000000,74.54,74.54,66.68,69.08,0,0
CFG_MV,D,20180829,000000,65.37,74.65,64.01,73.88,0,0
CFG_MV,D,20180830,000000,74.68,76.01,70.44,73.21,0,0
CFG_MV,D,20180831,000000,73.08,73.08,65.34,66.01,0,0
CFG_MV,D,20180903,000000,68.01,68.01,60.7,65.07,0,0
CFG_MV,D,20180904,000000,66.41,66.41,53.13,54.01,0,0
CFG_MV,D,20180905,000000,56.01,58.14,49.77,55.95,0,0
CFG_MV,D,20180906,000000,53.63,55.87,49.61,55.87,0,0
CFG_MV,D,20180907,000000,54.67,54.67,49.87,51.02,0,0
CFG_MV,D,20180910,000000,51.98,52.54,46.67,47.98,0,0
CFG_MV,D,20180911,000000,50.81,52.27,46.94,50.38,0,0
CFG_MV,D,20180912,000000,51.61,52.01,50.14,51.61,0,0
CFG_MV,D,20180913,000000,51.71,57.34,51.71,55.69,0,0
CFG_MV,D,20180914,000000,55.74,63.42,55.74,61.31,0,0
CFG_MV,D,20180917,000000,61.34,62.65,56.33,56.33,0,0
CFG_MV,D,20180918,000000,58.67,58.67,56.03,56.03,0,0
CFG_MV,D,20180919,000000,58.51,58.51,53.1,53.34,0,0
CFG_MV,D,20180920,000000,56.01,56.01,49.34,50.01,0,0
CFG_MV,D,20180921,000000,53.34,54.65,50.94,52.27,0,0
CFG_MV,D,20180924,000000,54.51,54.51,52.54,52.54,0,0
CFG_MV,D,20180925,000000,53.55,53.55,49.07,52.01,0,0
CFG_MV,D,20180926,000000,52.94,54.14,46.46,46.46,0,0
CFG_MV,D,20180927,000000,46.46,46.46,43.47,43.9,0,0
CFG_MV,D,20180928,000000,44.01,45.85,43.74,43.79,0,0
CFG_MV,D,20181001,000000,44.01,45.34,42.14,44.78,0,0
CFG_MV,D,20181002,000000,46.11,46.11,43.47,43.47,0,0
CFG_MV,D,20181003,000000,44.97,44.97,43.02,43.53,0,0
CFG_MV,D,20181004,000000,43.5,45.34,42.67,43.63,0,0
CFG_MV,D,20181005,000000,44.54,44.54,42.67,43.98,0,0
CFG_MV,D,20181008,000000,44.01,44.01,40.01,41.34,0,0
CFG_MV,D,20181009,000000,41.29,43.98,39.47,41.34,0,0
CFG_MV,D,20181010,000000,41.34,42.67,40.27,40.27,0,0
CFG_MV,D,20181011,000000,38.94,42.67,37.92,42.67,0,0
CFG_MV,D,20181012,000000,44.41,44.41,42.67,43.98,0,0
CFG_MV,D,20181015,000000,44.41,50.41,44.41,46.67,0,0
CFG_MV,D,20181016,000000,49.87,49.87,43.71,45.79,0,0
CFG_MV,D,20181017,000000,45.58,45.58,41.95,43.87,0,0
CFG_MV,D,20181018,000000,43.87,44.27,42.67,44.01,0,0
CFG_MV,D,20181019,000000,45.26,45.26,42.75,44.27,0,0
CFG_MV,D,20181022,000000,44.33,44.41,39.63,39.98,0,0
CFG_MV,D,20181023,000000,40.01,45.07,38.4,39.42,0,0
CFG_MV,D,20181024,000000,39.34,40.94,36.67,37.34,0,0
CFG_MV,D,20181025,000000,36.94,36.94,33.28,35.18,0,0
CFG_MV,D,20181026,000000,34.67,34.67,31.87,32.48,0,0
CFG_MV,D,20181029,000000,32.48,35.6,32.06,35.2,0,0
CFG_MV,D,20181030,000000,35.47,37.6,34.67,36.64,0,0
CFG_MV,D,20181031,000000,37.47,37.47,34.7,36.4,0,0
CFG_MV,D,20181102,000000,34.94,39.66,34.22,39.5,0,0
CFG_MV,D,20181105,000000,42.94,42.94,40.01,41.26,0,0
CFG_MV,D,20181106,000000,42.09,42.14,40.01,40.81,0,0
CFG_MV,D,20181107,000000,41.21,41.21,37.39,39.2,0,0
CFG_MV,D,20181108,000000,41.1,41.1,36,38.64,0,0
CFG_MV,D,20181109,000000,37.34,37.34,33.34,34.4,0,0
CFG_MV,D,20181113,000000,34.88,34.88,31.07,32,0,0
CFG_MV,D,20181114,000000,32,36,30.67,35.6,0,0
CFG_MV,D,20181115,000000,36,36,31.74,31.98,0,0
CFG_MV,D,20181116,000000,31.98,32,29.63,32,0,0
CFG_MV,D,20181119,000000,32,33.28,29.95,30.67,0,0
CFG_MV,D,20181120,000000,31.92,31.92,28.67,30.62,0,0
CFG_MV,D,20181121,000000,30.67,30.67,28,29.34,0,0
CFG_MV,D,20181122,000000,30.08,30.4,28.27,29.6,0,0
CFG_MV,D,20181123,000000,32,32.4,30.48,32,0,0
CFG_MV,D,20181126,000000,32.51,35.6,31.2,32,0,0
CFG_MV,D,20181127,000000,33.07,33.07,30,31.74,0,0
CFG_MV,D,20181128,000000,32,32,31.66,31.98,0,0
CFG_MV,D,20181129,000000,33.2,33.2,30.8,31.79,0,0
CFG_MV,D,20181130,000000,30.7,32.32,30.67,31.95,0,0
CFG_MV,D,20181203,000000,33.12,33.12,30.86,31.79,0,0
CFG_MV,D,20181204,000000,32,32,30.43,31.98,0,0
CFG_MV,D,20181205,000000,31.95,32.54,31.26,32.54,0,0
CFG_MV,D,20181206,000000,32,37.07,32,34.88,0,0
CFG_MV,D,20181207,000000,36.14,38.67,35.98,37.6,0,0
CFG_MV,D,20181210,000000,38.14,39.87,37.34,38.35,0,0
CFG_MV,D,20181211,000000,38.67,38.67,36.06,36.8,0,0
CFG_MV,D,20181212,000000,36.27,36.8,34.67,34.67,0,0
CFG_MV,D,20181213,000000,36,36,32.86,34.62,0,0
CFG_MV,D,20181214,000000,34.62,34.62,32.43,34.38,0,0
CFG_MV,D,20181217,000000,34.67,35.6,33.39,33.87,0,0
CFG_MV,D,20181218,000000,34.4,34.4,31.2,33.07,0,0
CFG_MV,D,20181219,000000,34.4,34.4,31.9,32.8,0,0
CFG_MV,D,20181220,000000,32,34.46,30.67,31.66,0,0
CFG_MV,D,20181221,000000,32.83,33.34,30.72,30.72,0,0
CFG_MV,D,20181227,000000,32,32,30.4,31.84,0,0
CFG_MV,D,20181228,000000,31.87,32.51,30,31.95,0,0
CFG_MV,D,20190102,000000,30.16,34.67,30.16,33.26,0,0
CFG_MV,D,20190103,000000,33.58,33.58,32,32.27,0,0
CFG_MV,D,20190104,000000,33.47,33.47,31.28,32.94,0,0
CFG_MV,D,20190107,000000,32.91,35.18,32.91,34.64,0,0
CFG_MV,D,20190108,000000,34.16,35.98,33.6,33.95,0,0
CFG_MV,D,20190109,000000,34.94,35.47,34.4,34.67,0,0
CFG_MV,D,20190110,000000,35.47,36.94,34.4,35.95,0,0
CFG_MV,D,20190111,000000,36.22,38.4,36.22,36.64,0,0
CFG_MV,D,20190114,000000,37.87,37.87,36.67,37.18,0,0
CFG_MV,D,20190115,000000,36.64,37.87,36.54,37.6,0,0
CFG_MV,D,20190116,000000,38.4,38.62,37.34,37.87,0,0
CFG_MV,D,20190117,000000,38,38,36.4,36.4,0,0
CFG_MV,D,20190118,000000,37.34,37.84,36.62,37.34,0,0
CFG_MV,D,20190121,000000,37.87,37.87,30.4,34,0,0
CFG_MV,D,20190122,000000,34,37.31,33.34,37.31,0,0
CFG_MV,D,20190123,000000,37.34,38.62,36.54,37.34,0,0
CFG_MV,D,20190124,000000,37.87,38.32,36.56,38.06,0,0
CFG_MV,D,20190125,000000,38.03,41.18,36.08,36.11,0,0
CFG_MV,D,20190128,000000,37.34,37.34,34.24,36.19,0,0
CFG_MV,D,20190129,000000,31.95,32.51,29.34,30.62,0,0
CFG_MV,D,20190130,000000,26.4,26.67,21.47,21.47,0,0
CFG_MV,D,20190131,000000,20.86,25.31,20.86,24.32,0,0
CFG_MV,D,20190201,000000,25.31,25.31,22.64,23.04,0,0
CFG_MV,D,20190204,000000,24,25.15,22.67,24.54,0,0
CFG_MV,D,20190205,000000,24.8,27.42,24.4,26.4,0,0
CFG_MV,D,20190206,000000,27.36,27.74,25.63,25.63,0,0
CFG_MV,D,20190207,000000,26.4,26.4,25.07,25.82,0,0
CFG_MV,D,20190208,000000,25.82,25.82,24.08,25.07,0,0
CFG_MV,D,20190211,000000,25.07,25.26,23.2,25.04,0,0
CFG_MV,D,20190212,000000,25.44,25.47,24.32,25.02,0,0
CFG_MV,D,20190213,000000,25.02,26.38,24.54,24.54,0,0
CFG_MV,D,20190214,000000,24.54,26.64,24.54,25.6,0,0
CFG_MV,D,20190215,000000,26.4,26.4,24.03,24.94,0,0
CFG_MV,D,20190218,000000,26.03,26.08,24,25.07,0,0
CFG_MV,D,20190219,000000,24.94,25.36,24.8,25.34,0,0
CFG_MV,D,20190220,000000,25.31,27.6,25.12,26.3,0,0
CFG_MV,D,20190221,000000,26.43,30.67,26.4,30.67,0,0
CFG_MV,D,20190222,000000,36,36,29.76,33.98,0,0
CFG_MV,D,20190225,000000,33.84,34.67,32.43,33.55,0,0
CFG_MV,D,20190226,000000,34.35,34.35,32.27,33.07,0,0
CFG_MV,D,20190227,000000,33.07,33.34,32.54,32.67,0,0
CFG_MV,D,20190228,000000,33.76,34.38,31.2,32.83,0,0
CFG_MV,D,20190301,000000,34.3,37.84,34.3,37.66,0,0
CFG_MV,D,20190304,000000,37.26,37.87,36.27,37.6,0,0
CFG_MV,D,20190305,000000,36.59,39.74,36.54,39.71,0,0
CFG_MV,D,20190306,000000,39.47,42.01,39.47,41.34,0,0
CFG_MV,D,20190307,000000,41.34,43.21,39.47,39.5,0,0
CFG_MV,D,20190308,000000,40.7,40.7,36.54,40,0,0
CFG_MV,D,20190311,000000,41.31,41.87,38.94,41.21,0,0
CFG_MV,D,20190312,000000,41.21,42.59,41.21,42.35,0,0
CFG_MV,D,20190313,000000,42.35,42.35,40.25,41.31,0,0
CFG_MV,D,20190314,000000,41.34,41.61,40.06,41.23,0,0
CFG_MV,D,20190315,000000,42.19,42.19,40.03,40.09,0,0
CFG_MV,D,20190318,000000,40.27,40.8,37.66,38.4,0,0
CFG_MV,D,20190319,000000,39.84,39.84,36,36.8,0,0
CFG_MV,D,20190320,000000,36.79,36.79,34.4,35.02,0,0
CFG_MV,D,20190321,000000,35.02,37.34,34.8,35.79,0,0
CFG_MV,D,20190322,000000,36.8,37.34,34.54,36.8,0,0
CFG_MV,D,20190325,000000,34.7,35.6,33.34,35.55,0,0
CFG_MV,D,20190326,000000,35.52,35.52,34.35,34.57,0,0
CFG_MV,D,20190327,000000,34.94,35.63,34.94,35.6,0,0
CFG_MV,D,20190328,000000,36.27,39.74,34.06,38.94,0,0
CFG_MV,D,20190329,000000,42.14,42.14,38.99,40.27,0,0
CFG_MV,D,20190401,000000,39.04,41.29,39.04,39.47,0,0
CFG_MV,D,20190402,000000,39.47,39.58,37.87,38.19,0,0
CFG_MV,D,20190403,000000,38.88,39.2,37.87,38.14,0,0
CFG_MV,D,20190404,000000,38.83,38.83,36.91,38.67,0,0
CFG_MV,D,20190405,000000,38.78,38.78,36.8,36.8,0,0
CFG_MV,D,20190408,000000,38.4,38.4,36.8,37.02,0,0
CFG_MV,D,20190409,000000,37.34,37.34,35.74,36.8,0,0
CFG_MV,D,20190410,000000,37.76,37.76,34.99,36,0,0
CFG_MV,D,20190411,000000,36.75,36.75,35.74,35.95,0,0
CFG_MV,D,20190412,000000,37.23,37.23,36.54,36.54,0,0
CFG_MV,D,20190415,000000,37.34,37.34,35.74,36.54,0,0
CFG_MV,D,20190416,000000,36.54,36.54,34.46,36,0,0
CFG_MV,D,20190417,000000,36.43,36.43,34.62,34.83,0,0
CFG_MV,D,20190418,000000,35.15,35.74,34.62,35.26,0,0
CFG_MV,D,20190423,000000,36.16,36.16,33.34,34.46,0,0
CFG_MV,D,20190424,000000,35.63,35.63,34.14,34.14,0,0
CFG_MV,D,20190425,000000,34.14,34.4,33.12,34.08,0,0
CFG_MV,D,20190426,000000,33.34,34.4,32.75,34.4,0,0
CFG_MV,D,20190429,000000,35.63,35.63,33.5,34.56,0,0
CFG_MV,D,20190430,000000,34.62,36,33.55,36,0,0
CFG_MV,D,20190502,000000,34.67,35.9,34.67,34.72,0,0
CFG_MV,D,20190506,000000,34.72,36,34.56,34.83,0,0
CFG_MV,D,20190507,000000,35.42,35.42,34.56,34.56,0,0
CFG_MV,D,20190508,000000,35.42,35.42,34.51,34.94,0,0
CFG_MV,D,20190509,000000,35.36,37.82,35.2,37.28,0,0
CFG_MV,D,20190510,000000,37.55,37.55,35.47,36.7,0,0
CFG_MV,D,20190513,000000,36.7,36.7,34.72,34.72,0,0
CFG_MV,D,20190514,000000,34.67,36.7,34.51,35.9,0,0
CFG_MV,D,20190515,000000,36.38,36.38,34.46,34.94,0,0
CFG_MV,D,20190516,000000,35.68,35.68,34.51,34.51,0,0
CFG_MV,D,20190517,000000,35.9,35.9,34.24,34.51,0,0
CFG_MV,D,20190520,000000,34.62,36.64,34.51,35.58,0,0
CFG_MV,D,20190521,000000,34.67,34.67,33.87,34.67,0,0
CFG_MV,D,20190522,000000,35.04,35.04,33.71,34.14,0,0
CFG_MV,D,20190523,000000,35.15,36,33.71,35.47,0,0
CFG_MV,D,20190524,000000,35.9,35.9,32,32.54,0,0
CFG_MV,D,20190527,000000,33.66,33.66,32.11,32.11,0,0
CFG_MV,D,20190528,000000,33.23,33.34,32,32,0,0
CFG_MV,D,20190529,000000,33.66,33.66,30.72,32.75,0,0
CFG_MV,D,20190530,000000,32,33.44,32,33.44,0,0
CFG_MV,D,20190531,000000,33.44,34.08,32.86,33.5,0,0
CFG_MV,D,20190603,000000,35.15,35.15,32,33.28,0,0
CFG_MV,D,20190604,000000,33.12,33.12,32,32.96,0,0
CFG_MV,D,20190605,000000,32,32.8,32,32,0,0
CFG_MV,D,20190606,000000,32.75,32.8,30.94,32.8,0,0
CFG_MV,D,20190607,000000,32.8,34.62,32.8,34.62,0,0
CFG_MV,D,20190610,000000,34.14,34.14,32.11,32.59,0,0
CFG_MV,D,20190611,000000,32.59,33.55,32.59,33.55,0,0
CFG_MV,D,20190612,000000,33.6,33.87,32.54,32.54,0,0
CFG_MV,D,20190613,000000,32.7,33.87,32.59,32.59,0,0
CFG_MV,D,20190614,000000,33.5,33.5,32.7,33.34,0,0
CFG_MV,D,20190617,000000,30.94,32.8,30.94,32.8,0,0
CFG_MV,D,20190618,000000,31.95,32.38,31.58,32,0,0
CFG_MV,D,20190619,000000,32.43,35.15,31.15,34.4,0,0
CFG_MV,D,20190621,000000,34.4,34.94,32.59,32.8,0,0
CFG_MV,D,20190624,000000,34.14,34.14,31.47,33.44,0,0
CFG_MV,D,20190625,000000,34.03,34.03,32,33.34,0,0
CFG_MV,D,20190626,000000,33.6,33.6,31.31,32.86,0,0
CFG_MV,D,20190627,000000,33.71,33.71,33.23,33.23,0,0
CFG_MV,D,20190628,000000,32.96,32.96,32.27,32.27,0,0
CFG_MV,D,20190701,000000,32.91,32.96,31.95,32.86,0,0
CFG_MV,D,20190702,000000,32.75,32.8,31.52,32.7,0,0
CFG_MV,D,20190703,000000,31.95,32.8,31.95,32.54,0,0
CFG_MV,D,20190704,000000,32.8,33.82,32.27,33.34,0,0
CFG_MV,D,20190705,000000,33.34,33.34,32,33.34,0,0
CFG_MV,D,20190708,000000,33.55,33.55,32.06,33.18,0,0
CFG_MV,D,20190709,000000,33.44,33.44,32.54,32.54,0,0
CFG_MV,D,20190710,000000,33.12,33.18,32.06,33.07,0,0
CFG_MV,D,20190711,000000,33.12,33.18,32.16,32.96,0,0
CFG_MV,D,20190712,000000,33.07,33.18,32.22,32.22,0,0
CFG_MV,D,20190715,000000,33.07,33.07,32.54,33.07,0,0
CFG_MV,D,20190716,000000,33.07,34.14,33.07,33.87,0,0
CFG_MV,D,20190717,000000,34.14,34.4,33.34,34.08,0,0
CFG_MV,D,20190718,000000,34.35,34.4,33.34,33.76,0,0
CFG_MV,D,20190719,000000,34.4,36.96,34.14,36.91,0,0
CFG_MV,D,20190722,000000,36.27,37.34,36,36.8,0,0
CFG_MV,D,20190723,000000,36.75,36.75,34.78,36.64,0,0
CFG_MV,D,20190724,000000,36.7,37.18,36.27,37.02,0,0
CFG_MV,D,20190725,000000,37.28,39.42,36.8,38.67,0,0
CFG_MV,D,20190726,000000,39.31,39.36,38.14,39.36,0,0
CFG_MV,D,20190729,000000,39.2,41.02,39.2,40.11,0,0
CFG_MV,D,20190730,000000,40.22,40.81,39.42,39.9,0,0
CFG_MV,D,20190731,000000,38.83,40.54,37.34,37.92,0,0
CFG_MV,D,20190801,000000,39.47,39.47,37.23,37.66,0,0
CFG_MV,D,20190802,000000,37.6,38.4,36.8,37.34,0,0
CFG_MV,D,20190805,000000,37.34,37.34,36.43,36.8,0,0
CFG_MV,D,20190806,000000,36.8,36.8,35.47,36.43,0,0
CFG_MV,D,20190807,000000,38.4,38.4,36,37.28,0,0
CFG_MV,D,20190808,000000,37.28,37.28,34.67,34.99,0,0
CFG_MV,D,20190809,000000,34.99,37.07,34.67,35.84,0,0
CFG_MV,D,20190812,000000,35.9,37.87,35.2,35.2,0,0
CFG_MV,D,20190813,000000,34.94,37.34,34.94,36.8,0,0
CFG_MV,D,20190814,000000,36,36,32.8,33.87,0,0
CFG_MV,D,20190816,000000,34.35,34.56,33.34,34.4,0,0
CFG_MV,D,20190819,000000,33.34,34.4,32.27,33.5,0,0
CFG_MV,D,20190820,000000,34.14,34.14,32.32,33.34,0,0
CFG_MV,D,20190821,000000,33.87,33.87,32.8,33.66,0,0
CFG_MV,D,20190822,000000,33.71,33.71,32.16,32.16,0,0
CFG_MV,D,20190823,000000,32.16,33.44,32.16,32.75,0,0
CFG_MV,D,20190826,000000,33.39,33.39,32.11,32.27,0,0
CFG_MV,D,20190827,000000,32,33.12,30.99,32.27,0,0
CFG_MV,D,20190828,000000,32.96,32.96,30.67,32.27,0,0
CFG_MV,D,20190829,000000,32,32.27,30.72,31.95,0,0
CFG_MV,D,20190830,000000,32,33.87,31.47,32,0,0
CFG_MV,D,20190902,000000,31.2,37.34,31.2,35.47,0,0
CFG_MV,D,20190903,000000,35.1,35.1,30.94,31.9,0,0
CFG_MV,D,20190904,000000,30.99,32.48,30.99,32.48,0,0
CFG_MV,D,20190905,000000,32,32,30.99,31.2,0,0
CFG_MV,D,20190906,000000,31.84,32.16,30.94,31.74,0,0
CFG_MV,D,20190909,000000,31.9,32,30.46,31.58,0,0
CFG_MV,D,20190910,000000,31.47,31.63,30.4,30.67,0,0
CFG_MV,D,20190911,000000,31.52,31.63,30.14,31.63,0,0
CFG_MV,D,20190912,000000,31.95,32,31.79,31.95,0,0
CFG_MV,D,20190913,000000,32.48,34.08,31.1,32.54,0,0
CFG_MV,D,20190916,000000,32.38,32.38,31.2,31.31,0,0
CFG_MV,D,20190917,000000,32.22,32.75,31.74,32.75,0,0
CFG_MV,D,20190918,000000,32.96,32.96,32.27,32.96,0,0
CFG_MV,D,20190919,000000,33.07,33.07,32.27,33.02,0,0
CFG_MV,D,20190920,000000,33.02,33.18,32.8,33.07,0,0
CFG_MV,D,20190923,000000,33.34,35.15,32.91,34.67,0,0
CFG_MV,D,20190924,000000,35.1,35.1,33.87,34.03,0,0
CFG_MV,D,20190925,000000,33.6,35.31,33.6,35.15,0,0
CFG_MV,D,20190926,000000,35.15,35.15,33.98,35.1,0,0
CFG_MV,D,20190927,000000,35.15,35.74,35.1,35.15,0,0
CFG_MV,D,20190930,000000,35.47,35.68,35.1,35.47,0,0
CFG_MV,D,20191001,000000,35.42,35.42,33.34,34.3,0,0
CFG_MV,D,20191002,000000,34.35,34.35,33.5,34.08,0,0
CFG_MV,D,20191003,000000,34.08,34.67,33.07,34.62,0,0
CFG_MV,D,20191004,000000,35.15,35.15,32.96,34.14,0,0
CFG_MV,D,20191007,000000,33.6,35.15,33.6,34.67,0,0
CFG_MV,D,20191008,000000,34.67,34.67,33.87,34.62,0,0
CFG_MV,D,20191009,000000,35.15,35.15,34.14,34.83,0,0
CFG_MV,D,20191010,000000,35.15,35.2,33.6,35.2,0,0
CFG_MV,D,20191011,000000,35.2,35.2,34.67,34.94,0,0
CFG_MV,D,20191014,000000,35.47,35.47,35.2,35.47,0,0
CFG_MV,D,20191015,000000,35.47,37.34,35.47,37.07,0,0
CFG_MV,D,20191016,000000,37.07,38.19,36.32,38.14,0,0
CFG_MV,D,20191017,000000,38.19,38.19,37.87,37.87,0,0
CFG_MV,D,20191018,000000,37.34,37.6,34.67,35.74,0,0
CFG_MV,D,20191021,000000,36,36,34.4,34.67,0,0
CFG_MV,D,20191022,000000,34.67,35.95,33.07,35.52,0,0
CFG_MV,D,20191023,000000,35.2,35.47,33.82,35.26,0,0
CFG_MV,D,20191024,000000,35.26,35.26,34.56,35.1,0,0
CFG_MV,D,20191025,000000,35.15,35.42,35.15,35.42,0,0
CFG_MV,D,20191028,000000,36,36,34.67,35.36,0,0
CFG_MV,D,20191029,000000,35.31,35.31,33.34,34.67,0,0
CFG_MV,D,20191030,000000,34.88,34.88,32.86,34.51,0,0
CFG_MV,D,20191031,000000,34.51,34.51,32.06,33.66,0,0
CFG_MV,D,20191104,000000,33.6,34.08,32.54,33.76,0,0
CFG_MV,D,20191105,000000,33.76,33.76,32.27,33.76,0,0
CFG_MV,D,20191106,000000,33.34,33.82,32.27,33.82,0,0
CFG_MV,D,20191107,000000,33.87,34.4,32.7,33.07,0,0
CFG_MV,D,20191108,000000,32.7,33.55,32.54,33.23,0,0
CFG_MV,D,20191112,000000,33.07,33.6,33.07,33.39,0,0
CFG_MV,D,20191113,000000,32.22,33.39,32.22,33.39,0,0
CFG_MV,D,20191114,000000,33.39,33.39,31.74,33.34,0,0
CFG_MV,D,20191115,000000,33.34,33.34,32.8,33.07,0,0
CFG_MV,D,20191118,000000,32.8,33.39,32,33.28,0,0
CFG_MV,D,20191119,000000,33.28,33.39,33.28,33.39,0,0
CFG_MV,D,20191120,000000,33.39,35.04,32.27,34.03,0,0
CFG_MV,D,20191121,000000,34.03,35.36,33.87,35.2,0,0
CFG_MV,D,20191122,000000,35.74,36.48,34.72,36,0,0
CFG_MV,D,20191125,000000,36.27,36.27,34.99,34.99,0,0
CFG_MV,D,20191126,000000,34.78,35.95,34.72,35.95,0,0
CFG_MV,D,20191127,000000,35.95,35.95,34.83,35.47,0,0
CFG_MV,D,20191128,000000,35.74,35.74,34.94,35.68,0,0
CFG_MV,D,20191129,000000,35.63,35.63,34.94,35.47,0,0
CFG_MV,D,20191202,000000,35.52,35.52,34.83,34.94,0,0
CFG_MV,D,20191203,000000,34.14,35.2,34.14,35.2,0,0
CFG_MV,D,20191204,000000,34.62,34.94,34.14,34.94,0,0
CFG_MV,D,20191205,000000,35.47,35.47,34.51,35.47,0,0
CFG_MV,D,20191206,000000,35.47,35.47,34.4,35.36,0,0
CFG_MV,D,20191209,000000,35.36,35.36,35.31,35.31,0,0
CFG_MV,D,20191210,000000,35.2,35.2,34.14,35.15,0,0
CFG_MV,D,20191211,000000,35.15,35.15,33.6,34.99,0,0
CFG_MV,D,20191212,000000,34.88,34.88,33.71,34.67,0,0
CFG_MV,D,20191213,000000,34.78,34.78,33.6,34.56,0,0
CFG_MV,D,20191216,000000,33.76,33.76,32.7,32.8,0,0
CFG_MV,D,20191217,000000,32.7,32.7,30.72,31.2,0,0
CFG_MV,D,20191218,000000,31.9,33.02,31.26,32.8,0,0
CFG_MV,D,20191219,000000,33.28,33.71,32,32.96,0,0
CFG_MV,D,20191220,000000,33.28,33.82,32,33.82,0,0
CFG_MV,D,20191223,000000,33.82,34.67,32.22,34.67,0,0
CFG_MV,D,20191227,000000,34.67,36.54,33.6,34.56,0,0
CFG_MV,D,20191230,000000,36,36,34.56,34.56,0,0
CFG_MV,D,20200102,000000,35.84,36,35.74,36,0,0
CFG_MV,D,20200103,000000,35.2,36,35.2,36,0,0
CFG_MV,D,20200107,000000,36,36,34.08,35.68,0,0
CFG_MV,D,20200108,000000,35.58,35.58,33.71,35.52,0,0
CFG_MV,D,20200109,000000,34.24,35.9,34.19,35.84,0,0
CFG_MV,D,20200110,000000,35.95,36.43,35.2,36.22,0,0
CFG_MV,D,20200113,000000,36.96,38.94,36.91,36.91,0,0
CFG_MV,D,20200114,000000,37.34,38.67,36.27,38.67,0,0
CFG_MV,D,20200115,000000,38.62,38.62,37.02,37.34,0,0
CFG_MV,D,20200116,000000,38.08,38.08,36.91,37.98,0,0
CFG_MV,D,20200117,000000,37.34,37.87,36.8,37.87,0,0
CFG_MV,D,20200120,000000,37.82,38.56,37.39,37.6,0,0
CFG_MV,D,20200121,000000,37.87,38.08,37.34,38.08,0,0
CFG_MV,D,20200122,000000,38.08,38.51,37.34,38.51,0,0
CFG_MV,D,20200123,000000,38.14,38.14,36.8,37.87,0,0
CFG_MV,D,20200124,000000,37.87,37.87,36.54,36.8,0,0
CFG_MV,D,20200127,000000,38.03,38.03,36.64,37.34,0,0
CFG_MV,D,20200128,000000,37.34,37.34,36,37.34,0,0
CFG_MV,D,20200129,000000,38.14,38.14,36.86,37.82,0,0
CFG_MV,D,20200130,000000,37.82,37.82,37.34,37.34,0,0
CFG_MV,D,20200131,000000,37.82,37.82,36.8,37.34,0,0
CFG_MV,D,20200203,000000,37.76,37.76,35.74,37.07,0,0
CFG_MV,D,20200204,000000,37.07,38.24,37.07,37.18,0,0
CFG_MV,D,20200205,000000,37.92,40.65,37.07,40.01,0,0
CFG_MV,D,20200206,000000,41.34,43.47,40.38,40.81,0,0
CFG_MV,D,20200207,000000,42.35,44.7,42.35,44.49,0,0
CFG_MV,D,20200210,000000,46.67,49.02,46.67,48.54,0,0
CFG_MV,D,20200211,000000,48.7,49.23,45.34,45.98,0,0
CFG_MV,D,20200212,000000,45.98,48.81,45.98,48.27,0,0
CFG_MV,D,20200213,000000,48.27,48.49,46.67,47.95,0,0
CFG_MV,D,20200214,000000,48.01,48.01,45.45,46.67,0,0
CFG_MV,D,20200217,000000,46.03,47.95,44.86,46.25,0,0
CFG_MV,D,20200218,000000,47.05,47.05,45.07,46.99,0,0
CFG_MV,D,20200219,000000,46.62,46.62,45.34,46.09,0,0
CFG_MV,D,20200220,000000,45.87,46.94,45.07,46.67,0,0
CFG_MV,D,20200221,000000,46.67,51.21,45.07,50.57,0,0
CFG_MV,D,20200224,000000,51.21,51.21,46.67,46.67,0,0
CFG_MV,D,20200225,000000,48.81,48.81,39.74,42.35,0,0
CFG_MV,D,20200226,000000,40.54,43.74,38.4,42.62,0,0
CFG_MV,D,20200227,000000,41.87,41.87,36.8,38.83,0,0
CFG_MV,D,20200228,000000,36.8,36.8,32.27,33.34,0,0
CFG_MV,D,20200302,000000,36.27,38.67,35.2,37.28,0,0
CFG_MV,D,20200303,000000,38.67,40.27,37.34,39.58,0,0
CFG_MV,D,20200304,000000,38.4,39.47,37.6,38.83,0,0
CFG_MV,D,20200305,000000,38.62,39.2,36.06,36.7,0,0
CFG_MV,D,20200306,000000,36,36.96,33.87,36,0,0
CFG_MV,D,20200309,000000,32,32.8,29.71,30.67,0,0
CFG_MV,D,20200310,000000,32.48,33.6,30.67,30.67,0,0
CFG_MV,D,20200311,000000,31.52,31.52,26.94,26.94,0,0
CFG_MV,D,20200312,000000,26.4,26.4,21.12,21.12,0,0
CFG_MV,D,20200313,000000,22,25.34,21.34,22.94,0,0
CFG_MV,D,20200316,000000,22.67,25.34,20.88,25.23,0,0
CFG_MV,D,20200317,000000,25.18,29.34,25.02,28,0,0
CFG_MV,D,20200318,000000,29.6,30.94,27.47,28.54,0,0
CFG_MV,D,20200319,000000,29.34,31.95,29.34,31.68,0,0
CFG_MV,D,20200320,000000,31.47,33.34,29.6,31.68,0,0
CFG_MV,D,20200323,000000,28,31.31,28,28.06,0,0
CFG_MV,D,20200324,000000,28.38,31.2,28.38,29.34,0,0
CFG_MV,D,20200325,000000,31.74,32.8,29.34,31.63,0,0
CFG_MV,D,20200326,000000,32.86,32.86,30.4,32.38,0,0
CFG_MV,D,20200327,000000,33.28,33.28,31.04,32,0,0
CFG_MV,D,20200330,000000,33.23,33.23,29.6,31.63,0,0
CFG_MV,D,20200331,000000,30.19,32.54,30.19,31.84,0,0
CFG_MV,D,20200401,000000,34.14,34.14,31.47,32.67,0,0
CFG_MV,D,20200402,000000,32.67,33.6,26.14,32.27,0,0
CFG_MV,D,20200403,000000,32.27,32.27,30.14,31.87,0,0
CFG_MV,D,20200406,000000,32.8,39.34,32.8,37.34,0,0
CFG_MV,D,20200407,000000,38.4,40.01,36.4,36.4,0,0
CFG_MV,D,20200408,000000,36.54,37.2,34.67,37.07,0,0
CFG_MV,D,20200409,000000,39.07,39.34,34.67,36.54,0,0
CFG_MV,D,20200414,000000,37.34,38.4,36.4,38.14,0,0
CFG_MV,D,20200415,000000,38.54,39.47,37.07,38.54,0,0
CFG_MV,D,20200416,000000,38.67,40.81,38.14,40.81,0,0
CFG_MV,D,20200417,000000,40.81,47.87,40.81,47.74,0,0
CFG_MV,D,20200420,000000,48.81,52.14,47.47,47.47,0,0
CFG_MV,D,20200421,000000,50.14,51.34,41.07,42.54,0,0
CFG_MV,D,20200422,000000,43.74,46.41,41.74,45.34,0,0
CFG_MV,D,20200423,000000,46.41,48.01,44.54,47.34,0,0
CFG_MV,D,20200424,000000,45.74,46.54,43.21,45.34,0,0
CFG_MV,D,20200427,000000,46.54,46.67,44.54,45.87,0,0
CFG_MV,D,20200428,000000,47.34,49.34,46.67,46.81,0,0
CFG_MV,D,20200429,000000,48.81,51.74,45.34,51.34,0,0
CFG_MV,D,20200430,000000,52.27,57.07,52.01,54.67,0,0
CFG_MV,D,20200504,000000,56.01,56.54,53.21,53.87,0,0
CFG_MV,D,20200505,000000,54.14,55.21,53.34,54.67,0,0
CFG_MV,D,20200506,000000,57.07,57.07,53.87,55.74,0,0
CFG_MV,D,20200507,000000,50.67,52.14,49.21,50.94,0,0
CFG_MV,D,20200508,000000,50.67,53.61,50.14,52.54,0,0
CFG_MV,D,20200511,000000,53.21,53.21,50.67,51.74,0,0
CFG_MV,D,20200512,000000,53.34,53.87,51.34,52.54,0,0
CFG_MV,D,20200513,000000,53.34,53.34,51.47,51.47,0,0
CFG_MV,D,20200514,000000,51.47,51.47,45.34,46.94,0,0
CFG_MV,D,20200515,000000,47.74,49.34,46.67,48.67,0,0
CFG_MV,D,20200518,000000,49.74,50.94,49.74,50.94,0,0
CFG_MV,D,20200519,000000,52.01,54.41,52.01,54.14,0,0
CFG_MV,D,20200520,000000,54.41,54.67,52.27,53.61,0,0
CFG_MV,D,20200521,000000,54.41,58.41,54.14,58.41,0,0
CFG_MV,D,20200522,000000,57.34,61.34,56.27,60.81,0,0
CFG_MV,D,20200525,000000,61.87,73.88,61.87,73.88,0,0
CFG_MV,D,20200526,000000,78.68,87.48,75.74,81.34,0,0
CFG_MV,D,20200527,000000,88.01,88.01,74.68,76.54,0,0
CFG_MV,D,20200528,000000,77.34,79.21,72.28,77.34,0,0
CFG_MV,D,20200529,000000,77.34,77.34,71.48,76.01,0,0
CFG_MV,D,20200601,000000,78.68,78.94,74.68,77.34,0,0
CFG_MV,D,20200602,000000,77.08,77.08,74.14,74.68,0,0
CFG_MV,D,20200603,000000,76.01,76.81,74.68,76.28,0,0
CFG_MV,D,20200604,000000,76.28,85.61,74.68,82.68,0,0
CFG_MV,D,20200605,000000,87.48,87.48,79.21,81.88,0,0
CFG_MV,D,20200608,000000,79.48,80.01,75.21,80.01,0,0
CFG_MV,D,20200609,000000,79.21,80.28,76.54,80.01,0,0
CFG_MV,D,20200610,000000,78.68,82.68,77.34,78.41,0,0
CFG_MV,D,20200612,000000,74.41,80.01,74.41,78.14,0,0
CFG_MV,D,20200615,000000,78.14,78.14,74.94,77.34,0,0
CFG_MV,D,20200616,000000,77.88,80.01,77.34,79.48,0,0
CFG_MV,D,20200617,000000,80.54,80.54,77.34,77.34,0,0
CFG_MV,D,20200618,000000,80.01,82.41,77.88,80.81,0,0
CFG_MV,D,20200619,000000,80.54,84.28,80.28,80.81,0,0
CFG_MV,D,20200622,000000,82.68,92.81,82.14,92.01,0,0
CFG_MV,D,20200623,000000,93.35,98.68,93.35,94.15,0,0
CFG_MV,D,20200624,000000,90.94,94.15,88.54,92.01,0,0
CFG_MV,D,20200625,000000,93.35,98.15,93.35,98.15,0,0
CFG_MV,D,20200626,000000,98.68,101.35,95.48,100.01,0,0
CFG_MV,D,20200629,000000,103.48,109.35,102.95,108.55,0,0
CFG_MV,D,20200630,000000,109.88,113.61,100.01,100.28,0,0
CFG_MV,D,20200701,000000,102.68,113.35,101.35,106.95,0,0
CFG_MV,D,20200702,000000,110.41,110.41,106.68,108.81,0,0
CFG_MV,D,20200703,000000,109.35,110.41,106.95,107.48,0,0
CFG_MV,D,20200706,000000,110.41,110.41,104.01,108.81,0,0
CFG_MV,D,20200707,000000,110.41,111.48,107.75,111.48,0,0
CFG_MV,D,20200708,000000,111.48,127.22,111.48,121.88,0,0
CFG_MV,D,20200709,000000,125.88,128.55,122.68,124.55,0,0
CFG_MV,D,20200710,000000,125.08,126.68,120.55,126.15,0,0
CFG_MV,D,20200713,000000,126.68,129.35,125.35,127.75,0,0
CFG_MV,D,20200714,000000,128.28,129.08,124.28,125.08,0,0
CFG_MV,D,20200715,000000,125.08,125.08,116.55,118.68,0,0
CFG_MV,D,20200716,000000,121.35,121.62,117.08,119.75,0,0
CFG_MV,D,20200717,000000,117.35,117.35,112.81,112.81,0,0
CFG_MV,D,20200720,000000,112.01,112.01,102.68,106.68,0,0
CFG_MV,D,20200721,000000,104.55,104.55,96.55,97.88,0,0
CFG_MV,D,20200722,000000,97.08,105.61,93.35,104.01,0,0
CFG_MV,D,20200723,000000,104.28,125.08,104.28,114.41,0,0
CFG_MV,D,20200724,000000,117.88,117.88,107.75,108.01,0,0
CFG_MV,D,20200727,000000,115.75,115.75,108.01,109.88,0,0
CFG_MV,D,20200728,000000,112.55,112.55,96.01,103.75,0,0
CFG_MV,D,20200729,000000,102.41,108.01,100.81,108.01,0,0
CFG_MV,D,20200730,000000,109.35,109.35,88.01,92.01,0,0
CFG_MV,D,20200731,000000,90.68,101.61,90.68,99.75,0,0
CFG_MV,D,20200803,000000,99.75,105.35,99.75,102.68,0,0
CFG_MV,D,20200804,000000,106.68,106.68,101.35,104.01,0,0
CFG_MV,D,20200805,000000,106.41,106.41,98.68,102.41,0,0
CFG_MV,D,20200806,000000,102.41,102.41,96.28,97.61,0,0
CFG_MV,D,20200807,000000,103.75,105.08,96.81,103.21,0,0
CFG_MV,D,20200810,000000,106.15,106.68,101.35,104.81,0,0
CFG_MV,D,20200811,000000,106.15,106.15,101.61,104.01,0,0
CFG_MV,D,20200812,000000,101.61,101.88,97.88,99.48,0,0
CFG_MV,D,20200813,000000,97.88,104.01,96.81,100.55,0,0
CFG_MV,D,20200814,000000,102.41,104.55,101.35,104.01,0,0
CFG_MV,D,20200817,000000,104.28,104.28,101.35,103.75,0,0
CFG_MV,D,20200818,000000,103.75,105.08,101.61,101.88,0,0
CFG_MV,D,20200819,000000,96.28,103.48,96.28,102.95,0,0
CFG_MV,D,20200820,000000,103.21,103.48,101.61,102.95,0,0
CFG_MV,D,20200821,000000,103.21,103.48,100.01,100.01,0,0
CFG_MV,D,20200824,000000,101.35,101.35,97.35,101.08,0,0
CFG_MV,D,20200825,000000,97.61,101.08,92.81,96.81,0,0
CFG_MV,D,20200826,000000,97.35,97.35,95.21,97.35,0,0
CFG_MV,D,20200827,000000,99.21,99.21,95.21,97.35,0,0
CFG_MV,D,20200828,000000,99.21,99.21,96.01,98.68,0,0
CFG_MV,D,20200831,000000,99.75,99.75,95.75,97.88,0,0
CFG_MV,D,20200901,000000,98.68,98.68,93.35,94.15,0,0
CFG_MV,D,20200902,000000,93.61,97.35,93.35,94.41,0,0
CFG_MV,D,20200903,000000,98.68,98.68,90.68,93.08,0,0
CFG_MV,D,20200904,000000,92.81,93.08,85.34,90.41,0,0
CFG_MV,D,20200907,000000,92.01,92.54,78.68,82.14,0,0
CFG_MV,D,20200908,000000,81.08,81.08,69.61,75.21,0,0
CFG_MV,D,20200909,000000,75.21,77.34,73.34,77.34,0,0
CFG_MV,D,20200910,000000,79.21,79.21,74.68,78.94,0,0
CFG_MV,D,20200911,000000,77.34,82.68,76.54,82.41,0,0
CFG_MV,D,20200914,000000,82.41,86.94,82.41,86.94,0,0
CFG_MV,D,20200915,000000,88.01,88.01,84.01,86.14,0,0
CFG_MV,D,20200916,000000,85.34,85.34,80.28,80.54,0,0
CFG_MV,D,20200917,000000,78.68,79.74,76.01,79.74,0,0
CFG_MV,D,20200918,000000,78.68,82.68,77.61,82.68,0,0
CFG_MV,D,20200921,000000,83.74,83.74,76.28,77.34,0,0
CFG_MV,D,20200922,000000,74.68,79.21,74.68,79.21,0,0
CFG_MV,D,20200923,000000,79.21,79.21,73.61,76.01,0,0
CFG_MV,D,20200924,000000,73.34,74.41,70.68,71.48,0,0
CFG_MV,D,20200925,000000,71.48,72.01,67.74,72.01,0,0
CFG_MV,D,20200928,000000,75.48,75.48,72.01,74.68,0,0
CFG_MV,D,20200929,000000,76.81,79.74,75.21,78.94,0,0
CFG_MV,D,20200930,000000,82.41,82.41,77.61,80.28,0,0
CFG_MV,D,20201001,000000,81.34,81.34,74.94,81.34,0,0
CFG_MV,D,20201002,000000,81.34,81.34,74.68,77.34,0,0
CFG_MV,D,20201005,000000,77.34,81.08,75.48,79.48,0,0
CFG_MV,D,20201006,000000,79.48,81.08,77.34,80.01,0,0
CFG_MV,D,20201007,000000,81.34,90.94,79.74,89.88,0,0
CFG_MV,D,20201008,000000,91.48,91.48,78.68,78.94,0,0
CFG_MV,D,20201009,000000,77.34,81.34,73.34,76.81,0,0
CFG_MV,D,20201012,000000,78.41,79.74,72.81,73.88,0,0
CFG_MV,D,20201013,000000,74.68,77.34,72.01,77.34,0,0
CFG_MV,D,20201014,000000,72.54,77.08,72.54,76.54,0,0
CFG_MV,D,20201015,000000,76.54,77.34,69.34,70.68,0,0
CFG_MV,D,20201016,000000,72.01,72.01,67.74,69.08,0,0
CFG_MV,D,20201019,000000,73.08,73.08,70.68,72.54,0,0
CFG_MV,D,20201020,000000,73.34,73.34,70.68,73.08,0,0
CFG_MV,D,20201021,000000,74.14,76.28,70.68,76.28,0,0
CFG_MV,D,20201022,000000,76.01,77.34,73.88,77.08,0,0
CFG_MV,D,20201023,000000,77.08,77.08,74.41,76.01,0,0
CFG_MV,D,20201026,000000,76.01,76.01,70.94,72.01,0,0
CFG_MV,D,20201027,000000,72.81,76.01,72.01,74.68,0,0
CFG_MV,D,20201028,000000,77.34,77.34,64.01,67.48,0,0
CFG_MV,D,20201029,000000,72.54,72.54,64.01,68.81,0,0
CFG_MV,D,20201030,000000,68.81,68.81,62.67,64.81,0,0
CFG_MV,D,20201102,000000,69.08,69.08,62.14,65.07,0,0
CFG_MV,D,20201103,000000,66.41,66.41,61.07,64.01,0,0
CFG_MV,D,20201104,000000,66.68,70.68,66.68,69.34,0,0
CFG_MV,D,20201105,000000,70.68,72.01,69.34,69.61,0,0
CFG_MV,D,20201106,000000,72.28,72.54,70.68,72.01,0,0
CFG_MV,D,20201109,000000,85.08,92.28,82.68,85.34,0,0
CFG_MV,D,20201110,000000,86.41,87.74,82.68,87.21,0,0
CFG_MV,D,20201112,000000,88.01,95.48,88.01,92.01,0,0
CFG_MV,D,20201113,000000,97.35,97.35,87.74,88.54,0,0
CFG_MV,D,20201116,000000,90.41,91.48,88.01,90.68,0,0
CFG_MV,D,20201117,000000,92.81,94.15,88.28,94.15,0,0
CFG_MV,D,20201118,000000,94.95,94.95,92.28,94.41,0,0
CFG_MV,D,20201119,000000,94.95,94.95,89.34,93.35,0,0
CFG_MV,D,20201120,000000,94.68,94.68,91.21,93.35,0,0
CFG_MV,D,20201123,000000,93.08,93.35,88.81,93.35,0,0
CFG_MV,D,20201124,000000,93.88,93.88,91.21,92.01,0,0
CFG_MV,D,20201125,000000,93.35,102.95,91.48,98.68,0,0
CFG_MV,D,20201126,000000,103.48,103.48,98.68,102.68,0,0
CFG_MV,D,20201127,000000,102.41,102.41,98.68,101.35,0,0
CFG_MV,D,20201130,000000,101.35,101.35,96.01,97.88,0,0
CFG_MV,D,20201201,000000,98.68,100.81,94.68,98.95,0,0
CFG_MV,D,20201202,000000,98.95,98.95,91.21,96.01,0,0
CFG_MV,D,20201203,000000,96.01,96.01,88.81,93.08,0,0
CFG_MV,D,20201204,000000,94.15,96.01,91.48,93.88,0,0
CFG_MV,D,20201207,000000,96.01,96.55,90.94,93.08,0,0
CFG_MV,D,20201208,000000,93.35,93.35,90.14,92.81,0,0
CFG_MV,D,20201209,000000,92.81,93.35,90.14,93.08,0,0
CFG_MV,D,20201210,000000,90.41,92.01,89.61,91.48,0,0
CFG_MV,D,20201211,000000,92.01,92.01,89.08,90.68,0,0
CFG_MV,D,20201214,000000,92.28,92.28,84.81,86.41,0,0
CFG_MV,D,20201215,000000,87.74,90.14,86.94,89.34,0,0
CFG_MV,D,20201216,000000,90.68,90.68,87.74,90.14,0,0
CFG_MV,D,20201217,000000,88.01,89.88,83.48,87.74,0,0
CFG_MV,D,20201218,000000,88.81,88.81,84.28,85.34,0,0
CFG_MV,D,20201221,000000,85.34,86.68,81.61,84.28,0,0
CFG_MV,D,20201222,000000,82.68,86.68,82.68,86.68,0,0
CFG_MV,D,20201223,000000,86.68,86.68,83.21,85.34,0,0
CFG_MV,D,20201228,000000,85.34,96.01,82.68,95.48,0,0
CFG_MV,D,20201229,000000,96.01,100.01,93.61,97.88,0,0
CFG_MV,D,20201230,000000,96.81,98.41,92.28,94.68,0,0
CFG_MV,D,20210104,000000,94.68,100.55,94.68,100.55,0,0
CFG_MV,D,20210105,000000,99.75,102.41,98.68,98.68,0,0
CFG_MV,D,20210107,000000,98.68,104.81,98.68,103.75,0,0
CFG_MV,D,20210108,000000,104.01,104.01,96.81,100.28,0,0
CFG_MV,D,20210111,000000,96.28,100.28,96.28,99.75,0,0
CFG_MV,D,20210112,000000,102.68,102.68,98.68,98.68,0,0
CFG_MV,D,20210113,000000,101.88,101.88,96.55,97.08,0,0
CFG_MV,D,20210114,000000,98.41,98.41,93.35,94.68,0,0
CFG_MV,D,20210115,000000,94.41,94.68,92.54,93.08,0,0
CFG_MV,D,20210118,000000,96.28,110.68,96.28,108.55,0,0
CFG_MV,D,20210119,000000,107.75,109.35,104.01,108.01,0,0
CFG_MV,D,20210120,000000,108.01,110.68,108.01,110.68,0,0
CFG_MV,D,20210121,000000,110.68,113.88,108.01,109.08,0,0
CFG_MV,D,20210122,000000,110.15,112.01,108.01,111.75,0,0
CFG_MV,D,20210125,000000,105.35,114.15,105.35,113.88,0,0
CFG_MV,D,20210126,000000,113.08,114.41,109.35,112.01,0,0
CFG_MV,D,20210127,000000,113.88,113.88,106.68,108.28,0,0
CFG_MV,D,20210128,000000,103.48,111.48,103.48,109.88,0,0
CFG_MV,D,20210129,000000,109.35,109.35,106.15,109.35,0,0
CFG_MV,D,20210201,000000,108.28,109.35,108.28,108.81,0,0
CFG_MV,D,20210202,000000,109.35,109.35,108.01,108.55,0,0
CFG_MV,D,20210203,000000,106.41,106.68,105.35,106.41,0,0
CFG_MV,D,20210204,000000,104.01,106.68,104.01,106.41,0,0
CFG_MV,D,20210205,000000,106.68,106.68,104.28,106.68,0,0
CFG_MV,D,20210208,000000,106.41,106.68,104.28,106.68,0,0
CFG_MV,D,20210209,000000,106.68,106.68,104.01,106.68,0,0
CFG_MV,D,20210210,000000,106.68,106.68,104.55,105.35,0,0
CFG_MV,D,20210211,000000,106.68,106.68,104.01,105.35,0,0
CFG_MV,D,20210212,000000,105.88,105.88,103.75,104.01,0,0
CFG_MV,D,20210215,000000,104.01,108.01,104.01,108.01,0,0
CFG_MV,D,20210216,000000,109.35,110.68,108.28,109.88,0,0
CFG_MV,D,20210217,000000,110.68,110.68,104.28,105.35,0,0
CFG_MV,D,20210218,000000,105.35,105.35,96.28,98.68,0,0
CFG_MV,D,20210219,000000,98.68,98.68,96.01,97.35,0,0
CFG_MV,D,20210222,000000,97.35,97.35,90.94,93.61,0,0
CFG_MV,D,20210223,000000,94.41,95.48,89.34,91.74,0,0
CFG_MV,D,20210224,000000,91.74,94.15,91.74,94.15,0,0
CFG_MV,D,20210225,000000,94.41,94.68,91.21,93.08,0,0
CFG_MV,D,20210226,000000,90.68,90.94,88.54,90.94,0,0
CFG_MV,D,20210301,000000,88.01,90.68,88.01,90.68,0,0
CFG_MV,D,20210302,000000,91.74,92.01,89.34,92.01,0,0
CFG_MV,D,20210303,000000,90.68,92.01,89.88,90.68,0,0
CFG_MV,D,20210304,000000,92.28,92.28,89.88,90.94,0,0
CFG_MV,D,20210305,000000,92.01,98.41,92.01,97.35,0,0
CFG_MV,D,20210308,000000,100.81,104.55,98.68,104.55,0,0
CFG_MV,D,20210309,000000,104.55,104.55,100.28,101.61,0,0
CFG_MV,D,20210310,000000,102.95,104.01,101.35,103.21,0,0
CFG_MV,D,20210311,000000,104.01,104.01,101.88,101.88,0,0
CFG_MV,D,20210312,000000,101.88,104.01,101.35,102.68,0,0
CFG_MV,D,20210315,000000,103.21,103.21,96.01,99.21,0,0
CFG_MV,D,20210316,000000,100.01,100.01,97.88,99.75,0,0
CFG_MV,D,20210317,000000,99.75,99.75,94.15,97.35,0,0
CFG_MV,D,20210318,000000,97.08,99.21,96.81,99.21,0,0
CFG_MV,D,20210319,000000,97.61,99.48,95.21,99.48,0,0
CFG_MV,D,20210322,000000,99.75,99.75,96.01,99.21,0,0
CFG_MV,D,20210323,000000,99.21,99.21,96.55,98.15,0,0
CFG_MV,D,20210324,000000,97.88,97.88,93.61,94.68,0,0
CFG_MV,D,20210325,000000,95.48,96.55,95.21,96.55,0,0
CFG_MV,D,20210326,000000,96.28,97.88,95.21,97.88,0,0
CFG_MV,D,20210329,000000,98.15,101.35,95.21,101.35,0,0
CFG_MV,D,20210330,000000,102.15,104.01,99.48,102.41,0,0
CFG_MV,D,20210331,000000,102.68,103.75,100.01,102.41,0,0
CFG_MV,D,20210401,000000,103.75,103.75,99.21,102.15,0,0
CFG_MV,D,20210406,000000,101.61,102.68,100.68,102.68,0,0
CFG_MV,D,20210407,000000,102.68,104.95,102.68,104.68,0,0
CFG_MV,D,20210408,000000,105.21,105.21,101.21,104.41,0,0
CFG_MV,D,20210409,000000,104.28,104.28,97.35,101.75,0,0
CFG_MV,D,20210412,000000,101.35,101.35,98.41,100.55,0,0
CFG_MV,D,20210413,000000,101.08,101.08,97.35,100.81,0,0
CFG_MV,D,20210414,000000,100.81,101.35,97.35,101.35,0,0
CFG_MV,D,20210415,000000,102.41,102.68,98.81,101.88,0,0
CFG_MV,D,20210416,000000,103.75,104.01,100.68,102.41,0,0
CFG_MV,D,20210419,000000,102.41,105.61,101.48,101.61,0,0
CFG_MV,D,20210420,000000,104.28,104.28,99.48,102.95,0,0
CFG_MV,D,20210421,000000,102.81,109.35,99.08,108.68,0,0
CFG_MV,D,20210422,000000,110.01,110.01,106.68,107.75,0,0
CFG_MV,D,20210423,000000,108.01,108.01,103.48,106.15,0,0
CFG_MV,D,20210426,000000,106.68,109.08,106.41,106.68,0,0
CFG_MV,D,20210427,000000,108.68,108.68,105.35,105.35,0,0
CFG_MV,D,20210428,000000,108.81,108.81,106.95,107.08,0,0
CFG_MV,D,20210429,000000,108.41,108.41,104.81,107.08,0,0
CFG_MV,D,20210430,000000,104.81,106.95,104.81,106.41,0,0
CFG_MV,D,20210504,000000,105.08,105.08,101.08,103.75,0,0
CFG_MV,D,20210505,000000,100.41,104.01,100.41,104.01,0,0
CFG_MV,D,20210506,000000,104.55,104.81,98.15,100.81,0,0
CFG_MV,D,20210507,000000,100.81,102.68,98.55,102.68,0,0
CFG_MV,D,20210510,000000,104.28,107.35,104.28,106.55,0,0
CFG_MV,D,20210511,000000,106.41,106.68,104.28,106.55,0,0
CFG_MV,D,20210512,000000,111.48,111.61,106.41,106.68,0,0
CFG_MV,D,20210513,000000,106.68,106.68,100.55,102.55,0,0
CFG_MV,D,20210514,000000,103.08,104.01,101.35,104.01,0,0
CFG_MV,D,20210517,000000,103.75,103.75,101.88,103.08,0,0
CFG_MV,D,20210518,000000,103.08,103.21,98.81,101.35,0,0
CFG_MV,D,20210519,000000,101.35,101.35,99.48,99.75,0,0
CFG_MV,D,20210520,000000,100.01,104.01,98.81,104.01,0,0
CFG_MV,D,20210521,000000,104.01,104.68,101.35,104.55,0,0
CFG_MV,D,20210524,000000,104.55,104.55,102.68,103.75,0,0
CFG_MV,D,20210525,000000,101.35,103.88,101.35,103.88,0,0
CFG_MV,D,20210526,000000,101.61,103.88,101.48,103.35,0,0
CFG_MV,D,20210527,000000,101.35,103.61,100.15,103.61,0,0
CFG_MV,D,20210528,000000,103.75,103.75,100.15,103.48,0,0
CFG_MV,D,20210531,000000,100.55,102.68,100.28,102.68,0,0
CFG_MV,D,20210601,000000,102.68,103.48,99.48,100.55,0,0
CFG_MV,D,20210602,000000,100.55,101.61,100.28,101.61,0,0
CFG_MV,D,20210604,000000,102.41,102.55,98.68,102.55,0,0
CFG_MV,D,20210607,000000,103.75,103.75,99.48,101.08,0,0
CFG_MV,D,20210608,000000,102.55,102.55,99.21,99.35,0,0
CFG_MV,D,20210609,000000,102.15,102.15,98.68,101.75,0,0
CFG_MV,D,20210610,000000,102.55,102.55,98.68,99.88,0,0
CFG_MV,D,20210611,000000,99.88,101.35,97.88,101.35,0,0
CFG_MV,D,20210614,000000,101.88,101.88,98.01,100.28,0,0
CFG_MV,D,20210615,000000,100.01,101.35,98.41,100.28,0,0
CFG_MV,D,20210616,000000,101.35,101.35,98.15,100.95,0,0
CFG_MV,D,20210617,000000,100.95,100.95,97.61,100.28,0,0
CFG_MV,D,20210618,000000,97.61,98.68,94.41,98.55,0,0
CFG_MV,D,20210621,000000,98.68,98.68,94.95,98.41,0,0
CFG_MV,D,20210622,000000,98.41,98.41,98.28,98.28,0,0
CFG_MV,D,20210623,000000,98.28,98.28,94.68,98.15,0,0
CFG_MV,D,20210624,000000,98.15,98.15,93.61,97.61,0,0
CFG_MV,D,20210625,000000,98.28,98.28,98.15,98.15,0,0
CFG_MV,D,20210628,000000,98.41,98.41,93.48,96.95,0,0
CFG_MV,D,20210629,000000,97.48,97.48,93.88,97.08,0,0
CFG_MV,D,20210630,000000,97.35,97.35,90.94,93.88,0,0
CFG_MV,D,20210701,000000,89.61,93.08,89.61,92.41,0,0
CFG_MV,D,20210702,000000,92.14,92.14,89.61,91.48,0,0
CFG_MV,D,20210705,000000,91.48,91.48,90.14,91.21,0,0
CFG_MV,D,20210706,000000,90.68,90.68,84.28,88.54,0,0
CFG_MV,D,20210707,000000,88.94,89.08,86.68,88.01,0,0
CFG_MV,D,20210708,000000,85.48,87.88,83.48,83.48,0,0
CFG_MV,D,20210709,000000,83.48,85.61,83.34,85.61,0,0
CFG_MV,D,20210712,000000,85.61,85.61,84.28,85.34,0,0
CFG_MV,D,20210713,000000,85.48,87.74,84.01,87.48,0,0
CFG_MV,D,20210714,000000,87.74,90.68,87.61,89.08,0,0
CFG_MV,D,20210715,000000,90.68,90.68,90.14,90.14,0,0
CFG_MV,D,20210716,000000,90.14,97.35,90.14,97.35,0,0
CFG_MV,D,20210719,000000,97.35,97.35,91.61,96.01,0,0
CFG_MV,D,20210720,000000,97.35,97.35,88.28,92.54,0,0
CFG_MV,D,20210721,000000,94.68,94.95,90.14,93.88,0,0
CFG_MV,D,20210722,000000,93.88,93.88,91.74,93.75,0,0
CFG_MV,D,20210723,000000,93.75,94.68,92.01,94.68,0,0
CFG_MV,D,20210726,000000,93.88,94.41,91.34,94.41,0,0
CFG_MV,D,20210727,000000,94.41,94.41,92.28,94.15,0,0
CFG_MV,D,20210728,000000,94.15,94.15,90.68,92.68,0,0
CFG_MV,D,20210729,000000,93.88,94.15,92.14,92.14,0,0
CFG_MV,D,20210730,000000,94.68,94.68,92.81,92.81,0,0
CFG_MV,D,20210802,000000,93.35,93.35,90.81,92.01,0,0
CFG_MV,D,20210803,000000,92.01,92.01,88.41,90.28,0,0
CFG_MV,D,20210804,000000,92.01,92.01,86.68,90.94,0,0
CFG_MV,D,20210805,000000,90.68,90.94,87.61,90.94,0,0
CFG_MV,D,20210806,000000,90.94,91.74,85.48,89.88,0,0
CFG_MV,D,20210809,000000,89.34,89.34,84.01,87.48,0,0
CFG_MV,D,20210810,000000,87.48,87.48,85.48,86.28,0,0
CFG_MV,D,20210811,000000,86.28,86.41,83.48,85.88,0,0
CFG_MV,D,20210812,000000,85.88,85.88,83.48,85.34,0,0
CFG_MV,D,20210813,000000,85.34,88.28,85.34,87.61,0,0
CFG_MV,D,20210816,000000,85.74,89.34,85.74,89.21,0,0
CFG_MV,D,20210817,000000,90.68,96.01,89.34,94.95,0,0
CFG_MV,D,20210818,000000,95.48,95.75,92.01,92.01,0,0
CFG_MV,D,20210819,000000,94.41,94.41,89.61,90.28,0,0
CFG_MV,D,20210820,000000,93.35,93.35,88.01,91.88,0,0
CFG_MV,D,20210823,000000,91.88,91.88,86.94,88.41,0,0
CFG_MV,D,20210824,000000,91.34,91.48,85.74,91.48,0,0
CFG_MV,D,20210825,000000,91.08,91.48,88.14,90.68,0,0
CFG_MV,D,20210826,000000,91.88,91.88,90.41,91.08,0,0
CFG_MV,D,20210827,000000,91.61,91.74,90.68,90.68,0,0
CFG_MV,D,20210830,000000,91.61,91.61,88.94,91.61,0,0
CFG_MV,D,20210831,000000,91.61,93.08,90.68,92.68,0,0
CFG_MV,D,20210901,000000,92.81,92.81,88.01,89.61,0,0
CFG_MV,D,20210902,000000,90.81,90.81,88.01,89.61,0,0
CFG_MV,D,20210903,000000,89.74,90.28,86.68,90.01,0,0
CFG_MV,D,20210906,000000,90.01,90.28,88.14,89.34,0,0
CFG_MV,D,20210907,000000,89.61,89.61,86.14,87.88,0,0
CFG_MV,D,20210908,000000,88.01,88.54,86.68,88.54,0,0
CFG_MV,D,20210909,000000,88.81,90.81,86.81,89.48,0,0
CFG_MV,D,20210910,000000,92.14,92.68,88.94,92.14,0,0
CFG_MV,D,20210913,000000,90.41,90.41,89.48,90.28,0,0
CFG_MV,D,20210914,000000,90.28,92.81,86.94,91.21,0,0
CFG_MV,D,20210915,000000,91.08,91.88,91.08,91.88,0,0
CFG_MV,D,20210916,000000,88.94,91.34,88.94,91.08,0,0
CFG_MV,D,20210917,000000,91.21,98.41,89.08,96.01,0,0
CFG_MV,D,20210920,000000,94.68,96.15,93.61,96.15,0,0
CFG_MV,D,20210921,000000,96.01,100.68,94.68,100.68,0,0
CFG_MV,D,20210922,000000,101.08,102.15,97.48,100.55,0,0
CFG_MV,D,20210923,000000,98.41,98.41,94.01,98.41,0,0
CFG_MV,D,20210924,000000,100.81,102.81,95.48,102.01,0,0
CFG_MV,D,20210927,000000,102.15,102.15,99.48,100.81,0,0
CFG_MV,D,20210928,000000,101.08,101.08,96.68,98.68,0,0
CFG_MV,D,20210929,000000,98.68,98.95,97.35,98.95,0,0
CFG_MV,D,20210930,000000,98.95,101.48,96.68,98.68,0,0
CFG_MV,D,20211001,000000,101.35,101.35,97.88,101.21,0,0
CFG_MV,D,20211004,000000,102.68,102.68,98.41,101.08,0,0
CFG_MV,D,20211005,000000,100.95,100.95,97.35,100.81,0,0
CFG_MV,D,20211006,000000,101.08,101.08,95.08,98.41,0,0
CFG_MV,D,20211007,000000,98.41,101.08,95.88,99.75,0,0
CFG_MV,D,20211008,000000,99.75,99.75,97.48,98.68,0,0
CFG_MV,D,20211011,000000,99.75,101.35,98.68,101.08,0,0
CFG_MV,D,20211012,000000,101.08,101.08,96.28,98.68,0,0
CFG_MV,D,20211013,000000,98.68,98.68,97.35,98.68,0,0
CFG_MV,D,20211014,000000,98.68,98.68,97.21,98.68,0,0
CFG_MV,D,20211015,000000,98.68,98.68,97.35,98.68,0,0
CFG_MV,D,20211018,000000,98.68,98.68,96.41,97.75,0,0
CFG_MV,D,20211019,000000,97.35,98.41,95.21,98.41,0,0
CFG_MV,D,20211020,000000,98.41,98.41,94.81,96.95,0,0
CFG_MV,D,20211021,000000,96.95,98.68,93.61,98.68,0,0
CFG_MV,D,20211022,000000,98.68,98.68,97.61,97.61,0,0
CFG_MV,D,20211025,000000,97.61,97.61,94.68,97.48,0,0
CFG_MV,D,20211026,000000,97.48,97.48,93.88,96.41,0,0
CFG_MV,D,20211027,000000,97.21,97.21,94.15,95.75,0,0
CFG_MV,D,20211028,000000,95.61,95.75,93.75,95.75,0,0
CFG_MV,D,20211029,000000,96.01,96.01,96.01,96.01,0,0
CFG_MV,D,20211102,000000,95.08,95.08,93.35,93.75,0,0
CFG_MV,D,20211103,000000,93.75,93.75,90.68,93.35,0,0
CFG_MV,D,20211104,000000,92.01,97.08,90.81,97.08,0,0
CFG_MV,D,20211105,000000,101.08,101.08,94.68,98.55,0,0
CFG_MV,D,20211108,000000,99.21,99.21,99.21,99.21,0,0
CFG_MV,D,20211109,000000,98.41,98.41,94.15,97.21,0,0
CFG_MV,D,20211110,000000,97.21,98.55,94.55,96.55,0,0
CFG_MV,D,20211112,000000,99.21,99.21,98.41,98.55,0,0
CFG_MV,D,20211115,000000,100.01,100.01,95.08,98.68,0,0
CFG_MV,D,20211116,000000,98.68,98.68,94.81,98.01,0,0
CFG_MV,D,20211117,000000,98.15,98.15,93.75,96.41,0,0
CFG_MV,D,20211118,000000,96.55,96.55,92.28,95.75,0,0
CFG_MV,D,20211119,000000,95.88,96.01,90.68,94.01,0,0
CFG_MV,D,20211122,000000,95.88,95.88,91.74,94.55,0,0
CFG_MV,D,20211123,000000,94.55,94.55,91.08,93.08,0,0
CFG_MV,D,20211124,000000,95.35,95.35,90.68,93.61,0,0
CFG_MV,D,20211125,000000,89.34,92.81,89.34,92.68,0,0
CFG_MV,D,20211126,000000,92.68,92.68,89.74,90.68,0,0
CFG_MV,D,20211129,000000,93.35,93.35,88.81,91.48,0,0
CFG_MV,D,20211130,000000,92.54,92.54,86.28,92.54,0,0
CFG_MV,D,20211201,000000,92.54,92.54,92.01,92.54,0,0
CFG_MV,D,20211202,000000,92.54,92.94,90.01,92.94,0,0
CFG_MV,D,20211203,000000,92.41,92.41,91.48,92.41,0,0
CFG_MV,D,20211206,000000,92.54,92.94,89.61,92.81,0,0
CFG_MV,D,20211207,000000,93.08,93.08,89.88,92.54,0,0
CFG_MV,D,20211208,000000,92.68,92.81,92.28,92.68,0,0
CFG_MV,D,20211209,000000,92.68,92.68,90.28,92.54,0,0
CFG_MV,D,20211210,000000,93.21,93.21,91.34,92.01,0,0
CFG_MV,D,20211213,000000,90.68,92.01,90.01,92.01,0,0
CFG_MV,D,20211214,000000,93.35,97.35,93.35,97.35,0,0
CFG_MV,D,20211215,000000,94.15,94.15,82.41,82.68,0,0
CFG_MV,D,20211216,000000,82.01,82.54,66.68,82.41,0,0
CFG_MV,D,20211217,000000,82.68,86.41,77.34,82.54,0,0
CFG_MV,D,20211220,000000,85.34,85.34,80.28,82.14,0,0
CFG_MV,D,20211221,000000,82.68,84.41,79.48,81.08,0,0
CFG_MV,D,20211222,000000,82.28,82.28,77.88,81.61,0,0
CFG_MV,D,20211223,000000,81.88,81.88,77.34,79.88,0,0
CFG_MV,D,20211227,000000,79.88,79.88,76.54,78.68,0,0
CFG_MV,D,20211228,000000,79.21,79.21,75.48,75.61,0,0
CFG_MV,D,20211229,000000,75.48,78.68,75.48,77.34,0,0
CFG_MV,D,20211230,000000,78.68,78.68,77.34,78.14,0,0
CFG_MV,D,20220103,000000,78.54,88.01,78.54,85.88,0,0
CFG_MV,D,20220104,000000,87.88,87.88,85.34,85.34,0,0
CFG_MV,D,20220105,000000,87.34,87.34,79.48,81.61,0,0
CFG_MV,D,20220107,000000,81.61,82.41,76.28,82.41,0,0
CFG_MV,D,20220110,000000,84.14,84.14,74.68,76.01,0,0
CFG_MV,D,20220111,000000,78.14,78.41,74.68,77.88,0,0
CFG_MV,D,20220112,000000,78.14,79.21,76.01,78.94,0,0
CFG_MV,D,20220113,000000,79.21,79.21,74.28,74.68,0,0
CFG_MV,D,20220114,000000,75.61,75.61,74.81,75.61,0,0
CFG_MV,D,20220117,000000,75.61,76.28,72.01,74.54,0,0
CFG_MV,D,20220118,000000,75.08,75.08,72.01,74.28,0,0
CFG_MV,D,20220119,000000,74.28,74.28,70.94,73.88,0,0
CFG_MV,D,20220120,000000,74.81,74.81,70.81,74.54,0,0
CFG_MV,D,20220121,000000,73.34,73.61,71.08,71.48,0,0
CFG_MV,D,20220124,000000,72.01,72.01,64.01,67.48,0,0
CFG_MV,D,20220125,000000,68.01,69.34,64.81,69.21,0,0
CFG_MV,D,20220126,000000,69.21,69.21,65.47,66.68,0,0
CFG_MV,D,20220127,000000,66.68,68.14,66.68,68.14,0,0
CFG_MV,D,20220128,000000,68.14,68.68,67.08,68.68,0,0
CFG_MV,D,20220131,000000,67.21,69.21,67.21,69.08,0,0
CFG_MV,D,20220201,000000,69.21,70.68,68.41,70.54,0,0
CFG_MV,D,20220202,000000,70.54,70.94,68.81,68.81,0,0
CFG_MV,D,20220203,000000,74.14,74.14,68.94,73.34,0,0
CFG_MV,D,20220204,000000,73.34,73.34,70.81,71.74,0,0
CFG_MV,D,20220207,000000,71.88,71.88,65.87,66.68,0,0
CFG_MV,D,20220208,000000,66.68,66.68,63.34,64.94,0,0
CFG_MV,D,20220209,000000,65.07,66.41,62.94,65.34,0,0
CFG_MV,D,20220210,000000,67.34,67.34,63.34,65.87,0,0
CFG_MV,D,20220211,000000,65.87,65.87,60.27,64.01,0,0
CFG_MV,D,20220214,000000,61.34,63.87,57.34,63.74,0,0
CFG_MV,D,20220215,000000,59.61,63.34,57.87,63.34,0,0
CFG_MV,D,20220216,000000,59.34,63.74,59.34,62.41,0,0
CFG_MV,D,20220217,000000,63.47,63.47,58.94,58.94,0,0
CFG_MV,D,20220218,000000,62.94,62.94,58.94,58.94,0,0
CFG_MV,D,20220221,000000,61.74,61.74,59.21,59.61,0,0
CFG_MV,D,20220222,000000,57.61,68.68,56.27,64.67,0,0
CFG_MV,D,20220223,000000,64.94,70.68,64.94,70.14,0,0
CFG_MV,D,20220224,000000,56.54,62.14,48.01,57.47,0,0
CFG_MV,D,20220225,000000,60.54,60.81,54.94,57.61,0,0
CFG_MV,D,20220228,000000,60.94,65.34,55.47,64.81,0,0
CFG_MV,D,20220301,000000,64.81,71.08,64.27,67.21,0,0
CFG_MV,D,20220302,000000,67.74,67.74,65.47,65.47,0,0
CFG_MV,D,20220303,000000,67.74,67.74,62.67,66.14,0,0
CFG_MV,D,20220304,000000,66.14,66.14,66.14,66.14,0,0
CFG_MV,D,20220307,000000,64.01,64.01,62.54,62.54,0,0
CFG_MV,D,20220308,000000,59.47,65.47,59.47,65.47,0,0
CFG_MV,D,20220309,000000,65.87,69.34,61.34,68.54,0,0
CFG_MV,D,20220310,000000,68.54,71.48,68.54,70.41,0,0
CFG_MV,D,20220311,000000,70.41,71.74,70.41,71.34,0,0
CFG_MV,D,20220314,000000,71.34,71.34,65.87,69.34,0,0
CFG_MV,D,20220315,000000,70.14,70.14,64.41,68.54,0,0
CFG_MV,D,20220316,000000,68.81,69.34,66.54,69.34,0,0
CFG_MV,D,20220317,000000,71.34,71.34,69.34,70.41,0,0
CFG_MV,D,20220318,000000,71.74,71.74,70.68,70.68,0,0
CFG_MV,D,20220321,000000,71.74,72.01,69.34,72.01,0,0
CFG_MV,D,20220322,000000,72.01,72.01,71.88,72.01,0,0
CFG_MV,D,20220323,000000,71.88,72.01,71.88,72.01,0,0
CFG_MV,D,20220324,000000,73.34,77.21,73.34,77.21,0,0
CFG_MV,D,20220325,000000,77.08,78.41,76.94,78.41,0,0
CFG_MV,D,20220328,000000,78.54,89.61,78.54,89.61,0,0
CFG_MV,D,20220329,000000,89.61,89.61,88.01,88.01,0,0
CFG_MV,D,20220330,000000,88.01,90.68,84.54,85.21,0,0
CFG_MV,D,20220331,000000,84.81,85.34,84.81,85.34,0,0
CFG_MV,D,20220401,000000,85.34,88.01,82.68,88.01,0,0
CFG_MV,D,20220404,000000,82.94,86.68,80.68,85.34,0,0
CFG_MV,D,20220405,000000,86.01,87.88,81.74,87.88,0,0
CFG_MV,D,20220406,000000,87.88,87.88,76.94,76.94,0,0
CFG_MV,D,20220407,000000,79.21,89.74,79.21,82.68,0,0
CFG_MV,D,20220408,000000,84.01,84.01,78.81,82.68,0,0
CFG_MV,D,20220411,000000,80.14,80.54,77.61,78.94,0,0
CFG_MV,D,20220412,000000,78.94,78.94,73.88,77.21,0,0
CFG_MV,D,20220413,000000,78.94,78.94,74.14,77.34,0,0
CFG_MV,D,20220414,000000,77.34,77.34,72.81,73.88,0,0
CFG_MV,D,20220419,000000,74.14,74.68,73.34,74.68,0,0
CFG_MV,D,20220420,000000,77.08,87.21,75.48,85.08,0,0
CFG_MV,D,20220421,000000,82.68,84.28,79.48,79.74,0,0
CFG_MV,D,20220422,000000,83.74,83.74,73.08,74.94,0,0
CFG_MV,D,20220425,000000,79.74,79.74,67.74,71.74,0,0
CFG_MV,D,20220426,000000,73.08,73.08,67.74,70.94,0,0
CFG_MV,D,20220427,000000,70.68,70.68,66.14,66.14,0,0
CFG_MV,D,20220428,000000,68.01,68.28,65.61,67.48,0,0
CFG_MV,D,20220429,000000,67.48,68.01,66.41,66.41,0,0
CFG_MV,D,20220502,000000,68.28,68.28,65.34,66.68,0,0
CFG_MV,D,20220504,000000,66.68,66.68,63.74,63.74,0,0
CFG_MV,D,20220505,000000,66.41,66.41,62.67,62.94,0,0
CFG_MV,D,20220506,000000,64.01,65.07,61.07,61.34,0,0
CFG_MV,D,20220509,000000,62.94,62.94,61.34,62.14,0,0
CFG_MV,D,20220510,000000,62.14,62.14,55.47,58.41,0,0
CFG_MV,D,20220511,000000,55.74,56.01,51.47,54.41,0,0
CFG_MV,D,20220512,000000,54.41,54.41,51.47,52.81,0,0
CFG_MV,D,20220513,000000,52.54,56.01,52.54,54.67,0,0
CFG_MV,D,20220516,000000,53.34,55.74,52.54,55.47,0,0
CFG_MV,D,20220517,000000,55.21,55.21,53.61,54.67,0,0
CFG_MV,D,20220518,000000,53.87,55.21,53.87,54.94,0,0
CFG_MV,D,20220519,000000,55.47,55.47,53.34,54.67,0,0
CFG_MV,D,20220520,000000,54.67,54.67,52.81,54.41,0,0
CFG_MV,D,20220523,000000,54.67,54.94,54.67,54.94,0,0
CFG_MV,D,20220524,000000,54.67,54.67,53.21,54.67,0,0
CFG_MV,D,20220525,000000,54.67,55.21,53.87,54.94,0,0
CFG_MV,D,20220526,000000,55.21,60.27,55.21,60.27,0,0
CFG_MV,D,20220527,000000,60.27,60.27,56.01,57.61,0,0
CFG_MV,D,20220530,000000,56.01,58.67,54.41,58.14,0,0
CFG_MV,D,20220531,000000,58.14,60.27,56.01,60.27,0,0
CFG_MV,D,20220601,000000,60.27,61.07,59.47,60.81,0,0
CFG_MV,D,20220602,000000,61.07,63.47,61.07,63.47,0,0
CFG_MV,D,20220603,000000,63.47,63.47,57.87,62.94,0,0
CFG_MV,D,20220606,000000,59.21,62.94,59.21,62.94,0,0
CFG_MV,D,20220607,000000,60.01,62.14,59.74,62.14,0,0
CFG_MV,D,20220608,000000,59.74,62.14,58.67,62.14,0,0
CFG_MV,D,20220609,000000,60.01,62.14,60.01,61.07,0,0
CFG_MV,D,20220610,000000,61.87,61.87,55.74,60.01,0,0
CFG_MV,D,20220613,000000,59.74,59.74,52.81,54.67,0,0
CFG_MV,D,20220614,000000,53.34,53.34,50.54,50.67,0,0
CFG_MV,D,20220615,000000,52.54,53.34,52.41,53.34,0,0
CFG_MV,D,20220617,000000,53.34,53.34,50.01,52.81,0,0
CFG_MV,D,20220620,000000,49.61,50.54,48.81,50.54,0,0
CFG_MV,D,20220621,000000,51.61,51.61,48.01,49.47,0,0
CFG_MV,D,20220622,000000,49.61,50.67,46.94,48.54,0,0
CFG_MV,D,20220623,000000,50.14,50.14,49.87,49.87,0,0
CFG_MV,D,20220624,000000,50.41,50.67,47.61,50.14,0,0
CFG_MV,D,20220627,000000,50.67,50.67,49.34,49.87,0,0
CFG_MV,D,20220628,000000,50.27,50.27,48.27,50.27,0,0
CFG_MV,D,20220629,000000,50.41,50.41,48.01,50.27,0,0
CFG_MV,D,20220630,000000,50.27,51.74,50.27,51.74,0,0
CFG_MV,D,20220701,000000,51.47,51.61,50.67,50.67,0,0
CFG_MV,D,20220704,000000,52.01,52.67,48.01,52.67,0,0
CFG_MV,D,20220705,000000,52.67,52.67,48.01,50.54,0,0
CFG_MV,D,20220706,000000,48.01,52.67,48.01,52.67,0,0
CFG_MV,D,20220707,000000,52.67,52.67,48.54,51.74,0,0
CFG_MV,D,20220708,000000,51.74,54.67,50.67,54.67,0,0
CFG_MV,D,20220711,000000,54.67,54.67,50.67,54.41,0,0
CFG_MV,D,20220712,000000,54.41,54.41,50.01,51.47,0,0
CFG_MV,D,20220713,000000,51.47,51.47,48.01,49.74,0,0
CFG_MV,D,20220714,000000,50.94,50.94,48.01,50.27,0,0
CFG_MV,D,20220715,000000,50.27,50.27,48.14,49.74,0,0
CFG_MV,D,20220718,000000,49.74,50.54,44.27,46.67,0,0
CFG_MV,D,20220719,000000,46.14,47.34,43.47,44.81,0,0
CFG_MV,D,20220720,000000,45.07,47.47,45.07,47.34,0,0
CFG_MV,D,20220721,000000,44.81,46.14,44.01,45.87,0,0
CFG_MV,D,20220722,000000,43.87,46.01,43.87,46.01,0,0
CFG_MV,D,20220725,000000,46.01,47.61,45.34,46.67,0,0
CFG_MV,D,20220726,000000,46.67,46.67,45.34,45.34,0,0
CFG_MV,D,20220727,000000,44.81,46.67,44.81,46.67,0,0
CFG_MV,D,20220728,000000,46.67,47.74,45.34,47.74,0,0
CFG_MV,D,20220729,000000,47.74,47.74,44.81,47.74,0,0
CFG_MV,D,20220801,000000,47.74,48.01,44.94,48.01,0,0
CFG_MV,D,20220802,000000,48.01,48.01,44.94,46.67,0,0
CFG_MV,D,20220803,000000,46.27,47.47,46.27,47.47,0,0
CFG_MV,D,20220804,000000,48.01,48.01,45.87,46.67,0,0
CFG_MV,D,20220805,000000,45.21,45.87,42.94,45.87,0,0
CFG_MV,D,20220808,000000,46.14,46.14,42.67,44.01,0,0
CFG_MV,D,20220809,000000,44.01,44.01,40.01,42.54,0,0
CFG_MV,D,20220810,000000,42.54,42.54,40.01,42.27,0,0
CFG_MV,D,20220811,000000,42.27,42.27,40.14,40.41,0,0
CFG_MV,D,20220812,000000,40.54,40.54,38.67,39.87,0,0
CFG_MV,D,20220816,000000,41.34,41.34,37.87,38.67,0,0
CFG_MV,D,20220817,000000,39.87,39.87,36.14,37.47,0,0
CFG_MV,D,20220818,000000,37.47,37.47,36,37.07,0,0
CFG_MV,D,20220819,000000,37.2,37.2,33.74,35.6,0,0
CFG_MV,D,20220822,000000,35.34,36,34.27,35.6,0,0
CFG_MV,D,20220823,000000,36.4,36.4,31.47,31.6,0,0
CFG_MV,D,20220824,000000,31.47,32.54,30.94,31.07,0,0
CFG_MV,D,20220825,000000,31.87,35.87,31.47,34.4,0,0
CFG_MV,D,20220826,000000,34.67,34.67,32.4,33.34,0,0
CFG_MV,D,20220829,000000,33.6,33.6,32,33.07,0,0
CFG_MV,D,20220830,000000,33.74,33.74,31.34,31.34,0,0
CFG_MV,D,20220831,000000,33.47,33.47,30.67,31.87,0,0
CFG_MV,D,20220901,000000,30,31.74,30,31.47,0,0
CFG_MV,D,20220902,000000,31.87,31.87,30.27,30.4,0,0
CFG_MV,D,20220905,000000,30.4,30.4,29.6,30.14,0,0
