<TICKER>,<PER>,<DATE>,<TIME>,<OPEN>,<HIGH>,<LOW>,<CLOSE>,<VOL>,<OPENINT>
CLA_MV,D,20210909,000000,36.5,36.5,36.5,36.5,0,0
CLA_MV,D,20210910,000000,35.1,35.9,33.62,35,0,0
CLA_MV,D,20210913,000000,33.62,34.8,33.2,34.8,0,0
CLA_MV,D,20210914,000000,34.9,34.9,34.8,34.8,0,0
CLA_MV,D,20210915,000000,34.8,34.8,33,33,0,0
CLA_MV,D,20210916,000000,33,33,33,33,0,0
CLA_MV,D,20210917,000000,32.99,33.5,30.2,33.5,0,0
CLA_MV,D,20210920,000000,32.2,32.4,31,32.4,0,0
CLA_MV,D,20210921,000000,32.4,35,32.4,35,0,0
CLA_MV,D,20210922,000000,35,44,35,35.81,0,0
CLA_MV,D,20210923,000000,37.2,37.2,34.32,34.9,0,0
CLA_MV,D,20210924,000000,34.87,35.1,33,35.1,0,0
CLA_MV,D,20210927,000000,34.75,34.96,34.2,34.96,0,0
CLA_MV,D,20210928,000000,34.96,35.35,34.96,35.35,0,0
CLA_MV,D,20210929,000000,35.37,37.88,35.37,37.88,0,0
CLA_MV,D,20210930,000000,37.8,37.8,33.62,34.1,0,0
CLA_MV,D,20211001,000000,35.5,36.8,34.5,35.98,0,0
CLA_MV,D,20211004,000000,35.94,36.8,35.7,36.8,0,0
CLA_MV,D,20211005,000000,36,36.46,35.12,36,0,0
CLA_MV,D,20211006,000000,35,35,33.7,34.94,0,0
CLA_MV,D,20211007,000000,34.97,34.97,33.02,34.3,0,0
CLA_MV,D,20211008,000000,34.3,34.3,34.3,34.3,0,0
CLA_MV,D,20211011,000000,33.1,34.1,32.6,34.1,0,0
CLA_MV,D,20211012,000000,34,34,33,33.99,0,0
CLA_MV,D,20211013,000000,32.61,33.97,32,33.97,0,0
CLA_MV,D,20211014,000000,33.97,34.11,33.96,34.11,0,0
CLA_MV,D,20211015,000000,34.11,34.2,34.1,34.2,0,0
CLA_MV,D,20211018,000000,34.3,34.3,34.3,34.3,0,0
CLA_MV,D,20211019,000000,34.5,34.5,34.4,34.5,0,0
CLA_MV,D,20211020,000000,34.6,34.6,33,34,0,0
CLA_MV,D,20211026,000000,34.6,34.6,34.6,34.6,0,0
CLA_MV,D,20211027,000000,34.3,34.3,32,33.29,0,0
CLA_MV,D,20211028,000000,33.29,33.29,33.24,33.24,0,0
CLA_MV,D,20211029,000000,33.24,33.24,33.24,33.24,0,0
CLA_MV,D,20211102,000000,31.11,33,31.11,33,0,0
CLA_MV,D,20211103,000000,31.11,31.7,31,31.7,0,0
CLA_MV,D,20211104,000000,31,31,30.1,30.6,0,0
CLA_MV,D,20211105,000000,30.5,30.5,29.5,29.9,0,0
CLA_MV,D,20211108,000000,29.7,29.7,29.69,29.7,0,0
CLA_MV,D,20211109,000000,29.4,29.4,28.9,28.9,0,0
CLA_MV,D,20211110,000000,28.98,29.73,28.98,29.73,0,0
CLA_MV,D,20211112,000000,28.9,29,28,29,0,0
CLA_MV,D,20211115,000000,27.1,29.26,27,28.3,0,0
CLA_MV,D,20211116,000000,28.3,28.3,27,27.8,0,0
CLA_MV,D,20211117,000000,27.8,27.8,27.8,27.8,0,0
CLA_MV,D,20211118,000000,27.8,27.8,27.8,27.8,0,0
CLA_MV,D,20211119,000000,27.4,28.76,27,28.2,0,0
CLA_MV,D,20211122,000000,27.7,28,27.45,27.48,0,0
CLA_MV,D,20211123,000000,27.8,27.8,27,27.6,0,0
CLA_MV,D,20211124,000000,27.78,27.78,26.3,27,0,0
CLA_MV,D,20211125,000000,27.9,28.4,26.8,27.5,0,0
CLA_MV,D,20211126,000000,27.3,27.3,26.3,26.3,0,0
CLA_MV,D,20211129,000000,25.7,26,25.7,26,0,0
CLA_MV,D,20211130,000000,25.65,26.18,25.5,26.18,0,0
CLA_MV,D,20211201,000000,26.18,26.9,25.12,26,0,0
CLA_MV,D,20211202,000000,26.25,26.5,26.25,26.5,0,0
CLA_MV,D,20211203,000000,26.4,26.4,25.3,26,0,0
CLA_MV,D,20211206,000000,26,26,26,26,0,0
CLA_MV,D,20211207,000000,25.85,25.85,25.8,25.8,0,0
CLA_MV,D,20211208,000000,25.3,25.4,24.8,25.3,0,0
CLA_MV,D,20211209,000000,25,25,25,25,0,0
CLA_MV,D,20211210,000000,25,25,25,25,0,0
CLA_MV,D,20211213,000000,24.9,25.3,24.9,25.3,0,0
CLA_MV,D,20211214,000000,25.3,25.3,24.7,24.7,0,0
CLA_MV,D,20211215,000000,25,25,23.5,23.9,0,0
CLA_MV,D,20211216,000000,23.9,24.65,21.65,22.5,0,0
CLA_MV,D,20211217,000000,22.5,23.2,22.5,22.8,0,0
CLA_MV,D,20211220,000000,23,23,21.85,22.28,0,0
CLA_MV,D,20211221,000000,22.28,22.38,20.81,22.12,0,0
CLA_MV,D,20211222,000000,22.12,22.12,22.12,22.12,0,0
CLA_MV,D,20211223,000000,22,22.98,22,22.96,0,0
CLA_MV,D,20211227,000000,23,23.75,23,23,0,0
CLA_MV,D,20211228,000000,23.4,23.4,22.5,22.6,0,0
CLA_MV,D,20211229,000000,22.8,22.8,22.7,22.7,0,0
CLA_MV,D,20211230,000000,22.74,22.74,22.74,22.74,0,0
CLA_MV,D,20220103,000000,23.2,23.5,23.2,23.2,0,0
CLA_MV,D,20220104,000000,23.5,23.78,23.5,23.78,0,0
CLA_MV,D,20220105,000000,23.8,23.8,23.4,23.4,0,0
CLA_MV,D,20220107,000000,23.2,23.8,23.2,23.8,0,0
CLA_MV,D,20220110,000000,23.8,24.35,23.8,24.35,0,0
CLA_MV,D,20220111,000000,24.38,24.4,24.38,24.4,0,0
CLA_MV,D,20220112,000000,24.4,24.4,23.41,24.35,0,0
CLA_MV,D,20220113,000000,24.4,24.88,24.2,24.88,0,0
CLA_MV,D,20220114,000000,24.8,24.8,24.5,24.5,0,0
CLA_MV,D,20220117,000000,24.8,24.8,24.8,24.8,0,0
CLA_MV,D,20220118,000000,24.8,24.88,24.8,24.8,0,0
CLA_MV,D,20220119,000000,24.4,24.4,24.39,24.39,0,0
CLA_MV,D,20220120,000000,23.6,24.2,23.6,24.2,0,0
CLA_MV,D,20220121,000000,23.6,23.6,22.4,23,0,0
CLA_MV,D,20220124,000000,23.3,23.5,21.2,21.7,0,0
CLA_MV,D,20220125,000000,21.7,23,21.7,23,0,0
CLA_MV,D,20220126,000000,22.9,23.4,22.9,23.4,0,0
CLA_MV,D,20220127,000000,23.38,23.59,23,23.59,0,0
CLA_MV,D,20220128,000000,23.3,23.3,23.3,23.3,0,0
CLA_MV,D,20220131,000000,23,23.59,23,23.39,0,0
CLA_MV,D,20220201,000000,23.38,23.58,22.82,23.29,0,0
CLA_MV,D,20220202,000000,23.29,23.3,22.3,23.29,0,0
CLA_MV,D,20220203,000000,23.4,23.4,23.18,23.18,0,0
CLA_MV,D,20220204,000000,23.18,23.19,22,22.7,0,0
CLA_MV,D,20220207,000000,22.4,22.7,21.5,22.7,0,0
CLA_MV,D,20220208,000000,22,23.19,22,23,0,0
CLA_MV,D,20220209,000000,22.4,23,22.4,23,0,0
CLA_MV,D,20220210,000000,22.1,23,22.1,23,0,0
CLA_MV,D,20220211,000000,23,23.2,23,23.2,0,0
CLA_MV,D,20220214,000000,22.2,22.5,22,22.5,0,0
CLA_MV,D,20220215,000000,21.2,23.1,21.2,23.1,0,0
CLA_MV,D,20220216,000000,22.5,23.05,22.5,23.05,0,0
CLA_MV,D,20220217,000000,23.05,23.05,23.05,23.05,0,0
CLA_MV,D,20220218,000000,23,23,21.8,23,0,0
CLA_MV,D,20220221,000000,23.05,23.05,21.8,22.7,0,0
CLA_MV,D,20220222,000000,23,23,23,23,0,0
CLA_MV,D,20220223,000000,22.95,22.95,22,22.75,0,0
CLA_MV,D,20220224,000000,21.7,21.7,20,20,0,0
CLA_MV,D,20220225,000000,17,20,17,19.99,0,0
CLA_MV,D,20220228,000000,19.99,19.99,19.99,19.99,0,0
CLA_MV,D,20220301,000000,19.9,19.98,19,19.49,0,0
CLA_MV,D,20220302,000000,19.5,19.5,19.5,19.5,0,0
CLA_MV,D,20220303,000000,18.8,19.97,18.8,19.97,0,0
CLA_MV,D,20220304,000000,18.7,19.94,18.7,19.94,0,0
CLA_MV,D,20220307,000000,19.3,19.3,19.3,19.3,0,0
CLA_MV,D,20220308,000000,19.3,19.3,19.3,19.3,0,0
CLA_MV,D,20220309,000000,19.4,19.9,19.4,19.9,0,0
CLA_MV,D,20220310,000000,19.9,19.92,19.9,19.92,0,0
CLA_MV,D,20220311,000000,19.92,19.92,19.92,19.92,0,0
CLA_MV,D,20220314,000000,19.9,19.9,19.9,19.9,0,0
CLA_MV,D,20220315,000000,19.92,19.92,19.92,19.92,0,0
CLA_MV,D,20220316,000000,19.9,19.92,19.9,19.92,0,0
CLA_MV,D,20220317,000000,19.92,19.92,19.92,19.92,0,0
CLA_MV,D,20220318,000000,19.92,19.92,19.92,19.92,0,0
CLA_MV,D,20220321,000000,19.5,19.5,19.5,19.5,0,0
CLA_MV,D,20220322,000000,19.5,19.9,19.5,19.9,0,0
CLA_MV,D,20220323,000000,19.9,19.92,19.9,19.9,0,0
CLA_MV,D,20220324,000000,19.9,19.9,19.9,19.9,0,0
CLA_MV,D,20220325,000000,19.9,19.9,19.9,19.9,0,0
CLA_MV,D,20220328,000000,19.9,19.9,19.9,19.9,0,0
CLA_MV,D,20220329,000000,19.92,19.92,19,19.75,0,0
CLA_MV,D,20220330,000000,19.92,19.92,19.92,19.92,0,0
CLA_MV,D,20220331,000000,19.92,20,19,20,0,0
CLA_MV,D,20220401,000000,20,21,20,21,0,0
CLA_MV,D,20220404,000000,22,22,22,22,0,0
CLA_MV,D,20220405,000000,22,22,21.4,21.6,0,0
CLA_MV,D,20220407,000000,21.6,21.6,21.6,21.6,0,0
CLA_MV,D,20220411,000000,21.3,22.75,21.3,22.75,0,0
CLA_MV,D,20220412,000000,23.38,23.38,23.36,23.36,0,0
CLA_MV,D,20220413,000000,26,26,24,24.6,0,0
CLA_MV,D,20220419,000000,22.8,23.4,21.6,21.6,0,0
CLA_MV,D,20220420,000000,22.7,22.7,21.6,22,0,0
CLA_MV,D,20220421,000000,20,21,18.5,20.8,0,0
CLA_MV,D,20220422,000000,19.6,20.8,18.6,20,0,0
CLA_MV,D,20220425,000000,17.1,19,16.05,19,0,0
CLA_MV,D,20220426,000000,19,19.45,17.9,19.45,0,0
CLA_MV,D,20220427,000000,18.3,18.85,17,18.1,0,0
CLA_MV,D,20220428,000000,18.15,18.15,16.7,17.95,0,0
CLA_MV,D,20220429,000000,17.85,17.85,16.8,17,0,0
CLA_MV,D,20220502,000000,16.9,16.9,15.8,16.6,0,0
CLA_MV,D,20220504,000000,16.5,16.5,16,16.2,0,0
CLA_MV,D,20220505,000000,16.2,16.35,15.5,16.35,0,0
CLA_MV,D,20220506,000000,15.3,16.3,14.6,15.4,0,0
CLA_MV,D,20220509,000000,14.6,15.3,14.3,15.3,0,0
CLA_MV,D,20220510,000000,15,15.4,14.3,15.05,0,0
CLA_MV,D,20220511,000000,14,14.8,14,14.5,0,0
CLA_MV,D,20220513,000000,14.3,16,14,16,0,0
CLA_MV,D,20220516,000000,16.1,17,14.2,15.05,0,0
CLA_MV,D,20220517,000000,15.95,18,14.85,15.7,0,0
CLA_MV,D,20220518,000000,15.7,16.8,14.85,15.45,0,0
CLA_MV,D,20220519,000000,14.15,15.5,14.1,15.5,0,0
CLA_MV,D,20220520,000000,15,15.5,15,15.5,0,0
CLA_MV,D,20220523,000000,14.4,15.75,14,14.15,0,0
CLA_MV,D,20220524,000000,14.15,14.15,12.45,13.3,0,0
CLA_MV,D,20220525,000000,12.6,13.2,12,13,0,0
CLA_MV,D,20220526,000000,12.8,12.85,11.1,12.85,0,0
CLA_MV,D,20220527,000000,12,12.15,10,10.75,0,0
CLA_MV,D,20220530,000000,11.15,12.3,9.8,10.8,0,0
CLA_MV,D,20220531,000000,10.8,10.8,9.5,9.98,0,0
CLA_MV,D,20220601,000000,9.7,10.1,8.54,9.86,0,0
CLA_MV,D,20220602,000000,8.8,9.58,8,8.24,0,0
CLA_MV,D,20220603,000000,8.18,8.94,7.5,8.94,0,0
CLA_MV,D,20220606,000000,8.5,8.9,7.9,8.7,0,0
CLA_MV,D,20220607,000000,8.5,8.5,8,8.38,0,0
CLA_MV,D,20220608,000000,8.4,8.4,7.9,8.2,0,0
CLA_MV,D,20220609,000000,8.5,8.5,6.82,7.3,0,0
CLA_MV,D,20220610,000000,7,7,5.8,6,0,0
CLA_MV,D,20220613,000000,5.7,5.98,4.56,5.74,0,0
CLA_MV,D,20220614,000000,5.7,5.8,5.4,5.76,0,0
CLA_MV,D,20220615,000000,5.82,5.82,4.66,4.66,0,0
CLA_MV,D,20220617,000000,5,5.08,4.4,4.98,0,0
CLA_MV,D,20220620,000000,4.98,4.99,4.78,4.99,0,0
CLA_MV,D,20220621,000000,4.99,4.99,4.9,4.99,0,0
CLA_MV,D,20220622,000000,5,5,5,5,0,0
CLA_MV,D,20220623,000000,4.52,4.86,4.52,4.86,0,0
CLA_MV,D,20220624,000000,4.5,5.4,4.5,5.4,0,0
CLA_MV,D,20220627,000000,5.04,5.8,5.04,5.8,0,0
CLA_MV,D,20220628,000000,5.78,5.82,5.7,5.82,0,0
CLA_MV,D,20220629,000000,5.64,5.84,5.64,5.84,0,0
CLA_MV,D,20220630,000000,5.98,7,5.98,7,0,0
CLA_MV,D,20220701,000000,6.3,6.48,5.9,6.48,0,0
CLA_MV,D,20220704,000000,6.64,6.68,6.6,6.6,0,0
CLA_MV,D,20220705,000000,6.58,6.84,6.58,6.84,0,0
CLA_MV,D,20220706,000000,6.4,6.52,6.4,6.4,0,0
CLA_MV,D,20220707,000000,6.52,6.52,6.52,6.52,0,0
CLA_MV,D,20220708,000000,6.4,6.62,6.4,6.62,0,0
CLA_MV,D,20220712,000000,6.5,6.84,6.5,6.84,0,0
CLA_MV,D,20220713,000000,6.78,6.88,6.78,6.88,0,0
CLA_MV,D,20220714,000000,6.88,6.88,6.8,6.88,0,0
CLA_MV,D,20220715,000000,6.9,6.9,6.9,6.9,0,0
CLA_MV,D,20220718,000000,6.88,6.88,6.88,6.88,0,0
CLA_MV,D,20220719,000000,5.62,6.74,5.62,6.5,0,0
CLA_MV,D,20220720,000000,6.52,6.52,6.36,6.5,0,0
CLA_MV,D,20220721,000000,6.46,6.66,6.46,6.66,0,0
CLA_MV,D,20220722,000000,6.88,6.88,6.7,6.88,0,0
CLA_MV,D,20220725,000000,6.68,6.9,6.68,6.9,0,0
CLA_MV,D,20220726,000000,6.7,7.48,6.7,7.4,0,0
CLA_MV,D,20220727,000000,7.4,7.8,7.4,7.8,0,0
CLA_MV,D,20220728,000000,7.76,7.76,7.5,7.5,0,0
CLA_MV,D,20220729,000000,7.5,7.8,7.5,7.8,0,0
CLA_MV,D,20220801,000000,7.8,7.8,7.8,7.8,0,0
CLA_MV,D,20220802,000000,7.42,7.8,7.42,7.8,0,0
CLA_MV,D,20220803,000000,8.16,8.96,8.16,8.94,0,0
CLA_MV,D,20220804,000000,9.5,9.88,9.5,9.5,0,0
CLA_MV,D,20220805,000000,9.84,9.84,9.84,9.84,0,0
CLA_MV,D,20220808,000000,9.84,9.86,9.84,9.86,0,0
CLA_MV,D,20220809,000000,9.6,9.6,8.8,9.2,0,0
CLA_MV,D,20220810,000000,9.4,9.4,8.84,9.3,0,0
CLA_MV,D,20220812,000000,9.2,9.2,8.8,9.18,0,0
CLA_MV,D,20220816,000000,9.18,9.22,8.66,9.18,0,0
CLA_MV,D,20220817,000000,9.18,9.18,9.18,9.18,0,0
CLA_MV,D,20220818,000000,8.6,8.6,8.52,8.52,0,0
CLA_MV,D,20220819,000000,9,9,8.94,8.94,0,0
CLA_MV,D,20220822,000000,8.6,8.8,8.36,8.36,0,0
CLA_MV,D,20220823,000000,8.42,8.42,7.98,8,0,0
CLA_MV,D,20220824,000000,7.8,7.8,7.7,7.7,0,0
CLA_MV,D,20220826,000000,8,8,8,8,0,0
CLA_MV,D,20220831,000000,8.1,9.4,8.1,9.4,0,0
CLA_MV,D,20220901,000000,9,9,8,8,0,0
CLA_MV,D,20220902,000000,8,8,7.8,7.8,0,0
CLA_MV,D,20220905,000000,8,8.3,7.7,7.94,0,0
