<TICKER>,<PER>,<DATE>,<TIME>,<OPEN>,<HIGH>,<LOW>,<CLOSE>,<VOL>,<OPENINT>
CMI_MV,D,20190424,000000,48.12,48.12,48.12,48.12,0,0
CMI_MV,D,20190425,000000,49.32,58.35,49.32,58.35,0,0
CMI_MV,D,20190429,000000,58.23,66.17,58.23,63.76,0,0
CMI_MV,D,20190507,000000,63.76,63.76,63.76,63.76,0,0
CMI_MV,D,20190508,000000,61.35,61.35,61.35,61.35,0,0
CMI_MV,D,20190510,000000,61.35,61.35,57.74,57.74,0,0
CMI_MV,D,20190515,000000,56.54,56.54,56.54,56.54,0,0
CMI_MV,D,20190517,000000,59.43,67.37,59.43,67.37,0,0
CMI_MV,D,20190520,000000,67.37,70.38,67.37,70.38,0,0
CMI_MV,D,20190521,000000,68.57,68.57,67.97,67.97,0,0
CMI_MV,D,20190522,000000,67.97,67.97,67.97,67.97,0,0
CMI_MV,D,20190523,000000,67.97,67.97,67.97,67.97,0,0
CMI_MV,D,20190524,000000,67.97,67.97,67.97,67.97,0,0
CMI_MV,D,20190527,000000,67.97,67.97,67.97,67.97,0,0
CMI_MV,D,20190528,000000,69.17,78.2,69.17,78.2,0,0
CMI_MV,D,20190529,000000,93.83,112.6,84.21,84.21,0,0
CMI_MV,D,20190530,000000,83.61,83.61,78.2,78.2,0,0
CMI_MV,D,20190603,000000,76.99,76.99,72.78,72.78,0,0
CMI_MV,D,20190604,000000,69.77,69.77,68.57,68.57,0,0
CMI_MV,D,20190605,000000,65.56,72.18,60.15,70.98,0,0
CMI_MV,D,20190611,000000,73.38,73.38,73.38,73.38,0,0
CMI_MV,D,20190617,000000,72.18,72.18,70.98,70.98,0,0
CMI_MV,D,20190624,000000,68.57,68.57,68.57,68.57,0,0
CMI_MV,D,20190703,000000,71.58,72.18,71.58,72.18,0,0
CMI_MV,D,20190709,000000,72.18,76.39,72.18,76.39,0,0
CMI_MV,D,20190805,000000,76.99,76.99,76.99,76.99,0,0
CMI_MV,D,20190807,000000,77.53,77.53,77.53,77.53,0,0
CMI_MV,D,20190809,000000,78.2,78.2,78.2,78.2,0,0
CMI_MV,D,20190827,000000,76.39,76.39,75.19,75.19,0,0
CMI_MV,D,20190913,000000,79.4,92.63,79.4,92.63,0,0
CMI_MV,D,20190916,000000,102.26,102.26,81.8,84.21,0,0
CMI_MV,D,20190917,000000,80.6,80.6,74.59,74.59,0,0
CMI_MV,D,20190919,000000,73.98,73.98,73.98,73.98,0,0
CMI_MV,D,20190925,000000,70.98,70.98,67.37,67.37,0,0
CMI_MV,D,20190927,000000,66.17,66.17,66.17,66.17,0,0
CMI_MV,D,20191002,000000,64.96,64.96,62.56,62.56,0,0
CMI_MV,D,20191003,000000,61.35,72.18,59.31,72.18,0,0
CMI_MV,D,20191007,000000,72.18,72.18,72.18,72.18,0,0
CMI_MV,D,20191016,000000,72.18,72.18,72.18,72.18,0,0
CMI_MV,D,20191023,000000,72.18,73.38,72.18,73.38,0,0
CMI_MV,D,20191025,000000,73.38,73.38,73.38,73.38,0,0
CMI_MV,D,20191031,000000,76.99,82.41,76.99,82.41,0,0
CMI_MV,D,20191104,000000,81.8,81.8,74.59,74.59,0,0
CMI_MV,D,20191114,000000,73.38,73.38,66.17,67.97,0,0
CMI_MV,D,20191125,000000,69.77,69.77,69.77,69.77,0,0
CMI_MV,D,20191202,000000,69.77,69.77,69.77,69.77,0,0
CMI_MV,D,20191204,000000,72.18,72.18,72.18,72.18,0,0
CMI_MV,D,20191211,000000,72.18,72.18,72.18,72.18,0,0
CMI_MV,D,20191212,000000,72.18,72.18,72.18,72.18,0,0
CMI_MV,D,20191219,000000,72.18,72.18,60.15,60.75,0,0
CMI_MV,D,20191220,000000,60.15,60.15,60.15,60.15,0,0
CMI_MV,D,20191223,000000,60.15,60.15,60.15,60.15,0,0
CMI_MV,D,20191227,000000,59.31,66.17,59.31,66.17,0,0
CMI_MV,D,20200102,000000,63.76,63.76,63.16,63.16,0,0
CMI_MV,D,20200108,000000,62.56,62.56,62.56,62.56,0,0
CMI_MV,D,20200109,000000,61.35,61.35,61.35,61.35,0,0
CMI_MV,D,20200113,000000,71.7,71.7,71.7,71.7,0,0
CMI_MV,D,20200114,000000,71.7,71.7,71.7,71.7,0,0
CMI_MV,D,20200115,000000,70.38,70.38,70.38,70.38,0,0
CMI_MV,D,20200120,000000,70.38,70.38,66.65,66.65,0,0
CMI_MV,D,20200124,000000,67.37,68.57,67.37,68.57,0,0
CMI_MV,D,20200207,000000,67.37,67.37,67.37,67.37,0,0
CMI_MV,D,20200212,000000,69.77,70.01,69.77,69.77,0,0
CMI_MV,D,20200213,000000,69.77,69.77,60.15,60.15,0,0
CMI_MV,D,20200214,000000,63.76,68.57,63.76,68.57,0,0
CMI_MV,D,20200225,000000,66.77,66.77,61.35,61.35,0,0
CMI_MV,D,20200227,000000,64.36,72.18,64.36,72.18,0,0
CMI_MV,D,20200304,000000,72.18,72.18,72.18,72.18,0,0
CMI_MV,D,20200305,000000,72.18,72.18,67.97,67.97,0,0
CMI_MV,D,20200313,000000,67.85,67.85,67.85,67.85,0,0
CMI_MV,D,20200318,000000,64.96,64.96,63.76,63.76,0,0
CMI_MV,D,20200325,000000,63.76,63.76,61.35,61.35,0,0
CMI_MV,D,20200326,000000,62.56,72.18,62.56,72.18,0,0
CMI_MV,D,20200331,000000,70.98,80.6,69.17,69.17,0,0
CMI_MV,D,20200402,000000,66.17,66.17,64.96,64.96,0,0
CMI_MV,D,20200406,000000,64.96,64.96,63.76,63.76,0,0
CMI_MV,D,20200407,000000,63.76,64.36,63.76,64.36,0,0
CMI_MV,D,20200415,000000,67.37,80.6,67.37,80.6,0,0
CMI_MV,D,20200416,000000,78.2,87.82,62.56,87.82,0,0
CMI_MV,D,20200417,000000,87.82,87.82,78.2,78.2,0,0
CMI_MV,D,20200420,000000,78.2,78.2,78.2,78.2,0,0
CMI_MV,D,20200421,000000,78.2,83.01,78.2,83.01,0,0
CMI_MV,D,20200504,000000,83.61,83.61,83.61,83.61,0,0
CMI_MV,D,20200505,000000,83.61,83.61,83.61,83.61,0,0
CMI_MV,D,20200507,000000,84.21,85.41,84.21,85.41,0,0
CMI_MV,D,20200519,000000,85.41,102.26,85.41,102.26,0,0
CMI_MV,D,20200520,000000,102.26,120.3,87.82,87.82,0,0
CMI_MV,D,20200521,000000,90.23,90.23,72.18,72.18,0,0
CMI_MV,D,20200522,000000,72.78,72.78,61.35,67.37,0,0
CMI_MV,D,20200526,000000,68.57,68.57,68.57,68.57,0,0
CMI_MV,D,20200527,000000,67.37,67.37,66.77,66.77,0,0
CMI_MV,D,20200528,000000,67.97,67.97,67.97,67.97,0,0
CMI_MV,D,20200529,000000,66.77,69.17,66.77,69.17,0,0
CMI_MV,D,20200601,000000,69.77,72.18,69.77,72.18,0,0
CMI_MV,D,20200603,000000,73.38,75.19,73.38,75.19,0,0
CMI_MV,D,20200604,000000,78.2,78.2,78.2,78.2,0,0
CMI_MV,D,20200605,000000,78.2,78.2,72.18,72.18,0,0
CMI_MV,D,20200608,000000,74.59,74.59,74.59,74.59,0,0
CMI_MV,D,20200609,000000,72.78,72.78,72.18,72.18,0,0
CMI_MV,D,20200612,000000,72.18,72.18,72.18,72.18,0,0
CMI_MV,D,20200615,000000,72.18,72.18,72.18,72.18,0,0
CMI_MV,D,20200617,000000,69.77,70.98,66.17,70.98,0,0
CMI_MV,D,20200619,000000,72.18,72.18,72.18,72.18,0,0
CMI_MV,D,20200622,000000,72.18,72.18,72.18,72.18,0,0
CMI_MV,D,20200623,000000,72.78,72.78,72.78,72.78,0,0
CMI_MV,D,20200624,000000,72.18,72.18,72.18,72.18,0,0
CMI_MV,D,20200625,000000,69.77,69.77,68.57,68.57,0,0
CMI_MV,D,20200629,000000,68.57,68.57,68.57,68.57,0,0
CMI_MV,D,20200630,000000,68.57,69.77,68.57,69.77,0,0
CMI_MV,D,20200701,000000,69.77,69.77,69.77,69.77,0,0
CMI_MV,D,20200702,000000,71.58,72.18,71.58,72.18,0,0
CMI_MV,D,20200707,000000,72.18,72.18,67.37,72.18,0,0
CMI_MV,D,20200708,000000,72.18,72.18,72.18,72.18,0,0
CMI_MV,D,20200709,000000,72.18,72.18,72.18,72.18,0,0
CMI_MV,D,20200710,000000,71.58,71.58,71.58,71.58,0,0
CMI_MV,D,20200713,000000,69.77,69.77,66.17,66.17,0,0
CMI_MV,D,20200714,000000,66.17,66.17,64.96,64.96,0,0
CMI_MV,D,20200715,000000,64.96,64.96,64.96,64.96,0,0
CMI_MV,D,20200716,000000,64.96,64.96,64.96,64.96,0,0
CMI_MV,D,20200717,000000,64.96,66.17,64.96,66.17,0,0
CMI_MV,D,20200720,000000,67.37,67.37,61.35,61.35,0,0
CMI_MV,D,20200722,000000,61.35,61.35,61.35,61.35,0,0
CMI_MV,D,20200723,000000,61.35,61.35,61.35,61.35,0,0
CMI_MV,D,20200724,000000,61.35,61.35,61.35,61.35,0,0
CMI_MV,D,20200727,000000,61.35,61.35,61.35,61.35,0,0
CMI_MV,D,20200729,000000,63.76,69.77,57.74,57.74,0,0
CMI_MV,D,20200730,000000,61.35,63.76,57.74,57.74,0,0
CMI_MV,D,20200731,000000,57.98,60.15,46.92,60.15,0,0
CMI_MV,D,20200803,000000,56.54,56.54,48.12,54.14,0,0
CMI_MV,D,20200804,000000,54.14,54.14,54.14,54.14,0,0
CMI_MV,D,20200805,000000,50.77,51.73,50.04,51.73,0,0
CMI_MV,D,20200806,000000,52.93,54.14,52.93,54.14,0,0
CMI_MV,D,20200810,000000,54.14,55.1,54.14,55.1,0,0
CMI_MV,D,20200811,000000,51.73,51.73,49.32,49.32,0,0
CMI_MV,D,20200812,000000,51.73,60.15,46.92,46.92,0,0
CMI_MV,D,20200813,000000,49.8,49.8,49.8,49.8,0,0
CMI_MV,D,20200814,000000,50.53,60.15,50.53,60.15,0,0
CMI_MV,D,20200817,000000,59.91,61.35,59.91,61.35,0,0
CMI_MV,D,20200818,000000,58.47,58.47,56.54,56.54,0,0
CMI_MV,D,20200819,000000,54.86,55.1,54.86,55.1,0,0
CMI_MV,D,20200820,000000,56.06,56.06,56.06,56.06,0,0
CMI_MV,D,20200821,000000,56.06,58.71,50.53,51.01,0,0
CMI_MV,D,20200824,000000,50.53,50.53,50.53,50.53,0,0
CMI_MV,D,20200825,000000,49.32,63.76,49.32,56.54,0,0
CMI_MV,D,20200826,000000,56.54,64.96,55.82,58.47,0,0
CMI_MV,D,20200827,000000,59.91,72.18,59.91,72.18,0,0
CMI_MV,D,20200828,000000,72.18,72.18,67.37,69.77,0,0
CMI_MV,D,20200831,000000,69.77,69.77,63.76,67.37,0,0
CMI_MV,D,20200901,000000,66.17,66.17,63.76,63.76,0,0
CMI_MV,D,20200902,000000,63.76,63.76,58.95,58.95,0,0
CMI_MV,D,20200903,000000,58.95,58.95,58.95,58.95,0,0
CMI_MV,D,20200907,000000,58.95,69.17,58.95,69.17,0,0
CMI_MV,D,20200908,000000,75.79,75.79,64.36,64.36,0,0
CMI_MV,D,20200909,000000,64.96,64.96,64.96,64.96,0,0
CMI_MV,D,20200910,000000,64.96,64.96,64.96,64.96,0,0
CMI_MV,D,20200917,000000,54.14,55.34,54.14,54.14,0,0
CMI_MV,D,20200918,000000,54.86,54.86,50.53,50.53,0,0
CMI_MV,D,20200922,000000,51.73,51.73,51.49,51.49,0,0
CMI_MV,D,20200923,000000,50.53,50.53,50.53,50.53,0,0
CMI_MV,D,20200930,000000,50.53,50.53,50.53,50.53,0,0
CMI_MV,D,20201001,000000,50.53,60.15,50.53,60.15,0,0
CMI_MV,D,20201002,000000,57.5,64.96,57.5,64.96,0,0
CMI_MV,D,20201007,000000,64.36,64.36,64.36,64.36,0,0
CMI_MV,D,20201012,000000,63.76,63.76,63.76,63.76,0,0
CMI_MV,D,20201013,000000,63.16,63.16,63.16,63.16,0,0
CMI_MV,D,20201014,000000,63.76,63.76,63.76,63.76,0,0
CMI_MV,D,20201019,000000,64.36,64.36,64.36,64.36,0,0
CMI_MV,D,20201020,000000,62.56,62.56,62.56,62.56,0,0
CMI_MV,D,20201021,000000,61.35,61.35,61.35,61.35,0,0
CMI_MV,D,20201027,000000,60.15,60.15,52.69,52.69,0,0
CMI_MV,D,20201028,000000,51.73,51.73,49.56,49.56,0,0
CMI_MV,D,20201102,000000,50.53,50.53,50.53,50.53,0,0
CMI_MV,D,20201104,000000,52.93,52.93,45.71,49.32,0,0
CMI_MV,D,20201105,000000,47.64,47.64,46.92,46.92,0,0
CMI_MV,D,20201109,000000,45.71,45.71,45.71,45.71,0,0
CMI_MV,D,20201110,000000,45.71,48.84,39.7,48.84,0,0
CMI_MV,D,20201112,000000,46.92,46.92,42.11,46.92,0,0
CMI_MV,D,20201113,000000,46.92,46.92,46.92,46.92,0,0
CMI_MV,D,20201117,000000,46.44,46.44,43.31,43.31,0,0
CMI_MV,D,20201118,000000,43.31,43.31,43.31,43.31,0,0
CMI_MV,D,20201119,000000,43.31,43.31,43.31,43.31,0,0
CMI_MV,D,20201120,000000,43.31,43.31,43.31,43.31,0,0
CMI_MV,D,20201202,000000,43.31,43.31,42.11,42.11,0,0
CMI_MV,D,20201204,000000,44.03,44.03,44.03,44.03,0,0
CMI_MV,D,20201207,000000,44.51,44.51,42.59,42.59,0,0
CMI_MV,D,20201208,000000,42.11,47.64,36.09,47.64,0,0
CMI_MV,D,20201210,000000,45.71,45.71,37.29,37.29,0,0
CMI_MV,D,20201211,000000,38.74,40.9,38.74,40.9,0,0
CMI_MV,D,20201214,000000,41.86,41.86,39.7,39.7,0,0
CMI_MV,D,20201215,000000,41.86,41.86,41.86,41.86,0,0
CMI_MV,D,20201216,000000,41.86,41.86,41.86,41.86,0,0
CMI_MV,D,20201217,000000,41.86,41.86,33.68,36.09,0,0
CMI_MV,D,20201218,000000,36.09,36.09,30.32,32.48,0,0
CMI_MV,D,20201221,000000,33.68,39.7,33.68,39.7,0,0
CMI_MV,D,20201222,000000,39.22,40.9,39.22,40.9,0,0
CMI_MV,D,20201223,000000,42.11,43.31,38.5,38.5,0,0
CMI_MV,D,20201228,000000,38.5,38.5,36.09,36.09,0,0
CMI_MV,D,20201229,000000,36.09,36.09,36.09,36.09,0,0
CMI_MV,D,20201230,000000,37.29,43.31,36.09,40.9,0,0
CMI_MV,D,20210104,000000,40.9,40.9,40.9,40.9,0,0
CMI_MV,D,20210105,000000,41.38,42.11,41.38,42.11,0,0
CMI_MV,D,20210107,000000,42.11,42.11,42.11,42.11,0,0
CMI_MV,D,20210108,000000,40.9,42.83,39.7,42.11,0,0
CMI_MV,D,20210120,000000,42.11,42.11,42.11,42.11,0,0
CMI_MV,D,20210122,000000,40.9,40.9,36.09,36.09,0,0
CMI_MV,D,20210126,000000,37.29,38.5,37.29,38.5,0,0
CMI_MV,D,20210127,000000,39.7,39.7,39.7,39.7,0,0
CMI_MV,D,20210201,000000,39.7,39.7,39.7,39.7,0,0
CMI_MV,D,20210203,000000,39.7,39.7,39.7,39.7,0,0
CMI_MV,D,20210205,000000,39.7,39.7,39.7,39.7,0,0
CMI_MV,D,20210208,000000,39.46,39.7,37.29,37.29,0,0
CMI_MV,D,20210209,000000,38.5,38.5,37.29,38.5,0,0
CMI_MV,D,20210211,000000,39.7,39.7,39.7,39.7,0,0
CMI_MV,D,20210212,000000,39.7,39.7,39.7,39.7,0,0
CMI_MV,D,20210222,000000,39.7,39.7,39.7,39.7,0,0
CMI_MV,D,20210301,000000,39.7,39.7,38.74,38.74,0,0
CMI_MV,D,20210302,000000,39.22,39.7,39.22,39.7,0,0
CMI_MV,D,20210303,000000,39.7,39.7,39.7,39.7,0,0
CMI_MV,D,20210309,000000,39.7,39.7,39.7,39.7,0,0
CMI_MV,D,20210312,000000,39.7,39.7,39.7,39.7,0,0
CMI_MV,D,20210315,000000,39.94,56.54,39.94,52.93,0,0
CMI_MV,D,20210316,000000,48.12,48.12,43.31,43.31,0,0
CMI_MV,D,20210318,000000,44.51,46.92,44.51,46.92,0,0
CMI_MV,D,20210319,000000,47.88,48.12,47.88,48.12,0,0
CMI_MV,D,20210326,000000,47.88,67.37,47.88,54.14,0,0
CMI_MV,D,20210329,000000,57.02,57.02,50.53,50.53,0,0
CMI_MV,D,20210330,000000,49.32,53.89,49.32,53.89,0,0
CMI_MV,D,20210401,000000,54.14,55.1,54.14,55.1,0,0
CMI_MV,D,20210406,000000,54.14,54.14,51.73,51.73,0,0
CMI_MV,D,20210409,000000,50.53,50.53,50.53,50.53,0,0
CMI_MV,D,20210412,000000,50.53,50.53,49.32,49.32,0,0
CMI_MV,D,20210415,000000,48.12,48.12,48.12,48.12,0,0
CMI_MV,D,20210427,000000,48.12,48.12,48.12,48.12,0,0
CMI_MV,D,20210430,000000,48.12,48.12,45.71,45.71,0,0
CMI_MV,D,20210513,000000,45.71,45.71,45.71,45.71,0,0
CMI_MV,D,20210517,000000,45.71,45.71,45.71,45.71,0,0
CMI_MV,D,20210525,000000,45.71,45.71,45.71,45.71,0,0
CMI_MV,D,20210526,000000,45.71,45.71,45.71,45.71,0,0
CMI_MV,D,20210527,000000,46.92,46.92,46.92,46.92,0,0
CMI_MV,D,20210531,000000,46.92,48.12,46.92,48.12,0,0
CMI_MV,D,20210601,000000,48.12,48.12,48.12,48.12,0,0
CMI_MV,D,20210602,000000,48.12,48.12,48.12,48.12,0,0
CMI_MV,D,20210604,000000,47.64,47.64,47.64,47.64,0,0
CMI_MV,D,20210607,000000,47.4,49.32,47.4,49.32,0,0
CMI_MV,D,20210608,000000,49.32,49.32,49.32,49.32,0,0
CMI_MV,D,20210609,000000,48.12,48.12,48.12,48.12,0,0
CMI_MV,D,20210611,000000,49.08,58.71,49.08,58.71,0,0
CMI_MV,D,20210614,000000,58.95,61.35,58.95,61.35,0,0
CMI_MV,D,20210615,000000,60.15,60.15,52.69,52.93,0,0
CMI_MV,D,20210616,000000,53.65,57.26,53.65,56.3,0,0
CMI_MV,D,20210617,000000,55.34,55.34,55.34,55.34,0,0
CMI_MV,D,20210618,000000,51.97,51.97,51.97,51.97,0,0
CMI_MV,D,20210621,000000,51.97,55.82,51.97,55.82,0,0
CMI_MV,D,20210623,000000,55.34,55.34,55.34,55.34,0,0
CMI_MV,D,20210624,000000,55.34,55.34,55.34,55.34,0,0
CMI_MV,D,20210625,000000,54.14,54.14,50.53,50.53,0,0
CMI_MV,D,20210630,000000,50.53,50.53,50.53,50.53,0,0
CMI_MV,D,20210701,000000,50.29,50.29,50.29,50.29,0,0
CMI_MV,D,20210702,000000,50.04,50.04,49.32,49.32,0,0
CMI_MV,D,20210705,000000,49.32,49.32,49.32,49.32,0,0
CMI_MV,D,20210706,000000,49.08,49.08,45.95,45.95,0,0
CMI_MV,D,20210707,000000,43.31,43.31,43.31,43.31,0,0
CMI_MV,D,20210726,000000,43.31,43.31,43.31,43.31,0,0
CMI_MV,D,20210727,000000,43.31,43.31,43.31,43.31,0,0
CMI_MV,D,20210728,000000,43.31,43.31,43.31,43.31,0,0
CMI_MV,D,20210729,000000,43.31,43.31,43.31,43.31,0,0
CMI_MV,D,20210730,000000,43.31,43.31,43.31,43.31,0,0
CMI_MV,D,20210804,000000,44.51,44.51,44.51,44.51,0,0
CMI_MV,D,20210811,000000,45.71,45.71,45.71,45.71,0,0
CMI_MV,D,20210812,000000,45.71,46.92,45.71,46.92,0,0
CMI_MV,D,20210813,000000,46.92,46.92,46.92,46.92,0,0
CMI_MV,D,20210816,000000,44.51,44.51,44.51,44.51,0,0
CMI_MV,D,20210817,000000,44.51,44.51,44.51,44.51,0,0
CMI_MV,D,20210818,000000,44.51,44.51,44.51,44.51,0,0
CMI_MV,D,20210819,000000,43.79,43.79,43.79,43.79,0,0
CMI_MV,D,20210820,000000,44.99,44.99,44.99,44.99,0,0
CMI_MV,D,20210823,000000,45.71,45.71,45.71,45.71,0,0
CMI_MV,D,20210824,000000,45.71,45.71,45.71,45.71,0,0
CMI_MV,D,20210830,000000,45.71,50.53,45.71,49.8,0,0
CMI_MV,D,20210831,000000,50.53,50.53,49.8,49.8,0,0
CMI_MV,D,20210901,000000,49.8,54.14,49.8,53.65,0,0
CMI_MV,D,20210902,000000,51.73,57.5,51.73,57.5,0,0
CMI_MV,D,20210903,000000,52.93,52.93,51.01,51.01,0,0
CMI_MV,D,20210906,000000,52.21,54.14,52.21,54.14,0,0
CMI_MV,D,20210907,000000,52.69,52.69,49.56,49.56,0,0
CMI_MV,D,20210909,000000,50.53,58.47,50.53,58.47,0,0
CMI_MV,D,20210910,000000,57.26,57.26,49.32,49.32,0,0
CMI_MV,D,20210922,000000,48.12,48.12,45.71,45.71,0,0
CMI_MV,D,20210927,000000,46.92,48.12,46.92,48.12,0,0
CMI_MV,D,20210928,000000,48.36,48.36,48.36,48.36,0,0
CMI_MV,D,20210929,000000,48.36,48.36,48.36,48.36,0,0
CMI_MV,D,20210930,000000,48.36,48.36,48.36,48.36,0,0
CMI_MV,D,20211001,000000,48.36,48.36,48.36,48.36,0,0
CMI_MV,D,20211004,000000,48.36,48.36,48.36,48.36,0,0
CMI_MV,D,20211005,000000,48.36,48.36,48.36,48.36,0,0
CMI_MV,D,20211006,000000,48.36,48.36,48.36,48.36,0,0
CMI_MV,D,20211007,000000,48.36,48.36,48.36,48.36,0,0
CMI_MV,D,20211008,000000,48.36,48.36,48.36,48.36,0,0
CMI_MV,D,20211011,000000,48.36,48.36,48.36,48.36,0,0
CMI_MV,D,20211012,000000,48.36,48.36,47.64,47.64,0,0
CMI_MV,D,20211018,000000,48.84,48.84,48.84,48.84,0,0
CMI_MV,D,20211019,000000,49.8,49.8,49.8,49.8,0,0
CMI_MV,D,20211020,000000,49.8,49.8,49.8,49.8,0,0
CMI_MV,D,20211021,000000,49.56,49.56,49.56,49.56,0,0
CMI_MV,D,20211026,000000,50.04,51.49,50.04,51.49,0,0
CMI_MV,D,20211027,000000,51.25,51.25,51.25,51.25,0,0
CMI_MV,D,20211028,000000,51.01,51.01,51.01,51.01,0,0
CMI_MV,D,20211029,000000,51.01,51.01,51.01,51.01,0,0
CMI_MV,D,20211102,000000,51.73,51.73,51.73,51.73,0,0
CMI_MV,D,20211103,000000,49.32,49.32,49.32,49.32,0,0
CMI_MV,D,20211104,000000,48.12,50.04,48.12,50.04,0,0
CMI_MV,D,20211105,000000,49.56,49.56,49.56,49.56,0,0
CMI_MV,D,20211108,000000,49.56,49.56,49.56,49.56,0,0
CMI_MV,D,20211109,000000,49.56,49.56,49.56,49.56,0,0
CMI_MV,D,20211112,000000,48.12,48.12,48.12,48.12,0,0
CMI_MV,D,20211117,000000,48.12,48.12,48.12,48.12,0,0
CMI_MV,D,20211118,000000,48.12,48.12,48.12,48.12,0,0
CMI_MV,D,20211119,000000,48.12,48.12,46.2,46.2,0,0
CMI_MV,D,20211125,000000,46.92,46.92,46.92,46.92,0,0
CMI_MV,D,20211126,000000,46.92,47.64,46.92,47.64,0,0
CMI_MV,D,20211129,000000,47.64,47.64,47.64,47.64,0,0
CMI_MV,D,20211130,000000,47.4,47.4,43.79,43.79,0,0
CMI_MV,D,20211202,000000,44.51,46.92,44.51,46.92,0,0
CMI_MV,D,20211203,000000,47.4,47.4,47.16,47.16,0,0
CMI_MV,D,20211206,000000,46.92,46.92,43.31,44.51,0,0
CMI_MV,D,20211208,000000,45.47,45.47,45.47,45.47,0,0
CMI_MV,D,20211210,000000,45.71,45.71,45.71,45.71,0,0
CMI_MV,D,20211213,000000,45.71,45.71,45.71,45.71,0,0
CMI_MV,D,20211214,000000,45.71,45.71,45.71,45.71,0,0
CMI_MV,D,20211215,000000,45.71,45.71,45.71,45.71,0,0
CMI_MV,D,20211216,000000,45.71,45.71,45.71,45.71,0,0
CMI_MV,D,20211217,000000,45.71,45.71,45.71,45.71,0,0
CMI_MV,D,20211220,000000,45.71,45.71,45.71,45.71,0,0
CMI_MV,D,20211221,000000,45.71,45.71,45.71,45.71,0,0
CMI_MV,D,20211222,000000,45.71,45.71,45.71,45.71,0,0
CMI_MV,D,20211223,000000,45.71,45.71,45.71,45.71,0,0
CMI_MV,D,20211227,000000,45.71,45.71,45.71,45.71,0,0
CMI_MV,D,20211228,000000,45.71,45.71,45.71,45.71,0,0
CMI_MV,D,20211229,000000,45.71,45.71,45.71,45.71,0,0
CMI_MV,D,20220104,000000,45.71,45.71,45.71,45.71,0,0
CMI_MV,D,20220105,000000,45.71,45.71,45.71,45.71,0,0
CMI_MV,D,20220107,000000,45.71,45.71,45.71,45.71,0,0
CMI_MV,D,20220110,000000,45.71,45.71,45.71,45.71,0,0
CMI_MV,D,20220111,000000,45.71,45.71,45.71,45.71,0,0
CMI_MV,D,20220112,000000,45.71,45.71,45.71,45.71,0,0
CMI_MV,D,20220113,000000,45.71,45.71,45.71,45.71,0,0
CMI_MV,D,20220114,000000,45.71,45.71,45.71,45.71,0,0
CMI_MV,D,20220117,000000,45.71,45.71,45.71,45.71,0,0
CMI_MV,D,20220118,000000,45.71,45.71,45.71,45.71,0,0
CMI_MV,D,20220119,000000,45.71,45.71,45.71,45.71,0,0
CMI_MV,D,20220120,000000,45.71,45.71,45.71,45.71,0,0
CMI_MV,D,20220124,000000,45.71,45.71,45.71,45.71,0,0
CMI_MV,D,20220125,000000,45.71,45.71,45.71,45.71,0,0
CMI_MV,D,20220126,000000,45.71,45.71,45.71,45.71,0,0
CMI_MV,D,20220127,000000,45.71,45.71,45.71,45.71,0,0
CMI_MV,D,20220128,000000,45.71,45.71,45.71,45.71,0,0
CMI_MV,D,20220131,000000,45.71,45.71,45.71,45.71,0,0
CMI_MV,D,20220201,000000,45.71,45.71,45.71,45.71,0,0
CMI_MV,D,20220202,000000,45.71,45.71,45.71,45.71,0,0
CMI_MV,D,20220203,000000,45.71,45.71,45.71,45.71,0,0
CMI_MV,D,20220204,000000,45.71,45.71,45.71,45.71,0,0
CMI_MV,D,20220207,000000,45.71,45.71,45.71,45.71,0,0
CMI_MV,D,20220208,000000,45.71,45.71,45.71,45.71,0,0
CMI_MV,D,20220209,000000,45.71,45.71,45.71,45.71,0,0
CMI_MV,D,20220210,000000,45.71,45.71,44.51,44.51,0,0
CMI_MV,D,20220211,000000,45.71,45.71,45.71,45.71,0,0
CMI_MV,D,20220214,000000,44.75,44.75,44.75,44.75,0,0
CMI_MV,D,20220221,000000,43.79,43.79,43.79,43.79,0,0
CMI_MV,D,20220222,000000,44.51,45.23,44.51,45.23,0,0
CMI_MV,D,20220223,000000,44.51,44.51,44.51,44.51,0,0
CMI_MV,D,20220224,000000,44.51,44.51,35.61,35.61,0,0
CMI_MV,D,20220301,000000,36.81,42.11,36.81,39.22,0,0
CMI_MV,D,20220303,000000,39.94,39.94,39.46,39.46,0,0
CMI_MV,D,20220304,000000,38.5,38.5,35.85,35.85,0,0
CMI_MV,D,20220307,000000,36.57,38.5,36.57,37.29,0,0
CMI_MV,D,20220308,000000,37.29,37.29,37.29,37.29,0,0
CMI_MV,D,20220309,000000,36.09,36.09,36.09,36.09,0,0
CMI_MV,D,20220310,000000,36.09,38.5,36.09,38.5,0,0
CMI_MV,D,20220311,000000,38.5,38.5,38.5,38.5,0,0
CMI_MV,D,20220314,000000,39.7,42.11,39.7,42.11,0,0
CMI_MV,D,20220315,000000,40.9,40.9,38.5,38.5,0,0
CMI_MV,D,20220316,000000,38.5,38.5,38.5,38.5,0,0
CMI_MV,D,20220318,000000,38.5,38.5,38.5,38.5,0,0
CMI_MV,D,20220322,000000,38.74,38.74,38.5,38.5,0,0
CMI_MV,D,20220324,000000,38.5,38.5,38.5,38.5,0,0
CMI_MV,D,20220325,000000,38.5,38.5,38.5,38.5,0,0
CMI_MV,D,20220330,000000,38.5,38.5,38.5,38.5,0,0
CMI_MV,D,20220401,000000,38.5,38.5,38.5,38.5,0,0
CMI_MV,D,20220405,000000,38.5,38.5,38.5,38.5,0,0
CMI_MV,D,20220406,000000,38.5,38.5,38.5,38.5,0,0
CMI_MV,D,20220420,000000,38.01,38.01,38.01,38.01,0,0
CMI_MV,D,20220504,000000,38.01,38.01,38.01,38.01,0,0
CMI_MV,D,20220511,000000,38.01,41.14,38.01,40.9,0,0
CMI_MV,D,20220512,000000,40.66,40.66,40.66,40.66,0,0
CMI_MV,D,20220513,000000,40.66,40.66,40.66,40.66,0,0
CMI_MV,D,20220516,000000,40.66,40.66,40.66,40.66,0,0
CMI_MV,D,20220519,000000,40.42,40.42,40.42,40.42,0,0
CMI_MV,D,20220523,000000,39.94,39.94,38.98,38.98,0,0
CMI_MV,D,20220525,000000,38.26,38.26,38.26,38.26,0,0
CMI_MV,D,20220526,000000,37.29,37.29,37.29,37.29,0,0
CMI_MV,D,20220527,000000,37.05,37.05,37.05,37.05,0,0
CMI_MV,D,20220530,000000,37.05,37.05,34.89,34.89,0,0
CMI_MV,D,20220531,000000,34.89,34.89,34.89,34.89,0,0
CMI_MV,D,20220601,000000,34.89,34.89,34.89,34.89,0,0
CMI_MV,D,20220602,000000,34.89,34.89,34.89,34.89,0,0
CMI_MV,D,20220603,000000,34.89,34.89,34.17,34.17,0,0
CMI_MV,D,20220606,000000,33.2,33.2,33.2,33.2,0,0
CMI_MV,D,20220607,000000,32.48,32.48,31.52,31.52,0,0
CMI_MV,D,20220608,000000,31.52,31.52,31.52,31.52,0,0
CMI_MV,D,20220610,000000,31.04,31.04,30.8,30.8,0,0
CMI_MV,D,20220613,000000,30.8,30.8,30.08,30.08,0,0
CMI_MV,D,20220614,000000,29.59,30.08,23.7,30.08,0,0
CMI_MV,D,20220617,000000,29.59,29.59,29.59,29.59,0,0
CMI_MV,D,20220620,000000,29.59,29.59,28.63,28.63,0,0
CMI_MV,D,20220720,000000,28.15,28.15,28.15,28.15,0,0
CMI_MV,D,20220812,000000,28.15,28.15,28.15,28.15,0,0
CMI_MV,D,20220816,000000,28.15,30.08,28.15,30.08,0,0
CMI_MV,D,20220817,000000,29.83,29.83,29.83,29.83,0,0
CMI_MV,D,20220818,000000,29.83,29.83,29.83,29.83,0,0
CMI_MV,D,20220819,000000,29.83,29.83,28.87,28.87,0,0
CMI_MV,D,20220824,000000,28.39,28.39,28.39,28.39,0,0
CMI_MV,D,20220825,000000,27.67,27.67,27.67,27.67,0,0
CMI_MV,D,20220826,000000,27.67,27.67,26.71,26.71,0,0
