<TICKER>,<PER>,<DATE>,<TIME>,<OPEN>,<HIGH>,<LOW>,<CLOSE>,<VOL>,<OPENINT>
CRP_PB,D,20131209,000000,1.56,1.56,1.56,1.56,0,0
CRP_PB,D,20131210,000000,1.54,1.57,1.54,1.56,0,0
CRP_PB,D,20131211,000000,1.56,1.56,1.55,1.55,0,0
CRP_PB,D,20131213,000000,1.54,1.61,1.54,1.61,0,0
CRP_PB,D,20131218,000000,1.62,1.62,1.62,1.62,0,0
CRP_PB,D,20131219,000000,1.62,1.62,1.62,1.62,0,0
CRP_PB,D,20131220,000000,1.61,1.61,1.61,1.61,0,0
CRP_PB,D,20131223,000000,1.61,1.61,1.61,1.61,0,0
CRP_PB,D,20131227,000000,1.61,1.61,1.61,1.61,0,0
CRP_PB,D,20131230,000000,1.61,1.61,1.61,1.61,0,0
CRP_PB,D,20140102,000000,1.61,1.61,1.6,1.6,0,0
CRP_PB,D,20140103,000000,1.61,1.61,1.61,1.61,0,0
CRP_PB,D,20140107,000000,1.6,1.6,1.6,1.6,0,0
CRP_PB,D,20140108,000000,1.59,1.59,1.59,1.59,0,0
CRP_PB,D,20140109,000000,1.59,1.59,1.5,1.57,0,0
CRP_PB,D,20140115,000000,1.56,1.56,1.56,1.56,0,0
CRP_PB,D,20140120,000000,1.56,1.56,1.56,1.56,0,0
CRP_PB,D,20140123,000000,1.58,1.58,1.56,1.56,0,0
CRP_PB,D,20140131,000000,1.54,1.54,1.54,1.54,0,0
CRP_PB,D,20140203,000000,1.54,1.55,1.54,1.55,0,0
CRP_PB,D,20140205,000000,1.59,1.59,1.59,1.59,0,0
CRP_PB,D,20140206,000000,1.59,1.59,1.59,1.59,0,0
CRP_PB,D,20140207,000000,1.59,1.59,1.59,1.59,0,0
CRP_PB,D,20140210,000000,1.59,1.59,1.59,1.59,0,0
CRP_PB,D,20140211,000000,1.6,1.6,1.6,1.6,0,0
CRP_PB,D,20140212,000000,1.6,1.6,1.58,1.59,0,0
CRP_PB,D,20140213,000000,1.59,1.66,1.59,1.66,0,0
CRP_PB,D,20140214,000000,1.66,1.66,1.66,1.66,0,0
CRP_PB,D,20140217,000000,1.66,1.66,1.66,1.66,0,0
CRP_PB,D,20140218,000000,1.65,1.66,1.65,1.66,0,0
CRP_PB,D,20140219,000000,1.65,1.65,1.58,1.58,0,0
CRP_PB,D,20140220,000000,1.59,1.6,1.59,1.6,0,0
CRP_PB,D,20140221,000000,1.58,1.58,1.58,1.58,0,0
CRP_PB,D,20140224,000000,1.57,1.57,1.57,1.57,0,0
CRP_PB,D,20140225,000000,1.57,1.57,1.57,1.57,0,0
CRP_PB,D,20140226,000000,1.57,1.57,1.57,1.57,0,0
CRP_PB,D,20140227,000000,1.57,1.57,1.57,1.57,0,0
CRP_PB,D,20140228,000000,1.57,1.57,1.57,1.57,0,0
CRP_PB,D,20140303,000000,1.57,1.57,1.57,1.57,0,0
CRP_PB,D,20140304,000000,1.57,1.6,1.57,1.6,0,0
CRP_PB,D,20140305,000000,1.59,1.59,1.59,1.59,0,0
CRP_PB,D,20140311,000000,1.59,1.59,1.59,1.59,0,0
CRP_PB,D,20140317,000000,1.43,1.43,1.43,1.43,0,0
CRP_PB,D,20140319,000000,1.43,1.43,1.43,1.43,0,0
CRP_PB,D,20140320,000000,1.43,1.44,1.43,1.44,0,0
CRP_PB,D,20140321,000000,1.43,1.43,1.43,1.43,0,0
CRP_PB,D,20140324,000000,1.43,1.43,1.41,1.41,0,0
CRP_PB,D,20140325,000000,1.42,1.42,1.39,1.39,0,0
CRP_PB,D,20140326,000000,1.42,1.42,1.42,1.42,0,0
CRP_PB,D,20140327,000000,1.4,1.4,1.39,1.39,0,0
CRP_PB,D,20140328,000000,1.4,1.4,1.39,1.39,0,0
CRP_PB,D,20140331,000000,1.4,1.4,1.4,1.4,0,0
CRP_PB,D,20140401,000000,1.4,1.4,1.39,1.39,0,0
CRP_PB,D,20140402,000000,1.4,1.41,1.4,1.41,0,0
CRP_PB,D,20140403,000000,1.41,1.41,1.41,1.41,0,0
CRP_PB,D,20140404,000000,1.41,1.41,1.41,1.41,0,0
CRP_PB,D,20140407,000000,1.41,1.41,1.41,1.41,0,0
CRP_PB,D,20140408,000000,1.41,1.41,1.41,1.41,0,0
CRP_PB,D,20140409,000000,1.41,1.41,1.41,1.41,0,0
CRP_PB,D,20140410,000000,1.41,1.41,1.41,1.41,0,0
CRP_PB,D,20140411,000000,1.41,1.41,1.41,1.41,0,0
CRP_PB,D,20140414,000000,1.41,1.41,1.41,1.41,0,0
CRP_PB,D,20140415,000000,1.41,1.41,1.41,1.41,0,0
CRP_PB,D,20140416,000000,1.41,1.41,1.41,1.41,0,0
CRP_PB,D,20140417,000000,1.41,1.41,1.41,1.41,0,0
CRP_PB,D,20140422,000000,1.41,1.41,1.41,1.41,0,0
CRP_PB,D,20140423,000000,1.41,1.41,1.41,1.41,0,0
CRP_PB,D,20140424,000000,1.41,1.41,1.41,1.41,0,0
CRP_PB,D,20140425,000000,1.41,1.41,1.41,1.41,0,0
CRP_PB,D,20140428,000000,1.41,1.41,1.41,1.41,0,0
CRP_PB,D,20140429,000000,1.41,1.41,1.41,1.41,0,0
CRP_PB,D,20140430,000000,1.41,1.41,1.41,1.41,0,0
CRP_PB,D,20140502,000000,1.41,1.41,1.41,1.41,0,0
CRP_PB,D,20140505,000000,1.41,1.41,1.41,1.41,0,0
CRP_PB,D,20140506,000000,1.41,1.41,1.41,1.41,0,0
CRP_PB,D,20140507,000000,1.41,1.41,1.4,1.4,0,0
CRP_PB,D,20140508,000000,1.41,1.41,1.41,1.41,0,0
CRP_PB,D,20140509,000000,1.41,1.41,1.3,1.3,0,0
CRP_PB,D,20140512,000000,1.3,1.3,1.3,1.3,0,0
CRP_PB,D,20140513,000000,1.31,1.31,1.3,1.3,0,0
CRP_PB,D,20140514,000000,1.31,1.31,1.3,1.3,0,0
CRP_PB,D,20140515,000000,1.31,1.31,1.31,1.31,0,0
CRP_PB,D,20140516,000000,1.31,1.31,1.3,1.3,0,0
CRP_PB,D,20140519,000000,1.31,1.31,1.27,1.27,0,0
CRP_PB,D,20140520,000000,1.28,1.28,1.28,1.28,0,0
CRP_PB,D,20140521,000000,1.28,1.31,1.28,1.31,0,0
CRP_PB,D,20140522,000000,1.3,1.3,1.3,1.3,0,0
CRP_PB,D,20140523,000000,1.3,1.3,1.25,1.25,0,0
CRP_PB,D,20140526,000000,1.26,1.42,1.26,1.38,0,0
CRP_PB,D,20140527,000000,1.39,1.39,1.39,1.39,0,0
CRP_PB,D,20140528,000000,1.38,1.38,1.34,1.34,0,0
CRP_PB,D,20140529,000000,1.34,1.34,1.34,1.34,0,0
CRP_PB,D,20140530,000000,1.34,1.34,1.34,1.34,0,0
CRP_PB,D,20140602,000000,1.34,1.41,1.34,1.41,0,0
CRP_PB,D,20140603,000000,1.41,1.41,1.41,1.41,0,0
CRP_PB,D,20140604,000000,1.41,1.41,1.41,1.41,0,0
CRP_PB,D,20140605,000000,1.41,1.41,1.41,1.41,0,0
CRP_PB,D,20140606,000000,1.41,1.41,1.41,1.41,0,0
CRP_PB,D,20140609,000000,1.41,1.41,1.38,1.38,0,0
CRP_PB,D,20140610,000000,1.41,1.41,1.41,1.41,0,0
CRP_PB,D,20140611,000000,1.41,1.41,1.41,1.41,0,0
CRP_PB,D,20140612,000000,1.41,1.41,1.4,1.4,0,0
CRP_PB,D,20140613,000000,1.4,1.4,1.4,1.4,0,0
CRP_PB,D,20140616,000000,1.4,1.4,1.4,1.4,0,0
CRP_PB,D,20140617,000000,1.4,1.4,1.4,1.4,0,0
CRP_PB,D,20140618,000000,1.4,1.4,1.4,1.4,0,0
CRP_PB,D,20140620,000000,1.4,1.4,1.4,1.4,0,0
CRP_PB,D,20140623,000000,1.4,1.4,1.4,1.4,0,0
CRP_PB,D,20140624,000000,1.4,1.4,1.39,1.39,0,0
CRP_PB,D,20140625,000000,1.4,1.4,1.39,1.39,0,0
CRP_PB,D,20140626,000000,1.39,1.39,1.37,1.37,0,0
CRP_PB,D,20140627,000000,1.36,1.36,1.36,1.36,0,0
CRP_PB,D,20140630,000000,1.36,1.36,1.3,1.3,0,0
CRP_PB,D,20140703,000000,1.3,1.3,1.3,1.3,0,0
CRP_PB,D,20140704,000000,1.3,1.3,1.3,1.3,0,0
CRP_PB,D,20140707,000000,1.3,1.3,1.3,1.3,0,0
CRP_PB,D,20140708,000000,1.3,1.3,1.3,1.3,0,0
CRP_PB,D,20140709,000000,1.3,1.3,1.3,1.3,0,0
CRP_PB,D,20140711,000000,1.3,1.3,1.3,1.3,0,0
CRP_PB,D,20140716,000000,1.94,1.94,1.94,1.94,0,0
CRP_PB,D,20140718,000000,1.94,1.94,1.94,1.94,0,0
CRP_PB,D,20140721,000000,1.94,2.05,1.94,2.05,0,0
CRP_PB,D,20140722,000000,2.04,2.04,2.04,2.04,0,0
CRP_PB,D,20140723,000000,2.04,2.04,2.04,2.04,0,0
CRP_PB,D,20140728,000000,2.04,2.04,2.04,2.04,0,0
CRP_PB,D,20140729,000000,2.04,2.04,2.04,2.04,0,0
CRP_PB,D,20140730,000000,2.04,2.04,2.04,2.04,0,0
CRP_PB,D,20140731,000000,2.04,2.15,2.04,2.13,0,0
CRP_PB,D,20140801,000000,2.12,2.12,2.1,2.1,0,0
CRP_PB,D,20140804,000000,2.09,2.1,2.09,2.1,0,0
CRP_PB,D,20140805,000000,2.09,2.09,2.08,2.08,0,0
CRP_PB,D,20140806,000000,2.08,2.08,2.06,2.06,0,0
CRP_PB,D,20140807,000000,2.07,2.07,2.06,2.06,0,0
CRP_PB,D,20140808,000000,2.07,2.07,2.06,2.06,0,0
CRP_PB,D,20140811,000000,2.06,2.06,2.05,2.06,0,0
CRP_PB,D,20140812,000000,2.06,2.06,2.06,2.06,0,0
CRP_PB,D,20140813,000000,2.06,2.06,2.05,2.05,0,0
CRP_PB,D,20140814,000000,2.06,2.06,2.05,2.06,0,0
CRP_PB,D,20140818,000000,2.06,2.06,2.04,2.04,0,0
CRP_PB,D,20140819,000000,2.04,2.04,2.03,2.04,0,0
CRP_PB,D,20140820,000000,2.04,2.04,2.03,2.03,0,0
CRP_PB,D,20140821,000000,2.04,2.04,2.04,2.04,0,0
CRP_PB,D,20140822,000000,2.04,2.04,2.04,2.04,0,0
CRP_PB,D,20140825,000000,2.04,2.04,2.04,2.04,0,0
CRP_PB,D,20140826,000000,2.04,2.04,2.03,2.03,0,0
CRP_PB,D,20140827,000000,2.04,2.04,2.04,2.04,0,0
CRP_PB,D,20140828,000000,2.04,2.04,2.01,2.01,0,0
CRP_PB,D,20140829,000000,2.01,2.01,2,2,0,0
CRP_PB,D,20140901,000000,2.01,2.01,1.99,1.99,0,0
CRP_PB,D,20140902,000000,2.01,2.01,2.01,2.01,0,0
CRP_PB,D,20140903,000000,2.01,2.01,2,2.01,0,0
CRP_PB,D,20140926,000000,2.32,2.32,2.32,2.32,0,0
CRP_PB,D,20141006,000000,2.38,2.38,2.38,2.38,0,0
CRP_PB,D,20141007,000000,2.38,2.38,2.38,2.38,0,0
CRP_PB,D,20141008,000000,2.38,2.38,2.38,2.38,0,0
CRP_PB,D,20141009,000000,2.38,2.38,2.38,2.38,0,0
CRP_PB,D,20141010,000000,2.38,2.38,2.38,2.38,0,0
CRP_PB,D,20141013,000000,2.38,2.38,2.38,2.38,0,0
CRP_PB,D,20141014,000000,2.38,2.38,2.38,2.38,0,0
CRP_PB,D,20141015,000000,2.38,2.38,2.38,2.38,0,0
CRP_PB,D,20141016,000000,2.38,2.38,2.38,2.38,0,0
CRP_PB,D,20141017,000000,2.38,2.38,2.38,2.38,0,0
CRP_PB,D,20141020,000000,2.38,2.38,2.38,2.38,0,0
CRP_PB,D,20141021,000000,2.38,2.38,2.38,2.38,0,0
CRP_PB,D,20141022,000000,2.38,2.38,2.38,2.38,0,0
CRP_PB,D,20141023,000000,2.38,2.38,2.38,2.38,0,0
CRP_PB,D,20141024,000000,2.38,2.38,2.38,2.38,0,0
CRP_PB,D,20141027,000000,2.38,2.38,2.38,2.38,0,0
CRP_PB,D,20141028,000000,2.38,2.38,2.35,2.35,0,0
CRP_PB,D,20141029,000000,2.35,2.35,2.35,2.35,0,0
CRP_PB,D,20141030,000000,2.35,2.35,2.35,2.35,0,0
CRP_PB,D,20141031,000000,2.35,2.36,2.35,2.36,0,0
CRP_PB,D,20141103,000000,2.36,2.36,2.36,2.36,0,0
CRP_PB,D,20141104,000000,2.36,2.36,2.35,2.35,0,0
CRP_PB,D,20141105,000000,2.35,2.35,2.35,2.35,0,0
CRP_PB,D,20141106,000000,2.35,2.35,2.35,2.35,0,0
CRP_PB,D,20141107,000000,2.35,2.35,2.35,2.35,0,0
CRP_PB,D,20141110,000000,2.35,2.36,2.35,2.36,0,0
CRP_PB,D,20141112,000000,2.36,2.36,2.35,2.35,0,0
CRP_PB,D,20141113,000000,2.35,2.36,2.35,2.36,0,0
CRP_PB,D,20141114,000000,2.36,2.36,2.35,2.35,0,0
CRP_PB,D,20141117,000000,2.35,2.35,2.35,2.35,0,0
CRP_PB,D,20141118,000000,2.35,2.36,2.35,2.36,0,0
CRP_PB,D,20141119,000000,2.36,2.36,2.36,2.36,0,0
CRP_PB,D,20141120,000000,2.36,2.36,2.36,2.36,0,0
CRP_PB,D,20141121,000000,2.36,2.36,2.36,2.36,0,0
CRP_PB,D,20141124,000000,2.36,2.37,2.36,2.37,0,0
CRP_PB,D,20141125,000000,2.37,2.37,2.37,2.37,0,0
CRP_PB,D,20141126,000000,2.37,2.38,2.37,2.38,0,0
CRP_PB,D,20141127,000000,2.38,2.38,2.38,2.38,0,0
CRP_PB,D,20141128,000000,2.38,2.38,2.38,2.38,0,0
CRP_PB,D,20141201,000000,2.38,2.38,2.38,2.38,0,0
CRP_PB,D,20141202,000000,2.38,2.38,2.2,2.2,0,0
CRP_PB,D,20141203,000000,2.2,2.21,2.2,2.21,0,0
CRP_PB,D,20141204,000000,2.21,2.21,2.21,2.21,0,0
CRP_PB,D,20141205,000000,2.21,2.21,2.21,2.21,0,0
CRP_PB,D,20141208,000000,2.21,2.21,2.21,2.21,0,0
CRP_PB,D,20141209,000000,2.21,2.21,2.21,2.21,0,0
CRP_PB,D,20141210,000000,2.21,2.21,2.21,2.21,0,0
CRP_PB,D,20141211,000000,2.21,2.21,2.2,2.2,0,0
CRP_PB,D,20141212,000000,2.2,2.2,2.19,2.19,0,0
CRP_PB,D,20141215,000000,2.19,2.2,2.19,2.2,0,0
CRP_PB,D,20141217,000000,2.19,2.19,2.17,2.17,0,0
CRP_PB,D,20141218,000000,2.17,2.17,2.16,2.16,0,0
CRP_PB,D,20141219,000000,2.16,2.16,2.14,2.14,0,0
CRP_PB,D,20141222,000000,2.14,2.15,2.14,2.15,0,0
CRP_PB,D,20141223,000000,2.15,2.15,2.14,2.14,0,0
CRP_PB,D,20141229,000000,2.14,2.14,2.13,2.13,0,0
CRP_PB,D,20141230,000000,2.13,2.13,2.12,2.12,0,0
CRP_PB,D,20150102,000000,2.13,2.13,2.13,2.13,0,0
CRP_PB,D,20150105,000000,2.13,2.13,2.13,2.13,0,0
CRP_PB,D,20150107,000000,2.13,2.13,2.13,2.13,0,0
CRP_PB,D,20150108,000000,2.13,2.13,2.13,2.13,0,0
CRP_PB,D,20150109,000000,2.13,2.14,2.13,2.14,0,0
CRP_PB,D,20150112,000000,2.14,2.15,2.14,2.15,0,0
CRP_PB,D,20150113,000000,2.15,2.15,2.14,2.14,0,0
CRP_PB,D,20150114,000000,2.14,2.14,2.14,2.14,0,0
CRP_PB,D,20150115,000000,2.14,2.14,2.14,2.14,0,0
CRP_PB,D,20150116,000000,2.14,2.14,2.12,2.12,0,0
CRP_PB,D,20150119,000000,2.12,2.13,2.12,2.13,0,0
CRP_PB,D,20150120,000000,2.13,2.13,2.12,2.12,0,0
CRP_PB,D,20150121,000000,2.12,2.12,2.12,2.12,0,0
CRP_PB,D,20150122,000000,2.12,2.13,2.12,2.13,0,0
CRP_PB,D,20150123,000000,2.13,2.17,2.13,2.17,0,0
CRP_PB,D,20150126,000000,2.17,2.17,2.17,2.17,0,0
CRP_PB,D,20150310,000000,1.62,1.62,1.62,1.62,0,0
CRP_PB,D,20150311,000000,1.62,1.62,1.61,1.61,0,0
CRP_PB,D,20150312,000000,1.61,1.62,1.61,1.62,0,0
CRP_PB,D,20150313,000000,1.62,1.62,1.6,1.6,0,0
CRP_PB,D,20150319,000000,1.61,1.64,1.61,1.64,0,0
CRP_PB,D,20150320,000000,1.64,1.64,1.64,1.64,0,0
CRP_PB,D,20150323,000000,1.64,1.64,1.64,1.64,0,0
CRP_PB,D,20150324,000000,1.64,1.64,1.64,1.64,0,0
CRP_PB,D,20150325,000000,1.64,1.65,1.64,1.65,0,0
CRP_PB,D,20150326,000000,1.65,1.65,1.65,1.65,0,0
CRP_PB,D,20150327,000000,1.65,1.65,1.65,1.65,0,0
CRP_PB,D,20150330,000000,1.65,1.65,1.65,1.65,0,0
CRP_PB,D,20150331,000000,1.65,1.65,1.65,1.65,0,0
CRP_PB,D,20150401,000000,1.65,1.66,1.65,1.66,0,0
CRP_PB,D,20150402,000000,1.66,1.66,1.66,1.66,0,0
CRP_PB,D,20150407,000000,1.66,1.66,1.66,1.66,0,0
CRP_PB,D,20150408,000000,1.66,1.67,1.66,1.67,0,0
CRP_PB,D,20150409,000000,1.67,1.68,1.67,1.68,0,0
CRP_PB,D,20150410,000000,1.68,1.68,1.68,1.68,0,0
CRP_PB,D,20150413,000000,1.68,1.68,1.68,1.68,0,0
CRP_PB,D,20150414,000000,1.68,1.68,1.68,1.68,0,0
CRP_PB,D,20150415,000000,1.68,1.69,1.68,1.69,0,0
CRP_PB,D,20150416,000000,1.69,1.69,1.68,1.68,0,0
CRP_PB,D,20150417,000000,1.68,1.68,1.68,1.68,0,0
CRP_PB,D,20150420,000000,1.68,1.68,1.68,1.68,0,0
CRP_PB,D,20150421,000000,1.68,1.7,1.68,1.7,0,0
CRP_PB,D,20150422,000000,1.7,1.7,1.69,1.69,0,0
CRP_PB,D,20150423,000000,1.69,1.69,1.69,1.69,0,0
CRP_PB,D,20150424,000000,1.69,1.69,1.68,1.68,0,0
CRP_PB,D,20150427,000000,1.68,1.68,1.68,1.68,0,0
CRP_PB,D,20150428,000000,1.68,1.69,1.68,1.69,0,0
CRP_PB,D,20150429,000000,1.69,1.69,1.69,1.69,0,0
CRP_PB,D,20150430,000000,1.69,1.69,1.67,1.67,0,0
CRP_PB,D,20150505,000000,1.68,1.69,1.68,1.69,0,0
CRP_PB,D,20150506,000000,1.69,1.69,1.68,1.68,0,0
CRP_PB,D,20150507,000000,1.68,1.68,1.67,1.67,0,0
CRP_PB,D,20150508,000000,1.67,1.68,1.67,1.68,0,0
CRP_PB,D,20150511,000000,1.68,1.68,1.67,1.67,0,0
CRP_PB,D,20150514,000000,1.67,1.67,1.66,1.66,0,0
CRP_PB,D,20150515,000000,1.66,1.68,1.66,1.68,0,0
CRP_PB,D,20150518,000000,1.68,1.73,1.38,1.38,0,0
CRP_PB,D,20150519,000000,1.38,1.38,1.38,1.38,0,0
CRP_PB,D,20150520,000000,1.38,1.38,1.37,1.37,0,0
CRP_PB,D,20150522,000000,1.36,1.36,1.36,1.36,0,0
CRP_PB,D,20150525,000000,1.36,1.36,1.35,1.35,0,0
CRP_PB,D,20150526,000000,1.35,1.37,1.35,1.36,0,0
CRP_PB,D,20150527,000000,1.36,1.36,1.36,1.36,0,0
CRP_PB,D,20150528,000000,1.36,1.36,1.36,1.36,0,0
CRP_PB,D,20150529,000000,1.36,1.36,1.36,1.36,0,0
CRP_PB,D,20150601,000000,1.36,1.37,1.36,1.37,0,0
CRP_PB,D,20150602,000000,1.37,1.37,1.36,1.36,0,0
CRP_PB,D,20150603,000000,1.36,1.36,1.36,1.36,0,0
CRP_PB,D,20150605,000000,1.36,1.36,1.36,1.36,0,0
CRP_PB,D,20150608,000000,1.36,1.36,1.36,1.36,0,0
CRP_PB,D,20150609,000000,1.36,1.36,1.35,1.35,0,0
CRP_PB,D,20150610,000000,1.35,1.35,1.35,1.35,0,0
CRP_PB,D,20150611,000000,1.35,1.36,1.35,1.36,0,0
CRP_PB,D,20150612,000000,1.36,1.36,1.36,1.36,0,0
CRP_PB,D,20150615,000000,1.36,1.36,1.36,1.36,0,0
CRP_PB,D,20150616,000000,1.36,1.36,1.35,1.35,0,0
CRP_PB,D,20150617,000000,1.35,1.36,1.35,1.36,0,0
CRP_PB,D,20150618,000000,1.36,1.36,1.35,1.35,0,0
CRP_PB,D,20150619,000000,1.35,1.35,1.35,1.35,0,0
CRP_PB,D,20150622,000000,1.35,1.35,1.35,1.35,0,0
CRP_PB,D,20150623,000000,1.35,1.35,1.35,1.35,0,0
CRP_PB,D,20150624,000000,1.35,1.35,1.35,1.35,0,0
CRP_PB,D,20150625,000000,1.35,1.35,1.35,1.35,0,0
CRP_PB,D,20150626,000000,1.35,1.35,1.35,1.35,0,0
CRP_PB,D,20150629,000000,1.35,1.35,1.34,1.34,0,0
CRP_PB,D,20150630,000000,1.34,1.34,1.34,1.34,0,0
CRP_PB,D,20150701,000000,1.34,1.34,1.34,1.34,0,0
CRP_PB,D,20150702,000000,1.34,1.34,1.34,1.34,0,0
CRP_PB,D,20150703,000000,1.33,1.33,1.33,1.33,0,0
CRP_PB,D,20150706,000000,1.33,1.33,1.33,1.33,0,0
CRP_PB,D,20150707,000000,1.32,1.32,1.32,1.32,0,0
CRP_PB,D,20150708,000000,1.32,1.32,1.32,1.32,0,0
CRP_PB,D,20150709,000000,1.32,1.32,1.32,1.32,0,0
CRP_PB,D,20150710,000000,1.32,1.33,1.32,1.33,0,0
CRP_PB,D,20150713,000000,1.33,1.33,1.33,1.33,0,0
CRP_PB,D,20150714,000000,1.33,1.33,1.33,1.33,0,0
CRP_PB,D,20150715,000000,1.33,1.35,1.33,1.35,0,0
CRP_PB,D,20150716,000000,1.35,1.35,1.35,1.35,0,0
CRP_PB,D,20150717,000000,1.35,1.36,1.35,1.36,0,0
CRP_PB,D,20150721,000000,1.35,1.35,1.35,1.35,0,0
CRP_PB,D,20150722,000000,1.35,1.35,1.35,1.35,0,0
CRP_PB,D,20150723,000000,1.35,1.35,1.35,1.35,0,0
CRP_PB,D,20150724,000000,1.35,1.35,1.35,1.35,0,0
CRP_PB,D,20150727,000000,1.33,1.35,1.33,1.35,0,0
CRP_PB,D,20150728,000000,1.35,1.35,1.35,1.35,0,0
CRP_PB,D,20150729,000000,1.35,1.35,1.35,1.35,0,0
CRP_PB,D,20150730,000000,1.35,1.35,1.35,1.35,0,0
CRP_PB,D,20150731,000000,1.35,1.35,1.35,1.35,0,0
CRP_PB,D,20150803,000000,1.35,1.35,1.35,1.35,0,0
CRP_PB,D,20150804,000000,1.35,1.35,1.34,1.34,0,0
CRP_PB,D,20150805,000000,1.34,1.34,1.34,1.34,0,0
CRP_PB,D,20150806,000000,1.34,1.34,1.33,1.33,0,0
CRP_PB,D,20150807,000000,1.3,1.3,1.3,1.3,0,0
CRP_PB,D,20150810,000000,1.3,1.3,1.3,1.3,0,0
CRP_PB,D,20150811,000000,1.3,1.3,1.3,1.3,0,0
CRP_PB,D,20150812,000000,1.3,1.3,1.3,1.3,0,0
CRP_PB,D,20150813,000000,1.29,1.3,1.26,1.26,0,0
CRP_PB,D,20150814,000000,1.28,1.35,1.28,1.35,0,0
CRP_PB,D,20150817,000000,1.34,1.34,1.11,1.11,0,0
CRP_PB,D,20150818,000000,1.11,1.11,1.11,1.11,0,0
CRP_PB,D,20150819,000000,1.11,1.11,1.11,1.11,0,0
CRP_PB,D,20150820,000000,1.11,1.11,1.11,1.11,0,0
CRP_PB,D,20150821,000000,1.11,1.11,1.1,1.1,0,0
CRP_PB,D,20150824,000000,1.1,1.1,1.09,1.09,0,0
CRP_PB,D,20150825,000000,1.09,1.09,1.09,1.09,0,0
CRP_PB,D,20150826,000000,1.09,1.09,1.09,1.09,0,0
CRP_PB,D,20150827,000000,1.09,1.09,1.09,1.09,0,0
CRP_PB,D,20150828,000000,1.09,1.09,1.09,1.09,0,0
CRP_PB,D,20150831,000000,1.09,1.09,1.09,1.09,0,0
CRP_PB,D,20150901,000000,1.09,1.09,1.09,1.09,0,0
CRP_PB,D,20150902,000000,1.1,1.1,1.09,1.09,0,0
CRP_PB,D,20150903,000000,1.09,1.1,1.09,1.1,0,0
CRP_PB,D,20150904,000000,1.06,1.06,1.06,1.06,0,0
CRP_PB,D,20150908,000000,1.08,1.08,1.08,1.08,0,0
CRP_PB,D,20150909,000000,1.04,1.1,1.04,1.1,0,0
CRP_PB,D,20150910,000000,1.1,1.1,1.1,1.1,0,0
CRP_PB,D,20150911,000000,1.1,1.1,1.1,1.1,0,0
CRP_PB,D,20150914,000000,1.06,1.06,1.06,1.06,0,0
CRP_PB,D,20150923,000000,1.05,1.05,1.05,1.05,0,0
CRP_PB,D,20150929,000000,1.03,1.03,1.02,1.02,0,0
CRP_PB,D,20150930,000000,1.02,1.07,1.02,1.07,0,0
CRP_PB,D,20151001,000000,1.06,1.06,1.06,1.06,0,0
CRP_PB,D,20151002,000000,1.06,1.06,1.06,1.06,0,0
CRP_PB,D,20151005,000000,1.02,1.02,1.02,1.02,0,0
CRP_PB,D,20151007,000000,1.02,1.03,1.02,1.03,0,0
CRP_PB,D,20151012,000000,1.03,1.05,1.03,1.04,0,0
CRP_PB,D,20151013,000000,1.04,1.04,1.04,1.04,0,0
CRP_PB,D,20151015,000000,1.04,1.04,1.04,1.04,0,0
CRP_PB,D,20151016,000000,1.04,1.04,1.04,1.04,0,0
CRP_PB,D,20151019,000000,1.04,1.04,1.04,1.04,0,0
CRP_PB,D,20151020,000000,1.03,1.03,1.02,1.02,0,0
CRP_PB,D,20151023,000000,1.03,1.04,1.03,1.04,0,0
CRP_PB,D,20151026,000000,1.04,1.04,1.04,1.04,0,0
CRP_PB,D,20151027,000000,1.04,1.04,1.03,1.03,0,0
CRP_PB,D,20151028,000000,1.03,1.03,1.03,1.03,0,0
CRP_PB,D,20151029,000000,1.03,1.03,1.03,1.03,0,0
CRP_PB,D,20151030,000000,1.03,1.04,1.03,1.04,0,0
CRP_PB,D,20151102,000000,1.04,1.04,1.04,1.04,0,0
CRP_PB,D,20151103,000000,1.04,1.04,1.04,1.04,0,0
CRP_PB,D,20151104,000000,1.04,1.04,1.04,1.04,0,0
CRP_PB,D,20151105,000000,1.04,1.04,1.04,1.04,0,0
CRP_PB,D,20151106,000000,1.04,1.04,1.04,1.04,0,0
CRP_PB,D,20151109,000000,1.04,1.04,1.04,1.04,0,0
CRP_PB,D,20151110,000000,1.04,1.04,1.04,1.04,0,0
CRP_PB,D,20151112,000000,1.04,1.05,1.04,1.05,0,0
CRP_PB,D,20151113,000000,1.05,1.05,1.04,1.04,0,0
CRP_PB,D,20151116,000000,1.04,1.04,1.04,1.04,0,0
CRP_PB,D,20151117,000000,1.04,1.04,1.04,1.04,0,0
CRP_PB,D,20151118,000000,1.04,1.04,1.04,1.04,0,0
CRP_PB,D,20151119,000000,1.04,1.04,1.04,1.04,0,0
CRP_PB,D,20151120,000000,1.04,1.04,1.04,1.04,0,0
CRP_PB,D,20151123,000000,1.04,1.05,1.04,1.05,0,0
CRP_PB,D,20151124,000000,1.05,1.05,1.04,1.04,0,0
CRP_PB,D,20151125,000000,1.04,1.04,1.04,1.04,0,0
CRP_PB,D,20151127,000000,1.04,1.04,1.04,1.04,0,0
CRP_PB,D,20151130,000000,1.04,1.04,1.04,1.04,0,0
CRP_PB,D,20151203,000000,1.04,1.04,1.04,1.04,0,0
CRP_PB,D,20151207,000000,1.03,1.03,1.03,1.03,0,0
CRP_PB,D,20151208,000000,1.03,1.03,1.03,1.03,0,0
CRP_PB,D,20151209,000000,1.03,1.03,1.02,1.02,0,0
CRP_PB,D,20151210,000000,1.02,1.02,1.02,1.02,0,0
CRP_PB,D,20151211,000000,1.02,1.02,1.02,1.02,0,0
CRP_PB,D,20151214,000000,1.02,1.02,1.02,1.02,0,0
CRP_PB,D,20151215,000000,1.02,1.02,1.02,1.02,0,0
CRP_PB,D,20151216,000000,1,1.01,1,1.01,0,0
CRP_PB,D,20151217,000000,1.01,1.03,1.01,1.03,0,0
CRP_PB,D,20151218,000000,1.03,1.03,1.03,1.03,0,0
CRP_PB,D,20151221,000000,1.03,1.04,1.03,1.04,0,0
CRP_PB,D,20151223,000000,1.04,1.04,1.04,1.04,0,0
CRP_PB,D,20151228,000000,1.04,1.04,1.04,1.04,0,0
CRP_PB,D,20151229,000000,1.04,1.04,1.04,1.04,0,0
CRP_PB,D,20151230,000000,1.04,1.04,1.04,1.04,0,0
CRP_PB,D,20160111,000000,1.02,1.02,1.01,1.01,0,0
CRP_PB,D,20160112,000000,1.01,1.01,1.01,1.01,0,0
CRP_PB,D,20160113,000000,1.01,1.02,1.01,1.02,0,0
CRP_PB,D,20160114,000000,1.02,1.02,1.01,1.01,0,0
CRP_PB,D,20160115,000000,1.01,1.01,1,1,0,0
CRP_PB,D,20160118,000000,1,1,0.98,0.98,0,0
CRP_PB,D,20160119,000000,0.98,0.99,0.98,0.99,0,0
CRP_PB,D,20160120,000000,0.99,0.99,0.98,0.98,0,0
CRP_PB,D,20160121,000000,0.98,0.98,0.98,0.98,0,0
CRP_PB,D,20160122,000000,0.98,0.99,0.98,0.99,0,0
CRP_PB,D,20160125,000000,0.99,0.99,0.99,0.99,0,0
CRP_PB,D,20160126,000000,0.99,0.99,0.98,0.98,0,0
CRP_PB,D,20160127,000000,0.98,0.98,0.98,0.98,0,0
CRP_PB,D,20160128,000000,0.98,0.99,0.98,0.99,0,0
CRP_PB,D,20160129,000000,0.99,0.99,0.99,0.99,0,0
CRP_PB,D,20160201,000000,0.99,1,0.99,1,0,0
CRP_PB,D,20160202,000000,1,1,1,1,0,0
CRP_PB,D,20160203,000000,1,1,1,1,0,0
CRP_PB,D,20160204,000000,1,1,1,1,0,0
CRP_PB,D,20160205,000000,1,1,1,1,0,0
CRP_PB,D,20160208,000000,1,1,0.99,0.99,0,0
CRP_PB,D,20160209,000000,0.99,0.99,0.99,0.99,0,0
CRP_PB,D,20160210,000000,0.99,0.99,0.99,0.99,0,0
CRP_PB,D,20160211,000000,0.99,0.99,0.99,0.99,0,0
CRP_PB,D,20160212,000000,0.99,0.99,0.99,0.99,0,0
CRP_PB,D,20160215,000000,0.99,1,0.99,1,0,0
CRP_PB,D,20160216,000000,1,3.53,1,3.53,0,0
CRP_PB,D,20160217,000000,3.53,3.53,3.52,3.52,0,0
CRP_PB,D,20160218,000000,3.52,3.52,3.52,3.52,0,0
CRP_PB,D,20160219,000000,3.52,3.53,3.52,3.53,0,0
CRP_PB,D,20160222,000000,3.53,3.54,3.53,3.54,0,0
CRP_PB,D,20160223,000000,3.54,3.56,3.54,3.56,0,0
CRP_PB,D,20160224,000000,3.56,3.56,3.56,3.56,0,0
CRP_PB,D,20160225,000000,3.56,3.56,3.55,3.55,0,0
CRP_PB,D,20160226,000000,3.55,3.55,3.55,3.55,0,0
CRP_PB,D,20160229,000000,3.55,3.56,3.55,3.56,0,0
CRP_PB,D,20160301,000000,3.56,3.56,3.56,3.56,0,0
CRP_PB,D,20160302,000000,3.56,3.58,3.56,3.58,0,0
CRP_PB,D,20160303,000000,3.58,3.58,3.58,3.58,0,0
CRP_PB,D,20160304,000000,3.58,3.59,3.58,3.59,0,0
CRP_PB,D,20160307,000000,3.59,3.59,3.58,3.58,0,0
CRP_PB,D,20160308,000000,3.58,3.59,3.58,3.59,0,0
CRP_PB,D,20160309,000000,3.59,3.59,3.58,3.58,0,0
CRP_PB,D,20160310,000000,3.58,3.59,3.58,3.59,0,0
CRP_PB,D,20160311,000000,3.59,3.6,3.59,3.6,0,0
CRP_PB,D,20160314,000000,3.6,3.6,3.59,3.59,0,0
CRP_PB,D,20160315,000000,3.59,3.62,3.59,3.62,0,0
CRP_PB,D,20160316,000000,3.62,3.62,3.62,3.62,0,0
CRP_PB,D,20160317,000000,3.62,3.62,3.61,3.61,0,0
CRP_PB,D,20160318,000000,3.61,3.61,3.61,3.61,0,0
CRP_PB,D,20160321,000000,3.61,3.64,3.61,3.64,0,0
CRP_PB,D,20160322,000000,3.64,3.64,3.64,3.64,0,0
CRP_PB,D,20160329,000000,3.64,3.64,3.64,3.64,0,0
CRP_PB,D,20160331,000000,3.65,3.65,3.65,3.65,0,0
CRP_PB,D,20160404,000000,3.64,3.66,3.64,3.66,0,0
CRP_PB,D,20160407,000000,3.65,3.65,3.64,3.64,0,0
CRP_PB,D,20160408,000000,3.64,3.64,3.64,3.64,0,0
CRP_PB,D,20160411,000000,3.64,3.64,3.62,3.62,0,0
CRP_PB,D,20160413,000000,3.62,3.62,3.39,3.39,0,0
CRP_PB,D,20160414,000000,3.39,3.62,3.39,3.62,0,0
CRP_PB,D,20160418,000000,3.58,3.58,3.58,3.58,0,0
CRP_PB,D,20160419,000000,3.58,3.58,3.58,3.58,0,0
CRP_PB,D,20160422,000000,3.58,3.59,3.58,3.59,0,0
CRP_PB,D,20160426,000000,3.56,3.56,3.51,3.51,0,0
CRP_PB,D,20160429,000000,3.5,3.5,3.5,3.5,0,0
CRP_PB,D,20160502,000000,3.5,3.5,3.49,3.49,0,0
CRP_PB,D,20160504,000000,3.49,3.51,3.49,3.51,0,0
CRP_PB,D,20160505,000000,3.51,3.51,3.5,3.5,0,0
CRP_PB,D,20160506,000000,3.5,3.5,3.5,3.5,0,0
CRP_PB,D,20160509,000000,3.5,3.5,3.48,3.48,0,0
CRP_PB,D,20160510,000000,3.42,3.42,3.3,3.32,0,0
CRP_PB,D,20160511,000000,3.34,3.48,3.34,3.47,0,0
CRP_PB,D,20160512,000000,3.47,3.47,3.47,3.47,0,0
CRP_PB,D,20160513,000000,3.33,3.33,3.19,3.19,0,0
CRP_PB,D,20160517,000000,3.26,3.44,3.26,3.29,0,0
CRP_PB,D,20160523,000000,2.61,2.68,2.61,2.66,0,0
CRP_PB,D,20160524,000000,2.66,2.66,2.65,2.65,0,0
CRP_PB,D,20160525,000000,2.65,2.65,2.64,2.64,0,0
CRP_PB,D,20160527,000000,2.64,2.65,2.64,2.65,0,0
CRP_PB,D,20160530,000000,2.65,2.66,2.65,2.66,0,0
CRP_PB,D,20160531,000000,2.66,2.67,2.66,2.67,0,0
CRP_PB,D,20160603,000000,2.68,2.68,2.67,2.67,0,0
CRP_PB,D,20160606,000000,2.67,2.68,2.67,2.68,0,0
CRP_PB,D,20160607,000000,2.68,2.68,2.68,2.68,0,0
CRP_PB,D,20160608,000000,2.68,2.7,2.68,2.7,0,0
CRP_PB,D,20160609,000000,2.7,2.7,2.7,2.7,0,0
CRP_PB,D,20160610,000000,2.7,2.71,2.7,2.71,0,0
CRP_PB,D,20160613,000000,2.71,2.71,2.7,2.7,0,0
CRP_PB,D,20160614,000000,2.7,2.7,2.68,2.68,0,0
CRP_PB,D,20160622,000000,2.67,2.67,2.67,2.67,0,0
CRP_PB,D,20160623,000000,2.67,2.67,2.67,2.67,0,0
CRP_PB,D,20160627,000000,2.68,2.68,2.64,2.64,0,0
CRP_PB,D,20160628,000000,2.64,2.64,2.64,2.64,0,0
CRP_PB,D,20160630,000000,2.65,2.66,2.65,2.66,0,0
CRP_PB,D,20160701,000000,2.66,2.66,2.65,2.65,0,0
CRP_PB,D,20160704,000000,2.65,2.65,2.65,2.65,0,0
CRP_PB,D,20160705,000000,2.65,2.65,2.65,2.65,0,0
CRP_PB,D,20160706,000000,2.53,2.68,2.53,2.67,0,0
CRP_PB,D,20160707,000000,2.67,2.67,2.67,2.67,0,0
CRP_PB,D,20160708,000000,2.67,2.68,2.67,2.68,0,0
CRP_PB,D,20160711,000000,2.68,2.68,2.68,2.68,0,0
CRP_PB,D,20160713,000000,2.69,2.69,2.68,2.68,0,0
CRP_PB,D,20160714,000000,2.68,2.7,2.68,2.7,0,0
CRP_PB,D,20160715,000000,2.7,2.7,2.69,2.69,0,0
CRP_PB,D,20160718,000000,2.69,2.69,2.69,2.69,0,0
CRP_PB,D,20160719,000000,2.69,2.7,2.69,2.7,0,0
CRP_PB,D,20160720,000000,2.7,2.71,2.7,2.71,0,0
CRP_PB,D,20160721,000000,2.71,2.71,2.71,2.71,0,0
CRP_PB,D,20160722,000000,2.71,2.72,2.71,2.72,0,0
CRP_PB,D,20160725,000000,2.72,2.73,2.72,2.73,0,0
CRP_PB,D,20160726,000000,2.73,2.73,2.72,2.72,0,0
CRP_PB,D,20160727,000000,2.72,2.72,2.72,2.72,0,0
CRP_PB,D,20160728,000000,2.72,2.72,2.72,2.72,0,0
CRP_PB,D,20160729,000000,2.72,2.72,2.72,2.72,0,0
CRP_PB,D,20160801,000000,2.72,2.72,2.72,2.72,0,0
CRP_PB,D,20160802,000000,2.72,2.73,2.72,2.73,0,0
CRP_PB,D,20160803,000000,2.73,2.73,2.61,2.62,0,0
CRP_PB,D,20160804,000000,2.62,2.75,2.47,2.71,0,0
CRP_PB,D,20160805,000000,2.67,2.67,2.55,2.64,0,0
CRP_PB,D,20160808,000000,2.63,2.63,2.63,2.63,0,0
CRP_PB,D,20160809,000000,2.58,2.59,2.58,2.59,0,0
CRP_PB,D,20160810,000000,2.59,2.6,2.59,2.6,0,0
CRP_PB,D,20160811,000000,2.6,2.86,2.6,2.81,0,0
CRP_PB,D,20160812,000000,2.81,2.81,2.81,2.81,0,0
CRP_PB,D,20160816,000000,2.81,2.81,2.81,2.81,0,0
CRP_PB,D,20160817,000000,2.81,2.81,2.81,2.81,0,0
CRP_PB,D,20160818,000000,2.81,2.81,1.41,1.41,0,0
CRP_PB,D,20160819,000000,1.41,1.41,1.41,1.41,0,0
CRP_PB,D,20160822,000000,1.41,1.41,1.41,1.41,0,0
CRP_PB,D,20160823,000000,1.41,1.41,1.41,1.41,0,0
CRP_PB,D,20160824,000000,1.41,1.41,1.4,1.4,0,0
CRP_PB,D,20160825,000000,1.4,1.4,1.4,1.4,0,0
CRP_PB,D,20160830,000000,1.4,1.4,1.39,1.39,0,0
CRP_PB,D,20160831,000000,1.39,1.39,1.39,1.39,0,0
CRP_PB,D,20160901,000000,1.39,1.39,1.39,1.39,0,0
CRP_PB,D,20160902,000000,1.39,1.39,1.39,1.39,0,0
CRP_PB,D,20160905,000000,1.39,1.39,1.38,1.38,0,0
CRP_PB,D,20160906,000000,1.38,1.39,1.38,1.39,0,0
CRP_PB,D,20160907,000000,1.39,1.39,1.39,1.39,0,0
CRP_PB,D,20160908,000000,1.39,1.4,1.39,1.4,0,0
CRP_PB,D,20160909,000000,1.4,1.4,1.4,1.4,0,0
CRP_PB,D,20160912,000000,1.4,1.4,1.4,1.4,0,0
CRP_PB,D,20160913,000000,1.4,1.4,1.39,1.39,0,0
CRP_PB,D,20160914,000000,1.39,1.39,1.39,1.39,0,0
CRP_PB,D,20160915,000000,1.39,1.39,1.39,1.39,0,0
CRP_PB,D,20160916,000000,1.39,1.4,1.39,1.4,0,0
CRP_PB,D,20160919,000000,1.4,1.4,1.4,1.4,0,0
CRP_PB,D,20160920,000000,1.4,1.4,1.4,1.4,0,0
CRP_PB,D,20160921,000000,1.4,1.41,1.4,1.41,0,0
CRP_PB,D,20160922,000000,1.41,1.41,1.41,1.41,0,0
CRP_PB,D,20160923,000000,1.41,1.41,1.41,1.41,0,0
CRP_PB,D,20160926,000000,1.41,1.41,1.41,1.41,0,0
CRP_PB,D,20160927,000000,1.41,1.41,1.4,1.4,0,0
CRP_PB,D,20160928,000000,1.4,1.41,1.4,1.41,0,0
CRP_PB,D,20160929,000000,1.44,1.44,1.44,1.44,0,0
CRP_PB,D,20160930,000000,1.44,1.44,1.44,1.44,0,0
CRP_PB,D,20161003,000000,1.44,1.44,1.43,1.43,0,0
CRP_PB,D,20161004,000000,1.43,1.44,1.43,1.44,0,0
CRP_PB,D,20161005,000000,1.44,1.44,1.44,1.44,0,0
CRP_PB,D,20161006,000000,1.44,1.44,1.44,1.44,0,0
CRP_PB,D,20161007,000000,1.44,1.44,1.44,1.44,0,0
CRP_PB,D,20161010,000000,1.44,1.44,1.44,1.44,0,0
CRP_PB,D,20161011,000000,1.44,1.44,1.44,1.44,0,0
CRP_PB,D,20161012,000000,1.44,1.44,1.44,1.44,0,0
CRP_PB,D,20161013,000000,1.44,1.44,1.44,1.44,0,0
CRP_PB,D,20161014,000000,1.44,1.44,1.43,1.43,0,0
CRP_PB,D,20161017,000000,1.43,1.44,1.43,1.44,0,0
CRP_PB,D,20161018,000000,1.44,1.44,1.44,1.44,0,0
CRP_PB,D,20161019,000000,1.44,1.44,1.43,1.43,0,0
CRP_PB,D,20161020,000000,1.43,1.43,1.43,1.43,0,0
CRP_PB,D,20161021,000000,1.43,1.43,1.4,1.4,0,0
CRP_PB,D,20161024,000000,1.4,1.4,1.4,1.4,0,0
CRP_PB,D,20161025,000000,1.4,1.4,1.4,1.4,0,0
CRP_PB,D,20161026,000000,1.4,1.4,1.4,1.4,0,0
CRP_PB,D,20161027,000000,1.4,1.4,1.4,1.4,0,0
CRP_PB,D,20161028,000000,1.4,1.4,1.39,1.39,0,0
CRP_PB,D,20161031,000000,1.39,1.4,1.39,1.4,0,0
CRP_PB,D,20161102,000000,1.4,1.4,1.4,1.4,0,0
CRP_PB,D,20161103,000000,1.4,1.4,1.4,1.4,0,0
CRP_PB,D,20161104,000000,1.4,1.4,1.4,1.4,0,0
CRP_PB,D,20161107,000000,1.42,1.43,1.42,1.43,0,0
CRP_PB,D,20161108,000000,1.43,1.43,1.42,1.42,0,0
CRP_PB,D,20161109,000000,1.42,1.42,1.42,1.42,0,0
CRP_PB,D,20161110,000000,1.42,1.42,1.42,1.42,0,0
CRP_PB,D,20161114,000000,1.42,1.42,1.42,1.42,0,0
CRP_PB,D,20161115,000000,1.39,2.15,1.39,2.15,0,0
CRP_PB,D,20161116,000000,2.15,2.15,2.14,2.14,0,0
CRP_PB,D,20161117,000000,2.14,2.14,2.13,2.13,0,0
CRP_PB,D,20161118,000000,2.13,2.13,2.13,2.13,0,0
CRP_PB,D,20161121,000000,2.13,2.13,2.12,2.12,0,0
CRP_PB,D,20161122,000000,2.12,2.13,2.12,2.13,0,0
CRP_PB,D,20161123,000000,2.13,2.13,2.13,2.13,0,0
CRP_PB,D,20161124,000000,2.13,2.14,2.13,2.14,0,0
CRP_PB,D,20161125,000000,2.14,2.14,2.13,2.13,0,0
CRP_PB,D,20161128,000000,2.13,2.14,2.13,2.14,0,0
CRP_PB,D,20161129,000000,2.14,2.14,2.13,2.13,0,0
CRP_PB,D,20161130,000000,2.13,2.13,2.13,2.13,0,0
CRP_PB,D,20161201,000000,2.13,2.13,2.13,2.13,0,0
CRP_PB,D,20161202,000000,2.13,2.13,2.11,2.11,0,0
CRP_PB,D,20161205,000000,2.11,2.11,2.1,2.1,0,0
CRP_PB,D,20161206,000000,2.1,2.1,2.1,2.1,0,0
CRP_PB,D,20161207,000000,2.1,2.1,2.09,2.09,0,0
CRP_PB,D,20161208,000000,2.09,2.13,2.09,2.13,0,0
CRP_PB,D,20161209,000000,2.13,2.13,2.13,2.13,0,0
CRP_PB,D,20161212,000000,2.13,2.13,2.13,2.13,0,0
CRP_PB,D,20161213,000000,2.13,2.13,2.12,2.12,0,0
CRP_PB,D,20161214,000000,2.12,2.12,2.12,2.12,0,0
CRP_PB,D,20161215,000000,2.12,2.13,2.12,2.13,0,0
CRP_PB,D,20161216,000000,2.13,2.13,2.12,2.12,0,0
CRP_PB,D,20161219,000000,2.12,2.13,2.12,2.13,0,0
CRP_PB,D,20161220,000000,2.13,2.14,2.13,2.14,0,0
CRP_PB,D,20161221,000000,2.14,2.14,2.14,2.14,0,0
CRP_PB,D,20161222,000000,2.14,2.14,2.14,2.14,0,0
CRP_PB,D,20161223,000000,2.14,2.14,2.14,2.14,0,0
CRP_PB,D,20161227,000000,2.14,2.14,2.14,2.14,0,0
CRP_PB,D,20161229,000000,2.14,2.14,2.14,2.14,0,0
CRP_PB,D,20161230,000000,2.14,2.14,2.14,2.14,0,0
CRP_PB,D,20170102,000000,2.14,2.18,2.14,2.17,0,0
CRP_PB,D,20170103,000000,2.17,2.18,2.17,2.18,0,0
CRP_PB,D,20170104,000000,2.18,2.19,2.18,2.19,0,0
CRP_PB,D,20170105,000000,2.19,2.19,2.19,2.19,0,0
CRP_PB,D,20170109,000000,2.19,2.2,2.19,2.2,0,0
CRP_PB,D,20170110,000000,2.2,2.2,2.2,2.2,0,0
CRP_PB,D,20170111,000000,1.98,2.16,1.98,2.16,0,0
CRP_PB,D,20170112,000000,2.15,2.15,2.1,2.1,0,0
CRP_PB,D,20170113,000000,2.14,2.14,2.14,2.14,0,0
CRP_PB,D,20170116,000000,2.09,2.09,2.09,2.09,0,0
CRP_PB,D,20170117,000000,2.09,2.09,2.08,2.08,0,0
CRP_PB,D,20170124,000000,2.06,2.06,1.86,1.86,0,0
CRP_PB,D,20170125,000000,1.89,2.13,1.89,2.03,0,0
CRP_PB,D,20170126,000000,1.98,1.98,1.87,1.88,0,0
CRP_PB,D,20170131,000000,1.94,2.17,1.94,2.17,0,0
CRP_PB,D,20170201,000000,2.09,2.09,2.01,2.06,0,0
CRP_PB,D,20170203,000000,2.07,2.09,2.07,2.09,0,0
CRP_PB,D,20170209,000000,2.07,2.1,1.99,2.07,0,0
CRP_PB,D,20170213,000000,2.07,2.08,2.07,2.08,0,0
CRP_PB,D,20170214,000000,2.09,2.09,2.09,2.09,0,0
CRP_PB,D,20170215,000000,2.09,2.09,1.89,1.89,0,0
CRP_PB,D,20170216,000000,1.89,1.89,1.89,1.89,0,0
CRP_PB,D,20170217,000000,1.89,1.89,1.88,1.88,0,0
CRP_PB,D,20170220,000000,1.88,1.88,1.88,1.88,0,0
CRP_PB,D,20170221,000000,1.88,1.88,1.88,1.88,0,0
CRP_PB,D,20170222,000000,1.88,1.88,1.88,1.88,0,0
CRP_PB,D,20170224,000000,1.89,1.89,1.89,1.89,0,0
CRP_PB,D,20170227,000000,1.89,1.89,1.89,1.89,0,0
CRP_PB,D,20170228,000000,1.89,1.89,1.89,1.89,0,0
CRP_PB,D,20170302,000000,1.88,1.89,1.88,1.89,0,0
CRP_PB,D,20170303,000000,1.89,1.89,1.89,1.89,0,0
CRP_PB,D,20170306,000000,1.89,1.89,1.88,1.88,0,0
CRP_PB,D,20170307,000000,1.88,1.88,1.88,1.88,0,0
CRP_PB,D,20170308,000000,1.88,1.88,1.88,1.88,0,0
CRP_PB,D,20170309,000000,1.88,1.88,1.88,1.88,0,0
CRP_PB,D,20170310,000000,1.88,1.88,1.88,1.88,0,0
CRP_PB,D,20170313,000000,1.88,1.88,1.88,1.88,0,0
CRP_PB,D,20170314,000000,1.88,1.88,1.87,1.87,0,0
CRP_PB,D,20170315,000000,1.87,1.87,1.87,1.87,0,0
CRP_PB,D,20170316,000000,1.88,1.88,1.88,1.88,0,0
CRP_PB,D,20170317,000000,1.88,1.88,1.88,1.88,0,0
CRP_PB,D,20170320,000000,1.88,1.89,1.88,1.89,0,0
CRP_PB,D,20170321,000000,1.89,1.9,1.89,1.9,0,0
CRP_PB,D,20170322,000000,1.9,1.9,1.9,1.9,0,0
CRP_PB,D,20170323,000000,1.9,1.9,1.89,1.89,0,0
CRP_PB,D,20170324,000000,1.89,1.9,1.89,1.9,0,0
CRP_PB,D,20170327,000000,1.9,1.9,1.9,1.9,0,0
CRP_PB,D,20170328,000000,1.9,1.9,1.9,1.9,0,0
CRP_PB,D,20170329,000000,1.9,1.91,1.9,1.91,0,0
CRP_PB,D,20170330,000000,1.91,1.92,1.91,1.92,0,0
CRP_PB,D,20170331,000000,1.92,1.92,1.92,1.92,0,0
CRP_PB,D,20170403,000000,1.92,1.92,1.92,1.92,0,0
CRP_PB,D,20170404,000000,1.92,1.92,1.92,1.92,0,0
CRP_PB,D,20170405,000000,1.92,1.92,1.91,1.91,0,0
CRP_PB,D,20170406,000000,1.91,1.91,1.91,1.91,0,0
CRP_PB,D,20170407,000000,1.91,1.91,1.91,1.91,0,0
CRP_PB,D,20170410,000000,1.91,1.92,1.91,1.92,0,0
CRP_PB,D,20170411,000000,1.92,1.92,1.92,1.92,0,0
CRP_PB,D,20170412,000000,1.92,1.92,1.91,1.91,0,0
CRP_PB,D,20170413,000000,1.91,1.91,1.91,1.91,0,0
CRP_PB,D,20170418,000000,1.91,1.91,1.91,1.91,0,0
CRP_PB,D,20170420,000000,1.91,1.91,1.91,1.91,0,0
CRP_PB,D,20170421,000000,1.91,1.91,1.9,1.9,0,0
CRP_PB,D,20170424,000000,1.9,1.9,1.9,1.9,0,0
CRP_PB,D,20170425,000000,1.9,1.91,1.9,1.91,0,0
CRP_PB,D,20170426,000000,1.91,1.91,1.91,1.91,0,0
CRP_PB,D,20170427,000000,1.91,1.91,1.91,1.91,0,0
CRP_PB,D,20170428,000000,1.92,1.92,1.91,1.91,0,0
CRP_PB,D,20170502,000000,1.91,1.91,1.91,1.91,0,0
CRP_PB,D,20170504,000000,1.91,1.92,1.91,1.92,0,0
CRP_PB,D,20170505,000000,1.92,1.92,1.92,1.92,0,0
CRP_PB,D,20170508,000000,1.92,1.92,1.92,1.92,0,0
CRP_PB,D,20170509,000000,1.92,1.93,1.92,1.93,0,0
CRP_PB,D,20170510,000000,1.93,1.93,1.93,1.93,0,0
CRP_PB,D,20170511,000000,1.93,1.93,1.93,1.93,0,0
CRP_PB,D,20170512,000000,1.93,1.93,1.93,1.93,0,0
CRP_PB,D,20170515,000000,1.93,2.07,1.93,2.07,0,0
CRP_PB,D,20170516,000000,2.07,2.08,2.07,2.08,0,0
CRP_PB,D,20170517,000000,2.08,2.09,2.08,2.09,0,0
CRP_PB,D,20170519,000000,2.09,2.09,2.07,2.07,0,0
CRP_PB,D,20170522,000000,2.07,2.08,2.07,2.08,0,0
CRP_PB,D,20170523,000000,2.08,2.09,2.08,2.09,0,0
CRP_PB,D,20170524,000000,2.09,2.09,2.08,2.08,0,0
CRP_PB,D,20170525,000000,2.08,2.08,2.08,2.08,0,0
CRP_PB,D,20170526,000000,2.08,2.09,2.08,2.09,0,0
CRP_PB,D,20170530,000000,2.09,2.09,2.09,2.09,0,0
CRP_PB,D,20170531,000000,2.09,2.09,2.09,2.09,0,0
CRP_PB,D,20170601,000000,2.09,2.09,2.09,2.09,0,0
CRP_PB,D,20170602,000000,2.09,2.09,2.09,2.09,0,0
CRP_PB,D,20170605,000000,2.09,2.09,2.09,2.09,0,0
CRP_PB,D,20170606,000000,2.09,2.09,2.09,2.09,0,0
CRP_PB,D,20170607,000000,2.09,2.09,2.09,2.09,0,0
CRP_PB,D,20170608,000000,2.09,2.09,2.08,2.08,0,0
CRP_PB,D,20170609,000000,2.08,2.08,2.08,2.08,0,0
CRP_PB,D,20170612,000000,2.08,2.09,2.08,2.09,0,0
CRP_PB,D,20170613,000000,2.09,2.09,2.09,2.09,0,0
CRP_PB,D,20170614,000000,2.09,2.09,2.09,2.09,0,0
CRP_PB,D,20170616,000000,2.09,2.09,2.09,2.09,0,0
CRP_PB,D,20170619,000000,2.09,2.09,2.07,2.07,0,0
CRP_PB,D,20170620,000000,2.07,2.07,2.07,2.07,0,0
CRP_PB,D,20170621,000000,2.07,2.07,2.07,2.07,0,0
CRP_PB,D,20170622,000000,2.07,2.07,2.06,2.06,0,0
CRP_PB,D,20170623,000000,2.06,2.06,2.06,2.06,0,0
CRP_PB,D,20170626,000000,2.06,2.07,2.06,2.07,0,0
CRP_PB,D,20170627,000000,2.07,2.07,2.07,2.07,0,0
CRP_PB,D,20170628,000000,2.07,2.07,2.07,2.07,0,0
CRP_PB,D,20170629,000000,2.07,2.07,2.06,2.06,0,0
CRP_PB,D,20170630,000000,2.06,2.06,2.06,2.06,0,0
CRP_PB,D,20170703,000000,2.06,2.07,2.06,2.07,0,0
CRP_PB,D,20170704,000000,2.07,2.07,2.06,2.06,0,0
CRP_PB,D,20170705,000000,2.06,2.06,2.06,2.06,0,0
CRP_PB,D,20170706,000000,2.06,2.06,2.06,2.06,0,0
CRP_PB,D,20170707,000000,2.06,2.06,2.06,2.06,0,0
CRP_PB,D,20170710,000000,2.06,2.06,2.06,2.06,0,0
CRP_PB,D,20170711,000000,2.06,2.06,2.06,2.06,0,0
CRP_PB,D,20170712,000000,2.06,2.06,2.06,2.06,0,0
CRP_PB,D,20170713,000000,2.06,2.06,2.06,2.06,0,0
CRP_PB,D,20170714,000000,2.06,2.06,2.06,2.06,0,0
CRP_PB,D,20170717,000000,2.06,2.06,2.06,2.06,0,0
CRP_PB,D,20170718,000000,2.06,2.06,2.06,2.06,0,0
CRP_PB,D,20170719,000000,2.06,2.06,2.06,2.06,0,0
CRP_PB,D,20170720,000000,2.06,2.06,2.06,2.06,0,0
CRP_PB,D,20170721,000000,2.06,2.07,2.06,2.07,0,0
CRP_PB,D,20170724,000000,2.07,2.07,2.07,2.07,0,0
CRP_PB,D,20170725,000000,2.07,2.07,2.06,2.06,0,0
CRP_PB,D,20170726,000000,2.06,2.06,2.05,2.05,0,0
CRP_PB,D,20170727,000000,2.05,2.05,2.05,2.05,0,0
CRP_PB,D,20170807,000000,2.05,2.06,2.05,2.06,0,0
CRP_PB,D,20170808,000000,2.06,2.06,2.06,2.06,0,0
CRP_PB,D,20170809,000000,2.06,2.06,2.05,2.05,0,0
CRP_PB,D,20170810,000000,2.05,2.05,2.05,2.05,0,0
CRP_PB,D,20170811,000000,2.05,2.05,2.05,2.05,0,0
CRP_PB,D,20170814,000000,2.05,2.05,2.04,2.04,0,0
CRP_PB,D,20170816,000000,2.04,2.04,2.04,2.04,0,0
CRP_PB,D,20170817,000000,2.04,2.05,2.04,2.05,0,0
CRP_PB,D,20170818,000000,2.05,2.05,1.64,1.64,0,0
CRP_PB,D,20170821,000000,1.64,1.64,1.63,1.63,0,0
CRP_PB,D,20170822,000000,1.63,1.63,1.63,1.63,0,0
CRP_PB,D,20170823,000000,1.63,1.63,1.63,1.63,0,0
CRP_PB,D,20170824,000000,1.63,1.63,1.63,1.63,0,0
CRP_PB,D,20170825,000000,1.63,1.63,1.63,1.63,0,0
CRP_PB,D,20170828,000000,1.63,1.64,1.63,1.64,0,0
CRP_PB,D,20170829,000000,1.64,1.64,1.64,1.64,0,0
CRP_PB,D,20170830,000000,1.64,1.64,1.64,1.64,0,0
CRP_PB,D,20170831,000000,1.64,1.64,1.64,1.64,0,0
CRP_PB,D,20170901,000000,1.64,1.64,1.64,1.64,0,0
CRP_PB,D,20170904,000000,1.64,1.64,1.64,1.64,0,0
CRP_PB,D,20170905,000000,1.64,1.64,1.64,1.64,0,0
CRP_PB,D,20170906,000000,1.64,1.65,1.64,1.65,0,0
CRP_PB,D,20170907,000000,1.65,1.65,1.64,1.64,0,0
CRP_PB,D,20170908,000000,1.64,1.64,1.64,1.64,0,0
CRP_PB,D,20170911,000000,1.64,1.64,1.64,1.64,0,0
CRP_PB,D,20170912,000000,1.64,1.65,1.64,1.65,0,0
CRP_PB,D,20170913,000000,1.65,1.65,1.64,1.64,0,0
CRP_PB,D,20170914,000000,1.64,1.64,1.64,1.64,0,0
CRP_PB,D,20170915,000000,1.64,1.64,1.63,1.63,0,0
CRP_PB,D,20170918,000000,1.63,1.63,1.63,1.63,0,0
CRP_PB,D,20170919,000000,1.63,1.63,1.63,1.63,0,0
CRP_PB,D,20170920,000000,1.63,1.63,1.63,1.63,0,0
CRP_PB,D,20170921,000000,1.63,1.63,1.63,1.63,0,0
CRP_PB,D,20170922,000000,1.63,1.63,1.63,1.63,0,0
CRP_PB,D,20170925,000000,1.63,1.63,1.63,1.63,0,0
CRP_PB,D,20170926,000000,1.63,1.63,1.63,1.63,0,0
CRP_PB,D,20170927,000000,1.63,1.63,1.63,1.63,0,0
CRP_PB,D,20170928,000000,1.63,1.63,1.63,1.63,0,0
CRP_PB,D,20170929,000000,1.62,1.62,1.62,1.62,0,0
CRP_PB,D,20171002,000000,1.62,1.62,1.62,1.62,0,0
CRP_PB,D,20171003,000000,1.62,1.62,1.62,1.62,0,0
CRP_PB,D,20171004,000000,1.62,1.62,1.62,1.62,0,0
CRP_PB,D,20171005,000000,1.62,1.62,1.62,1.62,0,0
CRP_PB,D,20171006,000000,1.62,1.62,1.62,1.62,0,0
CRP_PB,D,20171009,000000,1.62,1.62,1.62,1.62,0,0
CRP_PB,D,20171010,000000,1.62,1.62,1.62,1.62,0,0
CRP_PB,D,20171011,000000,1.62,1.63,1.62,1.63,0,0
CRP_PB,D,20171013,000000,1.63,1.63,1.63,1.63,0,0
CRP_PB,D,20171016,000000,1.63,1.64,1.63,1.64,0,0
CRP_PB,D,20171017,000000,1.64,1.64,1.64,1.64,0,0
CRP_PB,D,20171018,000000,1.64,1.65,1.64,1.65,0,0
CRP_PB,D,20171019,000000,1.65,1.65,1.65,1.65,0,0
CRP_PB,D,20171020,000000,1.65,1.65,1.65,1.65,0,0
CRP_PB,D,20171024,000000,1.64,1.65,1.64,1.65,0,0
CRP_PB,D,20171206,000000,1.77,1.77,1.77,1.77,0,0
CRP_PB,D,20171219,000000,1.73,1.74,1.73,1.74,0,0
CRP_PB,D,20180220,000000,1.77,1.78,1.77,1.78,0,0
CRP_PB,D,20180309,000000,1.64,1.64,1.64,1.64,0,0
CRP_PB,D,20180313,000000,1.6,1.6,1.58,1.58,0,0
CRP_PB,D,20180613,000000,1.71,1.71,1.71,1.71,0,0
CRP_PB,D,20180801,000000,1.67,1.68,1.67,1.68,0,0
CRP_PB,D,20180827,000000,2.01,2.01,2.01,2.01,0,0
CRP_PB,D,20180910,000000,1.93,1.93,1.89,1.9,0,0
CRP_PB,D,20180920,000000,1.94,1.94,1.94,1.94,0,0
CRP_PB,D,20180921,000000,1.94,1.95,1.94,1.95,0,0
CRP_PB,D,20180924,000000,1.95,1.95,1.94,1.94,0,0
CRP_PB,D,20180925,000000,1.94,1.94,1.94,1.94,0,0
CRP_PB,D,20180926,000000,1.94,1.94,1.94,1.94,0,0
CRP_PB,D,20181102,000000,1.93,1.93,1.93,1.93,0,0
CRP_PB,D,20181214,000000,1.92,1.93,1.92,1.93,0,0
CRP_PB,D,20190206,000000,1.9,2.27,1.9,2.27,0,0
CRP_PB,D,20190315,000000,1.98,1.98,1.98,1.98,0,0
CRP_PB,D,20190319,000000,2.04,2.22,2.04,2.22,0,0
CRP_PB,D,20190320,000000,2.2,2.64,2.11,2.64,0,0
CRP_PB,D,20190321,000000,2.53,2.57,2.08,2.08,0,0
CRP_PB,D,20190416,000000,2.03,2.03,2.03,2.03,0,0
CRP_PB,D,20190612,000000,1.95,1.95,1.95,1.95,0,0
CRP_PB,D,20190628,000000,2,2.05,2,2.05,0,0
CRP_PB,D,20190701,000000,2,2.01,2,2.01,0,0
CRP_PB,D,20190702,000000,2.01,2.01,2.01,2.01,0,0
CRP_PB,D,20190703,000000,2.01,2.01,2.01,2.01,0,0
CRP_PB,D,20190705,000000,2.01,2.01,2.01,2.01,0,0
CRP_PB,D,20190708,000000,2.01,2.01,2.01,2.01,0,0
CRP_PB,D,20190802,000000,1.99,1.99,1.99,1.99,0,0
CRP_PB,D,20190812,000000,1.96,1.97,1.96,1.97,0,0
CRP_PB,D,20190816,000000,1.65,1.8,1.63,1.63,0,0
CRP_PB,D,20190823,000000,1.63,1.82,1.63,1.82,0,0
CRP_PB,D,20190826,000000,1.68,1.68,1.55,1.56,0,0
CRP_PB,D,20191223,000000,1.45,1.45,1.43,1.43,0,0
CRP_PB,D,20200212,000000,1.39,1.39,1.37,1.37,0,0
CRP_PB,D,20200225,000000,1.38,1.38,1.38,1.38,0,0
CRP_PB,D,20200226,000000,1.38,1.38,1.38,1.38,0,0
CRP_PB,D,20200227,000000,1.38,1.38,1.38,1.38,0,0
CRP_PB,D,20201027,000000,1.7,1.7,1.7,1.7,0,0
CRP_PB,D,20201028,000000,1.7,1.75,1.7,1.73,0,0
CRP_PB,D,20201029,000000,1.84,1.84,1.83,1.83,0,0
CRP_PB,D,20201030,000000,1.92,1.92,1.92,1.92,0,0
CRP_PB,D,20201103,000000,1.94,1.96,1.94,1.96,0,0
CRP_PB,D,20201104,000000,2.19,2.2,2.19,2.2,0,0
CRP_PB,D,20201105,000000,2.2,2.39,2.2,2.39,0,0
CRP_PB,D,20201106,000000,2.56,2.56,2.56,2.56,0,0
CRP_PB,D,20201109,000000,2.56,2.56,2.33,2.42,0,0
CRP_PB,D,20201110,000000,2.35,2.41,2.3,2.41,0,0
CRP_PB,D,20201112,000000,2.31,2.32,2.26,2.32,0,0
CRP_PB,D,20201113,000000,2.23,2.38,2.2,2.38,0,0
CRP_PB,D,20201116,000000,2.3,2.3,2.25,2.26,0,0
CRP_PB,D,20201117,000000,2.19,2.19,2.14,2.14,0,0
CRP_PB,D,20201118,000000,2.09,2.09,1.85,1.95,0,0
CRP_PB,D,20201119,000000,1.95,1.95,1.95,1.95,0,0
CRP_PB,D,20201127,000000,1.91,1.91,1.91,1.91,0,0
CRP_PB,D,20201202,000000,1.84,1.85,1.84,1.85,0,0
CRP_PB,D,20201204,000000,1.84,1.84,1.84,1.84,0,0
CRP_PB,D,20201221,000000,1.78,1.78,1.7,1.7,0,0
CRP_PB,D,20201230,000000,1.7,1.7,1.69,1.69,0,0
CRP_PB,D,20210105,000000,1.61,1.61,1.53,1.56,0,0
CRP_PB,D,20210107,000000,1.58,1.6,1.58,1.6,0,0
CRP_PB,D,20210120,000000,1.53,1.53,1.49,1.49,0,0
CRP_PB,D,20210125,000000,1.53,1.53,1.53,1.53,0,0
CRP_PB,D,20210202,000000,1.54,1.59,1.54,1.59,0,0
CRP_PB,D,20210203,000000,1.59,1.6,1.59,1.6,0,0
CRP_PB,D,20210211,000000,1.6,1.6,1.59,1.59,0,0
CRP_PB,D,20210212,000000,1.59,1.59,1.59,1.59,0,0
CRP_PB,D,20210215,000000,1.59,391.5,1.59,391.5,0,0
CRP_PB,D,20210216,000000,391.5,391.5,391.5,391.5,0,0
CRP_PB,D,20210217,000000,391.5,391.5,313.2,313.2,0,0
CRP_PB,D,20210310,000000,313.2,313.2,313.2,313.2,0,0
CRP_PB,D,20210323,000000,302.6,302.6,293.8,293.8,0,0
CRP_PB,D,20210324,000000,293.8,293.8,293.8,293.8,0,0
CRP_PB,D,20210326,000000,293.8,293.8,293.8,293.8,0,0
CRP_PB,D,20210330,000000,293.8,293.8,293.8,293.8,0,0
CRP_PB,D,20210401,000000,292,292,292,292,0,0
CRP_PB,D,20210407,000000,284.8,284.8,261.6,261.6,0,0
CRP_PB,D,20210412,000000,259.8,259.8,259.8,259.8,0,0
CRP_PB,D,20210413,000000,259.8,267,259.8,267,0,0
CRP_PB,D,20210414,000000,259.8,259.8,259.8,259.8,0,0
CRP_PB,D,20210415,000000,259.8,259.8,259.8,259.8,0,0
CRP_PB,D,20210416,000000,259.8,259.8,259.8,259.8,0,0
CRP_PB,D,20210419,000000,259.8,259.8,259.8,259.8,0,0
CRP_PB,D,20210420,000000,259.8,259.8,259.8,259.8,0,0
CRP_PB,D,20210421,000000,259.8,259.8,259.8,259.8,0,0
CRP_PB,D,20210422,000000,259.8,302.6,259.8,302.6,0,0
CRP_PB,D,20210423,000000,315,352.4,315,352.4,0,0
CRP_PB,D,20210426,000000,320.4,348.8,281.2,299,0,0
CRP_PB,D,20210428,000000,302.6,302.6,270.6,270.6,0,0
CRP_PB,D,20210514,000000,271,271,271,271,0,0
CRP_PB,D,20210517,000000,271,271,271,271,0,0
CRP_PB,D,20210518,000000,271,271,271,271,0,0
CRP_PB,D,20210527,000000,347,347,347,347,0,0
CRP_PB,D,20210610,000000,198.29,198.29,198.29,198.29,0,0
CRP_PB,D,20210611,000000,198.29,198.29,198.29,198.29,0,0
CRP_PB,D,20210614,000000,198.29,198.29,198.29,198.29,0,0
CRP_PB,D,20210615,000000,198.29,198.29,198.29,198.29,0,0
CRP_PB,D,20210616,000000,198.29,198.29,198.29,198.29,0,0
CRP_PB,D,20210617,000000,198.29,198.29,198.29,198.29,0,0
CRP_PB,D,20210618,000000,198.29,198.29,198.29,198.29,0,0
CRP_PB,D,20210621,000000,198.29,198.29,198.29,198.29,0,0
CRP_PB,D,20210622,000000,198.29,198.29,198.29,198.29,0,0
CRP_PB,D,20211025,000000,462.67,540,462.67,540,0,0
CRP_PB,D,20211026,000000,646.67,771.33,646.67,771.33,0,0
CRP_PB,D,20211027,000000,771.33,771.33,771.33,771.33,0,0
CRP_PB,D,20211028,000000,771.33,919.67,771.33,919.67,0,0
CRP_PB,D,20211029,000000,919.67,1103.67,890,1103.67,0,0
CRP_PB,D,20211102,000000,1127.33,1127.33,902,902,0,0
CRP_PB,D,20211103,000000,902,902,721.33,721.33,0,0
CRP_PB,D,20211104,000000,682.33,682.33,682.33,682.33,0,0
CRP_PB,D,20211105,000000,670.33,670.33,670.33,670.33,0,0
CRP_PB,D,20211108,000000,670.33,795,670.33,795,0,0
CRP_PB,D,20211109,000000,795,795,795,795,0,0
CRP_PB,D,20211110,000000,795,795,795,795,0,0
CRP_PB,D,20211115,000000,795,801,795,801,0,0
CRP_PB,D,20211116,000000,801,801,801,801,0,0
CRP_PB,D,20211117,000000,801,801,801,801,0,0
CRP_PB,D,20211118,000000,803.33,813,803.33,813,0,0
CRP_PB,D,20211119,000000,813,813,813,813,0,0
CRP_PB,D,20211122,000000,810.33,810.33,798,798,0,0
CRP_PB,D,20211123,000000,804,804,804,804,0,0
CRP_PB,D,20211124,000000,813,813,813,813,0,0
CRP_PB,D,20211125,000000,801,801,801,801,0,0
CRP_PB,D,20211126,000000,801,801,801,801,0,0
CRP_PB,D,20211129,000000,801,801,801,801,0,0
CRP_PB,D,20211130,000000,801,801,801,801,0,0
CRP_PB,D,20211201,000000,801,801,777.33,777.33,0,0
CRP_PB,D,20211203,000000,779,779,779,779,0,0
CRP_PB,D,20211209,000000,783.33,783.33,783.33,783.33,0,0
CRP_PB,D,20211210,000000,789,789,789,789,0,0
CRP_PB,D,20211213,000000,771.33,771.33,729.67,729.67,0,0
CRP_PB,D,20211215,000000,729.67,729.67,729.67,729.67,0,0
CRP_PB,D,20211216,000000,652.67,652.67,652.67,652.67,0,0
CRP_PB,D,20220513,000000,979,979,979,979,0,0
