<TICKER>,<PER>,<DATE>,<TIME>,<OPEN>,<HIGH>,<LOW>,<CLOSE>,<VOL>,<OPENINT>
ELM_PE,D,20090807,000000,17.922,17.922,17.922,17.922,0,0
ELM_PE,D,20090810,000000,17.922,19.62,17.167,19.62,0,0
ELM_PE,D,20090811,000000,20.657,22.355,20.657,22.261,0,0
ELM_PE,D,20090812,000000,22.261,22.261,20.374,22.261,0,0
ELM_PE,D,20090813,000000,22.261,22.261,19.714,19.714,0,0
ELM_PE,D,20090814,000000,19.714,20.657,18.771,20.563,0,0
ELM_PE,D,20090817,000000,20.563,20.752,20.563,20.752,0,0
ELM_PE,D,20090818,000000,19.903,19.903,19.809,19.809,0,0
ELM_PE,D,20090819,000000,19.148,22.166,19.148,21.601,0,0
ELM_PE,D,20090820,000000,21.318,22.449,20.657,22.449,0,0
ELM_PE,D,20090821,000000,23.676,23.676,22.449,23.488,0,0
ELM_PE,D,20090824,000000,22.733,23.582,21.695,23.582,0,0
ELM_PE,D,20090825,000000,23.582,24.619,22.733,24.619,0,0
ELM_PE,D,20090826,000000,24.714,25.28,24.714,25.28,0,0
ELM_PE,D,20090827,000000,24.808,24.808,24.714,24.714,0,0
ELM_PE,D,20090828,000000,24.619,25.374,23.11,25.374,0,0
ELM_PE,D,20090831,000000,24.525,25.563,23.488,24.147,0,0
ELM_PE,D,20090901,000000,25.563,25.563,23.299,23.864,0,0
ELM_PE,D,20090902,000000,22.449,25.656,22.355,25.563,0,0
ELM_PE,D,20090903,000000,25.374,25.374,25.374,25.374,0,0
ELM_PE,D,20090904,000000,25.28,25.28,23.771,23.864,0,0
ELM_PE,D,20090907,000000,25.28,25.28,23.864,25.185,0,0
ELM_PE,D,20090908,000000,25.28,25.28,25.28,25.28,0,0
ELM_PE,D,20090909,000000,24.902,25.28,21.884,24.147,0,0
ELM_PE,D,20090910,000000,22.921,23.204,22.921,22.921,0,0
ELM_PE,D,20090911,000000,22.449,22.449,22.355,22.355,0,0
ELM_PE,D,20090914,000000,21.79,21.79,20.752,20.752,0,0
ELM_PE,D,20090915,000000,20.846,21.695,20.752,21.601,0,0
ELM_PE,D,20090916,000000,21.978,21.978,21.695,21.79,0,0
ELM_PE,D,20090917,000000,20.752,21.79,20.752,21.79,0,0
ELM_PE,D,20090918,000000,21.79,21.79,21.79,21.79,0,0
ELM_PE,D,20090921,000000,20.374,21.79,20.281,21.79,0,0
ELM_PE,D,20090922,000000,20.374,21.695,19.62,21.601,0,0
ELM_PE,D,20090923,000000,21.695,21.79,21.695,21.79,0,0
ELM_PE,D,20090924,000000,21.79,21.79,21.79,21.79,0,0
ELM_PE,D,20090925,000000,21.79,21.79,21.318,21.318,0,0
ELM_PE,D,20090928,000000,20.186,20.186,20.186,20.186,0,0
ELM_PE,D,20090929,000000,21.79,21.79,21.79,21.79,0,0
ELM_PE,D,20090930,000000,20.657,20.657,19.337,19.337,0,0
ELM_PE,D,20091001,000000,18.111,21.223,18.111,21.223,0,0
ELM_PE,D,20091002,000000,19.714,20.563,19.714,20.563,0,0
ELM_PE,D,20091005,000000,20.563,20.563,18.676,20.563,0,0
ELM_PE,D,20091006,000000,20.657,20.657,18.865,18.959,0,0
ELM_PE,D,20091007,000000,19.054,19.714,18.959,19.714,0,0
ELM_PE,D,20091008,000000,18.205,19.054,17.45,19.054,0,0
ELM_PE,D,20091009,000000,17.639,19.148,17.639,18.959,0,0
ELM_PE,D,20091012,000000,18.865,19.526,18.865,18.959,0,0
ELM_PE,D,20091013,000000,18.771,18.771,18.3,18.3,0,0
ELM_PE,D,20091014,000000,18.394,18.394,18.394,18.394,0,0
ELM_PE,D,20091015,000000,18.582,20.092,18.488,20.092,0,0
ELM_PE,D,20091016,000000,19.809,21.035,19.809,21.035,0,0
ELM_PE,D,20091019,000000,21.601,21.601,21.507,21.507,0,0
ELM_PE,D,20091020,000000,21.507,21.507,21.507,21.507,0,0
ELM_PE,D,20091021,000000,18.676,19.337,18.3,18.3,0,0
ELM_PE,D,20091022,000000,18.582,20.281,18.582,19.998,0,0
ELM_PE,D,20091023,000000,18.676,20.281,18.676,20.281,0,0
ELM_PE,D,20091026,000000,21.223,21.223,21.223,21.223,0,0
ELM_PE,D,20091027,000000,19.998,19.998,18.488,19.998,0,0
ELM_PE,D,20091028,000000,21.129,21.129,17.545,21.035,0,0
ELM_PE,D,20091029,000000,18.488,23.299,18.488,23.299,0,0
ELM_PE,D,20091030,000000,23.488,23.488,20.846,22.827,0,0
ELM_PE,D,20091102,000000,21.79,23.676,19.714,23.488,0,0
ELM_PE,D,20091103,000000,22.733,23.299,22.733,23.204,0,0
ELM_PE,D,20091104,000000,23.676,24.619,22.733,24.619,0,0
ELM_PE,D,20091105,000000,24.336,24.43,21.695,22.072,0,0
ELM_PE,D,20091106,000000,22.166,23.488,22.166,23.488,0,0
ELM_PE,D,20091109,000000,22.449,22.921,22.355,22.638,0,0
ELM_PE,D,20091110,000000,22.449,23.393,21.035,23.016,0,0
ELM_PE,D,20091112,000000,21.601,21.978,21.507,21.978,0,0
ELM_PE,D,20091113,000000,21.884,22.355,20.752,22.166,0,0
ELM_PE,D,20091116,000000,22.355,22.355,20.94,22.072,0,0
ELM_PE,D,20091117,000000,22.449,22.449,21.507,22.261,0,0
ELM_PE,D,20091118,000000,22.166,22.261,21.978,22.261,0,0
ELM_PE,D,20091119,000000,22.261,22.449,20.657,22.261,0,0
ELM_PE,D,20091120,000000,22.449,22.449,20.657,21.412,0,0
ELM_PE,D,20091123,000000,21.884,22.072,20.281,22.072,0,0
ELM_PE,D,20091124,000000,21.978,21.978,20.563,21.507,0,0
ELM_PE,D,20091125,000000,21.412,21.412,21.412,21.412,0,0
ELM_PE,D,20091126,000000,20.563,20.563,19.431,20.281,0,0
ELM_PE,D,20091127,000000,20.281,21.79,20.281,21.601,0,0
ELM_PE,D,20091130,000000,21.223,21.223,19.809,20.752,0,0
ELM_PE,D,20091201,000000,19.431,20.657,19.431,20.563,0,0
ELM_PE,D,20091202,000000,20.563,20.846,18.959,20.468,0,0
ELM_PE,D,20091203,000000,19.998,20.468,19.431,20.468,0,0
ELM_PE,D,20091204,000000,20.281,20.468,20.281,20.468,0,0
ELM_PE,D,20091207,000000,20.374,20.374,20.281,20.281,0,0
ELM_PE,D,20091208,000000,20.468,20.752,20.468,20.752,0,0
ELM_PE,D,20091209,000000,20.563,20.563,19.714,19.714,0,0
ELM_PE,D,20091210,000000,20.468,20.468,20.374,20.374,0,0
ELM_PE,D,20091211,000000,20.374,20.374,20.374,20.374,0,0
ELM_PE,D,20091214,000000,18.959,20.281,18.771,18.771,0,0
ELM_PE,D,20091215,000000,20.281,20.281,18.394,19.903,0,0
ELM_PE,D,20091216,000000,19.903,19.903,19.337,19.337,0,0
ELM_PE,D,20091217,000000,19.337,19.337,18.3,19.337,0,0
ELM_PE,D,20091218,000000,19.337,19.337,17.262,19.337,0,0
ELM_PE,D,20091221,000000,19.809,19.903,19.809,19.903,0,0
ELM_PE,D,20091222,000000,19.809,19.809,18.865,18.865,0,0
ELM_PE,D,20091223,000000,19.242,19.809,19.242,19.809,0,0
ELM_PE,D,20091228,000000,19.809,19.809,19.337,19.337,0,0
ELM_PE,D,20091229,000000,19.714,19.903,18.394,19.903,0,0
ELM_PE,D,20091230,000000,19.903,19.903,18.488,18.488,0,0
ELM_PE,D,20091231,000000,19.903,19.903,18.488,18.488,0,0
ELM_PE,D,20100104,000000,20.752,20.752,19.431,20.468,0,0
ELM_PE,D,20100105,000000,20.468,20.468,20.468,20.468,0,0
ELM_PE,D,20100106,000000,19.148,20.186,19.148,20.092,0,0
ELM_PE,D,20100107,000000,20.186,20.186,18.865,20.186,0,0
ELM_PE,D,20100108,000000,20.186,20.186,20.186,20.186,0,0
ELM_PE,D,20100111,000000,19.431,20.186,19.337,20.186,0,0
ELM_PE,D,20100112,000000,20.092,20.752,20.092,20.752,0,0
ELM_PE,D,20100113,000000,20.752,20.94,20.468,20.468,0,0
ELM_PE,D,20100114,000000,20.468,20.846,20.374,20.846,0,0
ELM_PE,D,20100115,000000,20.846,20.846,20.281,20.281,0,0
ELM_PE,D,20100118,000000,20.752,22.638,20.374,21.978,0,0
ELM_PE,D,20100119,000000,20.657,21.79,20.281,20.374,0,0
ELM_PE,D,20100120,000000,20.468,24.997,20.468,24.997,0,0
ELM_PE,D,20100121,000000,25.469,27.261,23.676,25.469,0,0
ELM_PE,D,20100122,000000,25.469,26.411,22.449,24.525,0,0
ELM_PE,D,20100125,000000,23.016,24.336,22.072,23.958,0,0
ELM_PE,D,20100126,000000,22.449,22.921,21.695,22.166,0,0
ELM_PE,D,20100127,000000,21.884,23.488,21.884,22.638,0,0
ELM_PE,D,20100128,000000,23.204,23.958,23.016,23.958,0,0
ELM_PE,D,20100129,000000,24.242,24.336,22.072,22.921,0,0
ELM_PE,D,20100201,000000,22.921,23.016,22.638,23.016,0,0
ELM_PE,D,20100202,000000,23.958,24.053,23.958,24.053,0,0
ELM_PE,D,20100203,000000,24.336,25.374,24.053,24.053,0,0
ELM_PE,D,20100204,000000,25.469,25.469,23.488,23.958,0,0
ELM_PE,D,20100205,000000,23.488,23.958,22.449,23.771,0,0
ELM_PE,D,20100208,000000,22.921,23.771,22.544,22.544,0,0
ELM_PE,D,20100209,000000,22.449,23.958,22.449,23.958,0,0
ELM_PE,D,20100210,000000,24.714,25.28,23.016,25.091,0,0
ELM_PE,D,20100211,000000,24.997,24.997,23.582,23.582,0,0
ELM_PE,D,20100212,000000,23.771,24.525,23.582,24.525,0,0
ELM_PE,D,20100215,000000,24.902,24.902,22.449,23.393,0,0
ELM_PE,D,20100216,000000,21.79,22.261,20.846,21.695,0,0
ELM_PE,D,20100217,000000,22.355,25.845,22.355,25.845,0,0
ELM_PE,D,20100218,000000,24.43,25.28,23.771,23.958,0,0
ELM_PE,D,20100219,000000,25.751,26.694,25.751,26.694,0,0
ELM_PE,D,20100222,000000,24.997,24.997,23.771,24.808,0,0
ELM_PE,D,20100223,000000,24.619,24.714,24.336,24.714,0,0
ELM_PE,D,20100224,000000,24.147,25.185,23.488,24.242,0,0
ELM_PE,D,20100225,000000,25.374,25.374,25.374,25.374,0,0
ELM_PE,D,20100226,000000,25.374,25.374,23.958,24.714,0,0
ELM_PE,D,20100301,000000,24.808,24.808,24.808,24.808,0,0
ELM_PE,D,20100302,000000,24.902,25.28,24.714,25.28,0,0
ELM_PE,D,20100303,000000,25.374,25.374,24.808,24.808,0,0
ELM_PE,D,20100304,000000,24.808,26.506,24.808,26.506,0,0
ELM_PE,D,20100305,000000,24.997,26.6,24.997,26.6,0,0
ELM_PE,D,20100308,000000,25.374,26.506,25.374,26.506,0,0
ELM_PE,D,20100309,000000,26.411,26.411,24.808,26.317,0,0
ELM_PE,D,20100310,000000,26.411,26.411,24.997,26.128,0,0
ELM_PE,D,20100311,000000,25.374,25.374,24.902,24.902,0,0
ELM_PE,D,20100312,000000,25.185,26.034,25.185,26.034,0,0
ELM_PE,D,20100315,000000,24.997,26.034,24.619,26.034,0,0
ELM_PE,D,20100316,000000,25.185,25.656,25.091,25.656,0,0
ELM_PE,D,20100317,000000,24.619,25.656,24.619,25.656,0,0
ELM_PE,D,20100318,000000,25.656,25.656,25.374,25.374,0,0
ELM_PE,D,20100319,000000,25.939,26.506,25.939,26.506,0,0
ELM_PE,D,20100322,000000,26.506,26.6,26.506,26.6,0,0
ELM_PE,D,20100323,000000,26.6,27.732,26.6,27.543,0,0
ELM_PE,D,20100324,000000,27.637,30.751,25.563,26.034,0,0
ELM_PE,D,20100325,000000,27.732,28.298,24.336,28.204,0,0
ELM_PE,D,20100326,000000,28.204,29.996,27.166,29.996,0,0
ELM_PE,D,20100329,000000,29.996,30.09,28.959,29.524,0,0
ELM_PE,D,20100330,000000,28.015,29.524,27.732,29.524,0,0
ELM_PE,D,20100331,000000,28.204,29.43,28.204,28.959,0,0
ELM_PE,D,20100401,000000,28.109,28.864,27.449,28.392,0,0
ELM_PE,D,20100406,000000,27.261,28.77,27.261,28.675,0,0
ELM_PE,D,20100407,000000,26.883,28.298,26.411,28.109,0,0
ELM_PE,D,20100408,000000,26.789,28.015,26.789,28.015,0,0
ELM_PE,D,20100409,000000,26.6,26.6,25.845,26.6,0,0
ELM_PE,D,20100412,000000,26.034,27.449,25.656,27.449,0,0
ELM_PE,D,20100413,000000,25.845,27.072,25.845,27.072,0,0
ELM_PE,D,20100414,000000,26.506,26.506,26.506,26.506,0,0
ELM_PE,D,20100415,000000,26.034,26.506,26.034,26.506,0,0
ELM_PE,D,20100416,000000,26.883,26.978,26.883,26.978,0,0
ELM_PE,D,20100419,000000,25.656,26.411,24.997,26.128,0,0
ELM_PE,D,20100420,000000,25.091,26.978,25.091,25.751,0,0
ELM_PE,D,20100421,000000,26.411,26.411,24.336,24.336,0,0
ELM_PE,D,20100422,000000,24.147,25.185,23.582,23.582,0,0
ELM_PE,D,20100423,000000,24.525,24.619,24.525,24.619,0,0
ELM_PE,D,20100426,000000,24.619,24.619,23.676,24.336,0,0
ELM_PE,D,20100427,000000,24.147,24.714,24.147,24.619,0,0
ELM_PE,D,20100428,000000,23.864,23.864,23.299,23.299,0,0
ELM_PE,D,20100429,000000,23.393,23.771,23.299,23.771,0,0
ELM_PE,D,20100430,000000,24.43,24.619,24.43,24.619,0,0
ELM_PE,D,20100504,000000,24.619,24.714,24.525,24.714,0,0
ELM_PE,D,20100505,000000,23.393,24.714,23.299,24.714,0,0
ELM_PE,D,20100506,000000,24.619,24.619,24.619,24.619,0,0
ELM_PE,D,20100507,000000,22.733,23.676,21.884,21.884,0,0
ELM_PE,D,20100510,000000,24.808,24.808,24.808,24.808,0,0
ELM_PE,D,20100511,000000,24.808,24.808,23.582,23.582,0,0
ELM_PE,D,20100512,000000,24.619,24.714,24.619,24.714,0,0
ELM_PE,D,20100513,000000,23.204,24.147,23.204,24.053,0,0
ELM_PE,D,20100514,000000,23.204,24.43,23.204,23.299,0,0
ELM_PE,D,20100517,000000,22.544,24.242,22.261,24.242,0,0
ELM_PE,D,20100518,000000,22.827,23.299,21.412,22.355,0,0
ELM_PE,D,20100519,000000,21.884,36.598,20.563,36.598,0,0
ELM_PE,D,20100520,000000,37.542,37.542,37.165,37.542,0,0
ELM_PE,D,20100521,000000,36.598,38.391,35.561,38.391,0,0
ELM_PE,D,20100524,000000,38.391,38.391,34.806,34.806,0,0
ELM_PE,D,20100525,000000,36.976,38.391,36.976,38.391,0,0
ELM_PE,D,20100526,000000,38.202,38.202,38.202,38.202,0,0
ELM_PE,D,20100527,000000,38.202,38.202,38.202,38.202,0,0
ELM_PE,D,20100528,000000,38.202,40.749,38.202,40.749,0,0
ELM_PE,D,20100531,000000,40.749,40.749,35.184,35.184,0,0
ELM_PE,D,20100601,000000,37.165,37.165,35.372,35.372,0,0
ELM_PE,D,20100602,000000,36.598,36.598,36.598,36.598,0,0
ELM_PE,D,20100604,000000,36.598,36.598,36.598,36.598,0,0
ELM_PE,D,20100607,000000,36.976,36.976,33.391,33.391,0,0
ELM_PE,D,20100608,000000,34.806,34.806,34.617,34.617,0,0
ELM_PE,D,20100609,000000,36.787,36.787,36.787,36.787,0,0
ELM_PE,D,20100610,000000,36.787,36.787,36.787,36.787,0,0
ELM_PE,D,20100611,000000,37.165,37.165,36.976,37.165,0,0
ELM_PE,D,20100614,000000,36.598,36.598,36.598,36.598,0,0
ELM_PE,D,20100615,000000,36.787,36.787,36.787,36.787,0,0
ELM_PE,D,20100616,000000,36.787,36.787,36.787,36.787,0,0
ELM_PE,D,20100617,000000,36.787,36.787,36.787,36.787,0,0
ELM_PE,D,20100618,000000,36.787,36.787,33.769,33.863,0,0
ELM_PE,D,20100622,000000,33.675,33.675,30.751,31.599,0,0
ELM_PE,D,20100623,000000,32.731,36.504,32.731,34.617,0,0
ELM_PE,D,20100624,000000,35.184,35.184,31.033,31.033,0,0
ELM_PE,D,20100625,000000,31.41,31.41,31.41,31.41,0,0
ELM_PE,D,20100629,000000,32.637,32.637,32.071,32.071,0,0
ELM_PE,D,20100630,000000,32.071,32.071,31.882,31.882,0,0
ELM_PE,D,20100705,000000,31.505,33.108,31.127,33.014,0,0
ELM_PE,D,20100706,000000,32.825,32.825,30.845,32.825,0,0
ELM_PE,D,20100707,000000,32.637,32.825,32.637,32.825,0,0
ELM_PE,D,20100708,000000,32.449,32.449,31.222,32.449,0,0
ELM_PE,D,20100709,000000,32.26,32.26,32.26,32.26,0,0
ELM_PE,D,20100712,000000,32.26,32.449,32.26,32.449,0,0
ELM_PE,D,20100713,000000,32.449,32.449,32.449,32.449,0,0
ELM_PE,D,20100714,000000,32.449,34.617,32.449,34.617,0,0
ELM_PE,D,20100715,000000,34.241,34.241,31.033,31.033,0,0
ELM_PE,D,20100716,000000,31.033,34.052,30.656,34.052,0,0
ELM_PE,D,20100719,000000,34.241,34.241,34.052,34.052,0,0
ELM_PE,D,20100720,000000,34.052,34.901,33.297,34.806,0,0
ELM_PE,D,20100721,000000,35.75,35.844,35.75,35.844,0,0
ELM_PE,D,20100722,000000,35.656,35.656,35.561,35.561,0,0
ELM_PE,D,20100723,000000,35.372,35.372,35.184,35.184,0,0
ELM_PE,D,20100726,000000,36.221,36.221,36.221,36.221,0,0
ELM_PE,D,20100727,000000,34.052,34.052,32.637,32.637,0,0
ELM_PE,D,20100728,000000,34.429,34.429,34.429,34.429,0,0
ELM_PE,D,20100729,000000,34.052,34.052,34.052,34.052,0,0
ELM_PE,D,20100730,000000,34.052,35.844,34.052,35.844,0,0
ELM_PE,D,20100802,000000,36.221,36.221,34.429,34.429,0,0
ELM_PE,D,20100803,000000,34.429,34.429,34.429,34.429,0,0
ELM_PE,D,20100804,000000,34.429,36.221,34.429,36.221,0,0
ELM_PE,D,20100805,000000,36.221,36.221,36.221,36.221,0,0
ELM_PE,D,20100806,000000,35.561,35.561,35.372,35.372,0,0
ELM_PE,D,20100809,000000,34.052,34.052,34.052,34.052,0,0
ELM_PE,D,20100810,000000,35.089,35.089,32.637,32.637,0,0
ELM_PE,D,20100811,000000,32.449,32.449,32.449,32.449,0,0
ELM_PE,D,20100812,000000,32.637,32.637,32.637,32.637,0,0
ELM_PE,D,20100813,000000,32.637,32.637,32.637,32.637,0,0
ELM_PE,D,20100816,000000,32.449,32.449,32.449,32.449,0,0
ELM_PE,D,20100817,000000,32.449,32.449,31.41,31.41,0,0
ELM_PE,D,20110216,000000,65.746,65.746,65.746,65.746,0,0
ELM_PE,D,20110217,000000,65.746,65.746,65.746,65.746,0,0
ELM_PE,D,20110218,000000,65.746,65.746,63.01,65.746,0,0
ELM_PE,D,20110221,000000,65.746,65.746,65.746,65.746,0,0
ELM_PE,D,20110222,000000,65.746,66.217,65.746,66.217,0,0
ELM_PE,D,20110223,000000,65.746,65.746,63.01,65.746,0,0
ELM_PE,D,20110224,000000,65.746,65.746,65.746,65.746,0,0
ELM_PE,D,20110225,000000,65.274,65.368,65.274,65.368,0,0
ELM_PE,D,20110228,000000,65.274,65.368,65.274,65.368,0,0
ELM_PE,D,20110301,000000,67.066,67.16,67.066,67.16,0,0
ELM_PE,D,20110302,000000,67.066,67.066,58.577,64.425,0,0
ELM_PE,D,20110303,000000,64.331,64.425,64.331,64.425,0,0
ELM_PE,D,20110304,000000,64.331,64.425,64.331,64.425,0,0
ELM_PE,D,20110307,000000,64.331,64.425,64.331,64.425,0,0
ELM_PE,D,20110308,000000,64.331,64.425,64.331,64.425,0,0
ELM_PE,D,20110309,000000,62.633,62.633,62.633,62.633,0,0
ELM_PE,D,20110310,000000,64.331,64.331,58.105,58.199,0,0
ELM_PE,D,20110311,000000,60.841,60.841,60.841,60.841,0,0
ELM_PE,D,20110314,000000,60.841,60.841,60.841,60.841,0,0
ELM_PE,D,20110315,000000,60.841,60.841,56.313,56.407,0,0
ELM_PE,D,20110316,000000,56.313,60.841,56.313,60.841,0,0
ELM_PE,D,20110317,000000,63.482,63.576,63.482,63.576,0,0
ELM_PE,D,20110318,000000,59.425,59.52,59.425,59.52,0,0
ELM_PE,D,20110321,000000,59.425,59.425,56.313,56.879,0,0
ELM_PE,D,20110322,000000,59.425,59.425,56.879,56.879,0,0
ELM_PE,D,20110323,000000,59.425,59.425,55.841,58.671,0,0
ELM_PE,D,20110324,000000,58.577,59.52,58.577,59.52,0,0
ELM_PE,D,20110325,000000,59.425,59.425,55.841,56.879,0,0
ELM_PE,D,20110328,000000,58.577,58.577,56.879,56.879,0,0
ELM_PE,D,20110329,000000,58.577,58.671,58.577,58.671,0,0
ELM_PE,D,20110330,000000,58.577,58.671,58.577,58.671,0,0
ELM_PE,D,20110406,000000,58.577,58.671,58.577,58.671,0,0
ELM_PE,D,20110407,000000,58.577,58.671,58.577,58.671,0,0
ELM_PE,D,20110408,000000,58.577,58.671,58.577,58.671,0,0
ELM_PE,D,20110411,000000,58.577,58.577,54.049,54.143,0,0
ELM_PE,D,20110412,000000,56.785,56.879,56.785,56.879,0,0
ELM_PE,D,20110413,000000,58.105,58.105,53.672,53.672,0,0
ELM_PE,D,20110414,000000,56.313,56.407,56.313,56.407,0,0
ELM_PE,D,20110415,000000,56.313,56.407,56.313,56.407,0,0
ELM_PE,D,20110418,000000,53.2,53.295,50.936,53.295,0,0
ELM_PE,D,20110419,000000,53.2,56.879,53.2,56.879,0,0
ELM_PE,D,20110420,000000,54.049,57.257,54.049,54.143,0,0
ELM_PE,D,20110421,000000,54.049,57.257,54.049,57.257,0,0
ELM_PE,D,20110426,000000,54.521,72.631,54.521,72.631,0,0
ELM_PE,D,20110427,000000,72.82,72.82,72.631,72.631,0,0
ELM_PE,D,20110428,000000,72.82,72.82,72.631,72.631,0,0
ELM_PE,D,20110429,000000,72.82,72.82,72.631,72.631,0,0
ELM_PE,D,20110502,000000,72.82,72.82,72.631,72.631,0,0
ELM_PE,D,20110504,000000,72.254,72.254,72.065,72.065,0,0
ELM_PE,D,20110505,000000,71.593,71.593,71.028,71.406,0,0
ELM_PE,D,20110506,000000,70.556,71.406,69.425,71.406,0,0
ELM_PE,D,20110509,000000,71.217,74.424,71.217,74.424,0,0
ELM_PE,D,20110510,000000,75.838,75.838,75.555,75.555,0,0
ELM_PE,D,20110511,000000,71.782,72.065,71.782,72.065,0,0
ELM_PE,D,20110512,000000,71.028,71.028,70.839,70.839,0,0
ELM_PE,D,20110513,000000,75.178,75.178,74.99,74.99,0,0
ELM_PE,D,20110516,000000,71.593,71.593,70.273,70.273,0,0
ELM_PE,D,20110517,000000,65.84,71.406,65.84,71.406,0,0
ELM_PE,D,20110518,000000,69.425,69.613,68.198,69.613,0,0
ELM_PE,D,20110519,000000,68.858,73.857,68.198,73.857,0,0
ELM_PE,D,20110523,000000,36.693,36.693,36.693,36.693,0,0
ELM_PE,D,20110530,000000,36.693,36.693,36.693,36.693,0,0
ELM_PE,D,20110531,000000,36.693,37.637,36.693,37.542,0,0
ELM_PE,D,20110601,000000,37.165,37.165,36.882,36.976,0,0
ELM_PE,D,20110602,000000,35.75,39.146,35.75,37.259,0,0
ELM_PE,D,20110607,000000,35.467,35.467,35.467,35.467,0,0
ELM_PE,D,20110608,000000,35.467,35.467,35.467,35.467,0,0
ELM_PE,D,20110609,000000,35.467,35.467,35.467,35.467,0,0
ELM_PE,D,20110610,000000,35.467,35.467,35.467,35.467,0,0
ELM_PE,D,20110613,000000,35.184,35.184,35.089,35.089,0,0
ELM_PE,D,20110614,000000,35.467,35.467,35.467,35.467,0,0
ELM_PE,D,20110615,000000,35.184,35.184,35.089,35.089,0,0
ELM_PE,D,20110616,000000,35.184,36.693,35.184,36.693,0,0
ELM_PE,D,20110617,000000,34.523,34.523,34.523,34.523,0,0
ELM_PE,D,20110620,000000,34.523,34.523,34.523,34.523,0,0
ELM_PE,D,20110621,000000,34.523,34.523,34.523,34.523,0,0
ELM_PE,D,20110622,000000,34.523,34.523,34.523,34.523,0,0
ELM_PE,D,20110624,000000,34.523,34.523,33.297,33.297,0,0
ELM_PE,D,20110627,000000,34.523,34.523,31.41,31.41,0,0
ELM_PE,D,20110628,000000,34.241,34.241,34.241,34.241,0,0
ELM_PE,D,20110629,000000,34.241,34.241,34.241,34.241,0,0
ELM_PE,D,20110630,000000,33.863,33.863,31.127,31.127,0,0
ELM_PE,D,20110701,000000,31.788,32.071,31.788,32.071,0,0
ELM_PE,D,20110704,000000,32.354,34.241,32.354,33.297,0,0
ELM_PE,D,20110705,000000,34.241,34.241,34.241,34.241,0,0
ELM_PE,D,20110706,000000,33.58,33.863,33.58,33.863,0,0
ELM_PE,D,20110707,000000,33.58,33.58,33.58,33.58,0,0
ELM_PE,D,20110708,000000,33.863,33.863,33.863,33.863,0,0
ELM_PE,D,20110711,000000,33.863,33.863,33.863,33.863,0,0
ELM_PE,D,20110712,000000,33.863,33.863,33.863,33.863,0,0
ELM_PE,D,20110713,000000,31.127,33.863,30.845,33.863,0,0
ELM_PE,D,20110714,000000,33.863,33.863,33.863,33.863,0,0
ELM_PE,D,20110715,000000,33.58,33.863,33.58,33.863,0,0
ELM_PE,D,20110718,000000,33.863,33.863,31.127,32.637,0,0
ELM_PE,D,20110719,000000,32.637,32.637,32.637,32.637,0,0
ELM_PE,D,20110720,000000,32.637,33.58,32.637,33.58,0,0
ELM_PE,D,20110721,000000,33.58,33.58,33.58,33.58,0,0
ELM_PE,D,20110722,000000,33.58,33.58,33.58,33.58,0,0
ELM_PE,D,20110725,000000,33.58,33.58,32.92,32.92,0,0
ELM_PE,D,20110726,000000,32.92,32.92,32.92,32.92,0,0
ELM_PE,D,20110727,000000,32.92,32.92,32.92,32.92,0,0
ELM_PE,D,20110728,000000,32.92,32.92,30.373,30.468,0,0
ELM_PE,D,20110729,000000,30.373,32.92,30.373,32.92,0,0
ELM_PE,D,20110801,000000,32.92,32.92,32.92,32.92,0,0
ELM_PE,D,20110802,000000,32.92,32.92,32.92,32.92,0,0
ELM_PE,D,20110803,000000,32.92,32.92,30.09,30.185,0,0
ELM_PE,D,20110804,000000,29.618,30.185,27.072,27.072,0,0
ELM_PE,D,20110805,000000,27.072,27.072,27.072,27.072,0,0
ELM_PE,D,20110808,000000,27.072,27.072,27.072,27.072,0,0
ELM_PE,D,20110809,000000,27.072,27.072,27.072,27.072,0,0
ELM_PE,D,20110810,000000,29.524,29.618,29.524,29.618,0,0
ELM_PE,D,20110812,000000,29.618,29.618,29.618,29.618,0,0
ELM_PE,D,20110816,000000,30.468,30.468,30.468,30.468,0,0
ELM_PE,D,20110817,000000,30.373,30.373,13.677,13.677,0,0
ELM_PE,D,20110818,000000,13.96,13.96,13.96,13.96,0,0
ELM_PE,D,20110819,000000,13.96,13.96,13.394,13.394,0,0
ELM_PE,D,20110822,000000,13.96,13.96,13.96,13.96,0,0
ELM_PE,D,20110823,000000,13.96,13.96,13.96,13.96,0,0
ELM_PE,D,20110824,000000,13.866,13.866,13.866,13.866,0,0
ELM_PE,D,20110825,000000,13.866,13.866,13.866,13.866,0,0
ELM_PE,D,20110826,000000,13.866,13.866,13.866,13.866,0,0
ELM_PE,D,20110829,000000,13.866,13.866,11.79,12.168,0,0
ELM_PE,D,20110901,000000,13.017,13.017,13.017,13.017,0,0
ELM_PE,D,20110902,000000,12.734,12.734,12.734,12.734,0,0
ELM_PE,D,20110906,000000,12.074,12.074,12.074,12.074,0,0
ELM_PE,D,20110907,000000,11.79,11.79,11.79,11.79,0,0
ELM_PE,D,20110912,000000,12.357,12.357,12.357,12.357,0,0
ELM_PE,D,20110919,000000,11.414,11.414,11.036,11.036,0,0
ELM_PE,D,20110921,000000,11.414,11.507,11.414,11.507,0,0
ELM_PE,D,20110929,000000,10.659,10.659,10.659,10.659,0,0
ELM_PE,D,20111004,000000,11.507,11.507,11.507,11.507,0,0
ELM_PE,D,20111007,000000,11.507,11.507,11.507,11.507,0,0
ELM_PE,D,20111010,000000,11.507,11.507,11.507,11.507,0,0
ELM_PE,D,20111013,000000,11.131,11.131,11.036,11.036,0,0
ELM_PE,D,20111014,000000,11.036,11.036,10.187,10.281,0,0
ELM_PE,D,20111017,000000,10.281,10.848,10.281,10.753,0,0
ELM_PE,D,20111018,000000,10.753,10.753,10.093,10.565,0,0
ELM_PE,D,20111019,000000,10.565,10.565,9.715,10.376,0,0
ELM_PE,D,20111020,000000,10.376,10.376,9.715,9.715,0,0
ELM_PE,D,20111021,000000,9.715,9.715,9.715,9.715,0,0
ELM_PE,D,20111024,000000,9.998,9.998,9.998,9.998,0,0
ELM_PE,D,20111025,000000,9.998,9.998,9.0554,9.433,0,0
ELM_PE,D,20111026,000000,9.527,9.527,9.527,9.527,0,0
ELM_PE,D,20111027,000000,8.8667,8.8667,8.8667,8.8667,0,0
ELM_PE,D,20111031,000000,8.4894,10.376,8.4894,8.678,0,0
ELM_PE,D,20111102,000000,9.0554,9.1496,9.0554,9.1496,0,0
ELM_PE,D,20111103,000000,8.7723,8.8667,8.7723,8.8667,0,0
ELM_PE,D,20111104,000000,8.7723,8.7723,8.2064,8.5837,0,0
ELM_PE,D,20111107,000000,8.8667,8.8667,8.8667,8.8667,0,0
ELM_PE,D,20111108,000000,8.961,8.961,8.961,8.961,0,0
ELM_PE,D,20111109,000000,8.961,8.961,8.961,8.961,0,0
ELM_PE,D,20111110,000000,8.961,8.961,8.961,8.961,0,0
ELM_PE,D,20111114,000000,8.8667,8.961,8.8667,8.961,0,0
ELM_PE,D,20111115,000000,8.961,8.961,8.961,8.961,0,0
ELM_PE,D,20111116,000000,8.961,8.961,8.961,8.961,0,0
ELM_PE,D,20111117,000000,8.961,8.961,8.961,8.961,0,0
ELM_PE,D,20111118,000000,8.961,8.961,8.961,8.961,0,0
ELM_PE,D,20111121,000000,8.678,8.678,8.678,8.678,0,0
ELM_PE,D,20111122,000000,8.678,11.602,8.0178,11.602,0,0
ELM_PE,D,20111123,000000,11.602,11.602,11.602,11.602,0,0
ELM_PE,D,20111124,000000,11.602,11.602,11.602,11.602,0,0
ELM_PE,D,20111125,000000,11.602,11.602,11.602,11.602,0,0
ELM_PE,D,20111128,000000,11.602,11.602,11.602,11.602,0,0
ELM_PE,D,20111129,000000,11.602,11.602,11.602,11.602,0,0
ELM_PE,D,20111130,000000,11.602,11.602,11.602,11.602,0,0
ELM_PE,D,20111201,000000,11.602,11.602,11.602,11.602,0,0
ELM_PE,D,20111202,000000,11.602,11.602,11.602,11.602,0,0
ELM_PE,D,20111205,000000,11.602,11.602,11.602,11.602,0,0
ELM_PE,D,20111206,000000,11.414,11.414,10.47,10.942,0,0
ELM_PE,D,20111207,000000,10.942,10.942,10.942,10.942,0,0
ELM_PE,D,20111208,000000,10.942,10.942,10.942,10.942,0,0
ELM_PE,D,20111209,000000,10.942,10.942,10.942,10.942,0,0
ELM_PE,D,20111212,000000,10.942,10.942,10.942,10.942,0,0
ELM_PE,D,20111213,000000,10.942,10.942,10.942,10.942,0,0
ELM_PE,D,20111214,000000,9.998,10.376,9.433,10.376,0,0
ELM_PE,D,20111215,000000,10.376,10.376,10.376,10.376,0,0
ELM_PE,D,20111216,000000,10.376,10.376,10.376,10.376,0,0
ELM_PE,D,20111219,000000,10.376,10.376,10.376,10.376,0,0
ELM_PE,D,20111220,000000,10.376,10.376,9.433,10.376,0,0
ELM_PE,D,20111221,000000,10.376,10.376,10.376,10.376,0,0
ELM_PE,D,20111222,000000,10.376,10.376,10.376,10.376,0,0
ELM_PE,D,20111223,000000,10.376,10.376,10.376,10.376,0,0
ELM_PE,D,20111227,000000,9.433,9.998,9.2442,9.433,0,0
ELM_PE,D,20111228,000000,9.998,10.376,9.998,10.376,0,0
ELM_PE,D,20111229,000000,10.376,10.942,10.376,10.942,0,0
ELM_PE,D,20111230,000000,10.942,11.696,10.942,11.602,0,0
ELM_PE,D,20120102,000000,11.979,11.979,11.979,11.979,0,0
ELM_PE,D,20120103,000000,11.979,11.979,11.979,11.979,0,0
ELM_PE,D,20120104,000000,11.979,11.979,11.979,11.979,0,0
ELM_PE,D,20120105,000000,11.979,11.979,11.979,11.979,0,0
ELM_PE,D,20120110,000000,11.979,11.979,11.979,11.979,0,0
ELM_PE,D,20120112,000000,11.979,11.979,11.979,11.979,0,0
ELM_PE,D,20120113,000000,11.979,11.979,11.979,11.979,0,0
ELM_PE,D,20120116,000000,11.979,11.979,11.979,11.979,0,0
ELM_PE,D,20120117,000000,11.979,11.979,11.036,11.036,0,0
ELM_PE,D,20120123,000000,11.979,11.979,11.979,11.979,0,0
ELM_PE,D,20120131,000000,10.47,10.565,10.47,10.565,0,0
ELM_PE,D,20120203,000000,10.565,10.565,10.565,10.565,0,0
ELM_PE,D,20120214,000000,11.131,11.414,11.131,11.414,0,0
ELM_PE,D,20120215,000000,11.414,12.734,11.414,12.734,0,0
ELM_PE,D,20120216,000000,12.168,12.357,12.168,12.262,0,0
ELM_PE,D,20120217,000000,12.262,12.262,12.262,12.262,0,0
ELM_PE,D,20120223,000000,12.074,12.074,12.074,12.074,0,0
ELM_PE,D,20120224,000000,11.885,12.074,11.885,12.074,0,0
ELM_PE,D,20120229,000000,11.414,11.507,11.414,11.507,0,0
ELM_PE,D,20120301,000000,10.848,10.848,10.848,10.848,0,0
ELM_PE,D,20120306,000000,10.47,10.47,10.47,10.47,0,0
ELM_PE,D,20120313,000000,9.904,9.904,9.433,9.433,0,0
ELM_PE,D,20120314,000000,9.2442,9.2442,8.395,8.395,0,0
ELM_PE,D,20120319,000000,8.5837,8.5837,8.5837,8.5837,0,0
ELM_PE,D,20120320,000000,9.433,9.622,9.1496,9.2442,0,0
ELM_PE,D,20120321,000000,9.2442,9.2442,9.2442,9.2442,0,0
ELM_PE,D,20120322,000000,8.8667,8.8667,8.7723,8.7723,0,0
ELM_PE,D,20120403,000000,9.1496,9.2442,9.1496,9.2442,0,0
ELM_PE,D,20120416,000000,9.433,10.093,9.433,10.093,0,0
ELM_PE,D,20120417,000000,9.2442,9.433,8.4894,9.433,0,0
ELM_PE,D,20120418,000000,9.2442,9.2442,9.0554,9.0554,0,0
ELM_PE,D,20120420,000000,9.0554,9.0554,9.0554,9.0554,0,0
ELM_PE,D,20120423,000000,9.0554,9.0554,8.4894,8.4894,0,0
ELM_PE,D,20120425,000000,8.4894,8.4894,8.3007,8.3007,0,0
ELM_PE,D,20120426,000000,8.3007,8.3007,8.3007,8.3007,0,0
ELM_PE,D,20120502,000000,9.1496,9.1496,8.8667,8.8667,0,0
ELM_PE,D,20120507,000000,9.2442,9.2442,9.2442,9.2442,0,0
ELM_PE,D,20120509,000000,8.4894,8.4894,8.4894,8.4894,0,0
ELM_PE,D,20120515,000000,8.3007,8.3007,8.3007,8.3007,0,0
ELM_PE,D,20120521,000000,8.678,8.678,8.678,8.678,0,0
ELM_PE,D,20120523,000000,8.678,8.678,8.678,8.678,0,0
ELM_PE,D,20120525,000000,8.2064,8.2064,7.9234,7.9234,0,0
ELM_PE,D,20120531,000000,8.3007,9.998,8.3007,9.998,0,0
ELM_PE,D,20120601,000000,8.7723,8.7723,8.5837,8.5837,0,0
ELM_PE,D,20120625,000000,8.395,8.395,8.395,8.395,0,0
ELM_PE,D,20120626,000000,8.2064,8.2064,8.2064,8.2064,0,0
ELM_PE,D,20120627,000000,8.0178,8.0178,8.0178,8.0178,0,0
ELM_PE,D,20120629,000000,8.678,8.7723,8.678,8.7723,0,0
ELM_PE,D,20120719,000000,8.7723,8.7723,8.7723,8.7723,0,0
ELM_PE,D,20120725,000000,7.5461,8.7723,7.5461,8.7723,0,0
ELM_PE,D,20120816,000000,8.7723,8.7723,8.7723,8.7723,0,0
ELM_PE,D,20120827,000000,8.4894,8.4894,7.5461,7.5461,0,0
ELM_PE,D,20120828,000000,7.7347,7.7347,7.6405,7.6405,0,0
ELM_PE,D,20120904,000000,7.4518,7.5461,7.4518,7.5461,0,0
ELM_PE,D,20120906,000000,7.5461,7.5461,7.5461,7.5461,0,0
ELM_PE,D,20120910,000000,6.3198,6.6972,6.1312,6.6029,0,0
ELM_PE,D,20120911,000000,6.0369,6.6029,6.0369,6.6029,0,0
ELM_PE,D,20120912,000000,6.6029,6.6029,6.6029,6.6029,0,0
ELM_PE,D,20120913,000000,6.6029,7.8291,6.6029,7.6405,0,0
ELM_PE,D,20120917,000000,8.678,8.7723,8.678,8.7723,0,0
ELM_PE,D,20120918,000000,6.9801,6.9801,6.9801,6.9801,0,0
ELM_PE,D,20120919,000000,6.7915,6.7915,6.7915,6.7915,0,0
ELM_PE,D,20120924,000000,6.7915,6.7915,6.7915,6.7915,0,0
ELM_PE,D,20120926,000000,6.7915,6.7915,6.7915,6.7915,0,0
ELM_PE,D,20121001,000000,6.9801,6.9801,6.9801,6.9801,0,0
ELM_PE,D,20121009,000000,6.3198,6.3198,6.3198,6.3198,0,0
ELM_PE,D,20121011,000000,6.8858,6.8858,6.7915,6.7915,0,0
ELM_PE,D,20121012,000000,6.7915,6.7915,6.7915,6.7915,0,0
ELM_PE,D,20121015,000000,6.7915,6.7915,6.7915,6.7915,0,0
ELM_PE,D,20121016,000000,6.4142,6.5085,6.4142,6.5085,0,0
ELM_PE,D,20121017,000000,6.6972,7.5461,6.6972,7.5461,0,0
ELM_PE,D,20121018,000000,7.9234,8.5837,7.1688,7.1688,0,0
ELM_PE,D,20121019,000000,7.1688,8.5837,7.1688,8.5837,0,0
ELM_PE,D,20121022,000000,8.395,8.395,8.395,8.395,0,0
ELM_PE,D,20121023,000000,8.395,8.395,8.395,8.395,0,0
ELM_PE,D,20121024,000000,8.395,8.395,8.395,8.395,0,0
ELM_PE,D,20121025,000000,7.3574,7.3574,6.9801,6.9801,0,0
ELM_PE,D,20121026,000000,6.9801,6.9801,6.9801,6.9801,0,0
ELM_PE,D,20121029,000000,6.9801,6.9801,6.9801,6.9801,0,0
ELM_PE,D,20121030,000000,6.9801,6.9801,6.9801,6.9801,0,0
ELM_PE,D,20121102,000000,6.9801,7.6405,6.9801,7.6405,0,0
ELM_PE,D,20121108,000000,7.6405,7.6405,7.6405,7.6405,0,0
ELM_PE,D,20121113,000000,7.1688,7.6405,7.1688,7.3574,0,0
ELM_PE,D,20121114,000000,7.7347,7.7347,7.6405,7.6405,0,0
ELM_PE,D,20121120,000000,7.1688,7.8291,7.1688,7.8291,0,0
ELM_PE,D,20121123,000000,7.1688,7.1688,7.1688,7.1688,0,0
ELM_PE,D,20121126,000000,7.1688,7.1688,5.6596,5.6596,0,0
ELM_PE,D,20121128,000000,5.6596,5.6596,5.6596,5.6596,0,0
ELM_PE,D,20121129,000000,5.6596,5.6596,5.6596,5.6596,0,0
ELM_PE,D,20121130,000000,5.6596,5.6596,5.6596,5.6596,0,0
ELM_PE,D,20121203,000000,5.7539,6.2256,5.7539,6.2256,0,0
ELM_PE,D,20121204,000000,6.2256,7.4518,6.2256,7.4518,0,0
ELM_PE,D,20121205,000000,7.4518,7.5461,7.4518,7.5461,0,0
ELM_PE,D,20121206,000000,7.5461,7.5461,7.1688,7.1688,0,0
ELM_PE,D,20121207,000000,7.1688,7.4518,6.8858,6.8858,0,0
ELM_PE,D,20121210,000000,6.7915,6.7915,6.7915,6.7915,0,0
ELM_PE,D,20121211,000000,7.0745,7.0745,6.9801,6.9801,0,0
ELM_PE,D,20121213,000000,6.9801,6.9801,6.9801,6.9801,0,0
ELM_PE,D,20121214,000000,6.6972,6.6972,6.6029,6.6029,0,0
ELM_PE,D,20121217,000000,6.5085,6.5085,6.5085,6.5085,0,0
ELM_PE,D,20121218,000000,6.5085,6.5085,6.5085,6.5085,0,0
ELM_PE,D,20121219,000000,6.5085,6.6029,6.5085,6.6029,0,0
ELM_PE,D,20121220,000000,6.6029,6.6029,6.6029,6.6029,0,0
ELM_PE,D,20121221,000000,6.6029,6.6029,6.5085,6.5085,0,0
ELM_PE,D,20130107,000000,6.4142,6.4142,6.3198,6.3198,0,0
ELM_PE,D,20130108,000000,6.3198,6.3198,6.3198,6.3198,0,0
ELM_PE,D,20130109,000000,6.3198,6.6029,6.3198,6.6029,0,0
ELM_PE,D,20130110,000000,6.5085,6.5085,6.5085,6.5085,0,0
ELM_PE,D,20130111,000000,6.5085,6.5085,6.5085,6.5085,0,0
ELM_PE,D,20130114,000000,6.4142,6.4142,6.3198,6.3198,0,0
ELM_PE,D,20130115,000000,6.3198,6.3198,6.3198,6.3198,0,0
ELM_PE,D,20130118,000000,6.6972,6.6972,6.6972,6.6972,0,0
ELM_PE,D,20130121,000000,6.8858,6.8858,6.8858,6.8858,0,0
ELM_PE,D,20130122,000000,6.8858,6.8858,6.8858,6.8858,0,0
ELM_PE,D,20130123,000000,6.8858,6.8858,6.8858,6.8858,0,0
ELM_PE,D,20130124,000000,6.8858,6.8858,6.6029,6.6029,0,0
ELM_PE,D,20130125,000000,6.8858,6.8858,6.8858,6.8858,0,0
ELM_PE,D,20130128,000000,6.8858,6.8858,6.8858,6.8858,0,0
ELM_PE,D,20130129,000000,6.8858,6.8858,6.6029,6.6029,0,0
ELM_PE,D,20130130,000000,6.6029,6.6029,6.6029,6.6029,0,0
ELM_PE,D,20130131,000000,6.6029,6.8858,6.6029,6.8858,0,0
ELM_PE,D,20130207,000000,6.9801,7.1688,6.9801,7.1688,0,0
ELM_PE,D,20130208,000000,7.1688,7.1688,7.1688,7.1688,0,0
ELM_PE,D,20130211,000000,7.1688,7.1688,7.1688,7.1688,0,0
ELM_PE,D,20130212,000000,7.1688,7.1688,7.1688,7.1688,0,0
ELM_PE,D,20130213,000000,7.1688,7.1688,7.1688,7.1688,0,0
ELM_PE,D,20130214,000000,7.1688,7.1688,7.1688,7.1688,0,0
ELM_PE,D,20130215,000000,7.1688,7.1688,6.8858,6.8858,0,0
ELM_PE,D,20130218,000000,6.8858,7.8291,6.8858,7.4518,0,0
ELM_PE,D,20130219,000000,7.7347,7.7347,7.7347,7.7347,0,0
ELM_PE,D,20130220,000000,7.8291,7.8291,7.7347,7.7347,0,0
ELM_PE,D,20130221,000000,7.4518,7.7347,7.1688,7.5461,0,0
ELM_PE,D,20130222,000000,7.5461,7.5461,7.2631,7.2631,0,0
ELM_PE,D,20130225,000000,7.2631,7.2631,7.2631,7.2631,0,0
ELM_PE,D,20130227,000000,7.5461,7.6405,7.5461,7.5461,0,0
ELM_PE,D,20130228,000000,7.5461,7.5461,7.2631,7.4518,0,0
ELM_PE,D,20130304,000000,7.2631,7.2631,7.2631,7.2631,0,0
ELM_PE,D,20130305,000000,7.1688,7.1688,6.6972,6.7915,0,0
ELM_PE,D,20130308,000000,7.0745,7.0745,6.9801,6.9801,0,0
ELM_PE,D,20130314,000000,6.6029,6.6029,6.6029,6.6029,0,0
ELM_PE,D,20130318,000000,6.5085,6.8858,6.5085,6.8858,0,0
ELM_PE,D,20130319,000000,6.6029,6.6029,6.6029,6.6029,0,0
ELM_PE,D,20130320,000000,6.5085,6.5085,6.5085,6.5085,0,0
ELM_PE,D,20130321,000000,6.6029,6.6029,6.6029,6.6029,0,0
ELM_PE,D,20130402,000000,6.6972,6.7915,6.6972,6.7915,0,0
ELM_PE,D,20130403,000000,6.7915,6.7915,6.7915,6.7915,0,0
ELM_PE,D,20130404,000000,6.7915,6.7915,6.7915,6.7915,0,0
ELM_PE,D,20130405,000000,6.7915,6.7915,6.7915,6.7915,0,0
ELM_PE,D,20130408,000000,6.7915,6.7915,6.7915,6.7915,0,0
ELM_PE,D,20130409,000000,6.7915,6.7915,6.7915,6.7915,0,0
ELM_PE,D,20130410,000000,6.7915,6.7915,6.1312,6.1312,0,0
ELM_PE,D,20130411,000000,6.1312,6.1312,6.1312,6.1312,0,0
ELM_PE,D,20130412,000000,6.1312,6.1312,6.1312,6.1312,0,0
ELM_PE,D,20130419,000000,6.1312,6.1312,6.1312,6.1312,0,0
ELM_PE,D,20130424,000000,6.0369,6.0369,5.7539,5.7539,0,0
ELM_PE,D,20130426,000000,5.7539,5.7539,5.7539,5.7539,0,0
ELM_PE,D,20130429,000000,5.7539,5.7539,5.7539,5.7539,0,0
ELM_PE,D,20130430,000000,5.7539,5.7539,5.7539,5.7539,0,0
ELM_PE,D,20130502,000000,5.7539,6.3198,5.7539,5.8482,0,0
ELM_PE,D,20130506,000000,5.8482,5.8482,5.8482,5.8482,0,0
ELM_PE,D,20130507,000000,5.8482,6.4142,5.8482,6.4142,0,0
ELM_PE,D,20130508,000000,6.5085,6.6972,6.5085,6.6972,0,0
ELM_PE,D,20130509,000000,6.4142,6.4142,6.2256,6.2256,0,0
ELM_PE,D,20130510,000000,6.2256,6.2256,6.2256,6.2256,0,0
ELM_PE,D,20130513,000000,6.2256,6.7915,6.2256,6.7915,0,0
ELM_PE,D,20130514,000000,6.7915,6.7915,6.7915,6.7915,0,0
ELM_PE,D,20130516,000000,6.4142,7.4518,6.4142,6.5085,0,0
ELM_PE,D,20130517,000000,6.5085,6.5085,6.5085,6.5085,0,0
ELM_PE,D,20130520,000000,6.5085,6.5085,6.5085,6.5085,0,0
ELM_PE,D,20130521,000000,6.5085,6.5085,6.5085,6.5085,0,0
ELM_PE,D,20130522,000000,6.5085,6.5085,6.5085,6.5085,0,0
ELM_PE,D,20130523,000000,6.5085,6.5085,6.5085,6.5085,0,0
ELM_PE,D,20130527,000000,6.5085,6.5085,6.5085,6.5085,0,0
ELM_PE,D,20130528,000000,6.5085,6.7915,6.5085,6.5085,0,0
ELM_PE,D,20130529,000000,6.5085,6.5085,6.5085,6.5085,0,0
ELM_PE,D,20130531,000000,6.5085,6.5085,6.1312,6.1312,0,0
ELM_PE,D,20130603,000000,6.1312,6.1312,6.1312,6.1312,0,0
ELM_PE,D,20130604,000000,6.1312,6.4142,6.1312,6.3198,0,0
ELM_PE,D,20130606,000000,6.4142,7.3574,6.4142,7.3574,0,0
ELM_PE,D,20130607,000000,7.3574,7.3574,7.3574,7.3574,0,0
ELM_PE,D,20130610,000000,7.4518,7.5461,7.4518,7.5461,0,0
ELM_PE,D,20130611,000000,6.7915,6.7915,6.6972,6.6972,0,0
ELM_PE,D,20130612,000000,6.6972,6.6972,6.6972,6.6972,0,0
ELM_PE,D,20130617,000000,6.7915,6.7915,6.3198,6.3198,0,0
ELM_PE,D,20130618,000000,6.6029,6.9801,6.6029,6.9801,0,0
ELM_PE,D,20130619,000000,7.2631,7.2631,7.2631,7.2631,0,0
ELM_PE,D,20130620,000000,6.6029,6.6029,6.6029,6.6029,0,0
ELM_PE,D,20130621,000000,6.3198,6.3198,6.3198,6.3198,0,0
ELM_PE,D,20130624,000000,6.3198,6.3198,6.3198,6.3198,0,0
ELM_PE,D,20130625,000000,6.2256,6.2256,6.0369,6.2256,0,0
ELM_PE,D,20130626,000000,6.2256,6.3198,6.2256,6.3198,0,0
ELM_PE,D,20130627,000000,6.3198,6.3198,6.3198,6.3198,0,0
ELM_PE,D,20130628,000000,6.3198,6.3198,6.3198,6.3198,0,0
ELM_PE,D,20130701,000000,6.3198,6.3198,6.3198,6.3198,0,0
ELM_PE,D,20130702,000000,6.3198,6.3198,6.3198,6.3198,0,0
ELM_PE,D,20130708,000000,6.3198,6.9801,6.3198,6.9801,0,0
ELM_PE,D,20130709,000000,6.8858,6.8858,6.6972,6.6972,0,0
ELM_PE,D,20130710,000000,6.6972,6.6972,6.3198,6.3198,0,0
ELM_PE,D,20130711,000000,6.3198,6.3198,6.3198,6.3198,0,0
ELM_PE,D,20130722,000000,6.6029,6.6029,6.6029,6.6029,0,0
ELM_PE,D,20130723,000000,6.6972,6.6972,6.6972,6.6972,0,0
ELM_PE,D,20130724,000000,6.7915,6.8858,6.7915,6.8858,0,0
ELM_PE,D,20130725,000000,6.8858,6.8858,6.6029,6.6029,0,0
ELM_PE,D,20130726,000000,6.8858,6.8858,6.5085,6.5085,0,0
ELM_PE,D,20130729,000000,6.1312,6.1312,6.1312,6.1312,0,0
ELM_PE,D,20130730,000000,6.1312,6.1312,6.1312,6.1312,0,0
ELM_PE,D,20130731,000000,6.1312,6.1312,6.1312,6.1312,0,0
ELM_PE,D,20130801,000000,6.1312,6.1312,6.1312,6.1312,0,0
ELM_PE,D,20130802,000000,6.1312,6.7915,6.1312,6.6972,0,0
ELM_PE,D,20130805,000000,6.6029,6.6029,6.6029,6.6029,0,0
ELM_PE,D,20130807,000000,6.6972,6.6972,6.6972,6.6972,0,0
ELM_PE,D,20130808,000000,6.6972,7.8291,6.6972,7.2631,0,0
ELM_PE,D,20130809,000000,7.3574,7.9234,7.3574,7.9234,0,0
ELM_PE,D,20130812,000000,8.0178,8.0178,7.5461,7.9234,0,0
ELM_PE,D,20130813,000000,7.9234,8.0178,7.5461,8.0178,0,0
ELM_PE,D,20130814,000000,8.0178,8.0178,8.0178,8.0178,0,0
ELM_PE,D,20130816,000000,8.1121,8.1121,8.1121,8.1121,0,0
ELM_PE,D,20130819,000000,8.1121,8.395,8.1121,8.395,0,0
ELM_PE,D,20130820,000000,8.4894,8.4894,7.9234,7.9234,0,0
ELM_PE,D,20130821,000000,8.0178,8.0178,8.0178,8.0178,0,0
ELM_PE,D,20130822,000000,7.9234,7.9234,7.6405,7.6405,0,0
ELM_PE,D,20130823,000000,7.6405,8.1121,7.2631,7.2631,0,0
ELM_PE,D,20130826,000000,7.3574,7.3574,6.8858,6.8858,0,0
ELM_PE,D,20130827,000000,6.9801,7.9234,6.9801,7.1688,0,0
ELM_PE,D,20130828,000000,7.0745,7.0745,6.1312,6.6029,0,0
ELM_PE,D,20130829,000000,6.6029,6.6029,6.6029,6.6029,0,0
ELM_PE,D,20130830,000000,6.3198,6.6972,6.3198,6.6972,0,0
ELM_PE,D,20130902,000000,6.6972,6.6972,6.3198,6.6972,0,0
ELM_PE,D,20130903,000000,6.6972,6.6972,6.4142,6.5085,0,0
ELM_PE,D,20130905,000000,6.5085,6.5085,6.1312,6.1312,0,0
ELM_PE,D,20130906,000000,6.1312,6.1312,6.1312,6.1312,0,0
ELM_PE,D,20130909,000000,6.1312,6.1312,6.1312,6.1312,0,0
ELM_PE,D,20130910,000000,6.1312,6.1312,5.8482,5.9425,0,0
ELM_PE,D,20130911,000000,6.0369,6.1312,6.0369,6.1312,0,0
ELM_PE,D,20130912,000000,6.0369,6.0369,5.8482,5.8482,0,0
ELM_PE,D,20130913,000000,6.1312,6.2256,5.2823,5.2823,0,0
ELM_PE,D,20130916,000000,5.188,5.188,5.188,5.188,0,0
ELM_PE,D,20130917,000000,5.188,5.188,5.0936,5.0936,0,0
ELM_PE,D,20130918,000000,5.0936,5.4709,5.0936,5.4709,0,0
ELM_PE,D,20130919,000000,5.5652,5.6596,5.5652,5.6596,0,0
ELM_PE,D,20130920,000000,5.6596,5.6596,5.6596,5.6596,0,0
ELM_PE,D,20130923,000000,4.9993,5.6596,4.9993,5.6596,0,0
ELM_PE,D,20130924,000000,5.4709,5.4709,5.188,5.188,0,0
ELM_PE,D,20130925,000000,5.188,5.188,5.0936,5.188,0,0
ELM_PE,D,20130926,000000,5.188,5.188,5.0936,5.188,0,0
ELM_PE,D,20130927,000000,5.0936,5.0936,5.0936,5.0936,0,0
ELM_PE,D,20130930,000000,5.0936,5.0936,5.0936,5.0936,0,0
ELM_PE,D,20131001,000000,5.188,5.2823,5.188,5.2823,0,0
ELM_PE,D,20131003,000000,5.188,5.188,5.188,5.188,0,0
ELM_PE,D,20131004,000000,5.3766,5.4709,5.188,5.188,0,0
ELM_PE,D,20131007,000000,5.2823,5.4709,5.2823,5.4709,0,0
ELM_PE,D,20131008,000000,5.4709,5.7539,5.4709,5.7539,0,0
ELM_PE,D,20131009,000000,5.6596,5.6596,5.5652,5.5652,0,0
ELM_PE,D,20131010,000000,6.0369,6.0369,5.3766,5.9425,0,0
ELM_PE,D,20131011,000000,5.7539,6.1312,5.4709,5.5652,0,0
ELM_PE,D,20131014,000000,6.0369,6.0369,5.9425,5.9425,0,0
ELM_PE,D,20131015,000000,6.0369,6.5085,5.7539,6.3198,0,0
ELM_PE,D,20131016,000000,6.3198,6.3198,6.0369,6.1312,0,0
ELM_PE,D,20131017,000000,6.2256,6.6029,6.1312,6.1312,0,0
ELM_PE,D,20131018,000000,6.1312,6.7915,6.1312,6.6972,0,0
ELM_PE,D,20131021,000000,6.1312,6.1312,5.8482,5.8482,0,0
ELM_PE,D,20131022,000000,5.8482,6.2256,5.8482,6.2256,0,0
ELM_PE,D,20131023,000000,6.2256,6.2256,6.2256,6.2256,0,0
ELM_PE,D,20131024,000000,6.0369,6.0369,4.8107,5.7539,0,0
ELM_PE,D,20131025,000000,5.7539,5.9425,5.7539,5.9425,0,0
ELM_PE,D,20131028,000000,5.9425,6.8858,5.9425,6.1312,0,0
ELM_PE,D,20131029,000000,6.1312,7.5461,6.1312,7.5461,0,0
ELM_PE,D,20131030,000000,7.5461,8.1121,7.3574,8.0178,0,0
ELM_PE,D,20131031,000000,8.2064,8.3007,8.2064,8.3007,0,0
ELM_PE,D,20131104,000000,7.5461,8.4894,7.5461,8.4894,0,0
ELM_PE,D,20131105,000000,7.9234,8.5837,7.9234,8.4894,0,0
ELM_PE,D,20131106,000000,8.4894,8.5837,8.2064,8.5837,0,0
ELM_PE,D,20131107,000000,8.5837,8.5837,7.7347,7.7347,0,0
ELM_PE,D,20131108,000000,7.7347,7.7347,7.5461,7.5461,0,0
ELM_PE,D,20131112,000000,7.6405,7.6405,7.6405,7.6405,0,0
ELM_PE,D,20131113,000000,7.6405,7.6405,7.6405,7.6405,0,0
ELM_PE,D,20131114,000000,7.6405,7.6405,7.6405,7.6405,0,0
ELM_PE,D,20131115,000000,7.4518,7.4518,7.3574,7.3574,0,0
ELM_PE,D,20131118,000000,7.2631,7.2631,7.2631,7.2631,0,0
ELM_PE,D,20131119,000000,7.1688,7.1688,7.0745,7.0745,0,0
ELM_PE,D,20131120,000000,6.9801,6.9801,6.9801,6.9801,0,0
ELM_PE,D,20131121,000000,7.0745,7.0745,7.0745,7.0745,0,0
ELM_PE,D,20131122,000000,7.0745,7.0745,7.0745,7.0745,0,0
ELM_PE,D,20131125,000000,6.8858,6.8858,6.8858,6.8858,0,0
ELM_PE,D,20131126,000000,6.8858,6.8858,6.8858,6.8858,0,0
ELM_PE,D,20131127,000000,6.8858,6.8858,6.8858,6.8858,0,0
ELM_PE,D,20131128,000000,6.8858,7.4518,6.7915,7.3574,0,0
ELM_PE,D,20131129,000000,7.4518,7.5461,7.4518,7.5461,0,0
ELM_PE,D,20131202,000000,7.5461,7.5461,6.9801,6.9801,0,0
ELM_PE,D,20131203,000000,7.4518,7.4518,6.8858,6.8858,0,0
ELM_PE,D,20131204,000000,6.8858,6.8858,6.6029,6.6029,0,0
ELM_PE,D,20131205,000000,6.7915,6.8858,6.7915,6.8858,0,0
ELM_PE,D,20131206,000000,6.7915,6.7915,5.4709,5.6596,0,0
ELM_PE,D,20131209,000000,5.6596,5.9425,5.5652,5.9425,0,0
ELM_PE,D,20131210,000000,5.8482,5.8482,5.6596,5.6596,0,0
ELM_PE,D,20131211,000000,5.6596,5.8482,5.6596,5.8482,0,0
ELM_PE,D,20131213,000000,5.6596,5.6596,5.6596,5.6596,0,0
ELM_PE,D,20131216,000000,5.6596,6.3198,5.6596,6.3198,0,0
ELM_PE,D,20131217,000000,6.3198,6.3198,6.3198,6.3198,0,0
ELM_PE,D,20131218,000000,6.3198,6.3198,6.3198,6.3198,0,0
ELM_PE,D,20131223,000000,6.1312,6.1312,5.8482,5.9425,0,0
ELM_PE,D,20140102,000000,6.1312,7.3574,6.1312,7.3574,0,0
ELM_PE,D,20140103,000000,7.4518,7.4518,6.8858,6.9801,0,0
ELM_PE,D,20140107,000000,7.1688,7.8291,7.1688,7.2631,0,0
ELM_PE,D,20140108,000000,7.2631,7.2631,7.2631,7.2631,0,0
ELM_PE,D,20140110,000000,7.0745,7.0745,7.0745,7.0745,0,0
ELM_PE,D,20140113,000000,7.5461,7.5461,7.5461,7.5461,0,0
ELM_PE,D,20140114,000000,7.0745,7.0745,6.9801,6.9801,0,0
ELM_PE,D,20140115,000000,6.9801,6.9801,6.9801,6.9801,0,0
ELM_PE,D,20140116,000000,6.9801,6.9801,6.9801,6.9801,0,0
ELM_PE,D,20140117,000000,6.9801,6.9801,6.9801,6.9801,0,0
ELM_PE,D,20140120,000000,6.9801,6.9801,6.9801,6.9801,0,0
ELM_PE,D,20140121,000000,7.2631,7.2631,7.2631,7.2631,0,0
ELM_PE,D,20140122,000000,7.3574,7.3574,7.3574,7.3574,0,0
ELM_PE,D,20140123,000000,7.4518,7.8291,7.4518,7.8291,0,0
ELM_PE,D,20140124,000000,7.0745,7.0745,7.0745,7.0745,0,0
ELM_PE,D,20140127,000000,7.7347,7.7347,7.7347,7.7347,0,0
ELM_PE,D,20140128,000000,7.6405,7.6405,7.6405,7.6405,0,0
ELM_PE,D,20140130,000000,7.7347,7.7347,7.7347,7.7347,0,0
ELM_PE,D,20140131,000000,7.8291,8.2064,7.8291,8.2064,0,0
ELM_PE,D,20140203,000000,8.2064,9.0554,8.1121,9.0554,0,0
ELM_PE,D,20140204,000000,9.0554,9.2442,7.9234,9.2442,0,0
ELM_PE,D,20140205,000000,7.7347,8.4894,7.7347,8.4894,0,0
ELM_PE,D,20140206,000000,9.1496,9.1496,9.1496,9.1496,0,0
ELM_PE,D,20140207,000000,9.3386,9.3386,9.3386,9.3386,0,0
ELM_PE,D,20140210,000000,9.3386,9.3386,9.3386,9.3386,0,0
ELM_PE,D,20140211,000000,8.8667,8.961,8.8667,8.961,0,0
ELM_PE,D,20140213,000000,8.7723,8.7723,8.678,8.678,0,0
ELM_PE,D,20140214,000000,8.678,9.2442,8.678,9.2442,0,0
ELM_PE,D,20140217,000000,9.3386,10.376,9.0554,10.376,0,0
ELM_PE,D,20140218,000000,10.376,11.696,10.376,11.696,0,0
ELM_PE,D,20140219,000000,10.942,12.262,10.942,11.414,0,0
ELM_PE,D,20140220,000000,11.414,11.414,11.414,11.414,0,0
ELM_PE,D,20140221,000000,11.414,11.414,11.414,11.414,0,0
ELM_PE,D,20140224,000000,11.414,11.414,10.47,10.47,0,0
ELM_PE,D,20140225,000000,10.47,10.942,10.281,10.659,0,0
ELM_PE,D,20140226,000000,10.659,12.262,10.659,10.848,0,0
ELM_PE,D,20140227,000000,10.942,13.017,10.848,13.017,0,0
ELM_PE,D,20140228,000000,11.696,13.771,11.696,11.885,0,0
ELM_PE,D,20140303,000000,11.885,11.885,10.942,11.036,0,0
ELM_PE,D,20140304,000000,11.131,11.602,11.036,11.036,0,0
ELM_PE,D,20140305,000000,12.64,12.64,11.131,11.225,0,0
ELM_PE,D,20140306,000000,11.225,11.885,11.225,11.885,0,0
ELM_PE,D,20140307,000000,12.451,12.451,12.451,12.451,0,0
ELM_PE,D,20140310,000000,12.262,12.357,11.885,12.262,0,0
ELM_PE,D,20140311,000000,11.885,11.979,11.885,11.979,0,0
ELM_PE,D,20140312,000000,12.074,12.074,11.225,11.225,0,0
ELM_PE,D,20140313,000000,11.32,11.32,11.32,11.32,0,0
ELM_PE,D,20140318,000000,11.32,11.885,11.32,11.885,0,0
ELM_PE,D,20140319,000000,11.885,11.885,11.225,11.225,0,0
ELM_PE,D,20140320,000000,11.32,11.885,11.32,11.885,0,0
ELM_PE,D,20140321,000000,11.885,12.451,11.885,12.168,0,0
ELM_PE,D,20140324,000000,12.357,12.357,11.79,11.885,0,0
ELM_PE,D,20140325,000000,12.357,12.357,11.602,11.602,0,0
ELM_PE,D,20140326,000000,11.414,11.602,11.414,11.507,0,0
ELM_PE,D,20140327,000000,11.507,11.507,11.414,11.414,0,0
ELM_PE,D,20140328,000000,11.414,11.414,11.414,11.414,0,0
ELM_PE,D,20140331,000000,11.507,12.074,11.414,12.074,0,0
ELM_PE,D,20140401,000000,12.262,12.262,12.262,12.262,0,0
ELM_PE,D,20140402,000000,12.168,12.168,12.168,12.168,0,0
ELM_PE,D,20140404,000000,12.262,12.262,12.262,12.262,0,0
ELM_PE,D,20140407,000000,12.262,12.734,12.262,12.64,0,0
ELM_PE,D,20140408,000000,12.64,12.64,11.32,11.414,0,0
ELM_PE,D,20140409,000000,11.414,12.64,11.414,11.414,0,0
ELM_PE,D,20140410,000000,11.507,11.979,11.507,11.507,0,0
ELM_PE,D,20140411,000000,11.507,11.507,11.414,11.414,0,0
ELM_PE,D,20140414,000000,11.507,11.507,11.507,11.507,0,0
ELM_PE,D,20140415,000000,11.507,11.507,11.507,11.507,0,0
ELM_PE,D,20140416,000000,11.507,11.507,10.093,10.093,0,0
ELM_PE,D,20140417,000000,10.093,10.093,9.81,9.81,0,0
ELM_PE,D,20140422,000000,9.81,10.187,9.81,10.187,0,0
ELM_PE,D,20140423,000000,9.81,9.81,9.81,9.81,0,0
ELM_PE,D,20140424,000000,9.998,10.093,9.998,10.093,0,0
ELM_PE,D,20140425,000000,9.904,9.904,9.904,9.904,0,0
ELM_PE,D,20140428,000000,9.998,9.998,9.998,9.998,0,0
ELM_PE,D,20140429,000000,10.187,10.187,10.187,10.187,0,0
ELM_PE,D,20140430,000000,10.848,10.848,10.848,10.848,0,0
ELM_PE,D,20140502,000000,10.848,10.848,10.848,10.848,0,0
ELM_PE,D,20140505,000000,11.507,11.507,10.47,10.47,0,0
ELM_PE,D,20140506,000000,11.79,11.885,11.79,11.885,0,0
ELM_PE,D,20140507,000000,11.885,11.885,10.47,11.602,0,0
ELM_PE,D,20140508,000000,11.602,11.602,10.281,10.281,0,0
ELM_PE,D,20140509,000000,10.376,10.376,10.376,10.376,0,0
ELM_PE,D,20140512,000000,10.47,11.507,10.47,11.507,0,0
ELM_PE,D,20140513,000000,11.507,11.507,10.47,10.47,0,0
ELM_PE,D,20140514,000000,10.376,10.848,10.376,10.565,0,0
ELM_PE,D,20140515,000000,10.281,10.281,10.281,10.281,0,0
ELM_PE,D,20140516,000000,10.281,10.281,10.281,10.281,0,0
ELM_PE,D,20140519,000000,10.281,10.281,10.281,10.281,0,0
ELM_PE,D,20140520,000000,10.376,11.414,10.376,11.414,0,0
ELM_PE,D,20140521,000000,11.414,11.414,11.414,11.414,0,0
ELM_PE,D,20140522,000000,11.414,11.414,11.414,11.414,0,0
ELM_PE,D,20140523,000000,11.414,11.414,11.414,11.414,0,0
ELM_PE,D,20140526,000000,11.414,11.414,11.414,11.414,0,0
ELM_PE,D,20140527,000000,11.414,11.414,10.659,10.659,0,0
ELM_PE,D,20140528,000000,10.659,10.659,10.659,10.659,0,0
ELM_PE,D,20140529,000000,10.659,11.414,10.659,11.414,0,0
ELM_PE,D,20140530,000000,11.414,11.414,11.414,11.414,0,0
ELM_PE,D,20140602,000000,11.414,11.414,10.753,10.753,0,0
ELM_PE,D,20140603,000000,11.414,11.696,11.414,11.696,0,0
ELM_PE,D,20140604,000000,11.696,12.451,11.696,12.451,0,0
ELM_PE,D,20140605,000000,12.451,12.451,12.451,12.451,0,0
ELM_PE,D,20140606,000000,11.979,11.979,11.979,11.979,0,0
ELM_PE,D,20140609,000000,12.074,12.074,12.074,12.074,0,0
ELM_PE,D,20140610,000000,12.074,12.074,12.074,12.074,0,0
ELM_PE,D,20140611,000000,11.979,12.451,11.979,12.074,0,0
ELM_PE,D,20140612,000000,12.074,12.074,11.79,11.79,0,0
ELM_PE,D,20140613,000000,12.074,12.074,12.074,12.074,0,0
ELM_PE,D,20140616,000000,12.074,12.074,12.074,12.074,0,0
ELM_PE,D,20140617,000000,12.074,12.074,10.47,10.47,0,0
ELM_PE,D,20140618,000000,10.47,10.565,10.47,10.565,0,0
ELM_PE,D,20140620,000000,10.565,10.565,10.565,10.565,0,0
ELM_PE,D,20140623,000000,10.565,10.565,10.565,10.565,0,0
ELM_PE,D,20140624,000000,10.565,10.565,10.565,10.565,0,0
ELM_PE,D,20140625,000000,10.848,10.848,10.848,10.848,0,0
ELM_PE,D,20140626,000000,10.848,10.848,10.848,10.848,0,0
ELM_PE,D,20140627,000000,10.848,11.036,10.848,11.036,0,0
ELM_PE,D,20140630,000000,12.065,12.065,10.995,10.995,0,0
ELM_PE,D,20140701,000000,11.676,11.676,11.676,11.676,0,0
ELM_PE,D,20140702,000000,11.676,11.676,10.508,10.605,0,0
ELM_PE,D,20140708,000000,10.605,10.605,10.411,10.411,0,0
ELM_PE,D,20140709,000000,10.411,10.411,10.411,10.411,0,0
ELM_PE,D,20140710,000000,10.411,10.411,10.411,10.411,0,0
ELM_PE,D,20140714,000000,11.092,11.092,11.092,11.092,0,0
ELM_PE,D,20140715,000000,11.189,11.189,11.189,11.189,0,0
ELM_PE,D,20140717,000000,11.578,11.578,11.481,11.481,0,0
ELM_PE,D,20140718,000000,11.578,11.578,11.578,11.578,0,0
ELM_PE,D,20140721,000000,11.189,11.189,11.189,11.189,0,0
ELM_PE,D,20140722,000000,11.189,11.286,11.189,11.286,0,0
ELM_PE,D,20140723,000000,11.286,11.286,11.286,11.286,0,0
ELM_PE,D,20140724,000000,11.286,11.286,11.286,11.286,0,0
ELM_PE,D,20140725,000000,11.286,11.286,11.286,11.286,0,0
ELM_PE,D,20140728,000000,11.189,11.189,11.189,11.189,0,0
ELM_PE,D,20140729,000000,11.286,11.286,10.022,10.022,0,0
ELM_PE,D,20140730,000000,10.8,10.8,9.827,9.827,0,0
ELM_PE,D,20140731,000000,9.2432,9.2432,9.2432,9.2432,0,0
ELM_PE,D,20140801,000000,9.2432,9.2432,9.1459,9.1459,0,0
ELM_PE,D,20140804,000000,8.7568,10.508,8.7568,10.508,0,0
ELM_PE,D,20140805,000000,10.8,10.8,10.703,10.703,0,0
ELM_PE,D,20140806,000000,10.703,10.703,10.703,10.703,0,0
ELM_PE,D,20140807,000000,10.703,10.703,10.703,10.703,0,0
ELM_PE,D,20140808,000000,10.703,10.703,10.703,10.703,0,0
ELM_PE,D,20140811,000000,10.703,10.703,10.703,10.703,0,0
ELM_PE,D,20140812,000000,10.703,10.703,10.703,10.703,0,0
ELM_PE,D,20140813,000000,10.703,10.703,10.703,10.703,0,0
ELM_PE,D,20140814,000000,10.703,10.703,10.703,10.703,0,0
ELM_PE,D,20140818,000000,10.703,10.703,10.703,10.703,0,0
ELM_PE,D,20140819,000000,10.703,10.703,10.703,10.703,0,0
ELM_PE,D,20140820,000000,10.703,10.703,10.605,10.605,0,0
ELM_PE,D,20140821,000000,10.703,10.703,10.703,10.703,0,0
ELM_PE,D,20140822,000000,10.703,10.703,10.314,10.411,0,0
ELM_PE,D,20140825,000000,10.8,10.8,10.703,10.703,0,0
ELM_PE,D,20140826,000000,11.092,11.189,11.092,11.189,0,0
ELM_PE,D,20140827,000000,10.314,10.411,8.6595,8.6595,0,0
ELM_PE,D,20140828,000000,8.8541,9.4378,8.6595,9.4378,0,0
ELM_PE,D,20140829,000000,9.4378,9.4378,9.4378,9.4378,0,0
ELM_PE,D,20140901,000000,9.4378,9.4378,9.4378,9.4378,0,0
ELM_PE,D,20140902,000000,9.4378,9.4378,9.4378,9.4378,0,0
ELM_PE,D,20140903,000000,9.2432,9.2432,8.7568,8.7568,0,0
ELM_PE,D,20140904,000000,8.9514,9.4378,8.9514,9.4378,0,0
ELM_PE,D,20140905,000000,9.4378,9.4378,9.4378,9.4378,0,0
ELM_PE,D,20140908,000000,9.4378,9.4378,9.3405,9.3405,0,0
ELM_PE,D,20140909,000000,9.4378,9.4378,8.8541,8.9514,0,0
ELM_PE,D,20140910,000000,8.8541,8.8541,8.8541,8.8541,0,0
ELM_PE,D,20140911,000000,8.8541,9.924,8.8541,9.924,0,0
ELM_PE,D,20140917,000000,9.2432,9.2432,9.2432,9.2432,0,0
ELM_PE,D,20140918,000000,9.1459,9.1459,9.1459,9.1459,0,0
ELM_PE,D,20140919,000000,9.1459,9.924,9.1459,9.924,0,0
ELM_PE,D,20140922,000000,9.924,10.897,9.4378,9.4378,0,0
ELM_PE,D,20140923,000000,9.4378,9.4378,9.4378,9.4378,0,0
ELM_PE,D,20140924,000000,9.4378,9.4378,9.4378,9.4378,0,0
ELM_PE,D,20140925,000000,9.4378,9.4378,9.4378,9.4378,0,0
ELM_PE,D,20140926,000000,9.535,9.535,9.4378,9.4378,0,0
ELM_PE,D,20141001,000000,9.4378,9.4378,9.4378,9.4378,0,0
ELM_PE,D,20141007,000000,9.4378,9.4378,9.4378,9.4378,0,0
ELM_PE,D,20141008,000000,9.4378,9.4378,9.4378,9.4378,0,0
ELM_PE,D,20141009,000000,9.4378,9.4378,8.5622,8.5622,0,0
ELM_PE,D,20141010,000000,8.5622,8.5622,8.5622,8.5622,0,0
ELM_PE,D,20141013,000000,8.5622,8.5622,8.5622,8.5622,0,0
ELM_PE,D,20141014,000000,8.5622,8.5622,8.5622,8.5622,0,0
ELM_PE,D,20141015,000000,8.7568,8.7568,8.7568,8.7568,0,0
ELM_PE,D,20141016,000000,8.7568,8.7568,8.7568,8.7568,0,0
ELM_PE,D,20141017,000000,8.7568,8.7568,8.7568,8.7568,0,0
ELM_PE,D,20141020,000000,8.7568,8.7568,8.7568,8.7568,0,0
ELM_PE,D,20141021,000000,8.7568,8.7568,8.7568,8.7568,0,0
ELM_PE,D,20141022,000000,8.7568,8.7568,8.7568,8.7568,0,0
ELM_PE,D,20141023,000000,8.7568,8.7568,8.7568,8.7568,0,0
ELM_PE,D,20141024,000000,8.9514,8.9514,8.9514,8.9514,0,0
ELM_PE,D,20141027,000000,8.7568,9.73,8.7568,8.9514,0,0
ELM_PE,D,20141028,000000,8.9514,8.9514,8.9514,8.9514,0,0
ELM_PE,D,20141029,000000,8.9514,8.9514,8.9514,8.9514,0,0
ELM_PE,D,20141030,000000,8.9514,8.9514,8.9514,8.9514,0,0
ELM_PE,D,20141031,000000,8.9514,8.9514,8.9514,8.9514,0,0
ELM_PE,D,20141103,000000,8.9514,8.9514,8.9514,8.9514,0,0
ELM_PE,D,20141104,000000,8.9514,8.9514,8.9514,8.9514,0,0
ELM_PE,D,20141112,000000,8.9514,8.9514,8.9514,8.9514,0,0
ELM_PE,D,20141113,000000,9.0486,9.0486,9.0486,9.0486,0,0
ELM_PE,D,20141114,000000,9.0486,9.4378,9.0486,9.4378,0,0
ELM_PE,D,20141117,000000,8.9514,9.3405,8.9514,9.3405,0,0
ELM_PE,D,20141118,000000,9.4378,9.4378,8.9514,8.9514,0,0
ELM_PE,D,20141120,000000,9.2432,9.2432,8.9514,8.9514,0,0
ELM_PE,D,20141124,000000,8.9514,8.9514,8.9514,8.9514,0,0
ELM_PE,D,20141126,000000,8.9514,8.9514,8.9514,8.9514,0,0
ELM_PE,D,20141128,000000,8.9514,8.9514,8.9514,8.9514,0,0
ELM_PE,D,20141201,000000,8.9514,9.1459,8.8541,9.0486,0,0
ELM_PE,D,20141202,000000,9.2432,9.2432,8.7568,8.7568,0,0
ELM_PE,D,20141208,000000,9.2432,9.2432,8.5622,8.7568,0,0
ELM_PE,D,20141211,000000,8.5622,8.5622,8.5622,8.5622,0,0
ELM_PE,D,20141212,000000,8.5622,8.5622,8.5622,8.5622,0,0
ELM_PE,D,20141215,000000,8.5622,8.8541,8.5622,8.8541,0,0
ELM_PE,D,20141217,000000,8.9514,9.0486,8.9514,9.0486,0,0
ELM_PE,D,20141222,000000,9.2432,9.2432,9.2432,9.2432,0,0
ELM_PE,D,20141223,000000,9.0486,9.0486,9.0486,9.0486,0,0
ELM_PE,D,20141229,000000,9.0486,9.0486,9.0486,9.0486,0,0
ELM_PE,D,20141230,000000,9.0486,9.924,9.0486,9.827,0,0
ELM_PE,D,20150107,000000,9.827,9.827,9.827,9.827,0,0
ELM_PE,D,20150108,000000,10.022,10.022,10.022,10.022,0,0
ELM_PE,D,20150109,000000,10.022,10.022,10.022,10.022,0,0
ELM_PE,D,20150112,000000,10.022,10.022,9.4378,9.535,0,0
ELM_PE,D,20150113,000000,9.535,9.535,9.535,9.535,0,0
ELM_PE,D,20150114,000000,9.535,9.535,9.535,9.535,0,0
ELM_PE,D,20150115,000000,9.535,9.535,9.535,9.535,0,0
ELM_PE,D,20150116,000000,9.535,9.535,9.535,9.535,0,0
ELM_PE,D,20150119,000000,9.535,9.535,9.535,9.535,0,0
ELM_PE,D,20150120,000000,9.535,9.535,9.535,9.535,0,0
ELM_PE,D,20150121,000000,9.535,9.535,9.535,9.535,0,0
ELM_PE,D,20150122,000000,9.535,9.535,9.535,9.535,0,0
ELM_PE,D,20150123,000000,9.535,9.535,9.535,9.535,0,0
ELM_PE,D,20150128,000000,9.535,10.022,9.535,9.924,0,0
ELM_PE,D,20150129,000000,10.022,10.022,10.022,10.022,0,0
ELM_PE,D,20150130,000000,10.022,10.022,10.022,10.022,0,0
ELM_PE,D,20150202,000000,10.022,10.022,10.022,10.022,0,0
ELM_PE,D,20150203,000000,10.022,10.022,10.022,10.022,0,0
ELM_PE,D,20150204,000000,10.022,10.022,9.632,9.632,0,0
ELM_PE,D,20150205,000000,9.632,9.632,9.632,9.632,0,0
ELM_PE,D,20150206,000000,9.632,9.632,9.632,9.632,0,0
ELM_PE,D,20150209,000000,9.632,9.632,9.632,9.632,0,0
ELM_PE,D,20150210,000000,9.632,9.632,9.632,9.632,0,0
ELM_PE,D,20150211,000000,9.632,9.632,9.632,9.632,0,0
ELM_PE,D,20150212,000000,9.632,9.632,9.632,9.632,0,0
ELM_PE,D,20150213,000000,9.4378,11.189,9.4378,11.189,0,0
ELM_PE,D,20150216,000000,11.286,11.286,11.286,11.286,0,0
ELM_PE,D,20150217,000000,11.286,11.286,11.286,11.286,0,0
ELM_PE,D,20150218,000000,11.286,12.746,11.286,11.676,0,0
ELM_PE,D,20150219,000000,11.676,13.038,11.676,12.941,0,0
ELM_PE,D,20150220,000000,13.232,13.719,13.232,13.719,0,0
ELM_PE,D,20150223,000000,13.719,13.719,11.968,11.968,0,0
ELM_PE,D,20150224,000000,12.065,13.719,12.065,12.357,0,0
ELM_PE,D,20150225,000000,12.357,12.649,12.357,12.357,0,0
ELM_PE,D,20150226,000000,12.357,13.33,12.357,13.33,0,0
ELM_PE,D,20150227,000000,13.33,13.427,12.357,12.746,0,0
ELM_PE,D,20150302,000000,12.746,13.33,12.746,13.33,0,0
ELM_PE,D,20150303,000000,13.232,13.33,13.232,13.232,0,0
ELM_PE,D,20150304,000000,13.33,13.33,12.746,12.746,0,0
ELM_PE,D,20150305,000000,13.232,13.232,12.746,12.746,0,0
ELM_PE,D,20150306,000000,12.746,13.524,12.746,13.524,0,0
ELM_PE,D,20150309,000000,13.524,13.524,13.33,13.33,0,0
ELM_PE,D,20150310,000000,13.33,13.33,13.33,13.33,0,0
ELM_PE,D,20150311,000000,13.135,13.135,12.941,12.941,0,0
ELM_PE,D,20150312,000000,12.746,12.746,12.746,12.746,0,0
ELM_PE,D,20150313,000000,12.746,13.33,12.746,13.33,0,0
ELM_PE,D,20150316,000000,13.524,13.524,13.524,13.524,0,0
ELM_PE,D,20150317,000000,12.941,12.941,12.843,12.843,0,0
ELM_PE,D,20150318,000000,12.746,12.746,12.746,12.746,0,0
ELM_PE,D,20150319,000000,12.746,12.941,12.746,12.941,0,0
ELM_PE,D,20150320,000000,12.941,12.941,12.941,12.941,0,0
ELM_PE,D,20150323,000000,12.843,12.843,12.843,12.843,0,0
ELM_PE,D,20150324,000000,13.33,13.427,13.33,13.427,0,0
ELM_PE,D,20150325,000000,13.427,13.427,13.427,13.427,0,0
ELM_PE,D,20150326,000000,13.427,13.427,13.427,13.427,0,0
ELM_PE,D,20150327,000000,13.427,13.427,13.427,13.427,0,0
ELM_PE,D,20150330,000000,13.427,13.427,13.427,13.427,0,0
ELM_PE,D,20150331,000000,13.427,13.427,12.746,12.746,0,0
ELM_PE,D,20150401,000000,12.746,12.746,12.746,12.746,0,0
ELM_PE,D,20150402,000000,12.746,13.914,12.746,13.914,0,0
ELM_PE,D,20150407,000000,13.914,13.914,13.914,13.914,0,0
ELM_PE,D,20150408,000000,13.816,13.816,13.719,13.719,0,0
ELM_PE,D,20150409,000000,13.719,13.719,13.719,13.719,0,0
ELM_PE,D,20150410,000000,13.719,13.719,13.719,13.719,0,0
ELM_PE,D,20150413,000000,13.719,13.719,13.719,13.719,0,0
ELM_PE,D,20150414,000000,13.719,13.719,13.719,13.719,0,0
ELM_PE,D,20150415,000000,13.719,13.719,12.357,12.454,0,0
ELM_PE,D,20150416,000000,12.357,13.524,12.357,13.524,0,0
ELM_PE,D,20150417,000000,13.427,14.497,13.33,14.497,0,0
ELM_PE,D,20150420,000000,14.303,14.303,14.205,14.205,0,0
ELM_PE,D,20150421,000000,14.205,14.205,14.205,14.205,0,0
ELM_PE,D,20150422,000000,14.205,14.205,13.135,13.232,0,0
ELM_PE,D,20150423,000000,13.232,13.232,13.232,13.232,0,0
ELM_PE,D,20150424,000000,13.232,14.205,13.232,14.108,0,0
ELM_PE,D,20150427,000000,13.914,14.108,13.914,14.108,0,0
ELM_PE,D,20150428,000000,14.205,14.205,14.205,14.205,0,0
ELM_PE,D,20150429,000000,14.205,14.205,14.108,14.108,0,0
ELM_PE,D,20150430,000000,13.914,13.914,13.914,13.914,0,0
ELM_PE,D,20150504,000000,13.914,14.303,13.914,14.205,0,0
ELM_PE,D,20150505,000000,14.303,14.4,14.303,14.4,0,0
ELM_PE,D,20150506,000000,14.4,14.4,13.914,13.914,0,0
ELM_PE,D,20150507,000000,13.914,13.914,13.914,13.914,0,0
ELM_PE,D,20150508,000000,13.914,13.914,13.914,13.914,0,0
ELM_PE,D,20150511,000000,14.303,14.303,14.205,14.205,0,0
ELM_PE,D,20150512,000000,14.205,14.205,14.205,14.205,0,0
ELM_PE,D,20150514,000000,14.205,14.205,14.205,14.205,0,0
ELM_PE,D,20150515,000000,14.205,14.205,14.205,14.205,0,0
ELM_PE,D,20150518,000000,14.205,14.595,14.205,14.595,0,0
ELM_PE,D,20150519,000000,14.595,14.595,14.595,14.595,0,0
ELM_PE,D,20150520,000000,14.595,14.595,14.595,14.595,0,0
ELM_PE,D,20150521,000000,14.595,14.595,14.595,14.595,0,0
ELM_PE,D,20150522,000000,14.595,14.595,13.622,13.622,0,0
ELM_PE,D,20150525,000000,13.038,13.038,13.038,13.038,0,0
ELM_PE,D,20150528,000000,13.622,13.622,13.622,13.622,0,0
ELM_PE,D,20150601,000000,13.135,13.135,13.038,13.038,0,0
ELM_PE,D,20150602,000000,13.135,13.135,13.135,13.135,0,0
ELM_PE,D,20150603,000000,13.135,13.135,13.135,13.135,0,0
ELM_PE,D,20150605,000000,13.135,13.135,13.135,13.135,0,0
ELM_PE,D,20150608,000000,13.135,13.135,13.135,13.135,0,0
ELM_PE,D,20150609,000000,13.135,13.135,13.135,13.135,0,0
ELM_PE,D,20150610,000000,13.135,13.135,13.135,13.135,0,0
ELM_PE,D,20150611,000000,13.135,13.135,13.135,13.135,0,0
ELM_PE,D,20150612,000000,13.135,13.135,13.135,13.135,0,0
ELM_PE,D,20150615,000000,13.135,13.135,13.135,13.135,0,0
ELM_PE,D,20150616,000000,13.135,13.135,13.135,13.135,0,0
ELM_PE,D,20150617,000000,13.135,13.135,13.135,13.135,0,0
ELM_PE,D,20150618,000000,13.135,13.135,13.135,13.135,0,0
ELM_PE,D,20150619,000000,13.135,13.135,13.135,13.135,0,0
ELM_PE,D,20150622,000000,13.135,13.135,13.135,13.135,0,0
ELM_PE,D,20150623,000000,13.135,13.135,13.135,13.135,0,0
ELM_PE,D,20150624,000000,13.135,13.135,13.135,13.135,0,0
ELM_PE,D,20150625,000000,13.135,13.135,13.135,13.135,0,0
ELM_PE,D,20150626,000000,13.135,13.135,13.135,13.135,0,0
ELM_PE,D,20150629,000000,13.135,13.135,13.135,13.135,0,0
ELM_PE,D,20150630,000000,13.135,13.135,13.135,13.135,0,0
ELM_PE,D,20150701,000000,13.135,13.135,13.135,13.135,0,0
ELM_PE,D,20150708,000000,13.6,13.6,13.5,13.5,0,0
ELM_PE,D,20150709,000000,13.5,13.5,13.5,13.5,0,0
ELM_PE,D,20150710,000000,13.5,13.5,13.5,13.5,0,0
ELM_PE,D,20150713,000000,13.5,13.5,13.5,13.5,0,0
ELM_PE,D,20150714,000000,13.5,13.5,13.4,13.4,0,0
ELM_PE,D,20150715,000000,13.6,13.6,13.3,13.3,0,0
ELM_PE,D,20150716,000000,13.5,13.5,13.5,13.5,0,0
ELM_PE,D,20150717,000000,13.5,13.5,13.5,13.5,0,0
ELM_PE,D,20150720,000000,13.5,13.6,13.5,13.6,0,0
ELM_PE,D,20150721,000000,13.6,13.6,13.6,13.6,0,0
ELM_PE,D,20150722,000000,13.6,13.6,13.6,13.6,0,0
ELM_PE,D,20150723,000000,13.6,13.6,13.6,13.6,0,0
ELM_PE,D,20150724,000000,13.6,13.6,13.6,13.6,0,0
ELM_PE,D,20150727,000000,13.6,13.6,13,13,0,0
ELM_PE,D,20150728,000000,12.9,12.9,12.9,12.9,0,0
ELM_PE,D,20150729,000000,12.9,12.9,12.9,12.9,0,0
ELM_PE,D,20150730,000000,12.9,12.9,12.9,12.9,0,0
ELM_PE,D,20150731,000000,13,13.6,13,13.6,0,0
ELM_PE,D,20150803,000000,13.6,13.6,13.6,13.6,0,0
ELM_PE,D,20150804,000000,13.6,13.6,13.6,13.6,0,0
ELM_PE,D,20150805,000000,13.6,13.6,13.6,13.6,0,0
ELM_PE,D,20150806,000000,13.6,13.6,13.6,13.6,0,0
ELM_PE,D,20150807,000000,13.6,13.6,13.6,13.6,0,0
ELM_PE,D,20150810,000000,13.6,13.6,13.6,13.6,0,0
ELM_PE,D,20150811,000000,13.6,13.6,13.6,13.6,0,0
ELM_PE,D,20150812,000000,13.6,13.6,13.6,13.6,0,0
ELM_PE,D,20150813,000000,13.6,13.6,12.1,13.4,0,0
ELM_PE,D,20150814,000000,13.4,13.4,13.4,13.4,0,0
ELM_PE,D,20150817,000000,13.4,20,13.4,20,0,0
ELM_PE,D,20150818,000000,20,20,20,20,0,0
ELM_PE,D,20150819,000000,20,20,20,20,0,0
ELM_PE,D,20150820,000000,20,20,20,20,0,0
ELM_PE,D,20150821,000000,20,20,20,20,0,0
ELM_PE,D,20150824,000000,20,20,20,20,0,0
ELM_PE,D,20150825,000000,20,20,20,20,0,0
ELM_PE,D,20150826,000000,20,20,20,20,0,0
ELM_PE,D,20150827,000000,20,20,20,20,0,0
ELM_PE,D,20150828,000000,20,20,20,20,0,0
ELM_PE,D,20150831,000000,20.4,20.4,20.4,20.4,0,0
ELM_PE,D,20150901,000000,20.2,20.2,18.2,18.2,0,0
ELM_PE,D,20150904,000000,19.5,20,19.5,20,0,0
ELM_PE,D,20150907,000000,20,20,20,20,0,0
ELM_PE,D,20150908,000000,20,20,20,20,0,0
ELM_PE,D,20150909,000000,20,20,20,20,0,0
ELM_PE,D,20150910,000000,20,20,20,20,0,0
ELM_PE,D,20150911,000000,20,20,20,20,0,0
ELM_PE,D,20150914,000000,18.5,18.6,18.5,18.6,0,0
ELM_PE,D,20150915,000000,18.6,19.7,18.2,18.2,0,0
ELM_PE,D,20150916,000000,19.1,19.1,18.2,18.2,0,0
ELM_PE,D,20150917,000000,18.2,18.2,18.2,18.2,0,0
ELM_PE,D,20150918,000000,18.2,18.2,18.2,18.2,0,0
ELM_PE,D,20150921,000000,18.2,18.2,18.2,18.2,0,0
ELM_PE,D,20150922,000000,18.2,18.2,18.2,18.2,0,0
ELM_PE,D,20150923,000000,18.2,18.2,18.2,18.2,0,0
ELM_PE,D,20150924,000000,18.2,18.2,18.2,18.2,0,0
ELM_PE,D,20150925,000000,18.2,18.2,18.2,18.2,0,0
ELM_PE,D,20150929,000000,19.1,19.1,19.1,19.1,0,0
ELM_PE,D,20150930,000000,19.5,19.5,19.5,19.5,0,0
ELM_PE,D,20151001,000000,19.7,19.7,19.7,19.7,0,0
ELM_PE,D,20151002,000000,19.7,19.7,19.7,19.7,0,0
ELM_PE,D,20151005,000000,19.9,19.9,19.9,19.9,0,0
ELM_PE,D,20151007,000000,18.8,18.8,18.8,18.8,0,0
ELM_PE,D,20151009,000000,18.8,18.8,18.8,18.8,0,0
ELM_PE,D,20151012,000000,18.8,18.8,18.8,18.8,0,0
ELM_PE,D,20151013,000000,18.8,18.8,18.8,18.8,0,0
ELM_PE,D,20151014,000000,18.8,18.8,18.8,18.8,0,0
ELM_PE,D,20151015,000000,18.8,18.8,18.2,18.2,0,0
ELM_PE,D,20151016,000000,19.1,19.1,19.1,19.1,0,0
ELM_PE,D,20151019,000000,19.1,19.1,19.1,19.1,0,0
ELM_PE,D,20151020,000000,19.1,19.1,19.1,19.1,0,0
ELM_PE,D,20151021,000000,19.1,19.1,19.1,19.1,0,0
ELM_PE,D,20151022,000000,19.1,19.1,19.1,19.1,0,0
ELM_PE,D,20151023,000000,19.1,19.1,17.3,17.3,0,0
ELM_PE,D,20151026,000000,16.8,16.8,16.6,16.6,0,0
ELM_PE,D,20151027,000000,16.4,16.4,16.4,16.4,0,0
ELM_PE,D,20151028,000000,16.4,16.4,16.4,16.4,0,0
ELM_PE,D,20151029,000000,16.4,16.6,16.4,16.6,0,0
ELM_PE,D,20151030,000000,16.4,16.4,16.4,16.4,0,0
ELM_PE,D,20151102,000000,16.8,16.8,16.4,16.4,0,0
ELM_PE,D,20151103,000000,16.4,16.4,16.4,16.4,0,0
ELM_PE,D,20151105,000000,16.4,16.4,16.2,16.2,0,0
ELM_PE,D,20151110,000000,16.2,16.4,16.2,16.4,0,0
ELM_PE,D,20151112,000000,16.4,16.9,16.4,16.9,0,0
ELM_PE,D,20151113,000000,16.5,16.5,16.2,16.2,0,0
ELM_PE,D,20151116,000000,16.6,16.6,16.6,16.6,0,0
ELM_PE,D,20151119,000000,16.8,16.8,16.8,16.8,0,0
ELM_PE,D,20151120,000000,16.8,16.8,16.8,16.8,0,0
ELM_PE,D,20151123,000000,16.8,16.8,16.8,16.8,0,0
ELM_PE,D,20151124,000000,16.8,16.8,16,16,0,0
ELM_PE,D,20151125,000000,15.5,16.4,15.5,16.4,0,0
ELM_PE,D,20151126,000000,16.4,16.4,16.4,16.4,0,0
ELM_PE,D,20170215,000000,19.9,19.9,19.2,19.2,0,0
ELM_PE,D,20170216,000000,19.2,19.2,19.2,19.2,0,0
ELM_PE,D,20170217,000000,19.5,21.6,19.5,21.6,0,0
ELM_PE,D,20170220,000000,21.6,21.6,21.6,21.6,0,0
ELM_PE,D,20170221,000000,21.6,21.6,21.6,21.6,0,0
ELM_PE,D,20170228,000000,21.6,21.6,20.5,20.6,0,0
ELM_PE,D,20170301,000000,20.6,20.6,20.6,20.6,0,0
ELM_PE,D,20170302,000000,20.6,20.6,20.6,20.6,0,0
ELM_PE,D,20170303,000000,20.6,20.6,20.6,20.6,0,0
ELM_PE,D,20170306,000000,20.6,20.6,20.6,20.6,0,0
ELM_PE,D,20170307,000000,21.6,23.7,21.6,22.3,0,0
ELM_PE,D,20170308,000000,23.7,23.7,23.7,23.7,0,0
ELM_PE,D,20170309,000000,23.7,26.8,23.7,26.8,0,0
ELM_PE,D,20170310,000000,23,23,20.6,23,0,0
ELM_PE,D,20170313,000000,23,23,23,23,0,0
ELM_PE,D,20170314,000000,23,23,21.3,21.3,0,0
ELM_PE,D,20170315,000000,21.3,21.3,21.3,21.3,0,0
ELM_PE,D,20170316,000000,21.3,21.3,21.3,21.3,0,0
ELM_PE,D,20170317,000000,21.3,21.3,21.3,21.3,0,0
ELM_PE,D,20170320,000000,21.3,21.3,21.3,21.3,0,0
ELM_PE,D,20170321,000000,21.3,21.3,21.3,21.3,0,0
ELM_PE,D,20170322,000000,21.3,21.6,21.3,21.6,0,0
ELM_PE,D,20170327,000000,21.2,21.2,21.2,21.2,0,0
ELM_PE,D,20170328,000000,22.6,23,22.6,23,0,0
ELM_PE,D,20170331,000000,23.7,24.4,21.6,21.6,0,0
ELM_PE,D,20170405,000000,21.2,21.3,21.2,21.3,0,0
ELM_PE,D,20170406,000000,24.4,24.4,21.3,21.3,0,0
ELM_PE,D,20170407,000000,21.3,21.3,21.3,21.3,0,0
ELM_PE,D,20170410,000000,21.3,21.3,21.3,21.3,0,0
ELM_PE,D,20170411,000000,21.3,21.3,21.3,21.3,0,0
ELM_PE,D,20170412,000000,21.3,21.3,21.3,21.3,0,0
ELM_PE,D,20170419,000000,24.4,24.4,24.4,24.4,0,0
ELM_PE,D,20170424,000000,24.4,24.4,24.4,24.4,0,0
ELM_PE,D,20170425,000000,24.4,24.4,24.4,24.4,0,0
ELM_PE,D,20170426,000000,24.4,24.4,24.4,24.4,0,0
ELM_PE,D,20170427,000000,24.4,24.4,24.4,24.4,0,0
ELM_PE,D,20170502,000000,24.8,24.8,24.7,24.7,0,0
ELM_PE,D,20170509,000000,23.9,24,23.9,24,0,0
ELM_PE,D,20170602,000000,23.7,23.7,23.7,23.7,0,0
ELM_PE,D,20170605,000000,23.7,23.7,23.7,23.7,0,0
ELM_PE,D,20170607,000000,23.7,23.7,23.7,23.7,0,0
ELM_PE,D,20170608,000000,23.7,23.7,23.7,23.7,0,0
ELM_PE,D,20170612,000000,23.7,23.7,23.7,23.7,0,0
ELM_PE,D,20170613,000000,23.7,25.7,23.7,25.7,0,0
ELM_PE,D,20170616,000000,26.8,27.2,26.8,27.2,0,0
ELM_PE,D,20170619,000000,27.2,28,27.2,28,0,0
ELM_PE,D,20170620,000000,29.2,30.7,29.2,30.7,0,0
ELM_PE,D,20170621,000000,31.1,31.5,31.1,31.5,0,0
ELM_PE,D,20170623,000000,33.9,33.9,33.8,33.8,0,0
ELM_PE,D,20170626,000000,33.5,33.5,33.4,33.4,0,0
ELM_PE,D,20170627,000000,33.5,33.5,27.2,27.2,0,0
ELM_PE,D,20170630,000000,27.2,28.8,27.2,28.8,0,0
ELM_PE,D,20170705,000000,28.8,29.2,28.8,29.2,0,0
ELM_PE,D,20170711,000000,28,28,28,28,0,0
ELM_PE,D,20170712,000000,26.8,26.8,26.8,26.8,0,0
ELM_PE,D,20170719,000000,26.8,26.8,26.8,26.8,0,0
ELM_PE,D,20170726,000000,26.1,26.1,26.1,26.1,0,0
ELM_PE,D,20170801,000000,25.3,25.3,24.5,24.5,0,0
ELM_PE,D,20170803,000000,24.1,24.1,24.1,24.1,0,0
ELM_PE,D,20170804,000000,23.3,23.3,23.3,23.3,0,0
ELM_PE,D,20170808,000000,22.5,22.6,22.5,22.6,0,0
ELM_PE,D,20170810,000000,22.6,22.6,21.4,21.4,0,0
ELM_PE,D,20170814,000000,19.1,19.1,18.5,18.5,0,0
ELM_PE,D,20170816,000000,18.5,18.5,18.5,18.5,0,0
ELM_PE,D,20170817,000000,18.5,18.5,18.5,18.5,0,0
ELM_PE,D,20170818,000000,18.5,18.5,18.5,18.5,0,0
ELM_PE,D,20170821,000000,18.5,18.5,18.5,18.5,0,0
ELM_PE,D,20170822,000000,18.5,18.5,18.5,18.5,0,0
ELM_PE,D,20170823,000000,18.5,18.5,18.5,18.5,0,0
ELM_PE,D,20170825,000000,18.5,22.2,18.5,22.2,0,0
ELM_PE,D,20170828,000000,22.8,23.2,22.8,23.2,0,0
ELM_PE,D,20170829,000000,23.2,23.2,23.2,23.2,0,0
ELM_PE,D,20170830,000000,23.2,23.2,23.2,23.2,0,0
ELM_PE,D,20170831,000000,23.2,23.2,23.2,23.2,0,0
ELM_PE,D,20170901,000000,23.2,23.2,23.2,23.2,0,0
ELM_PE,D,20170904,000000,23.2,23.2,23.2,23.2,0,0
ELM_PE,D,20170905,000000,23.2,23.2,23.2,23.2,0,0
ELM_PE,D,20170906,000000,23.2,23.2,23.2,23.2,0,0
ELM_PE,D,20170907,000000,23.2,23.2,23.2,23.2,0,0
ELM_PE,D,20170908,000000,23.2,23.2,23.2,23.2,0,0
ELM_PE,D,20170911,000000,23.2,23.2,23.2,23.2,0,0
ELM_PE,D,20170912,000000,23.2,23.2,23.2,23.2,0,0
ELM_PE,D,20170913,000000,23.2,23.2,23.2,23.2,0,0
ELM_PE,D,20170914,000000,23.2,23.2,23.2,23.2,0,0
ELM_PE,D,20170915,000000,23.2,23.2,23.2,23.2,0,0
ELM_PE,D,20170918,000000,23.2,23.2,23.2,23.2,0,0
ELM_PE,D,20170919,000000,23.2,23.2,23.2,23.2,0,0
ELM_PE,D,20170920,000000,23.2,23.2,23.2,23.2,0,0
ELM_PE,D,20170921,000000,23.2,23.2,23.2,23.2,0,0
ELM_PE,D,20170922,000000,23.2,23.2,23.2,23.2,0,0
ELM_PE,D,20170925,000000,23.2,23.2,23.2,23.2,0,0
ELM_PE,D,20170926,000000,23.2,23.2,23.2,23.2,0,0
ELM_PE,D,20170927,000000,23.2,23.2,23.2,23.2,0,0
ELM_PE,D,20170928,000000,23.2,23.2,23.2,23.2,0,0
ELM_PE,D,20170929,000000,23.2,23.2,23.2,23.2,0,0
ELM_PE,D,20171002,000000,23.2,23.2,23.2,23.2,0,0
ELM_PE,D,20171003,000000,23.2,23.2,23.2,23.2,0,0
ELM_PE,D,20171004,000000,23.2,23.2,23.2,23.2,0,0
ELM_PE,D,20171005,000000,23.2,23.2,23.2,23.2,0,0
ELM_PE,D,20171006,000000,23.2,23.2,23.2,23.2,0,0
ELM_PE,D,20171009,000000,23.2,23.2,23.2,23.2,0,0
ELM_PE,D,20171010,000000,23.2,23.2,23.2,23.2,0,0
ELM_PE,D,20171011,000000,23.2,23.2,23.2,23.2,0,0
ELM_PE,D,20171012,000000,23.2,23.2,21.7,23.2,0,0
ELM_PE,D,20171013,000000,22.6,22.6,22.6,22.6,0,0
ELM_PE,D,20171103,000000,22.3,22.3,21.9,21.9,0,0
ELM_PE,D,20171222,000000,25.4,25.8,25.4,25.8,0,0
ELM_PE,D,20171227,000000,25.8,25.8,25.8,25.8,0,0
ELM_PE,D,20171228,000000,25.8,25.8,25.8,25.8,0,0
ELM_PE,D,20171229,000000,25.8,25.8,25.8,25.8,0,0
ELM_PE,D,20180212,000000,25.8,25.8,25.8,25.8,0,0
ELM_PE,D,20180213,000000,25.8,25.8,25.8,25.8,0,0
ELM_PE,D,20180214,000000,25.8,25.8,25.8,25.8,0,0
ELM_PE,D,20180314,000000,20.5,20.5,20.4,20.4,0,0
ELM_PE,D,20180315,000000,20.4,20.4,20.4,20.4,0,0
ELM_PE,D,20180316,000000,20.4,20.4,20.4,20.4,0,0
ELM_PE,D,20180319,000000,20.4,20.4,20.4,20.4,0,0
ELM_PE,D,20180320,000000,20.4,20.4,20.4,20.4,0,0
ELM_PE,D,20180321,000000,20.4,20.4,20.4,20.4,0,0
ELM_PE,D,20180322,000000,20.4,20.4,20.4,20.4,0,0
ELM_PE,D,20180323,000000,20.4,20.4,20.4,20.4,0,0
ELM_PE,D,20180326,000000,20.4,20.4,20.4,20.4,0,0
ELM_PE,D,20180327,000000,20.4,20.4,20.4,20.4,0,0
ELM_PE,D,20180328,000000,20.4,20.4,20.4,20.4,0,0
ELM_PE,D,20180329,000000,20.4,20.4,20.4,20.4,0,0
ELM_PE,D,20180403,000000,20.4,20.4,20.4,20.4,0,0
ELM_PE,D,20180404,000000,20.4,20.4,20.4,20.4,0,0
ELM_PE,D,20180405,000000,20.4,20.4,20.4,20.4,0,0
ELM_PE,D,20180406,000000,20.4,20.4,20.4,20.4,0,0
ELM_PE,D,20180409,000000,20.4,20.4,20.4,20.4,0,0
ELM_PE,D,20180410,000000,20.4,20.4,20.4,20.4,0,0
ELM_PE,D,20180411,000000,20.4,20.4,20.4,20.4,0,0
ELM_PE,D,20180412,000000,20.7,20.7,20.7,20.7,0,0
ELM_PE,D,20180413,000000,20.7,20.7,20.7,20.7,0,0
ELM_PE,D,20180416,000000,20.7,21,20.4,21,0,0
ELM_PE,D,20180425,000000,20.4,20.5,20.4,20.5,0,0
ELM_PE,D,20180622,000000,14.2,14.2,14.2,14.2,0,0
ELM_PE,D,20180626,000000,13.6,13.6,13.6,13.6,0,0
ELM_PE,D,20180628,000000,13.2,13.4,13.2,13.4,0,0
ELM_PE,D,20180710,000000,13.4,13.4,13.4,13.4,0,0
ELM_PE,D,20180712,000000,13.2,13.2,13.2,13.2,0,0
ELM_PE,D,20180713,000000,13.2,13.2,13.2,13.2,0,0
ELM_PE,D,20180717,000000,13.2,13.2,13.2,13.2,0,0
ELM_PE,D,20180718,000000,13.2,13.2,13.2,13.2,0,0
ELM_PE,D,20180719,000000,13.2,13.2,13.2,13.2,0,0
ELM_PE,D,20180720,000000,13.2,13.2,13.2,13.2,0,0
ELM_PE,D,20180724,000000,13.2,13.2,13.2,13.2,0,0
ELM_PE,D,20180725,000000,13.2,13.2,13.2,13.2,0,0
ELM_PE,D,20180726,000000,13.2,13.2,13.2,13.2,0,0
ELM_PE,D,20180727,000000,13.2,13.2,13.2,13.2,0,0
ELM_PE,D,20180730,000000,13.2,13.2,13.2,13.2,0,0
ELM_PE,D,20180731,000000,13.2,13.2,13.2,13.2,0,0
ELM_PE,D,20180801,000000,13.2,13.2,13.2,13.2,0,0
ELM_PE,D,20180802,000000,13.2,13.2,13.2,13.2,0,0
ELM_PE,D,20180803,000000,13.2,13.2,13.2,13.2,0,0
ELM_PE,D,20180814,000000,13.8,13.8,13.8,13.8,0,0
ELM_PE,D,20180829,000000,20.6,20.7,20.6,20.7,0,0
ELM_PE,D,20180907,000000,20.7,20.7,20.7,20.7,0,0
ELM_PE,D,20180927,000000,20.7,20.7,20.7,20.7,0,0
ELM_PE,D,20181002,000000,19.7,19.7,19.7,19.7,0,0
ELM_PE,D,20181015,000000,20.3,20.3,19.1,19.1,0,0
ELM_PE,D,20181121,000000,17.2,17.2,17.2,17.2,0,0
ELM_PE,D,20181126,000000,15.6,30.8,15.6,30.8,0,0
ELM_PE,D,20181129,000000,30.9,30.9,30.8,30.8,0,0
ELM_PE,D,20181204,000000,27.2,27.2,27.1,27.1,0,0
ELM_PE,D,20181218,000000,27.2,27.2,27.1,27.1,0,0
ELM_PE,D,20181219,000000,27.2,27.2,27.1,27.1,0,0
ELM_PE,D,20181220,000000,27.2,27.2,27.1,27.1,0,0
ELM_PE,D,20181221,000000,27.2,27.2,27.2,27.2,0,0
ELM_PE,D,20181227,000000,27.2,27.2,27.1,27.1,0,0
ELM_PE,D,20181228,000000,30.9,30.9,30.8,30.8,0,0
ELM_PE,D,20190116,000000,29,29,28.9,28.9,0,0
ELM_PE,D,20190124,000000,30.7,30.8,30.7,30.8,0,0
ELM_PE,D,20190212,000000,32.1,34,32.1,33.8,0,0
ELM_PE,D,20190213,000000,31.9,34.4,31.9,34.4,0,0
ELM_PE,D,20190214,000000,31.9,32,31.9,32,0,0
ELM_PE,D,20190215,000000,31.9,32,31.9,32,0,0
ELM_PE,D,20190219,000000,31.3,31.3,9.8,9.8,0,0
ELM_PE,D,20190220,000000,9.8,9.8,9.8,9.8,0,0
ELM_PE,D,20190221,000000,10.2,11.3,9,9.1,0,0
ELM_PE,D,20190222,000000,9.1,9.1,9.1,9.1,0,0
ELM_PE,D,20190225,000000,10.3,10.3,10.2,10.2,0,0
ELM_PE,D,20190226,000000,10,10,10,10,0,0
ELM_PE,D,20190227,000000,10,10,10,10,0,0
ELM_PE,D,20190228,000000,10.2,10.2,8.9,8.9,0,0
ELM_PE,D,20190304,000000,8.9,8.9,8.9,8.9,0,0
ELM_PE,D,20190305,000000,8.9,8.9,8.9,8.9,0,0
ELM_PE,D,20190306,000000,8.9,8.9,8.3,8.3,0,0
ELM_PE,D,20190307,000000,8.7,9.7,8.7,9.6,0,0
ELM_PE,D,20190315,000000,9.6,9.6,9.6,9.6,0,0
ELM_PE,D,20190319,000000,8.8,8.9,8.8,8.9,0,0
ELM_PE,D,20190320,000000,8.9,8.9,8.7,8.7,0,0
ELM_PE,D,20190321,000000,8.7,8.7,8.7,8.7,0,0
ELM_PE,D,20190322,000000,8.5,8.5,8.1,8.1,0,0
ELM_PE,D,20190329,000000,8.1,8.1,8.1,8.1,0,0
ELM_PE,D,20190401,000000,8.1,8.1,8.1,8.1,0,0
ELM_PE,D,20190403,000000,8.1,8.1,8.1,8.1,0,0
ELM_PE,D,20190404,000000,8.1,8.1,8.1,8.1,0,0
ELM_PE,D,20190405,000000,8.1,8.1,8.1,8.1,0,0
ELM_PE,D,20190408,000000,8.1,8.1,8.1,8.1,0,0
ELM_PE,D,20190409,000000,8.1,8.7,8.1,8.7,0,0
ELM_PE,D,20190410,000000,8.1,8.7,8.1,8.7,0,0
ELM_PE,D,20190411,000000,8.9,8.9,8.9,8.9,0,0
ELM_PE,D,20190415,000000,7.6,7.8,7.6,7.8,0,0
ELM_PE,D,20190506,000000,7.6,7.6,7.6,7.6,0,0
ELM_PE,D,20190507,000000,7.6,7.6,7.6,7.6,0,0
ELM_PE,D,20190508,000000,7.6,7.6,7.6,7.6,0,0
ELM_PE,D,20190509,000000,7.6,7.6,7.6,7.6,0,0
ELM_PE,D,20190510,000000,7.6,7.6,7.6,7.6,0,0
ELM_PE,D,20190513,000000,7.6,7.6,7.6,7.6,0,0
ELM_PE,D,20190514,000000,7.6,7.6,7.6,7.6,0,0
ELM_PE,D,20190515,000000,7.6,7.6,6.9,6.9,0,0
ELM_PE,D,20190516,000000,7.4,7.6,7.4,7.6,0,0
ELM_PE,D,20190528,000000,17.7,17.7,17.7,17.7,0,0
ELM_PE,D,20190530,000000,19.1,19.1,19.1,19.1,0,0
ELM_PE,D,20190531,000000,19.1,19.1,19.1,19.1,0,0
ELM_PE,D,20190603,000000,19.1,19.1,19.1,19.1,0,0
ELM_PE,D,20190604,000000,19.1,19.1,19.1,19.1,0,0
ELM_PE,D,20190605,000000,19.1,19.1,19.1,19.1,0,0
ELM_PE,D,20190606,000000,19.1,19.1,19.1,19.1,0,0
ELM_PE,D,20190607,000000,19.1,19.1,19.1,19.1,0,0
ELM_PE,D,20190610,000000,19.1,19.1,19.1,19.1,0,0
ELM_PE,D,20190611,000000,19.1,19.1,19.1,19.1,0,0
ELM_PE,D,20190612,000000,19.1,19.1,19.1,19.1,0,0
ELM_PE,D,20190613,000000,19.1,19.1,19.1,19.1,0,0
ELM_PE,D,20190614,000000,19.1,19.1,19.1,19.1,0,0
ELM_PE,D,20190618,000000,19.1,19.1,19.1,19.1,0,0
ELM_PE,D,20190619,000000,19.1,19.1,19.1,19.1,0,0
ELM_PE,D,20190621,000000,19.1,19.1,19.1,19.1,0,0
ELM_PE,D,20190624,000000,19.1,19.1,19.1,19.1,0,0
ELM_PE,D,20190625,000000,19.1,19.1,19.1,19.1,0,0
ELM_PE,D,20190626,000000,19.1,19.1,19.1,19.1,0,0
ELM_PE,D,20190627,000000,19.1,19.1,19.1,19.1,0,0
ELM_PE,D,20190628,000000,19.1,19.1,19.1,19.1,0,0
ELM_PE,D,20190701,000000,19.1,19.1,19.1,19.1,0,0
ELM_PE,D,20190702,000000,19.1,19.1,19.1,19.1,0,0
ELM_PE,D,20190703,000000,19.1,19.1,19.1,19.1,0,0
ELM_PE,D,20190704,000000,19.1,19.1,19.1,19.1,0,0
ELM_PE,D,20190705,000000,19.1,19.1,19.1,19.1,0,0
ELM_PE,D,20190708,000000,19.1,19.1,19.1,19.1,0,0
ELM_PE,D,20190709,000000,19.1,19.1,19.1,19.1,0,0
ELM_PE,D,20190710,000000,19.1,19.1,19.1,19.1,0,0
ELM_PE,D,20190711,000000,19.1,19.1,19.1,19.1,0,0
ELM_PE,D,20190712,000000,19.1,19.1,19.1,19.1,0,0
ELM_PE,D,20190912,000000,9.8,9.8,9.8,9.8,0,0
ELM_PE,D,20190913,000000,9.8,9.8,9.8,9.8,0,0
ELM_PE,D,20190916,000000,9.8,9.8,9.8,9.8,0,0
ELM_PE,D,20190917,000000,9.8,9.8,9.8,9.8,0,0
ELM_PE,D,20190918,000000,9.8,9.8,9.8,9.8,0,0
ELM_PE,D,20190919,000000,9.8,9.8,9.8,9.8,0,0
ELM_PE,D,20190920,000000,9.8,9.8,9.8,9.8,0,0
ELM_PE,D,20191004,000000,10,10.1,10,10.1,0,0
ELM_PE,D,20191209,000000,5.4,5.9,5.4,5.8,0,0
ELM_PE,D,20191211,000000,5.8,6.9,5.8,6.9,0,0
ELM_PE,D,20191212,000000,6.8,6.8,6.8,6.8,0,0
ELM_PE,D,20191213,000000,6.7,6.7,6.7,6.7,0,0
ELM_PE,D,20191216,000000,6.7,6.7,6.1,6.1,0,0
ELM_PE,D,20191217,000000,6,6,6,6,0,0
ELM_PE,D,20191219,000000,6,6,6,6,0,0
ELM_PE,D,20191223,000000,6.4,7.2,6.4,7.1,0,0
ELM_PE,D,20191230,000000,6.9,8.3,6.9,8.3,0,0
ELM_PE,D,20200107,000000,7.5,7.5,7.4,7.4,0,0
ELM_PE,D,20200108,000000,7.5,7.5,7.5,7.5,0,0
ELM_PE,D,20200109,000000,7.5,7.5,7.5,7.5,0,0
ELM_PE,D,20200110,000000,7.5,7.5,7.5,7.5,0,0
ELM_PE,D,20200113,000000,7.5,7.5,7.5,7.5,0,0
ELM_PE,D,20200114,000000,7.5,7.5,7.5,7.5,0,0
ELM_PE,D,20200115,000000,7.5,7.5,7.5,7.5,0,0
ELM_PE,D,20200116,000000,7.5,7.5,7.5,7.5,0,0
ELM_PE,D,20200117,000000,7.3,7.3,7.3,7.3,0,0
ELM_PE,D,20200120,000000,7.2,7.2,7.1,7.1,0,0
ELM_PE,D,20200121,000000,7.1,7.4,7.1,7.4,0,0
ELM_PE,D,20200204,000000,7.4,7.4,7.4,7.4,0,0
ELM_PE,D,20200213,000000,7.2,7.2,7.1,7.1,0,0
ELM_PE,D,20200214,000000,7.1,12.3,7.1,12.3,0,0
ELM_PE,D,20200221,000000,12.3,12.3,11.3,11.4,0,0
ELM_PE,D,20200224,000000,11.4,11.4,11,11,0,0
ELM_PE,D,20200225,000000,11,11,11,11,0,0
ELM_PE,D,20200226,000000,11,11,10.6,10.6,0,0
ELM_PE,D,20200227,000000,7.3,8.5,7.3,8.1,0,0
ELM_PE,D,20200228,000000,8.3,8.3,7.9,7.9,0,0
ELM_PE,D,20200302,000000,8.9,8.9,8.9,8.9,0,0
ELM_PE,D,20200313,000000,9.3,9.3,9.2,9.2,0,0
ELM_PE,D,20200316,000000,7.3,7.3,7.3,7.3,0,0
ELM_PE,D,20200326,000000,8.8,8.9,8.8,8.9,0,0
ELM_PE,D,20200327,000000,9.3,9.3,9.2,9.2,0,0
ELM_PE,D,20200330,000000,9.2,9.2,7.9,7.9,0,0
ELM_PE,D,20200403,000000,7.9,7.9,7.9,7.9,0,0
ELM_PE,D,20200406,000000,7.9,7.9,7.9,7.9,0,0
ELM_PE,D,20200408,000000,7.9,7.9,7.9,7.9,0,0
ELM_PE,D,20200409,000000,7.9,7.9,7.9,7.9,0,0
ELM_PE,D,20200424,000000,8.6,8.6,8.5,8.5,0,0
ELM_PE,D,20200428,000000,8,9.7,8,9.7,0,0
ELM_PE,D,20200429,000000,9.7,9.7,9.7,9.7,0,0
ELM_PE,D,20200430,000000,9.7,9.7,9.7,9.7,0,0
ELM_PE,D,20200504,000000,9.7,9.7,9.7,9.7,0,0
ELM_PE,D,20200505,000000,9.7,9.7,9.7,9.7,0,0
ELM_PE,D,20200506,000000,9.7,11.5,9.7,11.5,0,0
ELM_PE,D,20200507,000000,10.3,10.3,8.9,9.7,0,0
ELM_PE,D,20200508,000000,9.1,9.1,9.1,9.1,0,0
ELM_PE,D,20200511,000000,8.9,8.9,8.9,8.9,0,0
ELM_PE,D,20200512,000000,8.9,8.9,8.9,8.9,0,0
ELM_PE,D,20200513,000000,8.9,10.1,8.9,10.1,0,0
ELM_PE,D,20200519,000000,7.2,7.3,7.2,7.2,0,0
ELM_PE,D,20200525,000000,7.1,7.1,7.1,7.1,0,0
ELM_PE,D,20200526,000000,7,7,6.5,6.5,0,0
ELM_PE,D,20200608,000000,6.2,6.9,6.1,6.1,0,0
ELM_PE,D,20200610,000000,6.1,6.1,6.1,6.1,0,0
ELM_PE,D,20200625,000000,6.5,6.5,6.5,6.5,0,0
ELM_PE,D,20200626,000000,6.6,7.6,6.5,6.5,0,0
ELM_PE,D,20200629,000000,6.9,7.9,6.9,7.9,0,0
ELM_PE,D,20200630,000000,9.2,9.2,7.5,8.5,0,0
ELM_PE,D,20200701,000000,8.5,9.1,8.2,8.2,0,0
ELM_PE,D,20200702,000000,8.2,9,8.2,9,0,0
ELM_PE,D,20200703,000000,8.6,8.6,7.9,7.9,0,0
ELM_PE,D,20200706,000000,8.3,8.3,8.3,8.3,0,0
ELM_PE,D,20200707,000000,8,8,7.5,7.5,0,0
ELM_PE,D,20200709,000000,7.6,7.6,7.6,7.6,0,0
ELM_PE,D,20200710,000000,7.6,7.6,7.5,7.5,0,0
ELM_PE,D,20200713,000000,7.6,11.3,7.6,11.3,0,0
ELM_PE,D,20200714,000000,12.8,17.6,12.8,17.5,0,0
ELM_PE,D,20200715,000000,17.5,19.4,15,16.8,0,0
ELM_PE,D,20200716,000000,15.3,16.7,15,15.9,0,0
ELM_PE,D,20200717,000000,16.6,16.6,13.4,13.6,0,0
ELM_PE,D,20200720,000000,15,16.1,13.2,14.6,0,0
ELM_PE,D,20200721,000000,14.7,14.7,14,14.7,0,0
ELM_PE,D,20200722,000000,14.4,14.4,13.7,13.8,0,0
ELM_PE,D,20200723,000000,13.5,14.1,12.8,13.9,0,0
ELM_PE,D,20200724,000000,14,14,12.8,12.8,0,0
ELM_PE,D,20200727,000000,13.4,18.8,13.4,18.8,0,0
ELM_PE,D,20200728,000000,18.1,20.1,17.4,19.6,0,0
ELM_PE,D,20200729,000000,19.6,19.6,19.5,19.6,0,0
ELM_PE,D,20200730,000000,20,20.2,16.7,16.7,0,0
ELM_PE,D,20200731,000000,15.3,18.4,15.3,18.4,0,0
ELM_PE,D,20200803,000000,19.5,19.5,19.5,19.5,0,0
ELM_PE,D,20200804,000000,19.9,19.9,18.7,19.8,0,0
ELM_PE,D,20200805,000000,17.4,19.5,14.6,19.5,0,0
ELM_PE,D,20200806,000000,16.3,18.1,16.3,18.1,0,0
ELM_PE,D,20200807,000000,18.1,18.1,16.7,17.9,0,0
ELM_PE,D,20200810,000000,17.9,17.9,16.1,17.4,0,0
ELM_PE,D,20200811,000000,16.2,17.4,14.1,16.6,0,0
ELM_PE,D,20200812,000000,16.2,16.2,16,16,0,0
ELM_PE,D,20200813,000000,15.3,15.9,15.3,15.9,0,0
ELM_PE,D,20200814,000000,15.9,15.9,15.6,15.9,0,0
ELM_PE,D,20200817,000000,16,16,13,13.1,0,0
ELM_PE,D,20200818,000000,13.2,13.9,13.2,13.9,0,0
ELM_PE,D,20210825,000000,14.7,14.7,14.7,14.7,0,0
ELM_PE,D,20210826,000000,14.6,14.9,14.6,14.9,0,0
ELM_PE,D,20210827,000000,14.8,14.8,12.6,12.6,0,0
ELM_PE,D,20210830,000000,12.6,12.6,11.4,11.4,0,0
ELM_PE,D,20210831,000000,11.5,11.5,11.4,11.4,0,0
ELM_PE,D,20210901,000000,12.5,12.6,12.5,12.6,0,0
ELM_PE,D,20210902,000000,12.6,12.6,11.6,11.7,0,0
ELM_PE,D,20210910,000000,11.5,11.5,11.3,11.3,0,0
ELM_PE,D,20210913,000000,10.9,12.1,10.9,12.1,0,0
ELM_PE,D,20210914,000000,12.2,16.4,12.2,16,0,0
ELM_PE,D,20210915,000000,15.3,16.8,15.3,16.6,0,0
ELM_PE,D,20210916,000000,16.5,16.5,15.5,16,0,0
ELM_PE,D,20210917,000000,16.1,16.1,12.9,13.7,0,0
ELM_PE,D,20210920,000000,13.6,14.6,13.6,14.6,0,0
ELM_PE,D,20210921,000000,12.9,13.8,12.9,12.9,0,0
ELM_PE,D,20210922,000000,13.8,14.1,13.8,14.1,0,0
ELM_PE,D,20210923,000000,14.1,14.1,14.1,14.1,0,0
ELM_PE,D,20210924,000000,14.1,14.1,12.8,13.9,0,0
ELM_PE,D,20210927,000000,14,14,10.7,10.7,0,0
ELM_PE,D,20210928,000000,12.7,14.6,12.7,14.6,0,0
ELM_PE,D,20210929,000000,14.6,14.6,13,14.2,0,0
ELM_PE,D,20210930,000000,14.2,14.2,14.2,14.2,0,0
ELM_PE,D,20211001,000000,13.1,13.1,12.7,12.7,0,0
ELM_PE,D,20211005,000000,13.3,13.5,13.3,13.5,0,0
ELM_PE,D,20211006,000000,13.5,13.5,13.5,13.5,0,0
ELM_PE,D,20211007,000000,13.7,15.3,12.5,15.3,0,0
ELM_PE,D,20211008,000000,15.3,15.3,15.1,15.1,0,0
ELM_PE,D,20211011,000000,15.3,15.3,15.3,15.3,0,0
ELM_PE,D,20211012,000000,13.7,13.8,13.4,13.8,0,0
ELM_PE,D,20211013,000000,12.3,12.8,12,12.8,0,0
ELM_PE,D,20211014,000000,12.8,12.8,12.8,12.8,0,0
ELM_PE,D,20211015,000000,12.8,12.8,11.4,12.7,0,0
ELM_PE,D,20211018,000000,12.7,13.7,12.7,13.7,0,0
ELM_PE,D,20211019,000000,13.5,14.9,13.5,14.9,0,0
ELM_PE,D,20211020,000000,14.9,14.9,14.9,14.9,0,0
ELM_PE,D,20211021,000000,14.9,14.9,14.9,14.9,0,0
ELM_PE,D,20211022,000000,14.8,14.8,14.7,14.7,0,0
ELM_PE,D,20211025,000000,13.2,13.2,13,13,0,0
ELM_PE,D,20211026,000000,12.8,12.8,12.8,12.8,0,0
ELM_PE,D,20211027,000000,12.8,12.8,12.8,12.8,0,0
ELM_PE,D,20211028,000000,12.8,12.8,12.8,12.8,0,0
ELM_PE,D,20211029,000000,12.8,13.3,12.8,13.3,0,0
ELM_PE,D,20211103,000000,13.8,13.8,13.7,13.7,0,0
ELM_PE,D,20211104,000000,13.7,13.7,12.7,12.7,0,0
ELM_PE,D,20211105,000000,12.7,12.7,11.4,11.4,0,0
ELM_PE,D,20211108,000000,12.3,12.6,12.3,12.6,0,0
ELM_PE,D,20211109,000000,11.3,12.6,10.8,12.6,0,0
ELM_PE,D,20211110,000000,12.6,15.9,12.6,15.8,0,0
ELM_PE,D,20211112,000000,15.9,15.9,12.8,12.8,0,0
ELM_PE,D,20211115,000000,12.6,14.9,12.6,14.2,0,0
ELM_PE,D,20211116,000000,14.2,14.2,14.2,14.2,0,0
ELM_PE,D,20211117,000000,13.7,13.7,11,13.6,0,0
ELM_PE,D,20211118,000000,13.3,13.3,13.3,13.3,0,0
ELM_PE,D,20211119,000000,13.2,13.2,11.6,12.6,0,0
ELM_PE,D,20211122,000000,12.6,12.6,11.9,12.5,0,0
ELM_PE,D,20211123,000000,12.5,12.5,12.5,12.5,0,0
ELM_PE,D,20211124,000000,12.5,12.5,12.5,12.5,0,0
ELM_PE,D,20211125,000000,12.5,12.5,12.5,12.5,0,0
ELM_PE,D,20211126,000000,12.4,15.6,12.4,15.6,0,0
ELM_PE,D,20211129,000000,15.6,15.6,14.6,14.6,0,0
ELM_PE,D,20211130,000000,14.5,14.5,14.5,14.5,0,0
ELM_PE,D,20211201,000000,14.5,14.5,14.4,14.4,0,0
ELM_PE,D,20211202,000000,14.4,14.4,14.4,14.4,0,0
ELM_PE,D,20211203,000000,14.4,14.4,14.4,14.4,0,0
ELM_PE,D,20211206,000000,14.4,14.4,14.4,14.4,0,0
ELM_PE,D,20211207,000000,15.1,15.6,15.1,15.6,0,0
ELM_PE,D,20211208,000000,15.6,15.6,15.6,15.6,0,0
ELM_PE,D,20211209,000000,15.6,15.6,15.6,15.6,0,0
ELM_PE,D,20211210,000000,16.5,16.5,16.4,16.4,0,0
ELM_PE,D,20211213,000000,15.6,18.4,15.6,17.7,0,0
ELM_PE,D,20211214,000000,19.5,22.7,16.3,19.5,0,0
ELM_PE,D,20211215,000000,19.5,19.5,16.7,16.7,0,0
ELM_PE,D,20211216,000000,16.3,16.3,15.7,15.7,0,0
ELM_PE,D,20211217,000000,15.7,15.7,15.7,15.7,0,0
ELM_PE,D,20211220,000000,15.7,17.5,15.7,15.7,0,0
ELM_PE,D,20211221,000000,15.7,15.7,15.7,15.7,0,0
ELM_PE,D,20211223,000000,15.7,15.7,15.7,15.7,0,0
ELM_PE,D,20211227,000000,15.8,17.3,15.8,17.3,0,0
ELM_PE,D,20211228,000000,17.6,17.6,17.3,17.3,0,0
ELM_PE,D,20211229,000000,17.3,17.6,14.3,14.3,0,0
ELM_PE,D,20211230,000000,14.6,14.6,14.3,14.3,0,0
ELM_PE,D,20220103,000000,15.3,17,15.3,16.7,0,0
ELM_PE,D,20220104,000000,15.3,18.2,15.3,17,0,0
ELM_PE,D,20220105,000000,18.3,19.1,17.4,19,0,0
ELM_PE,D,20220107,000000,18.4,18.7,16.7,18.1,0,0
ELM_PE,D,20220110,000000,17.8,17.8,17.8,17.8,0,0
ELM_PE,D,20220111,000000,16.9,16.9,15.3,16.4,0,0
ELM_PE,D,20220112,000000,16.7,19.1,13.4,14,0,0
ELM_PE,D,20220113,000000,14.4,15.1,14.3,14.3,0,0
ELM_PE,D,20220114,000000,14.3,16.1,14.3,15.6,0,0
ELM_PE,D,20220117,000000,15.3,15.3,14.1,14.1,0,0
ELM_PE,D,20220118,000000,15.1,15.8,14.2,14.3,0,0
ELM_PE,D,20220119,000000,14.3,14.3,14,14.1,0,0
ELM_PE,D,20220120,000000,14.1,15.6,14,15.6,0,0
ELM_PE,D,20220121,000000,13.8,13.8,13.8,13.8,0,0
ELM_PE,D,20220124,000000,13.8,15.4,13.4,13.4,0,0
ELM_PE,D,20220125,000000,13.4,13.4,12.7,12.7,0,0
ELM_PE,D,20220126,000000,12.8,12.8,11.4,12.7,0,0
ELM_PE,D,20220127,000000,12,14.4,12,14.1,0,0
ELM_PE,D,20220128,000000,14.1,14.1,14.1,14.1,0,0
ELM_PE,D,20220131,000000,14,14.1,14,14.1,0,0
ELM_PE,D,20220201,000000,14,14,13.9,13.9,0,0
ELM_PE,D,20220202,000000,13.5,14.4,13.5,14.4,0,0
ELM_PE,D,20220203,000000,14.1,14.1,14.1,14.1,0,0
ELM_PE,D,20220204,000000,14.1,14.1,12,14.1,0,0
ELM_PE,D,20220214,000000,13.7,13.7,13.4,13.4,0,0
ELM_PE,D,20220215,000000,13.2,14.7,13.2,14.7,0,0
ELM_PE,D,20220216,000000,14.7,14.9,14.7,14.9,0,0
ELM_PE,D,20220217,000000,13.9,14.3,13.5,14.3,0,0
ELM_PE,D,20220218,000000,13.7,13.7,13.7,13.7,0,0
ELM_PE,D,20220221,000000,14.3,27.6,14.3,27.6,0,0
ELM_PE,D,20220222,000000,27.6,27.6,27.6,27.6,0,0
ELM_PE,D,20220223,000000,27.6,27.8,27,27.1,0,0
ELM_PE,D,20220224,000000,26.3,26.3,24.4,24.4,0,0
ELM_PE,D,20220228,000000,24.4,24.4,24.4,24.4,0,0
ELM_PE,D,20220301,000000,25.2,25.2,24.9,24.9,0,0
ELM_PE,D,20220302,000000,24.4,27.1,22.5,27.1,0,0
ELM_PE,D,20220307,000000,25.2,27.6,25.2,27.6,0,0
ELM_PE,D,20220308,000000,27.6,27.6,27.6,27.6,0,0
ELM_PE,D,20220309,000000,27.3,27.6,27.3,27.6,0,0
ELM_PE,D,20220310,000000,27.6,27.6,27.6,27.6,0,0
ELM_PE,D,20220311,000000,27.6,27.6,25.4,25.5,0,0
ELM_PE,D,20220314,000000,27.4,27.6,27.4,27.6,0,0
ELM_PE,D,20220315,000000,27.6,27.6,27.6,27.6,0,0
ELM_PE,D,20220316,000000,27.6,27.6,27.6,27.6,0,0
ELM_PE,D,20220317,000000,27.6,27.6,27,27.1,0,0
ELM_PE,D,20220318,000000,27.6,27.6,25.5,25.5,0,0
ELM_PE,D,20220324,000000,25.7,26.6,25.7,26.6,0,0
ELM_PE,D,20220325,000000,27.4,27.4,26.3,26.3,0,0
ELM_PE,D,20220328,000000,27.6,27.6,26,26,0,0
ELM_PE,D,20220329,000000,26.3,26.3,26.3,26.3,0,0
ELM_PE,D,20220330,000000,27.4,27.6,27.4,27.6,0,0
ELM_PE,D,20220331,000000,27.6,29.8,27.6,29.8,0,0
ELM_PE,D,20220401,000000,29.8,29.8,29.8,29.8,0,0
ELM_PE,D,20220404,000000,29.8,29.8,27.6,29.3,0,0
ELM_PE,D,20220405,000000,29,29,29,29,0,0
ELM_PE,D,20220407,000000,29.8,29.8,26.8,26.8,0,0
ELM_PE,D,20220411,000000,26.8,26.8,26.3,26.3,0,0
ELM_PE,D,20220412,000000,26.3,26.6,25.7,25.7,0,0
ELM_PE,D,20220414,000000,26.8,27.1,26.8,27.1,0,0
ELM_PE,D,20220419,000000,27.1,32.8,27.1,32.8,0,0
ELM_PE,D,20220421,000000,33.1,33.1,31.5,31.5,0,0
ELM_PE,D,20220427,000000,31.1,31.1,30.5,30.5,0,0
ELM_PE,D,20220502,000000,31.1,31.1,31.1,31.1,0,0
ELM_PE,D,20220504,000000,31.1,31.1,31.1,31.1,0,0
ELM_PE,D,20220511,000000,31.1,31.1,31.1,31.1,0,0
ELM_PE,D,20220517,000000,31.8,31.8,31.8,31.8,0,0
ELM_PE,D,20220520,000000,31.6,31.6,31.6,31.6,0,0
ELM_PE,D,20220523,000000,31.5,31.5,31.5,31.5,0,0
ELM_PE,D,20220524,000000,31.5,31.5,30.1,30.1,0,0
ELM_PE,D,20220525,000000,30.1,30.1,30.1,30.1,0,0
ELM_PE,D,20220526,000000,30.1,31.5,30.1,31.5,0,0
ELM_PE,D,20220527,000000,31.5,31.5,31.5,31.5,0,0
ELM_PE,D,20220530,000000,31.8,31.8,31.8,31.8,0,0
ELM_PE,D,20220531,000000,32.8,32.8,32.8,32.8,0,0
ELM_PE,D,20220602,000000,31.5,32.1,31.5,32.1,0,0
ELM_PE,D,20220603,000000,33.1,47.5,33.1,44.9,0,0
ELM_PE,D,20220606,000000,48.2,59,48.2,59,0,0
