<TICKER>,<PER>,<DATE>,<TIME>,<OPEN>,<HIGH>,<LOW>,<CLOSE>,<VOL>,<OPENINT>
GKS_PB,D,20110726,000000,1.59,1.59,1.33,1.33,0,0
GKS_PB,D,20110727,000000,1.33,1.44,1.26,1.35,0,0
GKS_PB,D,20110728,000000,1.35,1.35,1.17,1.23,0,0
GKS_PB,D,20110729,000000,1.27,1.27,1.17,1.27,0,0
GKS_PB,D,20110801,000000,1.2,1.27,1.18,1.2,0,0
GKS_PB,D,20110802,000000,1.27,1.27,1.15,1.2,0,0
GKS_PB,D,20110803,000000,1.21,1.21,1.1,1.15,0,0
GKS_PB,D,20110804,000000,1.09,1.09,0.98,0.98,0,0
GKS_PB,D,20110805,000000,0.98,0.98,0.83,0.86,0,0
GKS_PB,D,20110808,000000,1.08,1.08,0.86,0.86,0,0
GKS_PB,D,20110809,000000,0.83,0.88,0.83,0.86,0,0
GKS_PB,D,20110810,000000,0.86,0.86,0.8,0.85,0,0
GKS_PB,D,20110811,000000,0.8,0.8,0.73,0.77,0,0
GKS_PB,D,20110812,000000,0.79,0.83,0.77,0.82,0,0
GKS_PB,D,20110816,000000,0.82,0.95,0.76,0.95,0,0
GKS_PB,D,20110817,000000,0.79,1.2,0.77,1.2,0,0
GKS_PB,D,20110818,000000,1.12,1.12,0.78,0.85,0,0
GKS_PB,D,20110819,000000,0.87,0.87,0.76,0.79,0,0
GKS_PB,D,20110822,000000,0.79,0.82,0.75,0.75,0,0
GKS_PB,D,20110823,000000,0.76,0.76,0.69,0.73,0,0
GKS_PB,D,20110824,000000,0.73,0.73,0.67,0.69,0,0
GKS_PB,D,20110825,000000,0.67,0.73,0.64,0.67,0,0
GKS_PB,D,20110826,000000,0.67,0.67,0.63,0.66,0,0
GKS_PB,D,20110829,000000,0.67,0.67,0.61,0.66,0,0
GKS_PB,D,20110830,000000,0.64,0.67,0.63,0.67,0,0
GKS_PB,D,20110831,000000,0.63,0.67,0.63,0.66,0,0
GKS_PB,D,20110901,000000,0.64,0.67,0.63,0.67,0,0
GKS_PB,D,20110902,000000,0.64,0.67,0.64,0.67,0,0
GKS_PB,D,20110905,000000,0.66,0.66,0.66,0.66,0,0
GKS_PB,D,20110906,000000,0.66,0.66,0.66,0.66,0,0
GKS_PB,D,20110907,000000,0.6,0.67,0.6,0.67,0,0
GKS_PB,D,20110909,000000,0.61,0.63,0.57,0.63,0,0
GKS_PB,D,20110912,000000,0.55,0.58,0.51,0.52,0,0
GKS_PB,D,20110913,000000,0.52,0.54,0.52,0.54,0,0
GKS_PB,D,20110914,000000,0.52,0.6,0.52,0.57,0,0
GKS_PB,D,20110915,000000,0.57,0.58,0.57,0.58,0,0
GKS_PB,D,20110916,000000,0.58,0.66,0.55,0.6,0,0
GKS_PB,D,20110919,000000,0.61,0.61,0.61,0.61,0,0
GKS_PB,D,20110920,000000,0.6,0.61,0.51,0.52,0,0
GKS_PB,D,20110921,000000,0.52,0.54,0.51,0.54,0,0
GKS_PB,D,20110922,000000,0.54,0.54,0.48,0.54,0,0
GKS_PB,D,20110923,000000,0.48,0.51,0.48,0.51,0,0
GKS_PB,D,20110926,000000,0.52,0.54,0.52,0.54,0,0
GKS_PB,D,20110928,000000,0.51,0.51,0.51,0.51,0,0
GKS_PB,D,20110929,000000,0.48,0.54,0.48,0.54,0,0
GKS_PB,D,20110930,000000,0.54,0.54,0.48,0.54,0,0
GKS_PB,D,20111003,000000,0.49,0.55,0.48,0.54,0,0
GKS_PB,D,20111006,000000,0.49,0.52,0.45,0.46,0,0
GKS_PB,D,20111007,000000,0.46,0.51,0.46,0.51,0,0
GKS_PB,D,20111011,000000,0.45,0.46,0.43,0.46,0,0
GKS_PB,D,20111012,000000,0.46,0.51,0.46,0.49,0,0
GKS_PB,D,20111013,000000,0.45,0.48,0.43,0.48,0,0
GKS_PB,D,20111014,000000,0.43,0.48,0.42,0.48,0,0
GKS_PB,D,20111017,000000,0.43,0.43,0.42,0.42,0,0
GKS_PB,D,20111018,000000,0.43,0.43,0.42,0.42,0,0
GKS_PB,D,20111019,000000,0.43,0.43,0.43,0.43,0,0
GKS_PB,D,20111020,000000,0.42,0.42,0.42,0.42,0,0
GKS_PB,D,20111021,000000,0.46,0.46,0.46,0.46,0,0
GKS_PB,D,20111025,000000,0.46,0.46,0.46,0.46,0,0
GKS_PB,D,20111026,000000,0.46,0.46,0.46,0.46,0,0
GKS_PB,D,20111027,000000,0.46,0.46,0.46,0.46,0,0
GKS_PB,D,20111028,000000,0.45,0.51,0.45,0.51,0,0
GKS_PB,D,20111031,000000,0.51,0.52,0.51,0.52,0,0
GKS_PB,D,20111103,000000,0.52,0.64,0.52,0.64,0,0
GKS_PB,D,20111104,000000,0.55,0.64,0.55,0.64,0,0
GKS_PB,D,20111107,000000,0.55,0.55,0.55,0.55,0,0
GKS_PB,D,20111108,000000,0.55,0.58,0.53,0.55,0,0
GKS_PB,D,20111109,000000,0.57,0.57,0.53,0.55,0,0
GKS_PB,D,20111110,000000,0.58,0.58,0.58,0.58,0,0
GKS_PB,D,20111115,000000,0.53,0.53,0.51,0.53,0,0
GKS_PB,D,20111116,000000,0.51,0.55,0.51,0.55,0,0
GKS_PB,D,20111118,000000,0.51,0.53,0.51,0.51,0,0
GKS_PB,D,20111122,000000,0.53,1.28,0.51,1.28,0,0
GKS_PB,D,20111124,000000,1.28,1.37,1.28,1.37,0,0
GKS_PB,D,20111125,000000,1.28,1.37,1.24,1.24,0,0
GKS_PB,D,20111128,000000,1.19,1.19,1.19,1.19,0,0
GKS_PB,D,20111129,000000,1.28,1.28,1.24,1.24,0,0
GKS_PB,D,20111130,000000,1.24,1.28,1.24,1.28,0,0
GKS_PB,D,20111201,000000,1.19,1.19,1.19,1.19,0,0
GKS_PB,D,20111205,000000,1.24,1.28,1.24,1.28,0,0
GKS_PB,D,20111206,000000,1.24,1.28,1.24,1.28,0,0
GKS_PB,D,20111207,000000,1.28,1.28,1.28,1.28,0,0
GKS_PB,D,20111208,000000,1.28,1.28,1.28,1.28,0,0
GKS_PB,D,20111209,000000,1.24,1.28,1.19,1.28,0,0
GKS_PB,D,20111212,000000,1.15,1.19,1.11,1.19,0,0
GKS_PB,D,20111213,000000,1.15,1.19,1.15,1.19,0,0
GKS_PB,D,20111215,000000,1.19,1.19,1.11,1.11,0,0
GKS_PB,D,20111216,000000,1.11,1.11,1.11,1.11,0,0
GKS_PB,D,20111219,000000,1.19,1.19,1.19,1.19,0,0
GKS_PB,D,20111220,000000,1.15,1.15,1.15,1.15,0,0
GKS_PB,D,20111221,000000,1.15,1.24,1.15,1.15,0,0
GKS_PB,D,20111227,000000,1.24,1.24,1.24,1.24,0,0
GKS_PB,D,20111229,000000,1.15,1.15,1.15,1.15,0,0
GKS_PB,D,20120103,000000,1.19,1.19,1.19,1.19,0,0
GKS_PB,D,20120104,000000,1.11,1.19,1.11,1.19,0,0
GKS_PB,D,20120105,000000,1.15,1.15,1.15,1.15,0,0
GKS_PB,D,20120109,000000,1.19,1.24,1.19,1.24,0,0
GKS_PB,D,20120112,000000,1.06,1.15,1.06,1.11,0,0
GKS_PB,D,20120113,000000,1.11,1.11,1.11,1.11,0,0
GKS_PB,D,20120116,000000,1.15,1.15,1.15,1.15,0,0
GKS_PB,D,20120117,000000,1.15,1.24,1.15,1.24,0,0
GKS_PB,D,20120119,000000,1.15,1.15,1.06,1.15,0,0
GKS_PB,D,20120123,000000,1.06,1.19,1.06,1.19,0,0
GKS_PB,D,20120124,000000,1.15,1.19,1.15,1.19,0,0
GKS_PB,D,20120126,000000,1.11,1.15,1.11,1.15,0,0
GKS_PB,D,20120127,000000,1.15,1.15,1.15,1.15,0,0
GKS_PB,D,20120130,000000,1.15,1.15,1.15,1.15,0,0
GKS_PB,D,20120131,000000,1.15,1.24,1.11,1.11,0,0
GKS_PB,D,20120202,000000,1.24,1.24,1.24,1.24,0,0
GKS_PB,D,20120203,000000,1.24,1.28,1.24,1.28,0,0
GKS_PB,D,20120206,000000,1.28,1.28,1.28,1.28,0,0
GKS_PB,D,20120207,000000,1.28,1.28,1.28,1.28,0,0
GKS_PB,D,20120210,000000,1.15,1.28,1.11,1.28,0,0
GKS_PB,D,20120213,000000,1.15,1.24,1.15,1.24,0,0
GKS_PB,D,20120214,000000,1.24,1.24,1.24,1.24,0,0
GKS_PB,D,20120215,000000,1.11,1.19,1.11,1.19,0,0
GKS_PB,D,20120220,000000,1.52,1.52,1.41,1.52,0,0
GKS_PB,D,20120221,000000,1.52,1.52,1.52,1.52,0,0
GKS_PB,D,20120223,000000,1.52,1.52,1.47,1.47,0,0
GKS_PB,D,20120224,000000,1.58,1.58,1.58,1.58,0,0
GKS_PB,D,20120227,000000,1.47,1.47,1.35,1.35,0,0
GKS_PB,D,20120228,000000,1.41,1.41,1.13,1.41,0,0
GKS_PB,D,20120229,000000,1.24,1.41,1.24,1.41,0,0
GKS_PB,D,20120301,000000,1.24,1.35,1.24,1.35,0,0
GKS_PB,D,20120302,000000,1.35,1.41,1.35,1.41,0,0
GKS_PB,D,20120305,000000,1.41,1.41,1.18,1.18,0,0
GKS_PB,D,20120306,000000,1.24,1.24,1.13,1.13,0,0
GKS_PB,D,20120307,000000,1.18,1.24,1.18,1.24,0,0
GKS_PB,D,20120308,000000,1.24,1.47,1.24,1.35,0,0
GKS_PB,D,20120309,000000,1.47,1.47,1.3,1.3,0,0
GKS_PB,D,20120313,000000,1.35,1.35,1.35,1.35,0,0
GKS_PB,D,20120314,000000,1.35,1.35,1.35,1.35,0,0
GKS_PB,D,20120315,000000,1.35,1.35,1.35,1.35,0,0
GKS_PB,D,20120316,000000,1.35,1.41,1.35,1.41,0,0
GKS_PB,D,20120321,000000,1.24,1.41,1.24,1.41,0,0
GKS_PB,D,20120322,000000,1.41,1.41,1.41,1.41,0,0
GKS_PB,D,20120326,000000,1.18,1.35,1.18,1.35,0,0
GKS_PB,D,20120327,000000,1.18,1.35,1.18,1.35,0,0
GKS_PB,D,20120329,000000,1.01,1.3,1.01,1.24,0,0
GKS_PB,D,20120330,000000,1.07,1.24,1.07,1.13,0,0
GKS_PB,D,20120402,000000,1.07,1.24,0.96,1.07,0,0
GKS_PB,D,20120403,000000,1.01,1.07,1.01,1.01,0,0
GKS_PB,D,20120404,000000,1.01,2.57,0.96,2.57,0,0
GKS_PB,D,20120405,000000,2.43,2.71,2.43,2.43,0,0
GKS_PB,D,20120410,000000,2.57,2.57,2.43,2.43,0,0
GKS_PB,D,20120411,000000,2.43,2.43,2.14,2.29,0,0
GKS_PB,D,20120412,000000,2.14,2.43,2.14,2.29,0,0
GKS_PB,D,20120413,000000,2.43,3.44,2.43,3.44,0,0
GKS_PB,D,20120418,000000,4.87,6.87,4.73,4.87,0,0
GKS_PB,D,20120419,000000,5.01,5.58,4.15,4.44,0,0
GKS_PB,D,20120420,000000,4.3,5.73,3.58,5.73,0,0
GKS_PB,D,20120423,000000,6.01,6.87,5.15,5.87,0,0
GKS_PB,D,20120424,000000,5.87,6.3,5.3,5.58,0,0
GKS_PB,D,20120425,000000,5.58,5.73,4.87,4.87,0,0
GKS_PB,D,20120426,000000,5.01,5.44,4.73,5.44,0,0
GKS_PB,D,20120427,000000,5.58,5.58,5.3,5.58,0,0
GKS_PB,D,20120430,000000,5.01,5.15,4.58,4.73,0,0
GKS_PB,D,20120502,000000,4.58,4.87,4.15,4.73,0,0
GKS_PB,D,20120504,000000,4.3,6.15,4.15,4.73,0,0
GKS_PB,D,20120507,000000,4.58,4.87,3.87,4.3,0,0
GKS_PB,D,20120508,000000,4.3,4.58,4.01,4.01,0,0
GKS_PB,D,20120509,000000,4.3,4.3,3.58,3.87,0,0
GKS_PB,D,20120510,000000,3.73,4.15,3.73,4.15,0,0
GKS_PB,D,20120511,000000,4.01,4.15,3.87,4.15,0,0
GKS_PB,D,20120514,000000,3.87,4.3,3.3,4.3,0,0
GKS_PB,D,20120515,000000,4.01,5.15,4.01,4.3,0,0
GKS_PB,D,20120516,000000,4.58,4.87,4.01,4.15,0,0
GKS_PB,D,20120517,000000,4.3,4.44,4.01,4.01,0,0
GKS_PB,D,20120518,000000,3.87,3.87,3.3,3.87,0,0
GKS_PB,D,20120521,000000,3.58,4.15,3.58,4.15,0,0
GKS_PB,D,20120522,000000,4.15,4.15,4.01,4.01,0,0
GKS_PB,D,20120523,000000,4.15,4.15,3.44,3.44,0,0
GKS_PB,D,20120524,000000,3.58,11.64,3,11.64,0,0
GKS_PB,D,20120525,000000,11.18,13.04,10.25,13.04,0,0
GKS_PB,D,20120528,000000,13.04,15.36,13.04,14.43,0,0
GKS_PB,D,20120529,000000,15.36,16.29,13.5,14.89,0,0
GKS_PB,D,20120530,000000,13.5,14.43,12.57,14.43,0,0
GKS_PB,D,20120531,000000,14.89,14.89,13.5,14.43,0,0
GKS_PB,D,20120601,000000,13.5,14.89,12.57,13.96,0,0
GKS_PB,D,20120604,000000,13.96,17.79,12.57,17.79,0,0
GKS_PB,D,20120605,000000,18.29,18.79,16.25,18.29,0,0
GKS_PB,D,20120606,000000,17.79,18.79,16.75,18.79,0,0
GKS_PB,D,20120608,000000,18.79,26.43,18.29,26.43,0,0
GKS_PB,D,20120611,000000,29.46,30.46,19.32,19.32,0,0
GKS_PB,D,20120612,000000,19.82,19.82,16.75,18.29,0,0
GKS_PB,D,20120613,000000,16.25,17.29,14.71,15.75,0,0
GKS_PB,D,20120614,000000,15.25,16.25,13.71,15.75,0,0
GKS_PB,D,20120615,000000,14.71,15.75,14.71,15.75,0,0
GKS_PB,D,20120618,000000,15.75,18.79,15.75,15.75,0,0
GKS_PB,D,20120619,000000,17.29,18.29,16.25,17.79,0,0
GKS_PB,D,20120620,000000,18.79,20.82,18.29,19.32,0,0
GKS_PB,D,20120621,000000,19.32,19.82,16.25,17.79,0,0
GKS_PB,D,20120622,000000,17.79,20.32,16.75,20.32,0,0
GKS_PB,D,20120625,000000,20.32,20.32,18.29,20.32,0,0
GKS_PB,D,20120626,000000,19.82,23.89,19.82,21.32,0,0
GKS_PB,D,20120627,000000,21.32,23.89,20.82,23.89,0,0
GKS_PB,D,20120628,000000,24.39,26.43,21.86,21.86,0,0
GKS_PB,D,20120629,000000,23.89,23.89,20.82,22.86,0,0
GKS_PB,D,20120702,000000,21.32,21.32,19.32,21.32,0,0
GKS_PB,D,20120703,000000,19.32,30.46,18.79,28.46,0,0
GKS_PB,D,20120704,000000,30.46,31.5,24.39,24.39,0,0
GKS_PB,D,20120705,000000,24.39,25.39,22.36,25.39,0,0
GKS_PB,D,20120706,000000,23.36,24.89,22.86,24.89,0,0
GKS_PB,D,20120709,000000,24.39,35.57,24.39,35.57,0,0
GKS_PB,D,20120710,000000,36.07,43.18,29.96,29.96,0,0
GKS_PB,D,20120711,000000,30.46,32,25.89,25.89,0,0
GKS_PB,D,20120712,000000,25.89,28.96,25.39,26.43,0,0
GKS_PB,D,20120713,000000,26.43,26.93,20.32,22.36,0,0
GKS_PB,D,20120716,000000,23.89,34.04,23.89,34.04,0,0
GKS_PB,D,20120717,000000,40.64,44.18,36.57,38.11,0,0
GKS_PB,D,20120718,000000,37.07,37.07,25.39,28.46,0,0
GKS_PB,D,20120719,000000,27.43,27.43,23.89,25.39,0,0
GKS_PB,D,20120720,000000,23.89,24.39,20.32,23.89,0,0
GKS_PB,D,20120723,000000,21.86,23.89,20.82,22.86,0,0
GKS_PB,D,20120724,000000,21.32,21.86,18.79,18.79,0,0
GKS_PB,D,20120725,000000,18.79,21.86,18.29,19.82,0,0
GKS_PB,D,20120726,000000,19.32,20.82,17.29,19.32,0,0
GKS_PB,D,20120727,000000,18.79,19.82,16.25,18.29,0,0
GKS_PB,D,20120730,000000,18.29,18.29,16.25,16.25,0,0
GKS_PB,D,20120731,000000,16.25,16.75,15.75,16.75,0,0
GKS_PB,D,20120801,000000,15.75,17.29,15.25,16.75,0,0
GKS_PB,D,20120802,000000,15.25,15.25,13.71,14.21,0,0
GKS_PB,D,20120803,000000,12.71,14.71,12.71,13.71,0,0
GKS_PB,D,20120806,000000,12.71,18.79,12.71,15.75,0,0
GKS_PB,D,20120807,000000,14.21,15.75,14.21,14.21,0,0
GKS_PB,D,20120808,000000,13.71,14.71,13.21,14.71,0,0
GKS_PB,D,20120809,000000,14.71,15.25,13.71,14.71,0,0
GKS_PB,D,20120810,000000,16.25,16.25,14.21,14.71,0,0
GKS_PB,D,20120813,000000,14.71,15.25,14.71,14.71,0,0
GKS_PB,D,20120814,000000,14.21,16.25,14.21,16.25,0,0
GKS_PB,D,20120816,000000,14.71,16.96,14.71,16.96,0,0
GKS_PB,D,20120817,000000,16.39,16.39,15.25,16.39,0,0
GKS_PB,D,20120821,000000,14.68,15.25,14.68,15.25,0,0
GKS_PB,D,20120822,000000,14.68,15.25,14.68,15.25,0,0
GKS_PB,D,20120823,000000,14.14,14.14,13.57,14.14,0,0
GKS_PB,D,20120824,000000,14.14,14.68,13,14.68,0,0
GKS_PB,D,20120827,000000,13,15.25,8.54,8.54,0,0
GKS_PB,D,20120828,000000,8.22,8.54,7.92,7.92,0,0
GKS_PB,D,20120829,000000,8.22,8.54,7.92,7.92,0,0
GKS_PB,D,20120830,000000,8.22,8.22,7.6,7.92,0,0
GKS_PB,D,20120831,000000,7.28,7.28,7.28,7.28,0,0
GKS_PB,D,20120903,000000,7.28,8.54,7.28,7.28,0,0
GKS_PB,D,20120904,000000,7.28,7.28,6.96,7.28,0,0
GKS_PB,D,20120905,000000,7.6,8.54,7.6,8.54,0,0
GKS_PB,D,20120906,000000,9.18,9.18,8.22,8.86,0,0
GKS_PB,D,20120907,000000,8.22,8.86,8.22,8.86,0,0
GKS_PB,D,20120910,000000,8.22,12.66,8.22,12.66,0,0
GKS_PB,D,20120911,000000,14.88,16.78,13.3,14.88,0,0
GKS_PB,D,20120912,000000,15.2,17.08,10.12,11.7,0,0
GKS_PB,D,20120913,000000,10.76,12.66,10.76,12.66,0,0
GKS_PB,D,20120914,000000,12.98,14.24,11.7,12.98,0,0
GKS_PB,D,20120917,000000,12.98,12.98,11.4,12.02,0,0
GKS_PB,D,20120918,000000,11.4,11.4,10.12,11.08,0,0
GKS_PB,D,20120919,000000,10.44,11.08,9.5,10.12,0,0
GKS_PB,D,20120920,000000,9.5,10.12,9.18,9.5,0,0
GKS_PB,D,20120921,000000,9.82,10.44,9.82,10.44,0,0
GKS_PB,D,20120924,000000,9.5,9.5,9.18,9.5,0,0
GKS_PB,D,20120925,000000,8.86,9.18,8.54,8.54,0,0
GKS_PB,D,20120926,000000,8.86,10.44,8.86,10.44,0,0
GKS_PB,D,20120927,000000,10.44,10.44,9.5,9.5,0,0
GKS_PB,D,20120928,000000,9.5,10.44,9.18,9.18,0,0
GKS_PB,D,20121001,000000,9.18,9.18,8.86,8.86,0,0
GKS_PB,D,20121002,000000,10.12,10.12,9.18,9.82,0,0
GKS_PB,D,20121003,000000,9.82,10.44,9.18,10.44,0,0
GKS_PB,D,20121004,000000,9.5,9.5,8.86,9.18,0,0
GKS_PB,D,20121005,000000,9.18,9.18,9.18,9.18,0,0
GKS_PB,D,20121008,000000,9.82,9.82,9.5,9.5,0,0
GKS_PB,D,20121009,000000,9.5,10.44,9.5,9.82,0,0
GKS_PB,D,20121010,000000,9.5,9.82,9.18,9.18,0,0
GKS_PB,D,20121011,000000,9.18,9.18,9.18,9.18,0,0
GKS_PB,D,20121012,000000,9.18,9.5,9.18,9.5,0,0
GKS_PB,D,20121015,000000,9.5,9.5,8.86,8.86,0,0
GKS_PB,D,20121017,000000,9.18,9.18,8.54,8.54,0,0
GKS_PB,D,20121018,000000,9.5,9.5,9.5,9.5,0,0
GKS_PB,D,20121019,000000,9.18,9.82,8.86,9.82,0,0
GKS_PB,D,20121022,000000,9.82,9.82,9.82,9.82,0,0
GKS_PB,D,20121023,000000,8.86,8.86,8.86,8.86,0,0
GKS_PB,D,20121024,000000,9.18,9.18,9.18,9.18,0,0
GKS_PB,D,20121025,000000,8.54,9.18,8.54,9.18,0,0
GKS_PB,D,20121029,000000,8.54,9.18,8.54,9.18,0,0
GKS_PB,D,20121030,000000,8.54,8.54,8.54,8.54,0,0
GKS_PB,D,20121031,000000,9.18,9.18,9.18,9.18,0,0
GKS_PB,D,20121102,000000,8.86,9.5,8.86,9.5,0,0
GKS_PB,D,20121105,000000,9.5,9.5,9.5,9.5,0,0
GKS_PB,D,20121107,000000,8.86,9.5,8.54,9.18,0,0
GKS_PB,D,20121108,000000,8.86,9.5,8.86,9.5,0,0
GKS_PB,D,20121109,000000,9.5,10.44,9.5,10.44,0,0
GKS_PB,D,20121112,000000,10.12,10.12,9.18,10.12,0,0
GKS_PB,D,20121113,000000,10.12,10.44,9.5,9.82,0,0
GKS_PB,D,20121114,000000,10.44,10.44,9.82,9.82,0,0
GKS_PB,D,20121115,000000,9.5,9.5,8.54,9.5,0,0
GKS_PB,D,20121116,000000,8.54,8.86,8.22,8.54,0,0
GKS_PB,D,20121119,000000,8.54,8.86,8.22,8.86,0,0
GKS_PB,D,20121120,000000,8.54,8.86,8.54,8.86,0,0
GKS_PB,D,20121121,000000,9.5,9.5,7.92,8.86,0,0
GKS_PB,D,20121123,000000,8.54,8.54,8.22,8.22,0,0
GKS_PB,D,20121126,000000,8.22,8.54,2.01,2.01,0,0
GKS_PB,D,20121127,000000,2.25,2.25,2.01,2.01,0,0
GKS_PB,D,20121128,000000,2.09,2.09,2.01,2.01,0,0
GKS_PB,D,20121129,000000,2.25,2.25,1.93,2.17,0,0
GKS_PB,D,20121130,000000,2.09,2.17,2.01,2.17,0,0
GKS_PB,D,20121203,000000,2.01,2.17,2.01,2.17,0,0
GKS_PB,D,20121204,000000,2.01,2.09,2.01,2.01,0,0
GKS_PB,D,20121205,000000,1.93,2.09,1.93,2.09,0,0
GKS_PB,D,20121206,000000,2.09,2.17,2.09,2.17,0,0
GKS_PB,D,20121207,000000,2.17,2.25,2.17,2.25,0,0
GKS_PB,D,20121211,000000,2.01,2.09,2.01,2.09,0,0
GKS_PB,D,20121212,000000,1.93,2.09,1.93,2.09,0,0
GKS_PB,D,20121214,000000,2.01,2.01,2.01,2.01,0,0
GKS_PB,D,20121217,000000,2.01,2.09,2.01,2.09,0,0
GKS_PB,D,20121219,000000,2.01,2.01,2.01,2.01,0,0
GKS_PB,D,20121220,000000,2.01,2.09,1.93,2.09,0,0
GKS_PB,D,20130104,000000,1.85,2.09,1.85,2.09,0,0
GKS_PB,D,20130108,000000,1.85,2.09,1.85,2.09,0,0
GKS_PB,D,20130111,000000,1.93,2.01,1.77,2.01,0,0
GKS_PB,D,20130114,000000,1.93,1.93,1.93,1.93,0,0
GKS_PB,D,20130116,000000,1.77,1.93,1.77,1.93,0,0
GKS_PB,D,20130122,000000,2.14,2.51,1.95,2.51,0,0
GKS_PB,D,20130123,000000,2.42,2.42,2.05,2.05,0,0
GKS_PB,D,20130124,000000,2.23,2.42,2.14,2.14,0,0
GKS_PB,D,20130125,000000,2.14,2.51,2.14,2.42,0,0
GKS_PB,D,20130128,000000,2.51,2.51,2.23,2.42,0,0
GKS_PB,D,20130129,000000,2.32,2.32,2.32,2.32,0,0
GKS_PB,D,20130130,000000,2.32,2.32,2.32,2.32,0,0
GKS_PB,D,20130131,000000,2.14,2.32,2.14,2.14,0,0
GKS_PB,D,20130201,000000,2.32,2.42,2.23,2.42,0,0
GKS_PB,D,20130211,000000,2.14,2.23,2.14,2.14,0,0
GKS_PB,D,20130212,000000,2.14,2.14,2.14,2.14,0,0
GKS_PB,D,20130213,000000,2.05,2.05,2.05,2.05,0,0
GKS_PB,D,20130218,000000,2.32,2.32,2.05,2.23,0,0
GKS_PB,D,20130219,000000,2.23,2.23,2.23,2.23,0,0
GKS_PB,D,20130220,000000,1.95,2.23,1.95,2.23,0,0
GKS_PB,D,20130221,000000,2.14,2.14,1.95,1.95,0,0
GKS_PB,D,20130222,000000,2.14,2.32,2.14,2.32,0,0
GKS_PB,D,20130225,000000,2.32,2.32,2.05,2.05,0,0
GKS_PB,D,20130226,000000,2.05,2.23,2.05,2.23,0,0
GKS_PB,D,20130227,000000,2.05,2.14,2.05,2.14,0,0
GKS_PB,D,20130228,000000,2.14,2.32,2.14,2.32,0,0
GKS_PB,D,20130301,000000,2.42,2.7,2.32,2.7,0,0
GKS_PB,D,20130304,000000,2.7,2.7,2.7,2.7,0,0
GKS_PB,D,20130305,000000,2.7,3.07,2.7,3.07,0,0
GKS_PB,D,20130306,000000,2.88,2.88,2.6,2.79,0,0
GKS_PB,D,20130307,000000,2.79,2.97,2.6,2.97,0,0
GKS_PB,D,20130308,000000,2.6,2.97,2.42,2.97,0,0
GKS_PB,D,20130314,000000,2.7,2.97,2.7,2.97,0,0
GKS_PB,D,20130315,000000,2.7,2.97,2.7,2.97,0,0
GKS_PB,D,20150528,000000,3.49,3.8,3.49,3.8,0,0
GKS_PB,D,20150529,000000,3.8,3.95,3.49,3.95,0,0
GKS_PB,D,20150602,000000,3.95,3.95,3.95,3.95,0,0
GKS_PB,D,20150603,000000,2.89,2.89,2.89,2.89,0,0
GKS_PB,D,20150605,000000,3.49,3.49,3.49,3.49,0,0
GKS_PB,D,20150611,000000,3.49,3.65,3.49,3.65,0,0
GKS_PB,D,20150622,000000,3.49,3.65,3.49,3.65,0,0
GKS_PB,D,20150710,000000,3.04,3.49,3.04,3.49,0,0
GKS_PB,D,20150715,000000,3.49,3.8,3.49,3.8,0,0
GKS_PB,D,20150717,000000,3.65,3.65,3.65,3.65,0,0
GKS_PB,D,20150721,000000,3.65,3.8,3.65,3.8,0,0
GKS_PB,D,20150722,000000,3.19,3.65,3.19,3.65,0,0
GKS_PB,D,20150723,000000,3.49,3.49,3.49,3.49,0,0
GKS_PB,D,20150724,000000,3.65,3.65,3.65,3.65,0,0
GKS_PB,D,20150727,000000,3.49,3.65,3.49,3.65,0,0
GKS_PB,D,20150728,000000,3.65,3.8,3.65,3.8,0,0
GKS_PB,D,20150729,000000,3.8,3.95,3.8,3.95,0,0
GKS_PB,D,20150730,000000,3.95,4.1,3.95,4.1,0,0
GKS_PB,D,20150731,000000,4.26,4.26,4.26,4.26,0,0
GKS_PB,D,20150803,000000,5.47,5.47,5.47,5.47,0,0
GKS_PB,D,20150804,000000,5.93,5.93,5.32,5.93,0,0
GKS_PB,D,20150805,000000,5.77,6.54,5.77,6.38,0,0
GKS_PB,D,20150806,000000,6.38,7.14,6.38,7.14,0,0
GKS_PB,D,20150807,000000,7.14,8.36,7.14,7.6,0,0
GKS_PB,D,20150810,000000,7.6,7.6,7.3,7.6,0,0
GKS_PB,D,20150811,000000,6.38,7.3,6.38,7.3,0,0
GKS_PB,D,20150812,000000,6.38,7.6,6.38,7.3,0,0
GKS_PB,D,20150813,000000,7.14,21.53,7.14,21.53,0,0
GKS_PB,D,20150814,000000,19.73,21.98,18.84,20.63,0,0
GKS_PB,D,20150817,000000,18.38,18.38,17.04,17.04,0,0
GKS_PB,D,20150818,000000,15.25,17.04,15.25,17.04,0,0
GKS_PB,D,20150819,000000,17.94,19.73,17.94,17.94,0,0
GKS_PB,D,20150820,000000,19.28,19.28,17.49,18.38,0,0
GKS_PB,D,20150826,000000,15.69,18.38,15.69,18.38,0,0
GKS_PB,D,20150831,000000,18.84,19.28,18.84,19.28,0,0
GKS_PB,D,20150902,000000,18.38,18.38,18.38,18.38,0,0
GKS_PB,D,20150908,000000,15.25,18.38,15.25,18.38,0,0
GKS_PB,D,20150914,000000,15.25,17.94,15.25,17.94,0,0
GKS_PB,D,20150915,000000,14.8,16.15,14.8,14.8,0,0
GKS_PB,D,20150916,000000,16.59,16.59,16.59,16.59,0,0
GKS_PB,D,20150924,000000,13.9,16.59,13.9,16.59,0,0
GKS_PB,D,20151009,000000,14.35,16.59,14.35,16.59,0,0
GKS_PB,D,20151103,000000,19.16,19.16,19.16,19.16,0,0
GKS_PB,D,20151109,000000,16.51,17.57,16.51,17.57,0,0
GKS_PB,D,20151110,000000,17.57,17.57,15.98,17.57,0,0
GKS_PB,D,20151113,000000,18.63,18.63,18.63,18.63,0,0
GKS_PB,D,20151116,000000,16.51,18.63,16.51,18.63,0,0
GKS_PB,D,20151117,000000,15.98,18.63,15.98,18.63,0,0
GKS_PB,D,20151118,000000,15.98,18.63,15.98,18.63,0,0
GKS_PB,D,20151119,000000,15.98,18.63,15.98,18.63,0,0
GKS_PB,D,20151120,000000,15.44,15.44,15.44,15.44,0,0
GKS_PB,D,20151123,000000,15.44,18.1,2.74,2.74,0,0
GKS_PB,D,20151130,000000,2.42,2.66,2.42,2.66,0,0
GKS_PB,D,20151201,000000,2.26,2.66,2.26,2.66,0,0
GKS_PB,D,20151204,000000,2.26,2.66,2.26,2.66,0,0
GKS_PB,D,20151209,000000,2.26,2.58,2.26,2.58,0,0
GKS_PB,D,20151210,000000,2.66,2.66,2.66,2.66,0,0
GKS_PB,D,20151230,000000,2.58,2.58,2.58,2.58,0,0
GKS_PB,D,20160105,000000,2.34,2.42,2.34,2.42,0,0
GKS_PB,D,20160108,000000,2.42,2.42,2.42,2.42,0,0
GKS_PB,D,20160112,000000,2.01,2.34,1.85,2.34,0,0
GKS_PB,D,20160113,000000,2.5,2.5,2.5,2.5,0,0
GKS_PB,D,20160122,000000,2.42,2.42,2.42,2.42,0,0
GKS_PB,D,20160127,000000,1.93,2.26,1.93,2.26,0,0
GKS_PB,D,20160128,000000,2.5,3.59,2.5,3.59,0,0
GKS_PB,D,20160202,000000,2.78,3.01,2.32,2.9,0,0
GKS_PB,D,20160203,000000,2.9,3.01,2.9,3.01,0,0
GKS_PB,D,20160204,000000,3.13,3.36,2.55,2.9,0,0
GKS_PB,D,20160205,000000,2.55,3.24,2.55,3.24,0,0
GKS_PB,D,20160208,000000,2.9,3.24,2.55,3.24,0,0
GKS_PB,D,20160209,000000,2.67,3.13,2.67,3.13,0,0
GKS_PB,D,20160215,000000,3.13,3.36,3.13,3.36,0,0
GKS_PB,D,20160216,000000,3.36,3.36,3.36,3.36,0,0
GKS_PB,D,20160217,000000,3.36,3.48,3.36,3.48,0,0
GKS_PB,D,20160224,000000,3.59,3.83,3.59,3.83,0,0
GKS_PB,D,20160225,000000,3.94,4.52,3.94,4.52,0,0
GKS_PB,D,20160226,000000,4.87,5.22,4.87,4.87,0,0
GKS_PB,D,20160301,000000,4.87,4.98,4.87,4.98,0,0
GKS_PB,D,20160302,000000,5.1,5.1,4.87,4.87,0,0
GKS_PB,D,20160304,000000,4.75,4.87,4.75,4.87,0,0
GKS_PB,D,20160309,000000,3.94,3.94,3.94,3.94,0,0
GKS_PB,D,20160310,000000,4.29,4.75,4.29,4.75,0,0
GKS_PB,D,20160311,000000,4.64,4.64,4.64,4.64,0,0
GKS_PB,D,20160314,000000,4.64,4.64,4.64,4.64,0,0
GKS_PB,D,20160317,000000,4.52,4.75,4.52,4.64,0,0
GKS_PB,D,20160318,000000,4.64,4.75,4.64,4.75,0,0
GKS_PB,D,20160321,000000,3.94,3.94,3.83,3.83,0,0
GKS_PB,D,20160322,000000,4.52,4.52,3.83,4.52,0,0
GKS_PB,D,20160323,000000,4.52,4.75,4.52,4.75,0,0
GKS_PB,D,20160329,000000,4.64,4.64,4.64,4.64,0,0
GKS_PB,D,20160330,000000,4.64,4.98,4.64,4.98,0,0
GKS_PB,D,20160331,000000,4.98,5.22,4.98,5.22,0,0
GKS_PB,D,20160414,000000,4.52,4.52,4.52,4.52,0,0
GKS_PB,D,20160420,000000,4.54,5.21,4.54,5.21,0,0
GKS_PB,D,20160425,000000,5.21,5.21,4.55,4.55,0,0
GKS_PB,D,20160426,000000,4.08,4.43,4.08,4.43,0,0
GKS_PB,D,20160428,000000,4.08,4.43,3.96,4.43,0,0
GKS_PB,D,20160506,000000,4.43,4.55,3.96,4.55,0,0
GKS_PB,D,20160509,000000,3.96,4.43,3.96,4.43,0,0
GKS_PB,D,20160510,000000,4.43,4.55,4.43,4.55,0,0
GKS_PB,D,20160512,000000,3.96,4.43,3.96,4.43,0,0
GKS_PB,D,20160513,000000,3.96,4.55,3.96,4.55,0,0
GKS_PB,D,20160517,000000,4.43,4.43,4.43,4.43,0,0
GKS_PB,D,20160519,000000,3.85,4.31,3.85,4.31,0,0
GKS_PB,D,20160523,000000,3.85,4.43,3.85,4.43,0,0
GKS_PB,D,20160524,000000,4.31,4.31,4.31,4.31,0,0
GKS_PB,D,20160602,000000,4.19,4.19,4.19,4.19,0,0
GKS_PB,D,20160603,000000,3.96,4.31,3.96,4.31,0,0
GKS_PB,D,20160607,000000,3.96,4.31,3.96,4.31,0,0
GKS_PB,D,20160609,000000,3.96,4.31,3.96,4.31,0,0
GKS_PB,D,20160610,000000,3.96,4.31,3.96,4.31,0,0
GKS_PB,D,20160613,000000,3.85,4.31,3.5,4.31,0,0
GKS_PB,D,20160623,000000,3.61,4.08,3.61,4.08,0,0
GKS_PB,D,20160624,000000,4.08,4.08,4.08,4.08,0,0
GKS_PB,D,20160627,000000,4.19,4.19,4.19,4.19,0,0
GKS_PB,D,20160628,000000,3.61,4.08,3.61,4.08,0,0
GKS_PB,D,20160629,000000,3.61,4.19,3.5,3.61,0,0
GKS_PB,D,20160630,000000,3.61,3.85,3.61,3.85,0,0
GKS_PB,D,20160701,000000,3.61,4.19,3.61,4.19,0,0
GKS_PB,D,20160728,000000,4.19,4.93,4.19,4.93,0,0
GKS_PB,D,20160729,000000,5.07,5.07,5.07,5.07,0,0
GKS_PB,D,20160803,000000,4.93,5.2,4.93,5.2,0,0
GKS_PB,D,20160804,000000,5.2,5.2,5.2,5.2,0,0
GKS_PB,D,20160831,000000,4.34,5.18,4.34,5.18,0,0
GKS_PB,D,20160902,000000,4.34,5.18,4.34,5.18,0,0
GKS_PB,D,20160905,000000,5.18,5.32,5.18,5.32,0,0
GKS_PB,D,20160913,000000,4.76,5.32,4.76,5.32,0,0
GKS_PB,D,20160915,000000,4.48,5.32,4.48,5.32,0,0
GKS_PB,D,20160926,000000,5.32,5.46,5.32,5.46,0,0
GKS_PB,D,20161003,000000,4.48,5.32,4.48,5.32,0,0
GKS_PB,D,20161004,000000,4.9,5.46,4.9,5.46,0,0
GKS_PB,D,20161012,000000,5.46,5.46,5.46,5.46,0,0
GKS_PB,D,20161031,000000,4.42,4.42,4.42,4.42,0,0
GKS_PB,D,20161121,000000,4.42,4.42,4.42,4.42,0,0
GKS_PB,D,20161122,000000,4.08,4.08,4.08,4.08,0,0
GKS_PB,D,20161206,000000,3.97,3.97,3.63,3.63,0,0
GKS_PB,D,20161212,000000,3.97,3.97,3.97,3.97,0,0
GKS_PB,D,20161216,000000,3.29,3.29,3.29,3.29,0,0
GKS_PB,D,20161221,000000,4.08,4.08,4.08,4.08,0,0
GKS_PB,D,20170102,000000,4.08,4.08,4.08,4.08,0,0
GKS_PB,D,20170103,000000,4.08,4.08,4.08,4.08,0,0
GKS_PB,D,20170104,000000,4.08,4.08,4.08,4.08,0,0
GKS_PB,D,20170105,000000,4.08,4.08,4.08,4.08,0,0
GKS_PB,D,20170109,000000,3.97,4.42,3.97,4.42,0,0
GKS_PB,D,20170110,000000,4.31,4.42,4.31,4.42,0,0
GKS_PB,D,20170112,000000,4.31,4.31,4.31,4.31,0,0
GKS_PB,D,20170113,000000,4.31,4.31,4.31,4.31,0,0
GKS_PB,D,20170116,000000,4.42,4.42,4.42,4.42,0,0
GKS_PB,D,20170117,000000,4.42,4.53,4.42,4.53,0,0
GKS_PB,D,20170118,000000,4.53,4.53,4.53,4.53,0,0
GKS_PB,D,20170119,000000,4.53,4.53,4.42,4.42,0,0
GKS_PB,D,20170120,000000,4.42,4.42,4.42,4.42,0,0
GKS_PB,D,20170123,000000,4.53,4.53,4.53,4.53,0,0
GKS_PB,D,20170124,000000,4.53,4.53,4.53,4.53,0,0
GKS_PB,D,20170125,000000,4.42,4.53,4.42,4.53,0,0
GKS_PB,D,20170126,000000,4.42,4.42,4.42,4.42,0,0
GKS_PB,D,20170127,000000,4.42,6.23,4.19,5.44,0,0
GKS_PB,D,20170130,000000,5.89,5.89,4.76,5.38,0,0
GKS_PB,D,20170131,000000,5.48,5.59,5.17,5.59,0,0
GKS_PB,D,20170201,000000,5.48,5.48,5.17,5.48,0,0
GKS_PB,D,20170202,000000,5.27,6.91,5.27,6.91,0,0
GKS_PB,D,20170203,000000,6.26,7.23,4.1,4.1,0,0
GKS_PB,D,20170206,000000,4.21,4.21,3.99,3.99,0,0
GKS_PB,D,20170207,000000,3.99,4.21,3.99,4.21,0,0
GKS_PB,D,20170208,000000,4.1,4.1,3.88,3.88,0,0
GKS_PB,D,20170209,000000,3.78,4.21,3.78,4.1,0,0
GKS_PB,D,20170210,000000,4.1,4.21,4.1,4.21,0,0
GKS_PB,D,20170213,000000,4.21,4.21,4.1,4.21,0,0
GKS_PB,D,20170215,000000,4.1,4.1,3.99,3.99,0,0
GKS_PB,D,20170216,000000,3.99,4.21,3.99,4.21,0,0
GKS_PB,D,20170223,000000,4.1,4.1,4.1,4.1,0,0
GKS_PB,D,20170224,000000,3.99,4.21,3.78,4.21,0,0
GKS_PB,D,20170301,000000,4.21,4.21,4.21,4.21,0,0
GKS_PB,D,20170302,000000,4.1,4.1,4.1,4.1,0,0
GKS_PB,D,20170303,000000,3.99,4.1,3.99,4.1,0,0
GKS_PB,D,20170306,000000,4.21,4.21,3.99,4.21,0,0
GKS_PB,D,20170307,000000,3.88,4.1,3.78,4.1,0,0
GKS_PB,D,20170308,000000,3.88,3.88,3.67,3.67,0,0
GKS_PB,D,20170309,000000,4.1,4.1,4.1,4.1,0,0
GKS_PB,D,20170310,000000,4.1,4.1,4.1,4.1,0,0
GKS_PB,D,20170313,000000,4.1,4.1,4.1,4.1,0,0
GKS_PB,D,20170315,000000,4.1,4.1,4.1,4.1,0,0
GKS_PB,D,20170316,000000,4.1,4.1,4.1,4.1,0,0
GKS_PB,D,20170317,000000,4.1,4.1,4.1,4.1,0,0
GKS_PB,D,20170320,000000,4.1,4.1,4.1,4.1,0,0
GKS_PB,D,20170321,000000,3.45,3.99,3.45,3.56,0,0
GKS_PB,D,20170322,000000,3.56,3.88,3.45,3.88,0,0
GKS_PB,D,20170323,000000,3.88,3.88,3.88,3.88,0,0
GKS_PB,D,20170324,000000,3.78,4.1,3.78,4.1,0,0
GKS_PB,D,20170327,000000,4.1,4.1,4.1,4.1,0,0
GKS_PB,D,20170328,000000,4.1,4.1,4.1,4.1,0,0
GKS_PB,D,20170330,000000,3.45,4.1,3.45,4.1,0,0
GKS_PB,D,20170403,000000,4.1,4.1,3.45,3.45,0,0
GKS_PB,D,20170405,000000,4.1,4.1,3.99,4.1,0,0
GKS_PB,D,20170406,000000,3.99,4.1,3.99,4.1,0,0
GKS_PB,D,20170407,000000,4.1,4.1,4.1,4.1,0,0
GKS_PB,D,20170410,000000,4.1,4.1,4.1,4.1,0,0
GKS_PB,D,20170411,000000,4.1,4.1,4.1,4.1,0,0
GKS_PB,D,20170419,000000,3.56,5.24,3.56,5.24,0,0
GKS_PB,D,20170420,000000,5.24,5.38,5.24,5.24,0,0
GKS_PB,D,20170421,000000,5.38,5.38,5.38,5.38,0,0
GKS_PB,D,20170424,000000,5.24,5.38,5.24,5.38,0,0
GKS_PB,D,20170426,000000,5.24,5.24,5.24,5.24,0,0
GKS_PB,D,20170428,000000,5.09,5.38,5.09,5.38,0,0
GKS_PB,D,20170502,000000,5.38,6.09,5.24,5.8,0,0
GKS_PB,D,20170504,000000,5.52,5.8,2.96,2.96,0,0
GKS_PB,D,20170505,000000,2.96,3.11,2.96,2.96,0,0
GKS_PB,D,20170508,000000,2.53,2.96,2.38,2.96,0,0
GKS_PB,D,20170509,000000,2.53,2.89,2.53,2.89,0,0
GKS_PB,D,20170512,000000,2.89,2.96,2.89,2.96,0,0
GKS_PB,D,20170515,000000,2.53,2.82,2.24,2.67,0,0
GKS_PB,D,20170516,000000,2.67,2.67,2.53,2.53,0,0
GKS_PB,D,20170517,000000,2.53,2.6,2.53,2.6,0,0
GKS_PB,D,20170518,000000,2.75,2.75,2.75,2.75,0,0
GKS_PB,D,20170522,000000,2.24,2.31,2.24,2.31,0,0
GKS_PB,D,20170523,000000,2.31,2.31,2.17,2.17,0,0
GKS_PB,D,20170525,000000,2.31,2.31,2.31,2.31,0,0
GKS_PB,D,20170526,000000,2.31,2.31,2.31,2.31,0,0
GKS_PB,D,20170529,000000,2.31,2.38,2.31,2.38,0,0
GKS_PB,D,20170531,000000,2.38,2.67,2.38,2.67,0,0
GKS_PB,D,20170601,000000,2.6,2.6,2.6,2.6,0,0
GKS_PB,D,20170602,000000,2.53,2.89,2.53,2.89,0,0
GKS_PB,D,20170605,000000,2.89,2.89,2.89,2.89,0,0
GKS_PB,D,20170606,000000,2.82,2.82,2.82,2.82,0,0
GKS_PB,D,20170607,000000,2.82,2.89,2.82,2.89,0,0
GKS_PB,D,20170608,000000,2.89,2.89,2.89,2.89,0,0
GKS_PB,D,20170609,000000,2.89,2.89,2.46,2.89,0,0
GKS_PB,D,20170616,000000,2.82,2.82,2.82,2.82,0,0
GKS_PB,D,20170619,000000,2.75,2.75,2.31,2.67,0,0
GKS_PB,D,20170620,000000,2.31,2.67,2.31,2.67,0,0
GKS_PB,D,20170621,000000,2.31,2.6,2.31,2.6,0,0
GKS_PB,D,20170622,000000,2.6,2.6,2.6,2.6,0,0
GKS_PB,D,20170623,000000,2.75,2.75,2.75,2.75,0,0
GKS_PB,D,20170710,000000,2.67,2.67,2.67,2.67,0,0
GKS_PB,D,20170712,000000,2.24,2.31,2.17,2.31,0,0
GKS_PB,D,20170713,000000,2.31,2.31,2.31,2.31,0,0
GKS_PB,D,20170714,000000,2.6,2.6,2.6,2.6,0,0
GKS_PB,D,20170717,000000,2.6,2.6,2.6,2.6,0,0
GKS_PB,D,20170721,000000,2.6,2.6,2.6,2.6,0,0
GKS_PB,D,20170724,000000,2.31,2.6,2.24,2.6,0,0
GKS_PB,D,20170727,000000,2.6,2.6,2.6,2.6,0,0
GKS_PB,D,20170731,000000,3.14,3.77,3.14,3.77,0,0
GKS_PB,D,20170807,000000,3.77,3.77,3.35,3.35,0,0
GKS_PB,D,20170808,000000,3.56,3.77,3.56,3.77,0,0
GKS_PB,D,20170809,000000,3.35,3.77,3.35,3.77,0,0
GKS_PB,D,20170810,000000,3.35,3.35,3.35,3.35,0,0
GKS_PB,D,20170811,000000,3.35,3.35,3.35,3.35,0,0
GKS_PB,D,20170814,000000,3.35,3.35,3.35,3.35,0,0
GKS_PB,D,20170818,000000,3.24,3.24,3.03,3.03,0,0
GKS_PB,D,20170821,000000,3.03,3.45,3.03,3.45,0,0
GKS_PB,D,20170828,000000,3.14,3.14,3.14,3.14,0,0
GKS_PB,D,20170901,000000,3.35,3.35,3.35,3.35,0,0
GKS_PB,D,20170906,000000,3.24,3.24,3.24,3.24,0,0
GKS_PB,D,20170907,000000,3.35,3.35,3.35,3.35,0,0
GKS_PB,D,20170911,000000,2.93,3.35,2.93,3.35,0,0
GKS_PB,D,20170913,000000,2.93,2.93,2.93,2.93,0,0
GKS_PB,D,20170918,000000,2.93,2.93,2.93,2.93,0,0
GKS_PB,D,20170920,000000,3.24,3.24,3.24,3.24,0,0
GKS_PB,D,20170928,000000,3.24,3.24,3.24,3.24,0,0
GKS_PB,D,20171002,000000,3.24,3.24,3.24,3.24,0,0
GKS_PB,D,20171004,000000,3.24,3.24,3.24,3.24,0,0
GKS_PB,D,20171010,000000,3.24,3.24,3.24,3.24,0,0
GKS_PB,D,20171016,000000,3.14,3.24,3.14,3.24,0,0
GKS_PB,D,20171018,000000,3.24,3.24,3.24,3.24,0,0
GKS_PB,D,20171026,000000,3.14,3.14,3.14,3.14,0,0
GKS_PB,D,20171027,000000,3.14,3.6,3.14,3.6,0,0
GKS_PB,D,20171030,000000,3.6,3.6,3.6,3.6,0,0
GKS_PB,D,20171031,000000,3.6,3.6,3.6,3.6,0,0
GKS_PB,D,20171102,000000,3.6,3.6,3.6,3.6,0,0
GKS_PB,D,20171103,000000,3.6,3.6,3.6,3.6,0,0
GKS_PB,D,20171106,000000,3.6,3.6,3.6,3.6,0,0
GKS_PB,D,20171107,000000,3.6,3.6,3.6,3.6,0,0
GKS_PB,D,20171108,000000,3.6,3.6,3.6,3.6,0,0
GKS_PB,D,20171109,000000,3.6,3.6,3.6,3.6,0,0
GKS_PB,D,20171110,000000,3.6,3.6,3.6,3.6,0,0
GKS_PB,D,20171113,000000,3.6,3.6,3.6,3.6,0,0
GKS_PB,D,20171114,000000,3.6,3.6,3.6,3.6,0,0
GKS_PB,D,20171115,000000,3.6,3.6,3.6,3.6,0,0
GKS_PB,D,20171116,000000,3.6,3.6,3.6,3.6,0,0
GKS_PB,D,20171117,000000,3.6,3.72,3.6,3.72,0,0
GKS_PB,D,20171120,000000,3.72,3.72,3.72,3.72,0,0
GKS_PB,D,20171122,000000,3.72,3.72,3.72,3.72,0,0
GKS_PB,D,20171123,000000,3.72,3.72,3.6,3.6,0,0
GKS_PB,D,20171124,000000,3.6,3.6,3.6,3.6,0,0
GKS_PB,D,20171130,000000,3.72,3.72,3.72,3.72,0,0
GKS_PB,D,20171204,000000,3.72,3.72,3.72,3.72,0,0
GKS_PB,D,20171205,000000,3.72,3.72,3.72,3.72,0,0
GKS_PB,D,20171206,000000,3.12,3.12,2.76,2.76,0,0
GKS_PB,D,20171207,000000,2.76,2.76,2.76,2.76,0,0
GKS_PB,D,20171208,000000,3.72,3.84,3.72,3.84,0,0
GKS_PB,D,20171215,000000,3.72,3.72,3.72,3.72,0,0
GKS_PB,D,20171219,000000,3.84,3.84,3.84,3.84,0,0
GKS_PB,D,20171220,000000,3.48,3.48,3.48,3.48,0,0
GKS_PB,D,20171222,000000,3.72,3.72,3.72,3.72,0,0
GKS_PB,D,20180104,000000,3.84,3.84,3.84,3.84,0,0
GKS_PB,D,20180111,000000,3.84,3.84,3.84,3.84,0,0
GKS_PB,D,20180115,000000,3.6,3.6,3.6,3.6,0,0
GKS_PB,D,20180116,000000,3.84,3.84,3.84,3.84,0,0
GKS_PB,D,20180117,000000,3.84,3.84,3.84,3.84,0,0
GKS_PB,D,20180118,000000,3.84,3.84,3.84,3.84,0,0
GKS_PB,D,20180201,000000,3.84,3.95,3.72,3.95,0,0
GKS_PB,D,20180202,000000,3.95,3.95,3.95,3.95,0,0
GKS_PB,D,20180215,000000,5.5,5.5,5.5,5.5,0,0
GKS_PB,D,20180220,000000,4.58,4.58,4.58,4.58,0,0
GKS_PB,D,20180226,000000,4.58,5.5,4.58,5.5,0,0
GKS_PB,D,20180227,000000,5.86,5.86,5.86,5.86,0,0
GKS_PB,D,20180302,000000,5.86,5.86,5.86,5.86,0,0
GKS_PB,D,20180306,000000,5.86,5.86,5.68,5.86,0,0
GKS_PB,D,20180307,000000,5.68,5.86,5.68,5.86,0,0
GKS_PB,D,20180309,000000,5.86,5.86,5.86,5.86,0,0
GKS_PB,D,20180313,000000,4.95,5.86,4.95,5.86,0,0
GKS_PB,D,20180314,000000,5.86,5.86,5.86,5.86,0,0
GKS_PB,D,20180315,000000,5.86,5.86,5.86,5.86,0,0
GKS_PB,D,20180316,000000,5.86,5.86,5.86,5.86,0,0
GKS_PB,D,20180321,000000,5.86,5.86,5.86,5.86,0,0
GKS_PB,D,20180323,000000,5.86,5.86,5.86,5.86,0,0
GKS_PB,D,20180326,000000,5.86,5.86,5.86,5.86,0,0
GKS_PB,D,20180328,000000,5.5,5.5,4.4,4.58,0,0
GKS_PB,D,20180329,000000,5.32,5.32,5.13,5.32,0,0
GKS_PB,D,20180404,000000,5.5,5.5,5.5,5.5,0,0
GKS_PB,D,20180405,000000,5.5,5.5,5.5,5.5,0,0
GKS_PB,D,20180406,000000,5.5,5.68,5.5,5.68,0,0
GKS_PB,D,20180410,000000,5.86,5.86,5.86,5.86,0,0
GKS_PB,D,20180413,000000,5.86,5.86,5.86,5.86,0,0
GKS_PB,D,20180417,000000,5.86,5.86,5.86,5.86,0,0
GKS_PB,D,20180730,000000,21.1,21.1,21.1,21.1,0,0
GKS_PB,D,20180731,000000,21.1,21.1,21.1,21.1,0,0
GKS_PB,D,20180808,000000,25.75,25.75,25.75,25.75,0,0
GKS_PB,D,20180817,000000,25.75,25.75,25.75,25.75,0,0
GKS_PB,D,20180820,000000,25.75,25.75,25.75,25.75,0,0
GKS_PB,D,20180821,000000,25.75,25.75,25.75,25.75,0,0
GKS_PB,D,20180822,000000,25.75,25.75,25.75,25.75,0,0
GKS_PB,D,20180823,000000,25.75,25.75,25.75,25.75,0,0
GKS_PB,D,20180824,000000,25.75,25.75,25.75,25.75,0,0
GKS_PB,D,20180828,000000,22.19,22.19,22.19,22.19,0,0
GKS_PB,D,20180829,000000,21.3,21.3,20.41,20.41,0,0
GKS_PB,D,20180830,000000,20.41,20.41,20.41,20.41,0,0
GKS_PB,D,20180903,000000,20.41,20.41,20.41,20.41,0,0
GKS_PB,D,20180904,000000,21.3,21.3,21.3,21.3,0,0
GKS_PB,D,20180905,000000,21.3,21.3,21.3,21.3,0,0
GKS_PB,D,20180906,000000,21.3,21.3,21.3,21.3,0,0
GKS_PB,D,20180907,000000,21.3,21.3,21.3,21.3,0,0
GKS_PB,D,20180911,000000,23.97,23.97,23.97,23.97,0,0
GKS_PB,D,20180914,000000,19.52,19.52,17.75,17.75,0,0
GKS_PB,D,20180917,000000,17.75,17.75,17.75,17.75,0,0
GKS_PB,D,20180918,000000,21.3,21.3,21.3,21.3,0,0
GKS_PB,D,20180919,000000,20.41,20.41,20.41,20.41,0,0
GKS_PB,D,20180920,000000,17.75,17.75,17.75,17.75,0,0
GKS_PB,D,20180921,000000,21.3,22.19,21.3,22.19,0,0
GKS_PB,D,20180925,000000,19.52,19.52,19.52,19.52,0,0
GKS_PB,D,20180926,000000,17.75,17.75,17.75,17.75,0,0
GKS_PB,D,20180928,000000,20.41,20.41,20.41,20.41,0,0
GKS_PB,D,20181001,000000,21.3,21.3,21.3,21.3,0,0
GKS_PB,D,20181002,000000,21.3,21.3,21.3,21.3,0,0
GKS_PB,D,20181004,000000,21.3,21.3,21.3,21.3,0,0
GKS_PB,D,20181005,000000,20.41,20.41,20.41,20.41,0,0
GKS_PB,D,20181010,000000,19.52,19.52,15.98,15.98,0,0
GKS_PB,D,20181011,000000,17.75,18.63,15.98,15.98,0,0
GKS_PB,D,20181012,000000,18.63,18.63,15.1,18.63,0,0
GKS_PB,D,20181015,000000,17.75,17.75,14.21,14.21,0,0
GKS_PB,D,20181016,000000,11.54,11.54,11.54,11.54,0,0
GKS_PB,D,20181017,000000,10.65,15.1,10.65,15.1,0,0
GKS_PB,D,20181018,000000,15.98,15.98,13.32,13.32,0,0
GKS_PB,D,20181019,000000,13.32,13.32,11.54,11.54,0,0
GKS_PB,D,20181022,000000,13.32,13.32,13.32,13.32,0,0
GKS_PB,D,20181026,000000,15.98,15.98,15.98,15.98,0,0
GKS_PB,D,20181029,000000,15.1,15.1,14.21,14.21,0,0
GKS_PB,D,20190506,000000,0.95,0.95,0.95,0.95,0,0
GKS_PB,D,20190507,000000,0.95,0.95,0.95,0.95,0,0
GKS_PB,D,20190508,000000,0.88,0.88,0.88,0.88,0,0
GKS_PB,D,20190515,000000,0.95,0.95,0.95,0.95,0,0
GKS_PB,D,20190516,000000,0.95,1.16,0.95,1.16,0,0
GKS_PB,D,20190517,000000,1.16,1.16,1.16,1.16,0,0
GKS_PB,D,20190520,000000,1.07,1.14,1.07,1.14,0,0
GKS_PB,D,20190522,000000,1.14,1.14,1.14,1.14,0,0
GKS_PB,D,20190527,000000,0.89,0.89,0.89,0.89,0,0
GKS_PB,D,20190530,000000,0.89,0.89,0.89,0.89,0,0
GKS_PB,D,20190611,000000,0.89,0.89,0.89,0.89,0,0
GKS_PB,D,20190613,000000,0.89,0.89,0.89,0.89,0,0
GKS_PB,D,20190618,000000,0.89,0.89,0.89,0.89,0,0
GKS_PB,D,20190621,000000,0.71,0.71,0.71,0.71,0,0
GKS_PB,D,20190624,000000,0.76,0.76,0.76,0.76,0,0
GKS_PB,D,20190625,000000,0.89,0.89,0.89,0.89,0,0
GKS_PB,D,20190627,000000,0.98,0.98,0.98,0.98,0,0
GKS_PB,D,20190628,000000,0.98,0.98,0.98,0.98,0,0
GKS_PB,D,20190701,000000,1.14,1.14,1.14,1.14,0,0
GKS_PB,D,20190702,000000,1.15,1.15,1.15,1.15,0,0
GKS_PB,D,20190704,000000,0.98,0.98,0.89,0.89,0,0
GKS_PB,D,20190708,000000,0.98,1.07,0.98,1.07,0,0
GKS_PB,D,20190710,000000,1.07,1.15,1.07,1.15,0,0
GKS_PB,D,20190711,000000,0.98,0.98,0.98,0.98,0,0
GKS_PB,D,20190712,000000,1.15,1.15,1.15,1.15,0,0
GKS_PB,D,20190716,000000,1.15,1.15,1.15,1.15,0,0
GKS_PB,D,20190719,000000,1.15,1.15,1.15,1.15,0,0
GKS_PB,D,20190724,000000,0.98,1.15,0.98,1.15,0,0
GKS_PB,D,20190726,000000,0.98,0.98,0.98,0.98,0,0
GKS_PB,D,20190729,000000,1.16,2.6,1.16,2.6,0,0
GKS_PB,D,20190801,000000,2.58,2.58,2.58,2.58,0,0
GKS_PB,D,20190807,000000,2.2,2.2,2.2,2.2,0,0
GKS_PB,D,20190808,000000,2.58,2.58,2.58,2.58,0,0
GKS_PB,D,20190813,000000,2.58,2.58,2.58,2.58,0,0
GKS_PB,D,20190819,000000,2.5,2.58,2.2,2.58,0,0
GKS_PB,D,20190820,000000,2.58,2.58,2.58,2.58,0,0
GKS_PB,D,20190822,000000,2.58,2.58,2.58,2.58,0,0
GKS_PB,D,20190823,000000,2.58,2.58,2.58,2.58,0,0
GKS_PB,D,20190826,000000,2.22,2.22,2.22,2.22,0,0
GKS_PB,D,20190827,000000,2.56,2.56,2.56,2.56,0,0
GKS_PB,D,20190828,000000,2.58,2.58,2.58,2.58,0,0
GKS_PB,D,20190906,000000,2.58,2.58,2.58,2.58,0,0
GKS_PB,D,20190910,000000,2.58,2.58,2.58,2.58,0,0
GKS_PB,D,20190913,000000,2.58,2.6,2.56,2.6,0,0
GKS_PB,D,20190916,000000,2.6,2.6,2.6,2.6,0,0
GKS_PB,D,20190918,000000,2.6,2.6,2.6,2.6,0,0
GKS_PB,D,20190919,000000,2.6,2.6,2.6,2.6,0,0
GKS_PB,D,20190920,000000,2.6,2.6,2.58,2.6,0,0
GKS_PB,D,20190923,000000,2.6,2.6,2.58,2.6,0,0
GKS_PB,D,20190924,000000,2.6,2.6,2.6,2.6,0,0
GKS_PB,D,20190926,000000,2.58,2.6,2.58,2.6,0,0
GKS_PB,D,20190927,000000,2.6,2.6,2.6,2.6,0,0
GKS_PB,D,20190930,000000,2.58,2.6,2.4,2.6,0,0
GKS_PB,D,20191001,000000,2.6,2.6,2.6,2.6,0,0
GKS_PB,D,20191002,000000,2.6,2.6,2.4,2.4,0,0
GKS_PB,D,20191003,000000,2.58,2.58,2.58,2.58,0,0
GKS_PB,D,20191004,000000,2.58,2.58,2.58,2.58,0,0
GKS_PB,D,20191008,000000,2.58,2.58,2.58,2.58,0,0
GKS_PB,D,20191009,000000,2.58,2.58,2.58,2.58,0,0
GKS_PB,D,20191010,000000,2.58,2.58,2.58,2.58,0,0
GKS_PB,D,20191011,000000,2.58,2.6,2.58,2.6,0,0
GKS_PB,D,20191016,000000,2.6,2.6,2.6,2.6,0,0
GKS_PB,D,20191018,000000,2.6,2.6,2.6,2.6,0,0
GKS_PB,D,20191021,000000,2.6,2.6,2.6,2.6,0,0
GKS_PB,D,20191022,000000,2.6,2.6,2.6,2.6,0,0
GKS_PB,D,20191024,000000,2.6,2.6,2.6,2.6,0,0
GKS_PB,D,20191025,000000,2.58,2.58,2.58,2.58,0,0
GKS_PB,D,20191028,000000,2.56,2.6,2.4,2.4,0,0
GKS_PB,D,20191029,000000,2.38,2.58,2.38,2.58,0,0
GKS_PB,D,20191031,000000,2.4,2.58,2.36,2.58,0,0
GKS_PB,D,20191106,000000,2.56,2.58,2.56,2.58,0,0
GKS_PB,D,20191108,000000,2.58,2.58,2.58,2.58,0,0
GKS_PB,D,20191112,000000,2.56,2.6,2.56,2.6,0,0
GKS_PB,D,20191113,000000,2.58,2.58,2.58,2.58,0,0
GKS_PB,D,20191120,000000,2.5,2.58,2.5,2.58,0,0
GKS_PB,D,20191122,000000,2.56,2.58,2.56,2.58,0,0
GKS_PB,D,20191125,000000,2.48,2.58,2.42,2.58,0,0
GKS_PB,D,20191126,000000,2.44,2.58,2.4,2.58,0,0
GKS_PB,D,20191127,000000,2.56,2.56,2.56,2.56,0,0
GKS_PB,D,20191128,000000,2.56,2.58,2.56,2.58,0,0
GKS_PB,D,20191129,000000,2.58,2.6,2.58,2.6,0,0
GKS_PB,D,20191202,000000,2.6,2.6,2.6,2.6,0,0
GKS_PB,D,20191204,000000,2.6,2.6,2.6,2.6,0,0
GKS_PB,D,20191205,000000,2.6,2.6,2.6,2.6,0,0
GKS_PB,D,20191206,000000,2.6,2.6,2.6,2.6,0,0
GKS_PB,D,20191209,000000,2.6,2.6,2.4,2.4,0,0
GKS_PB,D,20191210,000000,2.6,2.6,2.6,2.6,0,0
GKS_PB,D,20191211,000000,2.6,2.6,2.6,2.6,0,0
GKS_PB,D,20191212,000000,2.6,2.6,2.6,2.6,0,0
GKS_PB,D,20191213,000000,2.6,2.6,2.6,2.6,0,0
GKS_PB,D,20191223,000000,7.95,7.95,7.95,7.95,0,0
GKS_PB,D,20191230,000000,8.61,8.61,8.61,8.61,0,0
GKS_PB,D,20200102,000000,9.01,9.01,8.94,8.94,0,0
GKS_PB,D,20200103,000000,8.94,8.94,8.94,8.94,0,0
GKS_PB,D,20200107,000000,8.87,8.94,8.87,8.94,0,0
GKS_PB,D,20200108,000000,8.94,10.6,8.94,10.6,0,0
GKS_PB,D,20200109,000000,9.27,9.27,9.27,9.27,0,0
GKS_PB,D,20200110,000000,9.27,9.27,9.27,9.27,0,0
GKS_PB,D,20200113,000000,9.27,9.27,9.27,9.27,0,0
GKS_PB,D,20200114,000000,8.61,9.27,8.61,9.27,0,0
GKS_PB,D,20200116,000000,9.27,10.6,9.27,10.6,0,0
GKS_PB,D,20200117,000000,10.6,11,10.6,11,0,0
GKS_PB,D,20200120,000000,10.93,10.93,10.86,10.93,0,0
GKS_PB,D,20200122,000000,10.93,10.93,10.93,10.93,0,0
GKS_PB,D,20200123,000000,9.27,10.93,9.27,10.93,0,0
GKS_PB,D,20200127,000000,10.93,10.93,10.93,10.93,0,0
GKS_PB,D,20200429,000000,9.14,9.14,9.14,9.14,0,0
GKS_PB,D,20200505,000000,9.14,9.14,9.14,9.14,0,0
GKS_PB,D,20200506,000000,9.14,9.21,9.14,9.21,0,0
GKS_PB,D,20200507,000000,9.21,9.28,9.21,9.28,0,0
GKS_PB,D,20200508,000000,9.28,9.28,9.28,9.28,0,0
GKS_PB,D,20200512,000000,9.28,9.28,9.28,9.28,0,0
GKS_PB,D,20200514,000000,9.48,9.48,9.48,9.48,0,0
GKS_PB,D,20200518,000000,9.41,9.41,9.41,9.41,0,0
GKS_PB,D,20200520,000000,8.26,8.26,8.26,8.26,0,0
GKS_PB,D,20200521,000000,9.35,9.48,9.35,9.48,0,0
GKS_PB,D,20200522,000000,9.55,9.55,9.55,9.55,0,0
GKS_PB,D,20200525,000000,9.55,9.55,9.55,9.55,0,0
GKS_PB,D,20200526,000000,9.55,9.55,9.55,9.55,0,0
GKS_PB,D,20200527,000000,9.48,9.48,9.48,9.48,0,0
GKS_PB,D,20200528,000000,9.48,9.48,9.48,9.48,0,0
GKS_PB,D,20200601,000000,9.55,9.55,9.55,9.55,0,0
GKS_PB,D,20200610,000000,8.94,8.94,8.94,8.94,0,0
GKS_PB,D,20200615,000000,9.48,9.55,9.48,9.55,0,0
GKS_PB,D,20200616,000000,9.55,9.55,9.55,9.55,0,0
GKS_PB,D,20200623,000000,9.41,9.41,9.41,9.41,0,0
GKS_PB,D,20200624,000000,8.87,8.87,8.87,8.87,0,0
GKS_PB,D,20200625,000000,9.48,9.48,9.48,9.48,0,0
GKS_PB,D,20200630,000000,9.48,9.48,9.48,9.48,0,0
GKS_PB,D,20200702,000000,9.48,9.48,9.48,9.48,0,0
GKS_PB,D,20200703,000000,9.48,9.48,9.48,9.48,0,0
GKS_PB,D,20200708,000000,8.87,8.87,8.87,8.87,0,0
GKS_PB,D,20200709,000000,9.48,9.48,8.87,9.48,0,0
GKS_PB,D,20200710,000000,9.48,9.48,9.48,9.48,0,0
GKS_PB,D,20200713,000000,10.1,14.33,10.1,14.33,0,0
GKS_PB,D,20200714,000000,15.01,21.83,15.01,21.83,0,0
GKS_PB,D,20200715,000000,23.2,27.15,18.52,18.52,0,0
GKS_PB,D,20200716,000000,17.09,19.94,14.24,19.94,0,0
GKS_PB,D,20200717,000000,19.23,22.79,19.23,22.65,0,0
GKS_PB,D,20200720,000000,16.95,16.95,16.95,16.95,0,0
GKS_PB,D,20200721,000000,15.1,18.09,15.1,18.09,0,0
GKS_PB,D,20200722,000000,21.37,22.65,21.37,22.65,0,0
GKS_PB,D,20200723,000000,22.65,24.79,19.23,24.22,0,0
GKS_PB,D,20200727,000000,20.65,23.5,18.38,23.5,0,0
GKS_PB,D,20200729,000000,18.23,19.23,18.23,19.23,0,0
GKS_PB,D,20200730,000000,15.81,17.09,15.67,16.95,0,0
GKS_PB,D,20201118,000000,4.33,4.33,4.33,4.33,0,0
GKS_PB,D,20201125,000000,4.33,4.33,4.33,4.33,0,0
GKS_PB,D,20201202,000000,4.33,4.33,4.33,4.33,0,0
GKS_PB,D,20201209,000000,4.33,4.33,4.33,4.33,0,0
GKS_PB,D,20201216,000000,4.33,4.33,4.33,4.33,0,0
GKS_PB,D,20201223,000000,4.33,4.33,4.33,4.33,0,0
GKS_PB,D,20201230,000000,4.33,4.33,4.33,4.33,0,0
GKS_PB,D,20210107,000000,4.64,4.64,4.64,4.64,0,0
GKS_PB,D,20210113,000000,4.96,4.96,4.96,4.96,0,0
GKS_PB,D,20210120,000000,5.51,5.51,5.51,5.51,0,0
GKS_PB,D,20210505,000000,2.39,2.39,2.39,2.39,0,0
GKS_PB,D,20210512,000000,2.38,2.38,2.38,2.38,0,0
GKS_PB,D,20210526,000000,2.38,2.38,2.38,2.38,0,0
GKS_PB,D,20210602,000000,2.39,2.39,2.39,2.39,0,0
GKS_PB,D,20210609,000000,2.39,2.39,2.39,2.39,0,0
GKS_PB,D,20210616,000000,2.39,2.39,2.39,2.39,0,0
GKS_PB,D,20210623,000000,2.32,2.32,2.32,2.32,0,0
GKS_PB,D,20210714,000000,2.39,2.39,2.39,2.39,0,0
GKS_PB,D,20210721,000000,2.39,2.39,2.39,2.39,0,0
GKS_PB,D,20210804,000000,6.72,6.72,6.72,6.72,0,0
GKS_PB,D,20210811,000000,7.08,7.08,7.08,7.08,0,0
GKS_PB,D,20210818,000000,7.03,7.03,7.03,7.03,0,0
GKS_PB,D,20210825,000000,7.08,7.08,7.08,7.08,0,0
GKS_PB,D,20210901,000000,7.12,7.12,7.12,7.12,0,0
GKS_PB,D,20210908,000000,6.67,6.67,6.67,6.67,0,0
GKS_PB,D,20210915,000000,5.78,5.78,5.78,5.78,0,0
GKS_PB,D,20210922,000000,5.69,5.69,5.69,5.69,0,0
GKS_PB,D,20210929,000000,6.27,6.27,6.27,6.27,0,0
GKS_PB,D,20211006,000000,7.17,7.17,7.17,7.17,0,0
GKS_PB,D,20211013,000000,6.72,6.72,6.72,6.72,0,0
GKS_PB,D,20211020,000000,7.17,7.17,7.17,7.17,0,0
GKS_PB,D,20211027,000000,7.17,7.17,7.17,7.17,0,0
GKS_PB,D,20220202,000000,2.77,2.77,2.77,2.77,0,0
GKS_PB,D,20220209,000000,2.77,2.77,2.77,2.77,0,0
GKS_PB,D,20220216,000000,2.77,2.77,2.77,2.77,0,0
GKS_PB,D,20220223,000000,2.77,2.77,2.77,2.77,0,0
GKS_PB,D,20220302,000000,1.95,1.95,1.95,1.95,0,0
GKS_PB,D,20220309,000000,2.33,2.33,2.33,2.33,0,0
GKS_PB,D,20220406,000000,2.09,2.09,2.09,2.09,0,0
GKS_PB,D,20220413,000000,2.33,2.33,2.33,2.33,0,0
GKS_PB,D,20220420,000000,8.58,8.58,8.58,8.58,0,0
GKS_PB,D,20220427,000000,8.58,8.58,8.58,8.58,0,0
GKS_PB,D,20220601,000000,4.67,4.67,4.67,4.67,0,0
GKS_PB,D,20220608,000000,6.08,6.08,6.08,6.08,0,0
GKS_PB,D,20220615,000000,6.08,6.08,6.08,6.08,0,0
GKS_PB,D,20220622,000000,6.08,6.08,6.08,6.08,0,0
GKS_PB,D,20220720,000000,6.02,6.02,6.02,6.02,0,0
GKS_PB,D,20220727,000000,5.04,5.04,5.04,5.04,0,0
