<TICKER>,<PER>,<DATE>,<TIME>,<OPEN>,<HIGH>,<LOW>,<CLOSE>,<VOL>,<OPENINT>
GOV_PE,D,20171207,000000,116.9,116.9,116.9,116.9,0,0
GOV_PE,D,20171208,000000,169.2,176.9,105.2,105.2,0,0
GOV_PE,D,20171211,000000,111.8,117.6,100,111.1,0,0
GOV_PE,D,20171212,000000,111.8,111.8,100,105.2,0,0
GOV_PE,D,20171213,000000,105.9,105.9,99.4,99.4,0,0
GOV_PE,D,20171214,000000,100,100,93.5,93.5,0,0
GOV_PE,D,20171215,000000,94.1,94.1,82.4,87.7,0,0
GOV_PE,D,20171218,000000,88.2,88.2,76,76,0,0
GOV_PE,D,20171219,000000,76.5,82.4,70.6,81.8,0,0
GOV_PE,D,20171220,000000,82.4,82.4,70.6,76,0,0
GOV_PE,D,20171221,000000,70.6,82.4,70.1,70.1,0,0
GOV_PE,D,20171222,000000,70.6,88.2,70.6,87.7,0,0
GOV_PE,D,20171227,000000,88.2,88.2,87.7,87.7,0,0
GOV_PE,D,20171228,000000,94.1,94.1,81.8,81.8,0,0
GOV_PE,D,20171229,000000,94.1,94.1,82.4,93.5,0,0
GOV_PE,D,20180103,000000,94.1,94.1,87.7,87.7,0,0
GOV_PE,D,20180104,000000,88.9,88.9,77.8,81.8,0,0
GOV_PE,D,20180105,000000,82.4,82.4,81.8,81.8,0,0
GOV_PE,D,20180108,000000,82.4,82.4,81.8,81.8,0,0
GOV_PE,D,20180109,000000,82.4,82.4,76,76,0,0
GOV_PE,D,20180110,000000,76.5,76.5,70.1,70.1,0,0
GOV_PE,D,20180111,000000,76.5,88.2,70.6,87.7,0,0
GOV_PE,D,20180112,000000,88.2,105.9,88.2,105.2,0,0
GOV_PE,D,20180115,000000,111.8,111.8,94.1,99.4,0,0
GOV_PE,D,20180116,000000,100,105.9,88.2,93.5,0,0
GOV_PE,D,20180117,000000,94.1,94.1,82.4,87.7,0,0
GOV_PE,D,20180118,000000,88.2,100,82.4,99.4,0,0
GOV_PE,D,20180119,000000,100,100,81.8,81.8,0,0
GOV_PE,D,20180122,000000,88.2,100,88.2,93.5,0,0
GOV_PE,D,20180123,000000,88.2,105.9,87.7,87.7,0,0
GOV_PE,D,20180124,000000,88.2,100,82.4,93.5,0,0
GOV_PE,D,20180125,000000,88.2,94.1,82.4,87.7,0,0
GOV_PE,D,20180126,000000,88.2,94.1,88.2,93.5,0,0
GOV_PE,D,20180129,000000,94.1,129.4,88.2,128.6,0,0
GOV_PE,D,20180130,000000,176.5,176.5,140.3,140.3,0,0
GOV_PE,D,20180131,000000,152.9,152.9,117.6,117.6,0,0
GOV_PE,D,20180201,000000,123.5,129.4,117.6,128.6,0,0
GOV_PE,D,20180202,000000,129.4,152.9,129.4,134.4,0,0
GOV_PE,D,20180205,000000,135.3,141.2,129.4,140.3,0,0
GOV_PE,D,20180206,000000,141.2,141.2,128.6,128.6,0,0
GOV_PE,D,20180207,000000,129.4,176.5,129.4,169.5,0,0
GOV_PE,D,20180208,000000,170.6,200,158.8,187.1,0,0
GOV_PE,D,20180209,000000,188.2,247.1,188.2,222.1,0,0
GOV_PE,D,20180212,000000,223.5,247.1,223.5,233.8,0,0
GOV_PE,D,20180213,000000,235.3,235.3,211.8,216.3,0,0
GOV_PE,D,20180214,000000,205.9,223.5,157.8,157.8,0,0
GOV_PE,D,20180215,000000,147.1,164.7,140.3,140.3,0,0
GOV_PE,D,20180216,000000,135.3,170.6,135.3,157.8,0,0
GOV_PE,D,20180219,000000,158.8,164.7,152.9,158.8,0,0
GOV_PE,D,20210215,000000,372.6,372.6,372.6,372.6,0,0
GOV_PE,D,20210216,000000,355,415.2,338.3,415.2,0,0
GOV_PE,D,20210217,000000,410,410,371.7,409.9,0,0
GOV_PE,D,20210218,000000,385,395.7,360,395.7,0,0
GOV_PE,D,20210219,000000,371.7,397.4,346.7,397.4,0,0
GOV_PE,D,20210222,000000,360,377.9,348.3,377.9,0,0
GOV_PE,D,20210223,000000,355,367.3,333.3,367.3,0,0
GOV_PE,D,20210224,000000,343.3,354.2,323.3,354.2,0,0
GOV_PE,D,20210225,000000,338.3,362,320,362,0,0
GOV_PE,D,20210226,000000,333.3,358.4,324.7,358.4,0,0
GOV_PE,D,20210301,000000,326,369.1,326,369.1,0,0
GOV_PE,D,20210302,000000,356.7,367.3,336.7,367.3,0,0
GOV_PE,D,20210303,000000,345,365.5,330.7,365.5,0,0
GOV_PE,D,20210304,000000,330.7,354.9,323.3,354.9,0,0
GOV_PE,D,20210305,000000,333.3,354.9,320,354.9,0,0
GOV_PE,D,20210308,000000,335,349.2,323.3,349.2,0,0
GOV_PE,D,20210309,000000,324,356.6,324,356.6,0,0
GOV_PE,D,20210310,000000,333.3,354.2,323.3,354.2,0,0
GOV_PE,D,20210311,000000,327.3,358.4,323.3,358.4,0,0
GOV_PE,D,20210312,000000,335,362,335,362,0,0
GOV_PE,D,20210315,000000,345,353.4,318.7,353.4,0,0
GOV_PE,D,20210316,000000,332.7,340.7,316.7,340.7,0,0
GOV_PE,D,20210317,000000,323.3,326.5,300,326.5,0,0
GOV_PE,D,20210318,000000,308.7,329.3,298.7,329.3,0,0
GOV_PE,D,20210319,000000,306.7,319.4,300,319.4,0,0
GOV_PE,D,20210322,000000,300,306.7,287.3,303.3,0,0
GOV_PE,D,20210323,000000,300,322.2,293.3,322.2,0,0
GOV_PE,D,20210324,000000,302.7,325.8,294,325.8,0,0
GOV_PE,D,20210325,000000,304.7,322.2,296.7,322.2,0,0
GOV_PE,D,20210326,000000,302.7,319.4,293.3,319.4,0,0
GOV_PE,D,20210329,000000,300,321.5,293.3,321.5,0,0
GOV_PE,D,20210330,000000,302,322.9,300,322.9,0,0
GOV_PE,D,20210331,000000,306.7,325.8,295.3,325.8,0,0
GOV_PE,D,20210401,000000,304.7,324.3,296,324.3,0,0
GOV_PE,D,20210406,000000,300,322.2,297.3,322.2,0,0
GOV_PE,D,20210407,000000,302.7,337.1,300,337.1,0,0
GOV_PE,D,20210408,000000,320,330,304.3,325.7,0,0
GOV_PE,D,20210409,000000,311,326.7,311,326,0,0
GOV_PE,D,20210412,000000,319,329,319,326.3,0,0
GOV_PE,D,20210413,000000,320,325.3,311,316.7,0,0
GOV_PE,D,20210414,000000,311,325.8,300.7,325.8,0,0
GOV_PE,D,20210415,000000,302.3,324.3,302.3,324.3,0,0
GOV_PE,D,20210416,000000,304.7,330,304.7,330,0,0
GOV_PE,D,20210419,000000,319.7,327.5,280,327.5,0,0
GOV_PE,D,20210420,000000,307.7,319.4,292,319.4,0,0
GOV_PE,D,20210421,000000,300,300.9,280.7,300.9,0,0
GOV_PE,D,20210422,000000,273.3,300.6,266.7,300.6,0,0
GOV_PE,D,20210423,000000,283.3,283.3,264,283.2,0,0
GOV_PE,D,20210426,000000,265.3,274,254.7,274,0,0
GOV_PE,D,20210427,000000,262.7,290.6,262.7,290.6,0,0
GOV_PE,D,20210428,000000,276,290.6,266.7,290.6,0,0
GOV_PE,D,20210429,000000,272.7,308,272.7,308,0,0
GOV_PE,D,20210430,000000,288.3,300.2,279.3,300.2,0,0
GOV_PE,D,20210504,000000,287.7,311.2,286.7,311.2,0,0
GOV_PE,D,20210505,000000,283.3,305.2,278.7,305.2,0,0
GOV_PE,D,20210506,000000,286.7,300.9,268.3,300.9,0,0
GOV_PE,D,20210507,000000,268.3,291,262,291,0,0
GOV_PE,D,20210510,000000,266.7,295.2,263.7,295.2,0,0
GOV_PE,D,20210511,000000,275.7,283.5,263.7,283.5,0,0
GOV_PE,D,20210512,000000,266,283.5,262,283.5,0,0
GOV_PE,D,20210513,000000,263.3,289.2,257.7,289.2,0,0
GOV_PE,D,20210514,000000,271.7,288.5,260.7,288.5,0,0
GOV_PE,D,20210517,000000,271.7,293.3,266.7,288.9,0,0
GOV_PE,D,20210518,000000,270,291,270,291,0,0
GOV_PE,D,20210519,000000,278.3,287.8,270,287.8,0,0
GOV_PE,D,20210520,000000,269.3,276.3,113.9,113.9,0,0
GOV_PE,D,20210521,000000,117.9,118,112.9,113,0,0
GOV_PE,D,20210524,000000,116.9,116.9,111.7,111.7,0,0
GOV_PE,D,20210525,000000,114.3,116.1,111.7,111.7,0,0
GOV_PE,D,20210526,000000,114.3,115.4,111.6,111.6,0,0
GOV_PE,D,20210527,000000,115.4,119.7,112.9,115.7,0,0
GOV_PE,D,20210528,000000,121,124,115.7,118.8,0,0
GOV_PE,D,20210531,000000,125.4,139.9,125.4,128.5,0,0
GOV_PE,D,20210601,000000,135.7,136.6,128.7,131.1,0,0
GOV_PE,D,20210602,000000,135.6,137.1,132,132,0,0
GOV_PE,D,20210604,000000,138.3,138.3,130,130.3,0,0
GOV_PE,D,20210607,000000,134.4,134.7,127.1,128.2,0,0
GOV_PE,D,20210608,000000,132.4,132.6,129.9,132.1,0,0
GOV_PE,D,20210609,000000,132,132.1,26.3,26.3,0,0
GOV_PE,D,20210610,000000,25.7,26.2,25.7,26.2,0,0
GOV_PE,D,20210611,000000,25.8,26,24.9,26,0,0
GOV_PE,D,20210614,000000,25.9,27,25.4,27,0,0
GOV_PE,D,20210615,000000,26.9,26.9,26,26.7,0,0
GOV_PE,D,20210616,000000,26.6,26.6,25.7,25.9,0,0
GOV_PE,D,20210617,000000,26,26.4,25.7,26.4,0,0
GOV_PE,D,20210618,000000,26.3,26.9,26.2,26.4,0,0
GOV_PE,D,20210621,000000,25.7,26.2,25.1,26.2,0,0
GOV_PE,D,20210622,000000,26,26.1,25.7,26.1,0,0
GOV_PE,D,20210623,000000,26,26,24.6,25.3,0,0
GOV_PE,D,20210624,000000,24.6,25.2,24.2,24.7,0,0
GOV_PE,D,20210625,000000,24.3,25.2,24.3,25.2,0,0
GOV_PE,D,20210628,000000,24.7,25.1,24,24.9,0,0
GOV_PE,D,20210629,000000,24.8,24.9,23.8,24.7,0,0
GOV_PE,D,20210630,000000,24.5,24.5,22.4,23.3,0,0
GOV_PE,D,20210701,000000,23.1,23.3,22.6,23.3,0,0
GOV_PE,D,20210702,000000,23.6,23.8,22.9,23.8,0,0
GOV_PE,D,20210705,000000,23.5,23.6,22.6,23.5,0,0
GOV_PE,D,20210706,000000,23.4,23.5,22.9,23.5,0,0
GOV_PE,D,20210707,000000,22.5,23.5,22.5,23.5,0,0
GOV_PE,D,20210708,000000,23.3,23.5,23.3,23.4,0,0
GOV_PE,D,20210709,000000,23,24,22.9,24,0,0
GOV_PE,D,20210712,000000,23.9,24.7,23.2,24.7,0,0
GOV_PE,D,20210713,000000,24.6,24.7,23.7,24.7,0,0
GOV_PE,D,20210714,000000,24.6,24.6,23.2,24.6,0,0
GOV_PE,D,20210715,000000,23.3,24.3,22.9,23.1,0,0
GOV_PE,D,20210716,000000,23.1,24,22.9,23.6,0,0
GOV_PE,D,20210719,000000,23.5,23.9,22.9,23.6,0,0
GOV_PE,D,20210720,000000,23,23.1,22.6,23,0,0
GOV_PE,D,20210721,000000,22.9,23,22.7,22.9,0,0
GOV_PE,D,20210722,000000,22.7,23.5,22.7,23.5,0,0
GOV_PE,D,20210723,000000,22.8,23.4,22.8,23.4,0,0
GOV_PE,D,20210726,000000,23.4,23.5,22.9,23.5,0,0
GOV_PE,D,20210727,000000,22.9,24,21.6,22.9,0,0
GOV_PE,D,20210728,000000,22.8,23.5,22.3,23.5,0,0
GOV_PE,D,20210729,000000,23.3,23.3,22.3,23,0,0
GOV_PE,D,20210730,000000,22.7,22.8,22.3,22.7,0,0
GOV_PE,D,20210802,000000,22.6,22.7,22.3,22.6,0,0
GOV_PE,D,20210803,000000,22.5,22.5,22.3,22.5,0,0
GOV_PE,D,20210804,000000,22.3,23.4,22.3,23,0,0
GOV_PE,D,20210805,000000,22.3,23,22.3,23,0,0
GOV_PE,D,20210806,000000,22.4,23,22.4,23,0,0
GOV_PE,D,20210809,000000,22.9,23,22.4,23,0,0
GOV_PE,D,20210810,000000,23.1,23.3,22.9,23.3,0,0
GOV_PE,D,20210811,000000,23.2,23.2,22.7,23.2,0,0
GOV_PE,D,20210812,000000,22.9,23.1,22.6,23,0,0
GOV_PE,D,20210813,000000,23.2,23.2,22.9,23.2,0,0
GOV_PE,D,20210816,000000,23.1,26.9,22.7,26.9,0,0
GOV_PE,D,20210817,000000,26.5,27,25.5,26.8,0,0
GOV_PE,D,20210818,000000,26.5,26.8,25.8,26.8,0,0
GOV_PE,D,20210819,000000,26.3,26.8,26.2,26.8,0,0
GOV_PE,D,20210820,000000,26.5,27,25.2,26.5,0,0
GOV_PE,D,20210823,000000,25.4,26.2,25.3,25.9,0,0
GOV_PE,D,20210824,000000,25.3,27.5,24.7,27.5,0,0
GOV_PE,D,20210825,000000,27.2,27.7,26.1,27.6,0,0
GOV_PE,D,20210826,000000,27.5,27.5,25.8,27.3,0,0
GOV_PE,D,20210827,000000,25.9,26.6,25.5,26.6,0,0
GOV_PE,D,20210830,000000,26.9,26.9,25.5,26.5,0,0
GOV_PE,D,20210831,000000,26,26.9,25.7,26.9,0,0
GOV_PE,D,20210901,000000,26.2,26.7,25,25.2,0,0
GOV_PE,D,20210902,000000,24.7,25.3,23.5,24.6,0,0
GOV_PE,D,20210903,000000,24.7,24.9,23.8,24.8,0,0
GOV_PE,D,20210906,000000,24.2,24.9,24,24.7,0,0
GOV_PE,D,20210907,000000,24.1,24.5,23.9,24.5,0,0
GOV_PE,D,20210908,000000,24.2,25.6,24.2,24.8,0,0
GOV_PE,D,20210909,000000,25,25.7,24.2,25.7,0,0
GOV_PE,D,20210910,000000,25.5,25.6,24.5,25.6,0,0
GOV_PE,D,20210913,000000,24.5,25.4,24.5,25.4,0,0
GOV_PE,D,20210914,000000,25.1,25.1,23.6,24.5,0,0
GOV_PE,D,20210915,000000,24.2,24.5,23.7,24.5,0,0
GOV_PE,D,20210916,000000,24.3,24.5,23.5,24.5,0,0
GOV_PE,D,20210917,000000,23.9,24,23.7,24,0,0
GOV_PE,D,20210920,000000,23.7,24.3,23.3,23.6,0,0
GOV_PE,D,20210921,000000,23.3,24.1,23.3,24.1,0,0
GOV_PE,D,20210922,000000,23.8,23.9,23.1,23.9,0,0
GOV_PE,D,20210923,000000,23.2,24.1,23.2,24.1,0,0
GOV_PE,D,20210924,000000,23.9,24,23.5,23.9,0,0
GOV_PE,D,20210927,000000,23.7,23.8,23.1,23.8,0,0
GOV_PE,D,20210928,000000,23.3,23.8,23,23.8,0,0
GOV_PE,D,20210929,000000,22.7,23.3,22.3,23.2,0,0
GOV_PE,D,20210930,000000,22.4,22.9,22,22.9,0,0
GOV_PE,D,20211001,000000,22.1,23.6,22,23.1,0,0
GOV_PE,D,20211004,000000,23,23,20.7,22.2,0,0
GOV_PE,D,20211005,000000,21.5,22.2,21,22.2,0,0
GOV_PE,D,20211006,000000,22.2,23.9,22.2,23.6,0,0
GOV_PE,D,20211007,000000,23.7,23.9,23.1,23.9,0,0
GOV_PE,D,20211008,000000,23.3,25,23.3,24.8,0,0
GOV_PE,D,20211011,000000,24.5,24.6,23.5,24.6,0,0
GOV_PE,D,20211012,000000,24.4,24.7,23.7,24.7,0,0
GOV_PE,D,20211013,000000,24.3,24.3,23,23.4,0,0
GOV_PE,D,20211014,000000,23.7,24.1,23.3,24.1,0,0
GOV_PE,D,20211015,000000,23.9,24.3,23.9,24.2,0,0
GOV_PE,D,20211018,000000,24.1,24.1,23.4,24.1,0,0
GOV_PE,D,20211019,000000,23.3,23.9,22.8,23.8,0,0
GOV_PE,D,20211020,000000,23.6,23.6,22.7,23.2,0,0
GOV_PE,D,20211021,000000,23.3,23.3,22.3,23,0,0
GOV_PE,D,20211022,000000,23.2,23.2,22.5,23,0,0
GOV_PE,D,20211025,000000,23,23,22.1,22.5,0,0
GOV_PE,D,20211026,000000,22.7,22.7,21.3,22.6,0,0
GOV_PE,D,20211027,000000,22.3,22.3,21.4,22,0,0
GOV_PE,D,20211028,000000,21.8,21.8,20.8,21,0,0
GOV_PE,D,20211029,000000,20.8,21.4,20.8,21.4,0,0
GOV_PE,D,20211102,000000,21.4,22.3,21,21.2,0,0
GOV_PE,D,20211103,000000,22,28.7,21.1,28.7,0,0
GOV_PE,D,20211104,000000,29,29,26.1,26.6,0,0
GOV_PE,D,20211105,000000,26,26,24.3,25.9,0,0
GOV_PE,D,20211108,000000,25.6,25.6,23.9,24.9,0,0
GOV_PE,D,20211109,000000,23.8,24.2,23.5,24.2,0,0
GOV_PE,D,20211110,000000,24.3,25.6,23.4,24.2,0,0
GOV_PE,D,20211112,000000,24,24.1,23.3,24.1,0,0
GOV_PE,D,20211115,000000,23.9,24.2,22.4,24.2,0,0
GOV_PE,D,20211116,000000,24.1,25.7,24.1,25.6,0,0
GOV_PE,D,20211117,000000,25.5,25.9,24.9,25.9,0,0
GOV_PE,D,20211118,000000,25.7,26.3,25,26.3,0,0
GOV_PE,D,20211119,000000,26.1,26.2,24.7,26.2,0,0
GOV_PE,D,20211122,000000,26,26,25.1,26,0,0
GOV_PE,D,20211123,000000,25.7,25.8,23.6,25.3,0,0
GOV_PE,D,20211124,000000,25.3,25.3,24.3,25.2,0,0
GOV_PE,D,20211125,000000,24.9,26,24.9,26,0,0
GOV_PE,D,20211126,000000,25.6,25.6,24.1,24.3,0,0
GOV_PE,D,20211129,000000,24.1,25.5,24,24.2,0,0
GOV_PE,D,20211130,000000,24.3,24.3,23,23.4,0,0
GOV_PE,D,20211201,000000,23.4,24.2,22.9,24.2,0,0
GOV_PE,D,20211202,000000,24.1,24.9,23.4,24.9,0,0
GOV_PE,D,20211203,000000,24.9,24.9,23.4,24.7,0,0
GOV_PE,D,20211206,000000,23.8,24.6,23.8,24.6,0,0
GOV_PE,D,20211207,000000,23.6,24.4,23.6,24.4,0,0
GOV_PE,D,20211208,000000,24.2,24.3,23.3,24.3,0,0
GOV_PE,D,20211209,000000,24.1,24.1,23.4,23.9,0,0
GOV_PE,D,20211210,000000,23.9,24.3,23.2,24.3,0,0
GOV_PE,D,20211213,000000,24,25.2,23.6,25.2,0,0
GOV_PE,D,20211214,000000,25,25,24.1,24.8,0,0
GOV_PE,D,20211215,000000,24.6,25,23.4,24.2,0,0
GOV_PE,D,20211216,000000,24.5,24.6,23.5,24.2,0,0
GOV_PE,D,20211217,000000,23.6,24.5,23.3,24,0,0
GOV_PE,D,20211220,000000,23.3,23.5,22.1,22.9,0,0
GOV_PE,D,20211221,000000,22.6,22.6,21.5,22.2,0,0
GOV_PE,D,20211222,000000,21.6,23.2,21.6,22,0,0
GOV_PE,D,20211223,000000,21.6,22.1,21.1,21.5,0,0
GOV_PE,D,20211227,000000,21.4,22.1,20.9,21.4,0,0
GOV_PE,D,20211228,000000,21.8,22.5,20.9,21.6,0,0
GOV_PE,D,20211229,000000,21.8,22.7,21.5,22.4,0,0
GOV_PE,D,20211230,000000,22.4,22.7,21.9,22.7,0,0
GOV_PE,D,20220103,000000,22.9,23,21.8,23,0,0
GOV_PE,D,20220104,000000,22.8,23.3,22.1,23.3,0,0
GOV_PE,D,20220105,000000,23.1,23.2,22,22.9,0,0
GOV_PE,D,20220107,000000,22.9,22.9,22,22.9,0,0
GOV_PE,D,20220110,000000,22.7,23.8,22.3,23.8,0,0
GOV_PE,D,20220111,000000,23.4,25.8,23.4,25.8,0,0
GOV_PE,D,20220112,000000,25,25.8,24.5,25.6,0,0
GOV_PE,D,20220113,000000,24.4,25.5,23.8,25.5,0,0
GOV_PE,D,20220114,000000,25.2,25.6,25,25.6,0,0
GOV_PE,D,20220117,000000,25,25,23.9,24.9,0,0
GOV_PE,D,20220118,000000,24.6,25.3,23.9,25.3,0,0
GOV_PE,D,20220119,000000,25,25.5,23.9,25.2,0,0
GOV_PE,D,20220120,000000,24,25,23.4,24.8,0,0
GOV_PE,D,20220121,000000,24.6,25.2,22.6,24.1,0,0
GOV_PE,D,20220124,000000,22.6,23.9,21.8,22,0,0
GOV_PE,D,20220125,000000,21.8,23.8,21.8,23.1,0,0
GOV_PE,D,20220126,000000,22.9,23.4,21.8,23.4,0,0
GOV_PE,D,20220127,000000,23.1,23.1,22.1,23,0,0
GOV_PE,D,20220128,000000,22.5,22.5,21.9,22.1,0,0
GOV_PE,D,20220131,000000,22.5,22.6,21.8,22.6,0,0
GOV_PE,D,20220201,000000,22.4,22.8,22.1,22.8,0,0
GOV_PE,D,20220202,000000,22.6,23.8,22.6,23.8,0,0
GOV_PE,D,20220203,000000,23.6,23.7,22.3,23.7,0,0
GOV_PE,D,20220204,000000,23.5,23.6,22.4,22.7,0,0
GOV_PE,D,20220207,000000,22.5,23,22.4,22.9,0,0
GOV_PE,D,20220208,000000,22.4,23.5,22.4,22.7,0,0
GOV_PE,D,20220209,000000,23.4,24.3,22.5,23.2,0,0
GOV_PE,D,20220210,000000,24.3,25.1,23.8,25.1,0,0
GOV_PE,D,20220211,000000,24.9,25.4,24,25.1,0,0
GOV_PE,D,20220214,000000,25,25.1,22.9,23.6,0,0
GOV_PE,D,20220215,000000,23,24.3,22.9,24.1,0,0
GOV_PE,D,20220216,000000,24.1,24.4,23.8,24.4,0,0
GOV_PE,D,20220217,000000,23.6,23.7,22.8,23,0,0
GOV_PE,D,20220218,000000,22.8,23.6,21.9,22.9,0,0
GOV_PE,D,20220221,000000,22.7,23.2,21.4,22.3,0,0
GOV_PE,D,20220222,000000,21.4,22.7,21.4,22.7,0,0
GOV_PE,D,20220223,000000,22.8,23.1,21.8,22,0,0
GOV_PE,D,20220224,000000,21.4,25.5,15,25.5,0,0
GOV_PE,D,20220225,000000,25.2,27.4,24,25.6,0,0
GOV_PE,D,20220228,000000,27.4,27.8,26.2,27.8,0,0
GOV_PE,D,20220301,000000,27.2,27.4,24.8,26.7,0,0
GOV_PE,D,20220302,000000,24.9,26.1,23.3,25.7,0,0
GOV_PE,D,20220303,000000,22.5,25.2,21.6,25.2,0,0
GOV_PE,D,20220304,000000,24.5,26,23.1,26,0,0
GOV_PE,D,20220307,000000,24,24,22.7,23.8,0,0
GOV_PE,D,20220308,000000,22.7,25,22.3,24.3,0,0
GOV_PE,D,20220309,000000,22.5,25.3,22.5,25.3,0,0
GOV_PE,D,20220310,000000,24.5,26.2,23.8,24.8,0,0
GOV_PE,D,20220311,000000,25.5,26.5,24.1,26.5,0,0
GOV_PE,D,20220314,000000,26,31.9,25.7,31,0,0
GOV_PE,D,20220315,000000,28.6,28.6,25.3,25.8,0,0
GOV_PE,D,20220316,000000,26.6,27.2,25.6,27.2,0,0
GOV_PE,D,20220317,000000,25.5,27.6,25.5,27.6,0,0
GOV_PE,D,20220318,000000,27,29.6,27,29.6,0,0
GOV_PE,D,20220321,000000,29,31,25.2,26.7,0,0
GOV_PE,D,20220322,000000,25.7,27.7,25.5,27.7,0,0
GOV_PE,D,20220323,000000,26.7,28.1,25.4,27.9,0,0
GOV_PE,D,20220324,000000,27.1,28.2,25.7,28.2,0,0
GOV_PE,D,20220325,000000,27.4,27.4,24.8,27.1,0,0
GOV_PE,D,20220328,000000,26.7,27.1,25.3,27.1,0,0
GOV_PE,D,20220329,000000,26.5,26.6,25.2,25.4,0,0
GOV_PE,D,20220330,000000,26.3,26.4,24.8,25.2,0,0
GOV_PE,D,20220331,000000,26.1,26.1,24,26.1,0,0
GOV_PE,D,20220401,000000,24.6,26,24.4,26,0,0
GOV_PE,D,20220404,000000,24.6,25.9,24.2,25.9,0,0
GOV_PE,D,20220405,000000,25.5,26.9,24.9,26.9,0,0
GOV_PE,D,20220406,000000,26.2,26.6,25.6,26.6,0,0
GOV_PE,D,20220407,000000,26.1,26.5,24.9,26.5,0,0
GOV_PE,D,20220408,000000,26,27.8,24.9,26.2,0,0
GOV_PE,D,20220411,000000,27.1,27.9,25.8,27.9,0,0
GOV_PE,D,20220412,000000,26,27,25.9,26.4,0,0
GOV_PE,D,20220413,000000,28.5,28.5,25.2,27.7,0,0
GOV_PE,D,20220414,000000,27,27.6,26.2,27.6,0,0
GOV_PE,D,20220419,000000,27,27.2,25.5,27.2,0,0
GOV_PE,D,20220420,000000,26.7,27.2,25.6,27.2,0,0
GOV_PE,D,20220421,000000,25.8,26.5,25.3,26,0,0
GOV_PE,D,20220422,000000,25.7,26.5,25.5,26.1,0,0
GOV_PE,D,20220425,000000,25.2,26,25.1,26,0,0
GOV_PE,D,20220426,000000,25,25.2,24.8,25.2,0,0
GOV_PE,D,20220427,000000,25.4,26,24.5,26,0,0
GOV_PE,D,20220428,000000,24.5,26.2,24.5,26.2,0,0
GOV_PE,D,20220429,000000,25.6,25.8,23.8,25.1,0,0
GOV_PE,D,20220502,000000,24.3,25.6,24,25.6,0,0
GOV_PE,D,20220504,000000,26.4,26.5,25.1,25.3,0,0
GOV_PE,D,20220505,000000,24.3,25,24,25,0,0
GOV_PE,D,20220506,000000,24.5,24.7,23.6,24.7,0,0
GOV_PE,D,20220509,000000,24.3,25.6,23,25.6,0,0
GOV_PE,D,20220510,000000,25.1,31.7,25.1,29.2,0,0
GOV_PE,D,20220511,000000,30,30.6,26.7,27.8,0,0
GOV_PE,D,20220512,000000,27.1,30.1,25.3,30.1,0,0
GOV_PE,D,20220513,000000,29.3,30.4,27.6,28.6,0,0
GOV_PE,D,20220516,000000,27.6,31.1,27.6,31.1,0,0
GOV_PE,D,20220517,000000,30.3,30.5,28.8,29.5,0,0
GOV_PE,D,20220518,000000,29.4,30.8,28.9,29.4,0,0
GOV_PE,D,20220519,000000,29.9,30.1,27.7,29.2,0,0
GOV_PE,D,20220520,000000,28.5,31,27.7,31,0,0
GOV_PE,D,20220523,000000,27.9,30.4,27.9,30.4,0,0
GOV_PE,D,20220524,000000,28.7,30.4,28.6,30.4,0,0
GOV_PE,D,20220525,000000,30.3,30.3,28.9,29.4,0,0
GOV_PE,D,20220526,000000,30,30.3,27.8,28.4,0,0
GOV_PE,D,20220527,000000,28.9,29.9,27.2,29.1,0,0
GOV_PE,D,20220530,000000,29,29,27.6,28.2,0,0
GOV_PE,D,20220531,000000,28.6,29.1,27.2,29.1,0,0
GOV_PE,D,20220601,000000,28.7,442.7,27.4,442.7,0,0
GOV_PE,D,20220602,000000,606,606,433.5,433.5,0,0
GOV_PE,D,20220603,000000,594,608,464.2,464.2,0,0
GOV_PE,D,20220606,000000,606,608,464.2,464.2,0,0
GOV_PE,D,20220607,000000,604,604,462.6,462.6,0,0
GOV_PE,D,20220608,000000,578,620,473.3,473.3,0,0
GOV_PE,D,20220609,000000,584,600,459.6,459.6,0,0
GOV_PE,D,20220610,000000,596,618,470.3,470.3,0,0
GOV_PE,D,20220613,000000,584,656,470.3,470.3,0,0
GOV_PE,D,20220614,000000,600,648,484.1,484.1,0,0
GOV_PE,D,20220615,000000,628,644,482.5,482.5,0,0
GOV_PE,D,20220617,000000,620,628,459.6,459.6,0,0
GOV_PE,D,20220620,000000,600,600,390.6,390.6,0,0
GOV_PE,D,20220621,000000,520,538,510,512,0,0
GOV_PE,D,20220822,000000,24.8,24.8,24.8,24.8,0,0
GOV_PE,D,20220823,000000,25,25,23.7,24.7,0,0
GOV_PE,D,20220824,000000,24.8,24.8,23.6,23.6,0,0
GOV_PE,D,20220825,000000,24.3,24.3,23.8,24,0,0
GOV_PE,D,20220826,000000,23.3,25.5,23.3,24.3,0,0
GOV_PE,D,20220829,000000,24.5,24.5,23.5,23.5,0,0
GOV_PE,D,20220830,000000,24.4,24.5,23.3,23.3,0,0
GOV_PE,D,20220831,000000,24.2,25.3,23.4,23.4,0,0
GOV_PE,D,20220901,000000,24.1,24.1,23.4,23.7,0,0
GOV_PE,D,20220902,000000,23.5,24.6,23,24.4,0,0
GOV_PE,D,20220905,000000,23.4,24.3,23,24.1,0,0
