<TICKER>,<PER>,<DATE>,<TIME>,<OPEN>,<HIGH>,<LOW>,<CLOSE>,<VOL>,<OPENINT>
GTF_PB,D,20110429,000000,17.561,17.561,17.561,17.561,0,0
GTF_PB,D,20110502,000000,17.697,18.267,15.434,15.579,0,0
GTF_PB,D,20110504,000000,16.15,16.15,12.92,13.664,0,0
GTF_PB,D,20110505,000000,12.746,13.819,12.678,13.519,0,0
GTF_PB,D,20110506,000000,13.451,13.539,12.678,12.746,0,0
GTF_PB,D,20110509,000000,13.451,13.451,12.833,12.958,0,0
GTF_PB,D,20110510,000000,12.939,13.094,12.63,13.026,0,0
GTF_PB,D,20110511,000000,12.63,12.881,12.61,12.63,0,0
GTF_PB,D,20110512,000000,12.475,12.746,12.455,12.746,0,0
GTF_PB,D,20110513,000000,12.388,13.316,12.388,13.316,0,0
GTF_PB,D,20110516,000000,13.316,13.316,12.746,12.775,0,0
GTF_PB,D,20110517,000000,13.074,13.074,12.746,12.746,0,0
GTF_PB,D,20110518,000000,13.016,13.016,13.016,13.016,0,0
GTF_PB,D,20110519,000000,12.746,12.746,12.127,12.127,0,0
GTF_PB,D,20110520,000000,12.127,12.388,12.127,12.388,0,0
GTF_PB,D,20110523,000000,12.194,12.591,12.194,12.591,0,0
GTF_PB,D,20110524,000000,12.591,12.591,12.591,12.591,0,0
GTF_PB,D,20110525,000000,12.726,12.726,12.726,12.726,0,0
GTF_PB,D,20110526,000000,12.726,12.726,12.726,12.726,0,0
GTF_PB,D,20110527,000000,12.726,12.726,12.726,12.726,0,0
GTF_PB,D,20110530,000000,12.726,12.726,12.049,12.049,0,0
GTF_PB,D,20110531,000000,12.059,12.059,12.049,12.049,0,0
GTF_PB,D,20110601,000000,12.107,12.107,12.078,12.078,0,0
GTF_PB,D,20110602,000000,12.127,12.127,12.127,12.127,0,0
GTF_PB,D,20110603,000000,12.078,12.078,12.078,12.078,0,0
GTF_PB,D,20110606,000000,12.078,12.078,12.078,12.078,0,0
GTF_PB,D,20110607,000000,11.817,11.817,11.817,11.817,0,0
GTF_PB,D,20110608,000000,11.817,11.817,11.798,11.798,0,0
GTF_PB,D,20110609,000000,11.798,12.04,11.798,12.04,0,0
GTF_PB,D,20110610,000000,12.049,12.049,11.798,11.798,0,0
GTF_PB,D,20110613,000000,11.798,11.798,11.343,11.614,0,0
GTF_PB,D,20110614,000000,11.895,12.04,11.895,12.04,0,0
GTF_PB,D,20110615,000000,12.04,12.04,11.256,11.469,0,0
GTF_PB,D,20110616,000000,11.314,11.314,11.266,11.266,0,0
GTF_PB,D,20110617,000000,11.131,11.75,11.131,11.614,0,0
GTF_PB,D,20110621,000000,11.682,11.75,11.682,11.75,0,0
GTF_PB,D,20110622,000000,11.682,11.682,11.682,11.682,0,0
GTF_PB,D,20110624,000000,11.682,11.682,11.131,11.131,0,0
GTF_PB,D,20110627,000000,10.918,10.918,10.918,10.918,0,0
GTF_PB,D,20110628,000000,11.324,11.343,11.324,11.343,0,0
GTF_PB,D,20110629,000000,11.324,11.866,11.324,11.866,0,0
GTF_PB,D,20110630,000000,12.04,12.04,11.343,11.343,0,0
GTF_PB,D,20110701,000000,11.343,11.343,11.343,11.343,0,0
GTF_PB,D,20110704,000000,11.372,11.372,11.372,11.372,0,0
GTF_PB,D,20110705,000000,11.75,12.04,11.75,12.04,0,0
GTF_PB,D,20110706,000000,12.252,12.881,12.252,12.881,0,0
GTF_PB,D,20110707,000000,12.881,14.651,12.881,13.451,0,0
GTF_PB,D,20110708,000000,13.587,14.302,13.519,14.022,0,0
GTF_PB,D,20110711,000000,14.36,14.36,13.026,14.283,0,0
GTF_PB,D,20110712,000000,13.916,14.07,13.461,14.07,0,0
GTF_PB,D,20110713,000000,13.461,13.461,13.239,13.239,0,0
GTF_PB,D,20110714,000000,13.113,13.113,13.113,13.113,0,0
GTF_PB,D,20110715,000000,13.161,13.161,13.026,13.026,0,0
GTF_PB,D,20110718,000000,12.736,12.736,12.736,12.736,0,0
GTF_PB,D,20110719,000000,12.794,12.794,12.088,12.088,0,0
GTF_PB,D,20110720,000000,12.117,12.117,12.117,12.117,0,0
GTF_PB,D,20110721,000000,12.117,12.117,12.117,12.117,0,0
GTF_PB,D,20110722,000000,12.281,12.794,12.281,12.794,0,0
GTF_PB,D,20110725,000000,13.016,13.016,13.016,13.016,0,0
GTF_PB,D,20110726,000000,13.461,13.461,13.461,13.461,0,0
GTF_PB,D,20110727,000000,13.461,13.461,13.461,13.461,0,0
GTF_PB,D,20110728,000000,13.616,13.616,13.616,13.616,0,0
GTF_PB,D,20110729,000000,13.916,13.916,13.916,13.916,0,0
GTF_PB,D,20110801,000000,13.916,13.916,13.916,13.916,0,0
GTF_PB,D,20110802,000000,14.07,14.07,14.07,14.07,0,0
GTF_PB,D,20110803,000000,13.916,13.916,13.916,13.916,0,0
GTF_PB,D,20110804,000000,13.916,13.916,13.113,13.113,0,0
GTF_PB,D,20110805,000000,13.016,13.016,11.991,11.991,0,0
GTF_PB,D,20110809,000000,11.972,11.972,11.972,11.972,0,0
GTF_PB,D,20110812,000000,12.417,12.949,12.417,12.949,0,0
GTF_PB,D,20110816,000000,13.152,13.152,13.152,13.152,0,0
GTF_PB,D,20110817,000000,13.152,13.152,13.152,13.152,0,0
GTF_PB,D,20110818,000000,13.152,13.152,5.5798,5.5798,0,0
GTF_PB,D,20110822,000000,5.7055,5.7055,5.2607,5.2607,0,0
GTF_PB,D,20110912,000000,4.6998,4.6998,4.6998,4.6998,0,0
GTF_PB,D,20110913,000000,4.6611,4.6611,4.6611,4.6611,0,0
GTF_PB,D,20110914,000000,4.6611,4.6611,4.6418,4.6418,0,0
GTF_PB,D,20110915,000000,4.6031,5.3284,4.6031,5.3284,0,0
GTF_PB,D,20110919,000000,5.2607,5.2607,5.0769,5.0769,0,0
GTF_PB,D,20110920,000000,5.2993,5.4251,5.2993,5.4251,0,0
GTF_PB,D,20110922,000000,5.3574,5.3574,5.3574,5.3574,0,0
GTF_PB,D,20110926,000000,5.3574,5.3574,5.3574,5.3574,0,0
GTF_PB,D,20110927,000000,5.2993,5.2993,5.2993,5.2993,0,0
GTF_PB,D,20110929,000000,5.2026,5.2026,5.0866,5.0866,0,0
GTF_PB,D,20110930,000000,5.2026,5.2607,5.2026,5.2607,0,0
GTF_PB,D,20111003,000000,5.1059,5.1059,5.0769,5.0769,0,0
GTF_PB,D,20111004,000000,5.0189,5.0189,5.0189,5.0189,0,0
GTF_PB,D,20111005,000000,5.0189,5.2026,5.0189,5.2026,0,0
GTF_PB,D,20111007,000000,5.3284,5.3284,5.3284,5.3284,0,0
GTF_PB,D,20111010,000000,5.396,5.396,5.396,5.396,0,0
GTF_PB,D,20111011,000000,5.6088,5.6088,5.5218,5.5798,0,0
GTF_PB,D,20111012,000000,5.5798,5.5798,5.396,5.396,0,0
GTF_PB,D,20111013,000000,5.396,5.396,5.2607,5.2607,0,0
GTF_PB,D,20111014,000000,5.2607,5.2607,5.0769,5.0769,0,0
GTF_PB,D,20111017,000000,5.2026,6.0536,5.2026,5.8409,0,0
GTF_PB,D,20111018,000000,5.8409,5.8409,5.4541,5.4541,0,0
GTF_PB,D,20111019,000000,5.396,5.396,5.2607,5.2607,0,0
GTF_PB,D,20111020,000000,5.2026,5.2026,5.2026,5.2026,0,0
GTF_PB,D,20111021,000000,5.2026,5.4541,5.2026,5.4541,0,0
GTF_PB,D,20111024,000000,5.2607,5.2607,5.2607,5.2607,0,0
GTF_PB,D,20111025,000000,5.2607,5.3284,5.2607,5.3284,0,0
GTF_PB,D,20111026,000000,5.2607,5.2993,5.2607,5.2607,0,0
GTF_PB,D,20111027,000000,5.2607,5.2607,5.2026,5.2026,0,0
GTF_PB,D,20111028,000000,5.2026,5.2026,5.2026,5.2026,0,0
GTF_PB,D,20111031,000000,5.2026,5.2026,5.2026,5.2026,0,0
GTF_PB,D,20111102,000000,5.222,5.4251,5.1736,5.2316,0,0
GTF_PB,D,20111103,000000,5.2607,5.5218,5.2607,5.5218,0,0
GTF_PB,D,20111107,000000,5.2993,5.2993,5.2993,5.2993,0,0
GTF_PB,D,20111108,000000,5.2026,5.2026,5.2026,5.2026,0,0
GTF_PB,D,20111109,000000,5.1736,5.1736,5.1736,5.1736,0,0
GTF_PB,D,20111110,000000,5.1736,5.1736,5.1736,5.1736,0,0
GTF_PB,D,20111114,000000,5.1349,5.1349,5.1349,5.1349,0,0
GTF_PB,D,20111115,000000,5.1349,5.2607,5.0866,5.2607,0,0
GTF_PB,D,20111118,000000,5.1059,5.2607,5.1059,5.2607,0,0
GTF_PB,D,20111121,000000,5.1059,5.2026,5.1059,5.2026,0,0
GTF_PB,D,20111122,000000,5.2316,5.2316,4.9222,4.9222,0,0
GTF_PB,D,20111123,000000,4.9222,4.9222,4.9222,4.9222,0,0
GTF_PB,D,20111124,000000,4.8642,4.8642,4.8642,4.8642,0,0
GTF_PB,D,20111125,000000,4.7965,4.8642,4.7771,4.8642,0,0
GTF_PB,D,20111129,000000,4.7965,4.7965,4.7771,4.7771,0,0
GTF_PB,D,20111130,000000,4.7771,4.7771,4.7771,4.7771,0,0
GTF_PB,D,20111201,000000,4.7771,4.7771,4.7771,4.7771,0,0
GTF_PB,D,20111202,000000,4.7771,4.7771,4.7771,4.7771,0,0
GTF_PB,D,20111205,000000,4.7771,4.7771,4.7771,4.7771,0,0
GTF_PB,D,20111206,000000,4.7771,4.7771,4.7771,4.7771,0,0
GTF_PB,D,20111207,000000,4.8255,4.8255,4.7771,4.7771,0,0
GTF_PB,D,20111208,000000,4.7771,4.7771,4.7771,4.7771,0,0
GTF_PB,D,20111209,000000,4.7771,4.7771,4.7771,4.7771,0,0
GTF_PB,D,20111212,000000,4.7771,4.7771,4.7771,4.7771,0,0
GTF_PB,D,20111213,000000,4.7771,4.7771,4.7771,4.7771,0,0
GTF_PB,D,20111214,000000,4.7771,4.7771,4.7771,4.7771,0,0
GTF_PB,D,20111215,000000,4.7771,4.7771,4.7771,4.7771,0,0
GTF_PB,D,20111216,000000,4.7771,4.7771,4.7675,4.7675,0,0
GTF_PB,D,20111219,000000,4.7771,4.7771,4.7771,4.7771,0,0
GTF_PB,D,20111220,000000,4.7771,4.7771,4.7771,4.7771,0,0
GTF_PB,D,20111221,000000,4.7771,4.9222,4.7771,4.9222,0,0
GTF_PB,D,20111222,000000,5.0092,5.0092,5.0092,5.0092,0,0
GTF_PB,D,20111223,000000,5.1543,5.1543,5.1543,5.1543,0,0
GTF_PB,D,20111227,000000,5.2897,5.2897,4.7965,4.7965,0,0
GTF_PB,D,20111230,000000,4.8642,4.8642,4.8642,4.8642,0,0
GTF_PB,D,20120103,000000,4.8255,4.8255,4.8255,4.8255,0,0
GTF_PB,D,20120104,000000,4.8255,4.8255,4.8255,4.8255,0,0
GTF_PB,D,20120105,000000,4.8255,4.8255,4.8255,4.8255,0,0
GTF_PB,D,20120109,000000,4.8255,4.8255,4.8255,4.8255,0,0
GTF_PB,D,20120110,000000,4.8642,4.8642,4.8642,4.8642,0,0
GTF_PB,D,20120118,000000,4.8255,4.8255,4.7675,4.7675,0,0
GTF_PB,D,20120119,000000,4.6804,4.6804,4.6804,4.6804,0,0
GTF_PB,D,20120120,000000,4.6804,4.6804,4.6804,4.6804,0,0
GTF_PB,D,20120123,000000,4.6901,4.8255,4.6901,4.8255,0,0
GTF_PB,D,20120125,000000,4.7965,4.7965,4.7965,4.7965,0,0
GTF_PB,D,20120126,000000,4.7965,4.8448,4.7385,4.8448,0,0
GTF_PB,D,20120127,000000,4.7771,4.7771,4.7771,4.7771,0,0
GTF_PB,D,20120130,000000,4.7771,4.7771,4.7771,4.7771,0,0
GTF_PB,D,20120131,000000,4.7965,4.8255,4.7965,4.8255,0,0
GTF_PB,D,20120201,000000,4.7965,4.7965,4.7965,4.7965,0,0
GTF_PB,D,20120202,000000,4.8062,4.8062,4.8062,4.8062,0,0
GTF_PB,D,20120203,000000,4.8062,4.8062,4.8062,4.8062,0,0
GTF_PB,D,20120206,000000,4.8062,4.8062,4.8062,4.8062,0,0
GTF_PB,D,20120207,000000,4.8062,4.8062,4.8062,4.8062,0,0
GTF_PB,D,20120208,000000,4.8062,4.8062,4.8062,4.8062,0,0
GTF_PB,D,20120209,000000,4.8062,4.8062,4.8062,4.8062,0,0
GTF_PB,D,20120214,000000,4.8062,4.8062,4.8062,4.8062,0,0
GTF_PB,D,20120215,000000,4.8062,4.8062,4.6804,4.6804,0,0
GTF_PB,D,20120223,000000,4.6804,4.6804,4.6804,4.6804,0,0
GTF_PB,D,20120224,000000,4.6804,4.6804,4.6804,4.6804,0,0
GTF_PB,D,20120227,000000,4.6804,4.6804,4.6804,4.6804,0,0
GTF_PB,D,20120228,000000,4.6804,4.6804,4.6804,4.6804,0,0
GTF_PB,D,20120229,000000,4.6804,4.6804,4.6804,4.6804,0,0
GTF_PB,D,20120301,000000,4.6804,4.7385,4.6804,4.7385,0,0
GTF_PB,D,20120308,000000,4.6901,5.2316,4.6901,5.2316,0,0
GTF_PB,D,20120312,000000,5.5218,5.5218,5.5218,5.5218,0,0
GTF_PB,D,20120316,000000,5.5218,6.6242,5.5218,6.3921,0,0
GTF_PB,D,20120321,000000,6.3921,6.3921,6.3921,6.3921,0,0
GTF_PB,D,20120322,000000,6.3921,6.3921,6.3921,6.3921,0,0
GTF_PB,D,20120411,000000,6.5081,6.5081,6.5081,6.5081,0,0
GTF_PB,D,20120412,000000,6.5081,6.5081,6.5081,6.5081,0,0
GTF_PB,D,20120413,000000,6.5081,6.5081,6.5081,6.5081,0,0
GTF_PB,D,20120416,000000,6.5081,6.5081,6.5081,6.5081,0,0
GTF_PB,D,20120417,000000,6.5081,6.5081,6.5081,6.5081,0,0
GTF_PB,D,20120418,000000,6.5081,6.5081,6.5081,6.5081,0,0
GTF_PB,D,20120419,000000,6.5081,6.5081,6.5081,6.5081,0,0
GTF_PB,D,20120420,000000,6.5081,6.5081,6.5081,6.5081,0,0
GTF_PB,D,20120423,000000,6.5081,6.5081,6.5081,6.5081,0,0
GTF_PB,D,20120424,000000,6.5081,6.5081,6.5081,6.5081,0,0
GTF_PB,D,20120425,000000,6.4985,6.4985,6.4985,6.4985,0,0
GTF_PB,D,20120426,000000,6.4985,6.4985,6.4985,6.4985,0,0
GTF_PB,D,20120427,000000,6.4985,6.4985,6.4985,6.4985,0,0
GTF_PB,D,20120430,000000,6.4985,6.4985,6.4985,6.4985,0,0
GTF_PB,D,20120502,000000,6.4985,6.4985,6.4985,6.4985,0,0
GTF_PB,D,20120504,000000,6.3631,6.3631,6.073,6.073,0,0
GTF_PB,D,20120516,000000,5.7152,5.8505,5.7152,5.8505,0,0
GTF_PB,D,20120606,000000,5.7925,5.7925,5.7925,5.7925,0,0
GTF_PB,D,20120608,000000,5.7925,5.7925,5.7925,5.7925,0,0
GTF_PB,D,20120611,000000,5.7925,5.7925,5.7925,5.7925,0,0
GTF_PB,D,20120612,000000,5.7925,5.7925,5.7925,5.7925,0,0
GTF_PB,D,20120613,000000,5.7925,5.7925,5.7925,5.7925,0,0
GTF_PB,D,20120614,000000,5.7925,5.7925,5.7925,5.7925,0,0
GTF_PB,D,20120615,000000,5.7925,5.7925,5.7925,5.7925,0,0
GTF_PB,D,20120618,000000,5.7925,5.7925,5.7925,5.7925,0,0
GTF_PB,D,20120619,000000,5.7925,5.7925,5.7925,5.7925,0,0
GTF_PB,D,20120620,000000,5.7925,5.7925,5.7925,5.7925,0,0
GTF_PB,D,20120621,000000,5.7925,5.7925,5.7925,5.7925,0,0
GTF_PB,D,20120622,000000,5.7925,5.7925,5.7925,5.7925,0,0
GTF_PB,D,20120625,000000,5.7925,5.7925,5.7925,5.7925,0,0
GTF_PB,D,20120626,000000,5.7925,5.7925,5.7925,5.7925,0,0
GTF_PB,D,20120627,000000,5.7925,5.7925,5.7925,5.7925,0,0
GTF_PB,D,20120628,000000,5.7925,5.7925,5.7925,5.7925,0,0
GTF_PB,D,20120629,000000,5.7925,5.7925,5.7925,5.7925,0,0
GTF_PB,D,20120710,000000,5.7442,5.7442,5.4734,5.4734,0,0
GTF_PB,D,20120712,000000,5.251,5.251,5.193,5.193,0,0
GTF_PB,D,20120717,000000,5.0286,5.0286,4.9415,4.9415,0,0
GTF_PB,D,20120723,000000,4.7385,4.7385,4.7385,4.7385,0,0
GTF_PB,D,20120724,000000,4.7288,4.7288,4.7288,4.7288,0,0
GTF_PB,D,20120725,000000,4.7288,4.7288,4.7288,4.7288,0,0
GTF_PB,D,20120801,000000,4.7288,4.7288,4.7288,4.7288,0,0
GTF_PB,D,20120803,000000,4.7288,4.7288,4.7288,4.7288,0,0
GTF_PB,D,20120806,000000,4.7288,4.7288,4.7288,4.7288,0,0
GTF_PB,D,20120807,000000,4.7288,4.7288,4.7288,4.7288,0,0
GTF_PB,D,20120808,000000,4.7288,4.7288,4.7288,4.7288,0,0
GTF_PB,D,20120809,000000,4.7288,4.7288,4.7288,4.7288,0,0
GTF_PB,D,20120810,000000,4.7288,4.7288,4.7288,4.7288,0,0
GTF_PB,D,20120813,000000,4.7288,4.7288,4.7288,4.7288,0,0
GTF_PB,D,20120814,000000,4.7288,4.7288,4.7288,4.7288,0,0
GTF_PB,D,20120817,000000,4.7288,4.7288,4.7288,4.7288,0,0
GTF_PB,D,20120820,000000,4.7288,4.7288,4.7288,4.7288,0,0
GTF_PB,D,20120824,000000,4.7288,4.7288,4.6321,4.6321,0,0
GTF_PB,D,20120828,000000,4.2163,4.2163,4.1873,4.1873,0,0
GTF_PB,D,20120829,000000,4.0712,4.0712,4.0712,4.0712,0,0
GTF_PB,D,20120906,000000,4.1099,4.1099,4.1099,4.1099,0,0
GTF_PB,D,20120912,000000,3.9455,4.0615,3.9455,4.0615,0,0
GTF_PB,D,20121001,000000,4.0615,4.0615,3.8681,3.8681,0,0
GTF_PB,D,20121002,000000,3.8391,3.8391,3.7134,3.7134,0,0
GTF_PB,D,20121016,000000,3.7327,3.8875,3.7327,3.8875,0,0
GTF_PB,D,20121206,000000,3.6941,3.8198,3.6941,3.8198,0,0
GTF_PB,D,20121211,000000,3.7618,3.7618,3.6457,3.6457,0,0
GTF_PB,D,20121217,000000,3.8778,3.9358,3.8778,3.9358,0,0
GTF_PB,D,20130111,000000,3.9745,3.9745,3.9745,3.9745,0,0
GTF_PB,D,20130124,000000,4.0229,4.1486,4.0229,4.1486,0,0
GTF_PB,D,20130201,000000,4.2549,4.313,4.2549,4.313,0,0
GTF_PB,D,20130218,000000,4.3807,4.3807,4.3807,4.3807,0,0
GTF_PB,D,20130219,000000,4.3807,4.3807,4.3807,4.3807,0,0
GTF_PB,D,20130220,000000,4.3807,4.3807,4.3807,4.3807,0,0
GTF_PB,D,20130221,000000,4.3807,4.3807,4.3807,4.3807,0,0
GTF_PB,D,20130222,000000,4.3807,4.3807,4.1679,4.1679,0,0
GTF_PB,D,20130228,000000,4.2,4.2,4.2,4.2,0,0
GTF_PB,D,20130301,000000,4.1969,4.1969,4.1969,4.1969,0,0
GTF_PB,D,20130304,000000,4.1969,4.4677,4.1969,4.4677,0,0
GTF_PB,D,20130307,000000,4.5547,4.5547,4.5547,4.5547,0,0
GTF_PB,D,20130308,000000,4.5547,4.5547,4.5547,4.5547,0,0
GTF_PB,D,20130311,000000,4.5547,4.5547,4.5547,4.5547,0,0
GTF_PB,D,20130312,000000,4.5547,4.5547,4.5547,4.5547,0,0
GTF_PB,D,20130313,000000,4.5547,4.5547,4.5547,4.5547,0,0
GTF_PB,D,20130314,000000,4.7191,4.7385,4.7191,4.7385,0,0
GTF_PB,D,20130321,000000,4.5547,5.0092,4.5547,5.0092,0,0
GTF_PB,D,20130325,000000,5.1059,5.1059,5.1059,5.1059,0,0
GTF_PB,D,20130326,000000,5.1059,5.1059,5.1059,5.1059,0,0
GTF_PB,D,20130327,000000,5.1059,5.1059,5.1059,5.1059,0,0
GTF_PB,D,20130328,000000,5.1059,5.1059,5.1059,5.1059,0,0
GTF_PB,D,20130411,000000,5.1446,5.4734,5.1446,5.4734,0,0
GTF_PB,D,20130508,000000,5.5121,6.8369,5.5121,6.8369,0,0
GTF_PB,D,20130509,000000,7.0593,7.0593,7.0593,7.0593,0,0
GTF_PB,D,20130510,000000,7.0593,7.0593,7.0593,7.0593,0,0
GTF_PB,D,20130513,000000,7.0497,7.0497,7.0497,7.0497,0,0
GTF_PB,D,20130516,000000,7.0207,7.0207,5.6765,5.6765,0,0
GTF_PB,D,20130521,000000,5.4734,5.4734,4.371,4.371,0,0
GTF_PB,D,20130619,000000,4.21,4.21,4.21,4.21,0,0
GTF_PB,D,20130620,000000,4.21,4.76,4.21,4.76,0,0
GTF_PB,D,20130703,000000,4.76,4.76,4.76,4.76,0,0
GTF_PB,D,20130704,000000,4.73,4.73,4.73,4.73,0,0
GTF_PB,D,20130716,000000,4.73,4.73,4.73,4.73,0,0
GTF_PB,D,20130802,000000,4.73,4.73,3.79,3.79,0,0
GTF_PB,D,20130807,000000,3.96,4.56,3.96,4.56,0,0
GTF_PB,D,20130808,000000,4.73,5,4.73,5,0,0
GTF_PB,D,20130809,000000,5,5,5,5,0,0
GTF_PB,D,20130812,000000,5,5.55,5,5.55,0,0
GTF_PB,D,20130813,000000,5.55,5.55,5.55,5.55,0,0
GTF_PB,D,20130814,000000,5.55,6.02,5.55,6.02,0,0
GTF_PB,D,20130816,000000,6,6.75,6,6.75,0,0
GTF_PB,D,20130819,000000,6.75,6.75,6.75,6.75,0,0
GTF_PB,D,20130820,000000,6.75,6.75,5.48,5.48,0,0
GTF_PB,D,20130821,000000,5.94,5.94,5.94,5.94,0,0
GTF_PB,D,20130822,000000,5.94,5.94,5.94,5.94,0,0
GTF_PB,D,20130823,000000,5.94,5.94,5.94,5.94,0,0
GTF_PB,D,20130826,000000,5.94,5.94,5.94,5.94,0,0
GTF_PB,D,20130827,000000,5.94,5.94,5,5,0,0
GTF_PB,D,20130828,000000,5.05,5.05,5.05,5.05,0,0
GTF_PB,D,20130829,000000,5.05,5.05,5.05,5.05,0,0
GTF_PB,D,20130830,000000,5.05,5.05,5.05,5.05,0,0
GTF_PB,D,20130904,000000,5,5,4.26,4.26,0,0
GTF_PB,D,20130905,000000,5,5,5,5,0,0
GTF_PB,D,20130913,000000,5,5.5,5,5.5,0,0
GTF_PB,D,20130916,000000,5.25,5.75,5.25,5.75,0,0
GTF_PB,D,20130917,000000,5.5,6,5.5,6,0,0
GTF_PB,D,20130925,000000,5.75,5.75,4.75,4.75,0,0
GTF_PB,D,20131002,000000,4.9,5.5,4.9,5.5,0,0
GTF_PB,D,20131003,000000,5.75,6.25,5.5,6.25,0,0
GTF_PB,D,20131004,000000,6.25,6.25,5,5.7,0,0
GTF_PB,D,20131007,000000,5.65,6.01,5.65,6.01,0,0
GTF_PB,D,20131009,000000,6.15,6.54,6.15,6.54,0,0
GTF_PB,D,20131010,000000,6.54,6.6,6.25,6.6,0,0
GTF_PB,D,20131011,000000,6.6,6.6,6.6,6.6,0,0
GTF_PB,D,20131014,000000,6.6,6.6,5.95,5.95,0,0
GTF_PB,D,20131015,000000,5.9,5.9,5.9,5.9,0,0
GTF_PB,D,20131016,000000,5.93,5.93,5.93,5.93,0,0
GTF_PB,D,20131017,000000,5.93,5.93,5.93,5.93,0,0
GTF_PB,D,20131018,000000,5.93,5.93,5.93,5.93,0,0
GTF_PB,D,20131021,000000,5.93,5.93,5.93,5.93,0,0
GTF_PB,D,20131022,000000,5.93,5.93,5.93,5.93,0,0
GTF_PB,D,20131023,000000,5.93,5.93,5.93,5.93,0,0
GTF_PB,D,20131024,000000,5.93,5.93,5.93,5.93,0,0
GTF_PB,D,20131025,000000,5.93,6,5.5,6,0,0
GTF_PB,D,20131028,000000,6,6,6,6,0,0
GTF_PB,D,20131029,000000,6,6,6,6,0,0
GTF_PB,D,20131030,000000,6,6,6,6,0,0
GTF_PB,D,20131031,000000,6,6,6,6,0,0
GTF_PB,D,20131106,000000,6.2,6.6,6.2,6.6,0,0
GTF_PB,D,20131107,000000,6.75,7.2,6.75,7.2,0,0
GTF_PB,D,20131112,000000,7.24,7.24,7.24,7.24,0,0
GTF_PB,D,20131113,000000,7.24,7.24,6.29,6.29,0,0
GTF_PB,D,20131114,000000,6.29,6.29,5.71,5.71,0,0
GTF_PB,D,20131118,000000,5.62,5.62,4.95,4.95,0,0
GTF_PB,D,20131119,000000,5,5,5,5,0,0
GTF_PB,D,20131120,000000,5.03,5.03,5.03,5.03,0,0
GTF_PB,D,20131121,000000,5,5,5,5,0,0
GTF_PB,D,20131122,000000,5,5,5,5,0,0
GTF_PB,D,20131125,000000,5,5,5,5,0,0
GTF_PB,D,20131126,000000,5,5,5,5,0,0
GTF_PB,D,20131127,000000,5,5,5,5,0,0
GTF_PB,D,20131128,000000,5,5.39,5,5.39,0,0
GTF_PB,D,20131129,000000,5,5,5,5,0,0
GTF_PB,D,20131202,000000,5,5,5,5,0,0
GTF_PB,D,20131203,000000,5,5,5,5,0,0
GTF_PB,D,20131204,000000,5,5,5,5,0,0
GTF_PB,D,20131205,000000,4.99,4.99,4.99,4.99,0,0
GTF_PB,D,20131206,000000,5.08,5.08,5.08,5.08,0,0
GTF_PB,D,20131211,000000,5.04,5.04,5.04,5.04,0,0
GTF_PB,D,20131216,000000,4.99,4.99,4.99,4.99,0,0
GTF_PB,D,20131217,000000,4.99,4.99,4.99,4.99,0,0
GTF_PB,D,20131218,000000,4.99,4.99,4.99,4.99,0,0
GTF_PB,D,20131219,000000,4.99,4.99,4.99,4.99,0,0
GTF_PB,D,20131220,000000,4.99,5.39,4.99,5.39,0,0
GTF_PB,D,20131223,000000,5.63,5.83,5.63,5.83,0,0
GTF_PB,D,20131230,000000,5.83,5.83,5.83,5.83,0,0
GTF_PB,D,20140107,000000,5.84,6.2,5.84,6.2,0,0
GTF_PB,D,20140108,000000,6.2,6.2,6.2,6.2,0,0
GTF_PB,D,20140129,000000,6.2,6.2,6.2,6.2,0,0
GTF_PB,D,20140130,000000,6.2,6.2,6.2,6.2,0,0
GTF_PB,D,20140131,000000,6.2,6.2,6.2,6.2,0,0
GTF_PB,D,20140203,000000,6.2,6.2,6.2,6.2,0,0
GTF_PB,D,20140204,000000,6.2,6.2,6.2,6.2,0,0
GTF_PB,D,20140205,000000,6.2,6.2,6.2,6.2,0,0
GTF_PB,D,20140206,000000,6.2,6.2,6.2,6.2,0,0
GTF_PB,D,20140207,000000,6.2,6.2,6.2,6.2,0,0
GTF_PB,D,20140210,000000,6.2,6.2,6.2,6.2,0,0
GTF_PB,D,20140211,000000,6.2,6.2,6.2,6.2,0,0
GTF_PB,D,20140212,000000,6.2,6.2,6.2,6.2,0,0
GTF_PB,D,20140217,000000,6.25,7.46,6.25,7.46,0,0
GTF_PB,D,20140218,000000,7.47,8.81,7.47,8.81,0,0
GTF_PB,D,20140219,000000,9.88,10.56,9.88,10.56,0,0
GTF_PB,D,20140220,000000,10.69,10.69,10.69,10.69,0,0
GTF_PB,D,20140221,000000,10.83,12.04,10.83,11.82,0,0
GTF_PB,D,20140224,000000,11.91,13.03,11.91,13.03,0,0
GTF_PB,D,20140225,000000,13.48,15.26,13.48,15.26,0,0
GTF_PB,D,20140226,000000,15.25,16.44,13.93,16.44,0,0
GTF_PB,D,20140227,000000,16.44,19.55,16.44,19.55,0,0
GTF_PB,D,20140228,000000,19.32,19.32,15.73,15.73,0,0
GTF_PB,D,20140303,000000,15.73,15.73,15.46,15.46,0,0
GTF_PB,D,20140304,000000,15.23,15.23,13.61,15.05,0,0
GTF_PB,D,20140305,000000,14.38,14.38,13.03,13.03,0,0
GTF_PB,D,20140306,000000,13.03,13.03,11.59,11.59,0,0
GTF_PB,D,20140320,000000,11.59,11.59,11.59,11.59,0,0
GTF_PB,D,20140321,000000,11.59,11.59,11.59,11.59,0,0
GTF_PB,D,20140416,000000,11.48,11.48,9.66,9.66,0,0
GTF_PB,D,20140423,000000,6.97,6.97,6.97,6.97,0,0
GTF_PB,D,20140424,000000,6.97,6.97,6.97,6.97,0,0
GTF_PB,D,20140515,000000,7.13,7.62,7.13,7.62,0,0
GTF_PB,D,20140519,000000,7.62,8.59,7.62,8.59,0,0
GTF_PB,D,20140521,000000,11.34,11.34,11.34,11.34,0,0
GTF_PB,D,20140522,000000,11.51,12.96,11.51,12.96,0,0
GTF_PB,D,20140523,000000,12.96,13.61,12.96,12.96,0,0
GTF_PB,D,20140526,000000,13.29,13.29,13.29,13.29,0,0
GTF_PB,D,20140527,000000,13.29,13.29,13.13,13.13,0,0
GTF_PB,D,20140528,000000,13.12,13.12,13.12,13.12,0,0
GTF_PB,D,20140529,000000,13.45,13.45,13.45,13.45,0,0
GTF_PB,D,20140530,000000,13.42,13.42,12.64,13.39,0,0
GTF_PB,D,20140602,000000,13.42,13.42,13.42,13.42,0,0
GTF_PB,D,20140603,000000,13.45,13.45,13.45,13.45,0,0
GTF_PB,D,20140604,000000,13.43,13.43,13.43,13.43,0,0
GTF_PB,D,20140605,000000,13.45,13.45,13.45,13.45,0,0
GTF_PB,D,20140606,000000,13.45,13.45,13.45,13.45,0,0
GTF_PB,D,20140609,000000,13.45,13.45,13.45,13.45,0,0
GTF_PB,D,20140610,000000,13.45,13.45,13.45,13.45,0,0
GTF_PB,D,20140611,000000,13.45,13.45,13.45,13.45,0,0
GTF_PB,D,20140612,000000,13.45,13.45,11.02,11.02,0,0
GTF_PB,D,20140613,000000,10.05,10.05,8.01,8.01,0,0
GTF_PB,D,20140617,000000,7.78,7.78,7.29,7.29,0,0
GTF_PB,D,20140620,000000,7.29,7.29,7.13,7.13,0,0
GTF_PB,D,20140623,000000,7.13,7.13,7.13,7.13,0,0
GTF_PB,D,20140624,000000,7.13,7.13,7.13,7.13,0,0
GTF_PB,D,20140625,000000,7.13,7.13,7.13,7.13,0,0
GTF_PB,D,20140626,000000,7.13,7.31,7.13,7.31,0,0
GTF_PB,D,20140714,000000,4.77,4.77,4.66,4.66,0,0
GTF_PB,D,20140717,000000,4.44,4.44,4.44,4.44,0,0
GTF_PB,D,20140718,000000,4.44,4.64,4.44,4.64,0,0
GTF_PB,D,20140812,000000,4.52,4.52,4.52,4.52,0,0
GTF_PB,D,20140813,000000,4.52,4.52,3.77,3.77,0,0
GTF_PB,D,20140814,000000,3.75,3.75,3.75,3.75,0,0
GTF_PB,D,20140818,000000,3.75,3.75,3.75,3.75,0,0
GTF_PB,D,20140819,000000,3.75,3.75,3.75,3.75,0,0
GTF_PB,D,20140820,000000,3.75,3.75,3.75,3.75,0,0
GTF_PB,D,20140821,000000,3.75,3.75,3.75,3.75,0,0
GTF_PB,D,20140822,000000,3.75,3.75,3.75,3.75,0,0
GTF_PB,D,20140825,000000,3.75,3.75,3.75,3.75,0,0
GTF_PB,D,20140826,000000,3.75,3.77,3.66,3.77,0,0
GTF_PB,D,20140902,000000,3.77,3.77,3.77,3.77,0,0
GTF_PB,D,20140908,000000,3.6,3.6,3.6,3.6,0,0
GTF_PB,D,20140916,000000,3.58,3.58,3.58,3.58,0,0
GTF_PB,D,20140922,000000,3.6,3.73,3.6,3.73,0,0
GTF_PB,D,20140923,000000,3.52,3.52,3.43,3.43,0,0
GTF_PB,D,20140924,000000,3.44,3.44,3.35,3.35,0,0
GTF_PB,D,20140925,000000,3.35,3.35,3.35,3.35,0,0
GTF_PB,D,20140926,000000,3.31,3.31,3.31,3.31,0,0
GTF_PB,D,20140929,000000,3.31,3.31,3.31,3.31,0,0
GTF_PB,D,20140930,000000,3.33,3.33,3.33,3.33,0,0
GTF_PB,D,20141001,000000,3.22,3.22,3.22,3.22,0,0
GTF_PB,D,20141002,000000,3.22,3.22,3.22,3.22,0,0
GTF_PB,D,20141008,000000,3.33,3.33,3.33,3.33,0,0
GTF_PB,D,20141010,000000,3.35,3.35,3.35,3.35,0,0
GTF_PB,D,20141013,000000,3.35,3.35,3.35,3.35,0,0
GTF_PB,D,20141014,000000,3.35,3.35,3.35,3.35,0,0
GTF_PB,D,20141015,000000,3.35,3.35,3.35,3.35,0,0
GTF_PB,D,20141016,000000,3.35,3.35,3.35,3.35,0,0
GTF_PB,D,20141017,000000,3.35,3.35,3.35,3.35,0,0
GTF_PB,D,20141107,000000,3.22,3.22,3.18,3.18,0,0
GTF_PB,D,20141110,000000,3.18,3.18,3.18,3.18,0,0
GTF_PB,D,20141112,000000,3.18,3.18,3.18,3.18,0,0
GTF_PB,D,20141113,000000,3.18,3.18,3.18,3.18,0,0
GTF_PB,D,20141114,000000,3.18,3.18,3.18,3.18,0,0
GTF_PB,D,20141117,000000,3.18,3.18,3.18,3.18,0,0
GTF_PB,D,20141118,000000,3.18,3.18,3.18,3.18,0,0
GTF_PB,D,20141119,000000,3.18,3.18,3.18,3.18,0,0
GTF_PB,D,20141120,000000,3.18,3.18,3.18,3.18,0,0
GTF_PB,D,20141121,000000,3.18,3.18,3.18,3.18,0,0
GTF_PB,D,20141124,000000,3.18,3.18,3.18,3.18,0,0
GTF_PB,D,20141125,000000,3.18,3.18,3.18,3.18,0,0
GTF_PB,D,20141126,000000,3.18,3.18,3.18,3.18,0,0
GTF_PB,D,20141127,000000,3.18,3.18,3.18,3.18,0,0
GTF_PB,D,20141128,000000,3.16,3.16,3.16,3.16,0,0
GTF_PB,D,20141201,000000,3.16,3.16,3.16,3.16,0,0
GTF_PB,D,20141202,000000,3.11,3.11,2.99,2.99,0,0
GTF_PB,D,20141203,000000,2.99,2.99,2.89,2.89,0,0
GTF_PB,D,20141204,000000,2.89,2.89,2.89,2.89,0,0
GTF_PB,D,20141205,000000,2.89,2.89,2.89,2.89,0,0
GTF_PB,D,20141208,000000,2.87,2.87,2.72,2.72,0,0
GTF_PB,D,20141209,000000,2.72,2.72,2.72,2.72,0,0
GTF_PB,D,20141210,000000,2.77,2.77,2.77,2.77,0,0
GTF_PB,D,20141212,000000,2.68,2.68,2.58,2.58,0,0
GTF_PB,D,20141215,000000,2.58,2.58,2.58,2.58,0,0
GTF_PB,D,20141216,000000,2.58,2.58,2.42,2.42,0,0
GTF_PB,D,20141219,000000,2.37,2.37,2.28,2.28,0,0
GTF_PB,D,20141222,000000,2.15,2.58,2.15,2.58,0,0
GTF_PB,D,20141223,000000,2.31,2.77,2.27,2.27,0,0
GTF_PB,D,20141229,000000,2.27,2.64,1.95,2.64,0,0
GTF_PB,D,20141230,000000,2.56,2.67,2.08,2.67,0,0
GTF_PB,D,20150102,000000,2.37,2.65,2.28,2.65,0,0
GTF_PB,D,20150105,000000,2.27,2.4,2.14,2.35,0,0
GTF_PB,D,20150107,000000,2.35,2.65,2.18,2.21,0,0
GTF_PB,D,20150108,000000,2.21,2.42,2.21,2.42,0,0
GTF_PB,D,20150112,000000,2.42,2.42,2.42,2.42,0,0
GTF_PB,D,20150113,000000,2.25,3.05,2.25,3.05,0,0
GTF_PB,D,20150114,000000,3.07,3.62,2.86,3.62,0,0
GTF_PB,D,20150115,000000,3.44,3.61,2.89,2.95,0,0
GTF_PB,D,20150119,000000,2.74,3.38,2.74,3.38,0,0
GTF_PB,D,20150120,000000,2.82,3.38,2.82,3.15,0,0
GTF_PB,D,20150121,000000,3.03,3.04,2.87,2.87,0,0
GTF_PB,D,20150122,000000,2.87,3.38,2.48,3.38,0,0
GTF_PB,D,20150123,000000,2.88,3.38,2.88,3.38,0,0
GTF_PB,D,20150126,000000,3.08,3.38,2.87,3.38,0,0
GTF_PB,D,20150127,000000,3.28,3.28,3.28,3.28,0,0
GTF_PB,D,20150128,000000,3.23,3.23,3.23,3.23,0,0
GTF_PB,D,20150129,000000,3.23,3.68,2.59,2.77,0,0
GTF_PB,D,20150130,000000,2.58,2.58,2.4,2.4,0,0
GTF_PB,D,20150202,000000,2.42,2.76,2.37,2.66,0,0
GTF_PB,D,20150203,000000,2.55,2.66,2.48,2.66,0,0
GTF_PB,D,20150204,000000,2.76,3.09,2.76,3.09,0,0
GTF_PB,D,20150205,000000,2.89,2.99,2.62,2.99,0,0
GTF_PB,D,20150210,000000,2.7,2.7,2.56,2.56,0,0
GTF_PB,D,20150212,000000,2.43,2.43,2.02,2.02,0,0
GTF_PB,D,20150213,000000,2.02,2.02,2.02,2.02,0,0
GTF_PB,D,20150216,000000,2.09,2.51,2.09,2.51,0,0
GTF_PB,D,20150218,000000,2.62,2.62,2.62,2.62,0,0
GTF_PB,D,20150219,000000,2.36,2.62,2.36,2.62,0,0
GTF_PB,D,20150223,000000,2.44,2.8,2.44,2.8,0,0
GTF_PB,D,20150224,000000,2.72,2.72,2.72,2.72,0,0
GTF_PB,D,20150225,000000,2.62,2.62,2.62,2.62,0,0
GTF_PB,D,20150226,000000,2.62,3,2.62,3,0,0
GTF_PB,D,20150227,000000,2.84,3.32,2.84,3.32,0,0
GTF_PB,D,20150302,000000,3.22,3.42,3.22,3.42,0,0
GTF_PB,D,20150303,000000,3.37,3.78,3.37,3.78,0,0
GTF_PB,D,20150304,000000,3.78,3.78,3.78,3.78,0,0
GTF_PB,D,20150305,000000,3.63,3.82,3.63,3.82,0,0
GTF_PB,D,20150306,000000,3.79,4.49,3.79,4.02,0,0
GTF_PB,D,20150309,000000,3.78,4.02,3.78,4.02,0,0
GTF_PB,D,20150310,000000,3.72,3.72,3.59,3.59,0,0
GTF_PB,D,20150311,000000,3.63,3.92,3.63,3.92,0,0
GTF_PB,D,20150317,000000,3.63,3.72,3.63,3.72,0,0
GTF_PB,D,20150318,000000,3.63,3.63,3.63,3.63,0,0
GTF_PB,D,20150319,000000,3.52,4.23,3.38,3.7,0,0
GTF_PB,D,20150320,000000,3.7,4.23,3.7,3.89,0,0
GTF_PB,D,20150324,000000,3.52,3.52,3.26,3.26,0,0
GTF_PB,D,20150325,000000,3.22,3.86,2.82,3.22,0,0
GTF_PB,D,20150326,000000,3.52,3.52,3.06,3.06,0,0
GTF_PB,D,20150330,000000,3.09,3.32,3.09,3.32,0,0
GTF_PB,D,20150331,000000,2.88,2.9,2.88,2.9,0,0
GTF_PB,D,20150401,000000,2.9,2.9,2.9,2.9,0,0
GTF_PB,D,20150402,000000,2.9,2.9,2.9,2.9,0,0
GTF_PB,D,20150407,000000,2.9,2.9,2.9,2.9,0,0
GTF_PB,D,20150410,000000,2.9,2.9,2.82,2.82,0,0
GTF_PB,D,20150413,000000,2.84,3.22,2.62,2.62,0,0
GTF_PB,D,20150414,000000,2.53,2.66,2.03,2.66,0,0
GTF_PB,D,20150415,000000,2.5,2.5,2.5,2.5,0,0
GTF_PB,D,20150416,000000,2.6,2.78,2.6,2.78,0,0
GTF_PB,D,20150427,000000,2.7,2.9,2.7,2.9,0,0
GTF_PB,D,20150504,000000,2.7,2.9,2.7,2.9,0,0
GTF_PB,D,20150514,000000,2.65,2.68,2.5,2.61,0,0
GTF_PB,D,20150518,000000,2.48,2.82,2.48,2.82,0,0
GTF_PB,D,20150528,000000,2.37,2.37,2.31,2.37,0,0
GTF_PB,D,20150529,000000,2.37,2.37,2.37,2.37,0,0
GTF_PB,D,20150601,000000,2.37,2.37,2.37,2.37,0,0
GTF_PB,D,20150602,000000,2.37,2.37,2.37,2.37,0,0
GTF_PB,D,20150603,000000,2.37,2.37,2.37,2.37,0,0
GTF_PB,D,20150605,000000,2.37,2.37,2.37,2.37,0,0
GTF_PB,D,20150608,000000,2.37,2.37,2.37,2.37,0,0
GTF_PB,D,20150609,000000,2.37,2.37,2.37,2.37,0,0
GTF_PB,D,20150610,000000,2.37,2.37,2.37,2.37,0,0
GTF_PB,D,20150611,000000,2.37,2.37,2.37,2.37,0,0
GTF_PB,D,20150612,000000,2.37,2.37,2.37,2.37,0,0
GTF_PB,D,20150617,000000,2.33,2.33,2.33,2.33,0,0
GTF_PB,D,20150618,000000,2.33,2.33,2.33,2.33,0,0
GTF_PB,D,20150619,000000,2.33,2.33,2.33,2.33,0,0
GTF_PB,D,20150624,000000,2.34,2.34,2.34,2.34,0,0
GTF_PB,D,20150625,000000,2.36,2.36,2.36,2.36,0,0
GTF_PB,D,20150626,000000,2.36,2.36,2.36,2.36,0,0
GTF_PB,D,20150629,000000,2.36,2.36,2.36,2.36,0,0
GTF_PB,D,20150630,000000,2.36,2.36,2.36,2.36,0,0
GTF_PB,D,20150701,000000,2.36,2.36,2.36,2.36,0,0
GTF_PB,D,20150702,000000,2.36,2.36,2.36,2.36,0,0
GTF_PB,D,20150703,000000,2.36,2.36,2.36,2.36,0,0
GTF_PB,D,20150706,000000,2.36,2.36,2.36,2.36,0,0
GTF_PB,D,20150707,000000,2.36,2.36,2.36,2.36,0,0
GTF_PB,D,20150708,000000,2.36,2.36,2.36,2.36,0,0
GTF_PB,D,20150709,000000,2.36,2.36,2.11,2.14,0,0
GTF_PB,D,20150716,000000,2.14,2.24,2.09,2.24,0,0
GTF_PB,D,20150724,000000,2.16,2.16,2.16,2.16,0,0
GTF_PB,D,20150727,000000,2.16,2.16,2.16,2.16,0,0
GTF_PB,D,20150728,000000,2.16,2.16,1.78,1.78,0,0
GTF_PB,D,20150729,000000,2,2.24,2,2.24,0,0
GTF_PB,D,20150818,000000,2.17,2.17,2.17,2.17,0,0
GTF_PB,D,20150819,000000,2.15,2.15,1.98,1.98,0,0
GTF_PB,D,20150821,000000,2.02,2.11,2.02,2.11,0,0
GTF_PB,D,20150824,000000,1.88,1.88,1.88,1.88,0,0
GTF_PB,D,20150825,000000,1.88,1.88,1.82,1.85,0,0
GTF_PB,D,20150902,000000,1.85,1.85,1.85,1.85,0,0
GTF_PB,D,20150904,000000,1.74,1.78,1.48,1.78,0,0
GTF_PB,D,20150907,000000,1.59,1.59,1.53,1.53,0,0
GTF_PB,D,20150908,000000,1.53,1.75,1.53,1.75,0,0
GTF_PB,D,20150909,000000,1.53,1.78,1.53,1.78,0,0
GTF_PB,D,20150915,000000,1.78,1.78,1.78,1.78,0,0
GTF_PB,D,20150916,000000,1.82,1.82,1.82,1.82,0,0
GTF_PB,D,20150922,000000,1.82,1.82,1.82,1.82,0,0
GTF_PB,D,20150923,000000,1.83,1.83,1.83,1.83,0,0
GTF_PB,D,20150924,000000,1.88,1.88,1.88,1.88,0,0
GTF_PB,D,20150925,000000,1.9,1.9,1.9,1.9,0,0
GTF_PB,D,20151002,000000,1.7,1.7,1.48,1.48,0,0
GTF_PB,D,20151005,000000,1.57,1.57,1.36,1.57,0,0
GTF_PB,D,20151006,000000,1.52,1.52,1.52,1.52,0,0
GTF_PB,D,20151007,000000,1.59,1.59,1.59,1.59,0,0
GTF_PB,D,20151009,000000,1.67,1.74,1.67,1.74,0,0
GTF_PB,D,20151014,000000,1.7,1.7,1.7,1.7,0,0
GTF_PB,D,20151020,000000,1.74,1.83,1.74,1.83,0,0
GTF_PB,D,20151117,000000,1.82,1.82,1.82,1.82,0,0
GTF_PB,D,20151118,000000,1.82,1.82,1.82,1.82,0,0
GTF_PB,D,20151119,000000,1.82,1.82,1.82,1.82,0,0
GTF_PB,D,20151120,000000,1.82,1.82,1.82,1.82,0,0
GTF_PB,D,20151123,000000,1.82,1.82,1.82,1.82,0,0
GTF_PB,D,20151124,000000,1.77,1.77,1.72,1.72,0,0
GTF_PB,D,20151125,000000,1.72,1.72,1.72,1.72,0,0
GTF_PB,D,20151126,000000,1.72,1.72,1.72,1.72,0,0
GTF_PB,D,20151127,000000,1.72,1.72,1.66,1.66,0,0
GTF_PB,D,20151130,000000,1.66,1.66,1.66,1.66,0,0
GTF_PB,D,20151201,000000,1.66,1.66,1.66,1.66,0,0
GTF_PB,D,20151202,000000,1.66,1.66,1.66,1.66,0,0
GTF_PB,D,20151203,000000,1.66,1.66,1.66,1.66,0,0
GTF_PB,D,20151204,000000,1.66,1.66,1.66,1.66,0,0
GTF_PB,D,20151207,000000,1.66,1.66,1.66,1.66,0,0
GTF_PB,D,20151209,000000,1.66,1.75,1.66,1.75,0,0
GTF_PB,D,20151228,000000,1.78,1.78,1.78,1.78,0,0
GTF_PB,D,20160107,000000,1.77,1.77,1.77,1.77,0,0
GTF_PB,D,20160118,000000,1.78,1.78,1.78,1.78,0,0
GTF_PB,D,20160408,000000,1.74,1.74,1.74,1.74,0,0
GTF_PB,D,20160519,000000,1.7,1.7,1.7,1.7,0,0
GTF_PB,D,20160520,000000,1.69,1.69,1.65,1.65,0,0
GTF_PB,D,20160523,000000,1.6,1.6,1.6,1.6,0,0
GTF_PB,D,20160714,000000,1.57,1.57,1.57,1.57,0,0
GTF_PB,D,20160718,000000,1.6,1.6,1.6,1.6,0,0
GTF_PB,D,20160719,000000,1.63,1.63,1.63,1.63,0,0
GTF_PB,D,20160721,000000,1.66,1.71,1.66,1.71,0,0
GTF_PB,D,20160725,000000,1.71,1.8,1.71,1.8,0,0
GTF_PB,D,20160726,000000,1.8,1.8,1.8,1.8,0,0
GTF_PB,D,20160727,000000,1.8,1.81,1.8,1.81,0,0
GTF_PB,D,20160826,000000,1.76,1.76,1.76,1.76,0,0
GTF_PB,D,20160921,000000,1.76,1.76,1.76,1.76,0,0
GTF_PB,D,20161013,000000,1.67,1.67,1.67,1.67,0,0
GTF_PB,D,20161014,000000,1.68,1.68,1.68,1.68,0,0
GTF_PB,D,20161019,000000,1.67,1.67,1.67,1.67,0,0
GTF_PB,D,20161021,000000,1.67,1.74,1.67,1.74,0,0
GTF_PB,D,20161024,000000,1.74,1.74,1.74,1.74,0,0
GTF_PB,D,20161031,000000,1.75,1.75,1.75,1.75,0,0
GTF_PB,D,20161104,000000,1.74,1.74,1.74,1.74,0,0
GTF_PB,D,20161108,000000,1.74,1.74,1.74,1.74,0,0
GTF_PB,D,20161109,000000,1.7,1.7,1.67,1.67,0,0
GTF_PB,D,20161230,000000,1.6,1.6,1.58,1.58,0,0
GTF_PB,D,20170102,000000,1.58,1.58,1.58,1.58,0,0
GTF_PB,D,20170113,000000,1.55,1.55,1.55,1.55,0,0
GTF_PB,D,20170127,000000,1.55,1.55,1.55,1.55,0,0
GTF_PB,D,20170130,000000,1.57,1.57,1.57,1.57,0,0
GTF_PB,D,20170131,000000,1.57,1.57,1.53,1.53,0,0
GTF_PB,D,20170215,000000,1.53,1.53,1.53,1.53,0,0
GTF_PB,D,20170216,000000,1.55,1.55,1.52,1.52,0,0
GTF_PB,D,20170217,000000,1.52,1.52,1.52,1.52,0,0
GTF_PB,D,20170220,000000,1.52,1.52,1.52,1.52,0,0
GTF_PB,D,20170221,000000,1.52,1.52,1.52,1.52,0,0
GTF_PB,D,20170222,000000,1.52,1.52,1.52,1.52,0,0
GTF_PB,D,20170223,000000,1.52,1.52,1.52,1.52,0,0
GTF_PB,D,20170224,000000,1.52,1.52,1.52,1.52,0,0
GTF_PB,D,20170227,000000,1.52,1.52,1.52,1.52,0,0
GTF_PB,D,20170228,000000,1.52,1.52,1.52,1.52,0,0
GTF_PB,D,20170302,000000,1.52,1.52,1.52,1.52,0,0
GTF_PB,D,20170303,000000,1.52,1.52,1.52,1.52,0,0
GTF_PB,D,20170306,000000,1.52,1.52,1.52,1.52,0,0
GTF_PB,D,20170307,000000,1.52,1.52,1.52,1.52,0,0
GTF_PB,D,20170308,000000,1.52,1.52,1.52,1.52,0,0
GTF_PB,D,20170309,000000,1.52,1.52,1.52,1.52,0,0
GTF_PB,D,20170310,000000,1.52,1.52,1.45,1.45,0,0
GTF_PB,D,20170313,000000,1.39,1.39,1.39,1.39,0,0
GTF_PB,D,20170314,000000,1.35,1.35,1.28,1.28,0,0
GTF_PB,D,20170316,000000,1.31,1.31,1.31,1.31,0,0
GTF_PB,D,20170320,000000,1.28,1.31,1.28,1.31,0,0
GTF_PB,D,20170321,000000,1.31,1.38,1.31,1.38,0,0
GTF_PB,D,20170322,000000,1.37,1.37,1.37,1.37,0,0
GTF_PB,D,20170323,000000,1.4,1.4,1.4,1.4,0,0
GTF_PB,D,20170324,000000,1.38,1.38,1.23,1.23,0,0
GTF_PB,D,20170328,000000,1.38,1.38,1.38,1.38,0,0
GTF_PB,D,20170612,000000,1.31,1.31,1.31,1.31,0,0
GTF_PB,D,20170825,000000,1.01,1.22,1.01,1.18,0,0
GTF_PB,D,20170828,000000,1.14,1.14,1,1.04,0,0
GTF_PB,D,20170830,000000,1.04,1.04,1.04,1.04,0,0
GTF_PB,D,20170831,000000,1.05,1.09,1.05,1.09,0,0
GTF_PB,D,20170907,000000,0.94,0.94,0.94,0.94,0,0
GTF_PB,D,20170908,000000,0.99,0.99,0.99,0.99,0,0
GTF_PB,D,20170912,000000,0.97,1,0.97,1,0,0
GTF_PB,D,20170913,000000,1,1.03,1,1.03,0,0
GTF_PB,D,20170914,000000,1.03,1.06,1.03,1.06,0,0
GTF_PB,D,20170915,000000,1.09,1.09,1.09,1.09,0,0
GTF_PB,D,20170918,000000,1.09,1.09,1.09,1.09,0,0
GTF_PB,D,20170921,000000,1.09,1.12,1.09,1.12,0,0
GTF_PB,D,20170925,000000,1.13,1.13,1.13,1.13,0,0
GTF_PB,D,20170926,000000,0.9,0.99,0.9,0.97,0,0
GTF_PB,D,20170927,000000,0.93,0.95,0.9,0.9,0,0
GTF_PB,D,20170928,000000,0.9,0.9,0.9,0.9,0,0
GTF_PB,D,20170929,000000,0.92,0.92,0.92,0.92,0,0
GTF_PB,D,20171002,000000,0.94,0.98,0.94,0.98,0,0
GTF_PB,D,20171003,000000,0.98,1.08,0.98,1.08,0,0
GTF_PB,D,20171004,000000,1.16,1.38,1.16,1.31,0,0
GTF_PB,D,20171005,000000,1.31,1.31,1.31,1.31,0,0
GTF_PB,D,20171006,000000,1.31,1.31,1.31,1.31,0,0
GTF_PB,D,20171009,000000,1.31,1.31,1.31,1.31,0,0
GTF_PB,D,20171010,000000,1.31,1.58,1.16,1.16,0,0
GTF_PB,D,20171013,000000,1.16,1.16,1.14,1.14,0,0
GTF_PB,D,20171020,000000,1.11,1.11,1.1,1.1,0,0
GTF_PB,D,20171115,000000,1.14,1.14,1.14,1.14,0,0
GTF_PB,D,20171117,000000,1.1,1.1,1.1,1.1,0,0
GTF_PB,D,20180108,000000,1.06,1.13,1.06,1.13,0,0
GTF_PB,D,20180109,000000,1.12,1.2,1.12,1.2,0,0
GTF_PB,D,20180110,000000,1.3,1.38,1.3,1.38,0,0
GTF_PB,D,20180116,000000,1.41,1.41,1.41,1.41,0,0
GTF_PB,D,20180117,000000,1.41,1.41,1.41,1.41,0,0
GTF_PB,D,20180118,000000,1.41,1.41,1.41,1.41,0,0
GTF_PB,D,20180119,000000,1.41,1.41,1.41,1.41,0,0
GTF_PB,D,20180122,000000,1.41,1.41,1.41,1.41,0,0
GTF_PB,D,20180123,000000,1.41,1.41,1.41,1.41,0,0
GTF_PB,D,20180124,000000,1.41,1.41,1.41,1.41,0,0
GTF_PB,D,20180125,000000,1.41,1.41,1.41,1.41,0,0
GTF_PB,D,20180126,000000,1.41,1.41,1.41,1.41,0,0
GTF_PB,D,20180129,000000,1.41,1.41,1.41,1.41,0,0
GTF_PB,D,20180130,000000,1.41,1.41,1.41,1.41,0,0
GTF_PB,D,20180131,000000,1.41,1.41,1.41,1.41,0,0
GTF_PB,D,20180201,000000,1.41,1.41,1.41,1.41,0,0
GTF_PB,D,20180202,000000,1.41,1.41,1.41,1.41,0,0
GTF_PB,D,20180205,000000,1.41,1.41,1.41,1.41,0,0
GTF_PB,D,20180206,000000,1.33,1.33,1.33,1.33,0,0
GTF_PB,D,20180207,000000,1.33,1.33,1.33,1.33,0,0
GTF_PB,D,20180208,000000,1.33,1.33,1.33,1.33,0,0
GTF_PB,D,20180209,000000,1.33,1.33,1.33,1.33,0,0
GTF_PB,D,20180212,000000,1.33,1.33,1.33,1.33,0,0
GTF_PB,D,20180213,000000,1.33,1.33,1.33,1.33,0,0
GTF_PB,D,20180214,000000,1.33,1.33,1.33,1.33,0,0
GTF_PB,D,20180215,000000,1.33,1.41,1.29,1.29,0,0
GTF_PB,D,20180403,000000,1.29,1.29,1.29,1.29,0,0
GTF_PB,D,20180404,000000,1.29,1.29,1.29,1.29,0,0
GTF_PB,D,20180405,000000,1.29,1.29,1.29,1.29,0,0
GTF_PB,D,20180406,000000,1.29,1.29,1.29,1.29,0,0
GTF_PB,D,20180409,000000,1.29,1.29,1.29,1.29,0,0
GTF_PB,D,20180410,000000,1.29,1.29,1.29,1.29,0,0
GTF_PB,D,20180412,000000,1.29,1.29,1.29,1.29,0,0
GTF_PB,D,20180413,000000,1.29,1.29,1.29,1.29,0,0
GTF_PB,D,20180416,000000,1.29,1.29,1.29,1.29,0,0
GTF_PB,D,20180417,000000,1.29,1.29,1.29,1.29,0,0
GTF_PB,D,20180418,000000,1.29,1.29,1.29,1.29,0,0
GTF_PB,D,20180419,000000,1.29,1.29,1.29,1.29,0,0
GTF_PB,D,20180420,000000,1.29,1.29,1.29,1.29,0,0
GTF_PB,D,20180423,000000,1.29,1.29,1.29,1.29,0,0
GTF_PB,D,20180424,000000,1.29,1.29,1.29,1.29,0,0
GTF_PB,D,20180425,000000,1.29,1.29,1.29,1.29,0,0
GTF_PB,D,20180426,000000,1.29,1.29,1.29,1.29,0,0
GTF_PB,D,20180427,000000,1.29,1.29,1.29,1.29,0,0
GTF_PB,D,20180516,000000,1.32,1.43,1.32,1.43,0,0
GTF_PB,D,20180524,000000,1.34,1.34,1.34,1.34,0,0
GTF_PB,D,20180530,000000,1.34,1.34,1.34,1.34,0,0
GTF_PB,D,20180601,000000,1.34,1.34,1.34,1.34,0,0
GTF_PB,D,20180604,000000,1.34,1.34,1.34,1.34,0,0
GTF_PB,D,20180606,000000,1.34,1.38,1.34,1.38,0,0
GTF_PB,D,20180613,000000,1.34,1.34,1.34,1.34,0,0
GTF_PB,D,20180615,000000,1.34,1.34,1.34,1.34,0,0
GTF_PB,D,20180618,000000,1.34,1.34,1.34,1.34,0,0
GTF_PB,D,20180619,000000,1.34,1.34,1.34,1.34,0,0
GTF_PB,D,20180620,000000,1.34,1.34,1.34,1.34,0,0
GTF_PB,D,20180621,000000,1.34,1.34,1.34,1.34,0,0
GTF_PB,D,20180622,000000,1.34,1.34,1.34,1.34,0,0
GTF_PB,D,20180625,000000,1.34,1.34,1.34,1.34,0,0
GTF_PB,D,20180703,000000,1.38,1.4,1.38,1.4,0,0
GTF_PB,D,20180705,000000,1.28,1.28,1.28,1.28,0,0
GTF_PB,D,20180820,000000,1.21,1.3,1.21,1.3,0,0
GTF_PB,D,20180824,000000,1.21,1.3,1.21,1.3,0,0
GTF_PB,D,20180827,000000,1.27,1.44,1.27,1.44,0,0
GTF_PB,D,20180830,000000,1.44,1.44,1.44,1.44,0,0
GTF_PB,D,20180903,000000,1.44,1.44,1.44,1.44,0,0
GTF_PB,D,20180904,000000,1.44,1.44,1.44,1.44,0,0
GTF_PB,D,20180905,000000,1.44,1.44,1.44,1.44,0,0
GTF_PB,D,20180906,000000,1.43,1.43,1.43,1.43,0,0
GTF_PB,D,20180907,000000,1.43,1.43,1.43,1.43,0,0
GTF_PB,D,20180910,000000,1.43,1.43,0.95,0.95,0,0
GTF_PB,D,20180911,000000,1,1,1,1,0,0
GTF_PB,D,20181003,000000,1.09,1.09,0.95,0.95,0,0
GTF_PB,D,20181025,000000,1.04,1.04,1.04,1.04,0,0
GTF_PB,D,20181204,000000,1.06,1.06,0.88,0.88,0,0
GTF_PB,D,20181205,000000,0.88,0.88,0.88,0.88,0,0
GTF_PB,D,20181211,000000,1.05,1.05,1.05,1.05,0,0
GTF_PB,D,20181212,000000,1.08,1.08,1.08,1.08,0,0
GTF_PB,D,20181219,000000,1.13,1.13,1.13,1.13,0,0
GTF_PB,D,20181220,000000,1.18,1.18,1.18,1.18,0,0
GTF_PB,D,20181221,000000,1.24,1.3,1.24,1.3,0,0
GTF_PB,D,20181227,000000,1.3,1.4,1.3,1.4,0,0
GTF_PB,D,20181228,000000,1.41,1.58,1.41,1.58,0,0
GTF_PB,D,20190102,000000,1.46,1.46,1.36,1.36,0,0
GTF_PB,D,20190103,000000,1.45,1.45,1.45,1.45,0,0
GTF_PB,D,20190104,000000,1.45,1.45,1.45,1.45,0,0
GTF_PB,D,20190107,000000,1.45,1.45,1.41,1.41,0,0
GTF_PB,D,20190108,000000,1.35,1.35,1.35,1.35,0,0
GTF_PB,D,20190110,000000,1.32,1.32,1.27,1.27,0,0
GTF_PB,D,20190115,000000,1.24,1.24,1.24,1.24,0,0
GTF_PB,D,20190123,000000,1.18,1.18,1.18,1.18,0,0
GTF_PB,D,20190124,000000,1.18,1.18,1.12,1.12,0,0
GTF_PB,D,20190125,000000,1.14,1.14,1.14,1.14,0,0
GTF_PB,D,20190128,000000,1.14,1.14,1.14,1.14,0,0
GTF_PB,D,20190129,000000,1.14,1.14,1.14,1.14,0,0
GTF_PB,D,20190130,000000,1.14,1.14,1.14,1.14,0,0
GTF_PB,D,20190131,000000,1.14,1.14,1.14,1.14,0,0
GTF_PB,D,20190205,000000,1.09,1.09,1.09,1.09,0,0
GTF_PB,D,20190212,000000,1.09,1.09,1.09,1.09,0,0
GTF_PB,D,20190322,000000,1.02,1.02,1.02,1.02,0,0
GTF_PB,D,20190528,000000,1.04,1.25,1.04,1.25,0,0
GTF_PB,D,20190529,000000,1.5,1.75,1.35,1.75,0,0
GTF_PB,D,20190530,000000,1.82,1.98,1.82,1.87,0,0
GTF_PB,D,20190531,000000,1.98,2.83,1.98,2.79,0,0
GTF_PB,D,20190603,000000,2.39,3.79,1.98,3.2,0,0
GTF_PB,D,20190606,000000,2.58,2.89,2.07,2.89,0,0
GTF_PB,D,20190607,000000,2.33,2.77,2.33,2.77,0,0
GTF_PB,D,20190611,000000,2.23,2.66,1.79,2.66,0,0
GTF_PB,D,20190612,000000,3.08,3.08,3.08,3.08,0,0
GTF_PB,D,20190613,000000,2.48,2.66,1.78,1.78,0,0
GTF_PB,D,20190614,000000,1.69,1.69,1.46,1.46,0,0
GTF_PB,D,20190617,000000,1.75,1.87,1.46,1.46,0,0
GTF_PB,D,20190618,000000,1.64,1.88,1.64,1.88,0,0
GTF_PB,D,20190619,000000,1.64,1.64,1.64,1.64,0,0
GTF_PB,D,20190621,000000,1.77,2.12,1.77,2.12,0,0
GTF_PB,D,20190624,000000,1.77,1.98,1.77,1.98,0,0
GTF_PB,D,20190625,000000,1.77,1.77,1.77,1.77,0,0
GTF_PB,D,20190626,000000,2,2,1.77,1.85,0,0
GTF_PB,D,20190627,000000,1.91,2.21,1.83,1.83,0,0
GTF_PB,D,20190628,000000,1.99,2.19,1.87,2.16,0,0
GTF_PB,D,20190701,000000,2.16,2.16,1.77,1.77,0,0
GTF_PB,D,20190702,000000,1.77,1.86,1.77,1.86,0,0
GTF_PB,D,20190703,000000,1.76,1.76,1.76,1.76,0,0
GTF_PB,D,20190704,000000,1.76,1.86,1.76,1.86,0,0
GTF_PB,D,20190705,000000,1.76,1.76,1.74,1.74,0,0
GTF_PB,D,20190710,000000,1.77,1.77,1.77,1.77,0,0
GTF_PB,D,20190712,000000,1.77,2.1,1.77,1.77,0,0
GTF_PB,D,20190715,000000,1.95,2.08,1.95,2.08,0,0
GTF_PB,D,20190717,000000,1.98,1.98,1.98,1.98,0,0
GTF_PB,D,20190718,000000,1.98,1.98,1.98,1.98,0,0
GTF_PB,D,20190719,000000,1.98,1.98,1.98,1.98,0,0
GTF_PB,D,20190723,000000,1.98,1.98,1.98,1.98,0,0
GTF_PB,D,20190724,000000,1.91,1.91,1.77,1.77,0,0
GTF_PB,D,20190725,000000,1.71,1.77,1.69,1.77,0,0
GTF_PB,D,20190726,000000,1.68,1.68,1.59,1.59,0,0
GTF_PB,D,20190729,000000,1.62,1.62,1.62,1.62,0,0
GTF_PB,D,20190808,000000,1.66,1.66,1.66,1.66,0,0
GTF_PB,D,20190820,000000,1.61,1.61,1.56,1.56,0,0
GTF_PB,D,20190821,000000,1.58,1.77,1.58,1.77,0,0
GTF_PB,D,20191025,000000,1.56,1.57,1.51,1.56,0,0
GTF_PB,D,20191028,000000,1.56,1.58,1.56,1.58,0,0
GTF_PB,D,20191105,000000,1.56,1.6,1.56,1.6,0,0
GTF_PB,D,20191106,000000,1.53,1.71,1.51,1.51,0,0
GTF_PB,D,20191107,000000,1.51,1.51,1.48,1.48,0,0
GTF_PB,D,20191108,000000,1.5,1.5,1.43,1.43,0,0
GTF_PB,D,20191112,000000,1.4,1.4,1.12,1.12,0,0
GTF_PB,D,20191113,000000,1.12,1.12,1.02,1.02,0,0
GTF_PB,D,20191114,000000,1.14,1.14,1.02,1.02,0,0
GTF_PB,D,20191115,000000,1.04,1.22,1.04,1.14,0,0
GTF_PB,D,20191118,000000,1.22,1.22,1.22,1.22,0,0
GTF_PB,D,20191119,000000,1.3,1.35,1.3,1.32,0,0
GTF_PB,D,20191120,000000,1.4,1.4,1.32,1.32,0,0
GTF_PB,D,20191121,000000,1.31,1.31,1.26,1.26,0,0
GTF_PB,D,20191204,000000,1.26,1.26,1.26,1.26,0,0
GTF_PB,D,20191217,000000,1.26,1.26,1.26,1.26,0,0
GTF_PB,D,20191219,000000,1.26,1.26,1.26,1.26,0,0
GTF_PB,D,20191227,000000,1.22,1.22,1.22,1.22,0,0
GTF_PB,D,20191230,000000,1.22,1.22,0.98,0.98,0,0
GTF_PB,D,20200102,000000,1.18,1.18,0.76,0.93,0,0
GTF_PB,D,20200103,000000,0.8,0.8,0.8,0.8,0,0
GTF_PB,D,20200107,000000,0.88,0.88,0.88,0.88,0,0
GTF_PB,D,20200109,000000,0.92,0.93,0.92,0.93,0,0
GTF_PB,D,20200110,000000,0.92,0.92,0.92,0.92,0,0
GTF_PB,D,20200114,000000,0.92,0.92,0.92,0.92,0,0
GTF_PB,D,20200115,000000,0.93,0.93,0.93,0.93,0,0
GTF_PB,D,20200116,000000,0.94,0.94,0.94,0.94,0,0
GTF_PB,D,20200123,000000,0.97,0.97,0.97,0.97,0,0
GTF_PB,D,20200124,000000,0.97,0.97,0.97,0.97,0,0
GTF_PB,D,20200129,000000,0.95,0.95,0.95,0.95,0,0
GTF_PB,D,20200131,000000,0.95,0.95,0.95,0.95,0,0
GTF_PB,D,20200203,000000,0.95,0.95,0.95,0.95,0,0
GTF_PB,D,20200205,000000,0.93,0.93,0.93,0.93,0,0
GTF_PB,D,20200218,000000,1.44,1.44,1.44,1.44,0,0
GTF_PB,D,20200219,000000,1.39,1.39,1.18,1.18,0,0
GTF_PB,D,20200220,000000,1.24,1.24,1.24,1.24,0,0
GTF_PB,D,20200224,000000,1.01,1.08,0.97,1.08,0,0
GTF_PB,D,20200225,000000,0.98,0.98,0.98,0.98,0,0
GTF_PB,D,20200227,000000,0.98,1.24,0.98,1.24,0,0
GTF_PB,D,20200302,000000,1.08,1.08,1.08,1.08,0,0
GTF_PB,D,20200303,000000,1.23,1.23,1.23,1.23,0,0
GTF_PB,D,20200304,000000,1.08,1.23,1.04,1.04,0,0
GTF_PB,D,20200305,000000,1.04,1.04,1.04,1.04,0,0
GTF_PB,D,20200310,000000,1.04,1.04,1.04,1.04,0,0
GTF_PB,D,20200311,000000,1.04,1.04,0.89,0.89,0,0
GTF_PB,D,20200312,000000,0.82,0.82,0.82,0.82,0,0
GTF_PB,D,20200316,000000,0.9,1.22,0.9,1.22,0,0
GTF_PB,D,20200318,000000,1.05,1.21,1.05,1.21,0,0
GTF_PB,D,20200320,000000,1.08,1.21,1.08,1.21,0,0
GTF_PB,D,20200324,000000,1.21,1.43,1.21,1.43,0,0
GTF_PB,D,20200325,000000,1.58,1.58,1.53,1.55,0,0
GTF_PB,D,20200326,000000,1.55,1.55,1.55,1.55,0,0
GTF_PB,D,20200327,000000,1.53,1.53,1.53,1.53,0,0
GTF_PB,D,20200330,000000,1.83,2.18,1.83,2.17,0,0
GTF_PB,D,20200331,000000,2.32,2.78,2.32,2.63,0,0
GTF_PB,D,20200401,000000,3.09,3.09,2.46,2.77,0,0
GTF_PB,D,20200402,000000,2.77,2.77,2.77,2.77,0,0
GTF_PB,D,20200403,000000,2.55,2.6,2.55,2.6,0,0
GTF_PB,D,20200407,000000,2.6,2.6,2.6,2.6,0,0
GTF_PB,D,20200408,000000,2.6,2.6,2.6,2.6,0,0
GTF_PB,D,20200409,000000,2.74,2.78,2.74,2.78,0,0
GTF_PB,D,20200414,000000,2.68,2.68,2.55,2.55,0,0
GTF_PB,D,20200417,000000,2.6,2.6,2.6,2.6,0,0
GTF_PB,D,20200420,000000,2.6,2.6,2.6,2.6,0,0
GTF_PB,D,20200421,000000,2.6,2.6,2.6,2.6,0,0
GTF_PB,D,20200422,000000,2.06,2.06,1.72,1.72,0,0
GTF_PB,D,20200423,000000,1.73,2.48,1.73,2.48,0,0
GTF_PB,D,20200427,000000,2.32,2.49,2.32,2.49,0,0
GTF_PB,D,20200429,000000,2.43,2.43,2.43,2.43,0,0
GTF_PB,D,20200505,000000,2.23,2.32,2.23,2.32,0,0
GTF_PB,D,20200511,000000,2.24,2.32,2.24,2.32,0,0
GTF_PB,D,20200513,000000,2.24,2.32,2.24,2.32,0,0
GTF_PB,D,20200515,000000,2.24,2.32,2.09,2.29,0,0
GTF_PB,D,20200519,000000,2.29,2.29,2.29,2.29,0,0
GTF_PB,D,20200520,000000,2.19,2.19,2.12,2.12,0,0
GTF_PB,D,20200521,000000,2.12,2.12,1.94,1.94,0,0
GTF_PB,D,20200522,000000,2.04,2.11,1.63,1.8,0,0
GTF_PB,D,20200526,000000,1.7,1.7,1.48,1.49,0,0
GTF_PB,D,20200527,000000,1.49,1.72,1.49,1.72,0,0
GTF_PB,D,20200528,000000,1.67,1.8,1.67,1.8,0,0
GTF_PB,D,20200601,000000,1.63,1.78,1.51,1.78,0,0
GTF_PB,D,20200602,000000,1.78,1.78,1.78,1.78,0,0
GTF_PB,D,20200603,000000,1.58,1.76,1.58,1.76,0,0
GTF_PB,D,20200605,000000,1.55,1.76,1.55,1.76,0,0
GTF_PB,D,20200615,000000,1.63,1.76,1.63,1.76,0,0
GTF_PB,D,20200617,000000,1.63,1.63,1.63,1.63,0,0
GTF_PB,D,20200618,000000,1.6,1.73,1.6,1.73,0,0
GTF_PB,D,20200619,000000,1.63,1.75,1.63,1.75,0,0
GTF_PB,D,20200623,000000,1.75,1.75,1.75,1.75,0,0
GTF_PB,D,20200625,000000,1.73,2.25,1.73,2.09,0,0
GTF_PB,D,20200626,000000,2.11,2.11,1.93,2.11,0,0
GTF_PB,D,20200630,000000,1.86,2.07,1.83,2.07,0,0
GTF_PB,D,20200701,000000,2.04,2.04,1.91,1.96,0,0
GTF_PB,D,20200702,000000,1.96,1.96,1.85,1.91,0,0
GTF_PB,D,20200703,000000,1.99,1.99,1.8,1.85,0,0
GTF_PB,D,20200706,000000,1.78,1.78,1.7,1.76,0,0
GTF_PB,D,20200707,000000,1.62,1.73,1.36,1.63,0,0
GTF_PB,D,20200708,000000,1.6,1.73,1.31,1.67,0,0
GTF_PB,D,20200709,000000,1.63,1.63,1.31,1.39,0,0
GTF_PB,D,20200710,000000,1.39,1.39,1.39,1.39,0,0
GTF_PB,D,20200715,000000,1.41,1.42,1.41,1.42,0,0
GTF_PB,D,20200716,000000,1.44,1.44,1.36,1.36,0,0
GTF_PB,D,20200720,000000,1.36,1.36,1.36,1.36,0,0
GTF_PB,D,20200721,000000,1.34,1.34,1.34,1.34,0,0
GTF_PB,D,20200722,000000,1.34,1.34,1.34,1.34,0,0
GTF_PB,D,20200723,000000,1.38,1.38,1.38,1.38,0,0
GTF_PB,D,20200724,000000,1.38,1.38,1.38,1.38,0,0
GTF_PB,D,20200729,000000,1.37,1.37,1.34,1.34,0,0
GTF_PB,D,20200730,000000,1.27,1.27,1.26,1.26,0,0
GTF_PB,D,20200804,000000,1.24,1.24,1.24,1.24,0,0
GTF_PB,D,20200810,000000,1.24,1.24,1.24,1.24,0,0
GTF_PB,D,20200811,000000,1.29,1.29,1.29,1.29,0,0
GTF_PB,D,20200820,000000,1.31,1.33,1.31,1.33,0,0
GTF_PB,D,20200828,000000,1.33,1.33,1.33,1.33,0,0
GTF_PB,D,20200907,000000,1.26,1.26,1.26,1.26,0,0
GTF_PB,D,20200908,000000,1.28,1.28,1.28,1.28,0,0
GTF_PB,D,20200915,000000,1.26,1.26,1.26,1.26,0,0
GTF_PB,D,20200918,000000,1.02,1.02,1.02,1.02,0,0
GTF_PB,D,20200922,000000,1.21,1.21,1.08,1.08,0,0
GTF_PB,D,20200923,000000,1.13,1.13,1.13,1.13,0,0
GTF_PB,D,20201001,000000,1.14,1.14,0.35,0.35,0,0
GTF_PB,D,20201015,000000,0.37,0.37,0.37,0.37,0,0
GTF_PB,D,20201016,000000,0.3,0.3,0.3,0.3,0,0
GTF_PB,D,20201022,000000,0.31,0.31,0.31,0.31,0,0
GTF_PB,D,20201030,000000,0.31,0.31,0.31,0.31,0,0
GTF_PB,D,20201110,000000,0.31,0.31,0.31,0.31,0,0
