<TICKER>,<PER>,<DATE>,<TIME>,<OPEN>,<HIGH>,<LOW>,<CLOSE>,<VOL>,<OPENINT>
GTS_PB,D,20150818,000000,26.691,26.691,26.691,26.691,0,0
GTS_PB,D,20150819,000000,27.586,29.358,23.446,23.446,0,0
GTS_PB,D,20150820,000000,25.003,25.003,23.446,24.781,0,0
GTS_PB,D,20150821,000000,24.781,24.781,21.294,24.242,0,0
GTS_PB,D,20150824,000000,23.827,24.374,20.019,20.019,0,0
GTS_PB,D,20150825,000000,19.638,21.459,19.033,21.244,0,0
GTS_PB,D,20150826,000000,23.935,23.935,19.283,20.83,0,0
GTS_PB,D,20150827,000000,20.806,20.806,17.841,20.424,0,0
GTS_PB,D,20150828,000000,19.771,22.578,19.771,22.578,0,0
GTS_PB,D,20150831,000000,22.578,22.578,19.225,19.225,0,0
GTS_PB,D,20150901,000000,19.225,20.019,19.067,19.067,0,0
GTS_PB,D,20150902,000000,19.067,19.473,18.189,18.189,0,0
GTS_PB,D,20150903,000000,19.067,19.283,18.521,18.521,0,0
GTS_PB,D,20150904,000000,18.272,19.389,17.726,19.389,0,0
GTS_PB,D,20150907,000000,19.389,19.389,18.736,18.818,0,0
GTS_PB,D,20150908,000000,18.926,19.225,18.926,19.225,0,0
GTS_PB,D,20150909,000000,19.605,19.605,17.486,18.521,0,0
GTS_PB,D,20150910,000000,18.521,18.521,17.428,17.428,0,0
GTS_PB,D,20150911,000000,18.056,18.056,17.973,17.973,0,0
GTS_PB,D,20150914,000000,17.891,17.891,17.568,17.568,0,0
GTS_PB,D,20150915,000000,17.428,17.973,17.428,17.701,0,0
GTS_PB,D,20150916,000000,17.701,17.701,16.881,16.881,0,0
GTS_PB,D,20150917,000000,16.615,17.13,16.368,16.368,0,0
GTS_PB,D,20150918,000000,15.797,15.797,13.619,15.797,0,0
GTS_PB,D,20150921,000000,16.07,23.09,14.166,22.578,0,0
GTS_PB,D,20150922,000000,19.605,31.32,19.605,28.463,0,0
GTS_PB,D,20150923,000000,31.998,32.677,23.91,27.229,0,0
GTS_PB,D,20150924,000000,24.514,31.593,24.514,27.371,0,0
GTS_PB,D,20150925,000000,27.859,33.712,27.859,33.712,0,0
GTS_PB,D,20150928,000000,34.043,34.259,24.514,24.514,0,0
GTS_PB,D,20150929,000000,26.418,26.418,22.329,26.394,0,0
GTS_PB,D,20150930,000000,26.278,27.504,23.505,27.504,0,0
GTS_PB,D,20151001,000000,27.479,29.928,23.173,27.229,0,0
GTS_PB,D,20151002,000000,28.05,31.179,24.861,25.575,0,0
GTS_PB,D,20151005,000000,24.514,26.087,23.968,23.968,0,0
GTS_PB,D,20151006,000000,23.968,26.418,20.424,20.424,0,0
GTS_PB,D,20151007,000000,21.865,21.865,19.307,20.424,0,0
GTS_PB,D,20151008,000000,20.78,20.78,18.818,19.662,0,0
GTS_PB,D,20151009,000000,18.686,19.389,17.511,19.389,0,0
GTS_PB,D,20151012,000000,19.34,20.946,17.973,20.946,0,0
GTS_PB,D,20151013,000000,19.937,19.937,17.867,17.867,0,0
GTS_PB,D,20151014,000000,17.867,19.033,17.701,17.701,0,0
GTS_PB,D,20151015,000000,17.701,20.697,17.701,20.697,0,0
GTS_PB,D,20151016,000000,20.317,22.602,17.651,17.651,0,0
GTS_PB,D,20151019,000000,17.701,18.081,15.797,17.593,0,0
GTS_PB,D,20151020,000000,17.593,17.593,17.428,17.428,0,0
GTS_PB,D,20151021,000000,17.377,17.377,15.274,16.07,0,0
GTS_PB,D,20151022,000000,16.07,16.938,15.358,16.938,0,0
GTS_PB,D,20151023,000000,16.938,17.13,15.929,16.07,0,0
GTS_PB,D,20151026,000000,16.342,16.534,15.25,15.797,0,0
GTS_PB,D,20151027,000000,16.342,16.5,15.58,16.5,0,0
GTS_PB,D,20151028,000000,16.309,16.5,15.929,16.309,0,0
GTS_PB,D,20151029,000000,16.558,16.64,14.977,15.878,0,0
GTS_PB,D,20151030,000000,15.846,15.846,15.846,15.846,0,0
GTS_PB,D,20151102,000000,15.466,15.987,15.25,15.987,0,0
GTS_PB,D,20151103,000000,16.342,18.032,16.342,17.973,0,0
GTS_PB,D,20151104,000000,17.271,20.424,17.271,18.438,0,0
GTS_PB,D,20151105,000000,19.878,20.64,13.743,13.743,0,0
GTS_PB,D,20151106,000000,14.107,14.107,11.624,13.885,0,0
GTS_PB,D,20151109,000000,14.049,14.049,11.417,12.055,0,0
GTS_PB,D,20151110,000000,12.32,12.32,10.159,12.212,0,0
GTS_PB,D,20151112,000000,11.79,12.196,11.276,12.013,0,0
GTS_PB,D,20151113,000000,12.03,12.03,11.441,11.831,0,0
GTS_PB,D,20151116,000000,11.831,13.048,11.218,12.137,0,0
GTS_PB,D,20151117,000000,12.137,12.236,11.235,12.03,0,0
GTS_PB,D,20151118,000000,12.03,12.03,11.525,12.013,0,0
GTS_PB,D,20151119,000000,11.624,11.624,11.111,11.111,0,0
GTS_PB,D,20151120,000000,10.804,13.436,10.705,13.436,0,0
GTS_PB,D,20151123,000000,13.462,14.398,12.236,12.361,0,0
GTS_PB,D,20151124,000000,12.361,12.7,12.236,12.7,0,0
GTS_PB,D,20151125,000000,11.971,12.99,11.946,12.85,0,0
GTS_PB,D,20151126,000000,12.642,12.933,12.212,12.933,0,0
GTS_PB,D,20151127,000000,12.85,12.85,12.6,12.808,0,0
GTS_PB,D,20151130,000000,12.949,12.949,12.196,12.85,0,0
GTS_PB,D,20151201,000000,12.825,12.825,11.847,11.847,0,0
GTS_PB,D,20151202,000000,12.667,12.667,11.094,11.931,0,0
GTS_PB,D,20151203,000000,11.483,12.154,10.399,12.154,0,0
GTS_PB,D,20151204,000000,12.113,12.113,11.194,11.931,0,0
GTS_PB,D,20151207,000000,11.831,11.831,10.995,11.831,0,0
GTS_PB,D,20151208,000000,11.831,12.03,10.995,11.318,0,0
GTS_PB,D,20151209,000000,11.218,11.218,10.647,11.111,0,0
GTS_PB,D,20151210,000000,10.498,11.152,10.2,10.2,0,0
GTS_PB,D,20151211,000000,11.624,11.624,10.887,11.459,0,0
GTS_PB,D,20151214,000000,10.87,11.525,10.87,11.525,0,0
GTS_PB,D,20151215,000000,11.525,11.525,10.605,11.417,0,0
GTS_PB,D,20151216,000000,10.688,11.723,8.6682,11.598,0,0
GTS_PB,D,20151217,000000,11.318,11.598,10.804,11.565,0,0
GTS_PB,D,20151218,000000,11.499,11.499,10.688,11.417,0,0
GTS_PB,D,20151221,000000,11.376,11.376,10.009,10.076,0,0
GTS_PB,D,20151222,000000,9.703,10.705,8.9741,10.705,0,0
GTS_PB,D,20151223,000000,10.705,10.705,9.728,10.688,0,0
GTS_PB,D,20151228,000000,10.663,10.663,9.3644,9.504,0,0
GTS_PB,D,20151229,000000,9.48,9.894,9.1727,9.687,0,0
GTS_PB,D,20151230,000000,9.38,9.827,9.1565,9.827,0,0
GTS_PB,D,20160104,000000,9.787,9.787,8.2789,8.9741,0,0
GTS_PB,D,20160105,000000,9.1727,11.177,8.7263,10.399,0,0
GTS_PB,D,20160107,000000,10.2,10.804,9.2809,10.804,0,0
GTS_PB,D,20160108,000000,10.399,10.399,9.38,10.093,0,0
GTS_PB,D,20160111,000000,9.894,9.894,8.9741,9.745,0,0
GTS_PB,D,20160112,000000,9.38,9.951,9.1727,9.934,0,0
GTS_PB,D,20160113,000000,9.951,9.951,9.4217,9.894,0,0
GTS_PB,D,20160114,000000,9.894,9.894,8.2211,8.3783,0,0
GTS_PB,D,20160115,000000,8.3619,8.8507,8.0555,8.3619,0,0
GTS_PB,D,20160118,000000,8.1135,8.7675,7.6665,7.6665,0,0
GTS_PB,D,20160119,000000,8.0142,8.1385,7.3436,7.3436,0,0
GTS_PB,D,20160120,000000,7.3602,7.9149,7.3602,7.9149,0,0
GTS_PB,D,20160121,000000,7.9149,7.9562,7.6499,7.9149,0,0
GTS_PB,D,20160122,000000,7.9562,7.9562,7.3436,7.8899,0,0
GTS_PB,D,20160125,000000,7.9315,7.9315,7.4264,7.8735,0,0
GTS_PB,D,20160126,000000,7.7492,8.1135,7.7492,7.9727,0,0
GTS_PB,D,20160127,000000,7.6085,8.0142,7.6085,8.0142,0,0
GTS_PB,D,20160128,000000,8.0555,8.5278,8.0555,8.5278,0,0
GTS_PB,D,20160129,000000,8.4862,10.705,8.4862,8.8918,0,0
GTS_PB,D,20160201,000000,8.8918,9.72,7.8651,7.9231,0,0
GTS_PB,D,20160202,000000,7.9231,7.9231,7.1863,7.1863,0,0
GTS_PB,D,20160203,000000,7.4429,7.8651,7.4429,7.8651,0,0
GTS_PB,D,20160204,000000,7.8651,7.8651,7.1863,7.6085,0,0
GTS_PB,D,20160205,000000,7.6085,7.6996,7.6085,7.6996,0,0
GTS_PB,D,20160208,000000,7.6085,7.6665,7.1863,7.5256,0,0
GTS_PB,D,20160209,000000,7.5422,7.6085,7.1863,7.6085,0,0
GTS_PB,D,20160210,000000,7.2028,8.4698,7.1863,7.9727,0,0
GTS_PB,D,20160211,000000,7.9727,8.1797,7.9727,7.9894,0,0
GTS_PB,D,20160212,000000,7.9894,7.9894,7.9894,7.9894,0,0
GTS_PB,D,20160215,000000,8.039,8.0721,7.5256,7.5256,0,0
GTS_PB,D,20160216,000000,7.5422,8.0555,7.4429,7.4429,0,0
GTS_PB,D,20160217,000000,7.3518,7.4429,6.8965,7.4429,0,0
GTS_PB,D,20160218,000000,7.4429,7.6085,7.2194,7.6085,0,0
GTS_PB,D,20160219,000000,7.625,7.625,7.625,7.625,0,0
GTS_PB,D,20160222,000000,7.3933,7.625,7.3933,7.625,0,0
GTS_PB,D,20160223,000000,7.625,7.6996,7.625,7.6996,0,0
GTS_PB,D,20160224,000000,7.683,7.683,6.9297,7.0952,0,0
GTS_PB,D,20160225,000000,7.1863,7.3518,7.1697,7.3518,0,0
GTS_PB,D,20160226,000000,7.3518,7.3518,7.269,7.3353,0,0
GTS_PB,D,20160229,000000,7.2028,7.4098,6.8385,7.3186,0,0
GTS_PB,D,20160301,000000,7.3186,7.5753,7.0456,7.4264,0,0
GTS_PB,D,20160302,000000,7.4264,7.4264,6.8634,6.8634,0,0
GTS_PB,D,20160303,000000,6.88,6.9793,6.7061,6.9793,0,0
GTS_PB,D,20160304,000000,6.9793,7.0124,6.6067,6.6067,0,0
GTS_PB,D,20160307,000000,7.1367,7.1531,6.8634,7.1531,0,0
GTS_PB,D,20160308,000000,7.1531,7.1531,6.8385,7.0124,0,0
GTS_PB,D,20160309,000000,7.0124,7.4429,7.0124,7.3353,0,0
GTS_PB,D,20160310,000000,7.3353,7.4429,7.0124,7.4429,0,0
GTS_PB,D,20160311,000000,7.4264,7.4264,6.8385,7.1697,0,0
GTS_PB,D,20160314,000000,7.1697,7.269,6.88,7.1367,0,0
GTS_PB,D,20160315,000000,7.1531,7.1531,6.8054,6.822,0,0
GTS_PB,D,20160316,000000,7.0289,7.0456,7.0289,7.0456,0,0
GTS_PB,D,20160317,000000,7.062,7.1863,6.822,7.1863,0,0
GTS_PB,D,20160318,000000,7.1697,7.1697,6.822,6.8385,0,0
GTS_PB,D,20160321,000000,6.8385,7.0787,6.7889,7.0787,0,0
GTS_PB,D,20160322,000000,7.0787,7.0787,6.88,7.062,0,0
GTS_PB,D,20160323,000000,6.88,7.0289,6.4991,6.5819,0,0
GTS_PB,D,20160324,000000,6.7889,6.9297,6.7889,6.9297,0,0
GTS_PB,D,20160329,000000,6.9297,6.9297,6.822,6.8965,0,0
GTS_PB,D,20160330,000000,6.913,7.4098,6.7558,7.0124,0,0
GTS_PB,D,20160331,000000,7.0456,7.269,6.673,7.1697,0,0
GTS_PB,D,20160401,000000,7.1697,7.1697,6.913,7.1367,0,0
GTS_PB,D,20160404,000000,7.12,7.12,6.8385,7.0952,0,0
GTS_PB,D,20160405,000000,6.8054,6.9297,6.5157,6.7558,0,0
GTS_PB,D,20160406,000000,6.5819,6.9461,6.5819,6.7227,0,0
GTS_PB,D,20160407,000000,6.8385,7.12,6.7558,6.913,0,0
GTS_PB,D,20160408,000000,6.913,6.913,6.673,6.6895,0,0
GTS_PB,D,20160411,000000,6.6895,7.0124,6.6895,6.913,0,0
GTS_PB,D,20160412,000000,6.7723,6.9793,6.7723,6.9793,0,0
GTS_PB,D,20160413,000000,6.9793,6.9793,6.7889,6.9297,0,0
GTS_PB,D,20160414,000000,6.9297,6.9297,6.6895,6.88,0,0
GTS_PB,D,20160415,000000,6.9297,6.9297,6.6895,6.8385,0,0
GTS_PB,D,20160418,000000,6.913,6.9297,6.673,6.673,0,0
GTS_PB,D,20160419,000000,6.7061,6.7061,6.673,6.673,0,0
GTS_PB,D,20160420,000000,6.6895,6.822,6.6895,6.7391,0,0
GTS_PB,D,20160421,000000,6.6895,6.8054,6.673,6.8054,0,0
GTS_PB,D,20160422,000000,6.7723,6.7723,6.7061,6.7391,0,0
GTS_PB,D,20160425,000000,6.7391,6.7723,6.673,6.7723,0,0
GTS_PB,D,20160426,000000,6.7391,6.7391,6.7391,6.7391,0,0
GTS_PB,D,20160427,000000,6.7391,6.7391,6.7391,6.7391,0,0
GTS_PB,D,20160428,000000,6.7391,6.7558,6.4329,6.7558,0,0
GTS_PB,D,20160429,000000,6.7391,6.7391,6.6895,6.6895,0,0
GTS_PB,D,20160502,000000,6.7061,6.7061,6.4661,6.4661,0,0
GTS_PB,D,20160504,000000,6.4661,6.7391,6.4661,6.7391,0,0
GTS_PB,D,20160505,000000,6.8385,8.1632,6.8385,7.3022,0,0
GTS_PB,D,20160506,000000,7.9727,8.552,7.4429,8.0224,0,0
GTS_PB,D,20160509,000000,8.0058,8.0058,7.6996,7.9894,0,0
GTS_PB,D,20160510,000000,8.0555,8.3783,8.0555,8.3783,0,0
GTS_PB,D,20160511,000000,8.7594,10.059,8.552,8.8095,0,0
GTS_PB,D,20160512,000000,9.3062,9.852,9.0323,9.513,0,0
GTS_PB,D,20160513,000000,9.0824,9.4382,8.7263,8.7756,0,0
GTS_PB,D,20160516,000000,8.7594,8.983,8.4862,8.4862,0,0
GTS_PB,D,20160517,000000,8.552,9.0493,7.7492,9.0493,0,0
GTS_PB,D,20160518,000000,8.552,9.752,7.0207,7.0207,0,0
GTS_PB,D,20160519,000000,7.0456,7.0456,6.6315,7.0124,0,0
GTS_PB,D,20160520,000000,7.062,7.5753,7.062,7.211,0,0
GTS_PB,D,20160523,000000,7.4677,7.7658,7.4677,7.741,0,0
GTS_PB,D,20160524,000000,7.741,7.7492,7.5753,7.7492,0,0
GTS_PB,D,20160525,000000,7.7492,7.7492,7.6747,7.6747,0,0
GTS_PB,D,20160527,000000,7.7492,7.7492,7.3684,7.5753,0,0
GTS_PB,D,20160530,000000,7.5753,7.7989,7.5753,7.7989,0,0
GTS_PB,D,20160531,000000,7.7989,7.7989,7.7989,7.7989,0,0
GTS_PB,D,20160601,000000,7.741,7.741,7.3022,7.6415,0,0
GTS_PB,D,20160602,000000,7.3933,7.741,7.3933,7.741,0,0
GTS_PB,D,20160603,000000,7.7245,7.741,7.4512,7.7161,0,0
GTS_PB,D,20160606,000000,7.7161,7.7161,7.4512,7.4512,0,0
GTS_PB,D,20160607,000000,7.5175,7.5175,7.3684,7.3684,0,0
GTS_PB,D,20160608,000000,7.3933,7.3933,7.3933,7.3933,0,0
GTS_PB,D,20160609,000000,7.3767,7.3767,7.0869,7.3767,0,0
GTS_PB,D,20160610,000000,7.3767,7.3933,7.3767,7.3933,0,0
GTS_PB,D,20160613,000000,7.3767,7.3767,7.3518,7.3518,0,0
GTS_PB,D,20160614,000000,7.3186,7.3186,6.4081,6.9628,0,0
GTS_PB,D,20160615,000000,6.9628,6.9628,5.8532,5.8532,0,0
GTS_PB,D,20160616,000000,5.8864,6.1596,5.7125,6.0355,0,0
GTS_PB,D,20160617,000000,6.0272,6.3418,6.0272,6.3418,0,0
GTS_PB,D,20160620,000000,6.3831,6.7474,6.3831,6.7474,0,0
GTS_PB,D,20160621,000000,6.731,6.731,6.731,6.731,0,0
GTS_PB,D,20160622,000000,6.731,6.731,6.731,6.731,0,0
GTS_PB,D,20160623,000000,6.7143,6.7143,6.7143,6.7143,0,0
GTS_PB,D,20160624,000000,6.3418,6.3418,6.0355,6.0355,0,0
GTS_PB,D,20160627,000000,6.0355,6.5901,6.0355,6.1596,0,0
GTS_PB,D,20160628,000000,6.4577,6.4577,6.4577,6.4577,0,0
GTS_PB,D,20160629,000000,6.4577,6.9958,6.4577,6.9958,0,0
GTS_PB,D,20160630,000000,7.062,7.1863,6.4081,7.0124,0,0
GTS_PB,D,20160701,000000,6.9958,6.9958,6.5819,6.5819,0,0
GTS_PB,D,20160704,000000,6.3418,6.6564,5.8532,5.9361,0,0
GTS_PB,D,20160705,000000,6.1018,6.5819,5.7872,5.9279,0,0
GTS_PB,D,20160706,000000,6.8674,6.8674,6.1331,6.3751,0,0
GTS_PB,D,20160707,000000,6.1937,7.0402,5.9258,6.4268,0,0
GTS_PB,D,20160708,000000,6.4182,6.4182,6.0382,6.3232,0,0
GTS_PB,D,20160711,000000,6.1073,6.4182,6.0382,6.3404,0,0
GTS_PB,D,20160712,000000,6.2195,6.2195,5.8482,6.1591,0,0
GTS_PB,D,20160713,000000,6.1591,6.1591,5.8482,6.1591,0,0
GTS_PB,D,20160714,000000,6.1331,6.1677,6.1331,6.1677,0,0
GTS_PB,D,20160715,000000,5.9777,6.1677,5.9172,6.1677,0,0
GTS_PB,D,20160718,000000,5.9258,6.4182,5.8135,6.2972,0,0
GTS_PB,D,20160719,000000,6.2972,6.3146,6.2972,6.3146,0,0
GTS_PB,D,20160720,000000,6.2972,6.2972,5.9172,6.2887,0,0
GTS_PB,D,20160721,000000,6.2714,6.2714,6.2714,6.2714,0,0
GTS_PB,D,20160722,000000,6.2714,6.2714,6.2714,6.2714,0,0
GTS_PB,D,20160725,000000,6.2714,6.2714,5.6581,6.09,0,0
GTS_PB,D,20160726,000000,6.09,6.1677,5.7703,6.1073,0,0
GTS_PB,D,20160727,000000,6.1073,6.1418,5.8482,6.09,0,0
GTS_PB,D,20160728,000000,6.0814,6.0814,6.0814,6.0814,0,0
GTS_PB,D,20160729,000000,6.0814,6.0814,5.9777,6.0814,0,0
GTS_PB,D,20160801,000000,6.0814,6.0814,6.0814,6.0814,0,0
GTS_PB,D,20160802,000000,5.7962,6.0295,5.5804,6.0122,0,0
GTS_PB,D,20160803,000000,5.9777,5.9777,5.4248,5.9431,0,0
GTS_PB,D,20160804,000000,5.8655,5.9431,5.5889,5.9431,0,0
GTS_PB,D,20160805,000000,5.9431,6.3146,5.9431,6.2972,0,0
GTS_PB,D,20160808,000000,6.2972,6.3664,5.8394,6.3664,0,0
GTS_PB,D,20160809,000000,6.3664,6.9278,6.3664,6.9278,0,0
GTS_PB,D,20160810,000000,6.9278,6.9798,6.8156,6.9278,0,0
GTS_PB,D,20160811,000000,7.0662,7.0662,6.1677,6.4182,0,0
GTS_PB,D,20160812,000000,6.5565,6.5565,6.1073,6.3146,0,0
GTS_PB,D,20160816,000000,6.28,6.5046,5.8223,6.4441,0,0
GTS_PB,D,20160817,000000,6.4268,6.6342,6.3751,6.591,0,0
GTS_PB,D,20160818,000000,6.5565,6.5565,6.1246,6.5132,0,0
GTS_PB,D,20160819,000000,6.5046,6.5651,6.0122,6.4873,0,0
GTS_PB,D,20160822,000000,6.5651,6.8069,6.306,6.5392,0,0
GTS_PB,D,20160823,000000,6.5305,6.5305,6.2023,6.4441,0,0
GTS_PB,D,20160824,000000,6.4441,6.4441,5.9258,6.2541,0,0
GTS_PB,D,20160825,000000,6.7811,6.7811,5.995,6.306,0,0
GTS_PB,D,20160826,000000,6.306,6.306,6.306,6.306,0,0
GTS_PB,D,20160829,000000,6.306,6.4873,5.8999,6.4873,0,0
GTS_PB,D,20160830,000000,6.4788,6.4788,6.0726,6.09,0,0
GTS_PB,D,20160831,000000,6.47,6.4788,6.0986,6.3924,0,0
GTS_PB,D,20160901,000000,6.3924,6.4788,6.185,6.4441,0,0
GTS_PB,D,20160902,000000,6.185,6.4441,6.185,6.4441,0,0
GTS_PB,D,20160905,000000,6.2887,6.4268,6.0641,6.4268,0,0
GTS_PB,D,20160906,000000,6.4268,6.4268,6.4009,6.4009,0,0
GTS_PB,D,20160907,000000,6.4009,6.4009,6.2282,6.3751,0,0
GTS_PB,D,20160908,000000,6.3751,6.3751,6.2023,6.3146,0,0
GTS_PB,D,20160909,000000,6.2023,6.3492,6.2023,6.3492,0,0
GTS_PB,D,20160912,000000,6.306,6.306,6.306,6.306,0,0
GTS_PB,D,20160913,000000,6.2368,6.2368,5.6321,6.1505,0,0
GTS_PB,D,20160914,000000,6.1418,6.1505,6.1418,6.1418,0,0
GTS_PB,D,20160915,000000,6.1418,6.1418,5.0534,5.9863,0,0
GTS_PB,D,20160919,000000,5.9345,5.9345,5.9345,5.9345,0,0
GTS_PB,D,20160920,000000,5.9345,5.9345,5.4335,5.9345,0,0
GTS_PB,D,20160921,000000,5.9345,5.9345,5.3644,5.6236,0,0
GTS_PB,D,20160922,000000,5.6494,5.7186,5.0534,5.2002,0,0
GTS_PB,D,20160923,000000,5.1744,5.1744,5.0534,5.1397,0,0
GTS_PB,D,20160926,000000,5.1397,5.2693,4.9151,5.2002,0,0
GTS_PB,D,20160927,000000,5.1916,5.1916,4.561,4.967,0,0
GTS_PB,D,20160928,000000,4.9843,5.1484,4.8202,5.1052,0,0
GTS_PB,D,20160929,000000,5.1657,5.1657,5.1312,5.1312,0,0
GTS_PB,D,20160930,000000,5.1312,5.1744,5.1139,5.1744,0,0
GTS_PB,D,20161003,000000,4.8978,5.1744,4.8978,5.1744,0,0
GTS_PB,D,20161004,000000,4.9239,4.9239,4.7856,4.7856,0,0
GTS_PB,D,20161005,000000,4.7856,4.9498,4.7251,4.8893,0,0
GTS_PB,D,20161006,000000,4.9239,4.9239,4.9239,4.9239,0,0
GTS_PB,D,20161007,000000,4.8029,4.9411,4.8029,4.9411,0,0
GTS_PB,D,20161010,000000,4.8719,4.9151,4.7251,4.9151,0,0
GTS_PB,D,20161011,000000,4.8719,4.9239,4.8719,4.9239,0,0
GTS_PB,D,20161012,000000,4.8893,4.9239,4.8634,4.9239,0,0
GTS_PB,D,20161013,000000,4.9151,4.9151,4.9151,4.9151,0,0
GTS_PB,D,20161014,000000,4.8114,4.8114,4.777,4.8114,0,0
GTS_PB,D,20161017,000000,4.8114,4.8634,4.587,4.8634,0,0
GTS_PB,D,20161018,000000,4.777,4.8461,4.5955,4.7251,0,0
GTS_PB,D,20161019,000000,4.6819,4.7251,4.3104,4.4229,0,0
GTS_PB,D,20161020,000000,4.4229,4.587,3.9822,4.3104,0,0
GTS_PB,D,20161021,000000,4.3537,4.4833,4.0427,4.4229,0,0
GTS_PB,D,20161024,000000,4.2672,4.345,4.0686,4.3192,0,0
GTS_PB,D,20161025,000000,4.1636,4.4487,4.0686,4.3709,0,0
GTS_PB,D,20161026,000000,4.2328,4.2672,3.8527,4.2413,0,0
GTS_PB,D,20161027,000000,4.2069,4.2069,3.8527,4.0427,0,0
GTS_PB,D,20161028,000000,4.0168,4.0514,3.8613,3.9909,0,0
GTS_PB,D,20161031,000000,3.9909,4.0514,3.9564,4.0514,0,0
GTS_PB,D,20161102,000000,4.0168,4.0427,3.9304,4.0427,0,0
GTS_PB,D,20161103,000000,4.0514,4.0514,3.7403,4.0427,0,0
GTS_PB,D,20161104,000000,4.0427,4.4919,3.6627,4.3969,0,0
GTS_PB,D,20161107,000000,4.3969,4.3969,4.2328,4.3537,0,0
GTS_PB,D,20161108,000000,4.2328,4.3969,4.2328,4.3969,0,0
GTS_PB,D,20161109,000000,4.3709,4.3969,4.2155,4.2933,0,0
GTS_PB,D,20161110,000000,4.3537,4.587,4.1636,4.5696,0,0
GTS_PB,D,20161114,000000,4.5696,4.6128,3.127,3.127,0,0
GTS_PB,D,20161115,000000,3.1185,3.1185,2.7038,2.7211,0,0
GTS_PB,D,20161116,000000,2.747,2.9111,2.7038,2.9111,0,0
GTS_PB,D,20161117,000000,2.937,2.937,2.9111,2.9111,0,0
GTS_PB,D,20161118,000000,2.9111,2.9802,2.8939,2.9802,0,0
GTS_PB,D,20161121,000000,2.9716,2.9716,2.9024,2.9716,0,0
GTS_PB,D,20161122,000000,2.9543,3.0321,2.9543,3.0321,0,0
GTS_PB,D,20161123,000000,3.0321,3.0321,2.9111,2.9975,0,0
GTS_PB,D,20161124,000000,2.9975,2.9975,2.9024,2.9975,0,0
GTS_PB,D,20161125,000000,2.9975,3.0665,2.8075,3.0665,0,0
GTS_PB,D,20161128,000000,3.0665,3.3258,3.058,3.058,0,0
GTS_PB,D,20161129,000000,3.058,3.248,3.0493,3.248,0,0
GTS_PB,D,20161130,000000,3.248,3.2998,3.248,3.2912,0,0
GTS_PB,D,20161201,000000,3.2998,3.3171,3.248,3.3171,0,0
GTS_PB,D,20161202,000000,3.3171,3.343,3.3171,3.3171,0,0
GTS_PB,D,20161205,000000,3.2566,3.343,3.2566,3.3344,0,0
GTS_PB,D,20161206,000000,3.3344,3.3344,3.2566,3.2739,0,0
GTS_PB,D,20161207,000000,3.3085,3.3862,3.3085,3.3776,0,0
GTS_PB,D,20161208,000000,3.5072,3.5072,3.5072,3.5072,0,0
GTS_PB,D,20161209,000000,3.3862,3.5072,3.3344,3.464,0,0
GTS_PB,D,20161212,000000,3.3603,3.464,3.3603,3.464,0,0
GTS_PB,D,20161213,000000,3.464,3.464,3.3344,3.464,0,0
GTS_PB,D,20161214,000000,3.464,3.5158,3.3948,3.4898,0,0
GTS_PB,D,20161215,000000,3.4293,3.5158,3.3517,3.4293,0,0
GTS_PB,D,20161216,000000,3.4293,3.4293,3.4121,3.4293,0,0
GTS_PB,D,20161219,000000,3.4293,3.4726,3.343,3.4293,0,0
GTS_PB,D,20161220,000000,3.4121,3.4121,3.343,3.4121,0,0
GTS_PB,D,20161221,000000,3.343,3.4985,3.2739,3.4985,0,0
GTS_PB,D,20161222,000000,3.4293,3.4985,3.2566,3.4985,0,0
GTS_PB,D,20161223,000000,3.4553,3.4553,3.4553,3.4553,0,0
GTS_PB,D,20161227,000000,3.438,3.438,3.4293,3.4293,0,0
GTS_PB,D,20161228,000000,3.4293,3.4293,3.2134,3.4293,0,0
GTS_PB,D,20161229,000000,3.4293,3.4293,3.4293,3.4293,0,0
GTS_PB,D,20161230,000000,3.3862,3.3862,3.3862,3.3862,0,0
GTS_PB,D,20170102,000000,3.2998,3.3862,3.1702,3.3862,0,0
GTS_PB,D,20170103,000000,3.2566,3.3689,3.2222,3.3603,0,0
GTS_PB,D,20170104,000000,3.343,3.4035,3.2307,3.4035,0,0
GTS_PB,D,20170105,000000,3.3862,3.3862,3.2134,3.3344,0,0
GTS_PB,D,20170109,000000,3.3258,3.3258,3.3258,3.3258,0,0
GTS_PB,D,20170110,000000,3.3258,3.3258,3.127,3.2825,0,0
GTS_PB,D,20170111,000000,3.248,3.248,3.0838,3.0838,0,0
GTS_PB,D,20170112,000000,3.1529,3.2222,3.1357,3.2222,0,0
GTS_PB,D,20170113,000000,3.127,3.1961,2.9975,2.9975,0,0
GTS_PB,D,20170116,000000,3.0148,3.1357,3.0148,3.0148,0,0
GTS_PB,D,20170117,000000,3.0407,3.1185,3.0407,3.1185,0,0
GTS_PB,D,20170118,000000,3.1185,3.1185,3.0753,3.1097,0,0
GTS_PB,D,20170119,000000,3.1012,3.1443,3.0407,3.1443,0,0
GTS_PB,D,20170120,000000,3.127,3.2134,3.0061,3.0061,0,0
GTS_PB,D,20170123,000000,3.1012,3.1012,2.9284,3.0493,0,0
GTS_PB,D,20170124,000000,3.0061,3.058,2.9629,3.0234,0,0
GTS_PB,D,20170125,000000,3.0148,3.058,2.9802,3.058,0,0
GTS_PB,D,20170126,000000,3.0753,3.0753,2.9629,2.9629,0,0
GTS_PB,D,20170127,000000,2.9629,3.0407,2.9456,3.0407,0,0
GTS_PB,D,20170130,000000,3.058,3.058,3.058,3.058,0,0
GTS_PB,D,20170131,000000,3.058,3.127,3.058,3.127,0,0
GTS_PB,D,20170201,000000,2.9543,2.9543,2.6433,2.7556,0,0
GTS_PB,D,20170202,000000,2.6692,2.7038,2.5916,2.5916,0,0
GTS_PB,D,20170203,000000,2.5742,2.7038,2.5655,2.6692,0,0
GTS_PB,D,20170206,000000,2.6606,2.9111,2.5742,2.9111,0,0
GTS_PB,D,20170207,000000,2.8334,2.8679,2.8334,2.8679,0,0
GTS_PB,D,20170208,000000,2.7815,2.8075,2.7729,2.8075,0,0
GTS_PB,D,20170209,000000,2.8507,2.8766,2.7038,2.7987,0,0
GTS_PB,D,20170210,000000,2.8075,2.8419,2.6865,2.7987,0,0
GTS_PB,D,20170213,000000,2.7815,2.8419,2.6692,2.7556,0,0
GTS_PB,D,20170214,000000,2.747,2.8939,2.747,2.8679,0,0
GTS_PB,D,20170215,000000,2.9024,2.9024,2.7038,2.7383,0,0
GTS_PB,D,20170216,000000,2.7383,2.8334,2.7383,2.8334,0,0
GTS_PB,D,20170217,000000,2.8075,2.8679,2.246,2.246,0,0
GTS_PB,D,20170220,000000,2.246,2.246,2.246,2.246,0,0
GTS_PB,D,20170221,000000,2.2373,2.2373,2.1769,2.2286,0,0
GTS_PB,D,20170222,000000,2.246,2.2545,2.2286,2.2545,0,0
GTS_PB,D,20170223,000000,2.246,2.2545,2.246,2.2545,0,0
GTS_PB,D,20170224,000000,2.2545,2.3842,2.2373,2.3842,0,0
GTS_PB,D,20170227,000000,2.3755,2.3755,2.3237,2.341,0,0
GTS_PB,D,20170228,000000,2.341,2.341,2.2028,2.3323,0,0
GTS_PB,D,20170301,000000,2.3323,2.3323,2.1423,2.2805,0,0
GTS_PB,D,20170303,000000,2.2805,2.2805,2.0818,2.1164,0,0
GTS_PB,D,20170306,000000,2.1164,2.1769,2.1164,2.1769,0,0
GTS_PB,D,20170307,000000,2.1337,2.1337,2.0473,2.0473,0,0
GTS_PB,D,20170308,000000,2.03,2.1077,2.03,2.1077,0,0
GTS_PB,D,20170309,000000,2.1077,2.125,2.0127,2.125,0,0
GTS_PB,D,20170310,000000,2.0818,2.1337,2.0818,2.1337,0,0
GTS_PB,D,20170313,000000,2.1337,2.1337,2.1337,2.1337,0,0
GTS_PB,D,20170314,000000,2.1337,2.1337,2.0559,2.1337,0,0
GTS_PB,D,20170315,000000,2.125,2.125,2.03,2.0732,0,0
GTS_PB,D,20170316,000000,2.0214,2.0818,2.0127,2.0818,0,0
GTS_PB,D,20170317,000000,2.0559,2.0646,1.9609,1.9609,0,0
GTS_PB,D,20170320,000000,1.9954,1.9954,1.84,1.9005,0,0
GTS_PB,D,20170321,000000,1.8313,1.84,1.7017,1.7276,0,0
GTS_PB,D,20170322,000000,1.7017,1.7708,1.6759,1.7276,0,0
GTS_PB,D,20170323,000000,1.7104,1.7276,1.4599,1.7104,0,0
GTS_PB,D,20170324,000000,1.6932,1.814,1.6759,1.814,0,0
GTS_PB,D,20170328,000000,1.814,1.814,1.814,1.814,0,0
GTS_PB,D,20170329,000000,1.814,2.0127,1.814,1.9954,0,0
GTS_PB,D,20170330,000000,1.8831,2.0818,1.8831,2.0818,0,0
GTS_PB,D,20170331,000000,2.0732,2.0732,1.9609,2.0041,0,0
GTS_PB,D,20170403,000000,2.0732,2.0732,2.0127,2.0127,0,0
GTS_PB,D,20170404,000000,2.0127,2.0905,2.0127,2.0818,0,0
GTS_PB,D,20170405,000000,2.0818,2.0818,2.0818,2.0818,0,0
GTS_PB,D,20170406,000000,2.0818,2.0905,2.0127,2.0905,0,0
GTS_PB,D,20170407,000000,2.1164,2.1164,2.0473,2.0473,0,0
GTS_PB,D,20170410,000000,2.0905,2.0905,2.0905,2.0905,0,0
GTS_PB,D,20170411,000000,2.0818,2.0818,2.0818,2.0818,0,0
GTS_PB,D,20170412,000000,2.0818,2.0905,2.0214,2.0905,0,0
GTS_PB,D,20170413,000000,2.0905,2.0905,2.0905,2.0905,0,0
GTS_PB,D,20170418,000000,2.0905,2.0991,2.0127,2.0991,0,0
GTS_PB,D,20170419,000000,2.0991,2.0991,2.0991,2.0991,0,0
GTS_PB,D,20170420,000000,2.0818,2.0818,2.0127,2.0646,0,0
GTS_PB,D,20170421,000000,2.0646,2.0646,2.0559,2.0559,0,0
GTS_PB,D,20170424,000000,2.0559,2.0559,1.9954,2.0559,0,0
GTS_PB,D,20170425,000000,2.0559,2.0646,2.0559,2.0646,0,0
GTS_PB,D,20170426,000000,2.0127,2.0646,2.0127,2.0559,0,0
GTS_PB,D,20170427,000000,2.0041,2.0041,1.9782,1.9954,0,0
GTS_PB,D,20170428,000000,2.0559,2.0559,2.0559,2.0559,0,0
GTS_PB,D,20170502,000000,2.0559,2.0559,2.0559,2.0559,0,0
GTS_PB,D,20170504,000000,2.0214,2.0214,2.0214,2.0214,0,0
GTS_PB,D,20170505,000000,2.0214,2.0732,1.9522,2.0732,0,0
GTS_PB,D,20170508,000000,1.9782,2.0473,1.7104,2.0473,0,0
GTS_PB,D,20170509,000000,2.0386,2.0386,2.0386,2.0386,0,0
GTS_PB,D,20170510,000000,1.909,2.0473,1.8831,2.0473,0,0
GTS_PB,D,20170512,000000,1.9782,2.0127,1.9782,2.0127,0,0
GTS_PB,D,20170515,000000,2.0127,2.0127,2.0127,2.0127,0,0
GTS_PB,D,20170516,000000,1.9436,2.0041,1.8658,2.0041,0,0
GTS_PB,D,20170517,000000,1.909,2.0127,1.8486,2.0041,0,0
GTS_PB,D,20170518,000000,1.8918,1.9005,1.719,1.9005,0,0
GTS_PB,D,20170519,000000,1.8831,1.9436,1.7536,1.9436,0,0
GTS_PB,D,20170522,000000,1.84,1.8918,1.7795,1.8658,0,0
GTS_PB,D,20170523,000000,1.8573,1.8573,1.7363,1.7363,0,0
GTS_PB,D,20170524,000000,1.7708,1.7708,1.7708,1.7708,0,0
GTS_PB,D,20170525,000000,1.6932,1.6932,1.6412,1.6412,0,0
GTS_PB,D,20170526,000000,1.6412,1.7536,1.6412,1.7536,0,0
GTS_PB,D,20170530,000000,1.7536,1.7881,1.7363,1.7881,0,0
GTS_PB,D,20170531,000000,1.7881,1.8313,1.7104,1.8313,0,0
GTS_PB,D,20170601,000000,1.84,1.8745,1.8227,1.8227,0,0
GTS_PB,D,20170602,000000,1.8486,1.8658,1.8486,1.8658,0,0
GTS_PB,D,20170605,000000,1.8745,1.8745,1.8486,1.8486,0,0
GTS_PB,D,20170606,000000,1.8486,1.8486,1.7708,1.8486,0,0
GTS_PB,D,20170607,000000,1.8486,1.8486,1.7708,1.84,0,0
GTS_PB,D,20170608,000000,1.7622,1.7622,1.6932,1.719,0,0
GTS_PB,D,20170609,000000,1.7536,1.7536,1.7536,1.7536,0,0
GTS_PB,D,20170612,000000,1.7881,1.7881,1.7881,1.7881,0,0
GTS_PB,D,20170613,000000,1.7881,1.7881,1.7881,1.7881,0,0
GTS_PB,D,20170614,000000,1.7881,1.84,1.7881,1.84,0,0
GTS_PB,D,20170616,000000,1.6844,1.6844,1.6844,1.6844,0,0
GTS_PB,D,20170619,000000,1.7276,1.8486,1.7276,1.8227,0,0
GTS_PB,D,20170620,000000,1.7536,1.8313,1.7536,1.8313,0,0
GTS_PB,D,20170621,000000,1.84,1.84,1.84,1.84,0,0
GTS_PB,D,20170622,000000,1.84,1.84,1.84,1.84,0,0
GTS_PB,D,20170623,000000,1.84,1.84,1.7536,1.7536,0,0
GTS_PB,D,20170626,000000,1.84,1.9177,1.84,1.9177,0,0
GTS_PB,D,20170627,000000,1.909,1.909,1.909,1.909,0,0
GTS_PB,D,20170628,000000,1.909,1.909,1.909,1.909,0,0
GTS_PB,D,20170629,000000,1.909,1.909,1.909,1.909,0,0
GTS_PB,D,20170630,000000,1.9177,1.9177,1.9177,1.9177,0,0
GTS_PB,D,20170703,000000,1.8658,1.909,1.8054,1.8054,0,0
GTS_PB,D,20170704,000000,1.7795,1.8486,1.7363,1.8486,0,0
GTS_PB,D,20170705,000000,1.7536,1.8745,1.7536,1.8745,0,0
GTS_PB,D,20170706,000000,1.7276,1.8745,1.7276,1.8745,0,0
GTS_PB,D,20170707,000000,1.8745,1.8745,1.7795,1.8658,0,0
GTS_PB,D,20170710,000000,1.8658,1.8658,1.7536,1.8486,0,0
GTS_PB,D,20170711,000000,1.8658,1.8658,1.7363,1.8227,0,0
GTS_PB,D,20170712,000000,1.8313,1.8313,1.8313,1.8313,0,0
GTS_PB,D,20170714,000000,1.6547,1.9499,1.6547,1.9141,0,0
GTS_PB,D,20170717,000000,1.9141,1.9141,1.7532,1.8874,0,0
GTS_PB,D,20170720,000000,1.8515,2.1736,1.8515,2.093,0,0
GTS_PB,D,20170721,000000,2.102,2.102,1.9857,2.0662,0,0
GTS_PB,D,20170724,000000,2.0662,2.0662,1.9589,2.0394,0,0
GTS_PB,D,20170725,000000,2.0305,2.0394,1.9409,2.0394,0,0
GTS_PB,D,20170726,000000,2.0394,2.0394,2.0394,2.0394,0,0
GTS_PB,D,20170727,000000,2.0394,2.0394,1.9589,1.9589,0,0
GTS_PB,D,20170728,000000,2.0125,2.0214,1.9678,2.0214,0,0
GTS_PB,D,20170731,000000,2.0125,2.102,2.0125,2.093,0,0
GTS_PB,D,20170801,000000,2.093,2.111,2.0841,2.111,0,0
GTS_PB,D,20170802,000000,2.102,2.102,2.0305,2.102,0,0
GTS_PB,D,20170803,000000,2.102,2.102,2.102,2.102,0,0
GTS_PB,D,20170804,000000,2.102,2.102,2.102,2.102,0,0
GTS_PB,D,20170807,000000,2.0841,2.0841,2.0841,2.0841,0,0
GTS_PB,D,20170808,000000,2.0751,2.0751,1.9857,2.0394,0,0
GTS_PB,D,20170809,000000,2.0394,2.0573,1.9678,2.0573,0,0
GTS_PB,D,20170810,000000,2.0573,2.0573,1.9141,2.0305,0,0
GTS_PB,D,20170811,000000,1.9678,2.0036,1.9231,2.0036,0,0
GTS_PB,D,20170814,000000,1.9231,1.9231,1.8426,1.8426,0,0
GTS_PB,D,20170816,000000,1.9141,1.9857,1.9052,1.9141,0,0
GTS_PB,D,20170817,000000,1.8694,1.8874,1.8694,1.8694,0,0
GTS_PB,D,20170818,000000,1.8874,1.8874,1.8515,1.8515,0,0
GTS_PB,D,20170821,000000,1.8247,1.8247,1.8247,1.8247,0,0
GTS_PB,D,20170822,000000,1.8247,1.8694,1.7978,1.7978,0,0
GTS_PB,D,20170823,000000,1.7978,1.8158,1.7532,1.8158,0,0
GTS_PB,D,20170824,000000,1.8158,1.8426,1.8158,1.8426,0,0
GTS_PB,D,20170825,000000,1.7532,1.8426,1.7532,1.8426,0,0
GTS_PB,D,20170828,000000,1.7978,4.3471,1.7978,4.3471,0,0
GTS_PB,D,20170829,000000,4.3381,4.3829,4.1771,4.3829,0,0
GTS_PB,D,20170830,000000,4.1682,4.3918,4.1682,4.3918,0,0
GTS_PB,D,20170831,000000,4.3203,4.4275,4.195,4.4275,0,0
GTS_PB,D,20170901,000000,4.2129,4.4275,4.2129,4.2844,0,0
GTS_PB,D,20170904,000000,4.3381,4.4275,4.2308,4.4275,0,0
GTS_PB,D,20170905,000000,4.1771,4.4275,4.1771,4.4275,0,0
GTS_PB,D,20170906,000000,4.4275,4.4902,4.4275,4.4902,0,0
GTS_PB,D,20170907,000000,4.4275,4.4275,4.4275,4.4275,0,0
GTS_PB,D,20170908,000000,4.4275,4.4275,4.4275,4.4275,0,0
GTS_PB,D,20170911,000000,4.3649,4.4902,4.3649,4.4902,0,0
GTS_PB,D,20170912,000000,4.4902,4.4902,4.4902,4.4902,0,0
GTS_PB,D,20170913,000000,4.4723,4.4723,4.4723,4.4723,0,0
GTS_PB,D,20170914,000000,4.4723,4.4723,4.4723,4.4723,0,0
GTS_PB,D,20170915,000000,4.4723,4.4723,4.4723,4.4723,0,0
GTS_PB,D,20170918,000000,4.4544,4.4544,4.2308,4.2308,0,0
GTS_PB,D,20170919,000000,4.2844,4.4275,4.1682,4.4275,0,0
GTS_PB,D,20170920,000000,4.3918,4.4544,4.3918,4.4544,0,0
GTS_PB,D,20170921,000000,4.3918,4.4544,4.3829,4.4544,0,0
GTS_PB,D,20170922,000000,4.4455,4.4455,4.4455,4.4455,0,0
GTS_PB,D,20170925,000000,4.5171,4.5528,4.4991,4.5171,0,0
GTS_PB,D,20170926,000000,4.5171,4.5171,4.5171,4.5171,0,0
GTS_PB,D,20170927,000000,4.4991,4.4991,4.4991,4.4991,0,0
GTS_PB,D,20170928,000000,4.4991,4.4991,4.4991,4.4991,0,0
GTS_PB,D,20170929,000000,4.4991,4.4991,4.4991,4.4991,0,0
GTS_PB,D,20171002,000000,4.4991,4.4991,4.4544,4.4544,0,0
GTS_PB,D,20171003,000000,4.4455,4.4455,4.3649,4.4097,0,0
GTS_PB,D,20171004,000000,4.3829,4.3829,4.3829,4.3829,0,0
GTS_PB,D,20171005,000000,4.3471,4.4275,4.3471,4.4275,0,0
GTS_PB,D,20171012,000000,4.4275,4.4991,4.4275,4.4991,0,0
GTS_PB,D,20171013,000000,4.4991,4.6691,4.4991,4.5528,0,0
GTS_PB,D,20171016,000000,4.5349,4.5349,4.5171,4.5171,0,0
GTS_PB,D,20171017,000000,4.3649,4.5171,4.3649,4.5171,0,0
GTS_PB,D,20171018,000000,4.4991,4.4991,4.4991,4.4991,0,0
GTS_PB,D,20171019,000000,4.4991,4.4991,4.4991,4.4991,0,0
GTS_PB,D,20171020,000000,4.4991,4.4991,4.4991,4.4991,0,0
GTS_PB,D,20171023,000000,4.4991,4.4991,4.4991,4.4991,0,0
GTS_PB,D,20171024,000000,4.4991,4.4991,4.4991,4.4991,0,0
GTS_PB,D,20171025,000000,4.4902,4.4902,4.3649,4.4723,0,0
GTS_PB,D,20171026,000000,4.4723,4.4723,4.4723,4.4723,0,0
GTS_PB,D,20171027,000000,4.4455,4.4991,4.4455,4.4991,0,0
GTS_PB,D,20171030,000000,4.4991,4.5797,4.4991,4.5797,0,0
GTS_PB,D,20171031,000000,4.5617,4.5617,4.5528,4.5528,0,0
GTS_PB,D,20171102,000000,4.5528,4.5528,4.5528,4.5528,0,0
GTS_PB,D,20171103,000000,4.5528,4.5528,4.1056,4.3829,0,0
GTS_PB,D,20171106,000000,4.3649,4.3649,4.1324,4.1324,0,0
GTS_PB,D,20171107,000000,4.3649,4.3649,3.9177,4.195,0,0
GTS_PB,D,20171108,000000,4.195,4.195,3.9177,4.0608,0,0
GTS_PB,D,20171109,000000,4.043,4.043,4.043,4.043,0,0
GTS_PB,D,20171110,000000,4.043,4.043,4.043,4.043,0,0
GTS_PB,D,20171113,000000,4.043,4.043,3.8909,4.043,0,0
GTS_PB,D,20171114,000000,3.9803,3.9803,3.7835,3.8015,0,0
GTS_PB,D,20171115,000000,3.8283,3.8283,3.3721,3.7209,0,0
GTS_PB,D,20171116,000000,3.6584,3.6941,3.6584,3.6941,0,0
GTS_PB,D,20171117,000000,3.3721,3.8283,3.3721,3.6763,0,0
GTS_PB,D,20171120,000000,3.6584,3.6584,3.5062,3.5242,0,0
GTS_PB,D,20171121,000000,3.551,3.6763,3.551,3.6763,0,0
GTS_PB,D,20171122,000000,3.7209,3.7835,3.7209,3.7835,0,0
GTS_PB,D,20171123,000000,3.6136,3.8015,3.3542,3.3542,0,0
GTS_PB,D,20171124,000000,3.3811,3.3811,3.3811,3.3811,0,0
GTS_PB,D,20171127,000000,3.2737,3.3811,3.2737,3.3095,0,0
GTS_PB,D,20171128,000000,3.2826,3.3005,3.2826,3.3005,0,0
GTS_PB,D,20171129,000000,3.3095,3.4347,3.3095,3.4347,0,0
GTS_PB,D,20171130,000000,3.3274,3.3274,3.3095,3.3274,0,0
GTS_PB,D,20171201,000000,3.3095,3.4168,3.3005,3.3811,0,0
GTS_PB,D,20171204,000000,3.3363,3.3811,3.2469,3.3811,0,0
GTS_PB,D,20171205,000000,3.3274,3.3811,3.3274,3.3811,0,0
GTS_PB,D,20171206,000000,3.3095,3.3631,3.1843,3.1843,0,0
GTS_PB,D,20171207,000000,3.3005,3.3005,3.1306,3.2469,0,0
GTS_PB,D,20171208,000000,3.229,3.7389,3.229,3.6763,0,0
GTS_PB,D,20171211,000000,3.6584,3.6584,3.5689,3.6584,0,0
GTS_PB,D,20171212,000000,3.4437,3.5689,3.4437,3.5689,0,0
GTS_PB,D,20171213,000000,3.3811,3.4616,3.3811,3.4616,0,0
GTS_PB,D,20171214,000000,3.4616,3.4884,3.4616,3.4884,0,0
GTS_PB,D,20171215,000000,3.5153,3.6226,3.3811,3.6226,0,0
GTS_PB,D,20171218,000000,2.8622,3.5153,2.8622,3.5153,0,0
GTS_PB,D,20171219,000000,3.4616,3.4705,3.4616,3.4705,0,0
GTS_PB,D,20171220,000000,3.3811,3.3811,3.3095,3.3095,0,0
GTS_PB,D,20171221,000000,3.3005,3.3005,3.1754,3.22,0,0
GTS_PB,D,20171222,000000,3.2022,3.2022,3.068,3.1485,0,0
GTS_PB,D,20171227,000000,2.9964,2.9964,2.7013,2.8891,0,0
GTS_PB,D,20171228,000000,2.8891,2.8891,2.8533,2.8891,0,0
GTS_PB,D,20171229,000000,2.8622,2.8891,2.8354,2.8891,0,0
GTS_PB,D,20180103,000000,2.9427,2.9427,2.9427,2.9427,0,0
GTS_PB,D,20180104,000000,2.9696,3.0949,2.9696,3.0949,0,0
GTS_PB,D,20180108,000000,3.2737,3.3811,3.2558,3.3811,0,0
GTS_PB,D,20180109,000000,3.3811,3.3811,3.3811,3.3811,0,0
GTS_PB,D,20180110,000000,3.3811,3.4705,3.3811,3.4705,0,0
GTS_PB,D,20180111,000000,3.2022,3.4973,3.2022,3.4973,0,0
GTS_PB,D,20180112,000000,3.4973,3.9714,3.4973,3.9714,0,0
GTS_PB,D,20180115,000000,3.8104,3.9088,3.7567,3.9088,0,0
GTS_PB,D,20180116,000000,3.9088,3.9088,3.9088,3.9088,0,0
GTS_PB,D,20180117,000000,3.8909,3.8909,3.8909,3.8909,0,0
GTS_PB,D,20180118,000000,3.8909,3.9088,3.7835,3.864,0,0
GTS_PB,D,20180119,000000,3.864,3.864,3.8372,3.8372,0,0
GTS_PB,D,20180122,000000,3.7835,3.7835,3.7835,3.7835,0,0
GTS_PB,D,20180123,000000,3.7835,3.7835,3.7835,3.7835,0,0
GTS_PB,D,20180124,000000,3.7835,3.7835,3.7657,3.7657,0,0
GTS_PB,D,20180125,000000,3.7567,3.7567,3.7567,3.7567,0,0
GTS_PB,D,20180126,000000,3.7567,3.7567,3.7567,3.7567,0,0
GTS_PB,D,20180129,000000,3.7389,3.8194,3.7389,3.8194,0,0
GTS_PB,D,20180130,000000,3.8194,3.8194,3.7925,3.7925,0,0
GTS_PB,D,20180131,000000,3.8104,3.8104,3.6494,3.6494,0,0
GTS_PB,D,20180201,000000,3.7835,3.7835,3.7835,3.7835,0,0
GTS_PB,D,20180205,000000,3.5778,3.7567,3.5778,3.5778,0,0
GTS_PB,D,20180206,000000,3.5689,3.5689,3.1038,3.5153,0,0
GTS_PB,D,20180207,000000,3.3095,3.5689,3.3095,3.5689,0,0
GTS_PB,D,20180208,000000,3.551,3.551,3.551,3.551,0,0
GTS_PB,D,20180209,000000,3.3363,3.4616,3.3274,3.3274,0,0
GTS_PB,D,20180212,000000,3.5153,3.5153,3.5153,3.5153,0,0
GTS_PB,D,20180213,000000,3.4973,3.4973,3.0501,3.0501,0,0
GTS_PB,D,20180214,000000,2.9875,2.9875,2.9875,2.9875,0,0
GTS_PB,D,20180215,000000,2.9875,3.059,2.9875,3.059,0,0
GTS_PB,D,20180216,000000,2.9875,2.9875,2.9875,2.9875,0,0
GTS_PB,D,20180220,000000,3.0233,3.238,3.0233,3.238,0,0
GTS_PB,D,20180221,000000,3.0143,3.1306,3.0143,3.1306,0,0
GTS_PB,D,20180222,000000,3.0143,3.0233,3.0143,3.0233,0,0
GTS_PB,D,20180223,000000,2.9786,3.0143,2.8086,3.0143,0,0
GTS_PB,D,20180226,000000,2.8622,2.9338,2.8622,2.9338,0,0
GTS_PB,D,20180227,000000,2.8622,2.9338,2.8622,2.9338,0,0
GTS_PB,D,20180228,000000,2.8444,2.8444,2.7102,2.7102,0,0
GTS_PB,D,20180302,000000,2.6118,2.6208,2.5314,2.6208,0,0
GTS_PB,D,20180305,000000,2.6118,2.7102,2.6118,2.7102,0,0
GTS_PB,D,20180306,000000,2.6565,2.9159,2.6565,2.9159,0,0
GTS_PB,D,20180307,000000,2.8802,2.8802,2.8802,2.8802,0,0
GTS_PB,D,20180309,000000,2.755,2.8802,2.755,2.8802,0,0
GTS_PB,D,20180312,000000,2.755,2.7996,2.6118,2.7996,0,0
GTS_PB,D,20180313,000000,2.7639,2.7639,2.7639,2.7639,0,0
GTS_PB,D,20180314,000000,2.7639,2.7639,2.5224,2.746,0,0
GTS_PB,D,20180316,000000,2.6118,2.7102,2.5314,2.7102,0,0
GTS_PB,D,20180319,000000,2.576,2.7102,2.576,2.7102,0,0
GTS_PB,D,20180323,000000,2.576,2.576,2.4687,2.4687,0,0
GTS_PB,D,20180326,000000,2.4866,2.5849,2.4329,2.5849,0,0
GTS_PB,D,20180327,000000,2.576,2.576,2.576,2.576,0,0
GTS_PB,D,20180328,000000,2.576,2.576,2.576,2.576,0,0
GTS_PB,D,20180329,000000,2.576,2.576,2.576,2.576,0,0
GTS_PB,D,20180403,000000,2.576,2.576,2.576,2.576,0,0
GTS_PB,D,20180406,000000,2.576,2.746,2.576,2.746,0,0
GTS_PB,D,20180409,000000,2.5849,2.8712,2.5849,2.8712,0,0
GTS_PB,D,20180410,000000,2.8265,2.8265,2.8265,2.8265,0,0
GTS_PB,D,20180411,000000,2.6476,2.8354,2.6476,2.8354,0,0
GTS_PB,D,20180413,000000,2.8354,2.8354,2.8354,2.8354,0,0
GTS_PB,D,20180418,000000,2.8354,2.8354,2.8354,2.8354,0,0
GTS_PB,D,20180419,000000,2.8354,2.8354,2.8354,2.8354,0,0
GTS_PB,D,20180420,000000,2.8354,2.8354,2.8354,2.8354,0,0
GTS_PB,D,20180423,000000,2.8354,2.8354,2.8354,2.8354,0,0
GTS_PB,D,20180426,000000,2.8354,2.8354,2.8354,2.8354,0,0
GTS_PB,D,20180427,000000,2.8354,2.8354,2.8354,2.8354,0,0
GTS_PB,D,20180430,000000,2.6923,2.8354,2.6834,2.8354,0,0
GTS_PB,D,20180502,000000,2.7818,2.7818,2.7818,2.7818,0,0
GTS_PB,D,20180507,000000,2.8086,2.8086,2.8086,2.8086,0,0
GTS_PB,D,20180508,000000,2.8086,2.8086,2.8086,2.8086,0,0
GTS_PB,D,20180509,000000,2.8086,2.8086,2.7102,2.7102,0,0
GTS_PB,D,20180510,000000,2.6208,2.6386,2.5403,2.5849,0,0
GTS_PB,D,20180514,000000,2.576,2.576,2.2898,2.2898,0,0
GTS_PB,D,20180515,000000,2.2898,2.2898,2.2898,2.2898,0,0
GTS_PB,D,20180516,000000,2.2898,2.4955,2.2898,2.415,0,0
GTS_PB,D,20180517,000000,2.415,2.4955,2.3703,2.4955,0,0
GTS_PB,D,20180518,000000,2.4687,2.4687,2.4687,2.4687,0,0
GTS_PB,D,20180521,000000,2.4687,2.5045,2.4687,2.4955,0,0
GTS_PB,D,20180522,000000,2.4687,2.4866,2.4329,2.4329,0,0
GTS_PB,D,20180523,000000,2.4955,2.4955,2.4955,2.4955,0,0
GTS_PB,D,20180524,000000,2.4687,2.4687,2.4687,2.4687,0,0
GTS_PB,D,20180525,000000,2.4687,2.4687,2.4687,2.4687,0,0
GTS_PB,D,20180528,000000,2.4687,2.4687,2.3972,2.4687,0,0
GTS_PB,D,20180529,000000,2.4687,2.5134,2.4687,2.5045,0,0
GTS_PB,D,20180530,000000,2.5045,2.5045,2.5045,2.5045,0,0
GTS_PB,D,20180601,000000,2.5045,2.5045,2.5045,2.5045,0,0
GTS_PB,D,20180604,000000,2.5045,2.5045,2.5045,2.5045,0,0
GTS_PB,D,20180605,000000,2.4955,2.5045,2.4955,2.5045,0,0
GTS_PB,D,20180606,000000,2.5134,2.5224,2.5134,2.5224,0,0
GTS_PB,D,20180611,000000,2.5224,2.5492,2.5224,2.5492,0,0
GTS_PB,D,20180614,000000,2.5492,2.5492,2.5492,2.5492,0,0
GTS_PB,D,20180618,000000,2.4329,2.4509,2.4329,2.4509,0,0
GTS_PB,D,20180619,000000,2.3256,2.4418,2.3256,2.4418,0,0
GTS_PB,D,20180620,000000,2.4329,2.4329,2.4329,2.4329,0,0
GTS_PB,D,20180621,000000,2.4687,2.4687,2.4687,2.4687,0,0
GTS_PB,D,20180629,000000,2.3524,2.3524,2.3256,2.3256,0,0
GTS_PB,D,20180703,000000,2.2719,2.3524,2.2719,2.3524,0,0
GTS_PB,D,20180704,000000,2.3346,2.3435,2.2451,2.3435,0,0
GTS_PB,D,20180705,000000,2.3524,2.4687,2.3524,2.4687,0,0
GTS_PB,D,20180711,000000,2.4061,2.4687,2.4061,2.4687,0,0
GTS_PB,D,20180712,000000,2.4687,2.4687,2.4509,2.4509,0,0
GTS_PB,D,20180716,000000,2.4687,2.4687,2.4687,2.4687,0,0
GTS_PB,D,20180717,000000,2.4687,2.4687,2.4687,2.4687,0,0
GTS_PB,D,20180718,000000,2.4687,2.4687,2.4687,2.4687,0,0
GTS_PB,D,20180719,000000,2.4687,2.4687,2.4687,2.4687,0,0
GTS_PB,D,20180720,000000,2.4687,2.4687,2.4687,2.4687,0,0
GTS_PB,D,20180723,000000,2.4687,2.4687,2.4687,2.4687,0,0
GTS_PB,D,20180724,000000,2.4687,2.4687,2.4687,2.4687,0,0
GTS_PB,D,20180725,000000,2.4687,2.4687,2.4687,2.4687,0,0
GTS_PB,D,20180726,000000,2.4687,2.4687,2.4687,2.4687,0,0
GTS_PB,D,20180727,000000,2.4687,2.4687,2.4687,2.4687,0,0
GTS_PB,D,20180730,000000,2.4687,2.4687,2.4687,2.4687,0,0
GTS_PB,D,20180731,000000,2.4687,2.4687,2.4687,2.4687,0,0
GTS_PB,D,20180801,000000,2.3256,2.3256,2.3167,2.3167,0,0
GTS_PB,D,20180802,000000,2.1645,2.3078,2.1645,2.3078,0,0
GTS_PB,D,20180803,000000,2.2809,2.2809,2.0573,2.1377,0,0
GTS_PB,D,20180806,000000,2.1377,2.2004,2.1377,2.1556,0,0
GTS_PB,D,20180807,000000,2.0394,2.1288,1.9857,2.0662,0,0
GTS_PB,D,20180808,000000,2.0036,2.093,2.0036,2.0841,0,0
GTS_PB,D,20180813,000000,2.0394,2.0394,1.8874,2.0036,0,0
GTS_PB,D,20180814,000000,2.0125,2.0125,1.8158,1.8158,0,0
GTS_PB,D,20180816,000000,1.7084,1.8068,1.7084,1.8068,0,0
GTS_PB,D,20180817,000000,1.7084,1.7978,1.6547,1.6547,0,0
GTS_PB,D,20180820,000000,1.6816,1.7532,1.6816,1.7532,0,0
GTS_PB,D,20180821,000000,1.7978,1.7978,1.7978,1.7978,0,0
GTS_PB,D,20180822,000000,1.7532,1.7978,1.7532,1.7978,0,0
GTS_PB,D,20180823,000000,1.7263,1.7978,1.6279,1.7978,0,0
GTS_PB,D,20180824,000000,1.7621,1.7621,1.6637,1.7263,0,0
GTS_PB,D,20180827,000000,1.7263,1.7621,1.619,1.6905,0,0
GTS_PB,D,20180828,000000,1.6905,1.7442,1.6905,1.7442,0,0
GTS_PB,D,20180829,000000,1.7978,1.7978,1.7978,1.7978,0,0
GTS_PB,D,20180830,000000,1.6458,1.6905,1.6458,1.6905,0,0
GTS_PB,D,20180831,000000,1.6011,1.6637,1.5653,1.6637,0,0
GTS_PB,D,20180903,000000,1.6101,1.7084,1.6101,1.7084,0,0
GTS_PB,D,20180904,000000,1.6279,1.6279,1.5653,1.5653,0,0
GTS_PB,D,20180905,000000,1.5653,1.6905,1.4669,1.6905,0,0
GTS_PB,D,20180906,000000,1.6905,1.6905,1.5116,1.6101,0,0
GTS_PB,D,20180907,000000,1.5116,1.5116,1.5116,1.5116,0,0
GTS_PB,D,20180911,000000,1.4222,1.6101,1.4043,1.6101,0,0
GTS_PB,D,20180913,000000,1.5564,1.5564,1.4222,1.4848,0,0
GTS_PB,D,20180914,000000,1.4848,1.4848,1.4848,1.4848,0,0
GTS_PB,D,20180917,000000,1.4848,1.4848,1.4848,1.4848,0,0
GTS_PB,D,20180918,000000,1.4759,1.4759,1.4759,1.4759,0,0
GTS_PB,D,20180919,000000,1.4759,1.4759,1.3238,1.3238,0,0
GTS_PB,D,20180920,000000,1.3417,1.3774,1.3417,1.3774,0,0
GTS_PB,D,20180921,000000,1.2791,1.449,1.2343,1.449,0,0
GTS_PB,D,20180924,000000,1.4401,1.4401,1.4401,1.4401,0,0
GTS_PB,D,20180925,000000,1.4401,1.4401,1.4401,1.4401,0,0
GTS_PB,D,20180926,000000,1.4401,1.4401,1.4043,1.4043,0,0
GTS_PB,D,20180928,000000,1.4401,1.5653,1.4401,1.5653,0,0
GTS_PB,D,20181002,000000,1.5116,1.5116,1.5116,1.5116,0,0
GTS_PB,D,20181003,000000,1.5116,1.5116,1.5116,1.5116,0,0
GTS_PB,D,20181004,000000,1.5116,1.5564,1.5116,1.5564,0,0
GTS_PB,D,20181005,000000,1.5474,1.5474,1.5474,1.5474,0,0
GTS_PB,D,20181008,000000,1.5474,1.5474,1.5474,1.5474,0,0
GTS_PB,D,20181009,000000,1.5474,1.5474,1.5116,1.5116,0,0
GTS_PB,D,20181010,000000,1.3774,1.4669,1.3238,1.4669,0,0
GTS_PB,D,20181012,000000,1.4043,1.4669,1.3149,1.4669,0,0
GTS_PB,D,20181015,000000,1.5474,1.5474,1.5474,1.5474,0,0
GTS_PB,D,20181016,000000,1.3238,1.458,1.3238,1.458,0,0
GTS_PB,D,20181017,000000,1.4222,1.4222,1.4222,1.4222,0,0
GTS_PB,D,20181018,000000,1.458,1.458,1.3059,1.3685,0,0
GTS_PB,D,20181019,000000,1.3685,1.3685,1.3685,1.3685,0,0
GTS_PB,D,20181022,000000,1.288,1.3059,1.2791,1.2969,0,0
GTS_PB,D,20181023,000000,1.2612,1.3954,1.2612,1.3954,0,0
GTS_PB,D,20181025,000000,1.4133,1.4133,1.4133,1.4133,0,0
GTS_PB,D,20181026,000000,1.1807,1.3149,1.1807,1.3149,0,0
GTS_PB,D,20181029,000000,1.3149,1.3149,1.3149,1.3149,0,0
GTS_PB,D,20181030,000000,1.2433,1.2433,1.2254,1.2254,0,0
GTS_PB,D,20181106,000000,1.2075,1.3059,1.2075,1.2254,0,0
GTS_PB,D,20181107,000000,1.2075,1.2075,1.1001,1.1897,0,0
GTS_PB,D,20181108,000000,1.1897,1.1897,1.1897,1.1897,0,0
GTS_PB,D,20181109,000000,1.1897,1.2969,0.9929,1.2969,0,0
GTS_PB,D,20181113,000000,1.288,1.288,1.0823,1.0823,0,0
GTS_PB,D,20181114,000000,1.1181,1.136,1.0823,1.136,0,0
GTS_PB,D,20181115,000000,1.136,1.1449,1.136,1.136,0,0
GTS_PB,D,20181116,000000,1.136,1.136,1.0465,1.136,0,0
GTS_PB,D,20181119,000000,1.136,1.136,1.136,1.136,0,0
GTS_PB,D,20181120,000000,1.0376,1.1538,1.0376,1.1092,0,0
GTS_PB,D,20181121,000000,1.0465,1.1001,1.0465,1.0644,0,0
GTS_PB,D,20181122,000000,1.0465,1.1718,1.0465,1.0912,0,0
GTS_PB,D,20181123,000000,1.0912,1.2254,1.0912,1.2165,0,0
GTS_PB,D,20181126,000000,1.2075,1.2165,1.1181,1.2075,0,0
GTS_PB,D,20181127,000000,1.1897,1.2343,1.1897,1.2343,0,0
GTS_PB,D,20181128,000000,1.2343,1.5116,1.2254,1.5116,0,0
GTS_PB,D,20181129,000000,1.3506,1.5653,1.3328,1.5653,0,0
GTS_PB,D,20181130,000000,1.5385,1.5385,1.5296,1.5296,0,0
GTS_PB,D,20181203,000000,1.5474,1.5474,1.3328,1.458,0,0
GTS_PB,D,20181204,000000,1.458,1.458,1.3149,1.458,0,0
GTS_PB,D,20181205,000000,1.458,1.458,1.3774,1.449,0,0
GTS_PB,D,20181206,000000,1.449,1.449,1.449,1.449,0,0
GTS_PB,D,20181207,000000,1.449,1.449,1.449,1.449,0,0
GTS_PB,D,20181210,000000,1.449,1.449,1.449,1.449,0,0
GTS_PB,D,20181211,000000,1.449,1.449,1.449,1.449,0,0
GTS_PB,D,20181212,000000,1.449,1.4848,1.2791,1.4848,0,0
GTS_PB,D,20181213,000000,1.4848,1.4848,1.4848,1.4848,0,0
GTS_PB,D,20181217,000000,1.4848,1.4848,1.3596,1.4222,0,0
GTS_PB,D,20181218,000000,1.4043,1.5296,1.4043,1.5296,0,0
GTS_PB,D,20181220,000000,1.4669,1.5296,1.4669,1.5296,0,0
GTS_PB,D,20181221,000000,1.5116,1.5385,1.5116,1.5385,0,0
GTS_PB,D,20181227,000000,1.5205,1.5205,1.5205,1.5205,0,0
GTS_PB,D,20181228,000000,1.5205,1.5205,1.5205,1.5205,0,0
GTS_PB,D,20190103,000000,1.5205,1.5205,1.5205,1.5205,0,0
GTS_PB,D,20190104,000000,1.5205,1.5205,1.5205,1.5205,0,0
GTS_PB,D,20190107,000000,1.4937,1.5205,1.4937,1.5205,0,0
GTS_PB,D,20190108,000000,1.5205,1.5205,1.4848,1.5205,0,0
GTS_PB,D,20190109,000000,1.5205,1.5205,1.5205,1.5205,0,0
GTS_PB,D,20190110,000000,1.5205,1.5205,1.449,1.4937,0,0
GTS_PB,D,20190111,000000,1.5205,1.5205,1.5205,1.5205,0,0
GTS_PB,D,20190114,000000,1.5205,1.5205,1.4222,1.4848,0,0
GTS_PB,D,20190115,000000,1.4311,1.458,1.4043,1.458,0,0
GTS_PB,D,20190116,000000,1.458,1.458,1.3865,1.449,0,0
GTS_PB,D,20190117,000000,1.449,1.449,1.449,1.449,0,0
GTS_PB,D,20190118,000000,1.449,1.449,1.3865,1.4401,0,0
GTS_PB,D,20190121,000000,1.3596,1.4311,1.3596,1.4311,0,0
GTS_PB,D,20190122,000000,1.4222,1.4222,1.4222,1.4222,0,0
GTS_PB,D,20190123,000000,1.4133,1.4133,1.4133,1.4133,0,0
GTS_PB,D,20190124,000000,1.4133,1.4133,1.3774,1.4133,0,0
GTS_PB,D,20190125,000000,1.4133,1.4222,1.4133,1.4222,0,0
GTS_PB,D,20190128,000000,1.4222,1.4222,1.4222,1.4222,0,0
GTS_PB,D,20190129,000000,1.4222,1.4222,1.4222,1.4222,0,0
GTS_PB,D,20190130,000000,1.4222,1.4222,1.4133,1.4133,0,0
GTS_PB,D,20190131,000000,1.4133,1.4133,1.4133,1.4133,0,0
GTS_PB,D,20190201,000000,1.4133,1.4133,1.4133,1.4133,0,0
GTS_PB,D,20190204,000000,1.4043,1.4043,1.288,1.3417,0,0
GTS_PB,D,20190205,000000,1.2969,1.3506,1.288,1.3506,0,0
GTS_PB,D,20190206,000000,1.3417,1.3774,1.3417,1.3774,0,0
GTS_PB,D,20190207,000000,1.3596,1.3596,1.3596,1.3596,0,0
GTS_PB,D,20190208,000000,1.3685,1.8337,1.3685,1.8337,0,0
GTS_PB,D,20190211,000000,1.7978,1.7978,1.7978,1.7978,0,0
GTS_PB,D,20190212,000000,1.8068,1.8158,1.8068,1.8158,0,0
GTS_PB,D,20190213,000000,1.8068,1.8515,1.8068,1.8515,0,0
GTS_PB,D,20190214,000000,1.8515,1.8605,1.8158,1.8515,0,0
GTS_PB,D,20190218,000000,1.8515,1.8515,1.78,1.78,0,0
GTS_PB,D,20190219,000000,1.7621,1.8337,1.7084,1.8337,0,0
GTS_PB,D,20190220,000000,1.7978,1.8068,1.6458,1.8068,0,0
GTS_PB,D,20190221,000000,1.7889,1.7889,1.619,1.7621,0,0
GTS_PB,D,20190222,000000,1.7621,1.7621,1.7621,1.7621,0,0
GTS_PB,D,20190225,000000,1.7621,1.7621,1.6637,1.7621,0,0
GTS_PB,D,20190226,000000,1.7621,1.7621,1.7621,1.7621,0,0
GTS_PB,D,20190227,000000,1.6458,1.7084,1.619,1.7084,0,0
GTS_PB,D,20190301,000000,1.6458,1.7084,1.6458,1.7084,0,0
GTS_PB,D,20190304,000000,1.7173,1.78,1.7173,1.78,0,0
GTS_PB,D,20190305,000000,1.78,1.78,1.6458,1.6458,0,0
GTS_PB,D,20190306,000000,1.6458,1.6458,1.619,1.619,0,0
GTS_PB,D,20190307,000000,1.6458,1.78,1.6458,1.7532,0,0
GTS_PB,D,20190308,000000,1.7621,1.78,1.7621,1.78,0,0
GTS_PB,D,20190311,000000,1.78,1.78,1.78,1.78,0,0
GTS_PB,D,20190315,000000,1.78,1.78,1.78,1.78,0,0
GTS_PB,D,20190318,000000,1.78,1.7889,1.78,1.7889,0,0
GTS_PB,D,20190319,000000,1.78,1.78,1.78,1.78,0,0
GTS_PB,D,20190320,000000,1.78,1.7889,1.7173,1.7889,0,0
GTS_PB,D,20190321,000000,1.7889,1.7889,1.7889,1.7889,0,0
GTS_PB,D,20190326,000000,1.78,1.78,1.78,1.78,0,0
GTS_PB,D,20190327,000000,1.78,1.7889,1.78,1.7889,0,0
GTS_PB,D,20190328,000000,1.78,1.78,1.6458,1.6637,0,0
GTS_PB,D,20190402,000000,1.6458,1.6458,1.6458,1.6458,0,0
GTS_PB,D,20190403,000000,1.6458,1.6458,1.6458,1.6458,0,0
GTS_PB,D,20190404,000000,1.6279,1.6279,1.5564,1.5564,0,0
GTS_PB,D,20190405,000000,1.5653,1.5653,1.5385,1.5385,0,0
GTS_PB,D,20190408,000000,1.5742,1.5742,1.5742,1.5742,0,0
GTS_PB,D,20190409,000000,1.5742,1.5742,1.4401,1.4401,0,0
GTS_PB,D,20190410,000000,1.5385,1.6011,1.4759,1.5296,0,0
GTS_PB,D,20190411,000000,1.5742,1.6637,1.5742,1.6637,0,0
GTS_PB,D,20190412,000000,1.6547,1.7532,1.5205,1.7532,0,0
GTS_PB,D,20190415,000000,1.7532,1.8963,1.7532,1.8963,0,0
GTS_PB,D,20190416,000000,1.8963,2.4418,1.8605,1.8605,0,0
GTS_PB,D,20190417,000000,2.2182,2.3346,2.2093,2.3346,0,0
GTS_PB,D,20190418,000000,2.3078,2.3346,1.9946,2.3346,0,0
GTS_PB,D,20190423,000000,2.3078,2.3078,2.3078,2.3078,0,0
GTS_PB,D,20190424,000000,2.2898,2.2898,2.2898,2.2898,0,0
GTS_PB,D,20190425,000000,2.2898,2.2898,2.111,2.2182,0,0
GTS_PB,D,20190426,000000,2.2182,2.2182,2.2182,2.2182,0,0
GTS_PB,D,20190429,000000,2.2182,2.2182,2.0841,2.2182,0,0
GTS_PB,D,20190430,000000,2.2182,2.2182,2.2182,2.2182,0,0
GTS_PB,D,20190502,000000,2.2182,2.2182,2.2182,2.2182,0,0
GTS_PB,D,20190506,000000,2.2182,2.2182,2.2182,2.2182,0,0
GTS_PB,D,20190507,000000,2.2451,2.3346,2.2182,2.2182,0,0
GTS_PB,D,20190508,000000,2.2182,2.2182,2.1199,2.2182,0,0
GTS_PB,D,20190509,000000,2.2004,2.4866,2.0305,2.4866,0,0
GTS_PB,D,20190510,000000,2.4866,2.6655,2.1556,2.6655,0,0
GTS_PB,D,20190513,000000,2.6655,2.8891,2.3256,2.3256,0,0
GTS_PB,D,20190514,000000,2.3078,2.3078,2.1467,2.2719,0,0
GTS_PB,D,20190515,000000,2.2361,2.2361,2.2361,2.2361,0,0
GTS_PB,D,20190516,000000,2.2361,2.2361,2.2182,2.2182,0,0
GTS_PB,D,20190517,000000,2.2182,2.594,2.2182,2.5045,0,0
GTS_PB,D,20190520,000000,2.576,2.576,2.5582,2.5582,0,0
GTS_PB,D,20190521,000000,2.5045,2.5045,2.2361,2.3793,0,0
GTS_PB,D,20190522,000000,2.3613,2.5224,2.2719,2.5045,0,0
GTS_PB,D,20190523,000000,2.4687,2.4687,2.4329,2.4687,0,0
GTS_PB,D,20190524,000000,2.3078,2.3972,2.2182,2.3793,0,0
GTS_PB,D,20190527,000000,2.3793,2.3793,2.3793,2.3793,0,0
GTS_PB,D,20190528,000000,2.2719,2.2719,2.2719,2.2719,0,0
GTS_PB,D,20190529,000000,2.2361,2.2361,2.2361,2.2361,0,0
GTS_PB,D,20190530,000000,2.2361,2.2719,2.2182,2.2719,0,0
GTS_PB,D,20190603,000000,2.0751,2.111,1.9678,2.111,0,0
GTS_PB,D,20190604,000000,1.9499,2.093,1.9499,2.093,0,0
GTS_PB,D,20190605,000000,2.0036,2.093,2.0036,2.093,0,0
GTS_PB,D,20190611,000000,2.0751,2.0751,2.0751,2.0751,0,0
GTS_PB,D,20190612,000000,2.0751,2.0751,2.0751,2.0751,0,0
GTS_PB,D,20190613,000000,2.0751,2.0751,2.0751,2.0751,0,0
GTS_PB,D,20190614,000000,2.0394,2.0394,1.9499,1.9499,0,0
GTS_PB,D,20190617,000000,1.9499,2.0751,1.9499,2.0751,0,0
GTS_PB,D,20190618,000000,2.0751,2.0751,2.0751,2.0751,0,0
GTS_PB,D,20190619,000000,2.0751,2.0751,1.9678,2.0751,0,0
GTS_PB,D,20190621,000000,2.0751,2.111,2.0751,2.111,0,0
GTS_PB,D,20190624,000000,2.111,2.111,2.111,2.111,0,0
GTS_PB,D,20190625,000000,2.111,2.4509,2.111,2.4509,0,0
GTS_PB,D,20190626,000000,2.3793,2.3793,2.3613,2.3793,0,0
GTS_PB,D,20190627,000000,2.3972,2.3972,2.3972,2.3972,0,0
GTS_PB,D,20190705,000000,2.2898,2.415,2.2898,2.415,0,0
GTS_PB,D,20190709,000000,2.4687,2.4687,2.4687,2.4687,0,0
GTS_PB,D,20190710,000000,2.3435,2.3435,2.2541,2.3435,0,0
GTS_PB,D,20190711,000000,2.2541,2.2719,2.2541,2.2719,0,0
GTS_PB,D,20190712,000000,2.5244,2.7574,2.5244,2.602,0,0
GTS_PB,D,20190715,000000,2.4467,2.4467,2.4273,2.4273,0,0
GTS_PB,D,20190717,000000,2.4467,2.602,2.4467,2.5826,0,0
GTS_PB,D,20190718,000000,2.5826,2.5826,2.5826,2.5826,0,0
GTS_PB,D,20190719,000000,2.4855,2.4855,2.4855,2.4855,0,0
GTS_PB,D,20190722,000000,2.5438,2.5632,2.5438,2.5632,0,0
GTS_PB,D,20190723,000000,2.5632,3.0487,2.5632,2.8933,0,0
GTS_PB,D,20190724,000000,2.8933,2.8933,2.7962,2.8739,0,0
GTS_PB,D,20190725,000000,2.8739,2.8739,2.6991,2.8739,0,0
GTS_PB,D,20190726,000000,2.8739,2.971,2.7185,2.971,0,0
GTS_PB,D,20190729,000000,2.9127,2.9127,2.9127,2.9127,0,0
GTS_PB,D,20190730,000000,2.9127,2.9127,2.8156,2.9127,0,0
GTS_PB,D,20190731,000000,2.9127,2.9127,2.7574,2.8156,0,0
GTS_PB,D,20190801,000000,2.738,2.8156,2.738,2.8156,0,0
GTS_PB,D,20190802,000000,2.8156,2.8156,2.8156,2.8156,0,0
GTS_PB,D,20190805,000000,2.8156,2.8156,2.8156,2.8156,0,0
GTS_PB,D,20190806,000000,2.7962,2.8156,2.7962,2.8156,0,0
GTS_PB,D,20190807,000000,2.8156,2.8933,2.8156,2.8933,0,0
GTS_PB,D,20190808,000000,2.8545,2.9904,2.8545,2.9904,0,0
GTS_PB,D,20190809,000000,2.9904,3.0292,2.6894,2.6894,0,0
GTS_PB,D,20190812,000000,2.7088,2.7088,2.6894,2.6894,0,0
GTS_PB,D,20190813,000000,2.6894,2.8156,2.6894,2.7768,0,0
GTS_PB,D,20190814,000000,2.7768,2.8156,2.7768,2.8156,0,0
GTS_PB,D,20190816,000000,2.8156,2.8156,2.7962,2.8156,0,0
GTS_PB,D,20190819,000000,2.7283,2.7283,2.5147,2.602,0,0
GTS_PB,D,20190820,000000,2.6215,2.6894,2.4176,2.67,0,0
GTS_PB,D,20190821,000000,2.6603,2.6603,2.6603,2.6603,0,0
GTS_PB,D,20190822,000000,2.5535,2.5923,2.5341,2.5923,0,0
GTS_PB,D,20190823,000000,2.6215,2.6894,2.6215,2.6409,0,0
GTS_PB,D,20190826,000000,2.6894,2.6894,2.6894,2.6894,0,0
GTS_PB,D,20190827,000000,2.5923,2.8156,2.4855,2.7574,0,0
GTS_PB,D,20190828,000000,2.6215,2.7574,2.602,2.7574,0,0
GTS_PB,D,20190830,000000,2.7477,2.7477,2.6603,2.7477,0,0
GTS_PB,D,20190902,000000,2.6603,2.8156,2.6409,2.7477,0,0
GTS_PB,D,20190903,000000,2.7477,2.7477,2.6894,2.7477,0,0
GTS_PB,D,20190904,000000,2.7574,2.7574,2.67,2.7574,0,0
GTS_PB,D,20190905,000000,2.7574,2.7574,2.7574,2.7574,0,0
GTS_PB,D,20190906,000000,2.7768,2.7768,2.67,2.67,0,0
GTS_PB,D,20190909,000000,2.602,2.7768,2.5341,2.7768,0,0
GTS_PB,D,20190910,000000,2.602,2.8156,2.602,2.8156,0,0
GTS_PB,D,20190911,000000,2.7962,2.8836,2.7962,2.8836,0,0
GTS_PB,D,20190912,000000,2.903,2.903,2.7768,2.8156,0,0
GTS_PB,D,20190913,000000,2.903,2.9224,2.8642,2.8642,0,0
GTS_PB,D,20190916,000000,2.8642,2.9516,2.8156,2.8642,0,0
GTS_PB,D,20190917,000000,2.903,2.9904,2.8156,2.9904,0,0
GTS_PB,D,20190918,000000,3.0195,3.0195,3.0001,3.0001,0,0
GTS_PB,D,20190919,000000,2.9904,2.9904,2.9904,2.9904,0,0
GTS_PB,D,20190920,000000,2.971,2.971,2.8642,2.9224,0,0
GTS_PB,D,20190923,000000,2.9321,2.9321,2.9321,2.9321,0,0
GTS_PB,D,20190924,000000,2.8448,3.0001,2.8448,2.971,0,0
GTS_PB,D,20190925,000000,2.971,2.971,2.971,2.971,0,0
GTS_PB,D,20190926,000000,2.971,2.971,2.8448,2.971,0,0
GTS_PB,D,20190927,000000,2.9904,3.0389,2.9904,3.0195,0,0
GTS_PB,D,20190930,000000,3.0195,3.1263,3.0195,3.1263,0,0
GTS_PB,D,20191001,000000,3.0778,3.1263,3.0195,3.1069,0,0
GTS_PB,D,20191002,000000,3.1069,3.2137,3.1069,3.1263,0,0
GTS_PB,D,20191003,000000,3.1943,3.2137,3.1652,3.2137,0,0
GTS_PB,D,20191004,000000,3.2137,3.5244,3.2137,3.3885,0,0
GTS_PB,D,20191007,000000,3.4759,3.4759,3.3885,3.4079,0,0
GTS_PB,D,20191008,000000,3.3691,3.437,3.1652,3.1652,0,0
GTS_PB,D,20191009,000000,3.1457,3.4759,2.9516,3.4759,0,0
GTS_PB,D,20191010,000000,3.4759,3.4759,3.3011,3.4079,0,0
GTS_PB,D,20191011,000000,3.3011,3.3011,2.9516,3.2525,0,0
GTS_PB,D,20191015,000000,3.2137,3.2137,3.0584,3.2137,0,0
GTS_PB,D,20191016,000000,3.2137,3.2137,3.1749,3.1749,0,0
GTS_PB,D,20191017,000000,3.0584,3.2137,3.0584,3.2137,0,0
GTS_PB,D,20191018,000000,3.1652,3.738,3.1652,3.5438,0,0
GTS_PB,D,20191021,000000,3.5924,3.9419,3.5924,3.8933,0,0
GTS_PB,D,20191022,000000,3.8933,3.8933,3.6506,3.8545,0,0
GTS_PB,D,20191023,000000,3.8933,3.8933,3.6603,3.8254,0,0
GTS_PB,D,20191024,000000,3.8545,3.8545,3.6506,3.8545,0,0
GTS_PB,D,20191025,000000,3.8254,3.8254,3.6312,3.6506,0,0
GTS_PB,D,20191028,000000,3.6506,3.7865,3.4759,3.6506,0,0
GTS_PB,D,20191029,000000,3.806,3.806,3.6506,3.738,0,0
GTS_PB,D,20191030,000000,3.8254,3.8933,3.738,3.8933,0,0
GTS_PB,D,20191031,000000,3.8933,3.9128,3.8254,3.9128,0,0
GTS_PB,D,20191104,000000,3.8933,4.1167,3.8933,4.0778,0,0
GTS_PB,D,20191105,000000,4.1167,4.3108,4.1167,4.2332,0,0
GTS_PB,D,20191106,000000,4.2332,4.3885,4.0972,4.2526,0,0
GTS_PB,D,20191107,000000,4.34,4.4759,4.0099,4.4273,0,0
GTS_PB,D,20191108,000000,4.3885,5.6895,3.8836,3.8836,0,0
GTS_PB,D,20191112,000000,4.0099,4.2526,3.8545,3.8545,0,0
GTS_PB,D,20191113,000000,3.8836,3.9516,3.7283,3.7671,0,0
GTS_PB,D,20191114,000000,3.7671,3.8254,3.6409,3.6992,0,0
GTS_PB,D,20191115,000000,3.6409,3.8254,3.5729,3.7671,0,0
GTS_PB,D,20191118,000000,3.7671,4.2235,3.7671,4.2235,0,0
GTS_PB,D,20191119,000000,4.2235,4.874,4.2235,4.7477,0,0
GTS_PB,D,20191120,000000,4.8157,5.0584,4.6215,5.0293,0,0
GTS_PB,D,20191121,000000,5.0002,5.0584,4.6604,4.9322,0,0
GTS_PB,D,20191122,000000,4.9322,4.9322,4.505,4.6604,0,0
GTS_PB,D,20191125,000000,4.6604,5.0876,4.4371,4.9322,0,0
GTS_PB,D,20191126,000000,4.9613,5.1167,4.9322,5.0876,0,0
GTS_PB,D,20191127,000000,5.0293,5.1167,4.874,4.874,0,0
GTS_PB,D,20191128,000000,4.9322,5.0584,4.6215,4.7186,0,0
GTS_PB,D,20191129,000000,4.9031,4.9031,4.4759,4.7186,0,0
GTS_PB,D,20191202,000000,4.6895,4.7769,4.5341,4.7477,0,0
GTS_PB,D,20191203,000000,4.7769,4.7769,4.4759,4.6604,0,0
GTS_PB,D,20191204,000000,4.6604,4.6604,4.505,4.6215,0,0
GTS_PB,D,20191205,000000,4.5341,4.5924,4.3788,4.3788,0,0
GTS_PB,D,20191206,000000,4.3205,4.5633,4.3205,4.4079,0,0
GTS_PB,D,20191209,000000,4.3788,4.9031,4.3788,4.5633,0,0
GTS_PB,D,20191210,000000,4.6215,4.7477,4.505,4.5633,0,0
GTS_PB,D,20191211,000000,4.5633,4.7477,4.5633,4.6895,0,0
GTS_PB,D,20191212,000000,4.6895,4.7477,4.4079,4.5633,0,0
GTS_PB,D,20191213,000000,4.5633,4.5633,4.4079,4.5633,0,0
GTS_PB,D,20191216,000000,4.4371,4.5633,4.2235,4.4371,0,0
GTS_PB,D,20191217,000000,4.4079,4.4371,4.3205,4.4371,0,0
GTS_PB,D,20191218,000000,4.4371,4.7186,4.4371,4.7186,0,0
GTS_PB,D,20191219,000000,4.6604,4.6895,4.505,4.5341,0,0
GTS_PB,D,20191220,000000,4.5341,4.5341,4.4759,4.5341,0,0
GTS_PB,D,20191223,000000,4.5924,4.5924,4.4371,4.4759,0,0
GTS_PB,D,20191227,000000,4.4759,4.6215,4.4079,4.6215,0,0
GTS_PB,D,20191230,000000,4.5924,5.4856,4.5633,5.4565,0,0
GTS_PB,D,20200102,000000,5.4856,6.6604,5.4856,6.6604,0,0
GTS_PB,D,20200103,000000,6.6604,6.7867,6.6022,6.7867,0,0
GTS_PB,D,20200107,000000,6.7867,7.0294,6.5342,6.9711,0,0
GTS_PB,D,20200108,000000,7.0294,8.5149,6.7867,8.4469,0,0
GTS_PB,D,20200109,000000,7.9615,8.4469,7.9615,8.2042,0,0
GTS_PB,D,20200110,000000,8.078,9.1265,7.709,8.5149,0,0
GTS_PB,D,20200113,000000,8.5149,8.7576,8.3887,8.6314,0,0
GTS_PB,D,20200114,000000,8.7576,9.4955,8.5149,9.1265,0,0
GTS_PB,D,20200115,000000,9.4955,10.797,9.4955,10.67,0,0
GTS_PB,D,20200116,000000,10.981,12.03,10.981,11.719,0,0
GTS_PB,D,20200117,000000,11.719,12.583,11.719,12.34,0,0
GTS_PB,D,20200120,000000,13.321,15.418,13.204,14.806,0,0
GTS_PB,D,20200121,000000,15.302,15.302,13.321,13.816,0,0
GTS_PB,D,20200122,000000,13.321,13.447,11.408,12.34,0,0
GTS_PB,D,20200123,000000,12.272,14.806,11.845,12.952,0,0
GTS_PB,D,20200124,000000,13.573,14.185,12.709,12.952,0,0
GTS_PB,D,20200127,000000,12.709,13.69,12.709,13.447,0,0
GTS_PB,D,20200128,000000,13.321,13.69,12.457,13.573,0,0
GTS_PB,D,20200129,000000,13.69,14.437,13.204,13.447,0,0
GTS_PB,D,20200130,000000,13.321,13.321,11.845,11.845,0,0
GTS_PB,D,20200131,000000,11.661,12.214,10.923,11.35,0,0
GTS_PB,D,20200203,000000,11.593,12.34,11.593,12.34,0,0
GTS_PB,D,20200204,000000,12.34,13.204,12.34,12.952,0,0
GTS_PB,D,20200205,000000,13.204,13.321,12.709,13.321,0,0
GTS_PB,D,20200206,000000,13.573,13.573,12.826,13.204,0,0
GTS_PB,D,20200207,000000,12.826,13.447,12.709,13.321,0,0
GTS_PB,D,20200210,000000,13.447,13.69,12.826,12.952,0,0
GTS_PB,D,20200211,000000,12.952,13.321,12.826,13.078,0,0
GTS_PB,D,20200212,000000,13.204,13.447,12.826,13.078,0,0
GTS_PB,D,20200213,000000,12.583,13.078,9.787,9.787,0,0
GTS_PB,D,20200214,000000,9.593,10.369,9.3499,10.175,0,0
GTS_PB,D,20200217,000000,10.175,10.369,9.884,9.981,0,0
GTS_PB,D,20200218,000000,9.981,9.981,9.787,9.787,0,0
GTS_PB,D,20200219,000000,10.078,10.369,9.981,10.175,0,0
GTS_PB,D,20200220,000000,10.175,10.272,9.981,10.078,0,0
GTS_PB,D,20200221,000000,10.175,10.175,9.593,9.593,0,0
GTS_PB,D,20200224,000000,9.2528,9.2528,8.5731,8.5731,0,0
GTS_PB,D,20200225,000000,8.0877,8.4275,7.3595,7.8449,0,0
GTS_PB,D,20200226,000000,7.3595,8.7188,7.3595,8.5246,0,0
GTS_PB,D,20200227,000000,8.6217,8.6217,6.9323,7.175,0,0
GTS_PB,D,20200228,000000,6.7867,6.7867,4.9419,5.6216,0,0
GTS_PB,D,20200302,000000,6.107,6.6896,5.6701,6.5439,0,0
GTS_PB,D,20200303,000000,6.8837,7.175,6.7381,7.175,0,0
GTS_PB,D,20200304,000000,7.0294,7.0779,6.7867,6.9323,0,0
GTS_PB,D,20200305,000000,7.2721,7.2721,6.641,6.9323,0,0
GTS_PB,D,20200306,000000,6.3983,6.8352,6.3983,6.5925,0,0
GTS_PB,D,20200309,000000,5.7672,6.107,5.3303,5.4759,0,0
GTS_PB,D,20200310,000000,5.7672,6.0585,5.3303,5.4274,0,0
GTS_PB,D,20200311,000000,5.4274,5.6701,4.6507,4.8448,0,0
GTS_PB,D,20200312,000000,4.34,4.34,3.5827,3.6118,0,0
GTS_PB,D,20200313,000000,4.1167,4.7769,3.8545,3.8739,0,0
GTS_PB,D,20200316,000000,3.806,4.5536,3.7574,4.505,0,0
GTS_PB,D,20200317,000000,4.5341,5.1847,4.5341,4.9905,0,0
GTS_PB,D,20200318,000000,4.7963,5.0876,4.505,4.6992,0,0
GTS_PB,D,20200319,000000,4.6992,5.5245,4.6992,5.2817,0,0
GTS_PB,D,20200320,000000,5.4274,6.0099,4.8448,4.8448,0,0
GTS_PB,D,20200323,000000,4.6021,5.039,4.5827,4.6507,0,0
GTS_PB,D,20200324,000000,5.1361,5.1361,4.7477,5.039,0,0
GTS_PB,D,20200325,000000,5.3303,5.3303,4.7477,4.8448,0,0
GTS_PB,D,20200326,000000,4.9419,4.9905,4.7477,4.9419,0,0
GTS_PB,D,20200327,000000,4.9905,5.0876,4.8254,4.8254,0,0
GTS_PB,D,20200330,000000,4.9905,4.9905,4.7963,4.9419,0,0
GTS_PB,D,20200331,000000,4.9905,5.039,4.7963,4.9419,0,0
GTS_PB,D,20200401,000000,4.9128,5.3303,4.9128,5.1361,0,0
GTS_PB,D,20200402,000000,5.1361,5.1847,4.8643,5.1847,0,0
GTS_PB,D,20200403,000000,5.1361,5.2041,4.9905,5.107,0,0
GTS_PB,D,20200406,000000,5.2332,6.3012,5.1847,6.3012,0,0
GTS_PB,D,20200407,000000,7.0294,7.6508,6.4954,7.0779,0,0
GTS_PB,D,20200408,000000,6.8352,7.6022,6.5439,7.0973,0,0
GTS_PB,D,20200409,000000,7.408,7.408,6.9323,7.243,0,0
GTS_PB,D,20200414,000000,7.3109,7.4566,6.9517,7.0294,0,0
GTS_PB,D,20200415,000000,7.3109,7.8449,6.9517,7.3109,0,0
GTS_PB,D,20200416,000000,7.5051,8.7479,7.3595,8.476,0,0
GTS_PB,D,20200417,000000,8.6993,9.2528,8.6993,9.0586,0,0
GTS_PB,D,20200420,000000,9.0586,9.0586,8.6217,8.7188,0,0
GTS_PB,D,20200421,000000,8.7188,8.7188,7.6993,7.9712,0,0
GTS_PB,D,20200422,000000,7.8255,8.4275,7.7284,8.4275,0,0
GTS_PB,D,20200423,000000,8.5246,8.5246,8.2333,8.3789,0,0
GTS_PB,D,20200424,000000,8.3789,8.3789,8.0391,8.1848,0,0
GTS_PB,D,20200427,000000,8.6023,8.8935,8.311,8.7188,0,0
GTS_PB,D,20200428,000000,8.7479,8.7673,8.5246,8.6702,0,0
GTS_PB,D,20200429,000000,8.6702,8.9421,8.3304,8.9129,0,0
GTS_PB,D,20200430,000000,9.1557,9.4469,8.9615,9.2333,0,0
GTS_PB,D,20200504,000000,9.0392,9.1557,8.7188,8.9615,0,0
GTS_PB,D,20200505,000000,9.1363,9.622,8.8644,9.622,0,0
GTS_PB,D,20200506,000000,10.418,10.418,9.932,10.127,0,0
GTS_PB,D,20200507,000000,10.855,10.855,10.175,10.389,0,0
GTS_PB,D,20200508,000000,10.68,10.68,10.34,10.68,0,0
GTS_PB,D,20200511,000000,10.923,11.02,10.631,10.874,0,0
GTS_PB,D,20200512,000000,10.68,11.02,10.68,10.971,0,0
GTS_PB,D,20200513,000000,10.874,11.602,7.5634,7.5634,0,0
GTS_PB,D,20200514,000000,7.4566,7.4566,6.6119,7.0197,0,0
GTS_PB,D,20200515,000000,7.1265,7.3109,6.6993,7.0197,0,0
GTS_PB,D,20200518,000000,7.2041,7.3498,7.1653,7.2721,0,0
GTS_PB,D,20200519,000000,7.3789,8.2139,7.3789,7.9906,0,0
GTS_PB,D,20200520,000000,8.0294,8.1071,7.6702,7.8158,0,0
GTS_PB,D,20200521,000000,7.7381,7.8158,7.5634,7.6313,0,0
GTS_PB,D,20200522,000000,7.6313,7.7381,7.4566,7.6702,0,0
GTS_PB,D,20200525,000000,7.5634,8.0294,7.5245,7.8158,0,0
GTS_PB,D,20200526,000000,7.7381,7.8838,7.6702,7.777,0,0
GTS_PB,D,20200527,000000,7.777,7.8838,7.4177,7.5634,0,0
GTS_PB,D,20200528,000000,7.4566,7.6313,7.3789,7.4177,0,0
GTS_PB,D,20200529,000000,7.5634,7.6702,7.4954,7.5634,0,0
GTS_PB,D,20200601,000000,7.9226,8.1071,7.7381,8.0683,0,0
GTS_PB,D,20200602,000000,8.0683,8.4663,8.0683,8.2819,0,0
GTS_PB,D,20200603,000000,8.243,9.583,8.243,9.505,0,0
GTS_PB,D,20200604,000000,9.651,9.651,9.2236,9.2528,0,0
GTS_PB,D,20200605,000000,9.146,9.505,9.1071,9.3304,0,0
GTS_PB,D,20200608,000000,9.3596,9.796,9.0003,9.719,0,0
GTS_PB,D,20200609,000000,9.864,10.301,9.835,10.224,0,0
GTS_PB,D,20200610,000000,10.224,10.224,9.835,9.903,0,0
GTS_PB,D,20200612,000000,9.078,10.447,9.078,9.796,0,0
GTS_PB,D,20200615,000000,9.69,10.01,9.505,9.864,0,0
GTS_PB,D,20200616,000000,10.01,10.301,10.01,10.117,0,0
GTS_PB,D,20200617,000000,10.263,10.263,9.835,9.903,0,0
GTS_PB,D,20200618,000000,9.64,10.01,9.64,9.72,0,0
GTS_PB,D,20200619,000000,9.79,10.01,9.72,9.76,0,0
GTS_PB,D,20200622,000000,9.79,9.98,9.42,9.68,0,0
GTS_PB,D,20200623,000000,9.76,10.09,9.57,9.94,0,0
GTS_PB,D,20200624,000000,9.94,11.05,9.79,10.72,0,0
GTS_PB,D,20200625,000000,10.76,10.94,10.46,10.87,0,0
GTS_PB,D,20200626,000000,10.91,11.02,10.57,10.57,0,0
GTS_PB,D,20200629,000000,10.57,10.76,10.35,10.46,0,0
GTS_PB,D,20200630,000000,10.83,10.98,10.27,10.61,0,0
GTS_PB,D,20200701,000000,10.65,10.94,10.5,10.76,0,0
GTS_PB,D,20200702,000000,10.79,11.02,10.57,10.94,0,0
GTS_PB,D,20200703,000000,11.09,11.09,10.72,10.98,0,0
GTS_PB,D,20200706,000000,11.13,11.87,11.13,11.87,0,0
GTS_PB,D,20200707,000000,12.05,12.05,11.13,11.31,0,0
GTS_PB,D,20200708,000000,11.61,11.61,11.09,11.39,0,0
GTS_PB,D,20200709,000000,10.87,11.09,10.57,10.79,0,0
GTS_PB,D,20200710,000000,11.05,11.61,10.76,11.42,0,0
GTS_PB,D,20200713,000000,11.54,11.54,10.83,11.02,0,0
GTS_PB,D,20200714,000000,11.02,11.02,10.24,10.35,0,0
GTS_PB,D,20200715,000000,10.42,10.72,10.13,10.35,0,0
GTS_PB,D,20200716,000000,10.53,10.53,10.16,10.39,0,0
GTS_PB,D,20200717,000000,10.2,10.42,10.09,10.42,0,0
GTS_PB,D,20200720,000000,10.5,10.91,10.27,10.76,0,0
GTS_PB,D,20200721,000000,10.76,12.87,10.31,12.76,0,0
GTS_PB,D,20200722,000000,12.91,12.91,11.87,12.05,0,0
GTS_PB,D,20200723,000000,12.24,12.61,12.05,12.13,0,0
GTS_PB,D,20200724,000000,12.09,12.28,11.5,12.13,0,0
GTS_PB,D,20200727,000000,12.61,13.2,12.24,13.17,0,0
GTS_PB,D,20200728,000000,13.35,13.72,13.35,13.54,0,0
GTS_PB,D,20200729,000000,13.54,13.54,12.31,12.95,0,0
GTS_PB,D,20200730,000000,12.95,12.95,10.39,10.5,0,0
GTS_PB,D,20200731,000000,10.94,11.98,10.94,11.57,0,0
GTS_PB,D,20200803,000000,12.57,12.57,11.94,12.43,0,0
GTS_PB,D,20200804,000000,12.54,12.54,11.8,12.17,0,0
GTS_PB,D,20200805,000000,12.05,12.31,11.72,11.87,0,0
GTS_PB,D,20200806,000000,12.05,12.17,11.61,11.76,0,0
GTS_PB,D,20200807,000000,11.68,12.05,11.31,12.02,0,0
GTS_PB,D,20200810,000000,12.02,12.17,11.87,12.02,0,0
GTS_PB,D,20200811,000000,12.13,12.13,11.61,11.87,0,0
GTS_PB,D,20200812,000000,12.13,12.13,10.43,10.43,0,0
GTS_PB,D,20200813,000000,11,11.17,10.67,10.87,0,0
GTS_PB,D,20200814,000000,10.93,10.93,10.23,10.43,0,0
GTS_PB,D,20200817,000000,10.43,10.43,10.1,10.2,0,0
GTS_PB,D,20200818,000000,10.17,10.17,9.63,9.63,0,0
GTS_PB,D,20200819,000000,9.67,9.67,9.37,9.53,0,0
GTS_PB,D,20200820,000000,9.5,9.5,8.83,8.97,0,0
GTS_PB,D,20200821,000000,8.9,9.53,8.9,9.33,0,0
GTS_PB,D,20200824,000000,9.5,9.63,9.23,9.37,0,0
GTS_PB,D,20200825,000000,9.53,9.53,9.03,9.23,0,0
GTS_PB,D,20200826,000000,9.23,9.4,9.2,9.33,0,0
GTS_PB,D,20200827,000000,9.33,9.33,8.97,9.27,0,0
GTS_PB,D,20200828,000000,9.33,9.33,8.87,9.1,0,0
GTS_PB,D,20200831,000000,9.17,9.17,8.77,8.93,0,0
GTS_PB,D,20200901,000000,8.73,8.8,8.3,8.43,0,0
GTS_PB,D,20200902,000000,8.43,8.93,8.37,8.73,0,0
GTS_PB,D,20200903,000000,8.73,9.5,8.7,8.7,0,0
GTS_PB,D,20200904,000000,8.5,9.03,8.5,8.77,0,0
GTS_PB,D,20200907,000000,8.73,8.83,8.43,8.43,0,0
GTS_PB,D,20200908,000000,8.47,8.47,7.43,8.17,0,0
GTS_PB,D,20200909,000000,7.97,8.7,7.97,8.67,0,0
GTS_PB,D,20200910,000000,8.63,8.67,8.13,8.6,0,0
GTS_PB,D,20200911,000000,8.57,8.57,8.1,8.3,0,0
GTS_PB,D,20200914,000000,8.5,8.67,8.37,8.6,0,0
GTS_PB,D,20200915,000000,8.63,9.27,8.63,9.23,0,0
GTS_PB,D,20200916,000000,9.23,10.1,9.23,9.8,0,0
GTS_PB,D,20200917,000000,9.67,9.67,9.27,9.47,0,0
GTS_PB,D,20200918,000000,9.33,9.5,9.23,9.43,0,0
GTS_PB,D,20200921,000000,9.5,9.5,8.67,8.73,0,0
GTS_PB,D,20200922,000000,8.67,8.9,8.67,8.8,0,0
GTS_PB,D,20200923,000000,8.9,8.9,8.53,8.53,0,0
GTS_PB,D,20200924,000000,8.5,8.5,8,8.13,0,0
GTS_PB,D,20200925,000000,8.5,8.67,7.87,8.47,0,0
GTS_PB,D,20200928,000000,8.53,8.63,8.33,8.6,0,0
GTS_PB,D,20200929,000000,8.6,8.67,8.4,8.57,0,0
GTS_PB,D,20200930,000000,8.6,8.67,8.37,8.67,0,0
GTS_PB,D,20201001,000000,8.67,9.03,8.63,9.03,0,0
GTS_PB,D,20201002,000000,9.1,9.1,8.57,8.7,0,0
GTS_PB,D,20201005,000000,8.57,9.07,8.5,9,0,0
GTS_PB,D,20201006,000000,8.97,9,8.73,8.83,0,0
GTS_PB,D,20201007,000000,8.9,8.9,8.6,8.77,0,0
GTS_PB,D,20201008,000000,8.87,8.93,8.7,8.9,0,0
GTS_PB,D,20201009,000000,8.9,8.97,8.6,8.93,0,0
GTS_PB,D,20201012,000000,9.07,9.8,8.87,9.4,0,0
GTS_PB,D,20201013,000000,9.63,9.63,9.1,9.4,0,0
GTS_PB,D,20201014,000000,9.33,9.33,9.17,9.2,0,0
GTS_PB,D,20201015,000000,9.07,9.07,8.43,8.43,0,0
GTS_PB,D,20201016,000000,8.5,9.07,8.4,8.8,0,0
GTS_PB,D,20201019,000000,9,9.13,8.77,8.93,0,0
GTS_PB,D,20201020,000000,9,9,8.17,8.17,0,0
GTS_PB,D,20201021,000000,8.23,8.23,7.67,7.77,0,0
GTS_PB,D,20201022,000000,7.67,7.67,7,7.13,0,0
GTS_PB,D,20201023,000000,7.13,7.43,6.93,7.3,0,0
GTS_PB,D,20201026,000000,7.33,7.33,6.97,6.97,0,0
GTS_PB,D,20201027,000000,6.77,7.03,6.53,7,0,0
GTS_PB,D,20201028,000000,6.83,6.83,5.97,6.13,0,0
GTS_PB,D,20201029,000000,5.97,6.05,5.8,5.93,0,0
GTS_PB,D,20201030,000000,5.93,5.93,5.53,5.7,0,0
GTS_PB,D,20201102,000000,5.73,6.42,5.73,6.03,0,0
GTS_PB,D,20201103,000000,6.07,6.43,6.07,6.37,0,0
GTS_PB,D,20201104,000000,6.4,6.4,5.93,6.03,0,0
GTS_PB,D,20201105,000000,6.12,6.97,6.12,6.97,0,0
GTS_PB,D,20201106,000000,7,7.3,6.55,7.17,0,0
GTS_PB,D,20201109,000000,7.3,7.8,6.24,6.24,0,0
GTS_PB,D,20201110,000000,6.21,6.24,5.94,6.13,0,0
GTS_PB,D,20201112,000000,6.13,6.26,5.89,6.13,0,0
GTS_PB,D,20201113,000000,6.13,6.13,5.97,6.08,0,0
GTS_PB,D,20201116,000000,6.1,6.16,5.84,5.92,0,0
GTS_PB,D,20201117,000000,5.92,5.92,5.49,5.62,0,0
GTS_PB,D,20201118,000000,5.65,5.86,5.38,5.7,0,0
GTS_PB,D,20201119,000000,5.62,5.94,5.62,5.84,0,0
GTS_PB,D,20201120,000000,5.84,6,5.75,6,0,0
GTS_PB,D,20201123,000000,6.42,7.17,6.42,6.91,0,0
GTS_PB,D,20201124,000000,7.04,7.17,6.77,6.91,0,0
GTS_PB,D,20201125,000000,7.04,7.04,6.5,6.77,0,0
GTS_PB,D,20201126,000000,6.83,6.83,6.5,6.64,0,0
GTS_PB,D,20201127,000000,6.72,6.72,6.37,6.5,0,0
GTS_PB,D,20201130,000000,6.5,7.17,6.5,6.96,0,0
GTS_PB,D,20201201,000000,7.04,7.04,6.69,6.69,0,0
GTS_PB,D,20201202,000000,6.69,6.72,6.5,6.66,0,0
GTS_PB,D,20201203,000000,6.75,6.75,6.5,6.61,0,0
GTS_PB,D,20201204,000000,6.85,7.04,6.85,6.96,0,0
GTS_PB,D,20201207,000000,7.09,7.44,7.09,7.36,0,0
GTS_PB,D,20201208,000000,7.31,7.31,7.01,7.25,0,0
GTS_PB,D,20201209,000000,7.25,7.25,6.83,6.83,0,0
GTS_PB,D,20201210,000000,6.77,6.93,6.61,6.66,0,0
GTS_PB,D,20201211,000000,6.85,6.85,6.48,6.64,0,0
GTS_PB,D,20201214,000000,6.66,6.66,6.16,6.34,0,0
GTS_PB,D,20201215,000000,6.29,6.5,6.24,6.37,0,0
GTS_PB,D,20201216,000000,6.37,6.5,6.26,6.42,0,0
GTS_PB,D,20201217,000000,6.29,6.42,6.21,6.24,0,0
GTS_PB,D,20201218,000000,6.29,6.29,5.94,6.26,0,0
GTS_PB,D,20201221,000000,6.18,6.18,5.81,5.84,0,0
GTS_PB,D,20201222,000000,5.78,6.21,5.78,6.1,0,0
GTS_PB,D,20201223,000000,6.1,6.1,5.92,6.05,0,0
GTS_PB,D,20201228,000000,6.05,6.29,5.97,6.16,0,0
GTS_PB,D,20201229,000000,6.42,6.64,6.34,6.64,0,0
GTS_PB,D,20201230,000000,6.56,6.64,6.42,6.42,0,0
GTS_PB,D,20210104,000000,6.34,6.69,6.34,6.34,0,0
GTS_PB,D,20210105,000000,6.34,6.53,6.34,6.48,0,0
GTS_PB,D,20210107,000000,6.64,7.09,6.53,7.01,0,0
GTS_PB,D,20210108,000000,7.07,7.17,6.83,6.85,0,0
GTS_PB,D,20210111,000000,6.93,7.09,6.77,6.93,0,0
GTS_PB,D,20210112,000000,7.01,7.01,6.8,6.91,0,0
GTS_PB,D,20210113,000000,6.96,6.96,6.34,6.34,0,0
GTS_PB,D,20210114,000000,6.4,6.53,5.94,5.97,0,0
GTS_PB,D,20210115,000000,5.97,6.1,5.59,5.84,0,0
GTS_PB,D,20210118,000000,5.35,5.67,5.35,5.51,0,0
GTS_PB,D,20210119,000000,5.57,5.59,5.41,5.49,0,0
GTS_PB,D,20210120,000000,5.51,5.73,5.21,5.73,0,0
GTS_PB,D,20210121,000000,5.78,5.81,5.35,5.43,0,0
GTS_PB,D,20210122,000000,5.38,5.43,5.33,5.41,0,0
GTS_PB,D,20210125,000000,5.49,5.65,5.49,5.65,0,0
GTS_PB,D,20210126,000000,5.26,5.38,5.23,5.3,0,0
GTS_PB,D,20210127,000000,5.31,5.31,5.21,5.29,0,0
GTS_PB,D,20210128,000000,5.23,5.51,5.19,5.38,0,0
GTS_PB,D,20210129,000000,5.38,5.43,5.23,5.38,0,0
GTS_PB,D,20210201,000000,5.38,5.46,5.27,5.35,0,0
GTS_PB,D,20210202,000000,5.3,5.38,5.22,5.22,0,0
GTS_PB,D,20210203,000000,5.22,5.29,5.21,5.22,0,0
GTS_PB,D,20210204,000000,5.22,5.25,5.19,5.22,0,0
GTS_PB,D,20210205,000000,5.19,5.19,5.09,5.09,0,0
GTS_PB,D,20210208,000000,5.06,5.09,4.87,4.93,0,0
GTS_PB,D,20210209,000000,4.84,4.87,4.7,4.79,0,0
GTS_PB,D,20210210,000000,4.98,5.14,4.95,5.01,0,0
GTS_PB,D,20210211,000000,5.1,5.31,5.09,5.3,0,0
GTS_PB,D,20210212,000000,5.27,5.31,5.09,5.29,0,0
GTS_PB,D,20210215,000000,5.35,5.75,5.35,5.75,0,0
GTS_PB,D,20210216,000000,5.78,6.05,5.78,6,0,0
GTS_PB,D,20210217,000000,6.02,6.02,5.65,5.84,0,0
GTS_PB,D,20210218,000000,5.78,5.89,5.54,5.59,0,0
GTS_PB,D,20210219,000000,5.57,5.84,5.35,5.51,0,0
GTS_PB,D,20210222,000000,5.51,5.51,5.15,5.29,0,0
GTS_PB,D,20210223,000000,5.25,5.35,5.06,5.15,0,0
GTS_PB,D,20210224,000000,5.22,5.25,5.09,5.25,0,0
GTS_PB,D,20210225,000000,5.25,5.34,5.14,5.29,0,0
GTS_PB,D,20210226,000000,5.11,5.22,5.11,5.15,0,0
GTS_PB,D,20210301,000000,5.19,5.19,5.07,5.13,0,0
GTS_PB,D,20210302,000000,5.14,5.49,5.1,5.46,0,0
GTS_PB,D,20210303,000000,5.57,5.59,5.23,5.26,0,0
GTS_PB,D,20210304,000000,5.27,5.41,5.22,5.3,0,0
GTS_PB,D,20210305,000000,5.3,5.3,5.19,5.19,0,0
GTS_PB,D,20210308,000000,5.22,5.33,5.19,5.27,0,0
GTS_PB,D,20210309,000000,5.27,5.27,5.22,5.25,0,0
GTS_PB,D,20210310,000000,5.27,5.31,5.19,5.27,0,0
GTS_PB,D,20210311,000000,5.29,5.29,5.13,5.25,0,0
GTS_PB,D,20210312,000000,5.25,5.25,5.11,5.18,0,0
GTS_PB,D,20210315,000000,5.18,5.35,5.18,5.27,0,0
GTS_PB,D,20210316,000000,5.27,5.62,5.18,5.51,0,0
GTS_PB,D,20210317,000000,5.62,5.62,5.23,5.41,0,0
GTS_PB,D,20210318,000000,5.54,5.54,5.35,5.41,0,0
GTS_PB,D,20210319,000000,5.43,5.49,5.35,5.38,0,0
GTS_PB,D,20210322,000000,5.62,5.65,5.54,5.62,0,0
GTS_PB,D,20210323,000000,5.7,5.7,5.28,5.28,0,0
GTS_PB,D,20210324,000000,5.26,5.28,5.1,5.15,0,0
GTS_PB,D,20210325,000000,5.21,5.21,4.93,5.05,0,0
GTS_PB,D,20210326,000000,5.08,5.08,4.98,5.07,0,0
GTS_PB,D,20210329,000000,5.08,5.08,4.99,5.02,0,0
GTS_PB,D,20210330,000000,5.07,5.36,5.07,5.28,0,0
GTS_PB,D,20210331,000000,5.28,5.28,5.08,5.21,0,0
GTS_PB,D,20210401,000000,5.21,5.33,5.08,5.32,0,0
GTS_PB,D,20210406,000000,5.37,5.45,5.33,5.43,0,0
GTS_PB,D,20210407,000000,5.46,5.49,5.37,5.38,0,0
GTS_PB,D,20210408,000000,5.38,5.49,5.28,5.31,0,0
GTS_PB,D,20210409,000000,5.33,5.35,5.26,5.33,0,0
GTS_PB,D,20210412,000000,5.33,5.33,5.26,5.28,0,0
GTS_PB,D,20210413,000000,5.31,5.32,5.21,5.31,0,0
GTS_PB,D,20210414,000000,5.31,5.31,5.23,5.28,0,0
GTS_PB,D,20210415,000000,5.26,5.26,5.18,5.18,0,0
GTS_PB,D,20210416,000000,5.21,5.21,5.09,5.12,0,0
GTS_PB,D,20210419,000000,5.17,5.17,5.02,5.05,0,0
GTS_PB,D,20210420,000000,5.08,5.1,5,5.08,0,0
GTS_PB,D,20210421,000000,5.08,5.08,4.9,5.03,0,0
GTS_PB,D,20210422,000000,5.03,5.05,4.91,4.95,0,0
GTS_PB,D,20210423,000000,4.82,4.95,4.82,4.9,0,0
GTS_PB,D,20210426,000000,4.91,4.92,4.7,4.85,0,0
GTS_PB,D,20210427,000000,4.85,4.89,4.8,4.85,0,0
GTS_PB,D,20210428,000000,4.9,4.9,4.82,4.88,0,0
GTS_PB,D,20210429,000000,4.11,4.37,4.03,4.06,0,0
GTS_PB,D,20210430,000000,4.06,4.21,4.06,4.14,0,0
GTS_PB,D,20210504,000000,4.14,4.27,4.11,4.13,0,0
GTS_PB,D,20210505,000000,4.06,4.06,3.99,4.06,0,0
GTS_PB,D,20210506,000000,4.06,4.06,3.81,3.87,0,0
GTS_PB,D,20210507,000000,3.87,3.87,3.5,3.58,0,0
GTS_PB,D,20210510,000000,3.67,3.91,3.63,3.88,0,0
GTS_PB,D,20210511,000000,3.88,3.88,3.71,3.76,0,0
GTS_PB,D,20210512,000000,3.76,3.86,3.65,3.79,0,0
GTS_PB,D,20210513,000000,3.81,3.81,3.73,3.77,0,0
GTS_PB,D,20210514,000000,3.78,3.82,3.78,3.8,0,0
GTS_PB,D,20210517,000000,3.82,3.9,3.82,3.86,0,0
GTS_PB,D,20210518,000000,3.83,3.86,3.81,3.83,0,0
GTS_PB,D,20210519,000000,3.77,3.77,3.62,3.66,0,0
GTS_PB,D,20210520,000000,3.62,3.66,3.56,3.59,0,0
GTS_PB,D,20210521,000000,3.62,3.66,3.62,3.65,0,0
GTS_PB,D,20210524,000000,3.65,3.65,3.54,3.59,0,0
GTS_PB,D,20210525,000000,3.59,3.63,3.56,3.59,0,0
GTS_PB,D,20210526,000000,3.62,3.62,3.57,3.59,0,0
GTS_PB,D,20210527,000000,3.59,3.63,3.54,3.62,0,0
GTS_PB,D,20210528,000000,3.57,3.64,3.57,3.62,0,0
GTS_PB,D,20210531,000000,3.59,3.62,3.58,3.62,0,0
GTS_PB,D,20210601,000000,3.62,3.62,3.57,3.62,0,0
GTS_PB,D,20210602,000000,3.62,3.62,3.52,3.54,0,0
GTS_PB,D,20210604,000000,3.54,3.65,3.54,3.63,0,0
GTS_PB,D,20210607,000000,3.65,3.69,3.63,3.66,0,0
GTS_PB,D,20210608,000000,3.66,3.72,3.64,3.7,0,0
GTS_PB,D,20210609,000000,3.7,3.7,3.65,3.67,0,0
GTS_PB,D,20210610,000000,3.67,3.84,3.67,3.77,0,0
GTS_PB,D,20210611,000000,3.77,4.01,3.77,3.96,0,0
GTS_PB,D,20210614,000000,4.04,4.1,3.92,4.1,0,0
GTS_PB,D,20210615,000000,4.1,4.18,3.88,4.03,0,0
GTS_PB,D,20210616,000000,3.95,3.95,3.8,3.86,0,0
GTS_PB,D,20210617,000000,3.86,3.86,3.74,3.77,0,0
GTS_PB,D,20210618,000000,3.75,3.85,3.74,3.85,0,0
GTS_PB,D,20210621,000000,3.83,3.87,3.8,3.87,0,0
GTS_PB,D,20210622,000000,3.8,3.87,3.8,3.85,0,0
GTS_PB,D,20210623,000000,3.85,3.88,3.8,3.88,0,0
GTS_PB,D,20210624,000000,3.87,3.87,3.82,3.87,0,0
GTS_PB,D,20210625,000000,3.87,3.87,3.75,3.84,0,0
GTS_PB,D,20210628,000000,3.84,3.84,3.75,3.83,0,0
GTS_PB,D,20210629,000000,3.78,3.87,3.76,3.83,0,0
GTS_PB,D,20210630,000000,3.82,3.82,3.72,3.79,0,0
GTS_PB,D,20210701,000000,3.79,3.84,3.7,3.84,0,0
GTS_PB,D,20210702,000000,3.83,3.83,3.76,3.76,0,0
GTS_PB,D,20210705,000000,3.75,3.81,3.72,3.78,0,0
GTS_PB,D,20210706,000000,3.78,3.79,3.73,3.79,0,0
GTS_PB,D,20210707,000000,3.73,3.79,3.73,3.77,0,0
GTS_PB,D,20210708,000000,3.78,3.78,3.64,3.64,0,0
GTS_PB,D,20210709,000000,3.64,3.72,3.64,3.65,0,0
GTS_PB,D,20210712,000000,3.67,3.67,3.56,3.59,0,0
GTS_PB,D,20210713,000000,3.62,3.62,3.51,3.54,0,0
GTS_PB,D,20210714,000000,3.59,3.59,3.37,3.47,0,0
GTS_PB,D,20210715,000000,3.42,3.42,3.29,3.29,0,0
GTS_PB,D,20210716,000000,3.27,3.36,3.27,3.34,0,0
GTS_PB,D,20210719,000000,3.32,3.32,3.07,3.22,0,0
GTS_PB,D,20210720,000000,2.92,2.92,2.68,2.73,0,0
GTS_PB,D,20210721,000000,2.71,2.71,2.53,2.57,0,0
GTS_PB,D,20210722,000000,2.54,2.66,2.53,2.65,0,0
GTS_PB,D,20210723,000000,2.65,2.78,2.61,2.77,0,0
GTS_PB,D,20210726,000000,2.78,2.89,2.66,2.79,0,0
GTS_PB,D,20210727,000000,2.99,2.99,2.83,2.87,0,0
GTS_PB,D,20210728,000000,2.91,2.95,2.86,2.92,0,0
GTS_PB,D,20210729,000000,2.94,2.94,2.87,2.91,0,0
GTS_PB,D,20210730,000000,2.91,2.91,2.85,2.9,0,0
GTS_PB,D,20210802,000000,2.9,2.92,2.81,2.85,0,0
GTS_PB,D,20210803,000000,2.82,2.89,2.82,2.89,0,0
GTS_PB,D,20210804,000000,2.89,2.89,2.86,2.89,0,0
GTS_PB,D,20210805,000000,2.88,2.88,2.84,2.88,0,0
GTS_PB,D,20210806,000000,2.88,2.89,2.83,2.86,0,0
GTS_PB,D,20210809,000000,2.86,2.87,2.84,2.87,0,0
GTS_PB,D,20210810,000000,2.86,2.88,2.85,2.85,0,0
GTS_PB,D,20210811,000000,2.87,2.93,2.87,2.88,0,0
GTS_PB,D,20210812,000000,2.88,2.97,2.86,2.96,0,0
GTS_PB,D,20210813,000000,2.97,2.97,2.92,2.92,0,0
GTS_PB,D,20210816,000000,2.88,2.9,2.86,2.9,0,0
GTS_PB,D,20210817,000000,2.89,2.91,2.87,2.91,0,0
GTS_PB,D,20210818,000000,2.91,2.91,2.88,2.89,0,0
GTS_PB,D,20210819,000000,2.86,2.86,2.8,2.86,0,0
GTS_PB,D,20210820,000000,2.86,2.94,2.86,2.94,0,0
GTS_PB,D,20210823,000000,2.96,2.98,2.88,2.89,0,0
GTS_PB,D,20210824,000000,2.88,2.89,2.84,2.84,0,0
GTS_PB,D,20210825,000000,2.87,2.89,2.82,2.89,0,0
GTS_PB,D,20210826,000000,2.88,2.88,2.85,2.88,0,0
GTS_PB,D,20210827,000000,2.86,2.88,2.84,2.88,0,0
GTS_PB,D,20210830,000000,2.88,2.88,2.84,2.87,0,0
GTS_PB,D,20210831,000000,2.84,2.87,2.79,2.82,0,0
GTS_PB,D,20210901,000000,2.84,2.96,2.84,2.96,0,0
GTS_PB,D,20210902,000000,2.95,3.35,2.95,3.21,0,0
GTS_PB,D,20210903,000000,3.21,3.21,3.11,3.18,0,0
GTS_PB,D,20210906,000000,3.31,3.31,3.09,3.15,0,0
GTS_PB,D,20210907,000000,3.14,3.18,3.09,3.11,0,0
GTS_PB,D,20210908,000000,3.11,3.11,3.04,3.11,0,0
GTS_PB,D,20210909,000000,3.14,3.14,2.99,3.11,0,0
GTS_PB,D,20210910,000000,3.11,3.14,3.06,3.14,0,0
GTS_PB,D,20210913,000000,3.14,3.18,3.11,3.16,0,0
GTS_PB,D,20210914,000000,3.08,3.16,3.07,3.16,0,0
GTS_PB,D,20210915,000000,3.16,3.16,3.09,3.15,0,0
GTS_PB,D,20210916,000000,3.15,3.15,3.09,3.14,0,0
GTS_PB,D,20210917,000000,3.13,3.13,3.1,3.13,0,0
GTS_PB,D,20210920,000000,3.09,3.09,2.99,3.05,0,0
GTS_PB,D,20210921,000000,2.99,3.04,2.97,3,0,0
GTS_PB,D,20210922,000000,3,3.06,2.99,3.06,0,0
GTS_PB,D,20210923,000000,3.06,3.1,2.98,3.1,0,0
GTS_PB,D,20210924,000000,3.09,3.09,3.02,3.06,0,0
GTS_PB,D,20210927,000000,3.01,3.05,2.96,3.01,0,0
GTS_PB,D,20210928,000000,2.96,3.03,2.94,2.99,0,0
GTS_PB,D,20210929,000000,2.96,3,2.94,3,0,0
GTS_PB,D,20210930,000000,3,3,2.85,2.98,0,0
GTS_PB,D,20211001,000000,2.86,2.98,2.86,2.97,0,0
GTS_PB,D,20211004,000000,2.92,2.94,2.87,2.92,0,0
GTS_PB,D,20211005,000000,2.92,2.92,2.79,2.85,0,0
GTS_PB,D,20211006,000000,2.84,2.84,2.73,2.77,0,0
GTS_PB,D,20211007,000000,2.73,2.86,2.64,2.85,0,0
GTS_PB,D,20211008,000000,2.82,2.91,2.74,2.86,0,0
GTS_PB,D,20211011,000000,2.81,2.86,2.81,2.86,0,0
GTS_PB,D,20211012,000000,2.85,2.85,2.8,2.82,0,0
GTS_PB,D,20211013,000000,2.85,2.86,2.79,2.86,0,0
GTS_PB,D,20211014,000000,2.85,2.85,2.79,2.84,0,0
GTS_PB,D,20211015,000000,2.79,2.82,2.77,2.81,0,0
GTS_PB,D,20211018,000000,2.77,2.81,2.74,2.78,0,0
GTS_PB,D,20211019,000000,2.79,2.79,2.69,2.77,0,0
GTS_PB,D,20211020,000000,2.75,2.86,2.47,2.57,0,0
GTS_PB,D,20211021,000000,2.57,2.57,2.4,2.47,0,0
GTS_PB,D,20211022,000000,2.48,2.51,2.37,2.42,0,0
GTS_PB,D,20211025,000000,2.44,2.49,2.37,2.44,0,0
GTS_PB,D,20211026,000000,2.44,2.44,2.37,2.39,0,0
GTS_PB,D,20211027,000000,2.39,2.39,2.27,2.29,0,0
GTS_PB,D,20211028,000000,2.31,2.31,2.2,2.24,0,0
GTS_PB,D,20211029,000000,2.23,2.49,2.19,2.41,0,0
GTS_PB,D,20211102,000000,2.41,2.41,2.24,2.24,0,0
GTS_PB,D,20211103,000000,2.24,2.33,2.24,2.29,0,0
GTS_PB,D,20211104,000000,2.29,2.4,2.29,2.4,0,0
GTS_PB,D,20211105,000000,2.35,2.45,2.35,2.45,0,0
GTS_PB,D,20211108,000000,2.46,2.46,2.38,2.45,0,0
GTS_PB,D,20211109,000000,2.42,2.46,2.34,2.37,0,0
GTS_PB,D,20211110,000000,2.41,2.43,2.28,2.42,0,0
GTS_PB,D,20211112,000000,2.42,2.42,2.37,2.38,0,0
GTS_PB,D,20211115,000000,2.38,2.39,2.33,2.33,0,0
GTS_PB,D,20211116,000000,2.33,2.33,2.3,2.32,0,0
GTS_PB,D,20211117,000000,2.33,2.33,2.21,2.28,0,0
GTS_PB,D,20211118,000000,2.29,2.29,2.24,2.24,0,0
GTS_PB,D,20211119,000000,2.26,2.26,2.2,2.23,0,0
GTS_PB,D,20211122,000000,2.23,2.24,2.19,2.22,0,0
GTS_PB,D,20211123,000000,2.18,2.22,2.18,2.22,0,0
GTS_PB,D,20211124,000000,2.22,2.23,2.15,2.23,0,0
GTS_PB,D,20211125,000000,2.23,2.24,2.18,2.22,0,0
GTS_PB,D,20211126,000000,2.22,2.22,2.14,2.18,0,0
GTS_PB,D,20211129,000000,2.2,2.21,2.14,2.17,0,0
GTS_PB,D,20211130,000000,2.18,2.18,2.13,2.18,0,0
GTS_PB,D,20211201,000000,2.15,2.25,2.15,2.18,0,0
GTS_PB,D,20211202,000000,2.2,2.24,2.2,2.24,0,0
GTS_PB,D,20211203,000000,2.24,2.24,2.2,2.23,0,0
GTS_PB,D,20211206,000000,2.24,2.25,2.2,2.23,0,0
GTS_PB,D,20211207,000000,2.23,2.23,2.21,2.23,0,0
GTS_PB,D,20211208,000000,2.22,2.23,2.2,2.23,0,0
GTS_PB,D,20211209,000000,2.23,2.23,2.19,2.2,0,0
GTS_PB,D,20211210,000000,2.2,2.2,2.16,2.17,0,0
GTS_PB,D,20211213,000000,2.17,2.17,2.09,2.14,0,0
GTS_PB,D,20211214,000000,2.14,2.14,2.08,2.1,0,0
GTS_PB,D,20211215,000000,2.1,2.11,1.98,2.02,0,0
GTS_PB,D,20211216,000000,1.98,2.06,1.98,2.04,0,0
GTS_PB,D,20211217,000000,2.04,2.04,1.96,2.01,0,0
GTS_PB,D,20211220,000000,1.96,1.97,1.94,1.96,0,0
GTS_PB,D,20211221,000000,1.94,1.96,1.89,1.96,0,0
GTS_PB,D,20211222,000000,1.9,1.96,1.9,1.93,0,0
GTS_PB,D,20211223,000000,1.92,1.92,1.84,1.89,0,0
GTS_PB,D,20211227,000000,1.86,1.86,1.78,1.83,0,0
GTS_PB,D,20211228,000000,1.81,1.83,1.74,1.75,0,0
GTS_PB,D,20211229,000000,1.75,1.81,1.75,1.8,0,0
GTS_PB,D,20211230,000000,1.75,1.8,1.75,1.77,0,0
GTS_PB,D,20220103,000000,1.75,1.91,1.75,1.89,0,0
GTS_PB,D,20220104,000000,1.94,2.01,1.94,1.98,0,0
GTS_PB,D,20220105,000000,1.98,2,1.95,1.99,0,0
GTS_PB,D,20220107,000000,1.99,1.99,1.94,1.98,0,0
GTS_PB,D,20220110,000000,1.99,1.99,1.96,1.98,0,0
GTS_PB,D,20220111,000000,1.97,2.03,1.94,2.02,0,0
GTS_PB,D,20220112,000000,2.03,2.06,2.02,2.05,0,0
GTS_PB,D,20220113,000000,2.05,2.06,2.04,2.04,0,0
GTS_PB,D,20220114,000000,2.06,2.06,1.99,2.03,0,0
GTS_PB,D,20220117,000000,2.01,2.04,2.01,2.03,0,0
GTS_PB,D,20220118,000000,2.04,2.04,1.98,2.01,0,0
GTS_PB,D,20220119,000000,1.99,2,1.98,2,0,0
GTS_PB,D,20220120,000000,2.01,2.01,1.98,1.99,0,0
GTS_PB,D,20220121,000000,1.99,1.99,1.92,1.96,0,0
GTS_PB,D,20220124,000000,1.9,1.95,1.77,1.86,0,0
GTS_PB,D,20220125,000000,1.84,1.89,1.83,1.86,0,0
GTS_PB,D,20220126,000000,1.85,1.97,1.85,1.92,0,0
GTS_PB,D,20220127,000000,1.93,1.93,1.88,1.92,0,0
GTS_PB,D,20220128,000000,1.89,1.91,1.75,1.86,0,0
GTS_PB,D,20220131,000000,1.85,1.85,1.75,1.79,0,0
GTS_PB,D,20220201,000000,1.79,1.81,1.79,1.79,0,0
GTS_PB,D,20220202,000000,1.82,1.82,1.78,1.79,0,0
GTS_PB,D,20220203,000000,1.79,1.79,1.73,1.78,0,0
GTS_PB,D,20220204,000000,1.71,1.77,1.71,1.77,0,0
GTS_PB,D,20220207,000000,1.76,1.76,1.7,1.7,0,0
GTS_PB,D,20220208,000000,1.72,1.72,1.67,1.69,0,0
GTS_PB,D,20220209,000000,1.69,1.7,1.68,1.69,0,0
GTS_PB,D,20220210,000000,1.69,1.7,1.65,1.69,0,0
GTS_PB,D,20220211,000000,1.69,1.69,1.66,1.69,0,0
GTS_PB,D,20220214,000000,1.65,1.69,1.65,1.69,0,0
GTS_PB,D,20220215,000000,1.69,1.81,1.69,1.8,0,0
GTS_PB,D,20220216,000000,1.79,1.8,1.74,1.79,0,0
GTS_PB,D,20220217,000000,1.79,1.79,1.72,1.75,0,0
GTS_PB,D,20220218,000000,1.74,1.76,1.74,1.75,0,0
GTS_PB,D,20220221,000000,1.74,1.74,1.69,1.71,0,0
GTS_PB,D,20220222,000000,1.67,1.73,1.67,1.72,0,0
GTS_PB,D,20220223,000000,1.71,1.71,1.69,1.69,0,0
GTS_PB,D,20220224,000000,1.65,1.65,1.44,1.48,0,0
GTS_PB,D,20220225,000000,1.53,1.61,1.5,1.6,0,0
GTS_PB,D,20220228,000000,1.6,1.65,1.55,1.65,0,0
GTS_PB,D,20220301,000000,1.65,1.72,1.65,1.7,0,0
GTS_PB,D,20220302,000000,1.71,1.71,1.58,1.64,0,0
GTS_PB,D,20220303,000000,1.59,1.65,1.53,1.6,0,0
GTS_PB,D,20220304,000000,1.6,1.62,1.58,1.62,0,0
GTS_PB,D,20220307,000000,1.61,1.67,1.53,1.67,0,0
GTS_PB,D,20220308,000000,1.66,1.7,1.64,1.67,0,0
GTS_PB,D,20220309,000000,1.68,1.68,1.66,1.67,0,0
GTS_PB,D,20220310,000000,1.68,1.68,1.61,1.67,0,0
GTS_PB,D,20220311,000000,1.67,1.73,1.63,1.72,0,0
GTS_PB,D,20220314,000000,1.72,1.73,1.66,1.73,0,0
GTS_PB,D,20220315,000000,1.69,1.75,1.66,1.75,0,0
GTS_PB,D,20220316,000000,1.74,1.74,1.66,1.74,0,0
GTS_PB,D,20220317,000000,1.73,1.77,1.73,1.75,0,0
GTS_PB,D,20220318,000000,1.75,1.75,1.7,1.73,0,0
GTS_PB,D,20220321,000000,1.73,1.75,1.73,1.75,0,0
GTS_PB,D,20220322,000000,1.73,1.8,1.73,1.8,0,0
GTS_PB,D,20220323,000000,1.8,1.85,1.8,1.85,0,0
GTS_PB,D,20220324,000000,1.85,1.99,1.85,1.99,0,0
GTS_PB,D,20220325,000000,2,2,1.95,1.98,0,0
GTS_PB,D,20220328,000000,1.99,1.99,1.95,1.98,0,0
GTS_PB,D,20220329,000000,1.97,2.02,1.95,1.98,0,0
GTS_PB,D,20220330,000000,1.98,1.98,1.95,1.98,0,0
GTS_PB,D,20220331,000000,2.02,2.02,1.99,1.99,0,0
GTS_PB,D,20220401,000000,2,2.07,1.99,2.06,0,0
GTS_PB,D,20220404,000000,2.07,2.28,2.03,2.17,0,0
GTS_PB,D,20220405,000000,2.22,2.23,2.12,2.17,0,0
GTS_PB,D,20220406,000000,2.14,2.15,2.07,2.11,0,0
GTS_PB,D,20220407,000000,2.11,2.12,2.06,2.1,0,0
GTS_PB,D,20220408,000000,2.06,2.14,2.02,2.08,0,0
GTS_PB,D,20220411,000000,2.07,2.08,1.95,2.02,0,0
GTS_PB,D,20220412,000000,1.98,2.01,1.93,2,0,0
GTS_PB,D,20220413,000000,1.99,2.04,1.97,2.01,0,0
GTS_PB,D,20220414,000000,2.01,2.04,2,2.02,0,0
GTS_PB,D,20220419,000000,2.02,2.05,1.98,2.05,0,0
GTS_PB,D,20220420,000000,2.05,2.27,2.05,2.24,0,0
GTS_PB,D,20220421,000000,2.24,2.24,2.12,2.24,0,0
GTS_PB,D,20220422,000000,2.24,2.25,2.16,2.2,0,0
GTS_PB,D,20220425,000000,2.2,2.24,2.07,2.14,0,0
GTS_PB,D,20220426,000000,2.13,2.13,2.09,2.09,0,0
GTS_PB,D,20220427,000000,2.02,2.12,2,2.1,0,0
GTS_PB,D,20220428,000000,2.1,2.12,2.01,2.1,0,0
GTS_PB,D,20220429,000000,2.11,2.12,2.08,2.11,0,0
GTS_PB,D,20220502,000000,2.11,2.11,1.98,2.06,0,0
GTS_PB,D,20220504,000000,2.05,2.05,1.98,2.03,0,0
GTS_PB,D,20220505,000000,1.98,2.12,1.98,2.08,0,0
GTS_PB,D,20220506,000000,2.07,2.07,1.96,2.03,0,0
GTS_PB,D,20220509,000000,2.03,2.08,1.98,2.07,0,0
GTS_PB,D,20220510,000000,2.1,2.12,2.05,2.07,0,0
GTS_PB,D,20220511,000000,2.09,2.09,1.85,1.85,0,0
GTS_PB,D,20220512,000000,1.82,1.83,1.74,1.83,0,0
GTS_PB,D,20220513,000000,1.84,2.07,1.84,2.07,0,0
GTS_PB,D,20220516,000000,2.06,2.15,2.06,2.11,0,0
GTS_PB,D,20220517,000000,2.11,2.13,2.04,2.07,0,0
GTS_PB,D,20220518,000000,2.07,2.07,2,2.06,0,0
GTS_PB,D,20220519,000000,2.02,2.07,1.96,2.02,0,0
GTS_PB,D,20220520,000000,1.96,2.04,1.96,2.01,0,0
GTS_PB,D,20220523,000000,2.02,2.02,2,2.02,0,0
GTS_PB,D,20220524,000000,2.02,2.03,1.9,1.91,0,0
GTS_PB,D,20220525,000000,1.91,1.98,1.9,1.96,0,0
GTS_PB,D,20220526,000000,1.95,1.96,1.9,1.92,0,0
GTS_PB,D,20220527,000000,1.92,1.98,1.9,1.96,0,0
GTS_PB,D,20220530,000000,1.96,2,1.96,1.99,0,0
GTS_PB,D,20220531,000000,1.97,2.01,1.93,1.97,0,0
GTS_PB,D,20220601,000000,1.98,2.06,1.98,1.99,0,0
GTS_PB,D,20220602,000000,1.97,2,1.96,2,0,0
GTS_PB,D,20220603,000000,2,2.01,1.92,1.93,0,0
GTS_PB,D,20220606,000000,1.93,1.93,1.84,1.9,0,0
GTS_PB,D,20220607,000000,1.9,1.9,1.71,1.74,0,0
GTS_PB,D,20220608,000000,1.73,1.77,1.67,1.73,0,0
GTS_PB,D,20220609,000000,1.73,1.74,1.67,1.74,0,0
GTS_PB,D,20220610,000000,1.74,1.74,1.65,1.7,0,0
GTS_PB,D,20220613,000000,1.66,1.69,1.59,1.59,0,0
GTS_PB,D,20220614,000000,1.57,1.69,1.56,1.66,0,0
GTS_PB,D,20220615,000000,1.64,1.73,1.64,1.7,0,0
GTS_PB,D,20220617,000000,1.71,1.78,1.71,1.74,0,0
GTS_PB,D,20220620,000000,1.76,1.77,1.7,1.74,0,0
GTS_PB,D,20220621,000000,1.74,1.81,1.74,1.81,0,0
GTS_PB,D,20220622,000000,1.81,1.81,1.71,1.78,0,0
GTS_PB,D,20220623,000000,1.76,1.78,1.76,1.78,0,0
GTS_PB,D,20220624,000000,1.78,1.78,1.74,1.77,0,0
GTS_PB,D,20220627,000000,1.78,1.78,1.7,1.75,0,0
GTS_PB,D,20220628,000000,1.76,1.76,1.71,1.75,0,0
GTS_PB,D,20220629,000000,1.75,1.75,1.7,1.74,0,0
GTS_PB,D,20220630,000000,1.74,1.74,1.69,1.69,0,0
GTS_PB,D,20220701,000000,1.73,1.73,1.72,1.73,0,0
GTS_PB,D,20220704,000000,1.69,1.72,1.69,1.7,0,0
GTS_PB,D,20220705,000000,1.7,1.7,1.59,1.63,0,0
GTS_PB,D,20220706,000000,1.63,1.63,1.62,1.62,0,0
GTS_PB,D,20220707,000000,1.62,1.62,1.59,1.61,0,0
GTS_PB,D,20220708,000000,1.61,1.68,1.58,1.68,0,0
GTS_PB,D,20220711,000000,1.69,1.69,1.63,1.67,0,0
GTS_PB,D,20220712,000000,1.68,1.68,1.64,1.67,0,0
GTS_PB,D,20220713,000000,1.63,1.7,1.63,1.7,0,0
GTS_PB,D,20220714,000000,1.65,1.69,1.65,1.69,0,0
GTS_PB,D,20220715,000000,1.69,1.69,1.66,1.69,0,0
GTS_PB,D,20220718,000000,1.69,1.73,1.66,1.72,0,0
GTS_PB,D,20220719,000000,1.72,1.72,1.72,1.72,0,0
GTS_PB,D,20220720,000000,1.72,1.76,1.72,1.76,0,0
GTS_PB,D,20220721,000000,1.76,1.81,1.74,1.78,0,0
GTS_PB,D,20220722,000000,1.76,1.78,1.75,1.78,0,0
GTS_PB,D,20220725,000000,1.78,1.8,1.74,1.78,0,0
GTS_PB,D,20220726,000000,1.75,1.77,1.74,1.77,0,0
GTS_PB,D,20220727,000000,1.75,1.77,1.73,1.77,0,0
GTS_PB,D,20220728,000000,1.76,1.78,1.74,1.78,0,0
GTS_PB,D,20220729,000000,1.76,1.81,1.74,1.81,0,0
GTS_PB,D,20220801,000000,1.84,1.84,1.8,1.81,0,0
GTS_PB,D,20220802,000000,1.77,1.82,1.77,1.81,0,0
GTS_PB,D,20220803,000000,1.83,1.85,1.77,1.85,0,0
GTS_PB,D,20220804,000000,1.85,1.85,1.75,1.84,0,0
GTS_PB,D,20220805,000000,1.84,1.84,1.78,1.81,0,0
GTS_PB,D,20220808,000000,1.8,1.81,1.8,1.81,0,0
GTS_PB,D,20220809,000000,1.81,1.94,1.81,1.94,0,0
GTS_PB,D,20220810,000000,2.03,2.09,1.81,1.81,0,0
GTS_PB,D,20220811,000000,1.81,1.81,1.73,1.78,0,0
GTS_PB,D,20220812,000000,1.78,1.81,1.78,1.81,0,0
GTS_PB,D,20220816,000000,1.81,1.83,1.74,1.78,0,0
GTS_PB,D,20220817,000000,1.74,1.76,1.68,1.7,0,0
GTS_PB,D,20220818,000000,1.72,1.8,1.7,1.8,0,0
GTS_PB,D,20220819,000000,1.8,1.8,1.73,1.78,0,0
GTS_PB,D,20220822,000000,1.79,1.83,1.71,1.77,0,0
GTS_PB,D,20220823,000000,1.77,1.83,1.73,1.83,0,0
GTS_PB,D,20220824,000000,1.79,1.83,1.77,1.79,0,0
GTS_PB,D,20220825,000000,1.81,1.96,1.79,1.96,0,0
GTS_PB,D,20220826,000000,2.01,2.08,1.96,1.96,0,0
GTS_PB,D,20220829,000000,1.92,1.92,1.87,1.9,0,0
GTS_PB,D,20220830,000000,1.92,2.06,1.91,2,0,0
GTS_PB,D,20220831,000000,2,2.26,2,2.14,0,0
GTS_PB,D,20220901,000000,2.17,2.26,2,2.02,0,0
GTS_PB,D,20220902,000000,2.07,2.16,2.05,2.15,0,0
GTS_PB,D,20220905,000000,2.17,2.17,2.08,2.15,0,0
