<TICKER>,<PER>,<DATE>,<TIME>,<OPEN>,<HIGH>,<LOW>,<CLOSE>,<VOL>,<OPENINT>
HRL_PE,D,20140131,000000,27.2,27.2,27.2,27.2,0,0
HRL_PE,D,20140203,000000,27.8,27.8,21.8,21.8,0,0
HRL_PE,D,20140204,000000,22.2,27.8,22.2,27.2,0,0
HRL_PE,D,20140205,000000,22.2,44.1,22.2,44.1,0,0
HRL_PE,D,20140206,000000,45.5,45.5,44.1,44.1,0,0
HRL_PE,D,20140207,000000,45.5,45.5,36.4,44.1,0,0
HRL_PE,D,20140210,000000,45.5,45.5,35.3,35.3,0,0
HRL_PE,D,20140211,000000,45.5,54.5,44.1,44.1,0,0
HRL_PE,D,20140212,000000,54.5,63.6,45.5,61.8,0,0
HRL_PE,D,20140213,000000,63.6,72.7,53,53,0,0
HRL_PE,D,20140214,000000,54.5,63.6,54.5,61.8,0,0
HRL_PE,D,20140217,000000,54.5,63.6,53,53,0,0
HRL_PE,D,20140218,000000,54.5,54.5,45.5,53,0,0
HRL_PE,D,20140219,000000,54.5,54.5,44.1,44.1,0,0
HRL_PE,D,20140220,000000,54.5,54.5,44.1,44.1,0,0
HRL_PE,D,20140221,000000,54.5,54.5,53,53,0,0
HRL_PE,D,20140224,000000,54.5,54.5,45.5,53,0,0
HRL_PE,D,20140225,000000,54.5,54.5,53,53,0,0
HRL_PE,D,20140226,000000,54.5,54.5,53,53,0,0
HRL_PE,D,20140227,000000,54.5,54.5,53,53,0,0
HRL_PE,D,20140228,000000,54.5,54.5,53,53,0,0
HRL_PE,D,20140303,000000,54.5,54.5,44.1,44.1,0,0
HRL_PE,D,20140304,000000,54.5,54.5,53,53,0,0
HRL_PE,D,20140305,000000,54.5,54.5,45.5,53,0,0
HRL_PE,D,20140306,000000,54.5,54.5,53,53,0,0
HRL_PE,D,20140307,000000,54.5,54.5,53,53,0,0
HRL_PE,D,20140310,000000,45.5,45.5,44.1,44.1,0,0
HRL_PE,D,20140311,000000,45.5,263,45.5,263,0,0
HRL_PE,D,20140312,000000,250,263,250,263,0,0
HRL_PE,D,20140313,000000,250,263,250,263,0,0
HRL_PE,D,20140314,000000,200,263,200,263,0,0
HRL_PE,D,20140317,000000,250,263,200,263,0,0
HRL_PE,D,20140318,000000,250,263,250,263,0,0
HRL_PE,D,20140319,000000,250,263,200,263,0,0
HRL_PE,D,20140320,000000,200,263,200,263,0,0
HRL_PE,D,20140321,000000,250,263,200,263,0,0
HRL_PE,D,20140324,000000,250,263,250,263,0,0
HRL_PE,D,20140325,000000,250,263,250,263,0,0
HRL_PE,D,20140326,000000,250,263,250,263,0,0
HRL_PE,D,20140327,000000,200,263,200,263,0,0
HRL_PE,D,20140328,000000,250,263,250,263,0,0
HRL_PE,D,20140331,000000,250,263,250,263,0,0
HRL_PE,D,20140401,000000,250,263,250,263,0,0
HRL_PE,D,20140402,000000,250,263,250,263,0,0
HRL_PE,D,20140403,000000,250,263,200,263,0,0
HRL_PE,D,20140404,000000,250,263,250,263,0,0
HRL_PE,D,20140407,000000,250,263,250,263,0,0
HRL_PE,D,20140408,000000,250,263,250,263,0,0
HRL_PE,D,20140409,000000,250,263,250,263,0,0
HRL_PE,D,20140410,000000,250,263,250,263,0,0
HRL_PE,D,20140411,000000,200,210.4,200,210.4,0,0
HRL_PE,D,20140414,000000,250,263,250,263,0,0
HRL_PE,D,20140415,000000,250,263,250,263,0,0
HRL_PE,D,20140416,000000,250,263,250,263,0,0
HRL_PE,D,20140417,000000,250,263,250,263,0,0
HRL_PE,D,20140422,000000,200,263,200,263,0,0
HRL_PE,D,20140423,000000,200,263,200,263,0,0
HRL_PE,D,20140424,000000,250,263,250,263,0,0
HRL_PE,D,20140425,000000,200,263,200,263,0,0
HRL_PE,D,20140428,000000,250,263,250,263,0,0
HRL_PE,D,20140429,000000,250,263,250,263,0,0
HRL_PE,D,20140430,000000,250,263,250,263,0,0
HRL_PE,D,20140502,000000,250,263,250,263,0,0
HRL_PE,D,20140505,000000,250,263,200,263,0,0
HRL_PE,D,20140506,000000,250,263,250,263,0,0
HRL_PE,D,20140507,000000,250,263,250,263,0,0
HRL_PE,D,20140508,000000,250,263,250,263,0,0
HRL_PE,D,20140509,000000,250,263,250,263,0,0
HRL_PE,D,20140512,000000,250,250,250,250,0,0
HRL_PE,D,20140513,000000,250,263,250,263,0,0
HRL_PE,D,20140515,000000,250,263,250,263,0,0
HRL_PE,D,20140516,000000,250,250,200,210.4,0,0
HRL_PE,D,20140521,000000,250,315.6,250,315.6,0,0
HRL_PE,D,20140522,000000,250,263,250,263,0,0
HRL_PE,D,20140523,000000,300,315.6,300,315.6,0,0
HRL_PE,D,20140526,000000,300,315.6,250,315.6,0,0
HRL_PE,D,20140527,000000,300,300,250,263,0,0
HRL_PE,D,20140528,000000,250,263,250,263,0,0
HRL_PE,D,20140529,000000,250,263,250,263,0,0
HRL_PE,D,20140530,000000,250,263,250,263,0,0
HRL_PE,D,20140602,000000,250,263,250,263,0,0
HRL_PE,D,20140603,000000,250,263,200,263,0,0
HRL_PE,D,20140604,000000,250,263,250,263,0,0
HRL_PE,D,20140606,000000,250,263,250,263,0,0
HRL_PE,D,20140609,000000,300,315.6,300,315.6,0,0
HRL_PE,D,20140610,000000,315.6,315.6,315.6,315.6,0,0
HRL_PE,D,20140612,000000,200,263,200,263,0,0
HRL_PE,D,20140613,000000,250,263,250,263,0,0
HRL_PE,D,20140616,000000,250,263,250,263,0,0
HRL_PE,D,20140617,000000,250,250,66,66,0,0
HRL_PE,D,20140618,000000,62.5,66,50,66,0,0
HRL_PE,D,20140620,000000,62.5,66,62.5,66,0,0
HRL_PE,D,20140623,000000,62.5,66,50,66,0,0
HRL_PE,D,20140624,000000,62.5,66,62.5,66,0,0
HRL_PE,D,20140625,000000,62.5,66,62.5,66,0,0
HRL_PE,D,20140626,000000,62.5,66,62.5,66,0,0
HRL_PE,D,20140627,000000,62.5,66,62.5,66,0,0
HRL_PE,D,20140630,000000,62.5,66,62.5,66,0,0
HRL_PE,D,20140701,000000,62.5,66,62.5,66,0,0
HRL_PE,D,20140702,000000,62.5,66,62.5,66,0,0
HRL_PE,D,20140703,000000,62.5,66,62.5,66,0,0
HRL_PE,D,20141211,000000,14.3,14.4,10.7,14.4,0,0
HRL_PE,D,20141212,000000,14.3,14.4,14.3,14.4,0,0
HRL_PE,D,20141215,000000,10.7,14.4,10.7,14.4,0,0
HRL_PE,D,20141216,000000,14.3,14.4,14.3,14.4,0,0
HRL_PE,D,20141217,000000,10.7,14.4,10.7,14.4,0,0
HRL_PE,D,20141218,000000,14.3,14.3,10.7,10.8,0,0
HRL_PE,D,20141219,000000,14.3,14.4,14.3,14.4,0,0
HRL_PE,D,20141222,000000,14.3,14.4,10.7,14.4,0,0
HRL_PE,D,20141223,000000,14.3,14.4,14.3,14.4,0,0
HRL_PE,D,20141229,000000,10.7,14.4,10.7,14.4,0,0
HRL_PE,D,20141230,000000,14.3,14.4,14.3,14.4,0,0
HRL_PE,D,20150102,000000,14.3,14.4,14.3,14.4,0,0
HRL_PE,D,20150105,000000,17.9,18,17.9,18,0,0
HRL_PE,D,20150107,000000,17.9,18,17.9,18,0,0
HRL_PE,D,20150109,000000,17.9,18,17.9,18,0,0
HRL_PE,D,20150112,000000,17.9,18,17.9,18,0,0
HRL_PE,D,20150113,000000,17.9,18,14.3,18,0,0
HRL_PE,D,20150114,000000,17.9,18,17.9,18,0,0
HRL_PE,D,20150115,000000,17.9,18,14.3,18,0,0
HRL_PE,D,20150116,000000,17.9,17.9,14.3,14.4,0,0
HRL_PE,D,20150119,000000,17.9,18,17.9,18,0,0
HRL_PE,D,20150120,000000,17.9,18,17.9,18,0,0
HRL_PE,D,20150121,000000,17.9,18,14.3,18,0,0
HRL_PE,D,20150122,000000,17.9,17.9,14.3,14.4,0,0
HRL_PE,D,20150123,000000,14.3,14.4,14.3,14.4,0,0
HRL_PE,D,20150126,000000,14.3,14.3,10.7,10.8,0,0
HRL_PE,D,20150127,000000,14.3,18,14.3,18,0,0
HRL_PE,D,20150128,000000,17.9,18,17.9,18,0,0
HRL_PE,D,20150129,000000,17.9,18,17.9,18,0,0
HRL_PE,D,20150130,000000,17.9,18,17.9,18,0,0
HRL_PE,D,20150202,000000,17.9,18,17.9,18,0,0
HRL_PE,D,20150203,000000,17.9,18,17.9,18,0,0
HRL_PE,D,20150204,000000,17.9,18,17.9,18,0,0
HRL_PE,D,20150205,000000,17.9,18,17.9,18,0,0
HRL_PE,D,20150206,000000,17.9,18,17.9,18,0,0
HRL_PE,D,20150209,000000,17.9,18,17.9,18,0,0
HRL_PE,D,20150210,000000,17.9,17.9,17.9,17.9,0,0
HRL_PE,D,20150511,000000,91.7,91.7,91.7,91.7,0,0
HRL_PE,D,20150512,000000,85.7,85.7,71.4,76.4,0,0
HRL_PE,D,20150513,000000,71.4,76.4,57.1,76.4,0,0
HRL_PE,D,20150514,000000,57.1,76.4,57.1,76.4,0,0
HRL_PE,D,20150515,000000,71.4,76.4,57.1,76.4,0,0
HRL_PE,D,20150518,000000,71.4,76.4,57.1,76.4,0,0
HRL_PE,D,20150519,000000,71.4,76.4,57.1,76.4,0,0
HRL_PE,D,20150520,000000,71.4,76.4,57.1,76.4,0,0
HRL_PE,D,20150521,000000,71.4,71.4,57.1,61.1,0,0
HRL_PE,D,20150522,000000,71.4,76.4,71.4,76.4,0,0
HRL_PE,D,20150525,000000,71.4,76.4,57.1,76.4,0,0
HRL_PE,D,20150526,000000,71.4,71.4,57.1,57.1,0,0
HRL_PE,D,20161201,000000,13.4,13.4,13.4,13.4,0,0
HRL_PE,D,20161202,000000,13.6,13.6,13.4,13.4,0,0
HRL_PE,D,20161205,000000,13.6,13.6,13.4,13.4,0,0
HRL_PE,D,20161206,000000,13.6,13.6,13.4,13.4,0,0
HRL_PE,D,20161207,000000,9.1,13.6,9.1,13.4,0,0
HRL_PE,D,20161208,000000,13.6,13.6,13.4,13.4,0,0
HRL_PE,D,20161209,000000,13.6,13.6,13.4,13.4,0,0
HRL_PE,D,20161212,000000,13.6,13.6,13.4,13.4,0,0
HRL_PE,D,20161213,000000,13.6,13.6,13.4,13.4,0,0
HRL_PE,D,20161214,000000,13.6,13.6,8.9,8.9,0,0
HRL_PE,D,20161215,000000,9.1,13.6,9.1,13.4,0,0
HRL_PE,D,20161216,000000,13.6,13.6,8.9,8.9,0,0
HRL_PE,D,20161219,000000,13.6,13.6,13.4,13.4,0,0
HRL_PE,D,20161220,000000,13.6,13.6,13.4,13.4,0,0
HRL_PE,D,20161221,000000,13.6,13.6,13.4,13.4,0,0
HRL_PE,D,20161222,000000,13.6,13.6,8.9,8.9,0,0
HRL_PE,D,20161223,000000,13.6,13.6,13.4,13.4,0,0
HRL_PE,D,20161227,000000,13.6,13.6,13.4,13.4,0,0
HRL_PE,D,20161228,000000,13.6,13.6,13.4,13.4,0,0
HRL_PE,D,20161229,000000,13.6,13.6,13.4,13.4,0,0
HRL_PE,D,20161230,000000,13.6,13.6,13.6,13.6,0,0
HRL_PE,D,20170103,000000,13.6,13.6,8.9,8.9,0,0
HRL_PE,D,20170104,000000,9.1,9.1,8.9,8.9,0,0
HRL_PE,D,20170105,000000,9.1,9.1,8.9,8.9,0,0
HRL_PE,D,20170109,000000,9.1,9.1,8.9,8.9,0,0
HRL_PE,D,20170110,000000,9.1,9.1,8.9,8.9,0,0
HRL_PE,D,20170111,000000,9.1,9.1,8.9,8.9,0,0
HRL_PE,D,20170112,000000,9.1,9.1,8.9,8.9,0,0
HRL_PE,D,20170113,000000,9.1,9.1,8.9,8.9,0,0
HRL_PE,D,20170116,000000,9.1,9.1,4.5,4.5,0,0
HRL_PE,D,20170117,000000,4.5,9.1,4.5,8.9,0,0
HRL_PE,D,20170118,000000,9.1,9.1,8.9,8.9,0,0
HRL_PE,D,20170119,000000,9.1,9.1,8.9,8.9,0,0
HRL_PE,D,20170120,000000,9.1,9.1,8.9,8.9,0,0
HRL_PE,D,20170123,000000,9.1,9.1,8.9,8.9,0,0
HRL_PE,D,20170124,000000,9.1,9.1,8.9,8.9,0,0
HRL_PE,D,20170125,000000,9.1,9.1,9.1,9.1,0,0
HRL_PE,D,20170126,000000,9.1,9.1,8.9,8.9,0,0
HRL_PE,D,20170127,000000,9.1,9.1,8.9,8.9,0,0
HRL_PE,D,20170130,000000,9.1,9.1,8.9,8.9,0,0
HRL_PE,D,20170131,000000,9.1,9.1,8.9,8.9,0,0
HRL_PE,D,20170201,000000,9.1,9.1,8.9,8.9,0,0
HRL_PE,D,20170202,000000,9.1,13.6,9.1,13.4,0,0
HRL_PE,D,20170203,000000,13.6,13.6,13.4,13.4,0,0
HRL_PE,D,20170206,000000,9.1,13.6,9.1,13.6,0,0
HRL_PE,D,20170207,000000,13.6,13.6,13.4,13.4,0,0
HRL_PE,D,20170208,000000,13.6,13.6,13.4,13.4,0,0
HRL_PE,D,20170209,000000,13.6,13.6,13.4,13.4,0,0
HRL_PE,D,20170210,000000,13.6,13.6,13.4,13.4,0,0
HRL_PE,D,20170213,000000,9.1,13.6,9.1,13.4,0,0
HRL_PE,D,20170214,000000,13.6,13.6,13.4,13.4,0,0
HRL_PE,D,20170215,000000,13.6,13.6,13.4,13.4,0,0
HRL_PE,D,20170216,000000,13.6,13.6,13.4,13.4,0,0
HRL_PE,D,20170217,000000,13.6,13.6,13.4,13.4,0,0
HRL_PE,D,20170220,000000,13.6,13.6,13.6,13.6,0,0
HRL_PE,D,20180216,000000,17.6,17.6,17.6,17.6,0,0
HRL_PE,D,20180219,000000,18.8,20,17.6,17.6,0,0
HRL_PE,D,20180220,000000,18.8,18.8,16.5,17.6,0,0
HRL_PE,D,20180221,000000,17.6,17.6,14.1,16.4,0,0
HRL_PE,D,20180222,000000,16.5,16.5,15.3,16.4,0,0
HRL_PE,D,20180223,000000,16.5,16.5,15.2,15.2,0,0
HRL_PE,D,20180226,000000,15.1,17.6,15.1,17.6,0,0
HRL_PE,D,20180227,000000,17.6,20,17.6,18.7,0,0
HRL_PE,D,20180228,000000,18.6,19.9,17.4,19.9,0,0
HRL_PE,D,20180301,000000,20,20,17.6,18.7,0,0
HRL_PE,D,20180302,000000,18.6,19.8,17.4,18.7,0,0
HRL_PE,D,20180305,000000,18.6,18.6,16.3,17.6,0,0
HRL_PE,D,20180306,000000,17.6,17.6,14.1,14.1,0,0
HRL_PE,D,20180307,000000,15.3,15.3,14.1,15.2,0,0
HRL_PE,D,20180308,000000,15.1,15.2,14,15.2,0,0
HRL_PE,D,20180309,000000,15.1,15.2,14,15.2,0,0
HRL_PE,D,20180312,000000,15.1,15.1,11.6,12.9,0,0
HRL_PE,D,20180313,000000,11.8,14.1,11.8,12.9,0,0
HRL_PE,D,20180314,000000,14.1,14.1,11.8,14.1,0,0
HRL_PE,D,20180315,000000,14.1,15.3,12.9,15.2,0,0
HRL_PE,D,20180316,000000,14,18.7,14,18.7,0,0
HRL_PE,D,20180319,000000,18.6,19.9,16.3,19.9,0,0
HRL_PE,D,20180320,000000,20,20,17.6,19.9,0,0
HRL_PE,D,20180321,000000,20,27.1,20,26.9,0,0
HRL_PE,D,20180322,000000,26.7,29.1,25.6,26.9,0,0
HRL_PE,D,20180323,000000,26.7,27.9,25.6,26.9,0,0
HRL_PE,D,20180326,000000,24.4,24.6,20.9,24.6,0,0
HRL_PE,D,20180327,000000,24.7,31.8,24.7,31.6,0,0
HRL_PE,D,20180328,000000,31.8,31.8,27.1,30.5,0,0
HRL_PE,D,20180329,000000,30.6,35.3,28.1,28.1,0,0
HRL_PE,D,20180403,000000,28.2,32.9,27.1,28.1,0,0
HRL_PE,D,20180404,000000,28.2,30.6,24.7,30.5,0,0
HRL_PE,D,20180405,000000,30.6,30.6,27.1,30.5,0,0
HRL_PE,D,20180406,000000,29.4,30.6,25.9,28.1,0,0
HRL_PE,D,20180409,000000,27,28.1,22.5,28.1,0,0
HRL_PE,D,20180410,000000,28.2,29.4,23.5,25.8,0,0
HRL_PE,D,20180411,000000,27.1,27.1,24.7,26.9,0,0
HRL_PE,D,20180412,000000,28,28,25.6,25.8,0,0
HRL_PE,D,20180413,000000,25.9,25.9,23.5,25.8,0,0
HRL_PE,D,20180416,000000,23.5,25.9,23.5,24.6,0,0
HRL_PE,D,20180417,000000,24.7,25.9,22.4,25.8,0,0
HRL_PE,D,20180418,000000,25.9,25.9,23.4,23.4,0,0
HRL_PE,D,20180419,000000,24.7,24.7,21.2,23.4,0,0
HRL_PE,D,20180420,000000,23.5,24.7,20,24.6,0,0
HRL_PE,D,20180423,000000,24.7,24.7,22.4,23.4,0,0
HRL_PE,D,20180424,000000,24.7,24.7,22.4,23.4,0,0
HRL_PE,D,20180425,000000,23.5,24.7,21.2,24.6,0,0
HRL_PE,D,20180426,000000,24.7,24.7,22.4,24.6,0,0
HRL_PE,D,20180427,000000,24.7,24.7,21.1,21.1,0,0
HRL_PE,D,20180430,000000,22.4,22.4,20,21.1,0,0
HRL_PE,D,20180502,000000,21.2,21.2,21.1,21.1,0,0
HRL_PE,D,20180504,000000,21.2,21.2,17.6,21.1,0,0
HRL_PE,D,20180507,000000,21.2,21.2,20,21.1,0,0
HRL_PE,D,20180508,000000,18.8,21.2,17.6,19.9,0,0
HRL_PE,D,20180509,000000,18.8,20,18.8,19.9,0,0
HRL_PE,D,20180510,000000,20,21.2,20,21.1,0,0
HRL_PE,D,20180511,000000,21.2,21.2,21.1,21.1,0,0
HRL_PE,D,20180514,000000,21.2,22.4,18.8,22.3,0,0
HRL_PE,D,20180515,000000,23.5,23.5,20,23.4,0,0
HRL_PE,D,20180516,000000,23.5,23.5,20,21.1,0,0
HRL_PE,D,20180517,000000,21.2,22.4,21.2,22.3,0,0
HRL_PE,D,20180518,000000,21.2,21.2,18.8,21.1,0,0
HRL_PE,D,20180521,000000,21.2,21.2,18.3,18.3,0,0
HRL_PE,D,20180522,000000,19.5,20.7,19.5,20.6,0,0
HRL_PE,D,20180523,000000,19.5,20.7,19.5,20.6,0,0
HRL_PE,D,20180524,000000,20.7,20.7,17.2,17.2,0,0
HRL_PE,D,20180525,000000,18.4,19.5,16.1,18.3,0,0
HRL_PE,D,20180528,000000,18.4,18.4,14.9,14.9,0,0
HRL_PE,D,20180529,000000,16.1,17.2,16.1,17.2,0,0
HRL_PE,D,20180530,000000,17.2,17.2,14.9,17.2,0,0
HRL_PE,D,20180601,000000,17.2,17.2,14.9,17.2,0,0
HRL_PE,D,20180604,000000,17.2,17.2,14.9,16,0,0
HRL_PE,D,20180605,000000,15.9,16,15.9,16,0,0
HRL_PE,D,20180606,000000,15.9,16,13.6,16,0,0
HRL_PE,D,20180607,000000,15.9,16,14.8,16,0,0
HRL_PE,D,20180608,000000,15.9,20.6,14.8,20.6,0,0
HRL_PE,D,20180611,000000,21.8,24.3,20.7,24.3,0,0
HRL_PE,D,20180612,000000,23.3,24.4,20.9,20.9,0,0
HRL_PE,D,20180613,000000,20.9,22.1,19.8,20.9,0,0
HRL_PE,D,20180614,000000,20.9,23.3,20.9,23.2,0,0
HRL_PE,D,20180615,000000,23.3,23.3,20.9,22,0,0
HRL_PE,D,20180618,000000,22.1,22.1,20.9,22,0,0
HRL_PE,D,20180619,000000,22.1,22.1,18.6,19.7,0,0
HRL_PE,D,20180620,000000,19.8,19.8,19.7,19.7,0,0
HRL_PE,D,20180621,000000,19.8,19.8,17.4,19.7,0,0
HRL_PE,D,20180622,000000,19.8,19.8,18.6,19.7,0,0
HRL_PE,D,20180625,000000,19.8,19.8,18.5,18.5,0,0
HRL_PE,D,20180626,000000,18.6,18.6,16.3,18.5,0,0
HRL_PE,D,20180627,000000,18.6,18.6,16.3,17.4,0,0
HRL_PE,D,20180628,000000,17.4,17.4,17.4,17.4,0,0
HRL_PE,D,20180629,000000,17.4,18.6,17.4,18.5,0,0
HRL_PE,D,20180702,000000,18.6,18.6,16.3,17.4,0,0
HRL_PE,D,20180703,000000,16.3,20.9,16.3,20.9,0,0
HRL_PE,D,20180704,000000,20.9,22.1,17.4,18.5,0,0
HRL_PE,D,20180705,000000,18.6,18.6,17.4,17.4,0,0
HRL_PE,D,20180706,000000,16.3,17.4,16.3,17.4,0,0
HRL_PE,D,20180709,000000,17.4,17.4,15.1,16.2,0,0
HRL_PE,D,20180710,000000,16.3,16.3,14,16.2,0,0
HRL_PE,D,20180711,000000,15.1,17.4,15.1,16.2,0,0
HRL_PE,D,20180712,000000,16.3,16.3,14,15.1,0,0
HRL_PE,D,20180713,000000,16.3,16.3,14,15.1,0,0
HRL_PE,D,20180716,000000,15.1,15.1,15.1,15.1,0,0
HRL_PE,D,20180717,000000,14,15.1,14,15.1,0,0
HRL_PE,D,20180718,000000,14,15.1,13.9,13.9,0,0
HRL_PE,D,20180719,000000,14,15.1,13.9,13.9,0,0
HRL_PE,D,20180720,000000,14,15.1,14,15.1,0,0
HRL_PE,D,20180723,000000,14,15.1,12.7,12.7,0,0
HRL_PE,D,20180724,000000,12.6,13.8,12.6,12.7,0,0
HRL_PE,D,20180725,000000,13.8,13.9,12.6,13.9,0,0
HRL_PE,D,20180726,000000,14,14,13.9,13.9,0,0
HRL_PE,D,20180727,000000,14,16.3,14,16.2,0,0
HRL_PE,D,20180730,000000,16.3,18.6,15.1,17.4,0,0
HRL_PE,D,20180731,000000,17.4,17.4,15.1,15.1,0,0
HRL_PE,D,20180801,000000,16.3,16.3,15.1,15.1,0,0
HRL_PE,D,20180802,000000,16.3,16.3,15.1,16.2,0,0
HRL_PE,D,20180803,000000,16.3,17.4,15.1,17.4,0,0
HRL_PE,D,20180806,000000,17.4,17.4,15.1,15.1,0,0
HRL_PE,D,20180807,000000,16.3,16.3,15.1,16.2,0,0
HRL_PE,D,20180808,000000,16.3,16.3,15.1,16.2,0,0
HRL_PE,D,20180809,000000,16.3,16.3,15.1,16.2,0,0
HRL_PE,D,20180810,000000,15.1,16.3,15.1,16.2,0,0
HRL_PE,D,20180813,000000,16.3,16.3,15.1,16.2,0,0
HRL_PE,D,20180814,000000,16.3,16.3,15.1,16.2,0,0
HRL_PE,D,20180816,000000,16.3,16.3,15.1,15.1,0,0
HRL_PE,D,20180817,000000,15.1,16.3,15.1,16.2,0,0
HRL_PE,D,20180820,000000,15.1,17.4,15.1,15.8,0,0
HRL_PE,D,20180821,000000,15.7,15.8,14.6,15.8,0,0
HRL_PE,D,20180822,000000,15.7,15.8,15.7,15.8,0,0
HRL_PE,D,20180823,000000,15.7,16.9,15.7,16.9,0,0
HRL_PE,D,20180824,000000,16.9,16.9,16.9,16.9,0,0
HRL_PE,D,20180827,000000,16.9,16.9,16.9,16.9,0,0
HRL_PE,D,20180828,000000,16.9,16.9,15.7,15.8,0,0
HRL_PE,D,20180829,000000,15.7,16.9,13.5,14.7,0,0
HRL_PE,D,20180830,000000,14.8,14.8,14.7,14.7,0,0
HRL_PE,D,20180831,000000,14.8,14.8,13.6,14.7,0,0
HRL_PE,D,20180903,000000,14.8,14.8,13.5,13.5,0,0
HRL_PE,D,20180904,000000,13.5,15.8,13.5,15.8,0,0
HRL_PE,D,20180905,000000,15.7,15.8,14.6,15.8,0,0
HRL_PE,D,20180906,000000,14.6,15.7,14.6,14.7,0,0
HRL_PE,D,20180907,000000,14.8,14.8,13.6,14.7,0,0
HRL_PE,D,20180910,000000,13.6,14.8,13.6,14.7,0,0
HRL_PE,D,20180911,000000,14.8,14.8,13.5,13.5,0,0
HRL_PE,D,20180912,000000,14.6,14.6,13.5,13.5,0,0
HRL_PE,D,20180913,000000,13.5,14.6,12.4,12.4,0,0
HRL_PE,D,20180914,000000,13.5,14.7,13.5,14.7,0,0
HRL_PE,D,20180917,000000,14.8,14.8,12.5,13.5,0,0
HRL_PE,D,20180918,000000,13.5,13.5,13.5,13.5,0,0
HRL_PE,D,20180919,000000,13.5,14.7,12.4,14.7,0,0
HRL_PE,D,20180920,000000,14.8,14.8,13.6,14.7,0,0
HRL_PE,D,20180921,000000,13.6,14.8,13.5,13.5,0,0
HRL_PE,D,20180924,000000,14.6,14.6,13.5,13.5,0,0
HRL_PE,D,20180925,000000,13.5,13.5,13.5,13.5,0,0
HRL_PE,D,20180926,000000,13.5,15.8,13.5,15.8,0,0
HRL_PE,D,20180927,000000,15.7,15.8,14.6,15.8,0,0
HRL_PE,D,20180928,000000,15.7,15.8,14.6,15.8,0,0
HRL_PE,D,20181001,000000,15.7,15.8,14.6,15.8,0,0
HRL_PE,D,20181002,000000,15.7,15.8,14.6,15.8,0,0
HRL_PE,D,20181003,000000,15.7,15.8,14.6,15.8,0,0
HRL_PE,D,20181004,000000,15.7,15.7,14.6,14.7,0,0
HRL_PE,D,20181005,000000,14.8,15.9,14.8,15.8,0,0
HRL_PE,D,20181008,000000,15.7,15.7,14.6,14.7,0,0
HRL_PE,D,20181009,000000,14.8,14.8,14.7,14.7,0,0
HRL_PE,D,20181010,000000,14.8,17,14.8,16.9,0,0
HRL_PE,D,20181011,000000,16.9,16.9,15.7,15.8,0,0
HRL_PE,D,20181012,000000,15.7,16.9,15.7,16.9,0,0
HRL_PE,D,20181015,000000,16.9,16.9,16.9,16.9,0,0
HRL_PE,D,20181016,000000,15.7,16.9,14.6,16.9,0,0
HRL_PE,D,20181017,000000,15.7,15.8,14.6,15.8,0,0
HRL_PE,D,20181018,000000,15.7,15.7,14.6,14.7,0,0
HRL_PE,D,20181019,000000,15.9,15.9,14.8,15.8,0,0
HRL_PE,D,20181022,000000,14.6,16.9,14.6,16.9,0,0
HRL_PE,D,20181023,000000,16.9,16.9,15.7,15.8,0,0
HRL_PE,D,20181024,000000,15.7,15.8,15.7,15.8,0,0
HRL_PE,D,20181025,000000,16.9,19.2,16.9,19.2,0,0
HRL_PE,D,20181026,000000,19.1,19.2,18,19.2,0,0
HRL_PE,D,20181029,000000,18,18,16.9,18,0,0
HRL_PE,D,20181030,000000,18,18,16.9,18,0,0
HRL_PE,D,20181031,000000,19.1,20.3,16.9,20.3,0,0
HRL_PE,D,20181102,000000,20.2,20.3,19.1,20.3,0,0
HRL_PE,D,20181105,000000,20.2,20.3,20.2,20.3,0,0
HRL_PE,D,20181106,000000,20.2,20.3,20.2,20.3,0,0
HRL_PE,D,20181107,000000,19.1,20.3,19.1,20.3,0,0
HRL_PE,D,20181108,000000,20.2,20.3,20.2,20.3,0,0
HRL_PE,D,20181109,000000,20.2,20.3,19.1,20.3,0,0
HRL_PE,D,20181113,000000,20.2,20.3,20.2,20.3,0,0
HRL_PE,D,20181114,000000,20.2,20.3,19.1,20.3,0,0
HRL_PE,D,20181115,000000,20.2,20.3,20.2,20.3,0,0
HRL_PE,D,20181116,000000,20.2,20.3,19.1,20.3,0,0
HRL_PE,D,20181119,000000,20.2,20.3,19.1,20.3,0,0
HRL_PE,D,20181120,000000,20.2,20.2,19.1,19.8,0,0
HRL_PE,D,20181121,000000,19.8,19.8,19.8,19.8,0,0
HRL_PE,D,20181122,000000,19.8,19.8,19.8,19.8,0,0
HRL_PE,D,20181123,000000,19.8,19.8,17.6,17.6,0,0
HRL_PE,D,20181126,000000,18.7,18.7,17.6,18.7,0,0
HRL_PE,D,20181127,000000,18.7,18.7,18.7,18.7,0,0
HRL_PE,D,20181128,000000,17.6,18.7,17.6,18.7,0,0
HRL_PE,D,20181129,000000,18.7,18.7,17.6,18.7,0,0
HRL_PE,D,20181130,000000,18.7,18.7,18.7,18.7,0,0
HRL_PE,D,20181203,000000,18.7,18.7,18.7,18.7,0,0
HRL_PE,D,20181204,000000,18.7,18.7,18.7,18.7,0,0
HRL_PE,D,20181205,000000,17.6,18.7,16.5,18.7,0,0
HRL_PE,D,20181206,000000,18.7,18.7,17.6,17.6,0,0
HRL_PE,D,20181207,000000,17.6,18.7,16.5,18.7,0,0
HRL_PE,D,20181210,000000,17.6,18.7,17.6,17.6,0,0
HRL_PE,D,20181211,000000,17.6,18.7,17.6,18.7,0,0
HRL_PE,D,20181212,000000,18.7,18.7,18.7,18.7,0,0
HRL_PE,D,20181213,000000,18.7,18.7,15.4,16.5,0,0
HRL_PE,D,20181214,000000,17.6,17.6,16.5,16.5,0,0
HRL_PE,D,20181217,000000,16.5,16.5,16.5,16.5,0,0
HRL_PE,D,20181218,000000,16.5,16.5,16.5,16.5,0,0
HRL_PE,D,20181219,000000,16.5,16.5,16.5,16.5,0,0
HRL_PE,D,20181220,000000,16.5,17.6,16.5,17.6,0,0
HRL_PE,D,20181221,000000,17.6,17.6,15.4,16.5,0,0
HRL_PE,D,20181227,000000,16.5,16.5,16.5,16.5,0,0
HRL_PE,D,20181228,000000,16.5,17.6,16.5,17.6,0,0
HRL_PE,D,20190102,000000,19.8,19.8,18.7,19.8,0,0
HRL_PE,D,20190103,000000,19.8,19.8,17.6,19.8,0,0
HRL_PE,D,20190104,000000,19.8,19.8,19.8,19.8,0,0
HRL_PE,D,20190107,000000,19.8,19.8,19.8,19.8,0,0
HRL_PE,D,20190108,000000,19.8,19.8,19.8,19.8,0,0
HRL_PE,D,20190109,000000,19.8,19.8,19.8,19.8,0,0
HRL_PE,D,20190110,000000,19.8,19.8,18.7,19.8,0,0
HRL_PE,D,20190111,000000,19.8,20.9,18.7,20.9,0,0
HRL_PE,D,20190114,000000,20.9,20.9,20.9,20.9,0,0
HRL_PE,D,20190115,000000,20.9,20.9,19.8,20.9,0,0
HRL_PE,D,20190116,000000,20.9,20.9,20.9,20.9,0,0
HRL_PE,D,20190117,000000,20.9,20.9,19.8,20.9,0,0
HRL_PE,D,20190118,000000,19.8,20.9,19.8,20.9,0,0
HRL_PE,D,20190121,000000,20.9,20.9,19.8,20.9,0,0
HRL_PE,D,20190122,000000,20.9,20.9,19.8,20.9,0,0
HRL_PE,D,20190123,000000,20.9,20.9,19.8,20.9,0,0
HRL_PE,D,20190124,000000,20.9,20.9,19.8,20.9,0,0
HRL_PE,D,20190125,000000,20.9,20.9,18.7,19.8,0,0
HRL_PE,D,20190128,000000,19.8,19.8,18.7,18.7,0,0
HRL_PE,D,20190129,000000,19.8,19.8,18.7,18.7,0,0
HRL_PE,D,20190130,000000,19.8,19.8,19.8,19.8,0,0
HRL_PE,D,20190131,000000,19.8,19.8,18.7,18.7,0,0
HRL_PE,D,20190201,000000,18.7,19.8,18.7,19.8,0,0
HRL_PE,D,20190204,000000,19.8,19.8,18.7,18.7,0,0
HRL_PE,D,20190205,000000,17.6,18.7,17.6,18.7,0,0
HRL_PE,D,20190206,000000,18.7,18.7,18.7,18.7,0,0
HRL_PE,D,20190207,000000,18.7,18.7,17.6,18.7,0,0
HRL_PE,D,20190208,000000,19.8,19.8,18.7,19.8,0,0
HRL_PE,D,20190211,000000,19.8,19.8,18.7,18.7,0,0
HRL_PE,D,20190212,000000,18.7,18.7,18.7,18.7,0,0
HRL_PE,D,20190213,000000,18.7,18.7,18.7,18.7,0,0
HRL_PE,D,20190214,000000,18.7,18.7,18.7,18.7,0,0
HRL_PE,D,20190215,000000,18.7,18.7,17.6,17.6,0,0
HRL_PE,D,20190218,000000,17.6,18.7,17.6,17.6,0,0
HRL_PE,D,20200324,000000,26.2,26.2,26.2,26.2,0,0
HRL_PE,D,20200325,000000,31.3,31.3,25.5,25.5,0,0
HRL_PE,D,20200326,000000,25.4,25.4,21.8,24.7,0,0
HRL_PE,D,20200327,000000,24.9,24.9,22.4,24.5,0,0
HRL_PE,D,20200330,000000,23.5,24.3,20.4,24.3,0,0
HRL_PE,D,20200331,000000,24.2,24.2,20,20.2,0,0
HRL_PE,D,20200401,000000,20.4,24.4,18.2,24.4,0,0
HRL_PE,D,20200402,000000,24.4,27.5,23.5,26.8,0,0
HRL_PE,D,20200403,000000,24.7,26.6,21.4,25.1,0,0
HRL_PE,D,20200406,000000,21.6,26.8,20.4,26.8,0,0
HRL_PE,D,20200407,000000,26.7,26.7,22.1,23.9,0,0
HRL_PE,D,20200408,000000,23.9,25.4,23.5,23.6,0,0
HRL_PE,D,20200409,000000,22,23.5,21.6,23.5,0,0
HRL_PE,D,20200414,000000,23.4,25.3,23.4,25.1,0,0
HRL_PE,D,20200415,000000,25.6,26.7,23.6,25.6,0,0
HRL_PE,D,20200416,000000,25.6,25.6,23.5,25.5,0,0
HRL_PE,D,20200417,000000,23.5,25.4,21.6,25.2,0,0
HRL_PE,D,20200420,000000,22,25,22,25,0,0
HRL_PE,D,20200421,000000,24.5,24.5,21.7,23.6,0,0
HRL_PE,D,20200422,000000,23.3,23.3,23,23.1,0,0
HRL_PE,D,20200423,000000,23.5,23.9,22.3,23.9,0,0
HRL_PE,D,20200424,000000,22.7,23.9,22.7,23.9,0,0
HRL_PE,D,20200427,000000,24,24,22,23.5,0,0
HRL_PE,D,20200428,000000,22.2,24,22.2,24,0,0
HRL_PE,D,20200429,000000,23.9,24.1,22,23.8,0,0
HRL_PE,D,20200430,000000,23.8,24.1,22.5,23.9,0,0
HRL_PE,D,20200504,000000,24.1,24.1,23.5,24,0,0
HRL_PE,D,20200505,000000,24,24,22.7,23.6,0,0
HRL_PE,D,20200506,000000,23.5,23.6,23.5,23.6,0,0
HRL_PE,D,20200507,000000,23.5,24.8,23.1,24.8,0,0
HRL_PE,D,20200508,000000,25.1,25.1,25.1,25.1,0,0
HRL_PE,D,20200511,000000,25.5,25.5,23.3,25.4,0,0
HRL_PE,D,20200512,000000,23.2,24.9,23.2,24.9,0,0
HRL_PE,D,20200513,000000,23.3,25.4,22.9,25.4,0,0
HRL_PE,D,20200514,000000,25.4,25.4,23.5,25.3,0,0
HRL_PE,D,20200515,000000,25.3,25.3,25.3,25.3,0,0
HRL_PE,D,20200518,000000,25.3,26.3,23.7,26.3,0,0
HRL_PE,D,20200519,000000,26.3,26.3,23.9,24.5,0,0
HRL_PE,D,20200520,000000,25.2,29,25.2,28.8,0,0
HRL_PE,D,20200521,000000,28.9,41.2,28.9,37.3,0,0
HRL_PE,D,20200522,000000,40,40.8,34.5,36.9,0,0
HRL_PE,D,20200525,000000,37.3,37.3,31.7,35.3,0,0
HRL_PE,D,20200526,000000,35.9,40,35.3,39.8,0,0
HRL_PE,D,20200527,000000,40,47.1,40,44.5,0,0
HRL_PE,D,20200528,000000,44.7,45.3,39.6,41.2,0,0
HRL_PE,D,20200529,000000,42.7,42.7,37.3,37.5,0,0
HRL_PE,D,20200601,000000,38.6,38.6,32.4,37.3,0,0
HRL_PE,D,20200602,000000,36.9,36.9,32.7,33.4,0,0
HRL_PE,D,20200603,000000,32.4,33.8,30.9,33.8,0,0
HRL_PE,D,20200604,000000,33.8,36.3,33.5,35.3,0,0
HRL_PE,D,20200605,000000,33.3,34.7,31.4,32.5,0,0
HRL_PE,D,20200608,000000,32.9,39.2,31.4,37.3,0,0
HRL_PE,D,20200609,000000,38,42,37.3,37.3,0,0
HRL_PE,D,20200610,000000,37.8,37.8,33.9,34.7,0,0
HRL_PE,D,20200612,000000,32.9,35.3,32.5,33.7,0,0
HRL_PE,D,20200615,000000,33,38,32.9,36.5,0,0
HRL_PE,D,20200616,000000,35.4,45.1,35.4,42.8,0,0
HRL_PE,D,20200617,000000,44.7,52.9,44.7,50.8,0,0
HRL_PE,D,20200618,000000,50.8,54.9,47.1,48.8,0,0
HRL_PE,D,20200619,000000,48.8,52.7,47.1,52,0,0
HRL_PE,D,20200622,000000,52.7,53.9,49.2,52,0,0
HRL_PE,D,20200623,000000,52,52.7,49.8,52.7,0,0
HRL_PE,D,20200624,000000,53.7,53.7,47.1,50.2,0,0
HRL_PE,D,20200625,000000,51,51.8,47.5,51.6,0,0
HRL_PE,D,20200626,000000,51.4,58.4,14.3,14.3,0,0
HRL_PE,D,20200629,000000,14.5,14.5,12.8,12.8,0,0
HRL_PE,D,20200630,000000,13.2,13.3,12.9,12.9,0,0
HRL_PE,D,20200701,000000,13.3,13.5,12.6,13.5,0,0
HRL_PE,D,20200702,000000,13.5,14,12.6,13.6,0,0
HRL_PE,D,20200703,000000,13.6,13.9,12.8,13.9,0,0
HRL_PE,D,20200706,000000,13,13.9,13,13.5,0,0
HRL_PE,D,20200707,000000,13.1,13.4,12.6,12.9,0,0
HRL_PE,D,20200708,000000,12.8,13.5,12.3,12.6,0,0
HRL_PE,D,20200709,000000,12.6,14.2,12.6,13.9,0,0
HRL_PE,D,20200710,000000,14.2,16.2,13.6,15.3,0,0
HRL_PE,D,20200713,000000,15.8,18.9,15.8,17.9,0,0
HRL_PE,D,20200714,000000,19,19,16.9,18.6,0,0
HRL_PE,D,20200715,000000,18.9,22.2,18.9,22.1,0,0
HRL_PE,D,20200716,000000,24.5,24.6,20.9,23.9,0,0
HRL_PE,D,20200717,000000,23.9,23.9,21.2,22.7,0,0
HRL_PE,D,20200720,000000,23.4,23.4,20.4,20.4,0,0
HRL_PE,D,20200721,000000,22.7,22.7,20.8,20.8,0,0
HRL_PE,D,20200722,000000,21.4,21.4,18.9,19.2,0,0
HRL_PE,D,20200723,000000,19.2,20.2,18.9,18.9,0,0
HRL_PE,D,20200724,000000,19.5,21.3,19.1,19.7,0,0
HRL_PE,D,20200727,000000,19.1,19.6,17.9,18.9,0,0
HRL_PE,D,20200728,000000,18.9,19.6,18.2,18.7,0,0
HRL_PE,D,20200729,000000,18.9,19.6,18.4,19.2,0,0
HRL_PE,D,20200730,000000,19.1,19.1,13.8,13.8,0,0
HRL_PE,D,20200731,000000,15.3,16.6,14.4,15.5,0,0
HRL_PE,D,20200803,000000,15.5,15.8,14.6,15,0,0
HRL_PE,D,20200804,000000,14.8,16.8,14.2,15.8,0,0
HRL_PE,D,20200805,000000,15.8,16.7,14.6,15.3,0,0
HRL_PE,D,20200806,000000,15.1,15.3,13.8,14.9,0,0
HRL_PE,D,20200807,000000,14.8,14.8,13.5,14.6,0,0
HRL_PE,D,20200810,000000,14,14.7,12.7,13.8,0,0
HRL_PE,D,20200811,000000,14.3,14.3,13.2,13.7,0,0
HRL_PE,D,20200812,000000,13.3,13.3,11.6,12.2,0,0
HRL_PE,D,20200813,000000,12.4,14.3,12.4,14.3,0,0
HRL_PE,D,20200814,000000,14.4,17.3,14.4,16.3,0,0
HRL_PE,D,20200817,000000,15.3,15.8,14.3,15.7,0,0
HRL_PE,D,20200818,000000,15.7,17.2,14.8,16.2,0,0
HRL_PE,D,20200819,000000,15.2,16.2,14.7,15.7,0,0
HRL_PE,D,20200820,000000,14.8,15.7,14.8,15.7,0,0
HRL_PE,D,20200821,000000,15.5,15.5,14.7,15.4,0,0
HRL_PE,D,20200824,000000,15.4,16.3,14.3,15.9,0,0
HRL_PE,D,20200825,000000,15.9,15.9,14.9,15.2,0,0
HRL_PE,D,20200826,000000,15.7,15.7,14.9,15.2,0,0
HRL_PE,D,20200827,000000,14.7,15.1,14.6,15.1,0,0
HRL_PE,D,20200828,000000,14.7,15.1,14.7,15.1,0,0
HRL_PE,D,20200831,000000,15.1,15.7,14.6,14.9,0,0
HRL_PE,D,20200901,000000,14.6,15.1,14,14,0,0
HRL_PE,D,20200902,000000,14.3,14.9,12.8,14.9,0,0
HRL_PE,D,20200903,000000,14,15.6,13.9,15.6,0,0
HRL_PE,D,20200904,000000,14.6,14.9,14,14.8,0,0
HRL_PE,D,20200907,000000,14.9,15,13.5,14.9,0,0
HRL_PE,D,20200908,000000,14,14.7,12.4,12.5,0,0
HRL_PE,D,20200909,000000,14,14,13.3,13.9,0,0
HRL_PE,D,20200910,000000,14,14,12.9,13.8,0,0
HRL_PE,D,20200911,000000,14,14.3,13.4,14.3,0,0
HRL_PE,D,20200914,000000,14.3,14.3,13.5,14,0,0
HRL_PE,D,20200915,000000,13.4,14.2,13.2,14.2,0,0
HRL_PE,D,20200916,000000,13.5,14.3,13.5,14.3,0,0
HRL_PE,D,20200917,000000,14.3,14.3,14.3,14.3,0,0
HRL_PE,D,20200918,000000,13.6,14.3,13.6,14.3,0,0
HRL_PE,D,20200921,000000,13.6,14.2,12.6,13.5,0,0
HRL_PE,D,20200922,000000,12.6,13.8,12.6,13.8,0,0
HRL_PE,D,20200923,000000,13.4,13.6,12.6,12.6,0,0
HRL_PE,D,20200924,000000,12.5,13,12.3,13,0,0
HRL_PE,D,20200925,000000,12.4,12.4,12.4,12.4,0,0
HRL_PE,D,20200928,000000,13,13.1,11.3,13,0,0
HRL_PE,D,20200929,000000,13,13.7,13,13.6,0,0
HRL_PE,D,20200930,000000,12.4,12.6,11.8,12.6,0,0
HRL_PE,D,20201001,000000,12.7,12.9,10.6,12.9,0,0
HRL_PE,D,20201002,000000,11.9,13.5,11.9,13.5,0,0
HRL_PE,D,20201005,000000,11.9,13.4,11.9,13.4,0,0
HRL_PE,D,20201006,000000,12.1,13.3,12.1,12.1,0,0
HRL_PE,D,20201007,000000,12.3,13.2,12,13,0,0
HRL_PE,D,20201008,000000,13.3,13.4,13.2,13.2,0,0
HRL_PE,D,20201009,000000,13.3,16.9,11.8,16.3,0,0
HRL_PE,D,20201012,000000,14,15.2,13.1,13.1,0,0
HRL_PE,D,20201013,000000,12.8,13.1,12.3,12.9,0,0
HRL_PE,D,20201014,000000,13.5,14.8,12.9,13,0,0
HRL_PE,D,20201015,000000,14.2,15.2,11.8,12.7,0,0
HRL_PE,D,20201016,000000,12.7,12.7,11.3,12.7,0,0
HRL_PE,D,20201019,000000,12.7,12.7,12.7,12.7,0,0
HRL_PE,D,20201020,000000,11.3,11.9,9.1,10.3,0,0
HRL_PE,D,20201021,000000,9.8,10.3,9.6,10,0,0
HRL_PE,D,20201022,000000,9.4,9.8,9.3,9.8,0,0
HRL_PE,D,20201023,000000,9.4,10,9.4,10,0,0
HRL_PE,D,20201026,000000,9.4,9.9,9.1,9.9,0,0
HRL_PE,D,20201027,000000,9.9,9.9,9.2,9.5,0,0
HRL_PE,D,20201028,000000,9.5,10.3,8.9,10,0,0
HRL_PE,D,20201029,000000,9.9,11.2,9,11.2,0,0
HRL_PE,D,20201030,000000,12.2,12.2,9,9.7,0,0
HRL_PE,D,20201102,000000,9.8,10,9,9.5,0,0
HRL_PE,D,20201103,000000,9.1,9.6,9.1,9.5,0,0
HRL_PE,D,20201104,000000,9.5,9.5,8.9,8.9,0,0
HRL_PE,D,20201105,000000,8.8,9.5,8.8,9.4,0,0
HRL_PE,D,20201106,000000,8.9,9.4,8.3,8.8,0,0
HRL_PE,D,20201109,000000,8.6,9.9,8.6,9.8,0,0
HRL_PE,D,20201110,000000,9.8,10.1,9.2,10.1,0,0
HRL_PE,D,20201112,000000,10.1,10.6,9.7,10.3,0,0
HRL_PE,D,20201113,000000,10.2,11,9.9,10.7,0,0
HRL_PE,D,20201116,000000,10.6,10.6,9,9.5,0,0
HRL_PE,D,20210217,000000,8.9,8.9,8.9,8.9,0,0
HRL_PE,D,20210218,000000,10.3,10.4,8.9,9.4,0,0
HRL_PE,D,20210219,000000,9.5,9.6,8.8,9.4,0,0
HRL_PE,D,20210222,000000,9.4,9.4,8.5,9.2,0,0
HRL_PE,D,20210223,000000,8.8,9.2,8.4,8.5,0,0
HRL_PE,D,20210224,000000,8.5,8.8,7.8,8.8,0,0
HRL_PE,D,20210225,000000,9.2,9.2,8.8,8.9,0,0
HRL_PE,D,20210226,000000,9,9,8.4,8.7,0,0
HRL_PE,D,20210301,000000,8.7,8.9,8.2,8.9,0,0
HRL_PE,D,20210302,000000,8.9,8.9,8.4,8.9,0,0
HRL_PE,D,20210303,000000,8.4,8.8,8.1,8.6,0,0
HRL_PE,D,20210304,000000,8,8.5,8,8.5,0,0
HRL_PE,D,20210305,000000,8.5,8.5,8.2,8.4,0,0
HRL_PE,D,20210308,000000,8.1,8.5,8.1,8.1,0,0
HRL_PE,D,20210309,000000,8.1,8.4,8.1,8.4,0,0
HRL_PE,D,20210310,000000,8.4,8.5,8.2,8.5,0,0
HRL_PE,D,20210311,000000,8.1,8.3,8.1,8.3,0,0
HRL_PE,D,20210312,000000,8.3,8.3,8,8.3,0,0
HRL_PE,D,20210315,000000,8.5,8.5,8.3,8.3,0,0
HRL_PE,D,20210316,000000,8.3,8.3,7.9,8.1,0,0
HRL_PE,D,20210317,000000,8.1,8.1,7.7,8,0,0
HRL_PE,D,20210318,000000,7.6,8,7.6,7.9,0,0
HRL_PE,D,20210319,000000,7.6,7.6,7.2,7.5,0,0
HRL_PE,D,20210322,000000,7.9,7.9,7.8,7.8,0,0
HRL_PE,D,20210323,000000,7.4,7.8,7.4,7.5,0,0
HRL_PE,D,20210324,000000,7.3,7.5,7.3,7.5,0,0
HRL_PE,D,20210326,000000,7.3,7.8,7.3,7.8,0,0
HRL_PE,D,20210329,000000,7.8,7.8,7.8,7.8,0,0
HRL_PE,D,20210330,000000,7.4,7.5,7.4,7.4,0,0
HRL_PE,D,20210331,000000,7.4,7.4,7.4,7.4,0,0
HRL_PE,D,20210401,000000,7.4,7.4,7,7.4,0,0
HRL_PE,D,20210406,000000,7.4,7.8,7.1,7.8,0,0
HRL_PE,D,20210407,000000,7.7,7.8,7.7,7.8,0,0
HRL_PE,D,20210408,000000,7.8,8.2,7.6,8.2,0,0
HRL_PE,D,20210409,000000,8.2,8.2,8,8,0,0
HRL_PE,D,20210412,000000,8.2,8.3,8.2,8.2,0,0
HRL_PE,D,20210413,000000,8.3,8.3,8.2,8.2,0,0
HRL_PE,D,20210414,000000,8.2,8.2,7.7,7.9,0,0
HRL_PE,D,20210415,000000,7.6,8,7.6,8,0,0
HRL_PE,D,20210416,000000,7.7,8,7.7,8,0,0
HRL_PE,D,20210419,000000,7.6,7.7,7.3,7.7,0,0
HRL_PE,D,20210420,000000,7.7,7.7,7.1,7.4,0,0
HRL_PE,D,20210421,000000,7.4,7.4,7.2,7.4,0,0
HRL_PE,D,20210422,000000,7.3,7.3,7.1,7.1,0,0
HRL_PE,D,20210423,000000,7.1,7.4,6.7,7.1,0,0
HRL_PE,D,20210426,000000,7.1,7.3,6.8,7.2,0,0
HRL_PE,D,20210427,000000,7.2,7.4,6.9,7.4,0,0
HRL_PE,D,20210428,000000,7.3,7.3,6.8,7.1,0,0
HRL_PE,D,20210429,000000,7.1,7.1,7,7,0,0
HRL_PE,D,20210430,000000,7,7,6.8,7,0,0
HRL_PE,D,20210504,000000,7,7,7,7,0,0
HRL_PE,D,20210505,000000,7,7.5,7,7.4,0,0
HRL_PE,D,20210506,000000,7,7.3,7,7.3,0,0
HRL_PE,D,20210507,000000,6.9,7.2,6.9,7.2,0,0
HRL_PE,D,20210510,000000,7.3,7.8,7.3,7.7,0,0
HRL_PE,D,20210511,000000,7.7,7.7,7.6,7.6,0,0
HRL_PE,D,20210512,000000,7.2,7.5,7.2,7.5,0,0
HRL_PE,D,20210513,000000,7.2,7.5,7.2,7.5,0,0
HRL_PE,D,20210514,000000,7.2,7.2,7.2,7.2,0,0
HRL_PE,D,20210517,000000,7.1,7.1,6.7,6.9,0,0
HRL_PE,D,20210518,000000,6.9,6.9,6.6,6.7,0,0
HRL_PE,D,20210519,000000,6.7,6.8,6.7,6.8,0,0
HRL_PE,D,20210520,000000,6.5,45.1,6.5,45.1,0,0
HRL_PE,D,20210521,000000,43.5,44.9,43.5,44.2,0,0
HRL_PE,D,20210524,000000,43.1,44.4,43.1,44.1,0,0
HRL_PE,D,20210525,000000,44.4,44.4,42.4,43.4,0,0
HRL_PE,D,20210526,000000,40.7,42.5,40.6,41.7,0,0
HRL_PE,D,20210527,000000,42.5,43.6,42.5,43.3,0,0
HRL_PE,D,20210528,000000,43.6,43.6,42.2,43.3,0,0
HRL_PE,D,20210531,000000,43.6,44.3,42.4,42.4,0,0
HRL_PE,D,20210601,000000,44.4,44.4,42.7,42.7,0,0
HRL_PE,D,20210721,000000,13.9,13.9,13.4,13.4,0,0
HRL_PE,D,20210722,000000,12.7,13.9,12.7,13.8,0,0
HRL_PE,D,20210723,000000,13.4,13.8,13,13.4,0,0
HRL_PE,D,20210726,000000,13.5,13.8,13.4,13.8,0,0
HRL_PE,D,20210727,000000,13,13.8,13,13.8,0,0
HRL_PE,D,20210728,000000,13,13.8,12.9,13.7,0,0
HRL_PE,D,20210729,000000,13.8,13.8,13,13.8,0,0
HRL_PE,D,20210730,000000,13.8,13.8,13,13.8,0,0
HRL_PE,D,20210802,000000,13.1,13.9,13.1,13.8,0,0
HRL_PE,D,20210803,000000,13.1,13.8,13.1,13.6,0,0
HRL_PE,D,20210804,000000,13.6,13.8,13.6,13.8,0,0
HRL_PE,D,20210806,000000,13.8,13.8,13.8,13.8,0,0
HRL_PE,D,20210809,000000,13.1,13.7,13.1,13.7,0,0
HRL_PE,D,20210810,000000,13.7,13.8,13.1,13.7,0,0
HRL_PE,D,20210811,000000,13.7,13.8,13,13.7,0,0
HRL_PE,D,20210812,000000,13.7,13.8,13.7,13.8,0,0
HRL_PE,D,20210813,000000,13.8,13.8,13,13.5,0,0
HRL_PE,D,20210816,000000,13.5,17.2,12.7,17.2,0,0
HRL_PE,D,20210817,000000,16.4,17.1,16.3,17.1,0,0
HRL_PE,D,20210818,000000,16.3,17.6,15.5,15.8,0,0
HRL_PE,D,20210819,000000,15.7,16.1,15.7,15.8,0,0
HRL_PE,D,20210820,000000,16,16,15.5,15.6,0,0
HRL_PE,D,20210823,000000,15.6,15.9,15.6,15.9,0,0
HRL_PE,D,20210824,000000,15.5,16.5,14.9,16.1,0,0
HRL_PE,D,20210825,000000,16,16,15.7,15.7,0,0
HRL_PE,D,20210826,000000,15.2,15.5,14.9,15.5,0,0
HRL_PE,D,20210830,000000,14.9,14.9,12.5,13.7,0,0
HRL_PE,D,20210831,000000,13.9,13.9,13.6,13.6,0,0
HRL_PE,D,20210901,000000,13.9,14.7,13.6,14.6,0,0
HRL_PE,D,20210902,000000,14.6,14.6,14,14.3,0,0
HRL_PE,D,20210903,000000,14,14.3,13.5,14.3,0,0
HRL_PE,D,20210906,000000,14.3,14.3,14.3,14.3,0,0
HRL_PE,D,20210907,000000,14.2,15.1,14.2,15.1,0,0
HRL_PE,D,20210908,000000,14.9,14.9,14.8,14.8,0,0
HRL_PE,D,20210909,000000,14.8,15.4,14.3,15.3,0,0
HRL_PE,D,20210910,000000,14.8,14.8,13.7,14.3,0,0
HRL_PE,D,20210913,000000,14.2,14.9,14.2,14.9,0,0
HRL_PE,D,20210914,000000,14.9,15.2,14.3,15.1,0,0
HRL_PE,D,20210915,000000,15.1,15.3,15.1,15.3,0,0
HRL_PE,D,20210916,000000,15.1,15.1,15.1,15.1,0,0
HRL_PE,D,20210917,000000,14.2,14.2,14.2,14.2,0,0
HRL_PE,D,20210920,000000,15.1,16.4,14.5,15.4,0,0
HRL_PE,D,20210921,000000,15.4,15.4,14.3,15.1,0,0
HRL_PE,D,20210922,000000,14.3,15.1,14.3,15.1,0,0
HRL_PE,D,20210924,000000,15.1,15.2,15,15,0,0
HRL_PE,D,20210927,000000,14.2,14.9,14.1,14.9,0,0
HRL_PE,D,20210928,000000,14.8,14.8,14.1,14.8,0,0
HRL_PE,D,20210929,000000,14.8,15.4,13.7,14.9,0,0
HRL_PE,D,20211001,000000,14.9,14.9,14.5,14.9,0,0
HRL_PE,D,20211004,000000,14.3,14.9,13.7,14.9,0,0
HRL_PE,D,20211005,000000,14.3,14.8,14.3,14.8,0,0
HRL_PE,D,20211006,000000,14.3,14.5,13.8,14.5,0,0
HRL_PE,D,20211007,000000,13.8,15.3,13.7,15.3,0,0
HRL_PE,D,20211008,000000,15.2,15.2,14,14.9,0,0
HRL_PE,D,20211011,000000,15.2,15.3,14.3,15.3,0,0
HRL_PE,D,20211012,000000,15.1,15.9,15.1,15.9,0,0
HRL_PE,D,20211013,000000,15.5,15.8,15.5,15.8,0,0
HRL_PE,D,20211014,000000,15.7,15.7,14.5,15.7,0,0
HRL_PE,D,20211015,000000,14.7,15.7,14.7,15.4,0,0
HRL_PE,D,20211018,000000,14.8,14.8,12.6,13.4,0,0
HRL_PE,D,20211019,000000,13.1,13.6,12.2,13.6,0,0
HRL_PE,D,20211020,000000,13.6,13.6,13.1,13.6,0,0
HRL_PE,D,20211021,000000,12.7,13.3,12.6,13.3,0,0
HRL_PE,D,20211022,000000,12.7,13.6,12.6,13.6,0,0
HRL_PE,D,20211025,000000,13.7,13.7,13.3,13.3,0,0
HRL_PE,D,20211026,000000,13.1,14.1,13.1,14.1,0,0
HRL_PE,D,20211027,000000,14,14,13.9,14,0,0
HRL_PE,D,20211028,000000,13.1,13.9,13.1,13.9,0,0
HRL_PE,D,20211029,000000,13.1,13.9,13.1,13.9,0,0
HRL_PE,D,20211102,000000,12.8,13.7,12.8,13,0,0
HRL_PE,D,20211103,000000,13.1,14,13.1,13.7,0,0
HRL_PE,D,20211104,000000,13.7,13.7,12.9,13.6,0,0
HRL_PE,D,20211105,000000,12.9,13.6,12.6,13.6,0,0
HRL_PE,D,20211108,000000,13.7,13.9,13.5,13.8,0,0
HRL_PE,D,20211109,000000,13.8,13.8,13.8,13.8,0,0
HRL_PE,D,20211110,000000,13.1,13.7,13.1,13.7,0,0
HRL_PE,D,20211115,000000,12.6,13.8,12.6,13.8,0,0
HRL_PE,D,20211116,000000,12.6,13.7,11.3,12.9,0,0
HRL_PE,D,20211117,000000,12.8,13.5,12.8,13.1,0,0
HRL_PE,D,20211118,000000,13.1,13.1,11.9,13.1,0,0
HRL_PE,D,20211119,000000,13.1,13.1,13.1,13.1,0,0
HRL_PE,D,20211122,000000,11.9,12.9,11.4,12.9,0,0
HRL_PE,D,20211123,000000,11.9,12.8,11.5,11.5,0,0
HRL_PE,D,20211124,000000,12.7,17.2,12.7,15.4,0,0
HRL_PE,D,20211125,000000,15.4,15.4,12.7,13.1,0,0
HRL_PE,D,20211126,000000,12.9,13.1,12.5,13.1,0,0
HRL_PE,D,20211129,000000,13,13.1,12.7,13.1,0,0
HRL_PE,D,20211130,000000,13.1,13.1,12.6,13.1,0,0
HRL_PE,D,20211201,000000,13.1,13.1,12.4,13.1,0,0
HRL_PE,D,20211202,000000,12.5,13.1,12.5,13.1,0,0
HRL_PE,D,20211203,000000,12.4,13.1,12.4,13.1,0,0
HRL_PE,D,20211206,000000,12.4,21,12.3,21,0,0
HRL_PE,D,20211207,000000,21.1,21.1,19,20.7,0,0
HRL_PE,D,20211208,000000,20.8,20.8,19.3,20.5,0,0
HRL_PE,D,20211209,000000,19.3,20.6,19.3,20.1,0,0
HRL_PE,D,20211210,000000,20.2,21.2,19.4,21,0,0
HRL_PE,D,20211213,000000,21.2,21.2,20.2,21,0,0
HRL_PE,D,20211214,000000,20.2,21.2,20.2,21,0,0
HRL_PE,D,20211215,000000,20.3,21.2,20.3,21,0,0
HRL_PE,D,20211216,000000,21,21,20.4,20.9,0,0
HRL_PE,D,20211217,000000,20.2,21,19.4,20.7,0,0
HRL_PE,D,20211220,000000,19.6,20.4,19.5,20.3,0,0
HRL_PE,D,20211221,000000,19.5,20.4,19.4,20.2,0,0
HRL_PE,D,20211222,000000,19.4,20.3,19.3,20.2,0,0
HRL_PE,D,20211223,000000,19.3,20,19.3,19.9,0,0
HRL_PE,D,20211227,000000,19.2,21.2,18.8,20.5,0,0
HRL_PE,D,20211228,000000,20,21.1,19.6,20.9,0,0
HRL_PE,D,20211229,000000,21.2,21.2,19.8,21,0,0
HRL_PE,D,20211230,000000,20.4,21.2,20.4,21,0,0
HRL_PE,D,20220103,000000,22.9,22.9,21.4,22.2,0,0
HRL_PE,D,20220104,000000,21.4,22.9,21.4,22.4,0,0
HRL_PE,D,20220105,000000,21.5,23.7,21.5,22.9,0,0
HRL_PE,D,20220107,000000,23.1,23.1,22.9,22.9,0,0
HRL_PE,D,20220110,000000,23,23,22.9,22.9,0,0
HRL_PE,D,20220111,000000,22.3,23,22.3,22.9,0,0
HRL_PE,D,20220112,000000,21.9,23,21.9,22.9,0,0
HRL_PE,D,20220113,000000,23,24.6,23,24.3,0,0
HRL_PE,D,20220114,000000,23.3,24.3,23.2,23.5,0,0
HRL_PE,D,20220117,000000,23.1,23.7,22.3,23.5,0,0
HRL_PE,D,20220118,000000,22.3,23.5,22.3,23.3,0,0
HRL_PE,D,20220119,000000,22,23.2,21.8,23.1,0,0
HRL_PE,D,20220120,000000,21.8,24,21.8,23,0,0
HRL_PE,D,20220121,000000,21.7,22.7,21.5,22.6,0,0
HRL_PE,D,20220124,000000,21.3,22.6,20,21,0,0
HRL_PE,D,20220125,000000,20,20,19.9,19.9,0,0
HRL_PE,D,20220126,000000,20.8,20.8,20,20.1,0,0
HRL_PE,D,20220127,000000,20.2,21.9,19.8,20.9,0,0
HRL_PE,D,20220128,000000,19.7,22,19.6,21.9,0,0
HRL_PE,D,20220131,000000,20,21.2,19.7,19.9,0,0
HRL_PE,D,20220201,000000,21.1,21.1,20.9,20.9,0,0
HRL_PE,D,20220207,000000,21.1,21.1,20.9,20.9,0,0
HRL_PE,D,20220209,000000,20.1,20.1,19.7,19.7,0,0
HRL_PE,D,20220210,000000,21,21,20.9,20.9,0,0
HRL_PE,D,20220214,000000,19.7,20.9,19.7,20.8,0,0
HRL_PE,D,20220215,000000,20.7,22.3,20.7,22.2,0,0
HRL_PE,D,20220217,000000,22.1,24,20.2,22,0,0
HRL_PE,D,20220218,000000,22.1,22.1,22,22,0,0
HRL_PE,D,20220222,000000,22.1,22.8,20.4,22.5,0,0
HRL_PE,D,20220223,000000,20.4,21.2,20.4,21,0,0
HRL_PE,D,20220224,000000,19.2,19.9,18.5,19.6,0,0
HRL_PE,D,20220225,000000,17.9,19.8,17.9,19.7,0,0
