<TICKER>,<PER>,<DATE>,<TIME>,<OPEN>,<HIGH>,<LOW>,<CLOSE>,<VOL>,<OPENINT>
JJB_PB,D,20151020,000000,92.23,92.23,92.23,92.23,0,0
JJB_PB,D,20151021,000000,92.23,92.23,85.04,89.65,0,0
JJB_PB,D,20151022,000000,88.38,89.65,83.88,86.08,0,0
JJB_PB,D,20151023,000000,89.15,92.23,86.08,92.23,0,0
JJB_PB,D,20151026,000000,92.85,107.46,92.85,104.38,0,0
JJB_PB,D,20151027,000000,108.88,141.15,108.88,141.15,0,0
JJB_PB,D,20151028,000000,152.92,156.27,133.19,147.31,0,0
JJB_PB,D,20151029,000000,151,151,128.08,140.77,0,0
JJB_PB,D,20151030,000000,140.77,142.04,138.31,141.92,0,0
JJB_PB,D,20151102,000000,143.96,171.77,143.96,171.77,0,0
JJB_PB,D,20151103,000000,177.5,190.85,166.5,183.15,0,0
JJB_PB,D,20151104,000000,185.08,185.08,165.85,166.5,0,0
JJB_PB,D,20151105,000000,169.08,171.23,145.38,156.27,0,0
JJB_PB,D,20151106,000000,166.12,166.12,133.85,134.5,0,0
JJB_PB,D,20151109,000000,134.5,143.31,112.31,115.27,0,0
JJB_PB,D,20151110,000000,112.46,147.31,103.12,140.5,0,0
JJB_PB,D,20151112,000000,144.08,144.08,133.19,134.5,0,0
JJB_PB,D,20151113,000000,129.12,133.19,116.04,124.88,0,0
JJB_PB,D,20151116,000000,116.69,116.69,102.73,108.62,0,0
JJB_PB,D,20151117,000000,104.38,120.38,104.38,117.19,0,0
JJB_PB,D,20151118,000000,122.42,127.42,115.27,117.85,0,0
JJB_PB,D,20151119,000000,119.5,119.5,112.69,118.46,0,0
JJB_PB,D,20151120,000000,119.38,121.81,115.27,121.42,0,0
JJB_PB,D,20151123,000000,121.42,121.42,116.04,117.58,0,0
JJB_PB,D,20151124,000000,120.92,121.31,115.27,119.77,0,0
JJB_PB,D,20151125,000000,119.62,119.77,119.62,119.77,0,0
JJB_PB,D,20151126,000000,119.12,119.12,102.58,106.58,0,0
JJB_PB,D,20151127,000000,107.58,107.58,102.73,107.46,0,0
JJB_PB,D,20151130,000000,105.04,105.04,13.54,13.54,0,0
JJB_PB,D,20151201,000000,13.5,13.66,12.65,12.87,0,0
JJB_PB,D,20151202,000000,12.71,13.48,12.71,13.46,0,0
JJB_PB,D,20151203,000000,12.98,13.32,12.6,13.14,0,0
JJB_PB,D,20151204,000000,12.51,13.14,11.79,12.96,0,0
JJB_PB,D,20151207,000000,12.87,14.11,12.78,13.14,0,0
JJB_PB,D,20151208,000000,13.14,14.2,12.98,14.2,0,0
JJB_PB,D,20151209,000000,14.72,15.12,14.04,14.94,0,0
JJB_PB,D,20151210,000000,14.92,14.92,13.14,13.95,0,0
JJB_PB,D,20151211,000000,13.93,14.38,13.29,14.04,0,0
JJB_PB,D,20151214,000000,13.5,13.68,13.05,13.68,0,0
JJB_PB,D,20151215,000000,13.68,13.68,12.96,13.68,0,0
JJB_PB,D,20151216,000000,13.68,13.68,12.8,13.39,0,0
JJB_PB,D,20151217,000000,13.39,14.22,12.71,13.29,0,0
JJB_PB,D,20151218,000000,13.29,13.46,12.99,13.02,0,0
JJB_PB,D,20151221,000000,13.55,13.55,13.16,13.34,0,0
JJB_PB,D,20151222,000000,13.34,13.61,13.05,13.48,0,0
JJB_PB,D,20151223,000000,13.48,14.76,13.48,14.76,0,0
JJB_PB,D,20151228,000000,14.4,15.25,13.95,15.03,0,0
JJB_PB,D,20151229,000000,14.63,16.54,14.58,16.54,0,0
JJB_PB,D,20151230,000000,16.54,17.28,16.54,17.15,0,0
JJB_PB,D,20160104,000000,17.15,17.15,16.24,16.74,0,0
JJB_PB,D,20160105,000000,16.2,16.65,15.78,16.62,0,0
JJB_PB,D,20160107,000000,16.22,16.62,15.39,16.2,0,0
JJB_PB,D,20160108,000000,15.48,16.16,15.14,16.16,0,0
JJB_PB,D,20160111,000000,15.98,16,15.34,16,0,0
JJB_PB,D,20160112,000000,16,16.62,16,16.51,0,0
JJB_PB,D,20160113,000000,16.63,16.63,16.02,16.29,0,0
JJB_PB,D,20160114,000000,16.29,16.29,15.64,16.02,0,0
JJB_PB,D,20160115,000000,15.98,15.98,15.12,15.95,0,0
JJB_PB,D,20160118,000000,15.73,15.73,15.28,15.28,0,0
JJB_PB,D,20160119,000000,15.28,15.73,14.92,15.64,0,0
JJB_PB,D,20160120,000000,15.03,15.03,14.55,14.67,0,0
JJB_PB,D,20160121,000000,14.67,15.03,14.42,14.76,0,0
JJB_PB,D,20160122,000000,14.85,15.12,14.85,15.12,0,0
JJB_PB,D,20160125,000000,15.21,15.84,14.87,15.12,0,0
JJB_PB,D,20160126,000000,15.57,15.75,15.12,15.48,0,0
JJB_PB,D,20160127,000000,15.81,15.89,15.81,15.89,0,0
JJB_PB,D,20160128,000000,15.89,16.63,15.89,16.63,0,0
JJB_PB,D,20160129,000000,16.63,17.28,16.2,17.26,0,0
JJB_PB,D,20160201,000000,17.46,20.27,17.28,17.91,0,0
JJB_PB,D,20160202,000000,18.7,19.51,18,18.54,0,0
JJB_PB,D,20160203,000000,18.99,19.08,17.1,18.52,0,0
JJB_PB,D,20160204,000000,18.52,18.52,17.64,17.64,0,0
JJB_PB,D,20160205,000000,17.64,17.91,17.08,17.8,0,0
JJB_PB,D,20160208,000000,17.77,17.77,16.56,16.92,0,0
JJB_PB,D,20160209,000000,16.59,16.83,15.75,15.86,0,0
JJB_PB,D,20160210,000000,16.2,17.26,15.77,17.26,0,0
JJB_PB,D,20160211,000000,17.26,17.42,16.63,16.74,0,0
JJB_PB,D,20160212,000000,16.2,17.08,16.02,16.02,0,0
JJB_PB,D,20160215,000000,16.02,16.02,14.94,15.3,0,0
JJB_PB,D,20160216,000000,15.3,15.89,14.94,15.84,0,0
JJB_PB,D,20160217,000000,16.02,16.02,15.19,15.3,0,0
JJB_PB,D,20160218,000000,15.39,15.95,15.39,15.57,0,0
JJB_PB,D,20160219,000000,15.57,15.57,15.21,15.57,0,0
JJB_PB,D,20160222,000000,15.57,16.09,15.57,16.09,0,0
JJB_PB,D,20160223,000000,16.09,16.33,16.09,16.15,0,0
JJB_PB,D,20160224,000000,16.15,16.39,15.56,15.97,0,0
JJB_PB,D,20160225,000000,15.73,15.73,15.17,15.36,0,0
JJB_PB,D,20160226,000000,15.69,16.24,15.69,16,0,0
JJB_PB,D,20160229,000000,16.09,16.33,15.56,16.17,0,0
JJB_PB,D,20160301,000000,16.13,16.13,14.98,15.73,0,0
JJB_PB,D,20160302,000000,15.71,15.71,15.23,15.63,0,0
JJB_PB,D,20160303,000000,15.24,15.62,15.24,15.62,0,0
JJB_PB,D,20160304,000000,15.19,15.62,15.19,15.59,0,0
JJB_PB,D,20160307,000000,15.73,15.89,15.71,15.83,0,0
JJB_PB,D,20160308,000000,15.71,16.06,15.63,16.06,0,0
JJB_PB,D,20160309,000000,16.09,16.09,15.91,15.91,0,0
JJB_PB,D,20160310,000000,15.78,16.09,15.78,16.09,0,0
JJB_PB,D,20160311,000000,16.11,17.37,16.11,17.02,0,0
JJB_PB,D,20160314,000000,17.44,17.47,16.47,17.02,0,0
JJB_PB,D,20160315,000000,17.02,17.58,17.02,17.58,0,0
JJB_PB,D,20160316,000000,17.56,17.56,17.21,17.52,0,0
JJB_PB,D,20160317,000000,17.3,17.3,16.65,17.17,0,0
JJB_PB,D,20160318,000000,17.11,17.11,17,17.11,0,0
JJB_PB,D,20160321,000000,17.58,17.58,16.67,17.48,0,0
JJB_PB,D,20160322,000000,17.48,17.48,17.11,17.21,0,0
JJB_PB,D,20160323,000000,16.65,17.39,16.65,17.37,0,0
JJB_PB,D,20160324,000000,17.17,17.17,16.5,17.08,0,0
JJB_PB,D,20160329,000000,17.21,17.21,16,16.28,0,0
JJB_PB,D,20160330,000000,16.41,16.41,15.94,16.28,0,0
JJB_PB,D,20160331,000000,16.39,17.11,16.08,16.65,0,0
JJB_PB,D,20160401,000000,16.19,16.86,16.13,16.71,0,0
JJB_PB,D,20160404,000000,16.48,16.65,16.02,16.63,0,0
JJB_PB,D,20160405,000000,16.61,16.61,15.63,15.63,0,0
JJB_PB,D,20160406,000000,15.73,16.09,15.59,15.91,0,0
JJB_PB,D,20160407,000000,15.21,16.19,15.21,15.73,0,0
JJB_PB,D,20160408,000000,16.09,16.39,15.54,15.91,0,0
JJB_PB,D,20160411,000000,16.37,16.37,15.8,16.22,0,0
JJB_PB,D,20160412,000000,16.26,17.02,16.26,17.02,0,0
JJB_PB,D,20160413,000000,17.02,17.24,17,17.24,0,0
JJB_PB,D,20160414,000000,17.19,17.19,15.82,17.02,0,0
JJB_PB,D,20160415,000000,16.11,16.83,16.11,16.65,0,0
JJB_PB,D,20160418,000000,16.93,16.93,16.13,16.8,0,0
JJB_PB,D,20160419,000000,16.8,16.8,15.82,16.54,0,0
JJB_PB,D,20160420,000000,16.54,16.69,15.93,16.69,0,0
JJB_PB,D,20160421,000000,16.63,16.71,16.44,16.65,0,0
JJB_PB,D,20160422,000000,16.44,16.65,16,16.56,0,0
JJB_PB,D,20160425,000000,16.63,16.63,15.91,16.5,0,0
JJB_PB,D,20160426,000000,16.48,16.48,15.91,16.43,0,0
JJB_PB,D,20160427,000000,15.63,16.52,15.63,16.52,0,0
JJB_PB,D,20160428,000000,16.44,16.44,15.91,15.91,0,0
JJB_PB,D,20160429,000000,16.32,16.63,16.3,16.56,0,0
JJB_PB,D,20160502,000000,16.52,16.56,16.48,16.56,0,0
JJB_PB,D,20160504,000000,16.61,16.63,16.61,16.61,0,0
JJB_PB,D,20160505,000000,16.59,16.59,16.59,16.59,0,0
JJB_PB,D,20160506,000000,16.22,16.5,16.11,16.19,0,0
JJB_PB,D,20160509,000000,16.13,16.26,15.73,15.73,0,0
JJB_PB,D,20160510,000000,16.09,16.09,15.37,15.37,0,0
JJB_PB,D,20160511,000000,15.36,15.73,15.36,15.37,0,0
JJB_PB,D,20160512,000000,16.24,16.24,15.13,15.36,0,0
JJB_PB,D,20160513,000000,15.01,15.01,13.88,14.8,0,0
JJB_PB,D,20160516,000000,14.8,15.62,14.8,15.01,0,0
JJB_PB,D,20160517,000000,15.08,15.52,14.8,14.8,0,0
JJB_PB,D,20160518,000000,14.82,15.15,14.12,14.12,0,0
JJB_PB,D,20160519,000000,14.08,14.43,11.47,14.43,0,0
JJB_PB,D,20160520,000000,13.56,14.04,13.23,14.04,0,0
JJB_PB,D,20160523,000000,14.04,14.78,13.69,14.78,0,0
JJB_PB,D,20160524,000000,14.78,14.78,14.59,14.78,0,0
JJB_PB,D,20160525,000000,14.78,14.78,14.3,14.74,0,0
JJB_PB,D,20160527,000000,14.37,14.69,14.04,14.69,0,0
JJB_PB,D,20160530,000000,14.62,14.67,13.88,14.62,0,0
JJB_PB,D,20160531,000000,14.26,15.1,14.26,15.1,0,0
JJB_PB,D,20160601,000000,14.72,14.72,13.94,14.67,0,0
JJB_PB,D,20160602,000000,14.03,14.33,13.51,14.33,0,0
JJB_PB,D,20160603,000000,14.23,14.33,14.23,14.33,0,0
JJB_PB,D,20160606,000000,14.33,15.3,14.33,14.72,0,0
JJB_PB,D,20160607,000000,15.45,17.42,15.45,17.17,0,0
JJB_PB,D,20160608,000000,16.48,19.36,16.48,18.59,0,0
JJB_PB,D,20160609,000000,18.55,18.55,16.55,17.19,0,0
JJB_PB,D,20160610,000000,17.23,19.36,16.8,17,0,0
JJB_PB,D,20160613,000000,17.42,17.99,16.17,17.21,0,0
JJB_PB,D,20160614,000000,16.17,17.62,15.49,17.02,0,0
JJB_PB,D,20160615,000000,17.41,17.41,15.51,16.94,0,0
JJB_PB,D,20160616,000000,16.84,16.84,15.72,15.72,0,0
JJB_PB,D,20160617,000000,15.7,16.78,15.7,16.63,0,0
JJB_PB,D,20160620,000000,16.63,17.03,16.63,17.03,0,0
JJB_PB,D,20160621,000000,16.74,16.74,15.97,16.73,0,0
JJB_PB,D,20160622,000000,16.73,16.73,16.46,16.46,0,0
JJB_PB,D,20160623,000000,16.46,17.08,16.46,17.08,0,0
JJB_PB,D,20160624,000000,16.46,16.46,15.39,16.36,0,0
JJB_PB,D,20160627,000000,16.13,17.03,16.13,16.46,0,0
JJB_PB,D,20160628,000000,17.13,17.13,16.09,17.02,0,0
JJB_PB,D,20160629,000000,16.92,17.02,16.17,17.02,0,0
JJB_PB,D,20160630,000000,17.02,17.02,17.02,17.02,0,0
JJB_PB,D,20160701,000000,16.36,17.02,16.36,17.02,0,0
JJB_PB,D,20160704,000000,17.03,17.03,17.03,17.03,0,0
JJB_PB,D,20160705,000000,17.03,17.03,16.24,16.92,0,0
JJB_PB,D,20160706,000000,16.46,16.94,16.26,16.84,0,0
JJB_PB,D,20160707,000000,16.84,16.92,16.28,16.92,0,0
JJB_PB,D,20160708,000000,16.92,17.41,16.92,17.27,0,0
JJB_PB,D,20160711,000000,17.56,17.56,16.48,16.98,0,0
JJB_PB,D,20160712,000000,16.96,17.03,16.63,17.03,0,0
JJB_PB,D,20160713,000000,16.67,17,16.65,16.8,0,0
JJB_PB,D,20160714,000000,17,17,16.83,16.94,0,0
JJB_PB,D,20160715,000000,16.94,17.38,16.94,17.29,0,0
JJB_PB,D,20160718,000000,16.94,18.2,16.74,18.18,0,0
JJB_PB,D,20160719,000000,17.62,18.18,17.29,18.18,0,0
JJB_PB,D,20160720,000000,18.18,18.2,17.64,18.16,0,0
JJB_PB,D,20160721,000000,17.73,17.81,17.54,17.54,0,0
JJB_PB,D,20160722,000000,17.47,17.54,16.92,17.54,0,0
JJB_PB,D,20160725,000000,17.54,17.54,16.84,17.52,0,0
JJB_PB,D,20160726,000000,17.42,17.52,17.23,17.52,0,0
JJB_PB,D,20160727,000000,17.42,17.42,17.23,17.41,0,0
JJB_PB,D,20160728,000000,17.42,17.42,16.84,16.84,0,0
JJB_PB,D,20160729,000000,16.84,17.23,16.51,16.69,0,0
JJB_PB,D,20160801,000000,16.84,18.05,16.84,18.05,0,0
JJB_PB,D,20160802,000000,17.42,17.42,16.74,17.33,0,0
JJB_PB,D,20160803,000000,17.62,17.62,17.03,17.5,0,0
JJB_PB,D,20160804,000000,17.42,18.1,17.42,17.91,0,0
JJB_PB,D,20160805,000000,17.81,18.97,17.67,18.78,0,0
JJB_PB,D,20160808,000000,18.94,21.3,18.78,20.41,0,0
JJB_PB,D,20160809,000000,20.62,20.62,18.8,19.38,0,0
JJB_PB,D,20160810,000000,19.9,19.9,19.17,19.87,0,0
JJB_PB,D,20160811,000000,19.2,19.87,19.07,19.78,0,0
JJB_PB,D,20160812,000000,19.78,21.1,19.17,21.02,0,0
JJB_PB,D,20160816,000000,21.3,25.97,21.3,25.97,0,0
JJB_PB,D,20160817,000000,25.26,27.23,25.26,27.23,0,0
JJB_PB,D,20160818,000000,27.18,27.23,21.76,24.88,0,0
JJB_PB,D,20160819,000000,25.03,25.03,21.32,22.93,0,0
JJB_PB,D,20160822,000000,22.62,23.25,20.19,20.19,0,0
JJB_PB,D,20160823,000000,20.31,21.3,20.11,21.3,0,0
JJB_PB,D,20160824,000000,20.74,21.05,20.31,21.05,0,0
JJB_PB,D,20160825,000000,21.13,21.4,19.48,20.92,0,0
JJB_PB,D,20160826,000000,20.92,21.15,20.11,21.15,0,0
JJB_PB,D,20160829,000000,21.26,21.47,20.94,21.47,0,0
JJB_PB,D,20160830,000000,21.68,21.68,20.21,21.05,0,0
JJB_PB,D,20160831,000000,20.94,20.94,19.9,20.44,0,0
JJB_PB,D,20160901,000000,20.11,20.42,19.86,19.9,0,0
JJB_PB,D,20160902,000000,19.87,20.17,19.27,20.17,0,0
JJB_PB,D,20160905,000000,20.17,20.19,19.69,20.08,0,0
JJB_PB,D,20160906,000000,20.08,20.19,19.69,20.06,0,0
JJB_PB,D,20160907,000000,19.69,20.74,19.69,20.74,0,0
JJB_PB,D,20160908,000000,20.69,20.75,19.9,20.63,0,0
JJB_PB,D,20160909,000000,20.11,20.92,20.11,20.92,0,0
JJB_PB,D,20160912,000000,20.94,20.94,20.46,20.46,0,0
JJB_PB,D,20160913,000000,20.13,20.52,19.9,20.52,0,0
JJB_PB,D,20160914,000000,20.11,20.55,20.11,20.11,0,0
JJB_PB,D,20160915,000000,20.52,20.52,20.13,20.52,0,0
JJB_PB,D,20160916,000000,20.74,22.97,20.74,22.7,0,0
JJB_PB,D,20160919,000000,22.7,22.7,20.94,22.62,0,0
JJB_PB,D,20160920,000000,22.58,22.58,21.38,21.99,0,0
JJB_PB,D,20160921,000000,21.99,22.18,21.78,22.18,0,0
JJB_PB,D,20160922,000000,22.81,22.81,21.49,22.6,0,0
JJB_PB,D,20160923,000000,22.52,22.52,20.96,21.89,0,0
JJB_PB,D,20160926,000000,21.99,21.99,20.92,21.95,0,0
JJB_PB,D,20160927,000000,21.57,21.57,20.92,21.57,0,0
JJB_PB,D,20160928,000000,21.57,21.57,20.44,21.55,0,0
JJB_PB,D,20160929,000000,21.55,21.89,20.46,21.89,0,0
JJB_PB,D,20160930,000000,21.64,21.82,20.86,21.82,0,0
JJB_PB,D,20161003,000000,21.36,22.24,20.94,21.99,0,0
JJB_PB,D,20161004,000000,21.99,23.02,21.99,22.2,0,0
JJB_PB,D,20161005,000000,22.52,22.52,20.74,21.76,0,0
JJB_PB,D,20161006,000000,21.72,21.78,21.72,21.78,0,0
JJB_PB,D,20161007,000000,21.99,22.52,21.78,22.52,0,0
JJB_PB,D,20161010,000000,22.52,22.52,22.45,22.45,0,0
JJB_PB,D,20161011,000000,22.45,22.52,21.3,22.47,0,0
JJB_PB,D,20161012,000000,22.35,22.35,21.36,22.33,0,0
JJB_PB,D,20161013,000000,22.3,22.49,21.36,22.49,0,0
JJB_PB,D,20161014,000000,22.41,25.65,22.2,25.07,0,0
JJB_PB,D,20161017,000000,24.82,24.82,23.27,23.56,0,0
JJB_PB,D,20161018,000000,24.21,25.13,22.36,25.07,0,0
JJB_PB,D,20161019,000000,23.25,25.65,23.25,24.69,0,0
JJB_PB,D,20161020,000000,24.71,25.13,24.3,24.82,0,0
JJB_PB,D,20161021,000000,25.13,25.13,24.09,25.01,0,0
JJB_PB,D,20161024,000000,25.13,26.85,25.11,26.68,0,0
JJB_PB,D,20161025,000000,26.85,28.28,26.14,27.12,0,0
JJB_PB,D,20161026,000000,27.23,27.23,25.72,25.97,0,0
JJB_PB,D,20161027,000000,26.87,26.87,24.5,25.09,0,0
JJB_PB,D,20161028,000000,24.5,26.87,24.3,25.87,0,0
JJB_PB,D,20161031,000000,25.76,26.81,24.71,26.81,0,0
JJB_PB,D,20161102,000000,26.81,28.06,25.3,27.96,0,0
JJB_PB,D,20161103,000000,28.17,32.75,28.17,32.47,0,0
JJB_PB,D,20161104,000000,33.3,33.3,29.95,32.04,0,0
JJB_PB,D,20161107,000000,31.4,33.47,30.37,30.58,0,0
JJB_PB,D,20161108,000000,31.16,31.16,29.43,30.58,0,0
JJB_PB,D,20161109,000000,29.32,31.81,29.01,31.42,0,0
JJB_PB,D,20161110,000000,30.37,32.42,30.37,32.23,0,0
JJB_PB,D,20161114,000000,32.25,33.51,31.35,33.24,0,0
JJB_PB,D,20161115,000000,31.43,32.61,31.43,32.47,0,0
JJB_PB,D,20161116,000000,32.61,36.03,31.42,35.18,0,0
JJB_PB,D,20161117,000000,34.06,34.56,34.06,34.56,0,0
JJB_PB,D,20161118,000000,35.77,39.79,35.6,39.79,0,0
JJB_PB,D,20161121,000000,40.13,43.94,36.65,37.7,0,0
JJB_PB,D,20161122,000000,40,40,35.4,37.07,0,0
JJB_PB,D,20161123,000000,37.4,37.4,34.01,35.08,0,0
JJB_PB,D,20161124,000000,35.14,39.72,32.55,39.72,0,0
JJB_PB,D,20161125,000000,39.53,40.17,38.25,38.25,0,0
JJB_PB,D,20161128,000000,40.49,40.49,38.12,39.31,0,0
JJB_PB,D,20161129,000000,39.46,40.59,38.15,39.46,0,0
JJB_PB,D,20161130,000000,39.48,40.3,38.32,40.01,0,0
JJB_PB,D,20161201,000000,39.82,39.82,36.2,38.37,0,0
JJB_PB,D,20161202,000000,36.72,38.05,36.43,38.05,0,0
JJB_PB,D,20161205,000000,37.98,40.28,37.41,40.01,0,0
JJB_PB,D,20161206,000000,40.01,41.51,37.45,41.38,0,0
JJB_PB,D,20161207,000000,41.82,44.14,38.61,40.78,0,0
JJB_PB,D,20161208,000000,40.71,40.71,38.78,39.19,0,0
JJB_PB,D,20161209,000000,39.82,41.02,39.12,39.77,0,0
JJB_PB,D,20161212,000000,40.03,40.03,38.25,38.25,0,0
JJB_PB,D,20161213,000000,37.57,38.01,36.2,37.09,0,0
JJB_PB,D,20161214,000000,37.07,37.07,34.14,36.49,0,0
JJB_PB,D,20161215,000000,36.49,36.56,36.2,36.56,0,0
JJB_PB,D,20161216,000000,36.56,36.68,36.56,36.68,0,0
JJB_PB,D,20161219,000000,37.01,37.28,36.2,37.28,0,0
JJB_PB,D,20161220,000000,37.28,40.78,36.68,40.78,0,0
JJB_PB,D,20161221,000000,40.93,41.46,39.33,40.71,0,0
JJB_PB,D,20161222,000000,40.75,40.75,39.09,40.71,0,0
JJB_PB,D,20161223,000000,41.24,41.24,39.46,40.78,0,0
JJB_PB,D,20161227,000000,40.78,40.78,38.34,38.49,0,0
JJB_PB,D,20161228,000000,36.97,39.41,36.97,39.33,0,0
JJB_PB,D,20161229,000000,39.33,40.49,37.88,40.49,0,0
JJB_PB,D,20161230,000000,40.61,43.2,40.49,43.2,0,0
JJB_PB,D,20170102,000000,42.95,42.95,41.75,42.37,0,0
JJB_PB,D,20170103,000000,42.54,42.54,41.75,42.35,0,0
JJB_PB,D,20170104,000000,42.35,42.35,41.75,42.11,0,0
JJB_PB,D,20170105,000000,42.13,42.13,41.02,41.99,0,0
JJB_PB,D,20170109,000000,41.99,41.99,40.54,41.38,0,0
JJB_PB,D,20170110,000000,41.02,42.35,39.84,42.35,0,0
JJB_PB,D,20170111,000000,41.51,44.01,41.51,43.92,0,0
JJB_PB,D,20170112,000000,43.92,44.11,42.73,43.43,0,0
JJB_PB,D,20170113,000000,43.43,43.56,42.23,43.24,0,0
JJB_PB,D,20170116,000000,43.24,43.41,41.29,43.36,0,0
JJB_PB,D,20170117,000000,43.29,44.01,41.51,43.99,0,0
JJB_PB,D,20170118,000000,44.04,44.16,43.46,44.16,0,0
JJB_PB,D,20170119,000000,44.11,44.62,43.8,44.62,0,0
JJB_PB,D,20170120,000000,45.22,50.33,44.64,50.31,0,0
JJB_PB,D,20170123,000000,49.95,50.89,48.26,49.68,0,0
JJB_PB,D,20170124,000000,49.11,50.65,47.06,48.26,0,0
JJB_PB,D,20170125,000000,49.88,49.88,47.06,48.12,0,0
JJB_PB,D,20170126,000000,47.78,47.78,45.85,47.27,0,0
JJB_PB,D,20170127,000000,47.41,48.96,46.57,48.17,0,0
JJB_PB,D,20170130,000000,48.14,48.14,46.14,48.02,0,0
JJB_PB,D,20170131,000000,48.02,49.2,47.41,49.11,0,0
JJB_PB,D,20170201,000000,49.22,50.67,49.22,50.43,0,0
JJB_PB,D,20170202,000000,50.67,50.67,47.78,49.22,0,0
JJB_PB,D,20170203,000000,49.35,50.31,48.26,49.42,0,0
JJB_PB,D,20170206,000000,50.8,50.8,48.26,49.95,0,0
JJB_PB,D,20170207,000000,49.93,49.93,49.66,49.66,0,0
JJB_PB,D,20170208,000000,49.64,55.5,49.35,55.26,0,0
JJB_PB,D,20170209,000000,56.22,58.88,55.16,57.91,0,0
JJB_PB,D,20170210,000000,59.6,59.6,57.67,58.88,0,0
JJB_PB,D,20170213,000000,59.02,59.02,54.8,55.16,0,0
JJB_PB,D,20170214,000000,55.3,56.46,50.67,56.2,0,0
JJB_PB,D,20170215,000000,57.38,57.43,48.26,49.08,0,0
JJB_PB,D,20170216,000000,50.07,51.88,47.3,48.71,0,0
JJB_PB,D,20170217,000000,54.71,66.1,52.45,66.1,0,0
JJB_PB,D,20170220,000000,61.84,62.68,58.89,59.7,0,0
JJB_PB,D,20170221,000000,61.79,61.79,54.71,55.9,0,0
JJB_PB,D,20170222,000000,55.9,58.25,55.19,58.23,0,0
JJB_PB,D,20170223,000000,57.21,58.28,56.66,58.23,0,0
JJB_PB,D,20170224,000000,58.28,59.39,57.09,57.44,0,0
JJB_PB,D,20170227,000000,57.09,59.2,57.09,58.73,0,0
JJB_PB,D,20170228,000000,58.73,59.46,57.23,59.23,0,0
JJB_PB,D,20170301,000000,59.46,61.82,57.61,61.36,0,0
JJB_PB,D,20170302,000000,61.36,64.94,61.36,64.1,0,0
JJB_PB,D,20170303,000000,64.74,64.74,61.84,62.79,0,0
JJB_PB,D,20170306,000000,62.32,62.32,59.56,61.13,0,0
JJB_PB,D,20170307,000000,59.63,59.63,55.9,58.39,0,0
JJB_PB,D,20170308,000000,59.2,60.66,58.44,60.63,0,0
JJB_PB,D,20170309,000000,60.66,61.72,59.46,59.82,0,0
JJB_PB,D,20170310,000000,59.82,61.06,58.51,61.06,0,0
JJB_PB,D,20170313,000000,61.06,61.06,58.99,60.63,0,0
JJB_PB,D,20170314,000000,60.63,60.63,58.7,58.75,0,0
JJB_PB,D,20170315,000000,60.66,60.66,57.09,57.09,0,0
JJB_PB,D,20170316,000000,57.56,57.56,53.78,56.94,0,0
JJB_PB,D,20170317,000000,56.96,57.09,54.14,56.21,0,0
JJB_PB,D,20170320,000000,56.25,56.25,54.71,54.71,0,0
JJB_PB,D,20170321,000000,54.71,54.71,53.87,54.04,0,0
JJB_PB,D,20170322,000000,53.99,54.66,51.21,54.66,0,0
JJB_PB,D,20170323,000000,52.56,54.66,52.56,52.81,0,0
JJB_PB,D,20170324,000000,52.81,54.56,52.81,54.47,0,0
JJB_PB,D,20170327,000000,54.47,57.09,54.47,55.42,0,0
JJB_PB,D,20170328,000000,55.37,56.37,53.52,54.71,0,0
JJB_PB,D,20170329,000000,54.71,55.66,52.33,52.88,0,0
JJB_PB,D,20170330,000000,52.88,54.51,51.85,52.69,0,0
JJB_PB,D,20170331,000000,54.23,59.46,54.23,59.46,0,0
JJB_PB,D,20170403,000000,58.28,58.28,54.71,56.3,0,0
JJB_PB,D,20170404,000000,56.3,56.3,52.88,54.71,0,0
JJB_PB,D,20170405,000000,54.47,55.06,53.16,54.23,0,0
JJB_PB,D,20170406,000000,54.21,54.21,52.33,53.4,0,0
JJB_PB,D,20170407,000000,52.35,53.38,51.1,51.1,0,0
JJB_PB,D,20170410,000000,51.19,51.68,50.61,50.64,0,0
JJB_PB,D,20170411,000000,50.87,50.87,48.23,48.59,0,0
JJB_PB,D,20170412,000000,48.23,49.26,47.88,48,0,0
JJB_PB,D,20170413,000000,48.23,48.23,46.74,47.93,0,0
JJB_PB,D,20170418,000000,46.5,47.86,46.16,46.39,0,0
JJB_PB,D,20170419,000000,47.28,47.28,42.03,42.03,0,0
JJB_PB,D,20170420,000000,41.75,41.75,39.59,41.75,0,0
JJB_PB,D,20170421,000000,41.57,45.4,41.57,43.61,0,0
JJB_PB,D,20170424,000000,43.61,44.48,42.58,44.3,0,0
JJB_PB,D,20170425,000000,43.63,44.1,40.08,44.1,0,0
JJB_PB,D,20170426,000000,44.1,44.72,42.51,44.03,0,0
JJB_PB,D,20170427,000000,44.05,44.74,43.63,44.53,0,0
JJB_PB,D,20170428,000000,44.74,46.85,43.91,45.93,0,0
JJB_PB,D,20170502,000000,45.93,46.74,45.59,45.59,0,0
JJB_PB,D,20170504,000000,46.26,48.34,45.72,48.34,0,0
JJB_PB,D,20170505,000000,48.92,50.18,48.23,49.38,0,0
JJB_PB,D,20170508,000000,49.72,49.72,49.38,49.38,0,0
JJB_PB,D,20170509,000000,50.02,50.04,46.57,46.57,0,0
JJB_PB,D,20170510,000000,48.43,48.43,46.16,47.08,0,0
JJB_PB,D,20170511,000000,46.97,51.33,45.93,47.08,0,0
JJB_PB,D,20170512,000000,47.31,47.31,41.88,41.88,0,0
JJB_PB,D,20170515,000000,41.73,41.73,40.88,41.63,0,0
JJB_PB,D,20170516,000000,42.56,42.67,40.56,41.41,0,0
JJB_PB,D,20170517,000000,42.48,42.48,39.49,39.49,0,0
JJB_PB,D,20170518,000000,39.49,39.49,36.63,37.44,0,0
JJB_PB,D,20170519,000000,37.44,40.35,37.44,40.3,0,0
JJB_PB,D,20170522,000000,40.24,40.24,38.96,39.98,0,0
JJB_PB,D,20170523,000000,39.06,41.6,38.42,41.6,0,0
JJB_PB,D,20170524,000000,41.52,41.94,38.85,41.52,0,0
JJB_PB,D,20170525,000000,41.52,43.54,41.52,43.22,0,0
JJB_PB,D,20170526,000000,43.12,43.63,41.41,42.48,0,0
JJB_PB,D,20170529,000000,42.69,42.69,42.69,42.69,0,0
JJB_PB,D,20170530,000000,42.69,42.69,39.92,40.35,0,0
JJB_PB,D,20170531,000000,40.45,40.45,38.42,39.94,0,0
JJB_PB,D,20170601,000000,39.94,40.11,38.21,38.42,0,0
JJB_PB,D,20170602,000000,38.42,40.03,38.42,39.49,0,0
JJB_PB,D,20170605,000000,39.49,40.06,39.49,39.49,0,0
JJB_PB,D,20170606,000000,40.06,40.06,39.06,39.53,0,0
JJB_PB,D,20170607,000000,39.53,40.06,39.49,40.06,0,0
JJB_PB,D,20170608,000000,39.13,40.54,39.13,40.45,0,0
JJB_PB,D,20170609,000000,40.49,40.54,39.92,40.49,0,0
JJB_PB,D,20170612,000000,39.49,39.49,37.36,38.57,0,0
JJB_PB,D,20170613,000000,40.06,40.06,37.36,38.94,0,0
JJB_PB,D,20170614,000000,38.89,39.06,37.14,37.36,0,0
JJB_PB,D,20170616,000000,36.85,38.96,36.85,38.29,0,0
JJB_PB,D,20170619,000000,38.63,39.94,37.99,38.85,0,0
JJB_PB,D,20170620,000000,37.7,38.63,37.53,37.89,0,0
JJB_PB,D,20170621,000000,37.57,40.49,36.85,36.85,0,0
JJB_PB,D,20170622,000000,36.93,39.26,36.93,37.78,0,0
JJB_PB,D,20170623,000000,37.36,38.29,35.12,35.12,0,0
JJB_PB,D,20170626,000000,35.12,35.12,30.74,32.02,0,0
JJB_PB,D,20170627,000000,32.98,32.98,31.01,31.12,0,0
JJB_PB,D,20170628,000000,31.38,32.45,31.38,32.45,0,0
JJB_PB,D,20170629,000000,32.64,33.04,31.59,33.04,0,0
JJB_PB,D,20170630,000000,31.62,33.09,31.62,32.87,0,0
JJB_PB,D,20170703,000000,32.02,32.87,31.81,32.81,0,0
JJB_PB,D,20170704,000000,32.81,32.81,32.02,32.81,0,0
JJB_PB,D,20170705,000000,32.77,32.85,31.38,31.38,0,0
JJB_PB,D,20170706,000000,32.23,32.87,32.02,32.87,0,0
JJB_PB,D,20170707,000000,31.55,32.81,31.55,32.19,0,0
JJB_PB,D,20170710,000000,32.62,32.72,31.62,32.17,0,0
JJB_PB,D,20170711,000000,32.26,33.09,32.26,32.98,0,0
JJB_PB,D,20170712,000000,33.4,35.12,33.24,35.1,0,0
JJB_PB,D,20170713,000000,35.1,38.42,35.1,38.21,0,0
JJB_PB,D,20170714,000000,38.6,43.74,38.42,39.96,0,0
JJB_PB,D,20170717,000000,40.03,40.03,35.46,37.36,0,0
JJB_PB,D,20170718,000000,37.57,37.99,36.08,37.04,0,0
JJB_PB,D,20170719,000000,37.04,39.43,37.04,39.15,0,0
JJB_PB,D,20170720,000000,40.56,40.56,38.44,40.03,0,0
JJB_PB,D,20170721,000000,39.9,40.45,38.42,39.71,0,0
JJB_PB,D,20170724,000000,39.71,39.71,37.38,39.37,0,0
JJB_PB,D,20170725,000000,39.34,39.34,36.72,37.57,0,0
JJB_PB,D,20170726,000000,37.57,37.57,34.79,36.24,0,0
JJB_PB,D,20170727,000000,36.53,37.14,36.5,36.54,0,0
JJB_PB,D,20170728,000000,37.36,37.36,33.88,34.35,0,0
JJB_PB,D,20170731,000000,36.18,36.18,34.35,34.37,0,0
JJB_PB,D,20170801,000000,33.94,34.59,33.94,34.48,0,0
JJB_PB,D,20170802,000000,34.48,34.48,33.19,33.19,0,0
JJB_PB,D,20170803,000000,32.81,33.08,31.9,32.59,0,0
JJB_PB,D,20170804,000000,32.59,32.98,32.59,32.98,0,0
JJB_PB,D,20170807,000000,33.11,33.11,31.9,31.92,0,0
JJB_PB,D,20170808,000000,31.92,32.18,31.58,31.58,0,0
JJB_PB,D,20170809,000000,31.58,32.21,31.58,31.77,0,0
JJB_PB,D,20170810,000000,32.01,32.03,30.06,30.16,0,0
JJB_PB,D,20170811,000000,29.22,32.12,29.22,30.08,0,0
JJB_PB,D,20170814,000000,30.08,31.09,29.97,30.08,0,0
JJB_PB,D,20170816,000000,30.08,30.51,28.68,29.41,0,0
JJB_PB,D,20170817,000000,29.22,29.41,28.46,28.72,0,0
JJB_PB,D,20170818,000000,28.7,33.94,28.68,33.94,0,0
JJB_PB,D,20170821,000000,34.37,34.37,32.12,33.06,0,0
JJB_PB,D,20170822,000000,32.23,33.3,31.45,32.76,0,0
JJB_PB,D,20170823,000000,32.66,32.87,32.08,32.87,0,0
JJB_PB,D,20170824,000000,32.87,32.87,32.23,32.61,0,0
JJB_PB,D,20170825,000000,32.66,32.66,26.34,29.24,0,0
JJB_PB,D,20170828,000000,29.97,29.97,25.99,28.85,0,0
JJB_PB,D,20170829,000000,28.96,28.96,26.54,28.75,0,0
JJB_PB,D,20170830,000000,28.98,30.79,28.98,30.14,0,0
JJB_PB,D,20170831,000000,30.9,30.9,30.51,30.72,0,0
JJB_PB,D,20170901,000000,30.94,30.94,29.22,30.55,0,0
JJB_PB,D,20170904,000000,30.25,30.29,29.28,30.27,0,0
JJB_PB,D,20170905,000000,29.28,30.4,29.28,30.27,0,0
JJB_PB,D,20170906,000000,29.43,30.48,29.43,30.4,0,0
JJB_PB,D,20170907,000000,30.4,30.4,29.24,30.25,0,0
JJB_PB,D,20170908,000000,29.75,30.72,29.35,30.61,0,0
JJB_PB,D,20170911,000000,30.51,31.11,30.51,31.11,0,0
JJB_PB,D,20170912,000000,30.59,31.66,30.29,31.03,0,0
JJB_PB,D,20170913,000000,30.29,30.96,30.08,30.81,0,0
JJB_PB,D,20170914,000000,30.81,30.81,30.14,30.55,0,0
JJB_PB,D,20170915,000000,30.46,30.59,28.19,30.34,0,0
JJB_PB,D,20170918,000000,30.08,30.25,30.08,30.25,0,0
JJB_PB,D,20170919,000000,30.23,30.85,30.08,30.29,0,0
JJB_PB,D,20170920,000000,30.29,30.29,29.43,30.08,0,0
JJB_PB,D,20170921,000000,30.08,30.08,28.83,30.06,0,0
JJB_PB,D,20170922,000000,29.06,30.81,29.06,30.7,0,0
JJB_PB,D,20170925,000000,30.1,30.64,29.22,30.57,0,0
JJB_PB,D,20170926,000000,30.19,30.48,29.86,29.86,0,0
JJB_PB,D,20170927,000000,30.29,30.29,29.01,30.29,0,0
JJB_PB,D,20170928,000000,30.29,30.29,30.29,30.29,0,0
JJB_PB,D,20170929,000000,30.12,30.12,30.12,30.12,0,0
JJB_PB,D,20171002,000000,29.65,30.72,29.65,30.72,0,0
JJB_PB,D,20171003,000000,31.11,32.01,30.72,32.01,0,0
JJB_PB,D,20171004,000000,31.47,32.37,29.69,31.56,0,0
JJB_PB,D,20171005,000000,31.56,31.73,31.34,31.34,0,0
JJB_PB,D,20171006,000000,31.73,31.88,31.34,31.79,0,0
JJB_PB,D,20171009,000000,31.97,31.99,31.34,31.99,0,0
JJB_PB,D,20171010,000000,32.01,32.01,30.29,31.56,0,0
JJB_PB,D,20171011,000000,31.54,31.97,31.37,31.86,0,0
JJB_PB,D,20171012,000000,31.9,32.1,30.72,31.56,0,0
JJB_PB,D,20171013,000000,31.54,31.54,31.54,31.54,0,0
JJB_PB,D,20171016,000000,31.41,31.41,28.85,29.43,0,0
JJB_PB,D,20171017,000000,29.43,29.43,24.81,24.81,0,0
JJB_PB,D,20171018,000000,23.65,25.44,23.63,25.44,0,0
JJB_PB,D,20171019,000000,25.33,25.33,22.99,24.06,0,0
JJB_PB,D,20171020,000000,22.75,24.06,22.45,22.45,0,0
JJB_PB,D,20171023,000000,22.13,24.66,21.5,23.74,0,0
JJB_PB,D,20171024,000000,24.06,24.3,23.2,24.06,0,0
JJB_PB,D,20171025,000000,23.03,24.32,22.58,24.32,0,0
JJB_PB,D,20171026,000000,24.3,24.36,22.99,24.21,0,0
JJB_PB,D,20171027,000000,23.63,24.71,23.63,24.68,0,0
JJB_PB,D,20171030,000000,24.68,24.68,24.54,24.54,0,0
JJB_PB,D,20171031,000000,23.85,27.22,23.85,27.22,0,0
JJB_PB,D,20171102,000000,27.28,28.08,26.43,27.61,0,0
JJB_PB,D,20171103,000000,27.69,27.88,25.46,25.78,0,0
JJB_PB,D,20171106,000000,27.35,27.93,25.99,26.64,0,0
JJB_PB,D,20171107,000000,26.43,27.07,25.78,27.03,0,0
JJB_PB,D,20171108,000000,26.96,26.96,25.99,26.6,0,0
JJB_PB,D,20171109,000000,26.75,26.75,25.57,25.95,0,0
JJB_PB,D,20171110,000000,26.91,26.91,23.99,24.99,0,0
JJB_PB,D,20171113,000000,23.01,24.81,23.01,24.73,0,0
JJB_PB,D,20171114,000000,25.08,25.27,23.79,24.97,0,0
JJB_PB,D,20171115,000000,25.03,25.95,25.01,25.01,0,0
JJB_PB,D,20171116,000000,24.1,25.08,24.05,25.08,0,0
JJB_PB,D,20171117,000000,25.08,25.63,19.35,19.35,0,0
JJB_PB,D,20171120,000000,19.32,20.66,18.89,19.52,0,0
JJB_PB,D,20171121,000000,19.97,20.08,19.57,20.08,0,0
JJB_PB,D,20171122,000000,20.08,20.5,19.72,20.38,0,0
JJB_PB,D,20171123,000000,20.33,20.33,19.83,20.15,0,0
JJB_PB,D,20171124,000000,20.05,20.48,19.05,19.72,0,0
JJB_PB,D,20171127,000000,19.72,19.8,19.3,19.8,0,0
JJB_PB,D,20171128,000000,19.8,20.43,19.47,20.08,0,0
JJB_PB,D,20171129,000000,20.46,20.79,20.11,20.22,0,0
JJB_PB,D,20171130,000000,19.88,20.16,19.88,19.88,0,0
JJB_PB,D,20171201,000000,19.88,19.88,18.8,19.63,0,0
JJB_PB,D,20171204,000000,19.63,19.63,19.63,19.63,0,0
JJB_PB,D,20171205,000000,19.6,19.63,18.23,19.63,0,0
JJB_PB,D,20171206,000000,18.23,18.23,16.9,17.86,0,0
JJB_PB,D,20171207,000000,18.23,19.05,17.86,18.82,0,0
JJB_PB,D,20171208,000000,18.64,18.79,18.41,18.79,0,0
JJB_PB,D,20171211,000000,18.79,19,18.61,18.89,0,0
JJB_PB,D,20171212,000000,18.89,19,18.56,18.99,0,0
JJB_PB,D,20171213,000000,18.96,18.96,18.56,18.64,0,0
JJB_PB,D,20171214,000000,18.23,18.23,17.73,17.73,0,0
JJB_PB,D,20171215,000000,17.45,18.56,17.23,18.11,0,0
JJB_PB,D,20171218,000000,18.06,18.06,17.4,17.89,0,0
JJB_PB,D,20171219,000000,17.4,17.4,16.4,16.4,0,0
JJB_PB,D,20171220,000000,15.94,17.23,15.94,16.88,0,0
JJB_PB,D,20171221,000000,16.87,16.87,16.19,16.4,0,0
JJB_PB,D,20171222,000000,16.39,16.39,15.59,15.74,0,0
JJB_PB,D,20171227,000000,15.81,15.81,14.81,14.81,0,0
JJB_PB,D,20171228,000000,14.81,14.81,13.59,14.81,0,0
JJB_PB,D,20171229,000000,14.1,15.74,14.1,14.98,0,0
JJB_PB,D,20180103,000000,16.47,17.06,15.57,16.24,0,0
JJB_PB,D,20180104,000000,15.57,17.4,15.57,16.74,0,0
JJB_PB,D,20180105,000000,17.06,17.06,17.06,17.06,0,0
JJB_PB,D,20180108,000000,17.56,18.48,17.4,18.31,0,0
JJB_PB,D,20180109,000000,18.39,21.71,18.39,20.54,0,0
JJB_PB,D,20180110,000000,21.21,21.37,19.72,21.37,0,0
JJB_PB,D,20180111,000000,21.37,23.94,21.37,23.61,0,0
JJB_PB,D,20180112,000000,23.61,24.52,22.7,23.45,0,0
JJB_PB,D,20180115,000000,23.45,23.53,22.03,23.2,0,0
JJB_PB,D,20180116,000000,22.7,23.53,19.88,19.88,0,0
JJB_PB,D,20180117,000000,19.55,19.55,16.57,16.57,0,0
JJB_PB,D,20180118,000000,16.9,17.23,16.57,16.57,0,0
JJB_PB,D,20180119,000000,17.23,17.23,15.31,16.99,0,0
JJB_PB,D,20180122,000000,17.73,17.73,16.74,17.23,0,0
JJB_PB,D,20180123,000000,16.74,17.15,15.97,16.53,0,0
JJB_PB,D,20180124,000000,16.53,16.65,16.04,16.65,0,0
JJB_PB,D,20180125,000000,16.57,18.72,16.57,17.89,0,0
JJB_PB,D,20180126,000000,17.98,18.39,17.56,17.89,0,0
JJB_PB,D,20180129,000000,17.73,18.23,17.4,17.98,0,0
JJB_PB,D,20180130,000000,17.89,17.89,17.23,17.23,0,0
JJB_PB,D,20180131,000000,17.23,17.4,15.74,17.4,0,0
JJB_PB,D,20180201,000000,17.4,17.4,15.67,15.67,0,0
JJB_PB,D,20180202,000000,16.34,16.37,15.74,15.74,0,0
JJB_PB,D,20180205,000000,15.77,16.24,15.77,16.07,0,0
JJB_PB,D,20180206,000000,15.61,15.74,15.25,15.74,0,0
JJB_PB,D,20180207,000000,15.91,16.24,15.74,16.24,0,0
JJB_PB,D,20180208,000000,15.74,16.24,15.74,15.74,0,0
JJB_PB,D,20180209,000000,15.67,16.21,15.61,16.21,0,0
JJB_PB,D,20180212,000000,16.21,16.21,15.91,15.91,0,0
JJB_PB,D,20180213,000000,15.74,16.07,15.57,16.04,0,0
JJB_PB,D,20180214,000000,16.21,17.15,15.91,16.82,0,0
JJB_PB,D,20180215,000000,16.9,16.9,16.1,16.74,0,0
JJB_PB,D,20180216,000000,16.82,16.9,16.24,16.82,0,0
JJB_PB,D,20180219,000000,16.9,16.9,16.65,16.65,0,0
JJB_PB,D,20180220,000000,16.57,17.56,16.57,17.23,0,0
JJB_PB,D,20180221,000000,17.31,17.65,16.9,17.65,0,0
JJB_PB,D,20180222,000000,17.73,17.98,17.23,17.98,0,0
JJB_PB,D,20180223,000000,17.89,18.06,17.15,17.98,0,0
JJB_PB,D,20180226,000000,17.89,17.89,16.57,16.57,0,0
JJB_PB,D,20180227,000000,16.57,16.82,15.77,16.4,0,0
JJB_PB,D,20180228,000000,16.74,16.74,15.74,15.91,0,0
JJB_PB,D,20180301,000000,15.91,16.37,15.77,16.34,0,0
JJB_PB,D,20180302,000000,16.24,16.34,15.54,16.14,0,0
JJB_PB,D,20180305,000000,15.91,15.91,15.25,15.74,0,0
JJB_PB,D,20180306,000000,15.74,17.31,15.74,16.4,0,0
JJB_PB,D,20180307,000000,16.47,17.56,16.4,17.4,0,0
JJB_PB,D,20180308,000000,17.4,18.89,16.9,18.06,0,0
JJB_PB,D,20180309,000000,18.23,18.64,17.89,17.89,0,0
JJB_PB,D,20180312,000000,17.89,20.46,17.89,19.63,0,0
JJB_PB,D,20180313,000000,20.22,20.22,18.89,19.14,0,0
JJB_PB,D,20180314,000000,18.72,19.88,17.56,19.39,0,0
JJB_PB,D,20180315,000000,19.55,21.37,18.89,21.04,0,0
JJB_PB,D,20180316,000000,21.46,22.03,19.55,20.38,0,0
JJB_PB,D,20180319,000000,20.38,21.21,19.88,20.71,0,0
JJB_PB,D,20180320,000000,20.71,21.2,19.97,21.2,0,0
JJB_PB,D,20180321,000000,21.46,21.46,19.38,19.64,0,0
JJB_PB,D,20180322,000000,20.07,22.2,19.64,22.2,0,0
JJB_PB,D,20180323,000000,21.83,23.34,20.88,22.68,0,0
JJB_PB,D,20180326,000000,22.96,23.16,22.68,22.68,0,0
JJB_PB,D,20180327,000000,22.77,23.34,21.92,22.2,0,0
JJB_PB,D,20180328,000000,22.11,22.59,21.26,21.63,0,0
JJB_PB,D,20180329,000000,22.2,22.2,21.63,22.2,0,0
JJB_PB,D,20180403,000000,21.83,22.77,21.83,22.77,0,0
JJB_PB,D,20180404,000000,23.06,23.06,21.63,21.83,0,0
JJB_PB,D,20180405,000000,21.83,22.59,21.73,22.39,0,0
JJB_PB,D,20180406,000000,22.2,22.39,21.54,21.54,0,0
JJB_PB,D,20180409,000000,22.2,22.2,21.16,22.2,0,0
JJB_PB,D,20180410,000000,21.26,23.53,21.26,22.59,0,0
JJB_PB,D,20180411,000000,23.06,23.06,21.45,22.49,0,0
JJB_PB,D,20180412,000000,22.49,22.77,21.54,22.77,0,0
JJB_PB,D,20180413,000000,22.11,23.34,22.11,23.16,0,0
JJB_PB,D,20180416,000000,23.16,23.16,21.63,21.73,0,0
JJB_PB,D,20180417,000000,22.39,22.39,21.26,21.45,0,0
JJB_PB,D,20180418,000000,22.02,22.02,21.26,22.02,0,0
JJB_PB,D,20180419,000000,21.45,21.45,20.88,20.88,0,0
JJB_PB,D,20180420,000000,22.39,23.91,22.3,23.82,0,0
JJB_PB,D,20180423,000000,22.87,26.38,22.87,26.38,0,0
JJB_PB,D,20180424,000000,26.38,26.67,24.67,25.72,0,0
JJB_PB,D,20180425,000000,24.39,26,23.91,25.72,0,0
JJB_PB,D,20180426,000000,25.43,27.9,24.86,27.71,0,0
JJB_PB,D,20180427,000000,27.99,27.99,25.62,26.85,0,0
JJB_PB,D,20180430,000000,27.33,27.33,21.92,22.77,0,0
JJB_PB,D,20180502,000000,23.06,23.25,21.26,22.68,0,0
JJB_PB,D,20180504,000000,22.68,23.06,21.54,22.59,0,0
JJB_PB,D,20180507,000000,22.77,23.06,22.02,22.68,0,0
JJB_PB,D,20180508,000000,22.96,22.96,21.83,22.39,0,0
JJB_PB,D,20180509,000000,22.3,22.3,19.36,19.93,0,0
JJB_PB,D,20180510,000000,21.06,21.83,19.93,20.88,0,0
JJB_PB,D,20180511,000000,20.88,23.25,20.4,22.87,0,0
JJB_PB,D,20180514,000000,23.82,24.1,22.96,23.63,0,0
JJB_PB,D,20180515,000000,23.91,23.91,21.83,22.39,0,0
JJB_PB,D,20180516,000000,22.11,24.48,22.11,24.48,0,0
JJB_PB,D,20180517,000000,24.39,26,24.01,24.2,0,0
JJB_PB,D,20180518,000000,23.53,24.96,23.16,24.67,0,0
JJB_PB,D,20180521,000000,24.77,24.77,16.18,16.18,0,0
JJB_PB,D,20180522,000000,16.18,16.18,14.97,15.93,0,0
JJB_PB,D,20180523,000000,15.93,16.25,15.1,15.93,0,0
JJB_PB,D,20180524,000000,14.84,15.87,14.78,15.17,0,0
JJB_PB,D,20180525,000000,15.1,16.44,15.1,16.44,0,0
JJB_PB,D,20180528,000000,16.44,16.44,14.78,15.93,0,0
JJB_PB,D,20180529,000000,15.42,16.12,15.29,15.8,0,0
JJB_PB,D,20180530,000000,15.55,15.93,14.97,15.93,0,0
JJB_PB,D,20180601,000000,16.06,16.06,15.42,16.06,0,0
JJB_PB,D,20180604,000000,15.99,16.38,15.29,16.31,0,0
JJB_PB,D,20180605,000000,16.38,16.38,15.36,15.8,0,0
JJB_PB,D,20180606,000000,15.93,17.91,15.55,17.33,0,0
JJB_PB,D,20180607,000000,17.27,17.58,16.57,17.08,0,0
JJB_PB,D,20180608,000000,17.01,18.1,15.93,18.1,0,0
JJB_PB,D,20180611,000000,18.35,18.35,15.61,16.06,0,0
JJB_PB,D,20180612,000000,16.06,16.06,15.29,15.68,0,0
JJB_PB,D,20180613,000000,15.42,15.55,14.84,15.29,0,0
JJB_PB,D,20180614,000000,15.55,15.87,14.72,15.29,0,0
JJB_PB,D,20180615,000000,15.8,16.31,15.29,15.93,0,0
JJB_PB,D,20180618,000000,15.93,16.06,15.29,15.8,0,0
JJB_PB,D,20180619,000000,15.36,15.74,15.17,15.61,0,0
JJB_PB,D,20180620,000000,15.29,15.61,14.91,15.55,0,0
JJB_PB,D,20180621,000000,15.29,15.61,15.17,15.55,0,0
JJB_PB,D,20180622,000000,15.55,15.68,15.17,15.29,0,0
JJB_PB,D,20180625,000000,15.68,15.68,14.47,14.66,0,0
JJB_PB,D,20180626,000000,14.4,14.91,13.89,14.59,0,0
JJB_PB,D,20180627,000000,14.84,14.84,13.83,14.02,0,0
JJB_PB,D,20180628,000000,14.21,14.78,13.44,13.83,0,0
JJB_PB,D,20180629,000000,14.02,14.53,14.02,14.53,0,0
JJB_PB,D,20180702,000000,14.02,14.14,13.7,14.02,0,0
JJB_PB,D,20180703,000000,13.76,14.02,13.7,14.02,0,0
JJB_PB,D,20180704,000000,13.89,14.53,13.89,14.27,0,0
JJB_PB,D,20180705,000000,14.08,14.27,13.64,13.76,0,0
JJB_PB,D,20180706,000000,13.83,14.27,13.76,14.27,0,0
JJB_PB,D,20180709,000000,14.27,15.23,13.32,13.32,0,0
JJB_PB,D,20180710,000000,13.25,13.25,11.98,12.08,0,0
JJB_PB,D,20180711,000000,12.23,13.06,11.83,11.98,0,0
JJB_PB,D,20180712,000000,11.55,12.18,11.21,11.34,0,0
JJB_PB,D,20180713,000000,11.37,12.11,11.37,11.98,0,0
JJB_PB,D,20180716,000000,11.98,12.08,11.8,11.85,0,0
JJB_PB,D,20180717,000000,11.73,11.98,11.34,11.67,0,0
JJB_PB,D,20180718,000000,11.37,11.47,10.25,11.09,0,0
JJB_PB,D,20180719,000000,10.94,11.73,10.58,11.09,0,0
JJB_PB,D,20180720,000000,10.7,11.21,10.43,10.81,0,0
JJB_PB,D,20180723,000000,11.06,11.21,10.99,11.04,0,0
JJB_PB,D,20180724,000000,11.34,11.47,10.58,11.21,0,0
JJB_PB,D,20180725,000000,11.21,11.85,11.11,11.11,0,0
JJB_PB,D,20180726,000000,11.6,11.6,10.96,11.27,0,0
JJB_PB,D,20180727,000000,10.96,11.39,10.45,11.09,0,0
JJB_PB,D,20180730,000000,10.83,11.6,10.83,11.34,0,0
JJB_PB,D,20180731,000000,11.7,12.08,11.6,11.93,0,0
JJB_PB,D,20180801,000000,11.98,12.23,11.65,11.88,0,0
JJB_PB,D,20180802,000000,11.73,11.78,11.37,11.44,0,0
JJB_PB,D,20180803,000000,11.85,11.85,11.21,11.47,0,0
JJB_PB,D,20180806,000000,11.7,11.7,10.99,11.39,0,0
JJB_PB,D,20180807,000000,11.39,11.39,10.7,10.99,0,0
JJB_PB,D,20180808,000000,11.06,11.42,10.94,11.14,0,0
JJB_PB,D,20180809,000000,11.09,11.55,10.83,11.09,0,0
JJB_PB,D,20180810,000000,11.09,11.09,10.65,10.83,0,0
JJB_PB,D,20180813,000000,10.86,11.09,10.5,10.96,0,0
JJB_PB,D,20180814,000000,10.96,11.47,10.48,10.48,0,0
JJB_PB,D,20180816,000000,10.48,10.48,9.03,9.11,0,0
JJB_PB,D,20180817,000000,9.46,9.46,8.93,9.16,0,0
JJB_PB,D,20180820,000000,9.36,9.83,9.23,9.43,0,0
JJB_PB,D,20180821,000000,9.6,10.73,9.53,10.6,0,0
JJB_PB,D,20180822,000000,10.85,10.9,10.43,10.58,0,0
JJB_PB,D,20180823,000000,10.38,10.73,9.98,9.98,0,0
JJB_PB,D,20180824,000000,10.6,10.6,9.86,9.98,0,0
JJB_PB,D,20180827,000000,10.25,10.25,9.73,9.95,0,0
JJB_PB,D,20180828,000000,9.95,9.95,8.98,8.98,0,0
JJB_PB,D,20180829,000000,8.9,8.96,7.98,8.26,0,0
JJB_PB,D,20180830,000000,7.91,8.08,6.36,6.86,0,0
JJB_PB,D,20180831,000000,7.21,7.61,6.24,7.36,0,0
JJB_PB,D,20180903,000000,7.46,7.48,6.86,7.11,0,0
JJB_PB,D,20180904,000000,7.23,7.23,6.73,6.86,0,0
JJB_PB,D,20180905,000000,6.96,7.04,6.49,6.96,0,0
JJB_PB,D,20180906,000000,7.04,7.04,6.16,6.24,0,0
JJB_PB,D,20180907,000000,6.26,6.81,6.26,6.69,0,0
JJB_PB,D,20180910,000000,6.69,7.48,6.49,7.34,0,0
JJB_PB,D,20180911,000000,7.34,8.73,7.34,8.73,0,0
JJB_PB,D,20180912,000000,8.58,8.68,7.56,8.06,0,0
JJB_PB,D,20180913,000000,8.48,8.48,7.78,8.11,0,0
JJB_PB,D,20180914,000000,8.23,8.23,7.48,7.66,0,0
JJB_PB,D,20180917,000000,7.66,8.36,7.66,8.31,0,0
JJB_PB,D,20180918,000000,8.33,8.33,7.61,7.81,0,0
JJB_PB,D,20180919,000000,7.98,7.98,7.39,7.93,0,0
JJB_PB,D,20180920,000000,8.11,8.56,7.73,8.51,0,0
JJB_PB,D,20180921,000000,8.53,9.36,8.53,9.11,0,0
JJB_PB,D,20180924,000000,9.48,9.98,9.36,9.48,0,0
JJB_PB,D,20180925,000000,9.86,9.86,9.36,9.81,0,0
JJB_PB,D,20180926,000000,9.98,9.98,9.36,9.68,0,0
JJB_PB,D,20180927,000000,9.48,10.15,9.36,10.1,0,0
JJB_PB,D,20180928,000000,10.08,10.08,9.43,9.43,0,0
JJB_PB,D,20181001,000000,9.48,9.93,8.58,8.58,0,0
JJB_PB,D,20181002,000000,8.36,9.23,8.36,9.16,0,0
JJB_PB,D,20181003,000000,9.11,9.9,9.11,9.55,0,0
JJB_PB,D,20181004,000000,9.7,9.95,9.48,9.83,0,0
JJB_PB,D,20181005,000000,9.73,9.98,9.73,9.93,0,0
JJB_PB,D,20181008,000000,10.13,10.13,9.86,9.98,0,0
JJB_PB,D,20181009,000000,9.9,10.08,9.86,9.98,0,0
JJB_PB,D,20181010,000000,10.08,10.08,9.36,9.73,0,0
JJB_PB,D,20181011,000000,9.36,9.36,8.86,9.36,0,0
JJB_PB,D,20181012,000000,8.88,9.48,8.88,9.33,0,0
JJB_PB,D,20181015,000000,8.98,9.48,8.98,9.36,0,0
JJB_PB,D,20181016,000000,9.46,9.46,9.06,9.46,0,0
JJB_PB,D,20181017,000000,9.13,9.43,8.98,9.08,0,0
JJB_PB,D,20181018,000000,9.36,9.36,8.36,8.71,0,0
JJB_PB,D,20181019,000000,8.66,8.88,8.61,8.81,0,0
JJB_PB,D,20181022,000000,8.9,9.11,8.48,8.58,0,0
JJB_PB,D,20181023,000000,8.58,9.06,8.23,8.73,0,0
JJB_PB,D,20181024,000000,8.96,12.05,8.96,11,0,0
JJB_PB,D,20181025,000000,10.85,11.45,10.48,10.6,0,0
JJB_PB,D,20181026,000000,10.73,12.35,10.73,12.2,0,0
JJB_PB,D,20181029,000000,12.35,16.09,12.35,15.28,0,0
JJB_PB,D,20181030,000000,15.09,15.84,13.1,14.84,0,0
JJB_PB,D,20181031,000000,15.41,15.41,13.1,13.16,0,0
JJB_PB,D,20181102,000000,13.66,14.47,12.85,13.47,0,0
JJB_PB,D,20181105,000000,14.1,14.72,13.47,13.47,0,0
JJB_PB,D,20181106,000000,14.03,14.03,12.6,13.72,0,0
JJB_PB,D,20181107,000000,13.72,13.72,12.6,13.1,0,0
JJB_PB,D,20181108,000000,7.68,10.2,7.68,7.91,0,0
JJB_PB,D,20181109,000000,7.23,7.31,6.39,6.83,0,0
JJB_PB,D,20181113,000000,6.86,7.36,6.21,6.21,0,0
JJB_PB,D,20181114,000000,6.21,6.41,5.24,5.24,0,0
JJB_PB,D,20181115,000000,5.24,5.43,4.76,5.11,0,0
JJB_PB,D,20181116,000000,5.24,5.8,4.88,5.55,0,0
JJB_PB,D,20181119,000000,5.55,5.55,5,5.17,0,0
JJB_PB,D,20181120,000000,4.91,5.02,3.79,3.79,0,0
JJB_PB,D,20181121,000000,3.54,3.88,3.33,3.68,0,0
JJB_PB,D,20181122,000000,3.74,3.74,3.17,3.64,0,0
JJB_PB,D,20181123,000000,3.77,4.9,3.77,4.58,0,0
JJB_PB,D,20181126,000000,4.69,4.77,4.3,4.35,0,0
JJB_PB,D,20181127,000000,4.47,4.47,3.97,4.37,0,0
JJB_PB,D,20181128,000000,4.4,4.98,4.27,4.96,0,0
JJB_PB,D,20181129,000000,4.91,5.02,4.65,4.65,0,0
JJB_PB,D,20181130,000000,4.81,4.81,4.15,4.4,0,0
JJB_PB,D,20181203,000000,4.4,4.85,4.4,4.69,0,0
JJB_PB,D,20181204,000000,4.69,4.69,4.21,4.27,0,0
JJB_PB,D,20181205,000000,4.17,4.38,4.17,4.3,0,0
JJB_PB,D,20181206,000000,4.2,4.25,4.12,4.21,0,0
JJB_PB,D,20181207,000000,4.21,4.25,4.1,4.11,0,0
JJB_PB,D,20181210,000000,4.12,4.12,4,4.11,0,0
JJB_PB,D,20181211,000000,4.06,4.27,4.05,4.15,0,0
JJB_PB,D,20181212,000000,4.07,4.07,3.84,4.01,0,0
JJB_PB,D,20181213,000000,3.93,4.31,3.93,4.07,0,0
JJB_PB,D,20181214,000000,4.23,4.27,3.92,4.12,0,0
JJB_PB,D,20181217,000000,4.11,4.93,3.98,4.52,0,0
JJB_PB,D,20181218,000000,4.51,4.71,4.22,4.41,0,0
JJB_PB,D,20181219,000000,4.41,4.61,4.21,4.23,0,0
JJB_PB,D,20181220,000000,4.23,4.27,4.03,4.03,0,0
JJB_PB,D,20181221,000000,4.08,4.33,3.96,4.07,0,0
JJB_PB,D,20181227,000000,4.07,4.17,3.94,3.97,0,0
JJB_PB,D,20181228,000000,4.02,4.12,3.89,4.06,0,0
JJB_PB,D,20190102,000000,4.08,4.08,3.89,3.91,0,0
JJB_PB,D,20190103,000000,3.91,4.46,3.91,4.32,0,0
JJB_PB,D,20190104,000000,4.31,4.69,4.12,4.65,0,0
JJB_PB,D,20190107,000000,4.62,4.65,4.41,4.52,0,0
JJB_PB,D,20190108,000000,4.58,4.61,4.4,4.57,0,0
JJB_PB,D,20190109,000000,4.57,5.31,4.52,5.06,0,0
JJB_PB,D,20190110,000000,5.07,5.07,4.84,4.93,0,0
JJB_PB,D,20190111,000000,5.02,5.17,4.79,5.02,0,0
JJB_PB,D,20190114,000000,5.02,5.53,5.02,5.34,0,0
JJB_PB,D,20190115,000000,5.36,5.36,5.07,5.2,0,0
JJB_PB,D,20190116,000000,5.07,5.07,4.79,4.9,0,0
JJB_PB,D,20190117,000000,4.84,4.84,4.57,4.71,0,0
JJB_PB,D,20190118,000000,4.71,4.98,4.6,4.98,0,0
JJB_PB,D,20190121,000000,5.01,5.01,4.75,4.9,0,0
JJB_PB,D,20190122,000000,4.77,4.89,4.65,4.89,0,0
JJB_PB,D,20190123,000000,4.89,5.09,4.71,5.09,0,0
JJB_PB,D,20190124,000000,5.07,5.2,4.84,4.96,0,0
JJB_PB,D,20190125,000000,4.99,5.01,4.74,4.93,0,0
JJB_PB,D,20190128,000000,4.93,4.93,4.46,4.46,0,0
JJB_PB,D,20190129,000000,4.51,4.61,4.4,4.46,0,0
JJB_PB,D,20190130,000000,4.52,4.52,4.33,4.33,0,0
JJB_PB,D,20190131,000000,4.33,4.45,4.27,4.33,0,0
JJB_PB,D,20190201,000000,4.27,4.35,4.22,4.35,0,0
JJB_PB,D,20190204,000000,4.35,4.66,4.21,4.42,0,0
JJB_PB,D,20190205,000000,4.46,4.65,4.46,4.53,0,0
JJB_PB,D,20190206,000000,4.64,4.64,4.33,4.33,0,0
JJB_PB,D,20190207,000000,4.36,4.45,4.21,4.27,0,0
JJB_PB,D,20190208,000000,4.27,4.47,4.27,4.32,0,0
JJB_PB,D,20190211,000000,4.33,4.33,4.08,4.08,0,0
JJB_PB,D,20190212,000000,4.28,4.28,4.08,4.12,0,0
JJB_PB,D,20190213,000000,4.18,4.21,4.1,4.15,0,0
JJB_PB,D,20190214,000000,4.15,4.21,4.02,4.02,0,0
JJB_PB,D,20190215,000000,4.15,4.26,3.89,4.2,0,0
JJB_PB,D,20190218,000000,4.15,4.3,4.15,4.26,0,0
JJB_PB,D,20190219,000000,4.26,4.4,4.02,4.37,0,0
JJB_PB,D,20190220,000000,4.37,4.37,3.97,4.2,0,0
JJB_PB,D,20190221,000000,4.03,4.17,3.87,4.13,0,0
JJB_PB,D,20190222,000000,4.11,4.21,3.94,4.21,0,0
JJB_PB,D,20190225,000000,4.05,4.33,4.05,4.31,0,0
JJB_PB,D,20190226,000000,4.18,4.3,4.15,4.3,0,0
JJB_PB,D,20190227,000000,4.3,4.3,4.17,4.27,0,0
JJB_PB,D,20190228,000000,4.27,4.31,4.08,4.08,0,0
JJB_PB,D,20190301,000000,4.21,4.65,4.15,4.58,0,0
JJB_PB,D,20190304,000000,4.71,4.88,4.45,4.45,0,0
JJB_PB,D,20190305,000000,4.47,4.58,4.21,4.25,0,0
JJB_PB,D,20190306,000000,4.25,4.43,4.07,4.42,0,0
JJB_PB,D,20190307,000000,4.58,4.58,4.11,4.52,0,0
JJB_PB,D,20190308,000000,4.52,4.52,4.07,4.31,0,0
JJB_PB,D,20190311,000000,4.21,4.38,4.08,4.23,0,0
JJB_PB,D,20190312,000000,4.23,4.52,4.23,4.32,0,0
JJB_PB,D,20190313,000000,4.45,4.51,4.33,4.5,0,0
JJB_PB,D,20190314,000000,4.6,4.7,4.47,4.47,0,0
JJB_PB,D,20190315,000000,4.64,4.85,4.52,4.84,0,0
JJB_PB,D,20190318,000000,4.84,4.88,4.7,4.86,0,0
JJB_PB,D,20190319,000000,4.9,5.09,4.89,4.9,0,0
JJB_PB,D,20190320,000000,4.9,4.9,4.55,4.76,0,0
JJB_PB,D,20190321,000000,4.76,4.76,4.47,4.62,0,0
JJB_PB,D,20190322,000000,4.83,4.83,4.46,4.65,0,0
JJB_PB,D,20190325,000000,4.58,4.58,4.38,4.53,0,0
JJB_PB,D,20190326,000000,4.46,4.58,4.4,4.55,0,0
JJB_PB,D,20190327,000000,4.67,4.69,4.48,4.57,0,0
JJB_PB,D,20190328,000000,4.57,4.64,4.46,4.58,0,0
JJB_PB,D,20190329,000000,4.62,4.62,4.45,4.58,0,0
JJB_PB,D,20190401,000000,4.64,4.71,4.5,4.71,0,0
JJB_PB,D,20190402,000000,4.71,4.72,4.51,4.61,0,0
JJB_PB,D,20190403,000000,4.65,4.71,4.52,4.6,0,0
JJB_PB,D,20190404,000000,4.6,4.62,4.37,4.4,0,0
JJB_PB,D,20190405,000000,4.43,4.57,4.33,4.56,0,0
JJB_PB,D,20190408,000000,4.56,4.56,4.4,4.52,0,0
JJB_PB,D,20190409,000000,4.52,4.52,4.4,4.52,0,0
JJB_PB,D,20190410,000000,4.46,4.46,4.27,4.36,0,0
JJB_PB,D,20190411,000000,4.4,4.51,4.36,4.38,0,0
JJB_PB,D,20190412,000000,4.38,4.46,4.36,4.36,0,0
JJB_PB,D,20190415,000000,4.4,4.48,4.36,4.46,0,0
JJB_PB,D,20190416,000000,4.36,4.4,4.36,4.37,0,0
JJB_PB,D,20190417,000000,4.37,4.37,4.27,4.31,0,0
JJB_PB,D,20190418,000000,4.31,4.4,4.15,4.33,0,0
JJB_PB,D,20190423,000000,4.52,4.52,4.19,4.38,0,0
JJB_PB,D,20190424,000000,4.38,4.47,4.38,4.47,0,0
JJB_PB,D,20190425,000000,4.46,4.46,4.42,4.44,0,0
JJB_PB,D,20190426,000000,4.42,4.52,4.2,4.51,0,0
JJB_PB,D,20190429,000000,4.34,4.42,4.34,4.42,0,0
JJB_PB,D,20190430,000000,4.42,4.51,4.33,4.44,0,0
JJB_PB,D,20190502,000000,4.37,4.46,4.2,4.23,0,0
JJB_PB,D,20190506,000000,4.24,4.24,3.89,4.03,0,0
JJB_PB,D,20190507,000000,4.1,4.19,4,4,0,0
JJB_PB,D,20190508,000000,4,4.26,3.91,4.26,0,0
JJB_PB,D,20190509,000000,4.37,4.42,4.24,4.38,0,0
JJB_PB,D,20190510,000000,4.42,4.42,4.02,4.21,0,0
JJB_PB,D,20190513,000000,4.29,4.29,4.02,4.02,0,0
JJB_PB,D,20190514,000000,4.02,4.25,4.02,4.25,0,0
JJB_PB,D,20190515,000000,4.08,4.19,4,4.02,0,0
JJB_PB,D,20190516,000000,4.14,4.2,3.9,4.01,0,0
JJB_PB,D,20190517,000000,4,4.11,3.98,4.02,0,0
JJB_PB,D,20190520,000000,4,4.19,4,4.03,0,0
JJB_PB,D,20190521,000000,4.07,4.14,3.59,4.14,0,0
JJB_PB,D,20190522,000000,4.14,4.27,4,4.02,0,0
JJB_PB,D,20190523,000000,4.03,4.48,3.98,4.45,0,0
JJB_PB,D,20190524,000000,4.48,4.64,4.48,4.64,0,0
JJB_PB,D,20190527,000000,4.37,4.6,4.37,4.56,0,0
JJB_PB,D,20190528,000000,4.29,4.29,3.87,3.97,0,0
JJB_PB,D,20190529,000000,3.97,4.21,3.9,4.04,0,0
JJB_PB,D,20190530,000000,4.02,4.2,3.93,4.1,0,0
JJB_PB,D,20190531,000000,4.1,4.1,3.91,4.07,0,0
JJB_PB,D,20190603,000000,4.06,4.1,3.86,4.1,0,0
JJB_PB,D,20190604,000000,4.09,4.09,3.73,4.03,0,0
JJB_PB,D,20190605,000000,3.93,3.93,3.6,3.66,0,0
JJB_PB,D,20190606,000000,3.8,3.8,3.21,3.5,0,0
JJB_PB,D,20190607,000000,3.49,3.49,3.22,3.22,0,0
JJB_PB,D,20190610,000000,3.27,3.52,3.2,3.49,0,0
JJB_PB,D,20190611,000000,3.55,3.55,3.35,3.43,0,0
JJB_PB,D,20190612,000000,3.43,3.43,3.35,3.35,0,0
JJB_PB,D,20190613,000000,3.35,3.62,3.35,3.53,0,0
JJB_PB,D,20190614,000000,3.6,3.6,3.42,3.5,0,0
JJB_PB,D,20190617,000000,3.42,3.64,3.27,3.59,0,0
JJB_PB,D,20190618,000000,3.57,3.59,3.42,3.42,0,0
JJB_PB,D,20190619,000000,3.43,3.61,3.43,3.46,0,0
JJB_PB,D,20190621,000000,3.49,3.56,3.39,3.56,0,0
JJB_PB,D,20190624,000000,3.56,3.56,3.27,3.42,0,0
JJB_PB,D,20190625,000000,3.47,3.47,3.47,3.47,0,0
JJB_PB,D,20190626,000000,3.47,3.47,3.36,3.4,0,0
JJB_PB,D,20190627,000000,3.37,3.52,3.36,3.52,0,0
JJB_PB,D,20190628,000000,3.52,3.52,3.39,3.39,0,0
JJB_PB,D,20190701,000000,3.47,3.47,3.47,3.47,0,0
JJB_PB,D,20190702,000000,3.46,3.5,3.42,3.42,0,0
JJB_PB,D,20190703,000000,3.49,3.59,3.49,3.59,0,0
JJB_PB,D,20190704,000000,3.73,3.82,3.55,3.55,0,0
JJB_PB,D,20190705,000000,3.73,3.8,3.67,3.8,0,0
JJB_PB,D,20190708,000000,3.83,3.83,3.56,3.66,0,0
JJB_PB,D,20190709,000000,3.7,3.7,3.5,3.55,0,0
JJB_PB,D,20190710,000000,3.55,3.56,3.42,3.56,0,0
JJB_PB,D,20190711,000000,3.6,3.6,3.29,3.52,0,0
JJB_PB,D,20190712,000000,3.52,3.52,3.27,3.39,0,0
JJB_PB,D,20190715,000000,3.32,3.39,3.3,3.3,0,0
JJB_PB,D,20190716,000000,3.3,3.62,3.27,3.56,0,0
JJB_PB,D,20190717,000000,3.33,3.55,3.33,3.55,0,0
JJB_PB,D,20190718,000000,3.55,3.6,3.55,3.55,0,0
JJB_PB,D,20190719,000000,3.55,3.55,3.44,3.49,0,0
JJB_PB,D,20190722,000000,3.47,3.47,3.31,3.32,0,0
JJB_PB,D,20190723,000000,3.44,3.46,3.3,3.44,0,0
JJB_PB,D,20190724,000000,3.44,3.44,3.35,3.42,0,0
JJB_PB,D,20190725,000000,3.4,3.42,3.15,3.33,0,0
JJB_PB,D,20190726,000000,3.33,3.33,3.33,3.33,0,0
JJB_PB,D,20190729,000000,3.32,3.32,3.08,3.32,0,0
JJB_PB,D,20190730,000000,3.17,3.35,3.13,3.29,0,0
JJB_PB,D,20190731,000000,3.29,3.35,3.19,3.35,0,0
JJB_PB,D,20190801,000000,3.33,3.37,3.27,3.27,0,0
JJB_PB,D,20190802,000000,3.27,3.27,3.13,3.26,0,0
JJB_PB,D,20190805,000000,3.26,3.26,3.06,3.19,0,0
JJB_PB,D,20190806,000000,3.29,3.29,3.12,3.26,0,0
JJB_PB,D,20190807,000000,3.27,3.7,3.12,3.66,0,0
JJB_PB,D,20190808,000000,3.7,4.14,3.56,4.1,0,0
JJB_PB,D,20190809,000000,4.18,4.4,3.91,3.95,0,0
JJB_PB,D,20190812,000000,3.95,4.03,3.66,3.66,0,0
JJB_PB,D,20190813,000000,3.63,3.75,3.47,3.75,0,0
JJB_PB,D,20190814,000000,3.71,3.76,3.56,3.75,0,0
JJB_PB,D,20190816,000000,3.57,3.77,3.43,3.56,0,0
JJB_PB,D,20190819,000000,3.56,3.76,3.25,3.25,0,0
JJB_PB,D,20190820,000000,3.25,3.25,3.24,3.24,0,0
JJB_PB,D,20190821,000000,3.29,3.29,3.16,3.16,0,0
JJB_PB,D,20190822,000000,3.16,3.25,3.06,3.25,0,0
JJB_PB,D,20190823,000000,3.25,3.25,3.24,3.24,0,0
JJB_PB,D,20190826,000000,3.25,3.29,3.11,3.28,0,0
JJB_PB,D,20190827,000000,3.29,3.64,3.29,3.64,0,0
JJB_PB,D,20190828,000000,3.64,3.73,3.43,3.52,0,0
JJB_PB,D,20190829,000000,3.51,3.52,3.34,3.47,0,0
JJB_PB,D,20190830,000000,3.47,3.53,3.23,3.51,0,0
JJB_PB,D,20190902,000000,3.51,3.51,3.29,3.41,0,0
JJB_PB,D,20190903,000000,3.34,3.62,3.28,3.62,0,0
JJB_PB,D,20190904,000000,3.58,3.79,3.55,3.69,0,0
JJB_PB,D,20190905,000000,3.77,4.03,3.61,4.02,0,0
JJB_PB,D,20190906,000000,4.02,4.15,3.8,3.85,0,0
JJB_PB,D,20190909,000000,4.05,4.05,3.68,3.77,0,0
JJB_PB,D,20190910,000000,3.55,3.79,3.55,3.79,0,0
JJB_PB,D,20190911,000000,3.79,3.98,3.74,3.97,0,0
JJB_PB,D,20190912,000000,3.97,4,3.79,3.92,0,0
JJB_PB,D,20190913,000000,3.63,3.78,3.61,3.75,0,0
JJB_PB,D,20190916,000000,3.68,3.68,3.37,3.41,0,0
JJB_PB,D,20190917,000000,3.1,3.41,3.1,3.19,0,0
JJB_PB,D,20190918,000000,3.16,3.4,3.1,3.38,0,0
JJB_PB,D,20190919,000000,3.23,3.35,3.2,3.31,0,0
JJB_PB,D,20190920,000000,3.29,3.31,3.21,3.31,0,0
JJB_PB,D,20190923,000000,3.31,3.52,3.19,3.47,0,0
JJB_PB,D,20190924,000000,3.37,3.4,3.24,3.38,0,0
JJB_PB,D,20190925,000000,3.37,3.37,3.16,3.26,0,0
JJB_PB,D,20190926,000000,3.26,3.34,3.17,3.33,0,0
JJB_PB,D,20190927,000000,3.2,3.33,3.17,3.33,0,0
JJB_PB,D,20190930,000000,3.29,3.29,3.16,3.26,0,0
JJB_PB,D,20191001,000000,3.16,3.23,3.11,3.16,0,0
JJB_PB,D,20191002,000000,3.1,3.26,3.06,3.26,0,0
JJB_PB,D,20191003,000000,3.16,3.16,3.06,3.09,0,0
JJB_PB,D,20191004,000000,3.16,3.25,3.16,3.23,0,0
JJB_PB,D,20191007,000000,3.23,3.32,3.16,3.32,0,0
JJB_PB,D,20191008,000000,3.32,3.32,3.31,3.32,0,0
JJB_PB,D,20191009,000000,3.24,3.33,3.16,3.33,0,0
JJB_PB,D,20191010,000000,3.33,3.33,3.16,3.16,0,0
JJB_PB,D,20191011,000000,3.16,3.27,3.16,3.27,0,0
JJB_PB,D,20191014,000000,3.24,3.25,3.2,3.2,0,0
JJB_PB,D,20191015,000000,3.23,3.4,3.23,3.39,0,0
JJB_PB,D,20191016,000000,3.19,3.35,3.17,3.35,0,0
JJB_PB,D,20191017,000000,3.28,3.28,3.28,3.28,0,0
JJB_PB,D,20191018,000000,3.28,3.28,3.17,3.17,0,0
JJB_PB,D,20191021,000000,3.17,3.17,3.1,3.1,0,0
JJB_PB,D,20191022,000000,3.11,3.38,3.1,3.38,0,0
JJB_PB,D,20191023,000000,3.29,3.29,3.2,3.29,0,0
JJB_PB,D,20191024,000000,3.16,3.16,3.16,3.16,0,0
JJB_PB,D,20191025,000000,3.16,3.29,3.16,3.29,0,0
JJB_PB,D,20191028,000000,3.29,3.29,3.16,3.16,0,0
JJB_PB,D,20191029,000000,3.34,3.34,3.17,3.17,0,0
JJB_PB,D,20191030,000000,3.17,3.17,3.16,3.16,0,0
JJB_PB,D,20191031,000000,3.16,3.16,3.16,3.16,0,0
JJB_PB,D,20191104,000000,3.16,3.16,3.11,3.11,0,0
JJB_PB,D,20191105,000000,3.05,3.13,2.96,3.13,0,0
JJB_PB,D,20191106,000000,2.95,3.03,2.9,3.03,0,0
JJB_PB,D,20191107,000000,3.03,3.07,2.91,3.07,0,0
JJB_PB,D,20191108,000000,3.07,3.15,3.03,3.03,0,0
JJB_PB,D,20191112,000000,3.03,3.23,3.01,3.03,0,0
JJB_PB,D,20191113,000000,3.14,3.16,3.06,3.06,0,0
JJB_PB,D,20191114,000000,3.06,3.31,3.03,3.15,0,0
JJB_PB,D,20191115,000000,3.19,3.19,3.14,3.14,0,0
JJB_PB,D,20191118,000000,3.16,3.19,3.01,3.19,0,0
JJB_PB,D,20191119,000000,3.17,3.17,3.07,3.07,0,0
JJB_PB,D,20191120,000000,3.1,3.1,3.03,3.03,0,0
JJB_PB,D,20191121,000000,3.03,3.03,2.85,2.85,0,0
JJB_PB,D,20191122,000000,2.85,2.98,2.85,2.9,0,0
JJB_PB,D,20191125,000000,2.92,3.04,2.92,2.97,0,0
JJB_PB,D,20191126,000000,3,3.04,2.95,2.95,0,0
JJB_PB,D,20191127,000000,2.97,2.97,2.95,2.97,0,0
JJB_PB,D,20191128,000000,2.92,3.03,2.9,2.95,0,0
JJB_PB,D,20191129,000000,2.97,3.03,2.91,3.03,0,0
JJB_PB,D,20191202,000000,2.9,3.1,2.9,3.09,0,0
JJB_PB,D,20191203,000000,3.09,3.09,2.96,3.08,0,0
JJB_PB,D,20191204,000000,2.99,3.07,2.93,3.05,0,0
JJB_PB,D,20191205,000000,3,3.14,3,3.06,0,0
JJB_PB,D,20191206,000000,3.11,3.13,3.05,3.11,0,0
JJB_PB,D,20191209,000000,3.12,3.19,3.05,3.09,0,0
JJB_PB,D,20191210,000000,3.09,3.11,3.05,3.06,0,0
JJB_PB,D,20191211,000000,3.06,3.11,3.06,3.11,0,0
JJB_PB,D,20191212,000000,3.11,3.14,3.09,3.12,0,0
JJB_PB,D,20191213,000000,3.16,3.46,3.05,3.23,0,0
JJB_PB,D,20191216,000000,3.31,3.75,3.31,3.62,0,0
JJB_PB,D,20191217,000000,3.69,3.74,3.58,3.74,0,0
JJB_PB,D,20191218,000000,3.78,4.14,3.71,4.09,0,0
JJB_PB,D,20191219,000000,4.1,5.15,4.08,5.07,0,0
JJB_PB,D,20191220,000000,5.16,6.05,5.16,5.97,0,0
JJB_PB,D,20191223,000000,6.18,8.63,6.18,6.55,0,0
JJB_PB,D,20191227,000000,6.92,7.54,6.61,7.54,0,0
JJB_PB,D,20191230,000000,7.54,7.54,6.92,7.22,0,0
JJB_PB,D,20200102,000000,7.04,7.31,6.79,6.86,0,0
JJB_PB,D,20200103,000000,6.42,6.55,6.29,6.29,0,0
JJB_PB,D,20200107,000000,6.18,6.51,6.05,6.29,0,0
JJB_PB,D,20200108,000000,6.08,7.09,6.08,6.63,0,0
JJB_PB,D,20200109,000000,6.79,7.04,6.37,6.37,0,0
JJB_PB,D,20200110,000000,6.49,6.52,6.18,6.39,0,0
JJB_PB,D,20200113,000000,6.07,6.3,5.81,6.26,0,0
JJB_PB,D,20200114,000000,6.36,6.36,6.05,6.15,0,0
JJB_PB,D,20200115,000000,6.11,6.11,5.81,5.92,0,0
JJB_PB,D,20200116,000000,5.83,6.35,5.83,6.1,0,0
JJB_PB,D,20200117,000000,6.1,6.1,5.73,5.95,0,0
JJB_PB,D,20200120,000000,5.95,6.78,5.95,6.42,0,0
JJB_PB,D,20200121,000000,6.67,6.7,6.25,6.63,0,0
JJB_PB,D,20200122,000000,6.61,6.61,6.39,6.49,0,0
JJB_PB,D,20200123,000000,6.49,6.61,6.3,6.42,0,0
JJB_PB,D,20200124,000000,6.54,6.54,6.3,6.41,0,0
JJB_PB,D,20200127,000000,6.41,6.41,5.56,6.02,0,0
JJB_PB,D,20200128,000000,5.86,6.08,5.81,6.03,0,0
JJB_PB,D,20200129,000000,5.99,5.99,5.7,5.7,0,0
JJB_PB,D,20200130,000000,5.72,5.81,5.29,5.48,0,0
JJB_PB,D,20200131,000000,5.34,5.5,5.05,5.49,0,0
JJB_PB,D,20200203,000000,5.49,5.97,5.49,5.81,0,0
JJB_PB,D,20200204,000000,5.81,6.42,5.81,6.41,0,0
JJB_PB,D,20200205,000000,6.42,6.77,6.42,6.51,0,0
JJB_PB,D,20200206,000000,6.68,6.68,5.99,6.15,0,0
JJB_PB,D,20200207,000000,5.95,6.24,5.83,6.11,0,0
JJB_PB,D,20200210,000000,6.15,6.37,5.98,6.37,0,0
JJB_PB,D,20200211,000000,6.42,6.42,6.24,6.27,0,0
JJB_PB,D,20200212,000000,6.27,6.4,6.16,6.38,0,0
JJB_PB,D,20200213,000000,6.29,6.68,6.29,6.58,0,0
JJB_PB,D,20200214,000000,6.56,6.56,6.29,6.49,0,0
JJB_PB,D,20200217,000000,6.65,6.68,6.51,6.63,0,0
JJB_PB,D,20200218,000000,6.63,9.53,6.63,9.5,0,0
JJB_PB,D,20200219,000000,9.89,9.89,8.48,8.84,0,0
JJB_PB,D,20200220,000000,8.73,9.31,8.27,8.92,0,0
JJB_PB,D,20200221,000000,8.99,9.12,8.67,8.89,0,0
JJB_PB,D,20200224,000000,8.89,8.89,8.03,8.41,0,0
JJB_PB,D,20200225,000000,8.12,8.48,7.07,7.07,0,0
JJB_PB,D,20200226,000000,6.74,8.35,6.68,8.09,0,0
JJB_PB,D,20200227,000000,8.09,8.34,7.19,7.32,0,0
JJB_PB,D,20200228,000000,6.68,7.47,6.42,7.07,0,0
JJB_PB,D,20200302,000000,7.14,7.6,6.81,7.22,0,0
JJB_PB,D,20200303,000000,7.77,7.96,7.35,7.83,0,0
JJB_PB,D,20200304,000000,7.53,8.58,7.53,8.34,0,0
JJB_PB,D,20200305,000000,8.48,8.48,7.53,7.96,0,0
JJB_PB,D,20200306,000000,8.04,8.04,7.32,7.57,0,0
JJB_PB,D,20200309,000000,6.58,7.08,6.01,6.42,0,0
JJB_PB,D,20200310,000000,6.68,6.88,5.95,6.04,0,0
JJB_PB,D,20200311,000000,6.1,6.1,5.01,5.14,0,0
JJB_PB,D,20200312,000000,4.88,4.88,3.91,3.91,0,0
JJB_PB,D,20200313,000000,4.24,5.06,4.24,4.3,0,0
JJB_PB,D,20200316,000000,4.24,5.23,4.02,5.12,0,0
JJB_PB,D,20200317,000000,5.14,6.1,5.14,6.1,0,0
JJB_PB,D,20200318,000000,6.15,6.27,5.44,5.58,0,0
JJB_PB,D,20200319,000000,5.25,5.88,5.25,5.59,0,0
JJB_PB,D,20200320,000000,5.63,6.08,5.5,5.5,0,0
JJB_PB,D,20200323,000000,4.97,27.56,4.78,27.56,0,0
JJB_PB,D,20200324,000000,29.86,30.88,27.63,30.54,0,0
JJB_PB,D,20200325,000000,31.9,31.9,28.92,29.39,0,0
JJB_PB,D,20200326,000000,29.39,30.78,28.17,29.86,0,0
JJB_PB,D,20200327,000000,31.08,31.08,27.15,28.85,0,0
JJB_PB,D,20200330,000000,27.9,28.81,26.95,28.1,0,0
JJB_PB,D,20200331,000000,27.83,29.86,27.83,29.8,0,0
JJB_PB,D,20200401,000000,30.34,30.34,28.17,29.32,0,0
JJB_PB,D,20200402,000000,28.58,29.05,27.29,27.83,0,0
JJB_PB,D,20200403,000000,27.42,30.2,27.42,28.37,0,0
JJB_PB,D,20200406,000000,28.78,29.19,27.49,29.19,0,0
JJB_PB,D,20200407,000000,29.19,33.25,29.19,31.76,0,0
JJB_PB,D,20200408,000000,31.63,32.58,29.53,30.34,0,0
JJB_PB,D,20200409,000000,31.49,33.12,29.73,31.56,0,0
JJB_PB,D,20200414,000000,32.85,33.12,31.08,32.64,0,0
JJB_PB,D,20200415,000000,33.66,34.49,31.22,32.44,0,0
JJB_PB,D,20200416,000000,32.24,35.98,32.24,35.85,0,0
JJB_PB,D,20200417,000000,36.53,41.41,35.71,39.24,0,0
JJB_PB,D,20200420,000000,40.46,43.44,40.05,41.54,0,0
JJB_PB,D,20200421,000000,42.08,42.08,35.85,38.69,0,0
JJB_PB,D,20200422,000000,38.83,39.37,37.75,38.69,0,0
JJB_PB,D,20200423,000000,39.24,39.24,36.8,38.15,0,0
JJB_PB,D,20200424,000000,38.02,38.02,36.93,38.02,0,0
JJB_PB,D,20200427,000000,38.69,42.36,38.69,42.08,0,0
JJB_PB,D,20200428,000000,42.49,46.83,42.49,45.47,0,0
JJB_PB,D,20200429,000000,45.47,46.42,43.44,46.42,0,0
JJB_PB,D,20200430,000000,54.03,60.95,52.14,57.15,0,0
JJB_PB,D,20200504,000000,56.75,60.68,54.31,56.2,0,0
JJB_PB,D,20200505,000000,58.92,58.92,52.81,52.81,0,0
JJB_PB,D,20200506,000000,54.98,54.98,49.29,49.56,0,0
JJB_PB,D,20200507,000000,52.14,57.02,50.37,54.31,0,0
JJB_PB,D,20200508,000000,57.69,57.69,55.66,55.8,0,0
JJB_PB,D,20200511,000000,55.93,57.02,55.25,55.25,0,0
JJB_PB,D,20200512,000000,56.07,62.46,56.07,61.64,0,0
JJB_PB,D,20200513,000000,62.86,63.14,60.41,61.1,0,0
JJB_PB,D,20200514,000000,60.41,60.41,52.54,56.07,0,0
JJB_PB,D,20200515,000000,57.83,59.73,55.66,56.75,0,0
JJB_PB,D,20200518,000000,56.88,59.73,36.47,36.47,0,0
JJB_PB,D,20200519,000000,36.47,36.64,34.6,35.96,0,0
JJB_PB,D,20200520,000000,36.21,36.38,34.17,34.85,0,0
JJB_PB,D,20200521,000000,34.94,36.04,34.09,35.36,0,0
JJB_PB,D,20200522,000000,35.36,35.36,34.26,35.19,0,0
JJB_PB,D,20200525,000000,35.19,36.21,34.34,36.21,0,0
JJB_PB,D,20200526,000000,36.21,39.2,35.62,37.57,0,0
JJB_PB,D,20200527,000000,38.26,38.69,33.32,35.79,0,0
JJB_PB,D,20200528,000000,35.79,35.79,33.4,33.66,0,0
JJB_PB,D,20200529,000000,35.02,35.36,33.74,33.74,0,0
JJB_PB,D,20200601,000000,29.31,31.11,29.31,29.39,0,0
JJB_PB,D,20200602,000000,29.05,29.05,25.65,26.41,0,0
JJB_PB,D,20200603,000000,26.76,28.29,26.41,27.69,0,0
JJB_PB,D,20200604,000000,27.86,29.39,27.86,28.8,0,0
JJB_PB,D,20200605,000000,28.8,29.14,27.86,28.2,0,0
JJB_PB,D,20200608,000000,27.86,27.86,26.41,26.76,0,0
JJB_PB,D,20200609,000000,26.59,27.35,25.9,26.84,0,0
JJB_PB,D,20200610,000000,26.93,27.52,26.41,27.27,0,0
JJB_PB,D,20200612,000000,25.9,27.61,25.9,27.27,0,0
JJB_PB,D,20200615,000000,27.27,28.88,26.41,28.2,0,0
JJB_PB,D,20200616,000000,28.97,29.83,28.97,29.39,0,0
JJB_PB,D,20200617,000000,29.83,30.51,28.71,28.88,0,0
JJB_PB,D,20200618,000000,28.12,29.05,27.78,28.29,0,0
JJB_PB,D,20200619,000000,28.29,28.29,27.52,28.12,0,0
JJB_PB,D,20200622,000000,28.03,28.12,27.44,28.03,0,0
JJB_PB,D,20200623,000000,28.03,28.03,27.01,27.52,0,0
JJB_PB,D,20200624,000000,28.12,28.12,27.01,27.61,0,0
JJB_PB,D,20200625,000000,26.93,27.69,26.41,27.52,0,0
JJB_PB,D,20200626,000000,28.03,28.54,26.41,27.69,0,0
JJB_PB,D,20200629,000000,27.27,28.12,27.01,27.44,0,0
JJB_PB,D,20200630,000000,27.69,27.78,26.84,27.61,0,0
JJB_PB,D,20200701,000000,27.27,28.03,27.27,27.61,0,0
JJB_PB,D,20200702,000000,27.95,29.48,27.95,29.14,0,0
JJB_PB,D,20200703,000000,28.2,28.8,27.44,27.44,0,0
JJB_PB,D,20200706,000000,28.54,28.71,27.52,28.54,0,0
JJB_PB,D,20200707,000000,28.63,28.8,27.78,28.8,0,0
JJB_PB,D,20200708,000000,28.97,34.68,28.97,32.55,0,0
JJB_PB,D,20200709,000000,34.09,34.09,32.04,32.64,0,0
JJB_PB,D,20200710,000000,32.3,32.3,30.68,31.7,0,0
JJB_PB,D,20200713,000000,31.79,31.79,29.91,30.77,0,0
JJB_PB,D,20200714,000000,30.43,30.85,29.39,30.68,0,0
JJB_PB,D,20200715,000000,31.28,31.28,29.48,30.34,0,0
JJB_PB,D,20200716,000000,30.34,30.34,28.03,28.29,0,0
JJB_PB,D,20200717,000000,28.88,29.83,27.69,29.56,0,0
JJB_PB,D,20200720,000000,30.6,30.6,27.95,28.54,0,0
JJB_PB,D,20200721,000000,28.29,28.88,27.69,28.03,0,0
JJB_PB,D,20200722,000000,27.86,28.97,26.59,28.12,0,0
JJB_PB,D,20200723,000000,27.69,28.29,26.67,27.1,0,0
JJB_PB,D,20200724,000000,27.86,27.86,25.73,26.41,0,0
JJB_PB,D,20200727,000000,25.99,26.84,25.73,26.67,0,0
JJB_PB,D,20200728,000000,26.16,28.03,26.16,27.18,0,0
JJB_PB,D,20200729,000000,27.18,28.12,25.99,27.18,0,0
JJB_PB,D,20200730,000000,27.18,28.46,25.22,25.22,0,0
JJB_PB,D,20200731,000000,25.31,26.59,25.22,26.5,0,0
JJB_PB,D,20200803,000000,26.76,27.86,25.99,27.86,0,0
JJB_PB,D,20200804,000000,28.12,28.12,26.93,28.12,0,0
JJB_PB,D,20200805,000000,28.54,28.54,25.65,27.27,0,0
JJB_PB,D,20200806,000000,26.67,27.69,26.41,27.35,0,0
JJB_PB,D,20200807,000000,26.59,27.01,25.9,26.41,0,0
JJB_PB,D,20200810,000000,26.41,27.27,25.82,26.24,0,0
JJB_PB,D,20200811,000000,26.84,28.12,25.56,26.84,0,0
JJB_PB,D,20200812,000000,26.67,26.67,25.65,26.33,0,0
JJB_PB,D,20200813,000000,25.99,26.67,25.31,25.99,0,0
JJB_PB,D,20200814,000000,26.16,26.76,25.31,26.59,0,0
JJB_PB,D,20200817,000000,26.84,26.84,25.65,26.05,0,0
JJB_PB,D,20200818,000000,25.46,26.98,25.46,26.05,0,0
JJB_PB,D,20200819,000000,25.55,26.05,25.04,25.72,0,0
JJB_PB,D,20200820,000000,25.46,25.72,25.13,25.63,0,0
JJB_PB,D,20200821,000000,25.63,25.88,25.21,25.72,0,0
JJB_PB,D,20200824,000000,25.8,25.8,25.29,25.55,0,0
JJB_PB,D,20200825,000000,25.55,25.55,24.96,25.29,0,0
JJB_PB,D,20200826,000000,25.21,25.55,24.03,25.21,0,0
JJB_PB,D,20200827,000000,24.87,24.96,24.03,24.87,0,0
JJB_PB,D,20200828,000000,24.96,24.96,23.86,24.54,0,0
JJB_PB,D,20200831,000000,24.45,24.45,23.61,24.37,0,0
JJB_PB,D,20200901,000000,23.69,24.45,23.61,23.61,0,0
JJB_PB,D,20200902,000000,24.45,27.4,24.12,25.29,0,0
JJB_PB,D,20200903,000000,25.29,27.32,25.29,26.22,0,0
JJB_PB,D,20200904,000000,25.13,26.05,24.45,24.45,0,0
JJB_PB,D,20200907,000000,24.54,25.29,24.03,24.79,0,0
JJB_PB,D,20200908,000000,23.61,24.79,22.85,24.28,0,0
JJB_PB,D,20200909,000000,24.28,25.63,24.28,25.63,0,0
JJB_PB,D,20200910,000000,25.63,26.05,24.45,25.63,0,0
JJB_PB,D,20200911,000000,24.71,25.29,24.45,25.29,0,0
JJB_PB,D,20200914,000000,25.21,25.63,24.62,25.46,0,0
JJB_PB,D,20200915,000000,25.63,25.63,21.08,24.79,0,0
JJB_PB,D,20200916,000000,24.54,25.55,24.37,25.29,0,0
JJB_PB,D,20200917,000000,25.29,25.29,24.71,25.21,0,0
JJB_PB,D,20200918,000000,25.46,25.46,23.61,25.04,0,0
JJB_PB,D,20200921,000000,24.79,24.79,22.6,23.61,0,0
JJB_PB,D,20200922,000000,22.6,25.29,22.6,25.21,0,0
JJB_PB,D,20200923,000000,25.29,25.29,24.03,24.37,0,0
JJB_PB,D,20200924,000000,23.78,24.54,23.78,24.28,0,0
JJB_PB,D,20200925,000000,23.95,24.28,23.36,24.28,0,0
JJB_PB,D,20200928,000000,24.37,25.04,23.61,25.04,0,0
JJB_PB,D,20200929,000000,25.21,28.49,25.21,28.33,0,0
JJB_PB,D,20200930,000000,28.33,28.75,26.98,27.99,0,0
JJB_PB,D,20201001,000000,28.66,30.69,27.4,28.75,0,0
JJB_PB,D,20201002,000000,29.52,29.85,28.07,29.34,0,0
JJB_PB,D,20201005,000000,29.68,29.94,28.66,29.34,0,0
JJB_PB,D,20201006,000000,29.25,31.12,27.4,30.27,0,0
JJB_PB,D,20201007,000000,30.36,30.36,26.56,28.16,0,0
JJB_PB,D,20201008,000000,29,29.42,27.32,28.41,0,0
JJB_PB,D,20201009,000000,28.16,28.16,25.88,26.98,0,0
JJB_PB,D,20201012,000000,28.16,28.16,26.81,27.82,0,0
JJB_PB,D,20201013,000000,27.74,27.74,25.55,26.56,0,0
JJB_PB,D,20201014,000000,26.56,27.57,26.05,27.15,0,0
JJB_PB,D,20201015,000000,26.56,26.81,22.52,23.27,0,0
JJB_PB,D,20201016,000000,23.36,25.29,22.85,23.61,0,0
JJB_PB,D,20201019,000000,25.04,26.05,24.37,26.05,0,0
JJB_PB,D,20201020,000000,26.14,26.73,24.45,25.55,0,0
JJB_PB,D,20201021,000000,26.39,26.39,24.28,25.63,0,0
JJB_PB,D,20201022,000000,24.87,25.13,24.03,24.79,0,0
JJB_PB,D,20201023,000000,24.79,25.63,24.45,25.29,0,0
JJB_PB,D,20201026,000000,24.87,27.82,24.45,27.74,0,0
JJB_PB,D,20201027,000000,27.82,29.52,27.15,28.07,0,0
JJB_PB,D,20201028,000000,29.08,29.08,23.95,25.29,0,0
JJB_PB,D,20201029,000000,24.2,25.8,23.53,25.72,0,0
JJB_PB,D,20201030,000000,25.72,26.14,23.27,24.45,0,0
JJB_PB,D,20201102,000000,25.29,26.05,24.03,25.29,0,0
JJB_PB,D,20201103,000000,24.87,27.23,24.87,26.47,0,0
JJB_PB,D,20201104,000000,26.14,26.56,22.52,23.27,0,0
JJB_PB,D,20201105,000000,24.03,25.29,23.69,25.29,0,0
JJB_PB,D,20201106,000000,25.29,26.14,24.37,26.05,0,0
JJB_PB,D,20201109,000000,26.05,26.14,24.28,25.13,0,0
JJB_PB,D,20201110,000000,25.04,25.04,24.45,25.04,0,0
JJB_PB,D,20201112,000000,24.87,25.8,24.87,25.55,0,0
JJB_PB,D,20201113,000000,25.04,25.55,24.54,25.46,0,0
JJB_PB,D,20201116,000000,25.8,27.65,25.46,26.89,0,0
JJB_PB,D,20201117,000000,27.4,29.94,27.4,29.25,0,0
JJB_PB,D,20201118,000000,29.52,30.78,26.64,27.23,0,0
JJB_PB,D,20201119,000000,24.45,25.97,21.68,21.68,0,0
JJB_PB,D,20201120,000000,21.68,22.41,20.94,22.05,0,0
JJB_PB,D,20201123,000000,21.97,21.97,20.36,21.17,0,0
JJB_PB,D,20201124,000000,20.65,21.24,20.36,20.58,0,0
JJB_PB,D,20201125,000000,20.58,21.53,20.43,21.02,0,0
JJB_PB,D,20201126,000000,21.31,21.53,20.58,21.17,0,0
JJB_PB,D,20201127,000000,21.17,21.17,20.28,20.94,0,0
JJB_PB,D,20201130,000000,20.94,20.94,20.28,20.72,0,0
JJB_PB,D,20201201,000000,20.72,20.72,19.84,20.65,0,0
JJB_PB,D,20201202,000000,20.21,20.72,20.06,20.58,0,0
JJB_PB,D,20201203,000000,20.58,20.87,19.92,20.72,0,0
JJB_PB,D,20201204,000000,19.92,20.5,19.18,20.21,0,0
JJB_PB,D,20201207,000000,20.21,21.31,19.62,19.84,0,0
JJB_PB,D,20201208,000000,19.84,20.36,19.48,20.28,0,0
JJB_PB,D,20201209,000000,19.92,20.36,19.48,20.21,0,0
JJB_PB,D,20201210,000000,20.43,20.43,19.55,19.84,0,0
JJB_PB,D,20201211,000000,19.84,19.84,19.33,19.84,0,0
JJB_PB,D,20201214,000000,19.84,19.84,17.71,18.45,0,0
JJB_PB,D,20201215,000000,18,19.04,18,18.29,0,0
JJB_PB,D,20201216,000000,18.29,18.82,17.27,18.15,0,0
JJB_PB,D,20201217,000000,17.67,18.07,17.27,17.45,0,0
JJB_PB,D,20201218,000000,17.34,17.63,16.9,17.38,0,0
JJB_PB,D,20201221,000000,16.64,17.34,15.83,16.31,0,0
JJB_PB,D,20201222,000000,16.75,16.75,16.17,16.42,0,0
JJB_PB,D,20201223,000000,16.35,16.35,15.83,16.2,0,0
JJB_PB,D,20201228,000000,16.2,16.28,15.65,15.69,0,0
JJB_PB,D,20201229,000000,16.06,17.34,15.72,17.16,0,0
JJB_PB,D,20201230,000000,16.72,17.52,16.53,16.53,0,0
JJB_PB,D,20210104,000000,17.23,18,16.72,18,0,0
JJB_PB,D,20210105,000000,18.18,18.45,17.93,17.93,0,0
JJB_PB,D,20210107,000000,17.93,18.38,17.45,17.85,0,0
JJB_PB,D,20210108,000000,17.52,17.74,17.19,17.19,0,0
JJB_PB,D,20210111,000000,17.3,17.52,16.97,17.52,0,0
JJB_PB,D,20210112,000000,17.63,17.63,17.23,17.41,0,0
JJB_PB,D,20210113,000000,17.41,19.11,17.41,18.45,0,0
JJB_PB,D,20210114,000000,19.26,19.84,18.45,18.89,0,0
JJB_PB,D,20210115,000000,19.04,19.04,18,18.45,0,0
JJB_PB,D,20210118,000000,18.96,18.96,18.11,18.6,0,0
JJB_PB,D,20210119,000000,18.04,18.89,18.04,18.45,0,0
JJB_PB,D,20210120,000000,18.74,19.04,18.38,18.82,0,0
JJB_PB,D,20210121,000000,18.52,18.74,18.38,18.38,0,0
JJB_PB,D,20210122,000000,18.22,18.6,17.85,18.52,0,0
JJB_PB,D,20210125,000000,18,18.38,17.89,17.96,0,0
JJB_PB,D,20210126,000000,17.74,18.74,17.63,18.74,0,0
JJB_PB,D,20210127,000000,18.74,18.74,17.63,17.82,0,0
JJB_PB,D,20210128,000000,17.67,18.15,17.34,17.89,0,0
JJB_PB,D,20210129,000000,18,18,17.34,17.89,0,0
JJB_PB,D,20210201,000000,17.41,18.29,16.9,17.12,0,0
JJB_PB,D,20210202,000000,16.57,17.41,16.53,17.23,0,0
JJB_PB,D,20210203,000000,17.05,17.12,16.2,16.72,0,0
JJB_PB,D,20210204,000000,16.83,17.12,16.46,16.86,0,0
JJB_PB,D,20210205,000000,16.86,16.9,16.53,16.9,0,0
JJB_PB,D,20210208,000000,17.08,17.08,16.46,16.83,0,0
JJB_PB,D,20210209,000000,16.9,17.05,16.5,16.9,0,0
JJB_PB,D,20210210,000000,16.9,16.9,16.17,16.53,0,0
JJB_PB,D,20210211,000000,16.72,16.72,16.24,16.53,0,0
JJB_PB,D,20210212,000000,16.53,16.86,16.17,16.39,0,0
JJB_PB,D,20210215,000000,16.53,16.79,16.53,16.72,0,0
JJB_PB,D,20210216,000000,16.75,16.79,16.17,16.75,0,0
JJB_PB,D,20210217,000000,16.72,16.72,16.28,16.72,0,0
JJB_PB,D,20210218,000000,16.53,16.9,16.53,16.61,0,0
JJB_PB,D,20210219,000000,16.53,16.83,16.42,16.79,0,0
JJB_PB,D,20210222,000000,16.79,16.79,16.17,16.5,0,0
JJB_PB,D,20210223,000000,16.2,16.53,16.2,16.53,0,0
JJB_PB,D,20210224,000000,16.53,16.53,16.17,16.53,0,0
JJB_PB,D,20210225,000000,16.72,16.72,16.31,16.61,0,0
JJB_PB,D,20210226,000000,16.57,16.61,16.53,16.53,0,0
JJB_PB,D,20210301,000000,16.61,16.75,16.2,16.64,0,0
JJB_PB,D,20210302,000000,16.64,16.9,16.17,16.53,0,0
JJB_PB,D,20210303,000000,16.24,16.68,16.2,16.53,0,0
JJB_PB,D,20210304,000000,16.28,16.53,16.17,16.53,0,0
JJB_PB,D,20210305,000000,16.17,16.46,16.17,16.46,0,0
JJB_PB,D,20210308,000000,16.46,17.08,16.46,17.08,0,0
JJB_PB,D,20210309,000000,17.34,17.45,16.64,17.45,0,0
JJB_PB,D,20210310,000000,17.41,17.45,16.9,17.45,0,0
JJB_PB,D,20210311,000000,17.27,17.41,17.27,17.3,0,0
JJB_PB,D,20210312,000000,16.79,17.45,15.58,17.45,0,0
JJB_PB,D,20210315,000000,17.23,17.45,16.57,17.19,0,0
JJB_PB,D,20210316,000000,17.23,17.45,16.79,17.41,0,0
JJB_PB,D,20210317,000000,16.86,18.26,16.86,17.89,0,0
JJB_PB,D,20210318,000000,17.63,18.52,17.63,18.52,0,0
JJB_PB,D,20210319,000000,18.38,18.52,17.63,18.29,0,0
JJB_PB,D,20210322,000000,18.29,18.38,18,18,0,0
JJB_PB,D,20210323,000000,18.29,18.38,16.72,17.89,0,0
JJB_PB,D,20210324,000000,17.96,18.74,10.45,10.45,0,0
JJB_PB,D,20210325,000000,9.99,10.45,9.97,10.3,0,0
JJB_PB,D,20210326,000000,10.3,10.3,9.91,10.22,0,0
JJB_PB,D,20210329,000000,10.22,10.22,9.66,10.05,0,0
JJB_PB,D,20210330,000000,10.05,10.05,9.8,9.99,0,0
JJB_PB,D,20210331,000000,9.8,10.2,9.52,10.2,0,0
JJB_PB,D,20210401,000000,10.22,10.22,10.11,10.2,0,0
JJB_PB,D,20210406,000000,10.11,10.11,9.7,9.91,0,0
JJB_PB,D,20210407,000000,9.56,9.91,9.56,9.91,0,0
JJB_PB,D,20210408,000000,9.6,9.87,9.56,9.87,0,0
JJB_PB,D,20210409,000000,9.99,9.99,9.56,9.82,0,0
JJB_PB,D,20210412,000000,9.82,10.53,9.6,10.53,0,0
JJB_PB,D,20210413,000000,10.39,10.51,10.11,10.43,0,0
JJB_PB,D,20210414,000000,10.49,10.53,10.22,10.49,0,0
JJB_PB,D,20210415,000000,10.32,10.32,9.37,10.05,0,0
JJB_PB,D,20210416,000000,10.05,10.07,10.05,10.07,0,0
JJB_PB,D,20210419,000000,10.07,10.15,9.49,9.66,0,0
JJB_PB,D,20210420,000000,9.66,9.98,9.49,9.62,0,0
JJB_PB,D,20210421,000000,9.42,9.64,9.29,9.39,0,0
JJB_PB,D,20210422,000000,9.47,9.76,9.47,9.64,0,0
JJB_PB,D,20210423,000000,9.64,9.7,9.43,9.7,0,0
JJB_PB,D,20210426,000000,9.49,9.66,9.31,9.6,0,0
JJB_PB,D,20210427,000000,9.49,9.49,9.08,9.16,0,0
JJB_PB,D,20210428,000000,9.08,9.45,9.08,9.45,0,0
JJB_PB,D,20210429,000000,9.47,10.22,9.47,10.02,0,0
JJB_PB,D,20210430,000000,10.11,10.11,9.49,9.9,0,0
JJB_PB,D,20210504,000000,9.55,9.7,9.54,9.54,0,0
JJB_PB,D,20210505,000000,9.54,9.54,9.33,9.47,0,0
JJB_PB,D,20210506,000000,9.33,9.66,9.33,9.66,0,0
JJB_PB,D,20210507,000000,9.29,9.91,9.22,9.87,0,0
JJB_PB,D,20210510,000000,9.35,9.91,9.14,9.91,0,0
JJB_PB,D,20210511,000000,9.89,9.91,9.14,9.49,0,0
JJB_PB,D,20210512,000000,9.2,9.2,9.08,9.08,0,0
JJB_PB,D,20210513,000000,9.29,9.29,8.79,9.08,0,0
JJB_PB,D,20210514,000000,9.06,9.44,8.67,9.24,0,0
JJB_PB,D,20210517,000000,9.49,9.49,9.08,9.49,0,0
JJB_PB,D,20210518,000000,8.68,9.39,8.57,9.27,0,0
JJB_PB,D,20210519,000000,8.59,8.97,8.46,8.86,0,0
JJB_PB,D,20210520,000000,8.84,8.96,8.77,8.88,0,0
JJB_PB,D,20210521,000000,8.93,8.93,8.57,8.88,0,0
JJB_PB,D,20210524,000000,8.81,9.3,8.77,9.3,0,0
JJB_PB,D,20210525,000000,9.3,9.3,8.91,8.93,0,0
JJB_PB,D,20210526,000000,8.95,9.15,8.75,9.07,0,0
JJB_PB,D,20210527,000000,9.26,9.26,9.06,9.19,0,0
JJB_PB,D,20210528,000000,9.41,10.6,9.41,9.89,0,0
JJB_PB,D,20210531,000000,9.96,9.96,9.85,9.85,0,0
JJB_PB,D,20210601,000000,9.85,10.11,9.67,9.96,0,0
JJB_PB,D,20210602,000000,10.11,10.11,9.67,10.02,0,0
JJB_PB,D,20210604,000000,9.69,9.69,9.67,9.67,0,0
JJB_PB,D,20210607,000000,9.52,10.42,9.52,10.25,0,0
JJB_PB,D,20210608,000000,10.26,10.26,9.87,10.2,0,0
JJB_PB,D,20210609,000000,10.07,10.2,9.89,10.2,0,0
JJB_PB,D,20210610,000000,10.24,10.24,9.89,9.89,0,0
JJB_PB,D,20210611,000000,10.24,10.4,9.91,10.24,0,0
JJB_PB,D,20210614,000000,10.37,10.37,9.96,10.33,0,0
JJB_PB,D,20210615,000000,10.37,10.37,10.04,10.28,0,0
JJB_PB,D,20210616,000000,10.28,10.33,9.95,10.17,0,0
JJB_PB,D,20210617,000000,10.24,10.24,9.69,9.77,0,0
JJB_PB,D,20210618,000000,10.15,10.15,9.69,9.8,0,0
JJB_PB,D,20210621,000000,9.67,10.01,9.63,10.01,0,0
JJB_PB,D,20210622,000000,9.85,10.33,9.41,9.8,0,0
JJB_PB,D,20210623,000000,9.93,10.07,9.67,9.67,0,0
JJB_PB,D,20210624,000000,9.7,9.7,9.67,9.67,0,0
JJB_PB,D,20210625,000000,9.85,10.13,9.63,10.07,0,0
JJB_PB,D,20210628,000000,9.72,10.11,9.58,10.07,0,0
JJB_PB,D,20210629,000000,9.68,9.85,9.65,9.78,0,0
JJB_PB,D,20210630,000000,9.72,10.02,9.64,10.02,0,0
JJB_PB,D,20210701,000000,9.63,10.04,9.63,9.67,0,0
JJB_PB,D,20210702,000000,9.67,9.85,9.67,9.72,0,0
JJB_PB,D,20210705,000000,9.91,9.93,9.85,9.93,0,0
JJB_PB,D,20210706,000000,9.69,9.69,9.58,9.58,0,0
JJB_PB,D,20210707,000000,9.58,9.72,9.54,9.72,0,0
JJB_PB,D,20210708,000000,9.67,9.67,9.52,9.52,0,0
JJB_PB,D,20210709,000000,9.8,9.8,9.51,9.52,0,0
JJB_PB,D,20210712,000000,9.52,9.52,9.52,9.52,0,0
JJB_PB,D,20210713,000000,9.51,9.51,9.08,9.19,0,0
JJB_PB,D,20210714,000000,9.54,9.54,9.02,9.19,0,0
JJB_PB,D,20210715,000000,9.16,9.16,8.84,9.15,0,0
JJB_PB,D,20210716,000000,9.14,9.15,9.14,9.15,0,0
JJB_PB,D,20210719,000000,9.19,9.19,8.78,8.97,0,0
JJB_PB,D,20210720,000000,8.93,8.95,8.75,8.84,0,0
JJB_PB,D,20210721,000000,8.37,9.37,8.37,8.86,0,0
JJB_PB,D,20210722,000000,8.86,9.06,8.86,9.06,0,0
JJB_PB,D,20210723,000000,9.02,9.02,8.6,9.01,0,0
JJB_PB,D,20210726,000000,8.99,9.28,8.45,8.93,0,0
JJB_PB,D,20210727,000000,8.97,8.97,8.62,8.86,0,0
JJB_PB,D,20210728,000000,8.54,8.85,8.54,8.85,0,0
JJB_PB,D,20210729,000000,8.85,8.85,8.58,8.58,0,0
JJB_PB,D,20210730,000000,8.58,8.84,8.54,8.84,0,0
JJB_PB,D,20210802,000000,8.97,8.97,8.54,8.54,0,0
JJB_PB,D,20210803,000000,8.47,8.74,8.4,8.74,0,0
JJB_PB,D,20210804,000000,8.74,8.74,8.36,8.63,0,0
JJB_PB,D,20210805,000000,8.63,8.63,8.36,8.54,0,0
JJB_PB,D,20210806,000000,8.36,8.63,7.92,8.43,0,0
JJB_PB,D,20210809,000000,8.43,8.45,8.27,8.38,0,0
JJB_PB,D,20210810,000000,8.38,8.47,8.32,8.47,0,0
JJB_PB,D,20210811,000000,8.47,8.47,8.21,8.21,0,0
JJB_PB,D,20210812,000000,8.21,8.47,8.21,8.47,0,0
JJB_PB,D,20210813,000000,8.47,8.47,7.88,8.32,0,0
JJB_PB,D,20210816,000000,8.32,8.32,7.9,8.27,0,0
JJB_PB,D,20210817,000000,8.25,8.36,8.14,8.14,0,0
JJB_PB,D,20210818,000000,8.36,8.36,7.92,8.27,0,0
JJB_PB,D,20210819,000000,8.27,8.27,7.88,8.13,0,0
JJB_PB,D,20210820,000000,8.13,8.31,5.63,5.63,0,0
JJB_PB,D,20210823,000000,5.78,5.79,5.57,5.76,0,0
JJB_PB,D,20210824,000000,5.63,5.63,5.41,5.6,0,0
JJB_PB,D,20210825,000000,5.7,6.64,5.51,6.06,0,0
JJB_PB,D,20210826,000000,6.09,6.09,5.82,5.86,0,0
JJB_PB,D,20210827,000000,5.82,5.91,5.63,5.88,0,0
JJB_PB,D,20210830,000000,5.98,5.98,5.89,5.89,0,0
JJB_PB,D,20210831,000000,5.7,5.83,5.63,5.81,0,0
JJB_PB,D,20210901,000000,5.74,5.79,5.6,5.79,0,0
JJB_PB,D,20210902,000000,5.71,6.09,5.6,6.04,0,0
JJB_PB,D,20210903,000000,5.94,5.95,5.68,5.95,0,0
JJB_PB,D,20210906,000000,5.82,5.82,5.67,5.79,0,0
JJB_PB,D,20210907,000000,5.79,5.79,5.63,5.65,0,0
JJB_PB,D,20210908,000000,5.79,5.88,5.65,5.65,0,0
JJB_PB,D,20210909,000000,5.77,5.77,5.6,5.7,0,0
JJB_PB,D,20210910,000000,5.78,5.78,5.6,5.64,0,0
JJB_PB,D,20210913,000000,5.64,5.64,5.56,5.64,0,0
JJB_PB,D,20210914,000000,5.54,5.73,5.54,5.73,0,0
JJB_PB,D,20210915,000000,5.73,5.77,5.71,5.77,0,0
JJB_PB,D,20210916,000000,5.77,6.09,5.71,5.92,0,0
JJB_PB,D,20210917,000000,5.94,5.94,5.71,5.92,0,0
JJB_PB,D,20210920,000000,6.06,6.06,5.63,5.83,0,0
JJB_PB,D,20210921,000000,5.57,5.83,5.57,5.6,0,0
JJB_PB,D,20210922,000000,5.6,5.79,5.6,5.79,0,0
JJB_PB,D,20210923,000000,5.82,5.82,5.61,5.78,0,0
JJB_PB,D,20210924,000000,5.78,5.94,5.59,5.94,0,0
JJB_PB,D,20210927,000000,5.89,5.89,5.63,5.83,0,0
JJB_PB,D,20210928,000000,5.67,5.83,5.58,5.8,0,0
JJB_PB,D,20210929,000000,5.8,5.8,5.56,5.77,0,0
JJB_PB,D,20210930,000000,5.76,5.85,5.51,5.85,0,0
JJB_PB,D,20211001,000000,5.86,5.86,5.6,5.79,0,0
JJB_PB,D,20211004,000000,5.82,5.94,5.79,5.86,0,0
JJB_PB,D,20211005,000000,6.01,6.09,5.94,6.09,0,0
JJB_PB,D,20211006,000000,6.15,6.18,5.79,6.09,0,0
JJB_PB,D,20211007,000000,6.09,6.09,5.86,6.08,0,0
JJB_PB,D,20211008,000000,6.08,6.24,5.48,5.98,0,0
JJB_PB,D,20211011,000000,5.98,6.02,5.76,6.02,0,0
JJB_PB,D,20211012,000000,6.02,7,5.74,6.54,0,0
JJB_PB,D,20211013,000000,6.1,6.3,6.07,6.07,0,0
JJB_PB,D,20211014,000000,6.07,6.07,5.79,5.93,0,0
JJB_PB,D,20211015,000000,5.94,5.97,5.94,5.97,0,0
JJB_PB,D,20211018,000000,5.81,6.08,5.81,6.08,0,0
JJB_PB,D,20211019,000000,6.09,6.32,6.09,6.17,0,0
JJB_PB,D,20211020,000000,6.17,6.4,6.1,6.4,0,0
JJB_PB,D,20211021,000000,6.39,6.39,6.09,6.32,0,0
JJB_PB,D,20211022,000000,6.3,6.31,6.3,6.31,0,0
JJB_PB,D,20211025,000000,6.3,6.3,5.88,6.09,0,0
JJB_PB,D,20211026,000000,5.89,6.02,5.86,6.02,0,0
JJB_PB,D,20211027,000000,6,6,5.88,5.99,0,0
JJB_PB,D,20211028,000000,6.09,6.17,5.98,6.17,0,0
JJB_PB,D,20211029,000000,6.17,6.17,6.08,6.08,0,0
JJB_PB,D,20211102,000000,6.09,6.09,5.88,6.06,0,0
JJB_PB,D,20211103,000000,5.94,6.08,5.94,6.08,0,0
JJB_PB,D,20211104,000000,6.08,6.08,5.86,6.05,0,0
JJB_PB,D,20211105,000000,6.05,6.05,5.22,5.42,0,0
JJB_PB,D,20211108,000000,5.41,5.88,5.41,5.69,0,0
JJB_PB,D,20211109,000000,5.7,6.16,5.63,6.13,0,0
JJB_PB,D,20211110,000000,5.73,6.32,5.73,6.32,0,0
JJB_PB,D,20211112,000000,5.78,5.92,5.31,5.48,0,0
JJB_PB,D,20211115,000000,5.68,5.83,5.37,5.69,0,0
JJB_PB,D,20211116,000000,5.77,5.77,5.45,5.53,0,0
JJB_PB,D,20211117,000000,5.42,5.42,4.88,5.07,0,0
JJB_PB,D,20211118,000000,4.85,5.02,4.69,4.82,0,0
JJB_PB,D,20211119,000000,4.76,4.98,4.76,4.91,0,0
JJB_PB,D,20211122,000000,4.76,4.76,4.35,4.7,0,0
JJB_PB,D,20211123,000000,4.68,4.68,4.44,4.57,0,0
JJB_PB,D,20211124,000000,4.57,4.66,4.27,4.65,0,0
JJB_PB,D,20211125,000000,4.58,4.63,4.42,4.42,0,0
JJB_PB,D,20211126,000000,4.42,4.5,4.22,4.27,0,0
JJB_PB,D,20211129,000000,4.39,4.58,4.31,4.58,0,0
JJB_PB,D,20211130,000000,4.57,4.57,4.16,4.52,0,0
JJB_PB,D,20211201,000000,4.52,4.52,4.19,4.49,0,0
JJB_PB,D,20211202,000000,4.49,4.49,4.22,4.39,0,0
JJB_PB,D,20211203,000000,4.39,4.52,4.39,4.52,0,0
JJB_PB,D,20211206,000000,4.49,4.49,4.14,4.14,0,0
JJB_PB,D,20211207,000000,4.09,4.2,4.04,4.17,0,0
JJB_PB,D,20211208,000000,4.11,4.11,4.07,4.07,0,0
JJB_PB,D,20211209,000000,4.12,4.27,4.04,4.04,0,0
JJB_PB,D,20211210,000000,4.04,4.05,4,4.05,0,0
JJB_PB,D,20211213,000000,4.05,4.22,3.99,3.99,0,0
JJB_PB,D,20211214,000000,3.99,4.25,3.91,3.97,0,0
JJB_PB,D,20211215,000000,3.91,4.17,3.91,4.17,0,0
JJB_PB,D,20211216,000000,3.93,4.12,3.84,3.84,0,0
JJB_PB,D,20211217,000000,3.84,3.98,3.79,3.91,0,0
JJB_PB,D,20211220,000000,3.76,4.34,3.67,4.34,0,0
JJB_PB,D,20211221,000000,4.35,4.48,4.07,4.07,0,0
JJB_PB,D,20211222,000000,4.08,4.16,3.76,3.94,0,0
JJB_PB,D,20211223,000000,3.91,4.67,3.91,4.67,0,0
JJB_PB,D,20211227,000000,4.52,4.52,4.18,4.43,0,0
JJB_PB,D,20211228,000000,4.18,4.37,4.1,4.37,0,0
JJB_PB,D,20211229,000000,4.35,4.74,4.28,4.65,0,0
JJB_PB,D,20211230,000000,4.52,5.14,4.52,5.12,0,0
JJB_PB,D,20220103,000000,5.12,5.5,5.12,5.3,0,0
JJB_PB,D,20220104,000000,5.27,5.27,5.09,5.19,0,0
JJB_PB,D,20220105,000000,5.22,5.3,4.97,5.3,0,0
JJB_PB,D,20220107,000000,5.26,5.34,5.01,5.12,0,0
JJB_PB,D,20220110,000000,5.12,5.27,5.12,5.12,0,0
JJB_PB,D,20220111,000000,5.12,5.16,5.04,5.16,0,0
JJB_PB,D,20220112,000000,5.11,5.11,4.82,5.04,0,0
JJB_PB,D,20220113,000000,5.09,5.21,5.09,5.21,0,0
JJB_PB,D,20220114,000000,5.22,5.32,5.19,5.3,0,0
JJB_PB,D,20220117,000000,5.27,5.27,5.25,5.27,0,0
JJB_PB,D,20220118,000000,5.27,5.27,5.07,5.21,0,0
JJB_PB,D,20220120,000000,4.97,5.19,4.84,5.12,0,0
JJB_PB,D,20220121,000000,4.97,5.12,4.97,5.12,0,0
JJB_PB,D,20220124,000000,4.86,5.12,4.21,4.37,0,0
JJB_PB,D,20220125,000000,4.47,4.76,4.46,4.46,0,0
JJB_PB,D,20220126,000000,4.44,4.74,4.44,4.72,0,0
JJB_PB,D,20220127,000000,4.72,5.15,4.63,4.73,0,0
JJB_PB,D,20220128,000000,4.89,4.89,4.17,4.34,0,0
JJB_PB,D,20220131,000000,4.37,4.44,4.21,4.44,0,0
JJB_PB,D,20220201,000000,4.44,4.52,4.28,4.52,0,0
JJB_PB,D,20220202,000000,4.54,4.59,4.54,4.59,0,0
JJB_PB,D,20220203,000000,4.52,4.59,4.52,4.59,0,0
JJB_PB,D,20220204,000000,4.59,4.59,4.58,4.58,0,0
JJB_PB,D,20220207,000000,4.59,4.59,4.23,4.43,0,0
JJB_PB,D,20220208,000000,4.43,4.56,4.43,4.56,0,0
JJB_PB,D,20220209,000000,4.46,4.46,4.46,4.46,0,0
JJB_PB,D,20220210,000000,4.52,4.52,4.37,4.37,0,0
JJB_PB,D,20220211,000000,4.3,4.5,4.23,4.49,0,0
JJB_PB,D,20220214,000000,4.23,4.23,3.8,4.06,0,0
JJB_PB,D,20220215,000000,4.06,4.09,3.86,3.91,0,0
JJB_PB,D,20220216,000000,3.88,4.07,3.31,3.58,0,0
JJB_PB,D,20220217,000000,3.58,3.58,3.34,3.42,0,0
JJB_PB,D,20220218,000000,3.4,3.46,3.4,3.46,0,0
JJB_PB,D,20220221,000000,3.51,3.51,3.08,3.36,0,0
JJB_PB,D,20220222,000000,3.07,3.39,3.07,3.39,0,0
JJB_PB,D,20220223,000000,3.42,3.51,3.33,3.33,0,0
JJB_PB,D,20220224,000000,3.24,3.27,2.65,3.27,0,0
JJB_PB,D,20220225,000000,3.27,3.44,3.12,3.29,0,0
JJB_PB,D,20220228,000000,3.29,3.38,2.96,3.31,0,0
JJB_PB,D,20220301,000000,3.23,3.23,2.95,3.12,0,0
JJB_PB,D,20220302,000000,2.98,2.98,2.86,2.95,0,0
JJB_PB,D,20220303,000000,2.87,3.07,2.79,2.96,0,0
JJB_PB,D,20220304,000000,3.03,3.03,2.91,2.95,0,0
JJB_PB,D,20220307,000000,2.86,3,2.79,3,0,0
JJB_PB,D,20220308,000000,3.01,3.01,2.84,2.96,0,0
JJB_PB,D,20220309,000000,2.96,3.17,2.95,3.17,0,0
JJB_PB,D,20220310,000000,3.17,3.39,3.17,3.36,0,0
JJB_PB,D,20220311,000000,3.46,3.98,3.45,3.74,0,0
JJB_PB,D,20220314,000000,3.84,4.14,3.84,3.97,0,0
JJB_PB,D,20220315,000000,3.97,3.97,3.66,3.67,0,0
JJB_PB,D,20220316,000000,3.72,3.81,3.6,3.6,0,0
JJB_PB,D,20220317,000000,3.6,3.88,3.6,3.81,0,0
JJB_PB,D,20220318,000000,3.81,3.91,3.81,3.91,0,0
JJB_PB,D,20220321,000000,3.88,3.88,3.88,3.88,0,0
JJB_PB,D,20220322,000000,3.84,3.84,3.64,3.78,0,0
JJB_PB,D,20220323,000000,3.78,3.78,3.6,3.62,0,0
JJB_PB,D,20220324,000000,3.5,3.57,1.89,1.89,0,0
JJB_PB,D,20220325,000000,1.91,1.97,1.89,1.97,0,0
JJB_PB,D,20220328,000000,1.99,2.02,1.8,1.88,0,0
JJB_PB,D,20220329,000000,1.88,2.03,1.84,2.03,0,0
JJB_PB,D,20220330,000000,1.94,1.97,1.88,1.97,0,0
JJB_PB,D,20220331,000000,1.97,1.97,1.82,1.87,0,0
JJB_PB,D,20220401,000000,1.92,1.93,1.92,1.93,0,0
JJB_PB,D,20220404,000000,1.93,2.01,1.93,1.97,0,0
JJB_PB,D,20220405,000000,1.97,1.97,1.83,1.94,0,0
JJB_PB,D,20220406,000000,1.88,2.01,1.88,1.88,0,0
JJB_PB,D,20220407,000000,1.89,2.14,1.89,2.07,0,0
JJB_PB,D,20220408,000000,2.13,2.55,2.12,2.24,0,0
JJB_PB,D,20220411,000000,2.22,2.22,1.99,2.16,0,0
JJB_PB,D,20220412,000000,2.16,2.22,2.16,2.22,0,0
JJB_PB,D,20220413,000000,2.24,2.29,2.14,2.27,0,0
JJB_PB,D,20220414,000000,2.27,2.27,2.08,2.16,0,0
JJB_PB,D,20220419,000000,2.12,2.15,2.04,2.13,0,0
JJB_PB,D,20220420,000000,2.14,2.14,1.83,1.83,0,0
JJB_PB,D,20220421,000000,1.88,1.9,1.86,1.86,0,0
JJB_PB,D,20220422,000000,1.88,1.93,1.83,1.93,0,0
JJB_PB,D,20220425,000000,1.83,1.94,1.83,1.89,0,0
JJB_PB,D,20220426,000000,1.88,1.93,1.88,1.88,0,0
JJB_PB,D,20220427,000000,1.92,1.92,1.83,1.89,0,0
JJB_PB,D,20220428,000000,1.9,1.9,1.73,1.83,0,0
JJB_PB,D,20220429,000000,1.83,1.9,1.77,1.77,0,0
JJB_PB,D,20220502,000000,1.9,1.9,1.9,1.9,0,0
JJB_PB,D,20220504,000000,1.89,1.89,1.67,1.76,0,0
JJB_PB,D,20220505,000000,1.76,1.81,1.76,1.81,0,0
JJB_PB,D,20220506,000000,1.8,1.8,1.8,1.8,0,0
JJB_PB,D,20220509,000000,1.79,1.79,1.64,1.64,0,0
JJB_PB,D,20220510,000000,1.72,1.72,1.61,1.71,0,0
JJB_PB,D,20220511,000000,1.62,1.68,1.62,1.63,0,0
JJB_PB,D,20220512,000000,1.67,1.67,1.63,1.63,0,0
JJB_PB,D,20220513,000000,1.63,1.67,1.49,1.67,0,0
JJB_PB,D,20220516,000000,1.69,1.69,1.68,1.68,0,0
JJB_PB,D,20220517,000000,1.69,1.71,1.57,1.57,0,0
JJB_PB,D,20220518,000000,1.57,1.6,1.53,1.58,0,0
JJB_PB,D,20220519,000000,1.6,1.6,1.55,1.55,0,0
JJB_PB,D,20220520,000000,1.51,1.6,1.51,1.59,0,0
JJB_PB,D,20220523,000000,1.59,1.59,1.52,1.59,0,0
JJB_PB,D,20220524,000000,1.59,1.59,1.59,1.59,0,0
JJB_PB,D,20220525,000000,1.59,1.59,1.54,1.54,0,0
JJB_PB,D,20220526,000000,1.53,1.53,1.4,1.4,0,0
JJB_PB,D,20220527,000000,1.46,1.5,1.41,1.43,0,0
JJB_PB,D,20220530,000000,1.43,1.43,1.36,1.41,0,0
JJB_PB,D,20220531,000000,1.38,1.41,1.38,1.41,0,0
JJB_PB,D,20220601,000000,1.42,1.5,1.41,1.5,0,0
JJB_PB,D,20220602,000000,1.48,1.48,1.22,1.31,0,0
JJB_PB,D,20220603,000000,1.39,1.43,1.37,1.43,0,0
JJB_PB,D,20220606,000000,1.42,1.49,1.34,1.49,0,0
JJB_PB,D,20220607,000000,1.49,1.49,1.49,1.49,0,0
JJB_PB,D,20220608,000000,1.49,1.49,1.41,1.41,0,0
JJB_PB,D,20220609,000000,1.41,1.49,1.31,1.34,0,0
JJB_PB,D,20220610,000000,1.42,1.42,1.31,1.41,0,0
JJB_PB,D,20220613,000000,1.41,1.41,1.34,1.41,0,0
JJB_PB,D,20220614,000000,1.33,1.41,1.33,1.41,0,0
JJB_PB,D,20220615,000000,1.39,1.41,1.34,1.34,0,0
JJB_PB,D,20220617,000000,1.35,1.36,1.35,1.36,0,0
JJB_PB,D,20220620,000000,1.36,1.62,1.36,1.62,0,0
JJB_PB,D,20220621,000000,1.47,1.58,1.47,1.51,0,0
JJB_PB,D,20220622,000000,1.47,1.51,1.4,1.49,0,0
JJB_PB,D,20220623,000000,1.49,1.49,1.42,1.42,0,0
JJB_PB,D,20220624,000000,1.42,1.51,1.42,1.51,0,0
JJB_PB,D,20220627,000000,1.51,1.51,1.41,1.49,0,0
JJB_PB,D,20220628,000000,1.44,1.44,1.44,1.44,0,0
JJB_PB,D,20220629,000000,1.39,1.53,1.38,1.53,0,0
JJB_PB,D,20220630,000000,1.51,1.59,1.46,1.49,0,0
JJB_PB,D,20220701,000000,1.52,1.52,1.42,1.43,0,0
JJB_PB,D,20220704,000000,1.42,1.49,1.29,1.49,0,0
JJB_PB,D,20220705,000000,1.49,1.49,1.39,1.41,0,0
JJB_PB,D,20220706,000000,1.39,1.41,1.39,1.41,0,0
JJB_PB,D,20220707,000000,1.38,1.46,1.38,1.46,0,0
JJB_PB,D,20220708,000000,1.49,1.49,1.48,1.48,0,0
JJB_PB,D,20220711,000000,1.48,1.49,1.48,1.49,0,0
JJB_PB,D,20220712,000000,1.41,1.41,1.34,1.41,0,0
JJB_PB,D,20220713,000000,1.41,1.41,1.35,1.39,0,0
JJB_PB,D,20220714,000000,1.38,1.38,1.31,1.32,0,0
JJB_PB,D,20220715,000000,1.36,1.37,1.3,1.37,0,0
JJB_PB,D,20220718,000000,1.38,1.38,1.38,1.38,0,0
JJB_PB,D,20220719,000000,1.38,1.38,1.31,1.31,0,0
JJB_PB,D,20220720,000000,1.32,1.39,1.32,1.35,0,0
JJB_PB,D,20220721,000000,1.39,1.41,1.39,1.41,0,0
JJB_PB,D,20220722,000000,1.43,1.45,1.43,1.45,0,0
JJB_PB,D,20220725,000000,1.45,1.45,1.45,1.45,0,0
JJB_PB,D,20220726,000000,1.44,1.44,1.39,1.39,0,0
JJB_PB,D,20220728,000000,1.39,1.49,1.37,1.49,0,0
JJB_PB,D,20220729,000000,1.49,1.54,1.46,1.46,0,0
JJB_PB,D,20220801,000000,1.49,1.56,1.49,1.49,0,0
JJB_PB,D,20220802,000000,1.49,1.99,1.49,1.94,0,0
JJB_PB,D,20220803,000000,2.05,2.98,2.05,2.71,0,0
JJB_PB,D,20220804,000000,2.88,3.05,2.49,2.51,0,0
JJB_PB,D,20220805,000000,2.49,2.56,2.1,2.1,0,0
JJB_PB,D,20220808,000000,2.1,2.38,1.99,2.18,0,0
JJB_PB,D,20220809,000000,2.32,2.32,2.01,2.02,0,0
JJB_PB,D,20220810,000000,2.08,2.08,1.96,2.07,0,0
JJB_PB,D,20220811,000000,2,2.26,2,2.21,0,0
JJB_PB,D,20220812,000000,2.21,2.33,2.13,2.24,0,0
JJB_PB,D,20220816,000000,2.17,2.21,2.1,2.19,0,0
JJB_PB,D,20220817,000000,2.17,2.17,2.03,2.08,0,0
JJB_PB,D,20220818,000000,2.08,2.26,1.99,2.19,0,0
JJB_PB,D,20220819,000000,2.19,2.51,2.18,2.43,0,0
JJB_PB,D,20220822,000000,2.43,2.48,2.3,2.48,0,0
JJB_PB,D,20220823,000000,2.49,2.66,2.26,2.57,0,0
JJB_PB,D,20220824,000000,2.56,2.61,2.43,2.5,0,0
JJB_PB,D,20220825,000000,2.41,2.59,2.35,2.37,0,0
JJB_PB,D,20220826,000000,2.38,2.38,2.19,2.26,0,0
JJB_PB,D,20220829,000000,2.21,2.3,2.16,2.29,0,0
JJB_PB,D,20220830,000000,2.29,2.29,2.13,2.13,0,0
JJB_PB,D,20220831,000000,2.13,2.34,2.13,2.29,0,0
JJB_PB,D,20220901,000000,2.29,2.29,2.18,2.24,0,0
JJB_PB,D,20220902,000000,2.15,2.22,2.1,2.12,0,0
JJB_PB,D,20220905,000000,2.12,2.15,2.08,2.08,0,0
