<TICKER>,<PER>,<DATE>,<TIME>,<OPEN>,<HIGH>,<LOW>,<CLOSE>,<VOL>,<OPENINT>
KOR_MV,D,20110426,000000,7.11,7.11,7.11,7.11,0,0
KOR_MV,D,20110427,000000,6.86,7.26,6.86,7.26,0,0
KOR_MV,D,20110428,000000,7.21,7.5,7.16,7.16,0,0
KOR_MV,D,20110429,000000,7.16,7.4,7.01,7.4,0,0
KOR_MV,D,20110502,000000,7.31,7.31,7.16,7.16,0,0
KOR_MV,D,20110504,000000,6.96,7.16,6.96,7.16,0,0
KOR_MV,D,20110505,000000,7.26,7.26,6.91,6.91,0,0
KOR_MV,D,20110506,000000,7.21,7.21,7.21,7.21,0,0
KOR_MV,D,20110509,000000,7.21,7.21,6.42,6.91,0,0
KOR_MV,D,20110510,000000,6.96,7.06,6.71,6.71,0,0
KOR_MV,D,20110511,000000,6.81,7.01,6.81,7.01,0,0
KOR_MV,D,20110512,000000,6.81,6.81,6.52,6.52,0,0
KOR_MV,D,20110513,000000,6.52,7.21,6.47,7.21,0,0
KOR_MV,D,20110516,000000,7.16,7.16,7.16,7.16,0,0
KOR_MV,D,20110517,000000,7.16,7.16,7.11,7.11,0,0
KOR_MV,D,20110518,000000,7.16,7.16,6.91,7.16,0,0
KOR_MV,D,20110519,000000,7.16,7.26,7.16,7.26,0,0
KOR_MV,D,20110520,000000,7.26,7.26,7.26,7.26,0,0
KOR_MV,D,20110523,000000,7.26,7.26,7.01,7.21,0,0
KOR_MV,D,20110524,000000,7.11,7.11,6.91,6.91,0,0
KOR_MV,D,20110525,000000,6.91,6.91,6.91,6.91,0,0
KOR_MV,D,20110526,000000,6.96,6.96,6.96,6.96,0,0
KOR_MV,D,20110527,000000,6.96,6.96,6.71,6.71,0,0
KOR_MV,D,20110530,000000,6.91,6.91,6.86,6.91,0,0
KOR_MV,D,20110531,000000,6.91,6.91,6.81,6.81,0,0
KOR_MV,D,20110601,000000,6.71,6.81,6.57,6.81,0,0
KOR_MV,D,20110602,000000,6.81,6.81,6.81,6.81,0,0
KOR_MV,D,20110603,000000,6.91,6.91,6.52,6.52,0,0
KOR_MV,D,20110606,000000,6.57,6.57,6.42,6.42,0,0
KOR_MV,D,20110607,000000,6.42,6.42,6.42,6.42,0,0
KOR_MV,D,20110608,000000,6.42,6.42,6.27,6.42,0,0
KOR_MV,D,20110609,000000,6.42,6.42,6.17,6.17,0,0
KOR_MV,D,20110610,000000,6.17,6.57,6.17,6.57,0,0
KOR_MV,D,20110613,000000,6.66,6.66,6.66,6.66,0,0
KOR_MV,D,20110614,000000,6.66,7.16,6.66,7.16,0,0
KOR_MV,D,20110615,000000,7.16,7.16,7.16,7.16,0,0
KOR_MV,D,20110616,000000,7.16,7.16,7.16,7.16,0,0
KOR_MV,D,20110617,000000,6.76,6.76,6.57,6.57,0,0
KOR_MV,D,20110620,000000,6.66,6.81,6.66,6.81,0,0
KOR_MV,D,20110621,000000,7.01,7.01,6.76,6.76,0,0
KOR_MV,D,20110622,000000,6.66,6.66,6.66,6.66,0,0
KOR_MV,D,20110624,000000,6.52,6.52,6.42,6.42,0,0
KOR_MV,D,20110627,000000,6.42,6.42,6.42,6.42,0,0
KOR_MV,D,20110628,000000,6.32,6.32,6.17,6.17,0,0
KOR_MV,D,20110629,000000,6.27,6.27,6.17,6.17,0,0
KOR_MV,D,20110630,000000,6.17,6.17,5.68,5.87,0,0
KOR_MV,D,20110701,000000,5.78,5.78,5.78,5.78,0,0
KOR_MV,D,20110704,000000,5.78,5.78,5.78,5.78,0,0
KOR_MV,D,20110705,000000,5.78,6.86,5.78,6.42,0,0
KOR_MV,D,20110706,000000,6.42,6.66,6.42,6.66,0,0
KOR_MV,D,20110707,000000,6.42,6.42,6.17,6.17,0,0
KOR_MV,D,20110711,000000,6.17,6.17,5.92,5.92,0,0
KOR_MV,D,20110712,000000,5.78,5.78,5.78,5.78,0,0
KOR_MV,D,20110713,000000,5.78,5.78,5.78,5.78,0,0
KOR_MV,D,20110714,000000,5.78,6.86,5.78,6.47,0,0
KOR_MV,D,20110715,000000,6.91,7.75,6.17,7.31,0,0
KOR_MV,D,20110718,000000,7.31,7.31,6.07,6.76,0,0
KOR_MV,D,20110719,000000,7.26,7.26,6.76,7.06,0,0
KOR_MV,D,20110720,000000,6.86,6.86,6.81,6.81,0,0
KOR_MV,D,20110722,000000,6.76,6.76,6.57,6.57,0,0
KOR_MV,D,20110725,000000,6.71,6.71,6.22,6.22,0,0
KOR_MV,D,20110726,000000,6.22,6.27,6.22,6.27,0,0
KOR_MV,D,20110727,000000,6.27,6.27,6.27,6.27,0,0
KOR_MV,D,20110728,000000,6.22,6.22,6.02,6.02,0,0
KOR_MV,D,20110729,000000,6.02,6.17,6.02,6.17,0,0
KOR_MV,D,20110802,000000,6.07,6.07,6.07,6.07,0,0
KOR_MV,D,20110803,000000,6.02,6.02,5.83,5.83,0,0
KOR_MV,D,20110804,000000,5.92,5.92,5.92,5.92,0,0
KOR_MV,D,20110805,000000,5.78,5.78,5.18,5.28,0,0
KOR_MV,D,20110808,000000,5.08,5.08,5.08,5.08,0,0
KOR_MV,D,20110809,000000,5.33,5.33,5.18,5.18,0,0
KOR_MV,D,20110810,000000,5.28,5.28,5.28,5.28,0,0
KOR_MV,D,20110811,000000,5.28,5.28,5.28,5.28,0,0
KOR_MV,D,20110812,000000,5.28,5.28,4.89,5.13,0,0
KOR_MV,D,20110816,000000,5.13,5.23,5.13,5.23,0,0
KOR_MV,D,20110817,000000,5.28,5.28,5.28,5.28,0,0
KOR_MV,D,20110818,000000,5.33,5.33,5.33,5.33,0,0
KOR_MV,D,20110819,000000,5.13,5.38,5.13,5.38,0,0
KOR_MV,D,20110823,000000,5.28,5.28,5.13,5.13,0,0
KOR_MV,D,20110824,000000,5.28,5.78,5.28,5.78,0,0
KOR_MV,D,20110825,000000,5.92,5.92,5.68,5.68,0,0
KOR_MV,D,20110826,000000,5.63,5.87,5.43,5.87,0,0
KOR_MV,D,20110830,000000,5.68,5.68,5.63,5.63,0,0
KOR_MV,D,20110831,000000,5.68,6.02,5.68,6.02,0,0
KOR_MV,D,20110906,000000,5.92,6.02,5.92,6.02,0,0
KOR_MV,D,20110907,000000,6.12,6.12,5.83,5.83,0,0
KOR_MV,D,20110908,000000,5.78,6.12,5.78,6.12,0,0
KOR_MV,D,20110909,000000,6.12,6.17,6.12,6.17,0,0
KOR_MV,D,20110912,000000,5.92,5.92,5.68,5.68,0,0
KOR_MV,D,20110913,000000,5.78,5.78,5.68,5.68,0,0
KOR_MV,D,20110914,000000,5.68,5.92,5.68,5.92,0,0
KOR_MV,D,20110915,000000,5.97,5.97,5.97,5.97,0,0
KOR_MV,D,20110916,000000,5.83,6.17,5.68,6.17,0,0
KOR_MV,D,20110919,000000,6.22,6.76,6.22,6.32,0,0
KOR_MV,D,20110920,000000,6.27,6.27,5.92,6.17,0,0
KOR_MV,D,20110922,000000,5.92,6.07,5.83,6.07,0,0
KOR_MV,D,20110923,000000,6.12,6.17,6.07,6.17,0,0
KOR_MV,D,20110926,000000,5.73,5.73,5.38,5.38,0,0
KOR_MV,D,20110927,000000,5.43,5.58,5.13,5.58,0,0
KOR_MV,D,20110928,000000,5.43,5.68,5.33,5.63,0,0
KOR_MV,D,20110929,000000,5.68,5.68,5.38,5.38,0,0
KOR_MV,D,20110930,000000,5.33,5.33,5.08,5.28,0,0
KOR_MV,D,20111003,000000,5.38,5.53,5.33,5.53,0,0
KOR_MV,D,20111004,000000,5.43,5.78,5.43,5.78,0,0
KOR_MV,D,20111005,000000,5.68,5.68,5.68,5.68,0,0
KOR_MV,D,20111006,000000,5.68,5.92,5.68,5.92,0,0
KOR_MV,D,20111007,000000,5.92,6.47,5.92,6.47,0,0
KOR_MV,D,20111010,000000,6.47,6.47,6.47,6.47,0,0
KOR_MV,D,20111011,000000,6.47,6.47,6.07,6.27,0,0
KOR_MV,D,20111012,000000,6.07,6.27,6.07,6.07,0,0
KOR_MV,D,20111013,000000,6.07,6.27,6.07,6.27,0,0
KOR_MV,D,20111014,000000,6.27,6.47,6.27,6.47,0,0
KOR_MV,D,20111017,000000,6.42,6.66,6.42,6.47,0,0
KOR_MV,D,20111018,000000,6.81,7.16,6.81,7.16,0,0
KOR_MV,D,20111020,000000,7.01,7.01,7.01,7.01,0,0
KOR_MV,D,20111024,000000,7.01,7.01,7.01,7.01,0,0
KOR_MV,D,20111025,000000,6.86,6.86,6.47,6.47,0,0
KOR_MV,D,20111026,000000,6.47,6.66,6.47,6.66,0,0
KOR_MV,D,20111027,000000,6.52,6.52,6.52,6.52,0,0
KOR_MV,D,20111028,000000,6.52,6.52,6.52,6.52,0,0
KOR_MV,D,20111031,000000,6.52,6.86,6.52,6.86,0,0
KOR_MV,D,20111103,000000,6.86,6.86,6.86,6.86,0,0
KOR_MV,D,20111107,000000,6.86,6.86,6.86,6.86,0,0
KOR_MV,D,20111108,000000,6.66,6.66,6.52,6.52,0,0
KOR_MV,D,20111109,000000,6.52,6.52,6.52,6.52,0,0
KOR_MV,D,20111110,000000,6.52,6.52,6.52,6.52,0,0
KOR_MV,D,20111114,000000,6.71,6.71,6.71,6.71,0,0
KOR_MV,D,20111115,000000,6.52,6.52,6.52,6.52,0,0
KOR_MV,D,20111116,000000,6.52,6.66,6.52,6.66,0,0
KOR_MV,D,20111117,000000,6.52,6.76,6.52,6.76,0,0
KOR_MV,D,20111118,000000,6.81,6.81,6.81,6.81,0,0
KOR_MV,D,20111121,000000,6.81,6.91,6.81,6.91,0,0
KOR_MV,D,20111124,000000,6.57,6.86,6.52,6.86,0,0
KOR_MV,D,20111125,000000,6.66,7.06,6.66,7.06,0,0
KOR_MV,D,20111128,000000,7.06,7.06,6.91,6.91,0,0
KOR_MV,D,20111129,000000,6.76,7.01,6.76,7.01,0,0
KOR_MV,D,20111130,000000,7.06,7.06,7.06,7.06,0,0
KOR_MV,D,20111201,000000,7.06,7.06,7.06,7.06,0,0
KOR_MV,D,20111205,000000,6.71,6.71,6.71,6.71,0,0
KOR_MV,D,20111206,000000,6.86,6.91,6.86,6.91,0,0
KOR_MV,D,20111208,000000,6.91,6.91,6.91,6.91,0,0
KOR_MV,D,20111209,000000,6.76,7.01,6.76,7.01,0,0
KOR_MV,D,20111213,000000,6.81,6.81,6.57,6.57,0,0
KOR_MV,D,20111214,000000,6.57,6.57,6.52,6.52,0,0
KOR_MV,D,20111215,000000,6.52,6.52,6.52,6.52,0,0
KOR_MV,D,20111216,000000,6.81,6.81,6.81,6.81,0,0
KOR_MV,D,20111219,000000,6.52,6.52,6.52,6.52,0,0
KOR_MV,D,20111220,000000,6.52,6.81,6.47,6.47,0,0
KOR_MV,D,20111221,000000,6.42,6.57,6.07,6.07,0,0
KOR_MV,D,20111222,000000,6.27,6.27,6.27,6.27,0,0
KOR_MV,D,20111223,000000,6.07,6.27,6.07,6.27,0,0
KOR_MV,D,20111227,000000,6.07,6.07,6.07,6.07,0,0
KOR_MV,D,20111228,000000,6.37,6.37,6.37,6.37,0,0
KOR_MV,D,20111229,000000,6.32,6.42,6.32,6.42,0,0
KOR_MV,D,20111230,000000,6.32,6.32,6.32,6.32,0,0
KOR_MV,D,20120102,000000,7.36,7.36,6.37,6.37,0,0
KOR_MV,D,20120105,000000,6.37,6.42,6.37,6.42,0,0
KOR_MV,D,20120109,000000,6.47,6.47,6.22,6.22,0,0
KOR_MV,D,20120110,000000,6.47,6.47,6.47,6.47,0,0
KOR_MV,D,20120118,000000,6.32,6.32,6.07,6.07,0,0
KOR_MV,D,20120120,000000,6.02,6.02,6.02,6.02,0,0
KOR_MV,D,20120123,000000,5.92,6.27,5.92,6.27,0,0
KOR_MV,D,20120131,000000,6.27,6.42,6.27,6.42,0,0
KOR_MV,D,20120202,000000,6.42,6.52,6.42,6.52,0,0
KOR_MV,D,20120209,000000,6.37,6.37,6.37,6.37,0,0
KOR_MV,D,20120210,000000,6.17,6.17,6.02,6.02,0,0
KOR_MV,D,20120215,000000,6.22,6.32,6.22,6.32,0,0
KOR_MV,D,20120217,000000,6.22,6.37,6.22,6.37,0,0
KOR_MV,D,20120221,000000,6.32,6.47,6.32,6.47,0,0
KOR_MV,D,20120223,000000,6.12,6.47,6.07,6.47,0,0
KOR_MV,D,20120227,000000,6.42,6.52,6.42,6.52,0,0
KOR_MV,D,20120228,000000,6.52,6.52,6.52,6.52,0,0
KOR_MV,D,20120229,000000,6.17,6.17,6.07,6.07,0,0
KOR_MV,D,20120301,000000,6.42,6.47,6.42,6.47,0,0
KOR_MV,D,20120306,000000,6.12,6.12,6.07,6.07,0,0
KOR_MV,D,20120309,000000,6.27,6.27,6.27,6.27,0,0
KOR_MV,D,20120312,000000,6.27,6.37,6.27,6.37,0,0
KOR_MV,D,20120313,000000,6.02,6.02,6.02,6.02,0,0
KOR_MV,D,20120314,000000,6.27,6.76,6.27,6.71,0,0
KOR_MV,D,20120319,000000,6.62,6.76,6.62,6.76,0,0
KOR_MV,D,20120326,000000,6.71,6.71,6.71,6.71,0,0
KOR_MV,D,20120330,000000,6.71,6.71,6.71,6.71,0,0
KOR_MV,D,20120402,000000,6.71,6.71,6.71,6.71,0,0
KOR_MV,D,20120404,000000,6.71,6.71,6.71,6.71,0,0
KOR_MV,D,20120405,000000,6.71,6.71,6.71,6.71,0,0
KOR_MV,D,20120410,000000,6.71,6.71,6.71,6.71,0,0
KOR_MV,D,20120411,000000,6.71,6.71,6.71,6.71,0,0
KOR_MV,D,20120412,000000,6.66,6.96,6.66,6.91,0,0
KOR_MV,D,20120413,000000,6.91,6.91,6.91,6.91,0,0
KOR_MV,D,20120416,000000,6.96,7.36,6.96,7.31,0,0
KOR_MV,D,20120417,000000,7.21,7.21,7.21,7.21,0,0
KOR_MV,D,20120418,000000,7.21,7.21,7.21,7.21,0,0
KOR_MV,D,20120420,000000,7.31,7.31,7.31,7.31,0,0
KOR_MV,D,20120424,000000,6.81,6.81,6.47,6.47,0,0
KOR_MV,D,20120427,000000,6.47,6.81,6.42,6.81,0,0
KOR_MV,D,20120430,000000,6.91,7.01,6.91,7.01,0,0
KOR_MV,D,20120502,000000,7.01,7.8,7.01,7.8,0,0
KOR_MV,D,20120504,000000,7.4,7.4,7.4,7.4,0,0
KOR_MV,D,20120508,000000,7.11,7.11,7.11,7.11,0,0
KOR_MV,D,20120509,000000,7.36,7.36,7.36,7.36,0,0
KOR_MV,D,20120529,000000,7.26,7.26,7.26,7.26,0,0
KOR_MV,D,20120530,000000,7.26,7.26,7.26,7.26,0,0
KOR_MV,D,20120606,000000,6.81,6.81,6.66,6.66,0,0
KOR_MV,D,20120615,000000,6.71,6.71,6.71,6.71,0,0
KOR_MV,D,20120625,000000,6.52,6.52,6.52,6.52,0,0
KOR_MV,D,20120626,000000,6.52,6.52,6.52,6.52,0,0
KOR_MV,D,20120628,000000,6.52,6.52,6.52,6.52,0,0
KOR_MV,D,20120629,000000,6.52,6.52,6.52,6.52,0,0
KOR_MV,D,20120702,000000,6.52,6.52,6.52,6.52,0,0
KOR_MV,D,20120703,000000,6.52,6.52,6.52,6.52,0,0
KOR_MV,D,20120705,000000,6.52,6.52,6.52,6.52,0,0
KOR_MV,D,20120717,000000,6.47,6.47,6.47,6.47,0,0
KOR_MV,D,20120719,000000,6.47,6.47,6.47,6.47,0,0
KOR_MV,D,20120720,000000,6.37,6.91,6.37,6.91,0,0
KOR_MV,D,20120801,000000,6.52,6.52,6.27,6.32,0,0
KOR_MV,D,20120810,000000,6.32,6.62,6.32,6.62,0,0
KOR_MV,D,20120813,000000,6.62,6.81,6.62,6.81,0,0
KOR_MV,D,20120817,000000,6.81,6.91,6.81,6.91,0,0
KOR_MV,D,20120919,000000,6.91,6.91,6.91,6.91,0,0
KOR_MV,D,20120920,000000,6.91,6.91,6.91,6.91,0,0
KOR_MV,D,20120924,000000,6.81,6.91,6.81,6.91,0,0
KOR_MV,D,20120925,000000,6.81,6.81,6.81,6.81,0,0
KOR_MV,D,20120926,000000,6.91,6.91,6.91,6.91,0,0
KOR_MV,D,20120927,000000,7.01,7.01,7.01,7.01,0,0
KOR_MV,D,20120928,000000,6.76,6.76,6.42,6.42,0,0
KOR_MV,D,20121001,000000,6.81,6.81,6.81,6.81,0,0
KOR_MV,D,20121115,000000,5.58,5.58,5.58,5.58,0,0
KOR_MV,D,20121120,000000,5.68,5.68,4.99,4.99,0,0
KOR_MV,D,20121121,000000,4.54,6.32,4.54,5.97,0,0
KOR_MV,D,20121122,000000,6.12,6.12,6.12,6.12,0,0
KOR_MV,D,20121123,000000,6.27,6.91,6.27,6.86,0,0
KOR_MV,D,20121126,000000,6.81,6.81,6.81,6.81,0,0
KOR_MV,D,20121127,000000,6.81,6.81,6.81,6.81,0,0
KOR_MV,D,20121128,000000,6.81,6.81,6.81,6.81,0,0
KOR_MV,D,20121129,000000,6.81,6.81,6.81,6.81,0,0
KOR_MV,D,20121130,000000,6.81,6.81,6.57,6.57,0,0
KOR_MV,D,20121219,000000,6.57,6.57,5.23,5.23,0,0
KOR_MV,D,20121220,000000,5.18,5.18,4.39,4.39,0,0
KOR_MV,D,20121221,000000,4.69,5.48,4.69,5.48,0,0
KOR_MV,D,20121228,000000,5.48,6.57,5.48,6.57,0,0
KOR_MV,D,20130104,000000,6.12,6.91,6.12,6.91,0,0
KOR_MV,D,20130111,000000,6.37,6.37,6.12,6.12,0,0
KOR_MV,D,20130115,000000,5.92,5.92,5.92,5.92,0,0
KOR_MV,D,20130117,000000,5.92,5.92,5.92,5.92,0,0
KOR_MV,D,20130118,000000,5.97,5.97,5.97,5.97,0,0
KOR_MV,D,20130122,000000,5.97,5.97,5.97,5.97,0,0
KOR_MV,D,20130123,000000,5.97,5.97,5.97,5.97,0,0
KOR_MV,D,20130128,000000,5.87,5.87,5.87,5.87,0,0
KOR_MV,D,20130129,000000,5.87,5.87,5.87,5.87,0,0
KOR_MV,D,20130130,000000,5.87,5.87,5.87,5.87,0,0
KOR_MV,D,20130131,000000,5.87,5.87,5.87,5.87,0,0
KOR_MV,D,20130201,000000,5.87,5.87,5.87,5.87,0,0
KOR_MV,D,20130204,000000,5.87,5.87,5.87,5.87,0,0
KOR_MV,D,20130205,000000,5.87,5.87,5.87,5.87,0,0
KOR_MV,D,20130206,000000,5.87,5.87,5.87,5.87,0,0
KOR_MV,D,20130207,000000,5.87,5.87,5.87,5.87,0,0
KOR_MV,D,20130208,000000,5.87,5.97,5.87,5.97,0,0
KOR_MV,D,20130211,000000,5.97,5.97,5.97,5.97,0,0
KOR_MV,D,20130212,000000,5.97,5.97,5.97,5.97,0,0
KOR_MV,D,20130213,000000,5.97,5.97,5.97,5.97,0,0
KOR_MV,D,20130214,000000,5.97,5.97,5.97,5.97,0,0
KOR_MV,D,20130215,000000,5.97,5.97,5.97,5.97,0,0
KOR_MV,D,20130218,000000,5.97,5.97,5.97,5.97,0,0
KOR_MV,D,20130220,000000,5.97,5.97,5.97,5.97,0,0
KOR_MV,D,20130221,000000,5.97,5.97,5.97,5.97,0,0
KOR_MV,D,20130222,000000,5.78,5.78,4.94,5.43,0,0
KOR_MV,D,20130311,000000,5.43,5.97,5.43,5.87,0,0
KOR_MV,D,20130312,000000,5.87,5.87,5.87,5.87,0,0
KOR_MV,D,20130313,000000,5.87,5.87,5.87,5.87,0,0
KOR_MV,D,20130314,000000,5.87,5.87,5.87,5.87,0,0
KOR_MV,D,20130326,000000,5.43,5.43,4.94,4.94,0,0
KOR_MV,D,20130327,000000,4.94,4.94,4.94,4.94,0,0
KOR_MV,D,20130410,000000,4.84,4.84,4.54,4.54,0,0
KOR_MV,D,20130411,000000,4.44,4.44,4.2,4.2,0,0
KOR_MV,D,20130417,000000,4.05,4.05,4.05,4.05,0,0
KOR_MV,D,20130418,000000,4.05,4.39,4.05,4.39,0,0
KOR_MV,D,20130419,000000,4.29,4.29,4.29,4.29,0,0
KOR_MV,D,20130422,000000,4.29,4.29,4.29,4.29,0,0
KOR_MV,D,20130423,000000,4.29,4.59,4.25,4.25,0,0
KOR_MV,D,20130429,000000,4.34,4.59,4.34,4.59,0,0
KOR_MV,D,20130430,000000,4.59,4.59,4.59,4.59,0,0
KOR_MV,D,20130502,000000,4.59,4.59,4.59,4.59,0,0
KOR_MV,D,20130506,000000,4.59,4.59,4.59,4.59,0,0
KOR_MV,D,20130507,000000,4.59,4.59,4.59,4.59,0,0
KOR_MV,D,20130508,000000,4.64,4.89,4.64,4.89,0,0
KOR_MV,D,20130513,000000,4.89,5.97,4.89,5.97,0,0
KOR_MV,D,20130514,000000,5.97,5.97,5.97,5.97,0,0
KOR_MV,D,20130515,000000,5.97,5.97,5.97,5.97,0,0
KOR_MV,D,20130516,000000,5.97,5.97,5.97,5.97,0,0
KOR_MV,D,20130517,000000,5.97,5.97,5.97,5.97,0,0
KOR_MV,D,20130520,000000,5.97,5.97,5.97,5.97,0,0
KOR_MV,D,20130522,000000,5.97,5.97,5.97,5.97,0,0
KOR_MV,D,20130524,000000,5.97,5.97,5.97,5.97,0,0
KOR_MV,D,20130528,000000,5.97,5.97,5.97,5.97,0,0
KOR_MV,D,20130529,000000,5.97,5.97,5.97,5.97,0,0
KOR_MV,D,20130531,000000,5.97,5.97,5.97,5.97,0,0
KOR_MV,D,20130603,000000,5.97,5.97,5.97,5.97,0,0
KOR_MV,D,20130604,000000,5.97,5.97,5.97,5.97,0,0
KOR_MV,D,20130606,000000,5.97,5.97,5.97,5.97,0,0
KOR_MV,D,20130610,000000,5.97,5.97,5.97,5.97,0,0
KOR_MV,D,20130611,000000,5.97,5.97,5.97,5.97,0,0
KOR_MV,D,20130613,000000,5.97,5.97,5.97,5.97,0,0
KOR_MV,D,20130614,000000,5.97,5.97,5.97,5.97,0,0
KOR_MV,D,20130617,000000,6.27,6.71,6.27,6.71,0,0
KOR_MV,D,20130620,000000,6.66,6.91,6.66,6.91,0,0
KOR_MV,D,20130621,000000,6.91,6.91,6.91,6.91,0,0
KOR_MV,D,20130624,000000,6.91,6.91,6.66,6.66,0,0
KOR_MV,D,20130628,000000,6.91,7.8,6.91,7.8,0,0
KOR_MV,D,20130701,000000,7.8,7.8,7.8,7.8,0,0
KOR_MV,D,20130702,000000,7.7,7.7,7.7,7.7,0,0
KOR_MV,D,20130703,000000,7.7,7.7,7.7,7.7,0,0
KOR_MV,D,20130704,000000,7.7,7.7,7.7,7.7,0,0
KOR_MV,D,20130705,000000,7.7,7.7,7.7,7.7,0,0
KOR_MV,D,20130711,000000,7.7,7.7,7.7,7.7,0,0
KOR_MV,D,20130712,000000,7.7,7.7,7.7,7.7,0,0
KOR_MV,D,20130715,000000,7.7,7.7,7.7,7.7,0,0
KOR_MV,D,20130717,000000,7.7,7.7,7.7,7.7,0,0
KOR_MV,D,20130719,000000,7.7,7.7,7.7,7.7,0,0
KOR_MV,D,20130722,000000,7.7,7.7,7.4,7.4,0,0
KOR_MV,D,20130723,000000,7.4,7.4,7.4,7.4,0,0
KOR_MV,D,20130724,000000,7.4,7.4,7.4,7.4,0,0
KOR_MV,D,20130725,000000,7.4,7.4,7.4,7.4,0,0
KOR_MV,D,20130726,000000,7.4,7.4,7.4,7.4,0,0
KOR_MV,D,20130801,000000,7.55,7.55,7.55,7.55,0,0
KOR_MV,D,20130802,000000,7.55,7.55,7.55,7.55,0,0
KOR_MV,D,20130805,000000,7.55,7.55,7.55,7.55,0,0
KOR_MV,D,20130806,000000,7.55,7.55,7.55,7.55,0,0
KOR_MV,D,20130807,000000,7.55,7.55,7.55,7.55,0,0
KOR_MV,D,20130808,000000,7.55,7.55,7.55,7.55,0,0
KOR_MV,D,20130809,000000,7.55,7.55,7.55,7.55,0,0
KOR_MV,D,20130812,000000,7.55,7.55,7.55,7.55,0,0
KOR_MV,D,20130813,000000,7.55,7.55,7.55,7.55,0,0
KOR_MV,D,20130814,000000,7.55,7.55,7.55,7.55,0,0
KOR_MV,D,20130816,000000,7.5,7.5,7.5,7.5,0,0
KOR_MV,D,20130819,000000,7.36,7.36,6.37,6.37,0,0
KOR_MV,D,20130826,000000,6.57,7.5,6.57,7.5,0,0
KOR_MV,D,20130829,000000,6.91,6.91,6.76,6.76,0,0
KOR_MV,D,20130830,000000,7.06,7.26,7.06,7.26,0,0
KOR_MV,D,20130903,000000,6.91,7.06,6.62,7.06,0,0
KOR_MV,D,20130905,000000,6.91,7.06,6.91,7.06,0,0
KOR_MV,D,20130912,000000,6.86,6.86,6.71,6.71,0,0
KOR_MV,D,20130919,000000,6.86,7.7,6.86,7.7,0,0
KOR_MV,D,20130920,000000,7.7,7.7,7.7,7.7,0,0
KOR_MV,D,20130923,000000,7.7,7.7,7.7,7.7,0,0
KOR_MV,D,20130924,000000,7.7,7.7,7.7,7.7,0,0
KOR_MV,D,20130925,000000,7.7,7.7,7.7,7.7,0,0
KOR_MV,D,20130926,000000,7.7,7.7,7.7,7.7,0,0
KOR_MV,D,20130927,000000,7.7,7.7,7.7,7.7,0,0
KOR_MV,D,20130930,000000,7.7,7.7,7.7,7.7,0,0
KOR_MV,D,20131001,000000,7.7,7.7,7.7,7.7,0,0
KOR_MV,D,20131002,000000,7.7,7.7,7.7,7.7,0,0
KOR_MV,D,20131004,000000,7.65,7.65,7.65,7.65,0,0
KOR_MV,D,20131007,000000,7.7,7.7,7.7,7.7,0,0
KOR_MV,D,20131008,000000,7.4,7.4,7.4,7.4,0,0
KOR_MV,D,20131009,000000,7.4,7.4,7.4,7.4,0,0
KOR_MV,D,20131010,000000,7.4,7.4,7.4,7.4,0,0
KOR_MV,D,20131011,000000,7.4,7.4,7.4,7.4,0,0
KOR_MV,D,20131014,000000,7.4,7.4,7.4,7.4,0,0
KOR_MV,D,20131015,000000,7.4,7.4,7.4,7.4,0,0
KOR_MV,D,20131017,000000,7.4,7.4,7.4,7.4,0,0
KOR_MV,D,20131018,000000,7.4,7.4,7.4,7.4,0,0
KOR_MV,D,20131023,000000,7.6,7.6,7.6,7.6,0,0
KOR_MV,D,20131024,000000,7.6,7.6,7.6,7.6,0,0
KOR_MV,D,20131025,000000,7.6,7.6,7.11,7.11,0,0
KOR_MV,D,20131030,000000,7.4,7.45,7.4,7.45,0,0
KOR_MV,D,20131031,000000,7.26,7.26,7.26,7.26,0,0
KOR_MV,D,20131104,000000,7.45,7.45,7.45,7.45,0,0
KOR_MV,D,20131106,000000,7.16,7.16,7.16,7.16,0,0
KOR_MV,D,20131107,000000,7.26,7.26,6.91,6.91,0,0
KOR_MV,D,20131114,000000,7.01,7.01,6.66,6.66,0,0
KOR_MV,D,20131115,000000,7.01,7.01,6.81,6.81,0,0
KOR_MV,D,20131118,000000,7.75,7.9,7.75,7.9,0,0
KOR_MV,D,20131119,000000,8.1,8.39,8.1,8.39,0,0
KOR_MV,D,20131120,000000,7.8,7.8,7.8,7.8,0,0
KOR_MV,D,20131121,000000,8.24,8.89,8.24,8.89,0,0
KOR_MV,D,20131122,000000,8.89,8.89,8.89,8.89,0,0
KOR_MV,D,20131125,000000,8.89,8.98,8.89,8.98,0,0
KOR_MV,D,20131126,000000,8.54,8.54,8.54,8.54,0,0
KOR_MV,D,20131127,000000,8.98,8.98,8.98,8.98,0,0
KOR_MV,D,20131128,000000,8.98,9.18,8.98,9.18,0,0
KOR_MV,D,20131129,000000,9.18,9.18,9.18,9.18,0,0
KOR_MV,D,20131202,000000,9.18,9.18,9.18,9.18,0,0
KOR_MV,D,20131204,000000,9.13,9.18,9.13,9.18,0,0
KOR_MV,D,20131205,000000,9.18,9.38,9.18,9.38,0,0
KOR_MV,D,20131206,000000,9.43,9.43,9.43,9.43,0,0
KOR_MV,D,20131209,000000,9.43,9.43,9.33,9.33,0,0
KOR_MV,D,20131210,000000,9.48,9.63,9.48,9.63,0,0
KOR_MV,D,20131211,000000,9.68,10.37,9.68,10.37,0,0
KOR_MV,D,20131212,000000,10.32,10.37,10.32,10.37,0,0
KOR_MV,D,20131213,000000,9.87,9.87,9.87,9.87,0,0
KOR_MV,D,20131216,000000,9.87,9.87,9.38,9.38,0,0
KOR_MV,D,20131217,000000,10.02,10.02,9.87,9.87,0,0
KOR_MV,D,20131219,000000,9.43,10.27,9.03,10.27,0,0
KOR_MV,D,20131220,000000,9.23,9.23,9.23,9.23,0,0
KOR_MV,D,20131230,000000,9.23,9.23,9.03,9.03,0,0
KOR_MV,D,20140108,000000,9.03,9.03,9.03,9.03,0,0
KOR_MV,D,20140109,000000,8.79,8.79,8.59,8.59,0,0
KOR_MV,D,20140115,000000,8.64,8.79,8.39,8.79,0,0
KOR_MV,D,20140121,000000,8.44,8.44,8.44,8.44,0,0
KOR_MV,D,20140130,000000,8.15,8.15,7.7,7.7,0,0
KOR_MV,D,20140203,000000,7.65,7.65,7.5,7.5,0,0
KOR_MV,D,20140204,000000,7.55,7.55,7.26,7.26,0,0
KOR_MV,D,20140206,000000,7.21,7.21,6.91,6.91,0,0
KOR_MV,D,20140212,000000,6.91,7.16,6.42,7.16,0,0
KOR_MV,D,20140303,000000,6.66,6.66,6.12,6.12,0,0
KOR_MV,D,20140306,000000,6.42,6.57,6.42,6.57,0,0
KOR_MV,D,20140307,000000,6.57,6.57,6.22,6.22,0,0
KOR_MV,D,20140320,000000,6.37,6.52,6.37,6.52,0,0
KOR_MV,D,20140324,000000,6.62,7.06,6.62,7.06,0,0
KOR_MV,D,20140325,000000,7.06,7.11,7.06,7.11,0,0
KOR_MV,D,20140328,000000,6.86,6.86,6.86,6.86,0,0
KOR_MV,D,20140403,000000,6.91,7.16,6.91,7.16,0,0
KOR_MV,D,20140404,000000,7.11,7.11,7.11,7.11,0,0
KOR_MV,D,20140408,000000,7.06,7.06,7.06,7.06,0,0
KOR_MV,D,20140410,000000,7.16,7.16,7.16,7.16,0,0
KOR_MV,D,20140411,000000,7.21,7.21,7.21,7.21,0,0
KOR_MV,D,20140423,000000,7.21,7.5,7.21,7.5,0,0
KOR_MV,D,20140424,000000,7.5,7.9,7.5,7.9,0,0
KOR_MV,D,20140428,000000,7.85,8.39,7.85,8.39,0,0
KOR_MV,D,20140430,000000,8.39,8.49,8.39,8.49,0,0
KOR_MV,D,20140506,000000,8.34,8.34,8.34,8.34,0,0
KOR_MV,D,20140509,000000,8.19,8.19,7.4,7.4,0,0
KOR_MV,D,20140512,000000,7.95,7.95,7.31,7.31,0,0
KOR_MV,D,20140513,000000,7.95,9.03,7.95,8.89,0,0
KOR_MV,D,20140514,000000,8.89,8.89,8.89,8.89,0,0
KOR_MV,D,20140515,000000,8.94,8.94,8.69,8.69,0,0
KOR_MV,D,20140516,000000,8.79,8.79,7.9,8.64,0,0
KOR_MV,D,20140520,000000,8.15,8.39,7.95,8,0,0
KOR_MV,D,20140522,000000,7.9,7.9,7.9,7.9,0,0
KOR_MV,D,20140523,000000,8.1,8.19,8.1,8.19,0,0
KOR_MV,D,20140526,000000,8.19,8.19,8.1,8.1,0,0
KOR_MV,D,20140527,000000,8.05,8.05,8.05,8.05,0,0
KOR_MV,D,20140528,000000,8.24,8.24,8.24,8.24,0,0
KOR_MV,D,20140529,000000,8.24,8.24,7.9,7.9,0,0
KOR_MV,D,20140604,000000,8.15,8.15,8.15,8.15,0,0
KOR_MV,D,20140606,000000,8.29,8.29,8.29,8.29,0,0
KOR_MV,D,20140609,000000,8.05,8.05,7.9,7.9,0,0
KOR_MV,D,20140623,000000,7.95,8.54,7.95,8.54,0,0
KOR_MV,D,20140625,000000,8.59,8.59,8.54,8.54,0,0
KOR_MV,D,20140626,000000,8.39,8.39,8.1,8.1,0,0
KOR_MV,D,20140627,000000,7.95,7.95,7.95,7.95,0,0
KOR_MV,D,20140701,000000,7.95,7.95,7.95,7.95,0,0
KOR_MV,D,20140707,000000,8.15,8.15,8.15,8.15,0,0
KOR_MV,D,20140711,000000,8,8,7.65,7.65,0,0
KOR_MV,D,20140714,000000,7.26,7.26,7.26,7.26,0,0
KOR_MV,D,20140715,000000,7.21,7.21,7.21,7.21,0,0
KOR_MV,D,20140716,000000,7.55,7.55,7.55,7.55,0,0
KOR_MV,D,20140721,000000,7.55,7.55,7.55,7.55,0,0
KOR_MV,D,20140806,000000,7.5,7.5,7.4,7.4,0,0
KOR_MV,D,20140812,000000,7.4,7.9,7.4,7.9,0,0
KOR_MV,D,20140813,000000,7.75,7.9,7.75,7.9,0,0
KOR_MV,D,20140814,000000,7.9,9.43,7.9,9.43,0,0
KOR_MV,D,20140818,000000,8.15,9.33,8.1,8.1,0,0
KOR_MV,D,20140822,000000,8.49,11.95,8.49,11.6,0,0
KOR_MV,D,20140825,000000,11.6,11.6,9.92,10.32,0,0
KOR_MV,D,20140826,000000,10.71,11.6,10.12,10.86,0,0
KOR_MV,D,20140827,000000,10.81,10.81,9.28,9.28,0,0
KOR_MV,D,20140828,000000,8.39,8.74,8.39,8.74,0,0
KOR_MV,D,20140829,000000,9.63,9.63,9.63,9.63,0,0
KOR_MV,D,20140901,000000,8.44,8.44,8.19,8.19,0,0
KOR_MV,D,20140902,000000,8.39,8.39,8.39,8.39,0,0
KOR_MV,D,20140903,000000,8.69,8.84,8.69,8.84,0,0
KOR_MV,D,20140904,000000,8.29,8.29,8.15,8.15,0,0
KOR_MV,D,20140908,000000,7.9,8.1,7.9,7.9,0,0
KOR_MV,D,20140909,000000,8,8,8,8,0,0
KOR_MV,D,20140910,000000,7.8,7.8,7.7,7.7,0,0
KOR_MV,D,20140911,000000,8,8.24,8,8.24,0,0
KOR_MV,D,20140912,000000,8,8,8,8,0,0
KOR_MV,D,20140917,000000,8.29,8.29,8.29,8.29,0,0
KOR_MV,D,20140918,000000,8.24,8.24,8.24,8.24,0,0
KOR_MV,D,20140922,000000,8.24,8.24,8.24,8.24,0,0
KOR_MV,D,20140923,000000,8.24,8.24,8.24,8.24,0,0
KOR_MV,D,20140924,000000,7.65,8.29,7.5,7.5,0,0
KOR_MV,D,20140925,000000,7.65,7.8,7.65,7.8,0,0
KOR_MV,D,20140926,000000,7.7,7.7,7.7,7.7,0,0
KOR_MV,D,20141003,000000,7.8,7.8,7.8,7.8,0,0
KOR_MV,D,20141006,000000,8.05,8.24,8.05,8.24,0,0
KOR_MV,D,20141008,000000,8,8,7.8,7.8,0,0
KOR_MV,D,20141009,000000,7.65,7.65,7.5,7.5,0,0
KOR_MV,D,20141010,000000,7.45,7.45,7.4,7.4,0,0
KOR_MV,D,20141013,000000,7.4,7.4,7.4,7.4,0,0
KOR_MV,D,20141014,000000,7.4,8,7.4,8,0,0
KOR_MV,D,20141015,000000,8.05,8.05,7.95,7.95,0,0
KOR_MV,D,20141020,000000,7.65,7.65,7.4,7.4,0,0
KOR_MV,D,20141023,000000,7.31,7.4,7.31,7.4,0,0
KOR_MV,D,20141024,000000,7.4,7.4,7.4,7.4,0,0
KOR_MV,D,20141027,000000,7.55,7.65,7.55,7.65,0,0
KOR_MV,D,20141028,000000,7.65,7.65,7.55,7.55,0,0
KOR_MV,D,20141029,000000,7.85,7.85,7.85,7.85,0,0
KOR_MV,D,20141030,000000,7.85,7.85,7.5,7.5,0,0
KOR_MV,D,20141031,000000,7.9,7.9,7.9,7.9,0,0
KOR_MV,D,20141103,000000,7.8,8.49,7.8,8.49,0,0
KOR_MV,D,20141104,000000,8.19,8.19,8.19,8.19,0,0
KOR_MV,D,20141105,000000,8.49,8.49,8.49,8.49,0,0
KOR_MV,D,20141106,000000,8.39,8.44,8.39,8.39,0,0
KOR_MV,D,20141107,000000,8.39,8.39,8.39,8.39,0,0
KOR_MV,D,20141110,000000,8.39,8.39,8.39,8.39,0,0
KOR_MV,D,20141112,000000,8.39,9.43,8.39,9.43,0,0
KOR_MV,D,20141113,000000,9.18,9.28,8.39,9.28,0,0
KOR_MV,D,20141114,000000,8.94,8.94,8.94,8.94,0,0
KOR_MV,D,20141117,000000,8.94,8.94,8.84,8.84,0,0
KOR_MV,D,20141118,000000,8.84,8.94,8.74,8.74,0,0
KOR_MV,D,20141120,000000,8.94,8.94,8.94,8.94,0,0
KOR_MV,D,20141124,000000,8.98,8.98,8.98,8.98,0,0
KOR_MV,D,20141125,000000,8.94,9.77,8.94,9.77,0,0
KOR_MV,D,20141126,000000,9.77,9.77,9.77,9.77,0,0
KOR_MV,D,20141127,000000,9.38,9.38,9.13,9.13,0,0
KOR_MV,D,20141128,000000,9.23,9.23,9.23,9.23,0,0
KOR_MV,D,20141205,000000,8.94,8.94,8.94,8.94,0,0
KOR_MV,D,20141210,000000,9.13,9.13,9.13,9.13,0,0
KOR_MV,D,20150105,000000,9.33,9.33,9.33,9.33,0,0
KOR_MV,D,20150112,000000,9.38,9.38,9.38,9.38,0,0
KOR_MV,D,20150122,000000,9.38,9.48,9.38,9.48,0,0
KOR_MV,D,20150126,000000,9.18,9.18,9.18,9.18,0,0
KOR_MV,D,20150127,000000,9.48,9.58,9.48,9.58,0,0
KOR_MV,D,20150128,000000,9.28,9.58,8.84,9.58,0,0
KOR_MV,D,20150129,000000,9.03,9.03,8.84,8.84,0,0
KOR_MV,D,20150130,000000,8.98,8.98,8.84,8.84,0,0
KOR_MV,D,20150202,000000,8.69,8.69,8.69,8.69,0,0
KOR_MV,D,20150209,000000,8.84,9.03,8.84,9.03,0,0
KOR_MV,D,20150210,000000,9.18,9.23,9.18,9.23,0,0
KOR_MV,D,20150212,000000,9.03,9.03,8.84,8.84,0,0
KOR_MV,D,20150213,000000,8.94,9.08,8.64,9.08,0,0
KOR_MV,D,20150216,000000,8.59,8.59,8.34,8.34,0,0
KOR_MV,D,20150217,000000,7.95,7.95,7.75,7.75,0,0
KOR_MV,D,20150218,000000,7.75,7.75,7.75,7.75,0,0
KOR_MV,D,20150312,000000,7.8,7.8,7.75,7.75,0,0
KOR_MV,D,20150317,000000,7.75,7.75,7.4,7.4,0,0
KOR_MV,D,20150331,000000,7.31,7.31,7.11,7.11,0,0
KOR_MV,D,20150401,000000,7.21,7.55,7.21,7.55,0,0
KOR_MV,D,20150402,000000,7.31,7.31,7.21,7.21,0,0
KOR_MV,D,20150420,000000,7.16,7.16,7.06,7.06,0,0
KOR_MV,D,20150423,000000,7.4,7.4,7.4,7.4,0,0
KOR_MV,D,20150430,000000,7.4,7.4,7.4,7.4,0,0
KOR_MV,D,20150504,000000,7.45,7.65,7.45,7.65,0,0
KOR_MV,D,20150511,000000,7.55,7.55,7.55,7.55,0,0
KOR_MV,D,20150512,000000,7.5,7.5,7.5,7.5,0,0
KOR_MV,D,20150515,000000,7.6,7.6,7.6,7.6,0,0
KOR_MV,D,20150519,000000,7.5,7.5,7.5,7.5,0,0
KOR_MV,D,20150528,000000,7.6,7.6,7.6,7.6,0,0
KOR_MV,D,20150529,000000,7.5,7.5,7.5,7.5,0,0
KOR_MV,D,20150601,000000,7.4,7.4,7.4,7.4,0,0
KOR_MV,D,20150603,000000,7.45,7.45,7.4,7.4,0,0
KOR_MV,D,20150605,000000,7.4,7.4,7.4,7.4,0,0
KOR_MV,D,20150608,000000,7.4,7.4,7.4,7.4,0,0
KOR_MV,D,20150611,000000,7.4,7.4,7.4,7.4,0,0
KOR_MV,D,20150612,000000,7.55,7.8,7.55,7.8,0,0
KOR_MV,D,20150723,000000,7.6,7.6,7.45,7.45,0,0
KOR_MV,D,20150813,000000,7.36,7.36,7.36,7.36,0,0
KOR_MV,D,20150818,000000,7.5,8.84,7.5,8.84,0,0
KOR_MV,D,20150819,000000,8.54,8.54,8.39,8.39,0,0
KOR_MV,D,20150820,000000,8.54,8.54,8.54,8.54,0,0
KOR_MV,D,20150821,000000,8.44,8.44,8.44,8.44,0,0
KOR_MV,D,20150824,000000,8,8,8,8,0,0
KOR_MV,D,20150827,000000,8.15,8.15,8.15,8.15,0,0
KOR_MV,D,20150922,000000,8.34,8.34,8.34,8.34,0,0
KOR_MV,D,20150923,000000,8.34,8.34,8.34,8.34,0,0
KOR_MV,D,20150925,000000,8.29,8.34,8.29,8.34,0,0
KOR_MV,D,20150929,000000,8.34,8.34,8.34,8.34,0,0
KOR_MV,D,20150930,000000,8.34,8.34,8.34,8.34,0,0
KOR_MV,D,20151001,000000,8.34,8.34,8.34,8.34,0,0
KOR_MV,D,20151005,000000,8.34,8.34,8.34,8.34,0,0
KOR_MV,D,20151006,000000,8.34,8.34,8.34,8.34,0,0
KOR_MV,D,20151012,000000,8.34,8.34,8.29,8.29,0,0
KOR_MV,D,20151013,000000,8.34,8.34,8.34,8.34,0,0
KOR_MV,D,20151014,000000,8.34,8.34,8.34,8.34,0,0
KOR_MV,D,20151015,000000,8.34,8.34,8.34,8.34,0,0
KOR_MV,D,20151016,000000,8.34,8.34,8.34,8.34,0,0
KOR_MV,D,20151019,000000,8.34,8.34,8.34,8.34,0,0
KOR_MV,D,20151020,000000,8.34,8.34,8.34,8.34,0,0
KOR_MV,D,20151022,000000,8.34,8.34,8.34,8.34,0,0
KOR_MV,D,20151023,000000,8.34,8.34,8.34,8.34,0,0
KOR_MV,D,20151026,000000,8.19,8.19,8.19,8.19,0,0
KOR_MV,D,20151027,000000,8.19,8.19,8.19,8.19,0,0
KOR_MV,D,20151029,000000,8.19,8.19,8.19,8.19,0,0
KOR_MV,D,20151030,000000,8.19,8.19,8.19,8.19,0,0
KOR_MV,D,20151102,000000,8.19,8.19,8.19,8.19,0,0
KOR_MV,D,20151103,000000,8.19,8.19,8.19,8.19,0,0
KOR_MV,D,20151104,000000,8.19,8.19,8.19,8.19,0,0
KOR_MV,D,20151105,000000,8.15,8.15,8.15,8.15,0,0
KOR_MV,D,20151106,000000,8.15,8.15,8.15,8.15,0,0
KOR_MV,D,20151109,000000,8.15,8.15,8.15,8.15,0,0
KOR_MV,D,20151112,000000,8.29,8.29,8.29,8.29,0,0
KOR_MV,D,20151116,000000,8.29,8.29,8.29,8.29,0,0
KOR_MV,D,20151119,000000,8.29,8.29,8.29,8.29,0,0
KOR_MV,D,20151120,000000,8.29,8.29,8.29,8.29,0,0
KOR_MV,D,20151123,000000,8.29,8.29,8.29,8.29,0,0
KOR_MV,D,20151125,000000,8.29,8.29,8.29,8.29,0,0
KOR_MV,D,20151127,000000,8.29,8.29,8.29,8.29,0,0
KOR_MV,D,20151201,000000,8.29,8.29,8.29,8.29,0,0
KOR_MV,D,20151204,000000,8.19,8.19,8.15,8.15,0,0
KOR_MV,D,20151207,000000,8.29,8.29,8.29,8.29,0,0
KOR_MV,D,20151208,000000,8.29,8.29,8.29,8.29,0,0
KOR_MV,D,20151209,000000,8.29,8.29,8.29,8.29,0,0
KOR_MV,D,20151210,000000,8.29,8.29,8.29,8.29,0,0
KOR_MV,D,20151214,000000,8.29,8.29,8.29,8.29,0,0
KOR_MV,D,20151215,000000,8.29,8.29,8.29,8.29,0,0
KOR_MV,D,20151217,000000,8.34,8.34,8.34,8.34,0,0
KOR_MV,D,20151218,000000,8.34,8.34,8.34,8.34,0,0
KOR_MV,D,20151221,000000,8.34,8.34,8.34,8.34,0,0
KOR_MV,D,20151222,000000,8.15,8.15,8.15,8.15,0,0
KOR_MV,D,20151229,000000,8.34,8.34,8.34,8.34,0,0
KOR_MV,D,20151230,000000,8.34,8.34,8.34,8.34,0,0
KOR_MV,D,20160119,000000,8.24,8.24,8.24,8.24,0,0
KOR_MV,D,20160125,000000,8.24,8.24,7.85,7.85,0,0
KOR_MV,D,20160126,000000,7.65,7.65,7.16,7.16,0,0
KOR_MV,D,20160127,000000,7.16,7.16,7.16,7.16,0,0
KOR_MV,D,20160128,000000,7.16,7.16,6.91,6.91,0,0
KOR_MV,D,20160204,000000,6.91,6.91,6.91,6.91,0,0
KOR_MV,D,20160212,000000,6.91,6.91,6.91,6.91,0,0
KOR_MV,D,20160215,000000,7.21,7.5,7.21,7.5,0,0
KOR_MV,D,20160216,000000,7.6,8.19,7.6,8.19,0,0
KOR_MV,D,20160217,000000,8.1,8.29,8.1,8.29,0,0
KOR_MV,D,20160223,000000,8.34,8.34,8.34,8.34,0,0
KOR_MV,D,20160226,000000,8.34,8.34,8.34,8.34,0,0
KOR_MV,D,20160229,000000,8.34,8.34,8.29,8.29,0,0
KOR_MV,D,20160301,000000,8.34,8.34,8.34,8.34,0,0
KOR_MV,D,20160304,000000,8.34,8.34,8.34,8.34,0,0
KOR_MV,D,20160307,000000,8.29,8.29,8.29,8.29,0,0
KOR_MV,D,20160308,000000,8.19,8.19,8.19,8.19,0,0
KOR_MV,D,20160309,000000,8.15,8.15,8.15,8.15,0,0
KOR_MV,D,20160311,000000,8,8,8,8,0,0
KOR_MV,D,20160316,000000,7.9,8.1,7.9,8.1,0,0
KOR_MV,D,20160318,000000,7.9,8.24,7.9,8.24,0,0
KOR_MV,D,20160321,000000,8.29,8.29,8,8,0,0
KOR_MV,D,20160323,000000,8.05,8.05,8.05,8.05,0,0
KOR_MV,D,20160324,000000,8.05,8.05,7.9,7.9,0,0
KOR_MV,D,20160329,000000,8.05,8.05,8.05,8.05,0,0
KOR_MV,D,20160330,000000,8.05,8.05,8.05,8.05,0,0
KOR_MV,D,20160331,000000,8.05,8.05,8.05,8.05,0,0
KOR_MV,D,20160401,000000,8.05,8.05,8.05,8.05,0,0
KOR_MV,D,20160404,000000,8.05,8.05,8.05,8.05,0,0
KOR_MV,D,20160405,000000,7.9,7.9,7.9,7.9,0,0
KOR_MV,D,20160406,000000,7.9,7.9,7.9,7.9,0,0
KOR_MV,D,20160407,000000,8.05,8.05,8.05,8.05,0,0
KOR_MV,D,20160408,000000,8.05,8.05,8.05,8.05,0,0
KOR_MV,D,20160411,000000,8.05,8.05,8.05,8.05,0,0
KOR_MV,D,20160412,000000,8.05,8.05,8.05,8.05,0,0
KOR_MV,D,20160415,000000,8.05,8.05,8.05,8.05,0,0
KOR_MV,D,20160422,000000,8.05,8.05,8.05,8.05,0,0
KOR_MV,D,20160425,000000,8.15,8.15,8.15,8.15,0,0
KOR_MV,D,20160426,000000,8.15,8.15,8.15,8.15,0,0
KOR_MV,D,20160427,000000,8.15,8.15,8.1,8.1,0,0
KOR_MV,D,20160428,000000,8.15,8.15,8.15,8.15,0,0
KOR_MV,D,20160504,000000,8.15,8.24,8.15,8.24,0,0
KOR_MV,D,20160505,000000,8.24,8.24,8.24,8.24,0,0
KOR_MV,D,20160509,000000,8.24,8.24,8.24,8.24,0,0
KOR_MV,D,20160516,000000,8.24,8.24,8.24,8.24,0,0
KOR_MV,D,20160518,000000,8.24,8.24,8.24,8.24,0,0
KOR_MV,D,20160519,000000,8.24,8.24,8.24,8.24,0,0
KOR_MV,D,20160520,000000,8.24,8.24,8.24,8.24,0,0
KOR_MV,D,20160523,000000,7.9,7.9,7.9,7.9,0,0
KOR_MV,D,20160527,000000,7.9,7.9,7.9,7.9,0,0
KOR_MV,D,20160530,000000,7.9,7.9,7.9,7.9,0,0
KOR_MV,D,20160531,000000,8.15,8.15,8.15,8.15,0,0
KOR_MV,D,20160601,000000,8.15,8.15,8.15,8.15,0,0
KOR_MV,D,20160602,000000,8.15,8.15,8.15,8.15,0,0
KOR_MV,D,20160603,000000,8.15,8.15,8.15,8.15,0,0
KOR_MV,D,20160606,000000,8.15,8.15,8.15,8.15,0,0
KOR_MV,D,20160607,000000,8.15,8.15,8.15,8.15,0,0
KOR_MV,D,20160608,000000,8.15,8.15,8.15,8.15,0,0
KOR_MV,D,20160609,000000,8.15,8.15,8.15,8.15,0,0
KOR_MV,D,20160613,000000,8.15,8.15,8.15,8.15,0,0
KOR_MV,D,20160614,000000,8.15,8.15,8.15,8.15,0,0
KOR_MV,D,20160615,000000,8.15,8.15,8.15,8.15,0,0
KOR_MV,D,20160616,000000,8.15,8.15,8.15,8.15,0,0
KOR_MV,D,20160617,000000,8.15,8.15,8.15,8.15,0,0
KOR_MV,D,20160620,000000,8.15,8.15,8.15,8.15,0,0
KOR_MV,D,20160621,000000,8.15,8.15,8.15,8.15,0,0
KOR_MV,D,20160622,000000,8.1,8.1,6.96,6.96,0,0
KOR_MV,D,20160629,000000,6.91,6.91,6.91,6.91,0,0
KOR_MV,D,20160630,000000,6.91,6.91,6.91,6.91,0,0
KOR_MV,D,20160704,000000,6.81,6.91,6.81,6.91,0,0
KOR_MV,D,20160705,000000,6.86,6.91,6.86,6.91,0,0
KOR_MV,D,20160706,000000,6.91,6.91,6.91,6.91,0,0
KOR_MV,D,20160707,000000,6.91,6.91,6.91,6.91,0,0
KOR_MV,D,20160708,000000,6.91,6.91,6.91,6.91,0,0
KOR_MV,D,20160711,000000,6.91,6.91,6.86,6.86,0,0
KOR_MV,D,20160712,000000,6.91,6.91,6.86,6.86,0,0
KOR_MV,D,20160713,000000,6.86,6.86,6.86,6.86,0,0
KOR_MV,D,20160715,000000,6.91,6.91,6.91,6.91,0,0
KOR_MV,D,20160718,000000,6.91,6.91,6.91,6.91,0,0
KOR_MV,D,20160719,000000,6.91,6.91,6.91,6.91,0,0
KOR_MV,D,20160720,000000,6.91,6.91,6.91,6.91,0,0
KOR_MV,D,20160721,000000,6.91,6.91,6.91,6.91,0,0
KOR_MV,D,20160722,000000,6.91,6.91,6.91,6.91,0,0
KOR_MV,D,20160728,000000,6.91,6.91,6.91,6.91,0,0
KOR_MV,D,20160729,000000,6.91,6.91,6.91,6.91,0,0
KOR_MV,D,20160802,000000,6.91,6.91,6.91,6.91,0,0
KOR_MV,D,20160803,000000,6.91,6.91,6.91,6.91,0,0
KOR_MV,D,20160804,000000,6.91,6.91,6.91,6.91,0,0
KOR_MV,D,20160805,000000,6.91,6.91,6.91,6.91,0,0
KOR_MV,D,20160808,000000,6.91,6.91,6.91,6.91,0,0
KOR_MV,D,20160809,000000,6.91,6.91,6.91,6.91,0,0
KOR_MV,D,20160810,000000,6.91,6.91,6.91,6.91,0,0
KOR_MV,D,20160811,000000,6.91,6.91,6.91,6.91,0,0
KOR_MV,D,20160812,000000,6.91,6.91,6.91,6.91,0,0
KOR_MV,D,20160816,000000,6.91,6.91,6.91,6.91,0,0
KOR_MV,D,20160818,000000,6.91,8.24,6.91,8.24,0,0
KOR_MV,D,20160819,000000,8.24,8.24,7.16,7.16,0,0
KOR_MV,D,20160823,000000,7.6,7.6,7.6,7.6,0,0
KOR_MV,D,20160824,000000,7.65,7.65,7.65,7.65,0,0
KOR_MV,D,20160825,000000,7.65,7.65,7.65,7.65,0,0
KOR_MV,D,20160829,000000,7.4,7.6,7.4,7.6,0,0
KOR_MV,D,20160831,000000,7.6,8.05,7.4,7.65,0,0
KOR_MV,D,20160901,000000,7.8,7.8,7.8,7.8,0,0
KOR_MV,D,20160926,000000,7.5,7.5,6.81,6.81,0,0
KOR_MV,D,20160927,000000,7.4,7.5,7.4,7.5,0,0
KOR_MV,D,20161018,000000,7.26,7.4,7.11,7.4,0,0
KOR_MV,D,20161028,000000,7.31,7.31,7.31,7.31,0,0
KOR_MV,D,20161031,000000,7.26,7.26,7.26,7.26,0,0
KOR_MV,D,20161102,000000,7.26,7.26,7.26,7.26,0,0
KOR_MV,D,20161103,000000,7.26,7.26,7.26,7.26,0,0
KOR_MV,D,20161104,000000,7.26,7.26,7.26,7.26,0,0
KOR_MV,D,20161107,000000,7.01,7.01,7.01,7.01,0,0
KOR_MV,D,20161108,000000,7.31,7.5,7.31,7.5,0,0
KOR_MV,D,20161114,000000,7.4,7.4,7.36,7.36,0,0
KOR_MV,D,20161115,000000,7.4,7.4,7.4,7.4,0,0
KOR_MV,D,20161116,000000,7.26,7.26,7.26,7.26,0,0
KOR_MV,D,20161118,000000,7.36,7.6,7.36,7.45,0,0
KOR_MV,D,20161121,000000,7.45,7.45,7.45,7.45,0,0
KOR_MV,D,20161122,000000,7.45,7.45,7.45,7.45,0,0
KOR_MV,D,20161129,000000,7.4,7.9,7.4,7.9,0,0
KOR_MV,D,20161130,000000,7.16,7.8,7.16,7.8,0,0
KOR_MV,D,20161201,000000,7.8,7.8,7.4,7.4,0,0
KOR_MV,D,20161202,000000,7.26,7.26,7.01,7.01,0,0
KOR_MV,D,20161216,000000,6.96,6.96,6.96,6.96,0,0
KOR_MV,D,20161220,000000,6.91,6.91,6.86,6.86,0,0
KOR_MV,D,20161221,000000,6.86,6.86,6.86,6.86,0,0
KOR_MV,D,20170102,000000,7.06,7.06,6.81,6.81,0,0
KOR_MV,D,20170103,000000,7.11,7.11,6.62,6.62,0,0
KOR_MV,D,20170104,000000,6.91,7.06,6.91,7.06,0,0
KOR_MV,D,20170105,000000,7.21,7.21,7.21,7.21,0,0
KOR_MV,D,20170109,000000,7.21,7.4,7.21,7.4,0,0
KOR_MV,D,20170214,000000,7.26,7.31,7.26,7.31,0,0
KOR_MV,D,20170215,000000,7.31,7.31,7.31,7.31,0,0
KOR_MV,D,20170303,000000,7.31,7.9,7.31,7.9,0,0
KOR_MV,D,20170307,000000,7.21,7.21,7.21,7.21,0,0
KOR_MV,D,20170308,000000,7.7,7.7,7.7,7.7,0,0
KOR_MV,D,20170309,000000,7.31,7.31,7.31,7.31,0,0
KOR_MV,D,20170314,000000,7.26,7.26,7.26,7.26,0,0
KOR_MV,D,20170315,000000,7.65,7.65,7.6,7.6,0,0
KOR_MV,D,20170316,000000,7.6,7.6,7.6,7.6,0,0
KOR_MV,D,20170317,000000,7.55,7.75,7.55,7.75,0,0
KOR_MV,D,20170321,000000,7.55,7.55,7.55,7.55,0,0
KOR_MV,D,20170323,000000,7.9,7.9,7.9,7.9,0,0
KOR_MV,D,20170324,000000,7.9,7.9,7.85,7.85,0,0
KOR_MV,D,20170327,000000,7.65,7.85,7.65,7.85,0,0
KOR_MV,D,20170328,000000,7.85,7.9,7.85,7.9,0,0
KOR_MV,D,20170329,000000,7.9,7.9,7.9,7.9,0,0
KOR_MV,D,20170330,000000,7.9,7.9,7.9,7.9,0,0
KOR_MV,D,20170331,000000,7.9,7.9,7.9,7.9,0,0
KOR_MV,D,20170403,000000,7.9,7.9,7.9,7.9,0,0
KOR_MV,D,20170404,000000,7.9,7.9,7.9,7.9,0,0
KOR_MV,D,20170405,000000,7.9,7.9,7.9,7.9,0,0
KOR_MV,D,20170407,000000,7.9,7.9,7.9,7.9,0,0
KOR_MV,D,20170410,000000,7.9,7.9,7.9,7.9,0,0
KOR_MV,D,20170411,000000,7.9,7.9,7.9,7.9,0,0
KOR_MV,D,20170412,000000,7.9,7.9,7.9,7.9,0,0
KOR_MV,D,20170418,000000,7.9,7.9,7.9,7.9,0,0
KOR_MV,D,20170419,000000,7.9,7.9,7.9,7.9,0,0
KOR_MV,D,20170420,000000,7.9,7.9,7.9,7.9,0,0
KOR_MV,D,20170421,000000,7.9,7.9,7.9,7.9,0,0
KOR_MV,D,20170424,000000,7.9,7.9,7.9,7.9,0,0
KOR_MV,D,20170425,000000,7.9,7.9,7.9,7.9,0,0
KOR_MV,D,20170426,000000,7.9,7.9,7.9,7.9,0,0
KOR_MV,D,20170427,000000,7.9,7.9,7.9,7.9,0,0
KOR_MV,D,20170428,000000,7.9,7.9,7.9,7.9,0,0
KOR_MV,D,20170502,000000,7.9,7.9,7.9,7.9,0,0
KOR_MV,D,20170504,000000,7.9,7.9,7.9,7.9,0,0
KOR_MV,D,20170505,000000,7.9,7.9,7.9,7.9,0,0
KOR_MV,D,20170508,000000,7.9,7.9,7.9,7.9,0,0
KOR_MV,D,20170509,000000,7.9,7.9,7.9,7.9,0,0
KOR_MV,D,20170510,000000,7.9,7.9,7.9,7.9,0,0
KOR_MV,D,20170512,000000,7.9,7.9,7.9,7.9,0,0
KOR_MV,D,20170525,000000,8.1,8.24,8.1,8.24,0,0
KOR_MV,D,20170526,000000,8.24,8.24,8.24,8.24,0,0
KOR_MV,D,20170529,000000,8.24,8.24,8.24,8.24,0,0
KOR_MV,D,20170530,000000,8.24,8.24,8.24,8.24,0,0
KOR_MV,D,20170531,000000,8.24,8.24,8.24,8.24,0,0
KOR_MV,D,20170602,000000,8.24,8.24,8.24,8.24,0,0
KOR_MV,D,20170605,000000,8.24,8.24,8.24,8.24,0,0
KOR_MV,D,20170606,000000,8.24,8.24,8.24,8.24,0,0
KOR_MV,D,20170614,000000,8.1,8.1,8.1,8.1,0,0
KOR_MV,D,20170616,000000,8.1,8.24,8.1,8.24,0,0
KOR_MV,D,20170619,000000,8.24,8.24,8.24,8.24,0,0
KOR_MV,D,20170620,000000,8.24,8.24,8.24,8.24,0,0
KOR_MV,D,20170621,000000,8.24,8.24,8.24,8.24,0,0
KOR_MV,D,20170622,000000,8.24,8.24,8.24,8.24,0,0
KOR_MV,D,20170623,000000,8.24,8.24,8.24,8.24,0,0
KOR_MV,D,20170626,000000,8.24,8.24,8.24,8.24,0,0
KOR_MV,D,20170627,000000,8.1,8.1,8.1,8.1,0,0
KOR_MV,D,20170628,000000,8.1,8.1,8.1,8.1,0,0
KOR_MV,D,20170629,000000,8.1,8.1,8.1,8.1,0,0
KOR_MV,D,20170630,000000,8.1,8.1,8.1,8.1,0,0
KOR_MV,D,20170703,000000,8.24,8.24,8.24,8.24,0,0
KOR_MV,D,20170704,000000,8.24,8.24,8.1,8.1,0,0
KOR_MV,D,20170705,000000,8.15,8.15,8.1,8.1,0,0
KOR_MV,D,20170706,000000,8.15,8.15,8.15,8.15,0,0
KOR_MV,D,20170707,000000,8.15,8.15,8.15,8.15,0,0
KOR_MV,D,20170710,000000,8.15,8.15,8.15,8.15,0,0
KOR_MV,D,20170711,000000,8.15,8.15,8.15,8.15,0,0
KOR_MV,D,20170712,000000,8.15,8.15,8.15,8.15,0,0
KOR_MV,D,20170713,000000,8.15,8.15,8.15,8.15,0,0
KOR_MV,D,20170714,000000,8.15,8.15,8.15,8.15,0,0
KOR_MV,D,20170717,000000,8.1,8.24,8.1,8.24,0,0
KOR_MV,D,20170718,000000,8.24,8.24,8.24,8.24,0,0
KOR_MV,D,20170719,000000,8.24,8.24,8.24,8.24,0,0
KOR_MV,D,20170720,000000,8.24,8.24,8.24,8.24,0,0
KOR_MV,D,20170721,000000,8.24,8.24,8.24,8.24,0,0
KOR_MV,D,20170724,000000,8.24,8.24,8.24,8.24,0,0
KOR_MV,D,20170725,000000,8.29,8.29,8.29,8.29,0,0
KOR_MV,D,20170726,000000,8.29,8.29,8.29,8.29,0,0
KOR_MV,D,20170727,000000,8.29,8.29,8.29,8.29,0,0
KOR_MV,D,20170728,000000,8.29,8.29,8.29,8.29,0,0
KOR_MV,D,20170731,000000,8.29,8.29,8.29,8.29,0,0
KOR_MV,D,20170801,000000,8.29,8.29,8.29,8.29,0,0
KOR_MV,D,20170802,000000,8.29,8.29,8.29,8.29,0,0
KOR_MV,D,20170803,000000,8.29,8.29,8.29,8.29,0,0
KOR_MV,D,20170804,000000,8.29,8.29,8.29,8.29,0,0
KOR_MV,D,20170807,000000,8.29,8.29,8.29,8.29,0,0
KOR_MV,D,20170810,000000,8.29,8.29,8.29,8.29,0,0
KOR_MV,D,20170811,000000,8.29,8.29,8.29,8.29,0,0
KOR_MV,D,20170814,000000,8.29,8.29,8.29,8.29,0,0
KOR_MV,D,20170816,000000,8.24,8.24,8.24,8.24,0,0
KOR_MV,D,20170817,000000,8.29,8.29,8.29,8.29,0,0
KOR_MV,D,20170818,000000,8.29,8.29,8.29,8.29,0,0
KOR_MV,D,20170821,000000,8.29,8.34,8.29,8.34,0,0
KOR_MV,D,20170822,000000,8.34,8.34,8.34,8.34,0,0
KOR_MV,D,20170823,000000,8.34,8.34,8.29,8.29,0,0
KOR_MV,D,20170824,000000,8.34,8.34,8.29,8.29,0,0
KOR_MV,D,20170825,000000,8.29,8.29,8.29,8.29,0,0
KOR_MV,D,20170828,000000,8.29,8.29,8.29,8.29,0,0
KOR_MV,D,20170829,000000,8.29,8.29,8.29,8.29,0,0
KOR_MV,D,20170830,000000,8.29,8.29,8.29,8.29,0,0
KOR_MV,D,20170831,000000,8.29,8.29,8.29,8.29,0,0
KOR_MV,D,20170901,000000,8.29,8.29,8.29,8.29,0,0
KOR_MV,D,20170904,000000,8.29,8.29,8.29,8.29,0,0
KOR_MV,D,20170905,000000,8.29,8.29,8.29,8.29,0,0
KOR_MV,D,20170906,000000,8.29,8.29,8.29,8.29,0,0
KOR_MV,D,20170907,000000,8.29,8.29,7.9,7.9,0,0
KOR_MV,D,20170911,000000,8.24,8.44,8.19,8.19,0,0
KOR_MV,D,20170914,000000,8.39,8.59,8.39,8.59,0,0
KOR_MV,D,20170915,000000,8.64,9.63,8.64,9.43,0,0
KOR_MV,D,20170918,000000,9.53,9.53,9.33,9.33,0,0
KOR_MV,D,20170919,000000,9.33,9.33,9.33,9.33,0,0
KOR_MV,D,20170920,000000,9.33,9.58,9.33,9.58,0,0
KOR_MV,D,20170922,000000,9.63,9.63,9.63,9.63,0,0
KOR_MV,D,20170925,000000,9.33,9.38,9.33,9.38,0,0
KOR_MV,D,20170927,000000,9.38,9.63,9.38,9.63,0,0
KOR_MV,D,20170928,000000,9.63,9.63,9.63,9.63,0,0
KOR_MV,D,20170929,000000,9.73,9.73,9.73,9.73,0,0
KOR_MV,D,20171002,000000,9.73,9.73,9.73,9.73,0,0
KOR_MV,D,20171003,000000,9.73,11.26,9.73,11.21,0,0
KOR_MV,D,20171004,000000,11.35,12.34,11.35,12.34,0,0
KOR_MV,D,20171005,000000,12.29,12.29,11.95,11.95,0,0
KOR_MV,D,20171010,000000,11.75,11.75,11.65,11.65,0,0
KOR_MV,D,20171011,000000,11.5,11.5,11.26,11.26,0,0
KOR_MV,D,20171013,000000,11.55,12,11.55,12,0,0
KOR_MV,D,20171017,000000,11.9,12.34,11.9,12.34,0,0
KOR_MV,D,20171018,000000,12.34,12.34,12.34,12.34,0,0
KOR_MV,D,20171019,000000,12.34,12.34,12.34,12.34,0,0
KOR_MV,D,20171020,000000,12.34,12.34,12.34,12.34,0,0
KOR_MV,D,20171023,000000,12.34,12.34,12.34,12.34,0,0
KOR_MV,D,20171024,000000,12.34,12.34,12.34,12.34,0,0
KOR_MV,D,20171025,000000,12.34,12.34,12.34,12.34,0,0
KOR_MV,D,20171026,000000,12.09,12.09,11.95,11.95,0,0
KOR_MV,D,20171027,000000,11.85,11.85,11.6,11.6,0,0
KOR_MV,D,20171030,000000,11.85,13.33,11.85,12.14,0,0
KOR_MV,D,20171031,000000,11.85,12.59,11.85,12.54,0,0
KOR_MV,D,20171103,000000,11.7,11.7,11.65,11.65,0,0
KOR_MV,D,20171107,000000,12.05,12.05,12.05,12.05,0,0
KOR_MV,D,20171109,000000,11.7,11.7,11.26,11.26,0,0
KOR_MV,D,20171114,000000,12.54,12.54,12.54,12.54,0,0
KOR_MV,D,20171117,000000,11.65,11.65,11.65,11.65,0,0
KOR_MV,D,20171122,000000,11.7,11.85,11.7,11.85,0,0
KOR_MV,D,20171123,000000,11.75,11.85,11.75,11.85,0,0
KOR_MV,D,20171124,000000,11.85,11.85,11.5,11.5,0,0
KOR_MV,D,20171127,000000,11.35,11.35,11.35,11.35,0,0
KOR_MV,D,20171130,000000,11.3,11.3,11.3,11.3,0,0
KOR_MV,D,20171205,000000,11.16,11.3,10.96,11.3,0,0
KOR_MV,D,20171208,000000,11.11,11.11,11.11,11.11,0,0
KOR_MV,D,20171213,000000,11.11,11.11,11.11,11.11,0,0
KOR_MV,D,20171214,000000,11.16,11.16,11.16,11.16,0,0
KOR_MV,D,20171215,000000,11.16,11.16,11.16,11.16,0,0
KOR_MV,D,20171218,000000,11.35,11.35,11.35,11.35,0,0
KOR_MV,D,20171219,000000,11.6,11.6,11.6,11.6,0,0
KOR_MV,D,20171220,000000,11.3,11.3,11.3,11.3,0,0
KOR_MV,D,20171221,000000,11.65,12.49,11.55,12.49,0,0
KOR_MV,D,20171222,000000,12.54,12.54,12.09,12.09,0,0
KOR_MV,D,20171227,000000,11.85,11.85,11.65,11.65,0,0
KOR_MV,D,20171229,000000,11.65,11.75,11.65,11.75,0,0
KOR_MV,D,20180103,000000,11.75,12.34,11.75,12.34,0,0
KOR_MV,D,20180109,000000,13.03,13.03,13.03,13.03,0,0
KOR_MV,D,20180110,000000,12.24,12.24,12.24,12.24,0,0
KOR_MV,D,20180112,000000,12.34,12.54,12.24,12.24,0,0
KOR_MV,D,20180115,000000,12.24,12.24,12.24,12.24,0,0
KOR_MV,D,20180117,000000,12.34,12.34,12.34,12.34,0,0
KOR_MV,D,20180118,000000,12.54,12.54,12.54,12.54,0,0
KOR_MV,D,20180119,000000,12.54,12.54,12.54,12.54,0,0
KOR_MV,D,20180123,000000,12.54,12.54,12.54,12.54,0,0
KOR_MV,D,20180124,000000,12.34,12.34,12.34,12.34,0,0
KOR_MV,D,20180125,000000,12.34,12.34,12.34,12.34,0,0
KOR_MV,D,20180126,000000,12.24,12.24,12.24,12.24,0,0
KOR_MV,D,20180129,000000,12.34,12.34,12.34,12.34,0,0
KOR_MV,D,20180130,000000,12.34,12.34,12.34,12.34,0,0
KOR_MV,D,20180202,000000,12.14,12.14,11.75,11.75,0,0
KOR_MV,D,20180206,000000,11.65,11.65,11.35,11.35,0,0
KOR_MV,D,20180213,000000,11.26,12.24,11.26,12.24,0,0
KOR_MV,D,20180221,000000,11.45,11.45,11.35,11.35,0,0
KOR_MV,D,20180223,000000,11.35,11.75,11.35,11.75,0,0
KOR_MV,D,20180226,000000,11.35,11.35,11.35,11.35,0,0
KOR_MV,D,20180302,000000,11.35,11.35,11.35,11.35,0,0
KOR_MV,D,20180305,000000,11.35,11.35,11.35,11.35,0,0
KOR_MV,D,20180306,000000,11.35,11.35,11.35,11.35,0,0
KOR_MV,D,20180307,000000,11.35,11.35,11.35,11.35,0,0
KOR_MV,D,20180312,000000,11.35,11.35,11.35,11.35,0,0
KOR_MV,D,20180508,000000,11.16,11.16,11.06,11.06,0,0
KOR_MV,D,20180516,000000,11.35,11.35,11.35,11.35,0,0
KOR_MV,D,20180521,000000,11.35,11.35,11.35,11.35,0,0
KOR_MV,D,20180604,000000,11.06,11.75,11.06,11.75,0,0
KOR_MV,D,20180605,000000,11.45,12.34,11.26,11.26,0,0
KOR_MV,D,20180612,000000,11.55,11.55,11.45,11.45,0,0
KOR_MV,D,20180613,000000,11.85,11.85,11.85,11.85,0,0
KOR_MV,D,20180614,000000,11.85,11.85,11.85,11.85,0,0
KOR_MV,D,20180615,000000,11.85,11.85,11.85,11.85,0,0
KOR_MV,D,20180619,000000,11.35,11.35,11.35,11.35,0,0
KOR_MV,D,20180627,000000,11.35,11.85,11.35,11.85,0,0
KOR_MV,D,20180703,000000,11.85,11.85,11.85,11.85,0,0
KOR_MV,D,20180704,000000,11.85,11.85,11.85,11.85,0,0
KOR_MV,D,20180706,000000,11.85,11.85,11.85,11.85,0,0
KOR_MV,D,20180709,000000,11.85,11.85,11.85,11.85,0,0
KOR_MV,D,20180710,000000,11.45,11.85,11.45,11.85,0,0
KOR_MV,D,20180711,000000,11.85,11.85,11.85,11.85,0,0
KOR_MV,D,20180713,000000,11.26,11.26,11.26,11.26,0,0
KOR_MV,D,20180717,000000,11.35,11.35,11.26,11.26,0,0
KOR_MV,D,20180730,000000,11.26,11.26,11.26,11.26,0,0
KOR_MV,D,20180731,000000,11.26,11.26,11.26,11.26,0,0
KOR_MV,D,20180801,000000,11.26,11.26,11.26,11.26,0,0
KOR_MV,D,20180802,000000,11.26,11.26,11.26,11.26,0,0
KOR_MV,D,20180803,000000,11.26,11.26,11.26,11.26,0,0
KOR_MV,D,20180806,000000,11.26,11.26,11.26,11.26,0,0
KOR_MV,D,20180807,000000,11.26,11.26,11.26,11.26,0,0
KOR_MV,D,20180808,000000,11.26,11.26,11.26,11.26,0,0
KOR_MV,D,20180810,000000,11.26,11.26,11.26,11.26,0,0
KOR_MV,D,20180813,000000,11.26,11.26,11.26,11.26,0,0
KOR_MV,D,20180814,000000,11.26,11.26,11.26,11.26,0,0
KOR_MV,D,20180816,000000,11.26,11.26,11.26,11.26,0,0
KOR_MV,D,20180817,000000,11.26,11.26,11.26,11.26,0,0
KOR_MV,D,20180820,000000,11.26,11.26,11.26,11.26,0,0
KOR_MV,D,20180821,000000,11.26,11.26,11.26,11.26,0,0
KOR_MV,D,20180822,000000,11.26,11.26,11.26,11.26,0,0
KOR_MV,D,20180823,000000,11.26,11.26,11.26,11.26,0,0
KOR_MV,D,20180824,000000,11.26,11.26,11.26,11.26,0,0
KOR_MV,D,20180827,000000,11.26,11.26,11.26,11.26,0,0
KOR_MV,D,20180828,000000,11.26,11.26,11.26,11.26,0,0
KOR_MV,D,20180830,000000,11.26,11.26,11.26,11.26,0,0
KOR_MV,D,20181012,000000,11.16,11.16,11.16,11.16,0,0
KOR_MV,D,20181015,000000,11.16,11.16,11.16,11.16,0,0
KOR_MV,D,20181016,000000,11.16,11.16,11.16,11.16,0,0
KOR_MV,D,20181018,000000,11.16,11.16,11.16,11.16,0,0
KOR_MV,D,20181024,000000,11.16,11.16,11.16,11.16,0,0
KOR_MV,D,20181227,000000,11.06,11.06,11.06,11.06,0,0
KOR_MV,D,20190103,000000,11.06,11.06,11.06,11.06,0,0
KOR_MV,D,20190107,000000,10.86,10.86,10.86,10.86,0,0
KOR_MV,D,20190116,000000,10.86,10.86,10.86,10.86,0,0
KOR_MV,D,20190128,000000,10.86,10.86,10.86,10.86,0,0
KOR_MV,D,20190211,000000,10.76,10.76,10.76,10.76,0,0
KOR_MV,D,20190212,000000,11.06,11.06,9.82,10.66,0,0
KOR_MV,D,20190215,000000,10.76,10.76,10.76,10.76,0,0
KOR_MV,D,20190218,000000,10.66,10.66,10.66,10.66,0,0
KOR_MV,D,20190220,000000,10.76,10.86,10.76,10.86,0,0
KOR_MV,D,20190221,000000,10.86,10.86,10.86,10.86,0,0
KOR_MV,D,20190222,000000,10.96,10.96,10.96,10.96,0,0
KOR_MV,D,20190304,000000,10.86,11.35,10.86,11.35,0,0
KOR_MV,D,20190307,000000,11.55,11.65,11.55,11.65,0,0
KOR_MV,D,20190308,000000,11.95,12.64,11.85,12.54,0,0
KOR_MV,D,20190311,000000,11.95,11.95,11.65,11.65,0,0
KOR_MV,D,20190319,000000,11.35,11.35,11.26,11.26,0,0
KOR_MV,D,20190410,000000,11.35,11.75,11.35,11.75,0,0
KOR_MV,D,20190411,000000,11.85,11.85,11.35,11.35,0,0
KOR_MV,D,20190508,000000,11.35,11.35,11.35,11.35,0,0
KOR_MV,D,20190509,000000,11.45,11.55,11.45,11.55,0,0
KOR_MV,D,20190514,000000,11.65,13.53,11.65,13.53,0,0
KOR_MV,D,20190515,000000,13.82,14.32,13.82,14.32,0,0
KOR_MV,D,20190516,000000,14.51,14.51,14.51,14.51,0,0
KOR_MV,D,20190517,000000,14.41,15.3,14.41,15.3,0,0
KOR_MV,D,20190520,000000,15.3,15.3,15.3,15.3,0,0
KOR_MV,D,20190521,000000,15.3,15.3,15.3,15.3,0,0
KOR_MV,D,20190522,000000,15.3,15.7,15.3,15.7,0,0
KOR_MV,D,20190523,000000,15.7,15.8,15.7,15.8,0,0
KOR_MV,D,20190524,000000,15.8,15.8,15.8,15.8,0,0
KOR_MV,D,20190527,000000,15.8,15.8,15.8,15.8,0,0
KOR_MV,D,20190528,000000,15.6,15.6,14.61,14.61,0,0
KOR_MV,D,20190530,000000,14.51,14.51,14.51,14.51,0,0
KOR_MV,D,20190604,000000,14.41,14.41,14.32,14.32,0,0
KOR_MV,D,20190606,000000,14.22,14.22,14.22,14.22,0,0
KOR_MV,D,20190610,000000,13.82,13.82,13.82,13.82,0,0
KOR_MV,D,20190611,000000,13.82,13.82,13.82,13.82,0,0
KOR_MV,D,20190612,000000,13.82,13.82,13.82,13.82,0,0
KOR_MV,D,20190613,000000,13.82,13.82,13.82,13.82,0,0
KOR_MV,D,20190614,000000,13.43,13.43,12.34,12.34,0,0
KOR_MV,D,20190617,000000,12.54,12.54,12.54,12.54,0,0
KOR_MV,D,20190618,000000,12.54,12.54,12.44,12.44,0,0
KOR_MV,D,20190704,000000,12.14,12.14,11.95,12.05,0,0
KOR_MV,D,20190705,000000,11.95,12.05,11.95,12.05,0,0
KOR_MV,D,20190708,000000,11.85,11.85,11.35,11.35,0,0
KOR_MV,D,20190809,000000,11.45,11.45,11.45,11.45,0,0
KOR_MV,D,20190813,000000,12.24,12.24,12.05,12.05,0,0
KOR_MV,D,20190822,000000,12.34,12.64,12.34,12.64,0,0
KOR_MV,D,20190902,000000,12.74,12.74,12.74,12.74,0,0
KOR_MV,D,20190904,000000,12.24,12.24,12.24,12.24,0,0
KOR_MV,D,20190906,000000,12.44,12.44,12.44,12.44,0,0
KOR_MV,D,20190911,000000,12.44,12.44,12.44,12.44,0,0
KOR_MV,D,20190913,000000,12.44,12.44,12.44,12.44,0,0
KOR_MV,D,20190917,000000,12.44,12.44,12.44,12.44,0,0
KOR_MV,D,20190926,000000,12.44,12.54,12.44,12.54,0,0
KOR_MV,D,20190927,000000,12.54,12.54,12.54,12.54,0,0
KOR_MV,D,20190930,000000,12.54,12.54,12.54,12.54,0,0
KOR_MV,D,20191001,000000,12.54,12.54,12.54,12.54,0,0
KOR_MV,D,20191002,000000,12.54,12.54,12.54,12.54,0,0
KOR_MV,D,20191003,000000,12.54,12.54,12.54,12.54,0,0
KOR_MV,D,20191004,000000,12.54,12.54,12.54,12.54,0,0
KOR_MV,D,20191007,000000,12.54,12.54,12.54,12.54,0,0
KOR_MV,D,20191008,000000,12.54,12.54,12.54,12.54,0,0
KOR_MV,D,20191010,000000,12.54,12.54,12.54,12.54,0,0
KOR_MV,D,20191011,000000,12.54,12.54,12.54,12.54,0,0
KOR_MV,D,20191015,000000,12.54,12.64,12.54,12.64,0,0
KOR_MV,D,20191016,000000,12.64,12.84,12.64,12.84,0,0
KOR_MV,D,20191018,000000,12.74,12.74,12.74,12.74,0,0
KOR_MV,D,20191021,000000,12.74,15.01,12.74,15.01,0,0
KOR_MV,D,20191022,000000,15.2,15.2,15.2,15.2,0,0
KOR_MV,D,20191023,000000,15.2,15.2,15.2,15.2,0,0
KOR_MV,D,20191024,000000,15.2,15.2,15.2,15.2,0,0
KOR_MV,D,20191028,000000,15.2,15.2,15.2,15.2,0,0
KOR_MV,D,20191029,000000,15.2,15.2,15.2,15.2,0,0
KOR_MV,D,20191030,000000,15.2,15.3,15.2,15.3,0,0
KOR_MV,D,20191031,000000,15.3,15.3,15.3,15.3,0,0
KOR_MV,D,20191104,000000,15.2,15.2,15.2,15.2,0,0
KOR_MV,D,20191105,000000,15.2,15.2,15.2,15.2,0,0
KOR_MV,D,20191106,000000,15.2,15.3,15.2,15.3,0,0
KOR_MV,D,20191107,000000,15.3,15.3,15.3,15.3,0,0
KOR_MV,D,20191108,000000,15.3,18.36,15.3,18.36,0,0
KOR_MV,D,20191112,000000,17.57,18.76,17.57,18.76,0,0
KOR_MV,D,20191113,000000,18.76,18.76,18.27,18.66,0,0
KOR_MV,D,20191114,000000,18.66,18.66,18.66,18.66,0,0
KOR_MV,D,20191115,000000,17.77,18.07,17.77,17.87,0,0
KOR_MV,D,20191119,000000,16.98,16.98,16.78,16.78,0,0
KOR_MV,D,20191126,000000,16.78,16.88,16.78,16.88,0,0
KOR_MV,D,20191127,000000,17.08,17.77,17.08,17.77,0,0
KOR_MV,D,20191128,000000,18.07,19.45,18.07,19.45,0,0
KOR_MV,D,20191129,000000,19.45,19.55,19.45,19.55,0,0
KOR_MV,D,20191202,000000,19.55,19.55,18.36,18.36,0,0
KOR_MV,D,20191203,000000,17.77,17.77,17.77,17.77,0,0
KOR_MV,D,20191205,000000,17.77,17.87,17.77,17.87,0,0
KOR_MV,D,20191218,000000,17.48,17.48,17.48,17.48,0,0
KOR_MV,D,20191219,000000,17.48,17.48,17.48,17.48,0,0
KOR_MV,D,20191220,000000,17.48,19.15,17.48,19.15,0,0
KOR_MV,D,20191223,000000,19.25,19.35,19.25,19.35,0,0
KOR_MV,D,20191227,000000,18.96,19.55,18.96,19.55,0,0
KOR_MV,D,20191230,000000,19.15,19.55,19.15,19.55,0,0
KOR_MV,D,20200102,000000,19.65,21.72,19.65,21.72,0,0
KOR_MV,D,20200103,000000,21.42,22.02,21.42,22.02,0,0
KOR_MV,D,20200107,000000,22.12,26.41,22.02,25.67,0,0
KOR_MV,D,20200108,000000,26.16,33.32,26.16,31.1,0,0
KOR_MV,D,20200109,000000,32.09,32.58,30.61,30.61,0,0
KOR_MV,D,20200110,000000,31.35,31.59,31.1,31.59,0,0
KOR_MV,D,20200113,000000,31.59,32.33,31.59,32.33,0,0
KOR_MV,D,20200114,000000,30.61,30.61,28.63,28.63,0,0
KOR_MV,D,20200117,000000,28.14,28.14,27.89,27.89,0,0
KOR_MV,D,20200120,000000,28.88,28.88,28.88,28.88,0,0
KOR_MV,D,20200121,000000,28.88,28.88,28.88,28.88,0,0
KOR_MV,D,20200122,000000,28.88,29.62,27.15,29.62,0,0
KOR_MV,D,20200123,000000,29.87,29.87,27.15,27.15,0,0
KOR_MV,D,20200124,000000,28.63,28.63,26.66,26.66,0,0
KOR_MV,D,20200127,000000,25.67,25.67,24.68,24.68,0,0
KOR_MV,D,20200128,000000,24.19,24.68,23.2,24.68,0,0
KOR_MV,D,20200129,000000,24.68,24.68,24.68,24.68,0,0
KOR_MV,D,20200130,000000,24.39,27.15,24.39,27.15,0,0
KOR_MV,D,20200131,000000,26.16,27.15,26.16,27.15,0,0
KOR_MV,D,20200203,000000,25.42,25.42,24.58,24.58,0,0
KOR_MV,D,20200205,000000,24.19,24.29,24.19,24.29,0,0
KOR_MV,D,20200206,000000,23.2,24.68,22.71,24.68,0,0
KOR_MV,D,20200207,000000,22.71,26.41,21.72,26.41,0,0
KOR_MV,D,20200210,000000,23.89,23.89,22.21,22.21,0,0
KOR_MV,D,20200211,000000,22.91,25.67,22.31,22.31,0,0
KOR_MV,D,20200212,000000,23.3,24.39,21.72,21.72,0,0
KOR_MV,D,20200213,000000,22.02,22.81,21.52,21.52,0,0
KOR_MV,D,20200214,000000,22.31,22.31,19.94,20.54,0,0
KOR_MV,D,20200217,000000,19.94,21.03,19.94,20.04,0,0
KOR_MV,D,20200218,000000,19.75,23.7,19.75,23.7,0,0
KOR_MV,D,20200219,000000,23,24.68,21.72,24.19,0,0
KOR_MV,D,20200220,000000,23.99,23.99,21.92,21.92,0,0
KOR_MV,D,20200221,000000,21.13,22.21,21.13,21.62,0,0
KOR_MV,D,20200224,000000,21.03,21.03,20.73,20.73,0,0
KOR_MV,D,20200225,000000,20.54,21.23,19.65,21.23,0,0
KOR_MV,D,20200227,000000,20.64,20.64,19.35,19.75,0,0
KOR_MV,D,20200228,000000,19.35,19.65,18.36,19.65,0,0
KOR_MV,D,20200303,000000,19.25,21.23,19.25,19.75,0,0
KOR_MV,D,20200304,000000,20.14,20.14,20.14,20.14,0,0
KOR_MV,D,20200306,000000,19.45,19.45,19.35,19.35,0,0
KOR_MV,D,20200309,000000,18.56,18.56,17.38,17.38,0,0
KOR_MV,D,20200310,000000,16.39,16.39,16.39,16.39,0,0
KOR_MV,D,20200311,000000,16.49,16.49,15.8,15.8,0,0
KOR_MV,D,20200312,000000,15.7,15.8,15.7,15.8,0,0
KOR_MV,D,20200313,000000,15.7,15.7,15.7,15.7,0,0
KOR_MV,D,20200316,000000,16.78,16.78,16.78,16.78,0,0
KOR_MV,D,20200317,000000,16.88,17.28,16.88,17.28,0,0
KOR_MV,D,20200318,000000,16.29,16.39,16.19,16.29,0,0
KOR_MV,D,20200319,000000,16.59,16.59,16.59,16.59,0,0
KOR_MV,D,20200320,000000,16.78,16.78,16.78,16.78,0,0
KOR_MV,D,20200324,000000,16.78,16.98,16.78,16.98,0,0
KOR_MV,D,20200325,000000,17.18,18.17,17.18,18.17,0,0
KOR_MV,D,20200326,000000,18.17,18.36,18.07,18.36,0,0
KOR_MV,D,20200327,000000,19.45,20.64,18.76,18.76,0,0
KOR_MV,D,20200330,000000,18.76,19.25,18.46,18.46,0,0
KOR_MV,D,20200331,000000,19.45,19.45,19.06,19.06,0,0
KOR_MV,D,20200402,000000,18.76,18.76,18.76,18.76,0,0
KOR_MV,D,20200403,000000,18.56,18.56,18.56,18.56,0,0
KOR_MV,D,20200406,000000,18.07,18.07,16.78,17.67,0,0
KOR_MV,D,20200407,000000,17.67,17.97,17.67,17.97,0,0
KOR_MV,D,20200409,000000,17.67,17.67,17.28,17.28,0,0
KOR_MV,D,20200414,000000,17.77,20.54,17.77,19.75,0,0
KOR_MV,D,20200415,000000,19.75,19.75,19.75,19.75,0,0
KOR_MV,D,20200416,000000,18.86,18.86,18.76,18.76,0,0
KOR_MV,D,20200417,000000,18.46,19.35,18.46,19.35,0,0
KOR_MV,D,20200421,000000,19.65,19.65,19.65,19.65,0,0
KOR_MV,D,20200422,000000,19.65,20.54,19.65,20.54,0,0
KOR_MV,D,20200423,000000,20.24,20.73,20.24,20.73,0,0
KOR_MV,D,20200428,000000,19.94,19.94,19.85,19.85,0,0
KOR_MV,D,20200429,000000,19.94,19.94,19.85,19.85,0,0
KOR_MV,D,20200504,000000,19.65,20.04,19.65,19.65,0,0
KOR_MV,D,20200505,000000,19.65,20.73,19.45,19.94,0,0
KOR_MV,D,20200507,000000,20.34,20.54,20.24,20.24,0,0
KOR_MV,D,20200508,000000,20.73,23.7,20.73,23.7,0,0
KOR_MV,D,20200511,000000,23.7,24.39,23.7,24.39,0,0
KOR_MV,D,20200512,000000,24.68,24.68,24.19,24.19,0,0
KOR_MV,D,20200513,000000,23.2,23.2,23.2,23.2,0,0
KOR_MV,D,20200514,000000,23.2,24.68,23.2,24.68,0,0
KOR_MV,D,20200515,000000,24.93,27.4,24.93,27.4,0,0
KOR_MV,D,20200518,000000,27.4,27.65,27.4,27.65,0,0
KOR_MV,D,20200519,000000,27.65,30.36,27.65,30.36,0,0
KOR_MV,D,20200520,000000,30.61,30.61,29.37,29.37,0,0
KOR_MV,D,20200521,000000,29.62,29.62,29.62,29.62,0,0
KOR_MV,D,20200522,000000,29.13,31.35,26.16,26.16,0,0
KOR_MV,D,20200525,000000,28.39,28.39,25.67,28.14,0,0
KOR_MV,D,20200526,000000,29.13,29.13,27.65,28.14,0,0
KOR_MV,D,20200527,000000,29.62,29.62,29.62,29.62,0,0
KOR_MV,D,20200528,000000,29.62,29.62,29.62,29.62,0,0
KOR_MV,D,20200529,000000,29.87,29.87,29.87,29.87,0,0
KOR_MV,D,20200601,000000,29.87,29.87,29.87,29.87,0,0
KOR_MV,D,20200602,000000,29.87,30.61,29.62,29.62,0,0
KOR_MV,D,20200603,000000,29.62,30.11,29.62,30.11,0,0
KOR_MV,D,20200608,000000,29.13,29.13,28.39,28.39,0,0
KOR_MV,D,20200609,000000,28.39,28.39,28.39,28.39,0,0
KOR_MV,D,20200610,000000,28.14,28.14,28.14,28.14,0,0
KOR_MV,D,20200612,000000,27.4,27.4,23.2,26.66,0,0
KOR_MV,D,20200618,000000,26.41,26.41,25.67,25.67,0,0
KOR_MV,D,20200623,000000,27.15,27.15,26.9,26.9,0,0
KOR_MV,D,20200626,000000,26.9,26.9,25.92,25.92,0,0
KOR_MV,D,20200629,000000,25.42,25.42,25.18,25.18,0,0
KOR_MV,D,20200630,000000,24.68,24.68,23.2,24.49,0,0
KOR_MV,D,20200701,000000,24.09,24.39,23.3,24.39,0,0
KOR_MV,D,20200707,000000,24.19,27.15,24.19,27.15,0,0
KOR_MV,D,20200709,000000,27.15,27.15,27.15,27.15,0,0
KOR_MV,D,20200713,000000,27.15,27.15,27.15,27.15,0,0
KOR_MV,D,20200714,000000,26.66,26.66,25.18,25.18,0,0
KOR_MV,D,20200715,000000,25.67,26.16,25.67,26.16,0,0
KOR_MV,D,20200716,000000,25.92,25.92,25.92,25.92,0,0
KOR_MV,D,20200717,000000,25.92,25.92,25.92,25.92,0,0
KOR_MV,D,20200720,000000,25.92,25.92,25.18,25.67,0,0
KOR_MV,D,20200721,000000,25.67,25.67,24.93,25.67,0,0
KOR_MV,D,20200722,000000,25.18,25.18,23.7,25.18,0,0
KOR_MV,D,20200723,000000,25.42,25.67,23.6,25.67,0,0
KOR_MV,D,20200724,000000,23.6,24.49,23.5,24.49,0,0
KOR_MV,D,20200727,000000,24.29,28.63,24.29,28.63,0,0
KOR_MV,D,20200728,000000,26.9,26.9,25.67,25.67,0,0
KOR_MV,D,20200729,000000,25.42,25.67,22.71,24.09,0,0
KOR_MV,D,20200730,000000,23.89,23.89,23.89,23.89,0,0
KOR_MV,D,20200731,000000,23.89,24.68,23.89,24.68,0,0
KOR_MV,D,20200803,000000,24.68,25.67,24.68,25.42,0,0
KOR_MV,D,20200804,000000,25.67,25.67,24.93,24.93,0,0
KOR_MV,D,20200805,000000,24.58,24.58,24.58,24.58,0,0
KOR_MV,D,20200806,000000,25.18,25.42,25.18,25.42,0,0
KOR_MV,D,20200807,000000,25.67,25.92,25.67,25.92,0,0
KOR_MV,D,20200810,000000,26.16,26.16,24.93,25.92,0,0
KOR_MV,D,20200811,000000,25.18,27.15,24.93,24.93,0,0
KOR_MV,D,20200812,000000,25.67,25.67,23.4,23.4,0,0
KOR_MV,D,20200813,000000,25.67,25.67,20.83,22.21,0,0
KOR_MV,D,20200814,000000,22.21,22.41,20.83,22.41,0,0
KOR_MV,D,20200817,000000,22.41,24.68,22.41,24.68,0,0
KOR_MV,D,20200818,000000,24.58,25.67,24.58,25.67,0,0
KOR_MV,D,20200819,000000,24.49,24.49,23.79,24.39,0,0
KOR_MV,D,20200820,000000,24.39,24.39,23.4,23.99,0,0
KOR_MV,D,20200821,000000,23.99,29.37,23.99,28.63,0,0
KOR_MV,D,20200824,000000,30.61,32.58,26.66,28.14,0,0
KOR_MV,D,20200825,000000,28.63,40.97,28.63,35.05,0,0
KOR_MV,D,20200826,000000,39,39,31.59,34.06,0,0
KOR_MV,D,20200827,000000,34.31,36.78,33.08,33.57,0,0
KOR_MV,D,20200828,000000,33.08,35.3,27.65,33.57,0,0
KOR_MV,D,20200831,000000,33.57,33.57,30.36,30.61,0,0
KOR_MV,D,20200901,000000,30.36,33.57,30.36,30.85,0,0
KOR_MV,D,20200902,000000,30.85,32.58,29.37,32.58,0,0
KOR_MV,D,20200903,000000,29.62,32.58,28.14,28.88,0,0
KOR_MV,D,20200904,000000,29.13,30.36,25.92,28.88,0,0
KOR_MV,D,20200907,000000,25.67,29.37,25.67,27.15,0,0
KOR_MV,D,20200908,000000,27.15,27.15,23.3,26.16,0,0
KOR_MV,D,20200909,000000,25.18,28.39,25.18,28.39,0,0
KOR_MV,D,20200910,000000,26.66,27.65,26.66,27.65,0,0
KOR_MV,D,20200911,000000,27.65,27.65,27.65,27.65,0,0
KOR_MV,D,20200914,000000,27.65,27.65,26.9,26.9,0,0
KOR_MV,D,20200916,000000,26.66,26.9,25.92,25.92,0,0
KOR_MV,D,20200918,000000,25.92,25.92,23.4,24.49,0,0
KOR_MV,D,20200922,000000,24.58,24.68,24.58,24.68,0,0
KOR_MV,D,20200923,000000,25.42,25.42,25.42,25.42,0,0
KOR_MV,D,20200924,000000,25.42,25.42,24.68,24.68,0,0
KOR_MV,D,20200925,000000,24.29,26.16,24.29,26.16,0,0
KOR_MV,D,20200928,000000,23.99,25.92,23.89,25.92,0,0
KOR_MV,D,20200929,000000,24.68,25.92,24.68,25.18,0,0
KOR_MV,D,20200930,000000,25.42,29.62,24.68,28.88,0,0
KOR_MV,D,20201001,000000,28.63,28.63,28.63,28.63,0,0
KOR_MV,D,20201002,000000,28.14,28.14,28.14,28.14,0,0
KOR_MV,D,20201005,000000,27.65,27.65,27.65,27.65,0,0
KOR_MV,D,20201006,000000,22.12,26.41,22.12,26.16,0,0
KOR_MV,D,20201007,000000,26.41,26.41,25.18,25.18,0,0
KOR_MV,D,20201008,000000,25.42,25.67,25.42,25.67,0,0
KOR_MV,D,20201009,000000,24.68,27.4,24.68,27.15,0,0
KOR_MV,D,20201012,000000,26.41,27.4,26.41,27.4,0,0
KOR_MV,D,20201014,000000,25.42,26.66,25.42,26.66,0,0
KOR_MV,D,20201015,000000,25.18,27.4,25.18,27.4,0,0
KOR_MV,D,20201019,000000,24.68,24.93,23.6,24.93,0,0
KOR_MV,D,20201020,000000,23.79,23.79,23.79,23.79,0,0
KOR_MV,D,20201021,000000,23.89,24.93,23.89,24.93,0,0
KOR_MV,D,20201022,000000,24.68,24.93,24.68,24.93,0,0
KOR_MV,D,20201023,000000,25.18,25.18,25.18,25.18,0,0
KOR_MV,D,20201026,000000,25.42,25.92,25.18,25.92,0,0
KOR_MV,D,20201027,000000,25.92,26.16,25.92,26.16,0,0
KOR_MV,D,20201028,000000,24.93,25.67,24.93,24.93,0,0
KOR_MV,D,20201029,000000,24.93,24.93,23.6,24.58,0,0
KOR_MV,D,20201030,000000,24.19,24.58,24.19,24.58,0,0
KOR_MV,D,20201102,000000,24.58,28.39,24.58,26.66,0,0
KOR_MV,D,20201103,000000,27.65,27.65,27.65,27.65,0,0
KOR_MV,D,20201104,000000,26.9,26.9,26.9,26.9,0,0
KOR_MV,D,20201105,000000,26.16,26.66,25.92,26.66,0,0
KOR_MV,D,20201106,000000,26.66,26.66,26.66,26.66,0,0
KOR_MV,D,20201109,000000,26.9,28.39,23.7,28.39,0,0
KOR_MV,D,20201110,000000,26.41,27.4,26.16,27.4,0,0
KOR_MV,D,20201112,000000,26.41,26.41,25.92,25.92,0,0
KOR_MV,D,20201113,000000,26.16,26.16,25.92,25.92,0,0
KOR_MV,D,20201116,000000,25.67,26.9,24.68,26.9,0,0
KOR_MV,D,20201117,000000,25.92,25.92,25.92,25.92,0,0
KOR_MV,D,20201118,000000,25.92,25.92,25.92,25.92,0,0
KOR_MV,D,20201123,000000,25.42,26.41,25.42,26.41,0,0
KOR_MV,D,20201124,000000,26.41,26.41,26.41,26.41,0,0
KOR_MV,D,20201126,000000,26.66,26.9,26.66,26.66,0,0
KOR_MV,D,20201127,000000,26.41,26.41,26.41,26.41,0,0
KOR_MV,D,20201130,000000,25.18,27.15,25.18,27.15,0,0
KOR_MV,D,20201202,000000,26.66,26.66,26.41,26.41,0,0
KOR_MV,D,20201203,000000,26.66,26.66,25.92,26.41,0,0
KOR_MV,D,20201204,000000,26.66,26.66,26.66,26.66,0,0
KOR_MV,D,20201209,000000,26.16,26.9,25.92,26.9,0,0
KOR_MV,D,20201211,000000,26.66,26.66,26.66,26.66,0,0
KOR_MV,D,20201214,000000,25.18,25.42,23.79,25.42,0,0
KOR_MV,D,20201215,000000,25.42,25.92,25.42,25.92,0,0
KOR_MV,D,20201216,000000,25.92,25.92,25.92,25.92,0,0
KOR_MV,D,20201217,000000,25.42,26.16,25.42,26.16,0,0
KOR_MV,D,20201218,000000,25.42,25.42,25.42,25.42,0,0
KOR_MV,D,20201221,000000,25.42,25.42,25.42,25.42,0,0
KOR_MV,D,20201222,000000,25.92,25.92,25.92,25.92,0,0
KOR_MV,D,20201223,000000,25.92,25.92,25.92,25.92,0,0
KOR_MV,D,20201228,000000,25.92,27.89,25.92,27.89,0,0
KOR_MV,D,20201230,000000,27.89,27.89,25.92,27.15,0,0
KOR_MV,D,20210104,000000,26.41,26.41,26.41,26.41,0,0
KOR_MV,D,20210105,000000,26.41,26.41,26.16,26.16,0,0
KOR_MV,D,20210107,000000,25.92,25.92,25.18,25.18,0,0
KOR_MV,D,20210108,000000,25.42,25.42,25.18,25.18,0,0
KOR_MV,D,20210115,000000,26.16,26.16,26.16,26.16,0,0
KOR_MV,D,20210119,000000,26.66,26.66,26.66,26.66,0,0
KOR_MV,D,20210121,000000,26.16,26.16,26.16,26.16,0,0
KOR_MV,D,20210122,000000,25.67,25.67,25.67,25.67,0,0
KOR_MV,D,20210125,000000,25.42,25.42,24.93,24.93,0,0
KOR_MV,D,20210128,000000,25.18,25.18,24.58,24.58,0,0
KOR_MV,D,20210129,000000,23.99,24.68,23.99,24.68,0,0
KOR_MV,D,20210201,000000,24.19,24.19,24.19,24.19,0,0
KOR_MV,D,20210202,000000,24.19,24.58,23.99,24.58,0,0
KOR_MV,D,20210203,000000,24.93,24.93,24.68,24.68,0,0
KOR_MV,D,20210205,000000,25.18,25.18,25.18,25.18,0,0
KOR_MV,D,20210208,000000,24.68,24.68,24.68,24.68,0,0
KOR_MV,D,20210210,000000,25.42,25.42,25.42,25.42,0,0
KOR_MV,D,20210211,000000,25.42,25.42,25.42,25.42,0,0
KOR_MV,D,20210212,000000,26.16,37.52,26.16,37.52,0,0
KOR_MV,D,20210215,000000,44.43,49.37,41.71,49.37,0,0
KOR_MV,D,20210216,000000,59.24,71.09,59.24,71.09,0,0
KOR_MV,D,20210217,000000,71.09,71.09,53.32,56.77,0,0
KOR_MV,D,20210218,000000,56.28,67.14,49.37,64.18,0,0
KOR_MV,D,20210219,000000,60.72,60.72,48.63,48.63,0,0
KOR_MV,D,20210222,000000,52.33,52.33,47.64,51.34,0,0
KOR_MV,D,20210223,000000,47.64,52.33,41.47,42.95,0,0
KOR_MV,D,20210224,000000,40.73,44.18,40.73,42.95,0,0
KOR_MV,D,20210225,000000,42.21,44.18,42.21,44.18,0,0
KOR_MV,D,20210226,000000,42.21,43.44,39.49,40.97,0,0
KOR_MV,D,20210301,000000,42.21,58.75,38.26,50.35,0,0
KOR_MV,D,20210302,000000,45.17,50.35,41.96,47.14,0,0
KOR_MV,D,20210303,000000,45.91,48.13,42.45,42.45,0,0
KOR_MV,D,20210304,000000,45.91,46.65,42.7,46.65,0,0
KOR_MV,D,20210305,000000,45.91,45.91,44.43,45.91,0,0
KOR_MV,D,20210308,000000,43.94,45.17,43.2,43.2,0,0
KOR_MV,D,20210309,000000,42.95,42.95,42.21,42.21,0,0
KOR_MV,D,20210310,000000,43.44,43.44,42.7,42.7,0,0
KOR_MV,D,20210311,000000,42.95,43.94,42.21,43.94,0,0
KOR_MV,D,20210312,000000,42.95,43.44,42.95,43.44,0,0
KOR_MV,D,20210316,000000,43.44,43.44,42.45,43.44,0,0
KOR_MV,D,20210317,000000,42.45,42.45,39.49,40.97,0,0
KOR_MV,D,20210318,000000,39.99,41.22,39.25,40.97,0,0
KOR_MV,D,20210319,000000,40.97,40.97,39.74,39.74,0,0
KOR_MV,D,20210322,000000,40.73,46.4,40.73,45.42,0,0
KOR_MV,D,20210323,000000,45.91,47.14,45.91,47.14,0,0
KOR_MV,D,20210324,000000,46.9,46.9,46.4,46.4,0,0
KOR_MV,D,20210325,000000,44.43,44.43,44.43,44.43,0,0
KOR_MV,D,20210329,000000,42.95,42.95,42.95,42.95,0,0
KOR_MV,D,20210330,000000,42.7,42.7,41.96,41.96,0,0
KOR_MV,D,20210331,000000,41.96,41.96,41.96,41.96,0,0
KOR_MV,D,20210401,000000,41.96,46.9,41.96,46.9,0,0
KOR_MV,D,20210406,000000,43.69,44.43,42.95,43.2,0,0
KOR_MV,D,20210407,000000,44.18,46.4,44.18,45.66,0,0
KOR_MV,D,20210409,000000,46.16,46.16,46.16,46.16,0,0
KOR_MV,D,20210412,000000,42.7,43.94,42.7,43.94,0,0
KOR_MV,D,20210413,000000,43.94,43.94,43.94,43.94,0,0
KOR_MV,D,20210414,000000,43.69,43.69,43.69,43.69,0,0
KOR_MV,D,20210415,000000,43.69,43.69,43.44,43.44,0,0
KOR_MV,D,20210416,000000,43.44,43.44,43.44,43.44,0,0
KOR_MV,D,20210419,000000,43.44,44.92,43.44,44.92,0,0
KOR_MV,D,20210420,000000,43.44,43.44,35.79,42.95,0,0
KOR_MV,D,20210421,000000,41.96,41.96,41.96,41.96,0,0
KOR_MV,D,20210422,000000,40.97,40.97,39.99,40.48,0,0
KOR_MV,D,20210423,000000,40.48,40.48,40.48,40.48,0,0
KOR_MV,D,20210426,000000,40.97,45.17,40.97,45.17,0,0
KOR_MV,D,20210427,000000,45.17,45.17,42.95,42.95,0,0
KOR_MV,D,20210428,000000,44.43,44.43,44.43,44.43,0,0
KOR_MV,D,20210504,000000,44.18,49.37,44.18,49.37,0,0
KOR_MV,D,20210505,000000,49.37,49.37,46.9,46.9,0,0
KOR_MV,D,20210506,000000,49.37,52.33,44.43,44.92,0,0
KOR_MV,D,20210507,000000,43.94,45.91,43.44,43.44,0,0
KOR_MV,D,20210510,000000,45.17,48.63,44.92,44.92,0,0
KOR_MV,D,20210511,000000,47.39,47.39,47.39,47.39,0,0
KOR_MV,D,20210512,000000,45.91,45.91,45.91,45.91,0,0
KOR_MV,D,20210513,000000,46.9,46.9,46.65,46.9,0,0
KOR_MV,D,20210514,000000,45.17,45.42,38.75,40.23,0,0
KOR_MV,D,20210517,000000,40.23,40.23,39,39,0,0
KOR_MV,D,20210518,000000,39.25,39.25,39.25,39.25,0,0
KOR_MV,D,20210519,000000,39.25,39.49,39,39,0,0
KOR_MV,D,20210520,000000,39.25,39.25,39.25,39.25,0,0
KOR_MV,D,20210521,000000,40.23,42.95,40.23,42.21,0,0
KOR_MV,D,20210524,000000,41.47,41.47,41.47,41.47,0,0
KOR_MV,D,20210525,000000,40.48,41.96,40.48,41.96,0,0
KOR_MV,D,20210526,000000,40.48,40.97,40.23,40.97,0,0
KOR_MV,D,20210527,000000,39.99,39.99,39.74,39.74,0,0
KOR_MV,D,20210528,000000,41.47,41.47,41.47,41.47,0,0
KOR_MV,D,20210531,000000,41.22,41.22,39.99,39.99,0,0
KOR_MV,D,20210601,000000,39.99,39.99,39.99,39.99,0,0
KOR_MV,D,20210602,000000,41.22,41.71,41.22,41.71,0,0
KOR_MV,D,20210608,000000,41.71,42.21,41.71,42.21,0,0
KOR_MV,D,20210609,000000,41.96,41.96,41.96,41.96,0,0
KOR_MV,D,20210611,000000,41.96,41.96,41.96,41.96,0,0
KOR_MV,D,20210614,000000,41.47,45.17,41.47,43.69,0,0
KOR_MV,D,20210615,000000,42.21,43.44,42.21,43.44,0,0
KOR_MV,D,20210616,000000,43.44,43.44,42.95,42.95,0,0
KOR_MV,D,20210617,000000,42.95,42.95,42.95,42.95,0,0
KOR_MV,D,20210618,000000,42.95,42.95,42.95,42.95,0,0
KOR_MV,D,20210621,000000,42.95,42.95,42.21,42.45,0,0
KOR_MV,D,20210622,000000,42.95,44.43,42.7,44.43,0,0
KOR_MV,D,20210623,000000,42.21,44.43,42.21,44.43,0,0
KOR_MV,D,20210624,000000,42.7,42.95,41.22,42.95,0,0
KOR_MV,D,20210625,000000,43.44,43.69,43.44,43.69,0,0
KOR_MV,D,20210629,000000,43.69,43.69,43.69,43.69,0,0
KOR_MV,D,20210630,000000,42.21,43.69,42.21,43.69,0,0
KOR_MV,D,20210701,000000,44.18,44.18,44.18,44.18,0,0
KOR_MV,D,20210705,000000,43.44,44.18,43.44,44.18,0,0
KOR_MV,D,20210706,000000,44.18,44.92,42.95,44.92,0,0
KOR_MV,D,20210707,000000,44.92,44.92,44.92,44.92,0,0
KOR_MV,D,20210708,000000,43.44,43.44,43.2,43.2,0,0
KOR_MV,D,20210709,000000,42.95,42.95,42.95,42.95,0,0
KOR_MV,D,20210712,000000,42.95,42.95,42.95,42.95,0,0
KOR_MV,D,20210713,000000,43.2,43.2,42.7,42.95,0,0
KOR_MV,D,20210714,000000,42.95,44.92,42.95,44.43,0,0
KOR_MV,D,20210715,000000,44.92,49.37,44.92,47.89,0,0
KOR_MV,D,20210716,000000,48.38,48.38,45.91,45.91,0,0
KOR_MV,D,20210719,000000,46.9,46.9,43.44,44.92,0,0
KOR_MV,D,20210720,000000,46.4,47.39,46.4,47.39,0,0
KOR_MV,D,20210727,000000,46.9,47.14,46.9,47.14,0,0
KOR_MV,D,20210729,000000,48.13,48.13,48.13,48.13,0,0
KOR_MV,D,20210802,000000,48.38,48.87,48.38,48.87,0,0
KOR_MV,D,20210803,000000,48.38,48.87,47.89,48.63,0,0
KOR_MV,D,20210804,000000,49.37,49.37,49.12,49.12,0,0
KOR_MV,D,20210805,000000,49.37,49.37,49.37,49.37,0,0
KOR_MV,D,20210806,000000,49.37,49.86,48.13,49.86,0,0
KOR_MV,D,20210809,000000,49.86,49.86,49.37,49.37,0,0
KOR_MV,D,20210810,000000,49.37,49.37,49.37,49.37,0,0
KOR_MV,D,20210811,000000,49.37,49.37,49.37,49.37,0,0
KOR_MV,D,20210812,000000,48.87,48.87,48.87,48.87,0,0
KOR_MV,D,20210813,000000,48.87,48.87,48.13,48.13,0,0
KOR_MV,D,20210816,000000,48.38,48.38,48.38,48.38,0,0
KOR_MV,D,20210817,000000,48.38,48.38,47.39,47.39,0,0
KOR_MV,D,20210818,000000,47.39,47.39,44.43,44.43,0,0
KOR_MV,D,20210820,000000,44.68,45.17,44.68,45.17,0,0
KOR_MV,D,20210823,000000,46.9,48.13,46.4,48.13,0,0
KOR_MV,D,20210824,000000,47.39,48.63,47.39,48.38,0,0
KOR_MV,D,20210825,000000,48.38,48.38,48.38,48.38,0,0
KOR_MV,D,20210826,000000,48.38,48.63,48.38,48.63,0,0
KOR_MV,D,20210827,000000,47.64,47.64,46.9,46.9,0,0
KOR_MV,D,20210831,000000,48.13,48.63,48.13,48.63,0,0
KOR_MV,D,20210901,000000,48.87,49.86,48.63,48.63,0,0
KOR_MV,D,20210902,000000,48.63,48.63,48.63,48.63,0,0
KOR_MV,D,20210903,000000,48.63,53.32,48.63,50.85,0,0
KOR_MV,D,20210906,000000,51.83,51.83,50.35,50.85,0,0
KOR_MV,D,20210907,000000,50.85,50.85,49.37,49.37,0,0
KOR_MV,D,20210908,000000,48.63,48.63,48.63,48.63,0,0
KOR_MV,D,20210910,000000,49.12,50.85,49.12,49.86,0,0
KOR_MV,D,20210913,000000,49.86,49.86,49.86,49.86,0,0
KOR_MV,D,20210916,000000,49.86,49.86,49.86,49.86,0,0
KOR_MV,D,20210920,000000,49.86,49.86,48.87,48.87,0,0
KOR_MV,D,20210921,000000,49.37,49.37,48.38,48.38,0,0
KOR_MV,D,20210922,000000,48.13,48.13,48.13,48.13,0,0
KOR_MV,D,20210923,000000,47.64,47.64,47.64,47.64,0,0
KOR_MV,D,20210924,000000,47.64,47.64,47.64,47.64,0,0
KOR_MV,D,20210927,000000,47.64,47.89,47.64,47.89,0,0
KOR_MV,D,20210928,000000,47.64,48.38,47.64,48.38,0,0
KOR_MV,D,20210929,000000,47.64,47.64,47.64,47.64,0,0
KOR_MV,D,20210930,000000,47.64,47.64,47.64,47.64,0,0
KOR_MV,D,20211001,000000,46.9,46.9,46.4,46.9,0,0
KOR_MV,D,20211004,000000,46.4,46.4,46.4,46.4,0,0
KOR_MV,D,20211005,000000,46.9,46.9,45.66,46.16,0,0
KOR_MV,D,20211008,000000,45.91,45.91,45.91,45.91,0,0
KOR_MV,D,20211011,000000,44.92,44.92,44.43,44.43,0,0
KOR_MV,D,20211012,000000,43.69,43.69,43.69,43.69,0,0
KOR_MV,D,20211013,000000,45.42,45.42,45.17,45.17,0,0
KOR_MV,D,20211015,000000,44.92,44.92,44.43,44.43,0,0
KOR_MV,D,20211019,000000,43.69,48.87,43.69,48.87,0,0
KOR_MV,D,20211020,000000,48.87,51.34,48.87,51.34,0,0
KOR_MV,D,20211021,000000,49.12,51.34,45.42,51.34,0,0
KOR_MV,D,20211022,000000,47.89,48.13,47.89,48.13,0,0
KOR_MV,D,20211029,000000,46.16,46.16,45.91,45.91,0,0
KOR_MV,D,20211103,000000,47.39,47.39,47.39,47.39,0,0
KOR_MV,D,20211104,000000,47.14,47.14,47.14,47.14,0,0
KOR_MV,D,20211108,000000,47.14,48.38,47.14,48.38,0,0
KOR_MV,D,20211110,000000,48.38,49.12,47.89,49.12,0,0
KOR_MV,D,20211112,000000,47.64,50.85,46.4,50.35,0,0
KOR_MV,D,20211115,000000,49.37,50.35,49.37,50.35,0,0
KOR_MV,D,20211116,000000,48.38,48.38,46.9,46.9,0,0
KOR_MV,D,20211117,000000,46.9,46.9,46.9,46.9,0,0
KOR_MV,D,20211118,000000,46.9,46.9,46.9,46.9,0,0
KOR_MV,D,20211119,000000,46.9,50.85,46.9,50.85,0,0
KOR_MV,D,20211122,000000,50.35,50.35,49.37,49.37,0,0
KOR_MV,D,20211123,000000,48.13,48.13,47.89,47.89,0,0
KOR_MV,D,20211125,000000,47.89,47.89,47.89,47.89,0,0
KOR_MV,D,20211126,000000,48.38,48.38,47.39,47.39,0,0
KOR_MV,D,20211129,000000,47.14,47.14,47.14,47.14,0,0
KOR_MV,D,20211130,000000,46.9,48.87,46.9,48.87,0,0
KOR_MV,D,20211202,000000,48.38,48.38,48.13,48.38,0,0
KOR_MV,D,20211203,000000,48.13,48.13,48.13,48.13,0,0
KOR_MV,D,20211206,000000,48.87,49.37,47.89,47.89,0,0
KOR_MV,D,20211210,000000,48.38,48.38,48.38,48.38,0,0
KOR_MV,D,20211213,000000,48.38,48.38,48.38,48.38,0,0
KOR_MV,D,20211214,000000,48.38,48.38,48.38,48.38,0,0
KOR_MV,D,20211215,000000,48.38,48.38,47.89,48.38,0,0
KOR_MV,D,20211216,000000,48.38,48.38,48.38,48.38,0,0
KOR_MV,D,20211217,000000,48.38,48.38,48.38,48.38,0,0
KOR_MV,D,20211220,000000,48.38,48.38,46.9,46.9,0,0
KOR_MV,D,20211221,000000,46.16,46.16,45.66,45.66,0,0
KOR_MV,D,20211222,000000,45.66,49.37,45.66,49.37,0,0
KOR_MV,D,20211223,000000,48.38,48.38,46.4,46.4,0,0
KOR_MV,D,20211230,000000,49.12,49.12,49.12,49.12,0,0
KOR_MV,D,20220103,000000,49.12,49.12,49.12,49.12,0,0
KOR_MV,D,20220104,000000,49.12,49.37,47.39,49.37,0,0
KOR_MV,D,20220105,000000,49.37,49.37,49.37,49.37,0,0
KOR_MV,D,20220107,000000,47.64,48.87,47.64,48.87,0,0
KOR_MV,D,20220110,000000,47.89,47.89,47.89,47.89,0,0
KOR_MV,D,20220112,000000,49.37,49.37,49.37,49.37,0,0
KOR_MV,D,20220113,000000,48.38,49.37,48.38,49.37,0,0
KOR_MV,D,20220114,000000,48.63,49.12,47.89,49.12,0,0
KOR_MV,D,20220117,000000,49.37,49.37,47.64,49.12,0,0
KOR_MV,D,20220118,000000,47.89,49.37,46.9,49.37,0,0
KOR_MV,D,20220119,000000,49.37,49.37,49.37,49.37,0,0
KOR_MV,D,20220120,000000,47.39,47.39,47.39,47.39,0,0
KOR_MV,D,20220121,000000,47.39,50.85,47.39,50.35,0,0
KOR_MV,D,20220124,000000,48.38,50.85,47.64,50.85,0,0
KOR_MV,D,20220126,000000,49.86,49.86,49.86,49.86,0,0
KOR_MV,D,20220131,000000,49.86,49.86,49.86,49.86,0,0
KOR_MV,D,20220201,000000,49.86,49.86,49.86,49.86,0,0
KOR_MV,D,20220202,000000,50.35,52.82,50.35,52.82,0,0
KOR_MV,D,20220203,000000,50.35,52.33,50.35,52.33,0,0
KOR_MV,D,20220204,000000,52.33,52.33,52.33,52.33,0,0
KOR_MV,D,20220207,000000,50.85,50.85,50.85,50.85,0,0
KOR_MV,D,20220209,000000,51.83,51.83,51.34,51.83,0,0
KOR_MV,D,20220214,000000,50.35,50.35,46.65,46.9,0,0
KOR_MV,D,20220215,000000,50.35,50.35,46.4,46.4,0,0
KOR_MV,D,20220216,000000,46.16,46.16,45.91,45.91,0,0
KOR_MV,D,20220217,000000,45.17,45.17,44.68,44.68,0,0
KOR_MV,D,20220221,000000,44.43,44.43,42.45,42.45,0,0
KOR_MV,D,20220222,000000,40.23,40.23,38.51,38.51,0,0
KOR_MV,D,20220223,000000,39.49,39.49,38.26,38.51,0,0
KOR_MV,D,20220224,000000,37.02,37.02,29.62,29.62,0,0
KOR_MV,D,20220225,000000,30.61,37.52,30.61,37.52,0,0
KOR_MV,D,20220228,000000,36.53,36.53,36.53,36.53,0,0
KOR_MV,D,20220301,000000,37.77,38.01,37.77,38.01,0,0
KOR_MV,D,20220303,000000,37.52,39.25,37.52,39.25,0,0
KOR_MV,D,20220307,000000,38.75,38.75,38.75,38.75,0,0
KOR_MV,D,20220308,000000,39.49,39.49,39.49,39.49,0,0
KOR_MV,D,20220309,000000,39.49,39.74,39.49,39.74,0,0
KOR_MV,D,20220311,000000,40.97,42.21,40.97,42.21,0,0
KOR_MV,D,20220316,000000,39.49,41.47,39.49,41.47,0,0
KOR_MV,D,20220317,000000,42.95,42.95,42.95,42.95,0,0
KOR_MV,D,20220318,000000,42.95,42.95,42.95,42.95,0,0
KOR_MV,D,20220322,000000,42.95,42.95,42.95,42.95,0,0
KOR_MV,D,20220323,000000,42.45,43.44,42.45,43.44,0,0
KOR_MV,D,20220324,000000,42.7,43.44,42.7,43.44,0,0
KOR_MV,D,20220408,000000,43.44,43.94,43.44,43.44,0,0
KOR_MV,D,20220411,000000,43.94,43.94,43.94,43.94,0,0
KOR_MV,D,20220413,000000,43.94,43.94,43.94,43.94,0,0
KOR_MV,D,20220414,000000,43.94,45.66,43.94,45.66,0,0
KOR_MV,D,20220425,000000,45.66,45.66,45.66,45.66,0,0
KOR_MV,D,20220427,000000,44.92,44.92,43.94,43.94,0,0
KOR_MV,D,20220428,000000,43.44,43.44,43.44,43.44,0,0
KOR_MV,D,20220429,000000,43.44,43.44,43.44,43.44,0,0
KOR_MV,D,20220510,000000,44.18,44.43,44.18,44.43,0,0
KOR_MV,D,20220511,000000,45.17,45.17,43.69,43.69,0,0
KOR_MV,D,20220512,000000,44.68,48.87,44.68,48.87,0,0
KOR_MV,D,20220513,000000,44.43,48.87,44.43,48.87,0,0
KOR_MV,D,20220516,000000,47.14,47.14,46.9,46.9,0,0
KOR_MV,D,20220517,000000,47.14,47.39,47.14,47.39,0,0
KOR_MV,D,20220518,000000,47.39,47.39,47.39,47.39,0,0
KOR_MV,D,20220519,000000,47.39,47.39,47.39,47.39,0,0
KOR_MV,D,20220520,000000,47.39,47.39,47.39,47.39,0,0
KOR_MV,D,20220523,000000,47.39,47.39,47.39,47.39,0,0
KOR_MV,D,20220524,000000,48.87,48.87,48.38,48.38,0,0
KOR_MV,D,20220527,000000,47.39,47.39,47.39,47.39,0,0
KOR_MV,D,20220530,000000,45.91,45.91,45.91,45.91,0,0
KOR_MV,D,20220531,000000,45.91,47.39,45.91,47.39,0,0
KOR_MV,D,20220601,000000,47.39,47.39,47.39,47.39,0,0
KOR_MV,D,20220602,000000,47.39,47.39,47.39,47.39,0,0
KOR_MV,D,20220603,000000,47.39,47.39,47.39,47.39,0,0
KOR_MV,D,20220606,000000,47.39,47.39,47.39,47.39,0,0
KOR_MV,D,20220607,000000,47.39,47.39,47.39,47.39,0,0
KOR_MV,D,20220608,000000,47.39,47.39,47.39,47.39,0,0
KOR_MV,D,20220609,000000,47.39,47.39,46.65,46.65,0,0
KOR_MV,D,20220610,000000,46.65,46.65,46.65,46.65,0,0
KOR_MV,D,20220613,000000,45.42,45.42,45.42,45.42,0,0
KOR_MV,D,20220614,000000,45.42,45.42,45.42,45.42,0,0
KOR_MV,D,20220615,000000,45.42,45.42,45.17,45.17,0,0
KOR_MV,D,20220617,000000,45.17,45.42,45.17,45.42,0,0
KOR_MV,D,20220620,000000,44.43,44.43,43.2,43.2,0,0
KOR_MV,D,20220621,000000,44.43,44.43,44.43,44.43,0,0
KOR_MV,D,20220622,000000,44.43,44.43,44.43,44.43,0,0
KOR_MV,D,20220623,000000,43.2,43.2,43.2,43.2,0,0
KOR_MV,D,20220624,000000,43.2,43.2,43.2,43.2,0,0
KOR_MV,D,20220628,000000,43.2,43.2,43.2,43.2,0,0
KOR_MV,D,20220629,000000,43.2,43.2,43.2,43.2,0,0
KOR_MV,D,20220630,000000,43.2,43.2,43.2,43.2,0,0
KOR_MV,D,20220701,000000,42.7,42.7,42.7,42.7,0,0
KOR_MV,D,20220704,000000,42.7,42.7,42.7,42.7,0,0
KOR_MV,D,20220706,000000,42.7,42.7,42.7,42.7,0,0
KOR_MV,D,20220707,000000,42.45,42.45,42.45,42.45,0,0
KOR_MV,D,20220708,000000,42.95,42.95,42.95,42.95,0,0
KOR_MV,D,20220711,000000,42.95,42.95,42.95,42.95,0,0
KOR_MV,D,20220712,000000,41.96,41.96,41.96,41.96,0,0
KOR_MV,D,20220713,000000,41.96,41.96,41.96,41.96,0,0
KOR_MV,D,20220718,000000,42.7,42.7,42.7,42.7,0,0
KOR_MV,D,20220727,000000,41.71,41.71,41.47,41.47,0,0
KOR_MV,D,20220728,000000,41.47,41.47,41.47,41.47,0,0
KOR_MV,D,20220808,000000,41.22,41.22,39.49,39.49,0,0
KOR_MV,D,20220811,000000,40.23,40.73,40.23,40.73,0,0
KOR_MV,D,20220817,000000,40.23,40.23,39.74,39.74,0,0
KOR_MV,D,20220818,000000,39.49,39.49,39.25,39.25,0,0
KOR_MV,D,20220824,000000,38.01,38.01,38.01,38.01,0,0
KOR_MV,D,20220825,000000,38.01,38.01,38.01,38.01,0,0
