<TICKER>,<PER>,<DATE>,<TIME>,<OPEN>,<HIGH>,<LOW>,<CLOSE>,<VOL>,<OPENINT>
KPI_PB,D,20150610,000000,1.9741,1.9741,1.9741,1.9741,0,0
KPI_PB,D,20150611,000000,1.76946,1.9741,1.76946,1.9251,0,0
KPI_PB,D,20150612,000000,2.12974,2.12974,1.9741,2.03153,0,0
KPI_PB,D,20150615,000000,2.03153,2.03153,1.8759,2.03153,0,0
KPI_PB,D,20150616,000000,1.8759,1.8759,1.51561,1.56462,0,0
KPI_PB,D,20150617,000000,1.46641,1.46641,1.17131,1.31068,0,0
KPI_PB,D,20150618,000000,1.31068,1.56462,1.31068,1.56462,0,0
KPI_PB,D,20150619,000000,1.41721,1.62195,1.35978,1.62195,0,0
KPI_PB,D,20150622,000000,1.35978,1.46641,1.26971,1.46641,0,0
KPI_PB,D,20150623,000000,1.26971,1.46641,1.26971,1.46641,0,0
KPI_PB,D,20150624,000000,1.26971,1.46641,1.22051,1.46641,0,0
KPI_PB,D,20150625,000000,1.46641,1.46641,1.26971,1.46641,0,0
KPI_PB,D,20150626,000000,1.62195,1.62195,1.56462,1.56462,0,0
KPI_PB,D,20150629,000000,1.41721,1.62195,1.35978,1.62195,0,0
KPI_PB,D,20150630,000000,1.62195,1.62195,1.51561,1.62195,0,0
KPI_PB,D,20150701,000000,1.67115,1.67115,1.35978,1.62195,0,0
KPI_PB,D,20150702,000000,1.62195,1.62195,1.41721,1.46641,0,0
KPI_PB,D,20150703,000000,1.46641,1.56462,1.35978,1.56462,0,0
KPI_PB,D,20150706,000000,1.56462,1.56462,1.31068,1.31068,0,0
KPI_PB,D,20150707,000000,1.41721,1.41721,1.41721,1.41721,0,0
KPI_PB,D,20150708,000000,1.41721,1.41721,1.41721,1.41721,0,0
KPI_PB,D,20150709,000000,1.41721,1.41721,1.41721,1.41721,0,0
KPI_PB,D,20150710,000000,1.41721,1.41721,1.35978,1.41721,0,0
KPI_PB,D,20150713,000000,1.41721,1.56462,1.35978,1.51561,0,0
KPI_PB,D,20150714,000000,1.51561,1.51561,1.41721,1.46641,0,0
KPI_PB,D,20150715,000000,1.51561,1.51561,1.46641,1.51561,0,0
KPI_PB,D,20150716,000000,1.51561,1.56462,1.51561,1.56462,0,0
KPI_PB,D,20150717,000000,1.56462,1.56462,1.26971,1.31068,0,0
KPI_PB,D,20150720,000000,1.26971,1.31068,1.26971,1.31068,0,0
KPI_PB,D,20150721,000000,1.31068,1.41721,1.31068,1.35978,0,0
KPI_PB,D,20150722,000000,1.46641,1.46641,1.35978,1.41721,0,0
KPI_PB,D,20150723,000000,1.41721,1.41721,1.31068,1.41721,0,0
KPI_PB,D,20150724,000000,1.46641,1.46641,1.31068,1.31068,0,0
KPI_PB,D,20150727,000000,1.46641,1.46641,1.35978,1.41721,0,0
KPI_PB,D,20150728,000000,1.46641,1.46641,1.31068,1.46641,0,0
KPI_PB,D,20150729,000000,1.46641,1.46641,1.46641,1.46641,0,0
KPI_PB,D,20150730,000000,1.46641,1.46641,1.41721,1.46641,0,0
KPI_PB,D,20150731,000000,1.46641,1.46641,1.41721,1.46641,0,0
KPI_PB,D,20150803,000000,1.51561,1.56462,1.51561,1.56462,0,0
KPI_PB,D,20150804,000000,1.56462,1.56462,1.31068,1.35978,0,0
KPI_PB,D,20150805,000000,1.56462,1.56462,1.56462,1.56462,0,0
KPI_PB,D,20150806,000000,1.56462,1.56462,1.51561,1.51561,0,0
KPI_PB,D,20150807,000000,1.56462,1.56462,1.56462,1.56462,0,0
KPI_PB,D,20150810,000000,1.31068,1.76946,1.27794,1.27794,0,0
KPI_PB,D,20150811,000000,1.23688,1.23688,1.12221,1.12221,0,0
KPI_PB,D,20150812,000000,1.27794,1.27794,1.1961,1.23688,0,0
KPI_PB,D,20150813,000000,1.27794,1.27794,1.0486,1.12221,0,0
KPI_PB,D,20150814,000000,1.27794,1.27794,1.12221,1.1961,0,0
KPI_PB,D,20150817,000000,1.27794,1.27794,1.00753,1.23688,0,0
KPI_PB,D,20150818,000000,1.23688,1.23688,1.23688,1.23688,0,0
KPI_PB,D,20150819,000000,1.23688,1.23688,1.00753,1.00753,0,0
KPI_PB,D,20150820,000000,1.1961,1.1961,1.00753,1.08143,0,0
KPI_PB,D,20150821,000000,1.16327,1.16327,0.974799,1.16327,0,0
KPI_PB,D,20150824,000000,1.16327,1.16327,1.00753,1.12221,0,0
KPI_PB,D,20150825,000000,1.12221,1.12221,1.12221,1.12221,0,0
KPI_PB,D,20150826,000000,1.12221,1.12221,1.12221,1.12221,0,0
KPI_PB,D,20150827,000000,1.12221,1.12221,0.974799,1.12221,0,0
KPI_PB,D,20150828,000000,1.12221,1.12221,1.12221,1.12221,0,0
KPI_PB,D,20150831,000000,1.16327,1.16327,0.942161,0.942161,0,0
KPI_PB,D,20150901,000000,1.08143,1.12221,1.08143,1.12221,0,0
KPI_PB,D,20150902,000000,1.08143,1.08143,1.0486,1.08143,0,0
KPI_PB,D,20150903,000000,1.08143,1.08143,1.00753,1.0486,0,0
KPI_PB,D,20150904,000000,1.08143,1.08143,1.00753,1.08143,0,0
KPI_PB,D,20150907,000000,1.08143,1.08143,1.00753,1.0486,0,0
KPI_PB,D,20150908,000000,1.00753,1.08143,1.00753,1.08143,0,0
KPI_PB,D,20150909,000000,1.08143,1.08143,1.00753,1.08143,0,0
KPI_PB,D,20150910,000000,1.08143,1.12221,1.08143,1.12221,0,0
KPI_PB,D,20150911,000000,1.12221,1.27794,1.0486,1.27794,0,0
KPI_PB,D,20150914,000000,1.23688,1.31068,1.23688,1.31068,0,0
KPI_PB,D,20150915,000000,1.31068,1.31068,1.23688,1.31068,0,0
KPI_PB,D,20150916,000000,1.31068,1.54002,1.27794,1.42535,0,0
KPI_PB,D,20150917,000000,1.49905,1.49905,1.38448,1.38448,0,0
KPI_PB,D,20150918,000000,1.38448,1.46641,1.23688,1.46641,0,0
KPI_PB,D,20150921,000000,1.46641,1.49905,1.31068,1.42535,0,0
KPI_PB,D,20150922,000000,1.49905,1.58099,1.49905,1.58099,0,0
KPI_PB,D,20150923,000000,1.58099,1.58099,1.49905,1.54002,0,0
KPI_PB,D,20150924,000000,1.54002,1.54002,1.49905,1.49905,0,0
KPI_PB,D,20150925,000000,1.49905,1.79386,1.27794,1.79386,0,0
KPI_PB,D,20150928,000000,1.64636,1.83493,1.64636,1.83493,0,0
KPI_PB,D,20150929,000000,1.79386,1.83493,1.60549,1.79386,0,0
KPI_PB,D,20150930,000000,1.76132,1.76132,1.76132,1.76132,0,0
KPI_PB,D,20151001,000000,1.46641,1.79386,1.42535,1.79386,0,0
KPI_PB,D,20151002,000000,1.54002,1.68752,1.54002,1.68752,0,0
KPI_PB,D,20151006,000000,1.42535,1.60549,1.42535,1.60549,0,0
KPI_PB,D,20151009,000000,1.64636,1.79386,1.58099,1.58099,0,0
KPI_PB,D,20151012,000000,1.76132,1.76132,1.49905,1.72035,0,0
KPI_PB,D,20151013,000000,1.72035,1.76132,1.38448,1.76132,0,0
KPI_PB,D,20151014,000000,1.76132,1.76132,1.49905,1.76132,0,0
KPI_PB,D,20151015,000000,1.76132,1.76132,1.49905,1.76132,0,0
KPI_PB,D,20151016,000000,1.76132,1.76132,1.76132,1.76132,0,0
KPI_PB,D,20151019,000000,1.68752,1.68752,1.68752,1.68752,0,0
KPI_PB,D,20151020,000000,1.68752,1.68752,1.42535,1.60549,0,0
KPI_PB,D,20151021,000000,1.68752,1.68752,1.68752,1.68752,0,0
KPI_PB,D,20151022,000000,1.68752,1.68752,1.38448,1.68752,0,0
KPI_PB,D,20151023,000000,1.68752,1.68752,1.35174,1.46641,0,0
KPI_PB,D,20151026,000000,1.68752,1.68752,1.38448,1.68752,0,0
KPI_PB,D,20151027,000000,1.68752,1.68752,1.35174,1.54002,0,0
KPI_PB,D,20151028,000000,1.64636,1.64636,1.35174,1.54002,0,0
KPI_PB,D,20151029,000000,1.49905,1.49905,1.49905,1.49905,0,0
KPI_PB,D,20151030,000000,1.49905,1.49905,1.35174,1.49905,0,0
KPI_PB,D,20151102,000000,1.49905,1.49905,1.27794,1.27794,0,0
KPI_PB,D,20151103,000000,1.49905,1.49905,1.27794,1.38448,0,0
KPI_PB,D,20151104,000000,1.49905,1.49905,1.38448,1.38448,0,0
KPI_PB,D,20151105,000000,1.49905,1.49905,1.31068,1.35174,0,0
KPI_PB,D,20151106,000000,1.35174,1.49905,1.23688,1.23688,0,0
KPI_PB,D,20151109,000000,1.23688,1.23688,1.23688,1.23688,0,0
KPI_PB,D,20151110,000000,1.42535,1.46641,1.38448,1.46641,0,0
KPI_PB,D,20151112,000000,1.49905,1.79386,1.49905,1.79386,0,0
KPI_PB,D,20151113,000000,1.79386,1.79386,1.46641,1.76132,0,0
KPI_PB,D,20151116,000000,1.68752,1.76132,1.35174,1.68752,0,0
KPI_PB,D,20151117,000000,1.68752,1.68752,1.68752,1.68752,0,0
KPI_PB,D,20151118,000000,1.68752,1.68752,1.42535,1.42535,0,0
KPI_PB,D,20151119,000000,1.60549,1.60549,1.31068,1.60549,0,0
KPI_PB,D,20151120,000000,1.60549,1.60549,1.38448,1.60549,0,0
KPI_PB,D,20151123,000000,1.60549,1.60549,1.43368,1.43368,0,0
KPI_PB,D,20151124,000000,1.43368,1.43368,1.20414,1.40898,0,0
KPI_PB,D,20151125,000000,1.40898,1.40898,1.40898,1.40898,0,0
KPI_PB,D,20151126,000000,1.37624,1.37624,1.10584,1.10584,0,0
KPI_PB,D,20151127,000000,1.10584,1.40898,1.10584,1.40898,0,0
KPI_PB,D,20151130,000000,1.34341,1.49905,1.23688,1.26971,0,0
KPI_PB,D,20151201,000000,1.49905,1.49905,1.31068,1.46641,0,0
KPI_PB,D,20151202,000000,1.46641,1.46641,1.34341,1.34341,0,0
KPI_PB,D,20151203,000000,1.34341,1.34341,1.20414,1.34341,0,0
KPI_PB,D,20151204,000000,1.40898,1.40898,1.17131,1.40898,0,0
KPI_PB,D,20151207,000000,1.37624,1.37624,1.23688,1.31068,0,0
KPI_PB,D,20151208,000000,1.31068,1.37624,1.17131,1.37624,0,0
KPI_PB,D,20151209,000000,1.37624,1.37624,1.31068,1.31068,0,0
KPI_PB,D,20151210,000000,1.34341,1.34341,1.34341,1.34341,0,0
KPI_PB,D,20151211,000000,1.31068,1.31068,1.31068,1.31068,0,0
KPI_PB,D,20151214,000000,1.31068,1.40898,1.23688,1.40898,0,0
KPI_PB,D,20151215,000000,1.17131,1.37624,1.17131,1.37624,0,0
KPI_PB,D,20151216,000000,1.34341,1.34341,1.23688,1.34341,0,0
KPI_PB,D,20151217,000000,1.34341,1.34341,1.31068,1.31068,0,0
KPI_PB,D,20151218,000000,1.31068,1.31068,1.31068,1.31068,0,0
KPI_PB,D,20151221,000000,1.31068,1.31068,1.31068,1.31068,0,0
KPI_PB,D,20151222,000000,1.31068,1.31068,1.13867,1.31068,0,0
KPI_PB,D,20151223,000000,1.31068,1.31068,1.07301,1.26971,0,0
KPI_PB,D,20151228,000000,1.26971,1.26971,1.26971,1.26971,0,0
KPI_PB,D,20151229,000000,1.26971,1.26971,1.23688,1.23688,0,0
KPI_PB,D,20151230,000000,1.07301,1.26971,1.07301,1.17131,0,0
KPI_PB,D,20160104,000000,1.31068,1.31068,1.31068,1.31068,0,0
KPI_PB,D,20160105,000000,1.26971,1.40898,1.10584,1.40898,0,0
KPI_PB,D,20160107,000000,1.46641,1.54002,1.40898,1.54002,0,0
KPI_PB,D,20160108,000000,1.54002,1.54002,1.40898,1.54002,0,0
KPI_PB,D,20160111,000000,1.54002,1.77759,1.40898,1.73662,0,0
KPI_PB,D,20160112,000000,1.70408,1.70408,1.37624,1.70408,0,0
KPI_PB,D,20160113,000000,1.70408,1.70408,1.63832,1.63832,0,0
KPI_PB,D,20160114,000000,1.63832,1.63832,1.43368,1.54002,0,0
KPI_PB,D,20160115,000000,1.46641,1.60549,1.43368,1.54002,0,0
KPI_PB,D,20160118,000000,1.60549,1.67115,1.43368,1.63832,0,0
KPI_PB,D,20160119,000000,1.67115,1.67115,1.37624,1.49905,0,0
KPI_PB,D,20160120,000000,1.67115,1.67115,1.54002,1.57285,0,0
KPI_PB,D,20160121,000000,1.67115,1.67115,1.40898,1.54002,0,0
KPI_PB,D,20160122,000000,1.54002,1.54002,1.43368,1.54002,0,0
KPI_PB,D,20160125,000000,1.54002,1.54002,1.40898,1.40898,0,0
KPI_PB,D,20160126,000000,1.54002,1.54002,1.54002,1.54002,0,0
KPI_PB,D,20160127,000000,1.54002,1.57285,1.37624,1.54002,0,0
KPI_PB,D,20160128,000000,1.57285,1.57285,1.46641,1.57285,0,0
KPI_PB,D,20160129,000000,1.46641,1.49905,1.40898,1.49905,0,0
KPI_PB,D,20160201,000000,1.49905,1.49905,1.49905,1.49905,0,0
KPI_PB,D,20160202,000000,1.46641,1.46641,1.46641,1.46641,0,0
KPI_PB,D,20160203,000000,1.46641,1.46641,1.37624,1.46641,0,0
KPI_PB,D,20160204,000000,1.46641,1.46641,1.31068,1.40898,0,0
KPI_PB,D,20160205,000000,1.54002,1.54002,1.43368,1.43368,0,0
KPI_PB,D,20160208,000000,1.54002,1.54002,1.37624,1.49905,0,0
KPI_PB,D,20160209,000000,1.49905,1.49905,1.40898,1.46641,0,0
KPI_PB,D,20160210,000000,1.46641,1.46641,1.37624,1.46641,0,0
KPI_PB,D,20160211,000000,1.46641,1.46641,1.40898,1.46641,0,0
KPI_PB,D,20160212,000000,1.46641,1.49905,1.43368,1.49905,0,0
KPI_PB,D,20160215,000000,1.46641,1.49905,1.31068,1.46641,0,0
KPI_PB,D,20160216,000000,1.49905,1.49905,1.46641,1.46641,0,0
KPI_PB,D,20160217,000000,1.46641,1.46641,1.31068,1.46641,0,0
KPI_PB,D,20160218,000000,1.46641,1.46641,1.43368,1.43368,0,0
KPI_PB,D,20160219,000000,1.43368,1.43368,1.43368,1.43368,0,0
KPI_PB,D,20160222,000000,1.43368,1.43368,1.23688,1.23688,0,0
KPI_PB,D,20160223,000000,1.43368,1.43368,1.43368,1.43368,0,0
KPI_PB,D,20160224,000000,1.37624,1.43368,1.23688,1.43368,0,0
KPI_PB,D,20160225,000000,1.43368,1.43368,1.39261,1.39261,0,0
KPI_PB,D,20160226,000000,1.49091,1.49091,1.32714,1.49091,0,0
KPI_PB,D,20160229,000000,1.45808,1.45808,1.35978,1.39261,0,0
KPI_PB,D,20160301,000000,1.42535,1.42535,1.42535,1.42535,0,0
KPI_PB,D,20160302,000000,1.35978,1.35978,1.35978,1.35978,0,0
KPI_PB,D,20160303,000000,1.42535,1.42535,1.26148,1.42535,0,0
KPI_PB,D,20160304,000000,1.39261,1.42535,1.39261,1.42535,0,0
KPI_PB,D,20160307,000000,1.49091,1.49091,1.45808,1.49091,0,0
KPI_PB,D,20160308,000000,1.65469,1.65469,1.65469,1.65469,0,0
KPI_PB,D,20160309,000000,1.65469,1.82679,1.65469,1.82679,0,0
KPI_PB,D,20160310,000000,1.79386,1.89207,1.79386,1.89207,0,0
KPI_PB,D,20160311,000000,1.9251,1.9251,1.89207,1.9251,0,0
KPI_PB,D,20160314,000000,1.95783,1.95783,1.95783,1.95783,0,0
KPI_PB,D,20160315,000000,1.9251,1.9251,1.9251,1.9251,0,0
KPI_PB,D,20160316,000000,1.9251,1.9251,1.65469,1.9251,0,0
KPI_PB,D,20160317,000000,1.9251,1.9251,1.69556,1.9251,0,0
KPI_PB,D,20160318,000000,1.72839,1.9251,1.72839,1.9251,0,0
KPI_PB,D,20160321,000000,1.9251,1.9251,1.9251,1.9251,0,0
KPI_PB,D,20160322,000000,1.9251,1.9251,1.9251,1.9251,0,0
KPI_PB,D,20160323,000000,1.79386,1.79386,1.79386,1.79386,0,0
KPI_PB,D,20160324,000000,1.65469,1.9251,1.65469,1.9251,0,0
KPI_PB,D,20160329,000000,1.9251,1.9251,1.72839,1.89207,0,0
KPI_PB,D,20160330,000000,1.89207,1.89207,1.89207,1.89207,0,0
KPI_PB,D,20160331,000000,1.89207,1.9251,1.89207,1.9251,0,0
KPI_PB,D,20160401,000000,1.9251,1.9251,1.9251,1.9251,0,0
KPI_PB,D,20160404,000000,1.9251,1.9251,1.9251,1.9251,0,0
KPI_PB,D,20160405,000000,1.9251,1.9251,1.9251,1.9251,0,0
KPI_PB,D,20160406,000000,1.89207,1.89207,1.89207,1.89207,0,0
KPI_PB,D,20160407,000000,1.89207,1.89207,1.65469,1.65469,0,0
KPI_PB,D,20160408,000000,1.89207,1.89207,1.58912,1.89207,0,0
KPI_PB,D,20160411,000000,1.89207,1.89207,1.58912,1.89207,0,0
KPI_PB,D,20160412,000000,1.89207,1.89207,1.82679,1.82679,0,0
KPI_PB,D,20160413,000000,1.89207,1.89207,1.89207,1.89207,0,0
KPI_PB,D,20160414,000000,1.89207,1.89207,1.55639,1.69556,0,0
KPI_PB,D,20160415,000000,1.82679,1.82679,1.62195,1.79386,0,0
KPI_PB,D,20160418,000000,1.79386,1.79386,1.45808,1.79386,0,0
KPI_PB,D,20160419,000000,1.65469,2.08897,1.45808,2.08897,0,0
KPI_PB,D,20160420,000000,2.08897,2.25274,1.85953,2.25274,0,0
KPI_PB,D,20160421,000000,2.25274,2.32644,1.65469,1.65469,0,0
KPI_PB,D,20160422,000000,1.76132,1.9251,1.76132,1.89207,0,0
KPI_PB,D,20160425,000000,1.89207,1.9251,1.82679,1.82679,0,0
KPI_PB,D,20160426,000000,1.9251,1.9251,1.72839,1.9251,0,0
KPI_PB,D,20160427,000000,1.9251,2.0234,1.76132,1.99057,0,0
KPI_PB,D,20160428,000000,1.95783,1.95783,1.72839,1.9251,0,0
KPI_PB,D,20160429,000000,1.9251,2.18717,1.72839,2.05613,0,0
KPI_PB,D,20160502,000000,2.1217,2.1217,1.99057,2.0726,0,0
KPI_PB,D,20160504,000000,2.10524,2.10524,1.81033,2.03977,0,0
KPI_PB,D,20160505,000000,2.03977,2.03977,1.84306,1.90873,0,0
KPI_PB,D,20160506,000000,1.9741,2.36741,1.81033,2.36741,0,0
KPI_PB,D,20160509,000000,2.33468,2.33468,2.10524,2.30184,0,0
KPI_PB,D,20160510,000000,2.30184,2.30184,2.30184,2.30184,0,0
KPI_PB,D,20160511,000000,2.26911,2.26911,2.03977,2.26911,0,0
KPI_PB,D,20160512,000000,2.26911,2.30184,2.03977,2.26911,0,0
KPI_PB,D,20160513,000000,2.30184,2.30184,1.8759,1.8759,0,0
KPI_PB,D,20160516,000000,2.03977,2.03977,1.64636,1.84306,0,0
KPI_PB,D,20160517,000000,1.84306,1.84306,1.84306,1.84306,0,0
KPI_PB,D,20160518,000000,1.8759,1.8759,1.8759,1.8759,0,0
KPI_PB,D,20160519,000000,1.8759,1.8759,1.77759,1.8759,0,0
KPI_PB,D,20160520,000000,1.8759,1.8759,1.74476,1.8759,0,0
KPI_PB,D,20160523,000000,1.8759,1.90873,1.84306,1.90873,0,0
KPI_PB,D,20160524,000000,1.94127,1.94127,1.94127,1.94127,0,0
KPI_PB,D,20160525,000000,1.94127,1.94127,1.74476,1.94127,0,0
KPI_PB,D,20160527,000000,1.90873,1.90873,1.90873,1.90873,0,0
KPI_PB,D,20160530,000000,1.90873,1.90873,1.71212,1.71212,0,0
KPI_PB,D,20160531,000000,1.71212,1.71212,1.65469,1.65469,0,0
KPI_PB,D,20160601,000000,1.68752,1.68752,1.54002,1.54002,0,0
KPI_PB,D,20160602,000000,1.50719,1.50719,1.47455,1.47455,0,0
KPI_PB,D,20160603,000000,1.54002,1.54002,1.54002,1.54002,0,0
KPI_PB,D,20160606,000000,1.63019,1.63019,1.59735,1.63019,0,0
KPI_PB,D,20160607,000000,1.63019,1.63019,1.47455,1.63019,0,0
KPI_PB,D,20160608,000000,1.63019,1.63019,1.63019,1.63019,0,0
KPI_PB,D,20160609,000000,1.63019,1.63019,1.63019,1.63019,0,0
KPI_PB,D,20160610,000000,1.63019,1.63019,1.63019,1.63019,0,0
KPI_PB,D,20160613,000000,1.63019,1.63019,1.63019,1.63019,0,0
KPI_PB,D,20160614,000000,1.63019,1.63019,1.63019,1.63019,0,0
KPI_PB,D,20160615,000000,1.63019,1.63019,1.63019,1.63019,0,0
KPI_PB,D,20160616,000000,1.63019,1.63019,1.50719,1.59735,0,0
KPI_PB,D,20160617,000000,1.63019,1.63019,1.63019,1.63019,0,0
KPI_PB,D,20160620,000000,1.63019,1.63019,1.63019,1.63019,0,0
KPI_PB,D,20160621,000000,1.63019,1.63019,1.56462,1.59735,0,0
KPI_PB,D,20160622,000000,1.59735,1.59735,1.50719,1.50719,0,0
KPI_PB,D,20160623,000000,1.50719,1.59735,1.50719,1.59735,0,0
KPI_PB,D,20160624,000000,1.59735,1.59735,1.54002,1.59735,0,0
KPI_PB,D,20160627,000000,1.59735,1.59735,1.50719,1.54002,0,0
KPI_PB,D,20160628,000000,1.54002,1.63019,1.54002,1.63019,0,0
KPI_PB,D,20160629,000000,1.63019,1.63019,1.56462,1.63019,0,0
KPI_PB,D,20160630,000000,1.68752,1.68752,1.68752,1.68752,0,0
KPI_PB,D,20160701,000000,1.65469,1.65469,1.59735,1.59735,0,0
KPI_PB,D,20160704,000000,1.59735,1.59735,1.56462,1.56462,0,0
KPI_PB,D,20160705,000000,1.56462,1.76946,1.56462,1.76946,0,0
KPI_PB,D,20160706,000000,1.76946,1.82679,1.76946,1.82679,0,0
KPI_PB,D,20160707,000000,1.76946,1.76946,1.76946,1.76946,0,0
KPI_PB,D,20160708,000000,1.76946,1.76946,1.76946,1.76946,0,0
KPI_PB,D,20160711,000000,1.59735,1.59735,1.59735,1.59735,0,0
KPI_PB,D,20160712,000000,1.74476,1.74476,1.50719,1.63019,0,0
KPI_PB,D,20160713,000000,1.74476,1.74476,1.50719,1.74476,0,0
KPI_PB,D,20160714,000000,1.80219,1.85953,1.63019,1.85953,0,0
KPI_PB,D,20160715,000000,1.85953,1.85953,1.76946,1.82679,0,0
KPI_PB,D,20160718,000000,1.85953,2.00703,1.85953,2.00703,0,0
KPI_PB,D,20160719,000000,1.98233,2.03977,1.98233,2.03977,0,0
KPI_PB,D,20160720,000000,2.03977,2.03977,1.82679,1.85953,0,0
KPI_PB,D,20160721,000000,2.03977,2.03977,2.03977,2.03977,0,0
KPI_PB,D,20160722,000000,2.03977,2.03977,2.03977,2.03977,0,0
KPI_PB,D,20160725,000000,2.03977,2.03977,2.00703,2.00703,0,0
KPI_PB,D,20160726,000000,2.00703,2.00703,1.71212,1.71212,0,0
KPI_PB,D,20160727,000000,1.82679,1.9497,1.82679,1.82679,0,0
KPI_PB,D,20160728,000000,2.17797,2.17797,2.17797,2.17797,0,0
KPI_PB,D,20160729,000000,2.20373,2.20373,1.79919,1.79919,0,0
KPI_PB,D,20160801,000000,2.08316,2.08316,2.04887,2.04887,0,0
KPI_PB,D,20160802,000000,1.91967,1.95405,1.89381,1.95405,0,0
KPI_PB,D,20160803,000000,2.10911,2.10911,2.01429,2.10911,0,0
KPI_PB,D,20160804,000000,2.1434,2.20373,2.1434,2.20373,0,0
KPI_PB,D,20160805,000000,2.20373,2.20373,1.98844,1.98844,0,0
KPI_PB,D,20160808,000000,2.1434,2.1434,1.98844,2.04887,0,0
KPI_PB,D,20160809,000000,2.17797,2.17797,2.17797,2.17797,0,0
KPI_PB,D,20160810,000000,2.17797,2.17797,2.01429,2.17797,0,0
KPI_PB,D,20160811,000000,2.17797,2.17797,1.95405,2.1434,0,0
KPI_PB,D,20160812,000000,2.17797,2.17797,1.89381,2.1434,0,0
KPI_PB,D,20160816,000000,2.10911,2.10911,2.10911,2.10911,0,0
KPI_PB,D,20160817,000000,2.10911,2.10911,2.10911,2.10911,0,0
KPI_PB,D,20160818,000000,2.10911,2.17797,2.04887,2.17797,0,0
KPI_PB,D,20160819,000000,2.17797,2.17797,2.17797,2.17797,0,0
KPI_PB,D,20160822,000000,2.1434,2.1434,2.1434,2.1434,0,0
KPI_PB,D,20160823,000000,2.1434,2.1434,2.1434,2.1434,0,0
KPI_PB,D,20160824,000000,2.1434,2.1434,2.1434,2.1434,0,0
KPI_PB,D,20160825,000000,2.10911,2.10911,2.10911,2.10911,0,0
KPI_PB,D,20160826,000000,2.10911,2.10911,2.10911,2.10911,0,0
KPI_PB,D,20160829,000000,2.10911,2.10911,2.10911,2.10911,0,0
KPI_PB,D,20160830,000000,2.10911,2.17797,2.10911,2.17797,0,0
KPI_PB,D,20160831,000000,2.17797,2.17797,2.17797,2.17797,0,0
KPI_PB,D,20160901,000000,2.17797,2.17797,2.17797,2.17797,0,0
KPI_PB,D,20160902,000000,2.17797,2.17797,2.10911,2.10911,0,0
KPI_PB,D,20160905,000000,2.10911,2.10911,2.10911,2.10911,0,0
KPI_PB,D,20160906,000000,2.08316,2.08316,2.08316,2.08316,0,0
KPI_PB,D,20160907,000000,2.08316,2.08316,2.01429,2.01429,0,0
KPI_PB,D,20160908,000000,2.01429,2.08316,2.01429,2.08316,0,0
KPI_PB,D,20160909,000000,2.10911,2.10911,2.10911,2.10911,0,0
KPI_PB,D,20160912,000000,2.10911,2.10911,2.01429,2.01429,0,0
KPI_PB,D,20160913,000000,2.10911,2.10911,1.98844,2.10911,0,0
KPI_PB,D,20160914,000000,2.10911,2.10911,2.10911,2.10911,0,0
KPI_PB,D,20160915,000000,2.10911,2.10911,2.10911,2.10911,0,0
KPI_PB,D,20160916,000000,2.10911,2.10911,2.10911,2.10911,0,0
KPI_PB,D,20160919,000000,2.10911,2.10911,2.10911,2.10911,0,0
KPI_PB,D,20160920,000000,2.10911,2.10911,2.10911,2.10911,0,0
KPI_PB,D,20160921,000000,1.98844,2.08316,1.91967,2.04887,0,0
KPI_PB,D,20160922,000000,2.10911,2.10911,2.10911,2.10911,0,0
KPI_PB,D,20160923,000000,2.08316,2.08316,2.08316,2.08316,0,0
KPI_PB,D,20160926,000000,2.10911,2.10911,2.08316,2.08316,0,0
KPI_PB,D,20160927,000000,2.10911,2.10911,2.04887,2.08316,0,0
KPI_PB,D,20160928,000000,2.10911,2.17797,2.08316,2.17797,0,0
KPI_PB,D,20160929,000000,2.1434,2.1434,2.1434,2.1434,0,0
KPI_PB,D,20160930,000000,2.1434,2.1434,2.1434,2.1434,0,0
KPI_PB,D,20161003,000000,2.1434,2.1434,2.1434,2.1434,0,0
KPI_PB,D,20161004,000000,2.1434,2.1434,2.01429,2.1434,0,0
KPI_PB,D,20161005,000000,2.1434,2.20373,2.1434,2.20373,0,0
KPI_PB,D,20161006,000000,2.20373,2.35869,2.20373,2.35869,0,0
KPI_PB,D,20161007,000000,2.33293,2.33293,2.01429,2.10911,0,0
KPI_PB,D,20161010,000000,2.08316,2.08316,2.08316,2.08316,0,0
KPI_PB,D,20161011,000000,2.08316,2.08316,2.08316,2.08316,0,0
KPI_PB,D,20161012,000000,2.08316,2.08316,2.08316,2.08316,0,0
KPI_PB,D,20161013,000000,2.08316,2.08316,2.08316,2.08316,0,0
KPI_PB,D,20161014,000000,2.08316,2.08316,2.08316,2.08316,0,0
KPI_PB,D,20161017,000000,2.08316,2.33293,2.08316,2.23812,0,0
KPI_PB,D,20161018,000000,2.33293,2.33293,2.33293,2.33293,0,0
KPI_PB,D,20161019,000000,2.33293,2.33293,2.33293,2.33293,0,0
KPI_PB,D,20161020,000000,2.33293,2.33293,2.27259,2.33293,0,0
KPI_PB,D,20161021,000000,2.33293,2.33293,1.98844,2.27259,0,0
KPI_PB,D,20161024,000000,2.23812,2.23812,2.04887,2.23812,0,0
KPI_PB,D,20161025,000000,2.33293,2.33293,2.04887,2.33293,0,0
KPI_PB,D,20161026,000000,2.33293,2.33293,2.04887,2.33293,0,0
KPI_PB,D,20161027,000000,2.33293,2.33293,2.04887,2.33293,0,0
KPI_PB,D,20161028,000000,2.33293,2.33293,2.04887,2.33293,0,0
KPI_PB,D,20161031,000000,2.33293,2.33293,2.33293,2.33293,0,0
KPI_PB,D,20161102,000000,2.33293,2.33293,2.33293,2.33293,0,0
KPI_PB,D,20161103,000000,2.33293,2.33293,2.33293,2.33293,0,0
KPI_PB,D,20161104,000000,2.33293,2.33293,2.04887,2.08316,0,0
KPI_PB,D,20161107,000000,2.33293,2.33293,2.33293,2.33293,0,0
KPI_PB,D,20161108,000000,2.33293,2.33293,2.04887,2.33293,0,0
KPI_PB,D,20161109,000000,2.33293,2.33293,2.33293,2.33293,0,0
KPI_PB,D,20161110,000000,2.33293,2.33293,2.04887,2.33293,0,0
KPI_PB,D,20161114,000000,2.33293,2.33293,2.17797,2.23812,0,0
KPI_PB,D,20161115,000000,2.33293,2.33293,2.17797,2.33293,0,0
KPI_PB,D,20161116,000000,2.33293,2.33293,2.33293,2.33293,0,0
KPI_PB,D,20161117,000000,2.33293,2.33293,2.33293,2.33293,0,0
KPI_PB,D,20161118,000000,2.33293,2.33293,2.29836,2.29836,0,0
KPI_PB,D,20161121,000000,2.08316,2.20373,2.01429,2.01429,0,0
KPI_PB,D,20161122,000000,2.12625,2.12625,2.04006,2.04006,0,0
KPI_PB,D,20161123,000000,2.12625,2.12625,2.12625,2.12625,0,0
KPI_PB,D,20161124,000000,2.12625,2.12625,2.12625,2.12625,0,0
KPI_PB,D,20161125,000000,2.12625,2.12625,2.12625,2.12625,0,0
KPI_PB,D,20161128,000000,2.01429,2.01429,2.01429,2.01429,0,0
KPI_PB,D,20161129,000000,2.01429,2.01429,1.92819,1.92819,0,0
KPI_PB,D,20161130,000000,2.01429,2.01429,2.01429,2.01429,0,0
KPI_PB,D,20161201,000000,2.01429,2.01429,2.01429,2.01429,0,0
KPI_PB,D,20161202,000000,2.01429,2.01429,2.01429,2.01429,0,0
KPI_PB,D,20161205,000000,2.01429,2.01429,2.01429,2.01429,0,0
KPI_PB,D,20161206,000000,1.69575,2.01429,1.69575,1.98844,0,0
KPI_PB,D,20161207,000000,1.84229,2.01429,1.84229,1.92819,0,0
KPI_PB,D,20161208,000000,1.92819,1.98844,1.92819,1.98844,0,0
KPI_PB,D,20161209,000000,1.98844,1.98844,1.98844,1.98844,0,0
KPI_PB,D,20161212,000000,1.98844,1.98844,1.98844,1.98844,0,0
KPI_PB,D,20161213,000000,1.98844,1.98844,1.98844,1.98844,0,0
KPI_PB,D,20161214,000000,1.98844,1.98844,1.81633,1.98844,0,0
KPI_PB,D,20161215,000000,1.98844,1.98844,1.78195,1.84229,0,0
KPI_PB,D,20161216,000000,1.81633,1.95405,1.81633,1.92819,0,0
KPI_PB,D,20161219,000000,1.95405,1.95405,1.81633,1.95405,0,0
KPI_PB,D,20161220,000000,1.95405,1.95405,1.81633,1.81633,0,0
KPI_PB,D,20161221,000000,1.95405,1.95405,1.92819,1.92819,0,0
KPI_PB,D,20161222,000000,1.92819,1.92819,1.78195,1.78195,0,0
KPI_PB,D,20161223,000000,1.78195,1.78195,1.78195,1.78195,0,0
KPI_PB,D,20161227,000000,1.92819,1.92819,1.84229,1.92819,0,0
KPI_PB,D,20161228,000000,1.92819,1.92819,1.69575,1.75609,0,0
KPI_PB,D,20161229,000000,1.92819,1.92819,1.69575,1.81633,0,0
KPI_PB,D,20161230,000000,1.92819,1.92819,1.69575,1.69575,0,0
KPI_PB,D,20170102,000000,1.86805,1.86805,1.81633,1.81633,0,0
KPI_PB,D,20170103,000000,1.86805,1.86805,1.75609,1.84229,0,0
KPI_PB,D,20170104,000000,1.84229,1.84229,1.78195,1.81633,0,0
KPI_PB,D,20170105,000000,1.84229,1.84229,1.78195,1.78195,0,0
KPI_PB,D,20170109,000000,1.78195,1.78195,1.75609,1.75609,0,0
KPI_PB,D,20170110,000000,1.78195,1.78195,1.75609,1.75609,0,0
KPI_PB,D,20170111,000000,1.75609,1.78195,1.75609,1.75609,0,0
KPI_PB,D,20170112,000000,1.81633,1.81633,1.81633,1.81633,0,0
KPI_PB,D,20170113,000000,1.81633,1.86805,1.75609,1.75609,0,0
KPI_PB,D,20170116,000000,1.75609,1.86805,1.75609,1.81633,0,0
KPI_PB,D,20170117,000000,1.84229,1.84229,1.84229,1.84229,0,0
KPI_PB,D,20170118,000000,1.84229,1.84229,1.84229,1.84229,0,0
KPI_PB,D,20170119,000000,1.78195,1.78195,1.75609,1.75609,0,0
KPI_PB,D,20170120,000000,1.86805,1.86805,1.86805,1.86805,0,0
KPI_PB,D,20170123,000000,1.86805,1.92819,1.86805,1.92819,0,0
KPI_PB,D,20170124,000000,1.92819,2.16073,1.92819,2.16073,0,0
KPI_PB,D,20170125,000000,2.16073,2.17797,2.16073,2.17797,0,0
KPI_PB,D,20170126,000000,2.17797,2.38446,2.17797,2.38446,0,0
KPI_PB,D,20170127,000000,2.38446,2.38446,2.16073,2.17797,0,0
KPI_PB,D,20170130,000000,2.16073,2.32422,2.16073,2.16073,0,0
KPI_PB,D,20170131,000000,2.55666,2.55666,2.04006,2.16073,0,0
KPI_PB,D,20170201,000000,2.38446,2.38446,2.10039,2.10039,0,0
KPI_PB,D,20170202,000000,2.38446,2.38446,2.38446,2.38446,0,0
KPI_PB,D,20170203,000000,2.38446,2.38446,2.12625,2.12625,0,0
KPI_PB,D,20170206,000000,2.10039,2.10039,2.10039,2.10039,0,0
KPI_PB,D,20170207,000000,2.07463,2.07463,2.07463,2.07463,0,0
KPI_PB,D,20170208,000000,2.07463,2.07463,2.07463,2.07463,0,0
KPI_PB,D,20170209,000000,2.21235,2.38446,2.21235,2.38446,0,0
KPI_PB,D,20170213,000000,2.38446,2.38446,2.10039,2.10039,0,0
KPI_PB,D,20170214,000000,2.34998,2.34998,2.04006,2.16073,0,0
KPI_PB,D,20170215,000000,2.34998,2.34998,2.10039,2.34998,0,0
KPI_PB,D,20170216,000000,2.29836,2.29836,2.29836,2.29836,0,0
KPI_PB,D,20170217,000000,2.32422,2.32422,2.01429,2.07463,0,0
KPI_PB,D,20170220,000000,2.29836,2.29836,2.12625,2.12625,0,0
KPI_PB,D,20170221,000000,2.10039,2.10039,1.9712,1.9712,0,0
KPI_PB,D,20170222,000000,1.9712,2.36722,1.94543,2.36722,0,0
KPI_PB,D,20170223,000000,2.39317,2.59976,2.39317,2.59976,0,0
KPI_PB,D,20170224,000000,2.59976,2.59976,2.59976,2.59976,0,0
KPI_PB,D,20170227,000000,2.59976,2.59976,2.41884,2.46194,0,0
KPI_PB,D,20170228,000000,2.54804,2.54804,2.54804,2.54804,0,0
KPI_PB,D,20170301,000000,2.52227,2.54804,2.52227,2.54804,0,0
KPI_PB,D,20170302,000000,2.54804,3.34008,2.36722,3.34008,0,0
KPI_PB,D,20170303,000000,3.35722,4.02007,3.35722,4.02007,0,0
KPI_PB,D,20170306,000000,3.93397,4.22665,3.80496,4.22665,0,0
KPI_PB,D,20170307,000000,4.27827,4.67429,3.80496,4.43323,0,0
KPI_PB,D,20170308,000000,4.43323,4.46761,4.32999,4.32999,0,0
KPI_PB,D,20170309,000000,5.19941,5.19941,4.72601,5.11322,0,0
KPI_PB,D,20170310,000000,5.07021,5.7504,4.67429,5.7504,0,0
KPI_PB,D,20170313,000000,5.7504,5.77616,5.7504,5.77616,0,0
KPI_PB,D,20170314,000000,5.7504,5.7504,5.7504,5.7504,0,0
KPI_PB,D,20170315,000000,5.7504,5.7504,5.07021,5.64696,0,0
KPI_PB,D,20170316,000000,5.77616,6.55948,5.11322,6.55948,0,0
KPI_PB,D,20170317,000000,5.85364,6.6972,5.27689,6.6972,0,0
KPI_PB,D,20170320,000000,6.32714,6.32714,5.80202,6.32714,0,0
KPI_PB,D,20170321,000000,6.32714,6.32714,6.32714,6.32714,0,0
KPI_PB,D,20170322,000000,6.32714,6.32714,5.51776,5.51776,0,0
KPI_PB,D,20170323,000000,6.32714,6.32714,6.32714,6.32714,0,0
KPI_PB,D,20170324,000000,6.32714,6.32714,5.51776,5.82778,0,0
KPI_PB,D,20170327,000000,6.32714,6.32714,6.32714,6.32714,0,0
KPI_PB,D,20170328,000000,5.90526,5.90526,5.27689,5.38014,0,0
KPI_PB,D,20170329,000000,5.38014,5.90526,5.38014,5.85364,0,0
KPI_PB,D,20170330,000000,5.64696,5.85364,5.64696,5.85364,0,0
KPI_PB,D,20170331,000000,5.85364,5.85364,5.7504,5.7504,0,0
KPI_PB,D,20170403,000000,5.7504,5.7504,5.67282,5.67282,0,0
KPI_PB,D,20170404,000000,5.77616,5.77616,4.88087,4.90673,0,0
KPI_PB,D,20170405,000000,4.90673,5.38014,4.88087,5.38014,0,0
KPI_PB,D,20170406,000000,5.72454,5.72454,4.88087,4.88087,0,0
KPI_PB,D,20170407,000000,5.72454,5.72454,4.88087,5.25103,0,0
KPI_PB,D,20170410,000000,5.38014,5.38014,5.19941,5.19941,0,0
KPI_PB,D,20170411,000000,5.19941,5.19941,5.19941,5.19941,0,0
KPI_PB,D,20170412,000000,5.19941,5.19941,5.19941,5.19941,0,0
KPI_PB,D,20170413,000000,5.19941,5.38014,5.19941,5.38014,0,0
KPI_PB,D,20170418,000000,5.38014,5.72454,4.88087,5.51776,0,0
KPI_PB,D,20170419,000000,5.77616,6.30118,5.77616,6.03436,0,0
KPI_PB,D,20170420,000000,5.77616,6.17208,5.77616,6.03436,0,0
KPI_PB,D,20170421,000000,5.77616,6.30118,5.77616,6.30118,0,0
KPI_PB,D,20170424,000000,6.4389,6.4389,6.4389,6.4389,0,0
KPI_PB,D,20170425,000000,6.4389,6.4389,6.30118,6.30118,0,0
KPI_PB,D,20170426,000000,6.0086,6.0086,5.11322,5.72454,0,0
KPI_PB,D,20170427,000000,5.25103,6.55948,5.11322,6.03436,0,0
KPI_PB,D,20170428,000000,6.4821,6.4821,5.48348,5.48348,0,0
KPI_PB,D,20170502,000000,5.87088,5.87088,5.21665,5.34575,0,0
KPI_PB,D,20170504,000000,5.24232,5.24232,5.11322,5.24232,0,0
KPI_PB,D,20170505,000000,5.26827,5.87088,5.21665,5.87088,0,0
KPI_PB,D,20170508,000000,5.6643,5.99998,5.6643,5.97412,0,0
KPI_PB,D,20170509,000000,5.97412,6.4389,5.69006,6.4389,0,0
KPI_PB,D,20170510,000000,6.4389,6.4389,5.99998,5.99998,0,0
KPI_PB,D,20170511,000000,5.74168,6.4389,5.74168,6.4389,0,0
KPI_PB,D,20170512,000000,6.4389,6.4389,5.99998,5.99998,0,0
KPI_PB,D,20170515,000000,5.74168,6.02574,5.45771,5.45771,0,0
KPI_PB,D,20170516,000000,5.69858,5.69858,5.3198,5.3198,0,0
KPI_PB,D,20170517,000000,5.55234,5.55234,5.43176,5.43176,0,0
KPI_PB,D,20170518,000000,5.55234,5.55234,5.19941,5.55234,0,0
KPI_PB,D,20170519,000000,5.55234,5.55234,4.79477,5.43176,0,0
KPI_PB,D,20170522,000000,5.55234,5.55234,5.55234,5.55234,0,0
KPI_PB,D,20170523,000000,5.55234,5.55234,5.19941,5.19941,0,0
KPI_PB,D,20170524,000000,5.55234,5.55234,5.55234,5.55234,0,0
KPI_PB,D,20170525,000000,4.84639,5.55234,4.84639,4.84639,0,0
KPI_PB,D,20170526,000000,4.84639,5.55234,4.84639,5.55234,0,0
KPI_PB,D,20170530,000000,5.43176,5.43176,4.84639,5.406,0,0
KPI_PB,D,20170531,000000,4.84639,5.67282,4.84639,5.67282,0,0
KPI_PB,D,20170601,000000,5.55234,5.64696,5.52657,5.52657,0,0
KPI_PB,D,20170602,000000,5.43176,5.43176,5.43176,5.43176,0,0
KPI_PB,D,20170605,000000,5.3198,5.6212,4.79477,4.79477,0,0
KPI_PB,D,20170606,000000,5.48348,5.50071,5.07883,5.48348,0,0
KPI_PB,D,20170607,000000,5.50071,5.55234,5.50071,5.52657,0,0
KPI_PB,D,20170608,000000,5.3198,5.52657,5.3198,5.52657,0,0
KPI_PB,D,20170609,000000,5.52657,5.52657,5.19941,5.19941,0,0
KPI_PB,D,20170612,000000,5.52657,5.52657,5.19941,5.52657,0,0
KPI_PB,D,20170613,000000,5.52657,5.52657,5.52657,5.52657,0,0
KPI_PB,D,20170614,000000,5.52657,5.52657,5.24232,5.52657,0,0
KPI_PB,D,20170616,000000,5.38885,5.55234,5.38885,5.55234,0,0
KPI_PB,D,20170619,000000,5.55234,5.55234,5.3198,5.55234,0,0
KPI_PB,D,20170620,000000,5.55234,5.55234,5.55234,5.55234,0,0
KPI_PB,D,20170621,000000,5.55234,5.55234,5.22518,5.55234,0,0
KPI_PB,D,20170622,000000,5.55234,5.6212,5.55234,5.6212,0,0
KPI_PB,D,20170623,000000,5.6212,5.6212,5.34575,5.6212,0,0
KPI_PB,D,20170626,000000,5.6212,5.6212,5.5781,5.5781,0,0
KPI_PB,D,20170627,000000,5.5781,5.67282,5.5781,5.6212,0,0
KPI_PB,D,20170628,000000,5.6212,5.6212,5.6212,5.6212,0,0
KPI_PB,D,20170629,000000,5.60396,5.60396,5.60396,5.60396,0,0
KPI_PB,D,20170630,000000,5.6212,5.6212,5.38885,5.38885,0,0
KPI_PB,D,20170703,000000,5.6212,5.6212,5.6212,5.6212,0,0
KPI_PB,D,20170704,000000,5.38885,5.38885,5.34575,5.34575,0,0
KPI_PB,D,20170705,000000,5.38885,5.38885,5.19941,5.3198,0,0
KPI_PB,D,20170706,000000,5.3198,5.3198,5.07883,5.07883,0,0
KPI_PB,D,20170707,000000,5.29404,5.29404,5.29404,5.29404,0,0
KPI_PB,D,20170710,000000,5.29404,5.29404,5.29404,5.29404,0,0
KPI_PB,D,20170711,000000,5.29404,5.29404,5.29404,5.29404,0,0
KPI_PB,D,20170712,000000,5.29404,5.29404,5.29404,5.29404,0,0
KPI_PB,D,20170714,000000,5.72347,5.72347,4.90818,5.46052,0,0
KPI_PB,D,20170717,000000,5.70584,5.70584,5.33772,5.33772,0,0
KPI_PB,D,20170718,000000,5.39031,5.39031,5.39031,5.39031,0,0
KPI_PB,D,20170719,000000,5.36406,5.48677,5.36406,5.36406,0,0
KPI_PB,D,20170720,000000,5.48677,5.48677,5.03099,5.46052,0,0
KPI_PB,D,20170721,000000,5.48677,5.48677,5.48677,5.48677,0,0
KPI_PB,D,20170724,000000,5.48677,5.48677,4.93443,5.2676,0,0
KPI_PB,D,20170725,000000,5.46052,5.46052,5.46052,5.46052,0,0
KPI_PB,D,20170726,000000,5.4429,5.4429,5.2676,5.2676,0,0
KPI_PB,D,20170727,000000,5.46052,5.46052,5.17123,5.2676,0,0
KPI_PB,D,20170728,000000,5.2676,5.46052,5.17123,5.46052,0,0
KPI_PB,D,20170731,000000,5.2676,5.4429,5.2676,5.4429,0,0
KPI_PB,D,20170801,000000,5.53045,5.53045,5.36406,5.36406,0,0
KPI_PB,D,20170802,000000,5.62691,5.62691,5.5043,5.5043,0,0
KPI_PB,D,20170803,000000,5.5043,5.53045,5.22382,5.5043,0,0
KPI_PB,D,20170804,000000,5.5043,5.5043,5.5043,5.5043,0,0
KPI_PB,D,20170807,000000,5.5043,5.5043,5.5043,5.5043,0,0
KPI_PB,D,20170808,000000,5.5043,5.5043,5.29384,5.46052,0,0
KPI_PB,D,20170809,000000,5.46052,5.5043,5.29384,5.5043,0,0
KPI_PB,D,20170810,000000,5.41665,5.65325,5.29384,5.65325,0,0
KPI_PB,D,20170811,000000,5.74972,5.74972,5.58313,5.58313,0,0
KPI_PB,D,20170814,000000,5.74972,5.74972,5.39031,5.39031,0,0
KPI_PB,D,20170816,000000,5.72347,5.72347,5.72347,5.72347,0,0
KPI_PB,D,20170817,000000,5.53045,5.70584,5.29384,5.70584,0,0
KPI_PB,D,20170818,000000,5.70584,5.70584,5.22382,5.39031,0,0
KPI_PB,D,20170821,000000,5.5043,5.6795,5.41665,5.53045,0,0
KPI_PB,D,20170822,000000,5.53045,5.53045,5.53045,5.53045,0,0
KPI_PB,D,20170823,000000,5.62691,5.95998,5.62691,5.95998,0,0
KPI_PB,D,20170824,000000,5.81102,5.95998,5.81102,5.95998,0,0
KPI_PB,D,20170825,000000,5.82855,5.8548,5.65325,5.8548,0,0
KPI_PB,D,20170828,000000,5.82855,5.82855,5.73219,5.82855,0,0
KPI_PB,D,20170829,000000,5.90749,5.90749,5.82855,5.82855,0,0
KPI_PB,D,20170830,000000,5.81102,5.81102,5.81102,5.81102,0,0
KPI_PB,D,20170831,000000,5.81102,5.81102,5.81102,5.81102,0,0
KPI_PB,D,20170901,000000,5.81102,5.90749,5.60066,5.8548,0,0
KPI_PB,D,20170904,000000,5.8548,5.8548,5.8548,5.8548,0,0
KPI_PB,D,20170905,000000,5.8548,5.8548,5.57442,5.81102,0,0
KPI_PB,D,20170906,000000,5.81102,5.93373,5.81102,5.90749,0,0
KPI_PB,D,20170907,000000,5.78468,5.78468,5.78468,5.78468,0,0
KPI_PB,D,20170908,000000,5.78468,5.90749,5.5043,5.82855,0,0
KPI_PB,D,20170911,000000,5.88114,5.88114,5.88114,5.88114,0,0
KPI_PB,D,20170912,000000,5.88114,5.88114,5.70584,5.8548,0,0
KPI_PB,D,20170913,000000,5.82855,6.03891,5.82855,5.8548,0,0
KPI_PB,D,20170914,000000,5.98632,6.01257,5.98632,6.01257,0,0
KPI_PB,D,20170915,000000,6.01257,6.01257,5.65325,5.98632,0,0
KPI_PB,D,20170918,000000,5.98632,5.98632,5.98632,5.98632,0,0
KPI_PB,D,20170919,000000,5.98632,5.98632,5.98632,5.98632,0,0
KPI_PB,D,20170920,000000,5.8548,6.01257,5.8548,6.01257,0,0
KPI_PB,D,20170921,000000,6.01257,6.01257,6.01257,6.01257,0,0
KPI_PB,D,20170922,000000,6.03891,6.03891,6.03891,6.03891,0,0
KPI_PB,D,20170925,000000,6.03891,6.06526,6.03891,6.06526,0,0
KPI_PB,D,20170926,000000,6.03891,6.03891,6.03891,6.03891,0,0
KPI_PB,D,20170927,000000,6.03891,6.03891,5.98632,5.98632,0,0
KPI_PB,D,20170928,000000,5.98632,5.98632,5.98632,5.98632,0,0
KPI_PB,D,20170929,000000,6.24046,6.24046,6.24046,6.24046,0,0
KPI_PB,D,20171002,000000,6.24046,6.24046,6.24046,6.24046,0,0
KPI_PB,D,20171003,000000,6.24046,6.57362,6.14409,6.36326,0,0
KPI_PB,D,20171004,000000,6.36326,7.64285,6.36326,7.61661,0,0
KPI_PB,D,20171005,000000,7.61661,8.91324,7.61661,8.91324,0,0
KPI_PB,D,20171006,000000,8.91324,8.91324,7.76556,8.65978,0,0
KPI_PB,D,20171009,000000,8.6068,8.63286,7.76556,8.15122,0,0
KPI_PB,D,20171010,000000,8.6068,9.42257,8.15122,9.42257,0,0
KPI_PB,D,20171011,000000,10.1586,10.1586,9.68504,9.68504,0,0
KPI_PB,D,20171012,000000,10.1586,10.1586,9.93879,9.93879,0,0
KPI_PB,D,20171013,000000,10.1586,10.1586,10.1586,10.1586,0,0
KPI_PB,D,20171016,000000,10.1586,10.1586,9.60659,9.68504,0,0
KPI_PB,D,20171017,000000,10.0618,10.0618,10.0347,10.0347,0,0
KPI_PB,D,20171018,000000,9.98334,9.98334,9.98334,9.98334,0,0
KPI_PB,D,20171019,000000,9.98334,9.98334,9.50102,9.50102,0,0
KPI_PB,D,20171020,000000,9.98334,9.98334,9.19381,9.63177,0,0
KPI_PB,D,20171023,000000,9.98334,9.98334,9.98334,9.98334,0,0
KPI_PB,D,20171024,000000,9.29957,9.65889,8.88709,9.29957,0,0
KPI_PB,D,20171025,000000,9.29957,9.29957,9.29957,9.29957,0,0
KPI_PB,D,20171026,000000,9.16747,9.16747,8.91324,9.16747,0,0
KPI_PB,D,20171027,000000,9.42257,9.42257,8.58065,9.29957,0,0
KPI_PB,D,20171030,000000,9.42257,9.42257,7.64285,8.81726,0,0
KPI_PB,D,20171031,000000,8.65978,8.65978,8.40536,8.65978,0,0
KPI_PB,D,20171102,000000,8.65978,8.65978,8.65978,8.65978,0,0
KPI_PB,D,20171103,000000,8.65978,8.65978,8.65978,8.65978,0,0
KPI_PB,D,20171106,000000,8.65978,8.65978,8.65978,8.65978,0,0
KPI_PB,D,20171107,000000,8.65978,9.16747,8.65978,9.16747,0,0
KPI_PB,D,20171108,000000,9.16747,10.0618,8.51053,10.0618,0,0
KPI_PB,D,20171109,000000,9.68504,9.68504,8.91324,8.91324,0,0
KPI_PB,D,20171110,000000,9.42257,9.95719,9.34316,9.95719,0,0
KPI_PB,D,20171113,000000,8.01979,10.702,8.01979,10.4744,0,0
KPI_PB,D,20171114,000000,10.4221,10.4221,10.4221,10.4221,0,0
KPI_PB,D,20171115,000000,10.4221,10.4221,9.68504,9.68504,0,0
KPI_PB,D,20171116,000000,10.4221,10.702,9.72959,10.1848,0,0
KPI_PB,D,20171117,000000,9.29957,11.1843,9.29957,11.1843,0,0
KPI_PB,D,20171120,000000,10.702,11.438,9.49231,9.49231,0,0
KPI_PB,D,20171121,000000,10.1935,10.1935,10.1935,10.1935,0,0
KPI_PB,D,20171122,000000,10.1935,10.1935,9.37802,9.37802,0,0
KPI_PB,D,20171123,000000,9.93879,9.93879,9.93879,9.93879,0,0
KPI_PB,D,20171124,000000,9.95719,9.95719,9.95719,9.95719,0,0
KPI_PB,D,20171127,000000,9.37802,9.95719,9.37802,9.95719,0,0
KPI_PB,D,20171128,000000,9.95719,9.95719,9.10723,9.23759,0,0
KPI_PB,D,20171129,000000,9.84194,9.84194,9.28117,9.28117,0,0
KPI_PB,D,20171130,000000,9.84194,9.84194,9.72959,9.84194,0,0
KPI_PB,D,20171201,000000,9.84194,9.84194,9.49231,9.84194,0,0
KPI_PB,D,20171204,000000,9.84194,9.84194,9.84194,9.84194,0,0
KPI_PB,D,20171205,000000,9.84194,9.84194,9.08001,9.84194,0,0
KPI_PB,D,20171206,000000,9.84194,9.84194,9.26471,9.26471,0,0
KPI_PB,D,20171207,000000,9.81676,9.81676,9.81676,9.81676,0,0
KPI_PB,D,20171208,000000,9.81676,9.81676,8.36168,8.95769,0,0
KPI_PB,D,20171211,000000,9.49231,9.49231,9.49231,9.49231,0,0
KPI_PB,D,20171212,000000,9.26471,9.26471,9.26471,9.26471,0,0
KPI_PB,D,20171213,000000,9.23759,9.23759,9.23759,9.23759,0,0
KPI_PB,D,20171214,000000,9.23759,9.49231,8.36168,9.37802,0,0
KPI_PB,D,20171215,000000,9.23759,9.49231,8.93978,8.95769,0,0
KPI_PB,D,20171218,000000,9.37802,9.37802,9.17687,9.17687,0,0
KPI_PB,D,20171219,000000,8.80021,8.93978,8.80021,8.93978,0,0
KPI_PB,D,20171220,000000,9.42257,9.42257,9.14955,9.14955,0,0
KPI_PB,D,20171221,000000,9.42257,9.42257,9.42257,9.42257,0,0
KPI_PB,D,20171222,000000,9.42257,9.42257,9.42257,9.42257,0,0
KPI_PB,D,20171227,000000,9.42257,9.42257,9.42257,9.42257,0,0
KPI_PB,D,20171228,000000,8.84341,9.23759,8.7822,9.23759,0,0
KPI_PB,D,20171229,000000,8.80021,9.95719,8.80021,9.26471,0,0
KPI_PB,D,20180103,000000,9.95719,9.95719,9.49231,9.49231,0,0
KPI_PB,D,20180104,000000,9.95719,10.0095,9.67632,9.67632,0,0
KPI_PB,D,20180108,000000,9.49231,9.49231,8.57174,9.12418,0,0
KPI_PB,D,20180109,000000,9.0282,9.63177,8.75615,9.63177,0,0
KPI_PB,D,20180110,000000,9.58819,9.58819,9.44872,9.44872,0,0
KPI_PB,D,20180111,000000,9.30829,9.30829,9.30829,9.30829,0,0
KPI_PB,D,20180112,000000,9.30829,9.30829,9.30829,9.30829,0,0
KPI_PB,D,20180115,000000,9.30829,9.30829,8.93978,8.93978,0,0
KPI_PB,D,20180116,000000,8.80021,9.58819,8.80021,8.93978,0,0
KPI_PB,D,20180117,000000,9.49231,9.49231,8.80021,8.80021,0,0
KPI_PB,D,20180118,000000,9.49231,9.49231,8.61591,9.0282,0,0
KPI_PB,D,20180119,000000,9.49231,9.49231,8.75615,8.75615,0,0
KPI_PB,D,20180122,000000,9.49231,9.49231,8.65978,9.0282,0,0
KPI_PB,D,20180123,000000,9.44872,9.44872,9.44872,9.44872,0,0
KPI_PB,D,20180124,000000,9.44872,9.49231,9.26471,9.26471,0,0
KPI_PB,D,20180125,000000,9.44872,9.44872,8.80021,9.08001,0,0
KPI_PB,D,20180126,000000,9.12418,9.26471,9.12418,9.26471,0,0
KPI_PB,D,20180129,000000,9.54461,9.54461,8.75615,8.75615,0,0
KPI_PB,D,20180130,000000,9.49231,9.49231,8.84341,8.84341,0,0
KPI_PB,D,20180131,000000,9.49231,9.54461,8.75615,9.26471,0,0
KPI_PB,D,20180201,000000,9.12418,9.49231,9.12418,9.49231,0,0
KPI_PB,D,20180202,000000,9.0282,9.40417,9.0282,9.40417,0,0
KPI_PB,D,20180205,000000,9.40417,9.40417,9.40417,9.40417,0,0
KPI_PB,D,20180206,000000,9.49231,9.49231,8.75615,9.17687,0,0
KPI_PB,D,20180208,000000,7.25719,8.3178,7.25719,8.3178,0,0
KPI_PB,D,20180209,000000,8.70307,8.70307,8.28274,8.28274,0,0
KPI_PB,D,20180212,000000,8.05485,8.05485,8.05485,8.05485,0,0
KPI_PB,D,20180213,000000,7.94086,7.94086,7.64285,7.67791,0,0
KPI_PB,D,20180214,000000,8.09863,8.09863,7.64285,7.67791,0,0
KPI_PB,D,20180215,000000,7.94086,7.94086,7.67791,7.67791,0,0
KPI_PB,D,20180216,000000,4.34732,5.48677,4.16331,5.48677,0,0
KPI_PB,D,20180219,000000,5.63582,5.63582,5.48677,5.48677,0,0
KPI_PB,D,20180220,000000,5.329,5.48677,5.329,5.48677,0,0
KPI_PB,D,20180226,000000,5.48677,5.48677,5.48677,5.48677,0,0
KPI_PB,D,20180227,000000,5.37278,5.60066,5.329,5.329,0,0
KPI_PB,D,20180228,000000,5.60066,5.60066,5.60066,5.60066,0,0
KPI_PB,D,20180301,000000,5.60066,6.04773,5.60066,6.04773,0,0
KPI_PB,D,20180302,000000,5.60066,6.04773,5.60066,6.04773,0,0
KPI_PB,D,20180305,000000,6.04773,6.6173,6.04773,6.6173,0,0
KPI_PB,D,20180306,000000,5.71466,6.6173,5.71466,6.6173,0,0
KPI_PB,D,20180307,000000,6.58234,6.58234,6.58234,6.58234,0,0
KPI_PB,D,20180308,000000,6.54728,6.54728,6.24046,6.54728,0,0
KPI_PB,D,20180309,000000,6.46844,6.46844,5.60066,5.86361,0,0
KPI_PB,D,20180312,000000,5.40793,5.67078,5.40793,5.67078,0,0
KPI_PB,D,20180314,000000,5.67078,5.86361,5.67078,5.86361,0,0
KPI_PB,D,20180315,000000,5.67078,5.82855,5.29384,5.67078,0,0
KPI_PB,D,20180319,000000,5.67078,5.67078,5.67078,5.67078,0,0
KPI_PB,D,20180320,000000,5.67078,5.67078,5.67078,5.67078,0,0
KPI_PB,D,20180321,000000,5.67078,5.67078,5.48677,5.48677,0,0
KPI_PB,D,20180322,000000,5.48677,5.48677,5.48677,5.48677,0,0
KPI_PB,D,20180323,000000,5.48677,5.67078,5.48677,5.67078,0,0
KPI_PB,D,20180326,000000,5.60066,5.60066,5.48677,5.48677,0,0
KPI_PB,D,20180327,000000,5.4429,5.4429,5.10983,5.329,0,0
KPI_PB,D,20180328,000000,5.10983,5.10983,4.8031,4.8031,0,0
KPI_PB,D,20180329,000000,4.76794,4.76794,4.57531,4.57531,0,0
KPI_PB,D,20180403,000000,4.57531,4.83816,4.16331,4.83816,0,0
KPI_PB,D,20180404,000000,4.50509,4.83816,4.2772,4.8031,0,0
KPI_PB,D,20180406,000000,4.83816,4.83816,4.72417,4.83816,0,0
KPI_PB,D,20180409,000000,4.65405,4.83816,4.46122,4.61899,0,0
KPI_PB,D,20180412,000000,4.38229,4.38229,4.31217,4.31217,0,0
KPI_PB,D,20180416,000000,4.34732,4.34732,4.34732,4.34732,0,0
KPI_PB,D,20180417,000000,4.23333,4.54006,4.16331,4.54006,0,0
KPI_PB,D,20180424,000000,4.50509,4.50509,4.50509,4.50509,0,0
KPI_PB,D,20180425,000000,4.50509,4.50509,4.50509,4.50509,0,0
KPI_PB,D,20180426,000000,4.2772,4.50509,4.16331,4.50509,0,0
KPI_PB,D,20180427,000000,4.50509,4.50509,4.50509,4.50509,0,0
KPI_PB,D,20180430,000000,4.50509,4.50509,4.50509,4.50509,0,0
KPI_PB,D,20180502,000000,4.50509,4.50509,4.50509,4.50509,0,0
KPI_PB,D,20180504,000000,4.23333,8.3178,4.16331,8.3178,0,0
KPI_PB,D,20180507,000000,8.3178,8.3178,8.24759,8.24759,0,0
KPI_PB,D,20180508,000000,7.94086,7.94086,7.64285,7.64285,0,0
KPI_PB,D,20180509,000000,7.71307,8.24759,7.71307,7.71307,0,0
KPI_PB,D,20180510,000000,8.01979,8.01979,8.01979,8.01979,0,0
KPI_PB,D,20180511,000000,7.64285,7.71307,7.4938,7.71307,0,0
KPI_PB,D,20180515,000000,7.71307,7.71307,7.71307,7.71307,0,0
KPI_PB,D,20180516,000000,7.71307,7.71307,7.71307,7.71307,0,0
KPI_PB,D,20180517,000000,7.56392,8.70307,7.07318,7.56392,0,0
KPI_PB,D,20180518,000000,7.56392,8.54569,7.56392,7.56392,0,0
KPI_PB,D,20180521,000000,7.56392,7.94086,7.30107,7.30107,0,0
KPI_PB,D,20180522,000000,7.09942,7.51152,7.0293,7.30107,0,0
KPI_PB,D,20180523,000000,7.16964,7.16964,7.16964,7.16964,0,0
KPI_PB,D,20180528,000000,7.51152,7.65157,7.51152,7.65157,0,0
KPI_PB,D,20180529,000000,7.16964,7.86193,6.95928,7.86193,0,0
KPI_PB,D,20180604,000000,6.95928,8.00226,6.95928,8.00226,0,0
KPI_PB,D,20180606,000000,8.00226,8.00226,8.00226,8.00226,0,0
KPI_PB,D,20180615,000000,7.30107,8.00226,7.0293,8.00226,0,0
KPI_PB,D,20180618,000000,7.58155,7.58155,7.58155,7.58155,0,0
KPI_PB,D,20180619,000000,7.37119,7.37119,7.37119,7.37119,0,0
KPI_PB,D,20180620,000000,7.93205,7.93205,7.0293,7.86193,0,0
KPI_PB,D,20180621,000000,7.86193,7.86193,7.86193,7.86193,0,0
KPI_PB,D,20180622,000000,7.30107,7.86193,7.30107,7.86193,0,0
KPI_PB,D,20180625,000000,7.86193,7.86193,7.86193,7.86193,0,0
KPI_PB,D,20180626,000000,7.86193,7.86193,7.44131,7.44131,0,0
KPI_PB,D,20180702,000000,7.51152,7.86193,7.51152,7.86193,0,0
KPI_PB,D,20180703,000000,7.44131,7.7919,7.44131,7.7919,0,0
KPI_PB,D,20180704,000000,7.72169,8.76515,7.72169,8.76515,0,0
KPI_PB,D,20180705,000000,8.5546,8.5546,8.5546,8.5546,0,0
KPI_PB,D,20180706,000000,8.5546,8.5546,8.35267,8.35267,0,0
KPI_PB,D,20180709,000000,7.86193,8.48419,7.86193,8.48419,0,0
KPI_PB,D,20180710,000000,8.48419,8.48419,8.48419,8.48419,0,0
KPI_PB,D,20180711,000000,8.48419,8.48419,8.48419,8.48419,0,0
KPI_PB,D,20180712,000000,8.48419,8.48419,8.41417,8.41417,0,0
KPI_PB,D,20180713,000000,8.41417,8.41417,8.41417,8.41417,0,0
KPI_PB,D,20180716,000000,8.41417,8.41417,8.41417,8.41417,0,0
KPI_PB,D,20180717,000000,8.41417,8.41417,8.41417,8.41417,0,0
KPI_PB,D,20180718,000000,8.41417,8.41417,8.41417,8.41417,0,0
KPI_PB,D,20180719,000000,8.41417,8.41417,7.30107,8.00226,0,0
KPI_PB,D,20180724,000000,7.37119,8.1425,7.30107,8.1425,0,0
KPI_PB,D,20180730,000000,8.57262,8.57262,8.57262,8.57262,0,0
KPI_PB,D,20180731,000000,7.85292,8.85145,7.85292,8.85145,0,0
KPI_PB,D,20180801,000000,8.85145,9.42742,8.85145,9.06684,0,0
KPI_PB,D,20180802,000000,9.06684,9.06684,9.06684,9.06684,0,0
KPI_PB,D,20180803,000000,9.06684,11.0642,7.85292,11.0642,0,0
KPI_PB,D,20180806,000000,11.0642,11.4235,10.7146,10.7146,0,0
KPI_PB,D,20180807,000000,10.7146,10.7146,10.7146,10.7146,0,0
KPI_PB,D,20180808,000000,10.7146,10.7146,10.7146,10.7146,0,0
KPI_PB,D,20180809,000000,10.7146,10.7146,10.7146,10.7146,0,0
KPI_PB,D,20180810,000000,10.7146,10.7146,10.7146,10.7146,0,0
KPI_PB,D,20180813,000000,10.7146,10.7146,10.7146,10.7146,0,0
KPI_PB,D,20180814,000000,10.7146,10.7146,10.7146,10.7146,0,0
KPI_PB,D,20180816,000000,10.6419,10.7146,10.6419,10.7146,0,0
KPI_PB,D,20180817,000000,10.6419,10.6419,8.21282,8.21282,0,0
KPI_PB,D,20180820,000000,9.63274,9.63274,5.3073,5.3073,0,0
KPI_PB,D,20180821,000000,5.3073,5.86497,5.3073,5.86497,0,0
KPI_PB,D,20180822,000000,5.10934,5.70313,5.10934,5.70313,0,0
KPI_PB,D,20180824,000000,5.10934,5.70313,4.92048,5.70313,0,0
KPI_PB,D,20180827,000000,5.70313,5.70313,5.70313,5.70313,0,0
KPI_PB,D,20180828,000000,5.70313,5.70313,5.70313,5.70313,0,0
KPI_PB,D,20180829,000000,5.70313,5.70313,5.70313,5.70313,0,0
KPI_PB,D,20180830,000000,5.70313,5.70313,5.70313,5.70313,0,0
KPI_PB,D,20180831,000000,5.70313,5.70313,5.70313,5.70313,0,0
KPI_PB,D,20180903,000000,5.50517,5.50517,5.50517,5.50517,0,0
KPI_PB,D,20180904,000000,5.50517,5.50517,5.50517,5.50517,0,0
KPI_PB,D,20180905,000000,5.50517,5.50517,4.72262,5.50517,0,0
KPI_PB,D,20180906,000000,5.50517,5.50517,5.50517,5.50517,0,0
KPI_PB,D,20180907,000000,5.3073,5.3073,5.3073,5.3073,0,0
KPI_PB,D,20180910,000000,5.3073,5.3073,5.3073,5.3073,0,0
KPI_PB,D,20180911,000000,5.3073,5.3073,5.3073,5.3073,0,0
KPI_PB,D,20180912,000000,4.92048,5.3073,4.92048,5.3073,0,0
KPI_PB,D,20180913,000000,5.10934,5.10934,4.44379,4.44379,0,0
KPI_PB,D,20180917,000000,4.52466,4.92048,4.52466,4.92048,0,0
KPI_PB,D,20180918,000000,4.12883,4.92048,3.7331,4.47981,0,0
KPI_PB,D,20180919,000000,3.9761,4.47981,3.9761,4.47981,0,0
KPI_PB,D,20180920,000000,3.81407,4.32679,3.54424,4.12883,0,0
KPI_PB,D,20180921,000000,4.12883,4.60562,3.93096,4.32679,0,0
KPI_PB,D,20180924,000000,4.32679,4.32679,4.32679,4.32679,0,0
KPI_PB,D,20180925,000000,4.32679,4.32679,4.12883,4.12883,0,0
KPI_PB,D,20180926,000000,4.12883,4.12883,3.7331,4.12883,0,0
KPI_PB,D,20180927,000000,3.6162,3.89503,3.58027,3.89503,0,0
KPI_PB,D,20180928,000000,3.89503,4.24582,3.89503,4.24582,0,0
KPI_PB,D,20181001,000000,4.12883,4.24582,4.12883,4.24582,0,0
KPI_PB,D,20181002,000000,3.83198,4.24582,3.83198,4.24582,0,0
KPI_PB,D,20181003,000000,4.12883,4.12883,4.12883,4.12883,0,0
KPI_PB,D,20181004,000000,4.12883,4.12883,4.12883,4.12883,0,0
KPI_PB,D,20181005,000000,3.77813,4.04796,3.77813,4.04796,0,0
KPI_PB,D,20181008,000000,4.20989,4.20989,4.20989,4.20989,0,0
KPI_PB,D,20181009,000000,4.20989,4.29086,3.54424,4.29086,0,0
KPI_PB,D,20181011,000000,3.44526,4.12883,3.38231,4.12883,0,0
KPI_PB,D,20181012,000000,4.12883,4.12883,3.38231,3.93096,0,0
KPI_PB,D,20181015,000000,4.0929,4.24582,4.0929,4.24582,0,0
KPI_PB,D,20181016,000000,3.93096,4.24582,3.54424,4.24582,0,0
KPI_PB,D,20181017,000000,4.24582,4.24582,4.24582,4.24582,0,0
KPI_PB,D,20181018,000000,4.24582,4.24582,4.24582,4.24582,0,0
KPI_PB,D,20181019,000000,4.24582,4.24582,4.24582,4.24582,0,0
KPI_PB,D,20181022,000000,4.01203,4.16486,4.01203,4.01203,0,0
KPI_PB,D,20181023,000000,4.24582,4.24582,3.7331,4.20989,0,0
KPI_PB,D,20181024,000000,3.93096,4.32679,3.93096,4.32679,0,0
KPI_PB,D,20181025,000000,3.89503,4.32679,3.89503,4.32679,0,0
KPI_PB,D,20181026,000000,3.81407,4.32679,3.81407,4.32679,0,0
KPI_PB,D,20181029,000000,4.32679,4.32679,4.32679,4.32679,0,0
KPI_PB,D,20181030,000000,4.32679,4.32679,3.7331,4.29086,0,0
KPI_PB,D,20181106,000000,3.93096,4.32679,3.7331,4.29086,0,0
KPI_PB,D,20181107,000000,4.29086,4.29086,3.7331,4.29086,0,0
KPI_PB,D,20181108,000000,4.12883,4.12883,3.79605,4.01203,0,0
KPI_PB,D,20181109,000000,4.12883,4.12883,4.12883,4.12883,0,0
KPI_PB,D,20181113,000000,4.12883,4.12883,4.12883,4.12883,0,0
KPI_PB,D,20181114,000000,4.12883,4.29086,3.93096,4.29086,0,0
KPI_PB,D,20181115,000000,4.29086,4.29086,4.29086,4.29086,0,0
KPI_PB,D,20181116,000000,4.29086,4.29086,4.29086,4.29086,0,0
KPI_PB,D,20181119,000000,4.24582,4.29086,4.0929,4.0929,0,0
KPI_PB,D,20181120,000000,4.13784,4.13784,4.13784,4.13784,0,0
KPI_PB,D,20181121,000000,4.13784,4.13784,4.13784,4.13784,0,0
KPI_PB,D,20181122,000000,3.62511,4.05687,3.62511,4.05687,0,0
KPI_PB,D,20181123,000000,3.94898,3.94898,3.45417,3.45417,0,0
KPI_PB,D,20181126,000000,3.74211,4.0929,3.62511,4.0929,0,0
KPI_PB,D,20181127,000000,3.94898,3.94898,3.94898,3.94898,0,0
KPI_PB,D,20181128,000000,3.94898,3.94898,3.45417,3.94898,0,0
KPI_PB,D,20181129,000000,3.57116,3.94898,3.57116,3.94898,0,0
KPI_PB,D,20181130,000000,3.60719,3.94898,3.60719,3.94898,0,0
KPI_PB,D,20181203,000000,3.68816,3.68816,3.68816,3.68816,0,0
KPI_PB,D,20181204,000000,3.72409,3.98501,3.72409,3.98501,0,0
KPI_PB,D,20181205,000000,3.98501,3.98501,3.98501,3.98501,0,0
KPI_PB,D,20181206,000000,3.98501,3.98501,3.98501,3.98501,0,0
KPI_PB,D,20181207,000000,3.98501,3.98501,3.98501,3.98501,0,0
KPI_PB,D,20181210,000000,3.98501,3.98501,3.98501,3.98501,0,0
KPI_PB,D,20181211,000000,3.98501,4.02094,3.60719,4.02094,0,0
KPI_PB,D,20181212,000000,3.57116,3.94898,3.57116,3.94898,0,0
KPI_PB,D,20181213,000000,3.94898,4.02094,3.94898,4.02094,0,0
KPI_PB,D,20181214,000000,4.02094,4.02094,4.02094,4.02094,0,0
KPI_PB,D,20181217,000000,4.02094,4.02094,3.60719,3.76002,0,0
KPI_PB,D,20181218,000000,3.90394,3.90394,3.90394,3.90394,0,0
KPI_PB,D,20181221,000000,3.57116,4.28185,3.57116,4.28185,0,0
KPI_PB,D,20181227,000000,4.28185,4.92048,4.28185,4.92048,0,0
KPI_PB,D,20181228,000000,3.94898,5.03738,3.19335,5.03738,0,0
KPI_PB,D,20190102,000000,5.07331,5.07331,5.07331,5.07331,0,0
KPI_PB,D,20190103,000000,4.84852,4.84852,4.32679,4.84852,0,0
KPI_PB,D,20190104,000000,4.77647,4.77647,4.77647,4.77647,0,0
KPI_PB,D,20190107,000000,4.77647,4.77647,4.77647,4.77647,0,0
KPI_PB,D,20190108,000000,4.77647,4.77647,4.77647,4.77647,0,0
KPI_PB,D,20190109,000000,4.77647,4.77647,4.36272,4.54257,0,0
KPI_PB,D,20190110,000000,4.54257,4.54257,4.32679,4.54257,0,0
KPI_PB,D,20190111,000000,4.50664,4.50664,4.50664,4.50664,0,0
KPI_PB,D,20190114,000000,4.50664,4.50664,4.32679,4.50664,0,0
KPI_PB,D,20190117,000000,4.24582,4.50664,4.24582,4.43468,0,0
KPI_PB,D,20190118,000000,4.13784,4.24582,4.02094,4.24582,0,0
KPI_PB,D,20190121,000000,3.98501,4.13784,3.98501,4.13784,0,0
KPI_PB,D,20190122,000000,4.13784,4.13784,3.94898,4.13784,0,0
KPI_PB,D,20190123,000000,3.90394,3.98501,3.90394,3.98501,0,0
KPI_PB,D,20190124,000000,4.05687,4.05687,3.79605,3.86791,0,0
KPI_PB,D,20190125,000000,3.76002,4.05687,3.72409,4.02094,0,0
KPI_PB,D,20190128,000000,4.05687,4.13784,4.05687,4.13784,0,0
KPI_PB,D,20190130,000000,3.98501,4.20989,3.94898,4.20989,0,0
KPI_PB,D,20190131,000000,4.05687,4.05687,4.05687,4.05687,0,0
KPI_PB,D,20190201,000000,3.94898,3.94898,3.90394,3.90394,0,0
KPI_PB,D,20190204,000000,3.79605,4.28185,3.79605,4.28185,0,0
KPI_PB,D,20190205,000000,3.90394,4.05687,3.90394,4.05687,0,0
KPI_PB,D,20190206,000000,3.98501,4.13784,3.94898,4.13784,0,0
KPI_PB,D,20190207,000000,4.05687,4.05687,3.83198,4.05687,0,0
KPI_PB,D,20190208,000000,3.98501,4.24582,3.83198,4.24582,0,0
KPI_PB,D,20190212,000000,4.05687,4.13784,3.98501,3.98501,0,0
KPI_PB,D,20190213,000000,3.94898,4.24582,3.94898,4.24582,0,0
KPI_PB,D,20190215,000000,4.02094,4.24582,3.79605,4.24582,0,0
KPI_PB,D,20190218,000000,3.94898,3.94898,3.94898,3.94898,0,0
KPI_PB,D,20190219,000000,3.83198,3.98501,3.83198,3.98501,0,0
KPI_PB,D,20190220,000000,3.83198,4.24582,3.79605,4.24582,0,0
KPI_PB,D,20190225,000000,3.83198,4.20989,3.83198,4.20989,0,0
KPI_PB,D,20190301,000000,3.83198,3.86791,3.76002,3.76002,0,0
KPI_PB,D,20190304,000000,3.76002,3.90394,3.76002,3.90394,0,0
KPI_PB,D,20190305,000000,3.90394,3.90394,3.90394,3.90394,0,0
KPI_PB,D,20190306,000000,3.90394,3.90394,3.90394,3.90394,0,0
KPI_PB,D,20190311,000000,3.94898,4.20989,3.94898,4.20989,0,0
KPI_PB,D,20190312,000000,3.90394,4.20989,3.79605,4.20989,0,0
KPI_PB,D,20190313,000000,3.90394,4.17377,3.79605,4.17377,0,0
KPI_PB,D,20190318,000000,4.05687,4.17377,4.05687,4.17377,0,0
KPI_PB,D,20190319,000000,4.17377,4.20989,4.17377,4.20989,0,0
KPI_PB,D,20190321,000000,4.20989,4.96542,3.78714,3.78714,0,0
KPI_PB,D,20190322,000000,3.60719,3.85,3.60719,3.85,0,0
KPI_PB,D,20190325,000000,3.60719,3.60719,3.60719,3.60719,0,0
KPI_PB,D,20190326,000000,3.78714,3.85,3.78714,3.85,0,0
KPI_PB,D,20190409,000000,3.67915,3.71508,3.67915,3.71508,0,0
KPI_PB,D,20190412,000000,3.54424,3.71508,3.54424,3.71508,0,0
KPI_PB,D,20190416,000000,3.78714,3.78714,3.54424,3.54424,0,0
KPI_PB,D,20190418,000000,3.60719,3.60719,3.60719,3.60719,0,0
KPI_PB,D,20190424,000000,3.54424,3.75111,3.43616,3.75111,0,0
KPI_PB,D,20190425,000000,3.50821,3.81407,3.50821,3.81407,0,0
KPI_PB,D,20190426,000000,3.60719,3.88603,3.54424,3.88603,0,0
KPI_PB,D,20190430,000000,3.64312,4.02094,3.64312,4.02094,0,0
KPI_PB,D,20190502,000000,3.78714,4.05687,3.78714,4.05687,0,0
KPI_PB,D,20190510,000000,3.78714,4.02094,3.78714,4.02094,0,0
KPI_PB,D,20190515,000000,3.95799,3.95799,3.75111,3.75111,0,0
KPI_PB,D,20190516,000000,3.75111,4.02094,3.75111,3.88603,0,0
KPI_PB,D,20190523,000000,3.30124,3.30124,3.30124,3.30124,0,0
KPI_PB,D,20190524,000000,3.67005,3.67005,3.67005,3.67005,0,0
KPI_PB,D,20190527,000000,3.76903,3.76903,3.76903,3.76903,0,0
KPI_PB,D,20190603,000000,3.4992,3.53514,3.4992,3.53514,0,0
KPI_PB,D,20190604,000000,3.3734,3.47228,3.3734,3.47228,0,0
KPI_PB,D,20190612,000000,3.30124,3.57116,3.30124,3.57116,0,0
KPI_PB,D,20190618,000000,3.3734,3.3734,3.3734,3.3734,0,0
KPI_PB,D,20190619,000000,3.47228,3.47228,3.47228,3.47228,0,0
KPI_PB,D,20190624,000000,3.30124,3.4992,3.30124,3.47228,0,0
KPI_PB,D,20190625,000000,3.30124,3.47228,3.30124,3.47228,0,0
KPI_PB,D,20190715,000000,3.47228,3.47228,3.47228,3.47228,0,0
KPI_PB,D,20190719,000000,3.30124,3.47228,3.30124,3.47228,0,0
KPI_PB,D,20190730,000000,3.47228,3.86791,3.47228,3.86791,0,0
KPI_PB,D,20190801,000000,3.59819,3.7331,3.59819,3.7331,0,0
KPI_PB,D,20190802,000000,3.86791,3.86791,3.86791,3.86791,0,0
KPI_PB,D,20190806,000000,3.57116,3.93096,3.57116,3.93096,0,0
KPI_PB,D,20190813,000000,3.7331,3.79605,3.7331,3.79605,0,0
KPI_PB,D,20190816,000000,3.9329,3.9329,3.9329,3.9329,0,0
KPI_PB,D,20190820,000000,4.27769,4.79952,4.27769,4.79952,0,0
KPI_PB,D,20190821,000000,4.41744,4.45473,4.25909,4.45473,0,0
KPI_PB,D,20190830,000000,4.45473,4.49202,4.45473,4.49202,0,0
KPI_PB,D,20190902,000000,4.33357,4.45473,3.83963,4.29628,0,0
KPI_PB,D,20190903,000000,4.25909,4.41744,4.25909,4.41744,0,0
KPI_PB,D,20190905,000000,4.45473,4.49202,4.41744,4.49202,0,0
KPI_PB,D,20190906,000000,4.49202,4.49202,4.33357,4.41744,0,0
KPI_PB,D,20190909,000000,4.22181,4.25909,4.22181,4.25909,0,0
KPI_PB,D,20190910,000000,4.49202,4.49202,4.49202,4.49202,0,0
KPI_PB,D,20190911,000000,4.29628,4.49202,4.29628,4.49202,0,0
KPI_PB,D,20190916,000000,4.25909,4.49202,4.02597,4.49202,0,0
KPI_PB,D,20190924,000000,4.29628,4.45473,4.29628,4.45473,0,0
KPI_PB,D,20190925,000000,4.25909,4.49202,4.25909,4.49202,0,0
KPI_PB,D,20191001,000000,4.41744,4.41744,4.41744,4.41744,0,0
KPI_PB,D,20191002,000000,4.60388,4.60388,4.60388,4.60388,0,0
KPI_PB,D,20191003,000000,4.25909,4.37096,4.25909,4.37096,0,0
KPI_PB,D,20191008,000000,4.22181,4.37096,4.22181,4.37096,0,0
KPI_PB,D,20191009,000000,4.14723,4.14723,4.14723,4.14723,0,0
KPI_PB,D,20191010,000000,4.14723,4.14723,4.14723,4.14723,0,0
KPI_PB,D,20191014,000000,4.25909,4.25909,4.25909,4.25909,0,0
KPI_PB,D,20191018,000000,4.02597,4.02597,4.02597,4.02597,0,0
KPI_PB,D,20191022,000000,3.87702,3.87702,3.87702,3.87702,0,0
KPI_PB,D,20191024,000000,3.98878,3.98878,3.98878,3.98878,0,0
KPI_PB,D,20191029,000000,3.9515,3.9515,3.9515,3.9515,0,0
KPI_PB,D,20191030,000000,3.9515,3.9515,3.6439,3.9515,0,0
KPI_PB,D,20191031,000000,3.91421,3.9515,3.91421,3.9515,0,0
KPI_PB,D,20191104,000000,3.9515,3.9515,3.9515,3.9515,0,0
KPI_PB,D,20191105,000000,3.9515,3.9515,3.83963,3.83963,0,0
KPI_PB,D,20191106,000000,3.71857,4.02597,3.71857,4.02597,0,0
KPI_PB,D,20191108,000000,3.83963,3.98878,3.83963,3.98878,0,0
KPI_PB,D,20191114,000000,4.02597,4.02597,4.02597,4.02597,0,0
KPI_PB,D,20191115,000000,3.83963,3.9515,3.67189,3.67189,0,0
KPI_PB,D,20191118,000000,3.73717,3.73717,3.73717,3.73717,0,0
KPI_PB,D,20191121,000000,3.6346,3.6346,3.6346,3.6346,0,0
KPI_PB,D,20191122,000000,3.6346,3.6346,3.6346,3.6346,0,0
KPI_PB,D,20191125,000000,3.6346,3.77445,3.6346,3.77445,0,0
KPI_PB,D,20191126,000000,3.77445,4.27769,3.77445,4.27769,0,0
KPI_PB,D,20191127,000000,4.27769,4.34287,4.27769,4.34287,0,0
KPI_PB,D,20191128,000000,4.34287,4.34287,4.34287,4.34287,0,0
KPI_PB,D,20191129,000000,4.34287,4.34287,4.34287,4.34287,0,0
KPI_PB,D,20191202,000000,4.34287,4.34287,4.34287,4.34287,0,0
KPI_PB,D,20191203,000000,4.34287,4.34287,4.34287,4.34287,0,0
KPI_PB,D,20191204,000000,4.34287,5.163,4.34287,4.80891,0,0
KPI_PB,D,20191205,000000,4.49202,4.49202,4.41744,4.49202,0,0
KPI_PB,D,20191206,000000,4.41744,4.49202,4.41744,4.49202,0,0
KPI_PB,D,20191209,000000,4.49202,4.49202,4.34287,4.34287,0,0
KPI_PB,D,20191210,000000,4.38025,4.41744,4.38025,4.41744,0,0
KPI_PB,D,20191211,000000,4.38025,4.38025,4.38025,4.38025,0,0
KPI_PB,D,20191212,000000,4.38025,4.38025,4.38025,4.38025,0,0
KPI_PB,D,20191213,000000,4.34287,4.34287,4.34287,4.34287,0,0
KPI_PB,D,20191216,000000,4.41744,4.41744,4.2404,4.2404,0,0
KPI_PB,D,20191217,000000,4.10065,4.63177,4.10065,4.63177,0,0
KPI_PB,D,20191218,000000,4.34287,4.98596,4.34287,4.98596,0,0
KPI_PB,D,20191219,000000,4.88349,4.88349,4.63177,4.63177,0,0
KPI_PB,D,20191220,000000,4.63177,4.77163,4.63177,4.77163,0,0
KPI_PB,D,20191223,000000,4.8461,4.88349,4.8461,4.8461,0,0
KPI_PB,D,20191227,000000,4.63177,5.34934,4.63177,5.34934,0,0
KPI_PB,D,20191230,000000,5.34934,5.70362,4.5573,4.5573,0,0
KPI_PB,D,20200102,000000,4.98596,5.51728,4.98596,5.51728,0,0
KPI_PB,D,20200103,000000,5.34934,5.88066,5.34934,5.88066,0,0
KPI_PB,D,20200109,000000,5.34934,6.0577,5.34934,6.0577,0,0
KPI_PB,D,20200110,000000,6.0577,6.19755,6.0577,6.19755,0,0
KPI_PB,D,20200113,000000,5.94584,6.19755,5.34934,6.16017,0,0
KPI_PB,D,20200114,000000,6.12298,6.12298,6.12298,6.12298,0,0
KPI_PB,D,20200115,000000,6.12298,6.12298,6.12298,6.12298,0,0
KPI_PB,D,20200116,000000,6.12298,6.12298,6.12298,6.12298,0,0
KPI_PB,D,20200117,000000,6.12298,6.12298,6.12298,6.12298,0,0
KPI_PB,D,20200120,000000,6.12298,6.12298,5.37742,5.73151,0,0
KPI_PB,D,20200121,000000,5.37742,5.55447,5.37742,5.55447,0,0
KPI_PB,D,20200122,000000,5.37742,5.55447,5.37742,5.55447,0,0
KPI_PB,D,20200123,000000,5.31215,5.59175,5.31215,5.59175,0,0
KPI_PB,D,20200124,000000,5.62904,5.62904,5.62904,5.62904,0,0
KPI_PB,D,20200127,000000,5.37742,5.37742,5.27486,5.27486,0,0
KPI_PB,D,20200128,000000,5.23757,5.23757,5.23757,5.23757,0,0
KPI_PB,D,20200130,000000,5.23757,5.23757,5.23757,5.23757,0,0
KPI_PB,D,20200131,000000,5.23757,5.37742,5.23757,5.37742,0,0
KPI_PB,D,20200205,000000,5.163,5.163,5.163,5.163,0,0
KPI_PB,D,20200210,000000,4.98596,4.98596,4.45473,4.45473,0,0
KPI_PB,D,20200211,000000,4.63177,5.34934,4.63177,4.63177,0,0
KPI_PB,D,20200213,000000,4.63177,4.63177,4.63177,4.63177,0,0
KPI_PB,D,20200214,000000,4.74364,4.74364,4.74364,4.74364,0,0
KPI_PB,D,20200218,000000,4.74364,4.74364,4.5573,4.5573,0,0
KPI_PB,D,20200219,000000,4.45473,4.51991,4.30558,4.51991,0,0
KPI_PB,D,20200221,000000,4.51991,4.51991,4.51991,4.51991,0,0
KPI_PB,D,20200224,000000,4.51991,4.51991,4.30558,4.30558,0,0
KPI_PB,D,20200225,000000,4.30558,4.30558,4.27769,4.27769,0,0
KPI_PB,D,20200228,000000,4.45473,4.45473,4.45473,4.45473,0,0
KPI_PB,D,20200304,000000,4.10065,4.27769,4.10065,4.27769,0,0
KPI_PB,D,20200309,000000,4.10065,4.27769,3.53204,4.27769,0,0
KPI_PB,D,20200310,000000,3.73717,4.30558,3.73717,4.30558,0,0
KPI_PB,D,20200311,000000,3.73717,4.06336,3.0288,4.02597,0,0
KPI_PB,D,20200320,000000,3.98878,3.98878,3.98878,3.98878,0,0
KPI_PB,D,20200323,000000,3.98878,3.98878,3.98878,3.98878,0,0
KPI_PB,D,20200324,000000,3.98878,4.5387,3.98878,4.5387,0,0
KPI_PB,D,20200325,000000,4.5387,4.5387,4.5387,4.5387,0,0
KPI_PB,D,20200326,000000,4.5387,4.5387,4.5387,4.5387,0,0
KPI_PB,D,20200327,000000,4.5387,4.5387,4.5387,4.5387,0,0
KPI_PB,D,20200330,000000,4.5387,4.5387,4.5387,4.5387,0,0
KPI_PB,D,20200331,000000,4.5387,4.5387,4.5387,4.5387,0,0
KPI_PB,D,20200401,000000,4.5387,4.5387,4.5387,4.5387,0,0
KPI_PB,D,20200402,000000,4.5387,4.5387,4.5387,4.5387,0,0
KPI_PB,D,20200403,000000,4.5387,4.5387,4.5387,4.5387,0,0
KPI_PB,D,20200406,000000,4.5387,4.5387,4.5387,4.5387,0,0
KPI_PB,D,20200407,000000,4.5387,4.5387,4.5387,4.5387,0,0
KPI_PB,D,20200408,000000,4.5387,4.5387,4.5387,4.5387,0,0
KPI_PB,D,20200409,000000,4.5387,4.5387,4.5387,4.5387,0,0
KPI_PB,D,20200414,000000,4.5387,4.5387,4.5387,4.5387,0,0
KPI_PB,D,20200415,000000,4.5387,4.5387,4.5387,4.5387,0,0
KPI_PB,D,20200416,000000,4.5387,4.5387,4.5387,4.5387,0,0
KPI_PB,D,20200417,000000,4.5387,4.5387,4.5387,4.5387,0,0
KPI_PB,D,20200420,000000,4.5387,4.5387,4.5387,4.5387,0,0
KPI_PB,D,20200421,000000,4.5387,4.5387,4.5387,4.5387,0,0
KPI_PB,D,20200422,000000,4.5387,4.5387,4.5387,4.5387,0,0
KPI_PB,D,20200423,000000,4.37096,4.37096,4.37096,4.37096,0,0
KPI_PB,D,20200424,000000,4.04476,4.04476,3.84893,3.84893,0,0
KPI_PB,D,20200427,000000,4.2497,4.45473,3.6439,3.6439,0,0
KPI_PB,D,20200428,000000,4.04476,4.04476,4.04476,4.04476,0,0
KPI_PB,D,20200506,000000,3.90491,4.00738,3.90491,4.00738,0,0
KPI_PB,D,20200507,000000,3.92351,3.92351,3.86753,3.86753,0,0
KPI_PB,D,20200511,000000,3.84893,3.84893,3.84893,3.84893,0,0
KPI_PB,D,20200512,000000,3.84893,3.84893,3.78375,3.78375,0,0
KPI_PB,D,20200513,000000,3.78375,3.78375,3.78375,3.78375,0,0
KPI_PB,D,20200514,000000,3.78375,3.78375,3.78375,3.78375,0,0
KPI_PB,D,20200515,000000,3.76516,3.76516,3.6253,3.6253,0,0
KPI_PB,D,20200522,000000,3.57872,3.57872,3.57872,3.57872,0,0
KPI_PB,D,20200525,000000,3.54153,3.54153,3.54153,3.54153,0,0
KPI_PB,D,20200527,000000,3.46686,3.54153,3.37359,3.54153,0,0
KPI_PB,D,20200529,000000,3.57872,3.6253,3.57872,3.6253,0,0
KPI_PB,D,20200602,000000,3.50414,3.50414,3.48555,3.48555,0,0
KPI_PB,D,20200608,000000,2.46969,3.52274,2.46969,3.52274,0,0
KPI_PB,D,20200609,000000,3.3271,3.54153,3.3271,3.54153,0,0
KPI_PB,D,20200610,000000,3.50414,3.89561,3.3457,3.89561,0,0
KPI_PB,D,20200612,000000,3.59741,3.68119,3.59741,3.68119,0,0
KPI_PB,D,20200615,000000,3.68119,3.69978,3.68119,3.69978,0,0
KPI_PB,D,20200616,000000,3.73717,3.73717,3.73717,3.73717,0,0
KPI_PB,D,20200617,000000,3.71857,3.71857,3.71857,3.71857,0,0
KPI_PB,D,20200618,000000,3.71857,3.71857,3.50414,3.71857,0,0
KPI_PB,D,20200619,000000,3.56012,3.57872,3.50414,3.57872,0,0
KPI_PB,D,20200622,000000,3.54153,3.54153,3.48555,3.48555,0,0
KPI_PB,D,20200623,000000,3.50414,3.68119,3.50414,3.68119,0,0
KPI_PB,D,20200624,000000,3.68119,3.82104,3.54153,3.82104,0,0
KPI_PB,D,20200625,000000,3.82104,3.82104,3.82104,3.82104,0,0
KPI_PB,D,20200626,000000,3.82104,3.82104,3.69978,3.69978,0,0
KPI_PB,D,20200629,000000,3.85823,3.87702,3.85823,3.87702,0,0
KPI_PB,D,20200630,000000,3.9329,3.9329,3.69978,3.69978,0,0
KPI_PB,D,20200701,000000,3.69978,3.69978,3.69978,3.69978,0,0
KPI_PB,D,20200702,000000,3.85823,3.9329,3.85823,3.9329,0,0
KPI_PB,D,20200703,000000,3.97009,3.97009,3.85823,3.85823,0,0
KPI_PB,D,20200706,000000,3.85823,4.09135,3.82104,4.09135,0,0
KPI_PB,D,20200707,000000,4.09135,4.09135,4.09135,4.09135,0,0
KPI_PB,D,20200709,000000,4.00738,4.00738,3.97009,3.97009,0,0
KPI_PB,D,20200710,000000,3.9329,3.9329,3.9329,3.9329,0,0
KPI_PB,D,20200714,000000,3.9329,3.9329,3.9329,3.9329,0,0
KPI_PB,D,20200715,000000,3.9329,3.9329,3.9329,3.9329,0,0
KPI_PB,D,20200717,000000,4.04476,4.28699,4.04476,4.20321,0,0
KPI_PB,D,20200720,000000,4.16583,4.16583,4.16583,4.16583,0,0
KPI_PB,D,20200721,000000,4.43614,4.43614,4.43614,4.43614,0,0
KPI_PB,D,20200722,000000,4.39885,4.39885,4.39885,4.39885,0,0
KPI_PB,D,20200724,000000,4.39885,4.39885,4.39885,4.39885,0,0
KPI_PB,D,20200727,000000,3.89561,4.28699,3.89561,4.28699,0,0
KPI_PB,D,20200728,000000,4.32427,4.32427,4.32427,4.32427,0,0
KPI_PB,D,20200729,000000,4.36146,4.36146,4.36146,4.36146,0,0
KPI_PB,D,20200730,000000,4.43614,4.48272,4.28699,4.28699,0,0
KPI_PB,D,20200731,000000,4.2404,4.2404,4.16583,4.16583,0,0
KPI_PB,D,20200803,000000,4.09135,4.09135,4.00738,4.00738,0,0
KPI_PB,D,20200804,000000,3.9329,3.9329,3.89561,3.89561,0,0
KPI_PB,D,20200805,000000,3.87702,3.87702,3.87702,3.87702,0,0
KPI_PB,D,20200806,000000,3.89561,4.09135,3.89561,4.09135,0,0
KPI_PB,D,20200811,000000,4.12854,4.28699,4.12854,4.28699,0,0
KPI_PB,D,20200812,000000,4.28699,4.28699,4.00738,4.00738,0,0
KPI_PB,D,20200814,000000,3.97009,4.36146,3.89561,4.36146,0,0
KPI_PB,D,20200817,000000,4.36146,4.36146,4.33357,4.33357,0,0
KPI_PB,D,20200818,000000,4.06336,4.06336,4.06336,4.06336,0,0
KPI_PB,D,20200821,000000,4.18442,4.18442,4.18442,4.18442,0,0
KPI_PB,D,20200826,000000,4.02597,4.02597,4.02597,4.02597,0,0
KPI_PB,D,20200828,000000,3.86753,3.86753,3.86753,3.86753,0,0
KPI_PB,D,20200831,000000,3.83034,3.83034,3.83034,3.83034,0,0
KPI_PB,D,20200901,000000,3.83034,3.90491,3.07548,3.90491,0,0
KPI_PB,D,20200902,000000,3.9515,4.10065,3.9515,4.10065,0,0
KPI_PB,D,20200903,000000,4.10065,4.10065,4.10065,4.10065,0,0
KPI_PB,D,20200908,000000,4.10065,4.10065,4.10065,4.10065,0,0
KPI_PB,D,20200909,000000,3.90443,3.90443,3.90443,3.90443,0,0
KPI_PB,D,20200921,000000,3.90443,3.90443,3.61281,3.61281,0,0
KPI_PB,D,20200922,000000,3.61281,3.61281,3.51867,3.51867,0,0
KPI_PB,D,20200923,000000,3.51867,3.51867,3.41524,3.41524,0,0
KPI_PB,D,20200924,000000,3.51867,3.65039,3.51867,3.65039,0,0
KPI_PB,D,20200925,000000,3.66927,3.66927,3.66927,3.66927,0,0
KPI_PB,D,20200929,000000,3.71625,3.86685,3.71625,3.86685,0,0
KPI_PB,D,20201005,000000,3.86685,3.86685,3.86685,3.86685,0,0
KPI_PB,D,20201006,000000,3.75392,3.75392,3.75392,3.75392,0,0
KPI_PB,D,20201008,000000,3.71625,3.71625,3.71625,3.71625,0,0
KPI_PB,D,20201012,000000,3.66927,3.66927,3.66927,3.66927,0,0
KPI_PB,D,20201014,000000,3.71625,3.88564,3.71625,3.88564,0,0
KPI_PB,D,20201015,000000,3.88564,3.88564,3.88564,3.88564,0,0
KPI_PB,D,20201016,000000,3.88564,3.88564,3.88564,3.88564,0,0
KPI_PB,D,20201019,000000,3.88564,3.88564,3.88564,3.88564,0,0
KPI_PB,D,20201020,000000,3.88564,3.88564,3.88564,3.88564,0,0
KPI_PB,D,20201021,000000,3.88564,3.88564,3.88564,3.88564,0,0
KPI_PB,D,20201022,000000,3.88564,3.88564,3.88564,3.88564,0,0
KPI_PB,D,20201023,000000,3.88564,3.88564,3.88564,3.88564,0,0
KPI_PB,D,20201027,000000,3.65039,3.65039,3.65039,3.65039,0,0
KPI_PB,D,20201028,000000,3.61281,3.61281,3.59402,3.59402,0,0
KPI_PB,D,20201102,000000,3.61281,3.61281,3.3211,3.59402,0,0
KPI_PB,D,20201103,000000,3.33998,3.33998,3.33998,3.33998,0,0
KPI_PB,D,20201104,000000,3.17999,3.43402,3.17999,3.43402,0,0
KPI_PB,D,20201105,000000,3.45281,3.49988,3.45281,3.49988,0,0
KPI_PB,D,20201110,000000,3.49988,3.86685,3.49988,3.86685,0,0
KPI_PB,D,20201112,000000,3.61281,3.82917,3.61281,3.82917,0,0
KPI_PB,D,20201117,000000,3.75392,3.77271,3.75392,3.77271,0,0
KPI_PB,D,20201118,000000,3.53756,3.53756,3.53756,3.53756,0,0
KPI_PB,D,20201119,000000,3.53756,3.75392,3.53756,3.75392,0,0
KPI_PB,D,20201123,000000,3.53756,3.53756,3.53756,3.53756,0,0
KPI_PB,D,20201124,000000,3.53756,3.53756,3.53756,3.53756,0,0
KPI_PB,D,20201127,000000,3.27412,3.27412,3.27412,3.27412,0,0
KPI_PB,D,20201130,000000,3.27412,3.27412,3.0013,3.0013,0,0
KPI_PB,D,20201201,000000,3.53756,3.53756,3.53756,3.53756,0,0
KPI_PB,D,20201202,000000,3.53756,3.73513,3.53756,3.73513,0,0
KPI_PB,D,20201203,000000,3.68806,3.77271,3.68806,3.77271,0,0
KPI_PB,D,20201207,000000,3.75392,3.81039,3.75392,3.81039,0,0
KPI_PB,D,20201208,000000,3.81039,3.81039,3.77271,3.77271,0,0
KPI_PB,D,20201209,000000,3.77271,3.82917,3.77271,3.82917,0,0
KPI_PB,D,20201210,000000,4.13028,4.20553,4.13028,4.20553,0,0
KPI_PB,D,20201211,000000,4.36543,4.36543,4.36543,4.36543,0,0
KPI_PB,D,20201214,000000,4.36543,4.36543,4.36543,4.36543,0,0
KPI_PB,D,20201215,000000,4.09261,4.09261,3.6316,3.6316,0,0
KPI_PB,D,20201216,000000,3.6316,3.90443,3.6316,3.90443,0,0
KPI_PB,D,20201217,000000,3.6316,4.36543,3.6316,4.36543,0,0
KPI_PB,D,20201218,000000,3.86685,3.86685,3.86685,3.86685,0,0
KPI_PB,D,20210105,000000,3.82917,3.82917,3.6316,3.6316,0,0
KPI_PB,D,20210111,000000,3.82917,4.05503,3.82917,4.05503,0,0
KPI_PB,D,20210113,000000,4.09261,4.09261,4.05503,4.05503,0,0
KPI_PB,D,20210114,000000,3.82917,3.82917,3.82917,3.82917,0,0
KPI_PB,D,20210118,000000,3.82917,3.82917,3.05766,3.53756,0,0
KPI_PB,D,20210119,000000,3.82917,3.82917,3.82917,3.82917,0,0
KPI_PB,D,20210120,000000,3.82917,3.82917,3.25524,3.53756,0,0
KPI_PB,D,20210122,000000,3.34938,3.73513,3.34938,3.73513,0,0
KPI_PB,D,20210129,000000,3.53756,3.55635,3.34938,3.55635,0,0
KPI_PB,D,20210201,000000,3.73513,3.82917,3.73513,3.82917,0,0
KPI_PB,D,20210203,000000,3.73513,3.73513,3.73513,3.73513,0,0
KPI_PB,D,20210204,000000,3.82917,4.16786,3.33059,3.33059,0,0
KPI_PB,D,20210205,000000,3.34938,3.82917,3.33059,3.82917,0,0
KPI_PB,D,20210209,000000,3.73513,3.73513,3.53756,3.53756,0,0
KPI_PB,D,20210210,000000,3.53756,3.53756,3.34938,3.34938,0,0
KPI_PB,D,20210212,000000,3.36817,3.36817,3.34938,3.34938,0,0
KPI_PB,D,20210215,000000,3.57514,3.7916,3.57514,3.7916,0,0
KPI_PB,D,20210217,000000,3.53756,3.53756,3.51867,3.53756,0,0
KPI_PB,D,20210218,000000,3.53756,3.53756,3.21766,3.21766,0,0
KPI_PB,D,20210222,000000,3.23645,3.23645,3.23645,3.23645,0,0
KPI_PB,D,20210223,000000,3.21766,3.21766,3.19887,3.19887,0,0
KPI_PB,D,20210225,000000,3.21766,3.21766,3.21766,3.21766,0,0
KPI_PB,D,20210226,000000,3.35877,3.60342,3.35877,3.35877,0,0
KPI_PB,D,20210301,000000,3.23645,3.41524,3.23645,3.41524,0,0
KPI_PB,D,20210302,000000,3.41524,3.41524,3.41524,3.41524,0,0
KPI_PB,D,20210303,000000,3.41524,3.65039,3.41524,3.61281,0,0
KPI_PB,D,20210304,000000,3.37756,3.65039,3.29291,3.65039,0,0
KPI_PB,D,20210305,000000,3.65039,3.65039,3.56574,3.56574,0,0
KPI_PB,D,20210308,000000,3.56574,3.56574,3.56574,3.56574,0,0
KPI_PB,D,20210309,000000,3.72574,3.72574,3.72574,3.72574,0,0
KPI_PB,D,20210310,000000,3.56574,3.56574,3.56574,3.56574,0,0
KPI_PB,D,20210315,000000,3.4717,3.68806,3.4717,3.68806,0,0
KPI_PB,D,20210316,000000,3.4717,4.01735,3.4717,3.65039,0,0
KPI_PB,D,20210317,000000,3.72574,4.13028,3.72574,4.13028,0,0
KPI_PB,D,20210318,000000,4.01735,4.01735,3.65039,3.83857,0,0
KPI_PB,D,20210319,000000,3.76332,3.76332,3.76332,3.76332,0,0
KPI_PB,D,20210322,000000,3.80099,3.80099,3.76332,3.76332,0,0
KPI_PB,D,20210324,000000,3.83857,4.4219,3.83857,4.4219,0,0
KPI_PB,D,20210325,000000,3.9421,3.9421,3.9421,3.9421,0,0
KPI_PB,D,20210326,000000,4.34665,4.34665,4.05503,4.34665,0,0
KPI_PB,D,20210329,000000,4.20553,4.20553,4.20553,4.20553,0,0
KPI_PB,D,20210330,000000,4.05503,4.05503,4.05503,4.05503,0,0
KPI_PB,D,20210331,000000,3.9421,3.9421,3.9421,3.9421,0,0
KPI_PB,D,20210401,000000,3.9421,3.9421,3.9421,3.9421,0,0
KPI_PB,D,20210419,000000,4.20553,4.30897,4.09261,4.09261,0,0
KPI_PB,D,20210420,000000,4.09261,4.09261,3.9421,3.9421,0,0
KPI_PB,D,20210421,000000,3.83857,3.87624,3.83857,3.87624,0,0
KPI_PB,D,20210422,000000,3.83857,3.83857,3.61281,3.61281,0,0
KPI_PB,D,20210427,000000,3.61281,3.65039,3.61281,3.65039,0,0
KPI_PB,D,20210428,000000,3.65039,3.65039,3.65039,3.65039,0,0
KPI_PB,D,20210504,000000,3.65039,3.65039,3.65039,3.65039,0,0
KPI_PB,D,20210505,000000,3.87624,4.16786,3.87624,3.91382,0,0
KPI_PB,D,20210506,000000,3.9421,4.01735,3.9421,4.01735,0,0
KPI_PB,D,20210507,000000,3.83857,3.83857,3.83857,3.83857,0,0
KPI_PB,D,20210512,000000,3.65039,3.65039,3.65039,3.65039,0,0
KPI_PB,D,20210513,000000,3.76332,4.01735,3.76332,4.01735,0,0
KPI_PB,D,20210514,000000,4.01735,4.05503,4.01735,4.01735,0,0
KPI_PB,D,20210517,000000,4.01735,4.01735,4.01735,4.01735,0,0
KPI_PB,D,20210518,000000,3.80099,3.80099,3.80099,3.80099,0,0
KPI_PB,D,20210521,000000,3.91382,3.91382,3.86685,3.86685,0,0
KPI_PB,D,20210524,000000,3.97029,3.97029,3.97029,3.97029,0,0
KPI_PB,D,20210610,000000,3.75392,3.75392,3.53756,3.53756,0,0
KPI_PB,D,20210611,000000,3.67867,3.67867,3.67867,3.67867,0,0
KPI_PB,D,20210621,000000,3.43402,3.43402,3.24584,3.41524,0,0
KPI_PB,D,20210622,000000,3.24584,3.24584,2.88837,2.88837,0,0
KPI_PB,D,20210623,000000,2.88837,2.88837,2.88837,2.88837,0,0
KPI_PB,D,20210625,000000,3.02948,3.02948,2.83191,2.83191,0,0
KPI_PB,D,20210628,000000,2.83191,2.83191,2.83191,2.83191,0,0
KPI_PB,D,20210630,000000,2.83191,2.83191,2.79423,2.79423,0,0
KPI_PB,D,20210701,000000,2.70958,2.70958,2.70958,2.70958,0,0
KPI_PB,D,20210702,000000,2.67201,2.67201,2.67201,2.67201,0,0
KPI_PB,D,20210705,000000,2.61554,2.61554,2.35211,2.5308,0,0
KPI_PB,D,20210706,000000,2.60528,2.60528,2.60528,2.60528,0,0
KPI_PB,D,20210707,000000,2.56654,2.67307,2.42126,2.42126,0,0
KPI_PB,D,20210708,000000,2.48906,2.48906,2.48906,2.48906,0,0
KPI_PB,D,20210709,000000,2.5278,2.63433,2.5278,2.63433,0,0
KPI_PB,D,20210712,000000,2.63433,2.63433,2.48906,2.48906,0,0
KPI_PB,D,20210713,000000,2.38252,2.38252,2.38252,2.38252,0,0
KPI_PB,D,20210715,000000,2.42126,2.42126,2.42126,2.42126,0,0
KPI_PB,D,20210716,000000,2.45031,2.45031,2.45031,2.45031,0,0
KPI_PB,D,20210719,000000,2.32441,2.42126,2.04354,2.42126,0,0
KPI_PB,D,20210720,000000,2.42126,2.60528,2.42126,2.48906,0,0
KPI_PB,D,20210721,000000,2.30504,2.32441,2.30504,2.32441,0,0
KPI_PB,D,20210722,000000,2.42126,2.48906,2.42126,2.48906,0,0
KPI_PB,D,20210723,000000,2.48906,2.48906,2.48906,2.48906,0,0
KPI_PB,D,20210726,000000,2.42126,2.42126,2.14039,2.32441,0,0
KPI_PB,D,20210727,000000,2.32441,2.60528,2.32441,2.42126,0,0
KPI_PB,D,20210728,000000,2.42126,2.42126,2.42126,2.42126,0,0
KPI_PB,D,20210729,000000,2.40189,2.60528,2.16945,2.42126,0,0
KPI_PB,D,20210730,000000,2.42126,2.89583,2.42126,2.78929,0,0
KPI_PB,D,20210802,000000,2.89583,2.9152,2.5278,2.9152,0,0
KPI_PB,D,20210804,000000,2.87646,2.87646,2.60528,2.86677,0,0
KPI_PB,D,20210805,000000,2.56654,2.86677,2.5278,2.86677,0,0
KPI_PB,D,20210810,000000,2.54717,2.54717,2.50843,2.50843,0,0
KPI_PB,D,20210818,000000,2.46969,2.89583,2.45031,2.89583,0,0
KPI_PB,D,20210819,000000,2.87646,2.87646,2.87646,2.87646,0,0
KPI_PB,D,20210820,000000,2.87646,2.87646,2.87646,2.87646,0,0
KPI_PB,D,20210825,000000,2.75055,2.76992,2.58591,2.76992,0,0
KPI_PB,D,20210826,000000,2.62465,2.62465,2.62465,2.62465,0,0
KPI_PB,D,20210830,000000,2.7215,3.12827,2.7215,3.12827,0,0
KPI_PB,D,20210831,000000,2.62465,2.62465,2.62465,2.62465,0,0
KPI_PB,D,20210901,000000,3.05079,3.05079,3.05079,3.05079,0,0
KPI_PB,D,20210902,000000,3.05079,3.05079,3.05079,3.05079,0,0
KPI_PB,D,20210903,000000,2.82803,3.77717,2.82803,3.18638,0,0
KPI_PB,D,20210906,000000,3.71906,3.71906,3.63189,3.63189,0,0
KPI_PB,D,20210907,000000,3.63189,3.63189,3.63189,3.63189,0,0
KPI_PB,D,20210908,000000,3.61252,3.61252,2.92488,3.59315,0,0
KPI_PB,D,20210909,000000,3.59315,3.59315,3.59315,3.59315,0,0
KPI_PB,D,20210910,000000,3.55441,3.55441,3.55441,3.55441,0,0
KPI_PB,D,20210913,000000,3.55441,3.55441,3.55441,3.55441,0,0
KPI_PB,D,20210914,000000,3.55441,3.55441,3.55441,3.55441,0,0
KPI_PB,D,20210915,000000,3.55441,3.55441,3.55441,3.55441,0,0
KPI_PB,D,20210916,000000,3.55441,3.55441,3.55441,3.55441,0,0
KPI_PB,D,20210920,000000,3.20575,3.20575,3.01205,3.01205,0,0
KPI_PB,D,20210921,000000,2.92488,3.20575,2.86677,2.86677,0,0
KPI_PB,D,20210923,000000,2.8474,2.8474,2.8474,2.8474,0,0
KPI_PB,D,20210924,000000,2.82803,2.82803,2.82803,2.82803,0,0
KPI_PB,D,20210930,000000,2.62465,2.82803,2.62465,2.82803,0,0
KPI_PB,D,20211001,000000,2.82803,2.82803,2.82803,2.82803,0,0
KPI_PB,D,20211007,000000,2.94425,2.94425,2.94425,2.94425,0,0
KPI_PB,D,20211012,000000,2.94425,2.94425,2.94425,2.94425,0,0
KPI_PB,D,20211013,000000,2.76992,2.76992,2.76992,2.76992,0,0
KPI_PB,D,20211015,000000,2.82803,2.82803,2.78929,2.78929,0,0
KPI_PB,D,20211022,000000,2.76992,2.76992,2.76992,2.76992,0,0
KPI_PB,D,20211026,000000,2.76992,2.76992,2.76992,2.76992,0,0
KPI_PB,D,20211029,000000,2.76992,2.76992,2.76992,2.76992,0,0
KPI_PB,D,20211102,000000,2.80866,2.80866,2.80866,2.80866,0,0
KPI_PB,D,20211104,000000,2.60528,2.60528,2.60528,2.60528,0,0
KPI_PB,D,20211109,000000,2.60528,2.60528,2.5278,2.5278,0,0
KPI_PB,D,20211110,000000,2.5278,2.5278,2.5278,2.5278,0,0
KPI_PB,D,20211116,000000,2.68276,2.68276,2.68276,2.68276,0,0
KPI_PB,D,20211117,000000,2.68276,2.68276,2.68276,2.68276,0,0
KPI_PB,D,20211118,000000,2.5278,2.5278,2.5278,2.5278,0,0
KPI_PB,D,20211119,000000,2.44063,2.44063,2.42126,2.42126,0,0
KPI_PB,D,20211122,000000,2.32441,2.32441,2.21787,2.21787,0,0
KPI_PB,D,20211123,000000,2.23724,2.23724,2.21787,2.21787,0,0
KPI_PB,D,20211124,000000,2.12102,2.12102,2.12102,2.12102,0,0
KPI_PB,D,20211125,000000,2.32441,2.68276,2.32441,2.68276,0,0
KPI_PB,D,20211126,000000,2.66339,2.68276,2.66339,2.68276,0,0
KPI_PB,D,20211129,000000,2.68276,2.68276,2.37283,2.37283,0,0
KPI_PB,D,20211201,000000,2.18882,2.18882,2.16945,2.16945,0,0
KPI_PB,D,20211202,000000,2.37283,2.54717,2.37283,2.54717,0,0
KPI_PB,D,20211206,000000,2.47937,2.56654,2.47937,2.56654,0,0
KPI_PB,D,20211207,000000,2.56654,2.56654,2.56654,2.56654,0,0
KPI_PB,D,20211208,000000,2.54717,2.56654,2.54717,2.56654,0,0
KPI_PB,D,20211209,000000,2.44063,2.56654,2.37283,2.56654,0,0
KPI_PB,D,20211210,000000,2.3922,2.3922,2.37283,2.37283,0,0
KPI_PB,D,20211213,000000,2.3922,2.3922,2.3922,2.3922,0,0
KPI_PB,D,20211214,000000,2.3922,2.56654,2.3922,2.56654,0,0
KPI_PB,D,20211215,000000,2.3922,2.49874,2.34378,2.49874,0,0
KPI_PB,D,20211216,000000,2.32441,2.51811,2.32441,2.32441,0,0
KPI_PB,D,20211221,000000,2.36315,2.36315,2.36315,2.36315,0,0
KPI_PB,D,20211228,000000,2.20819,2.36315,2.20819,2.36315,0,0
KPI_PB,D,20211229,000000,2.36315,2.53748,2.34378,2.34378,0,0
KPI_PB,D,20211230,000000,2.32441,2.32441,2.32441,2.32441,0,0
KPI_PB,D,20220103,000000,2.51811,2.51811,2.36315,2.49874,0,0
KPI_PB,D,20220104,000000,2.49874,3.08953,2.49874,3.07016,0,0
KPI_PB,D,20220105,000000,3.07016,3.43819,3.07016,3.43819,0,0
KPI_PB,D,20220107,000000,3.41882,3.41882,3.41882,3.41882,0,0
KPI_PB,D,20220110,000000,3.41882,3.41882,3.24449,3.41882,0,0
KPI_PB,D,20220111,000000,3.34134,3.41882,3.24449,3.41882,0,0
KPI_PB,D,20220112,000000,3.32197,3.41882,3.05079,3.41882,0,0
KPI_PB,D,20220113,000000,2.86677,3.41882,2.86677,3.41882,0,0
KPI_PB,D,20220117,000000,3.24449,3.41882,3.24449,3.41882,0,0
KPI_PB,D,20220118,000000,3.41882,3.43819,3.41882,3.43819,0,0
KPI_PB,D,20220120,000000,3.24449,3.43819,3.24449,3.43819,0,0
KPI_PB,D,20220124,000000,3.20575,3.20575,3.20575,3.20575,0,0
KPI_PB,D,20220127,000000,3.05079,3.05079,2.46,2.46,0,0
KPI_PB,D,20220128,000000,2.44063,2.44063,2.44063,2.44063,0,0
KPI_PB,D,20220131,000000,2.44063,2.47937,2.36315,2.47937,0,0
KPI_PB,D,20220201,000000,2.46,2.46,2.46,2.46,0,0
KPI_PB,D,20220202,000000,2.34378,2.67307,2.34378,2.67307,0,0
KPI_PB,D,20220203,000000,2.87646,3.02173,2.6537,2.82803,0,0
KPI_PB,D,20220204,000000,2.8474,3.22512,2.82803,2.8474,0,0
KPI_PB,D,20220207,000000,2.97331,3.16701,2.70213,2.70213,0,0
KPI_PB,D,20220208,000000,2.7215,2.97331,2.70213,2.97331,0,0
KPI_PB,D,20220209,000000,2.70213,2.97331,2.70213,2.97331,0,0
KPI_PB,D,20220210,000000,2.70213,2.70213,2.70213,2.70213,0,0
KPI_PB,D,20220211,000000,2.70213,2.76024,2.56654,2.56654,0,0
KPI_PB,D,20220214,000000,2.56654,2.56654,2.37283,2.37283,0,0
KPI_PB,D,20220215,000000,2.41157,2.41157,2.37283,2.41157,0,0
KPI_PB,D,20220216,000000,2.41157,2.41157,2.41157,2.41157,0,0
KPI_PB,D,20220217,000000,2.41157,2.41157,2.41157,2.41157,0,0
KPI_PB,D,20220218,000000,2.56654,3.07016,2.56654,3.07016,0,0
KPI_PB,D,20220221,000000,3.05079,4.52291,3.05079,4.52291,0,0
KPI_PB,D,20220222,000000,4.52291,4.56165,4.48417,4.48417,0,0
KPI_PB,D,20220223,000000,4.52291,5.10402,4.25173,5.02654,0,0
KPI_PB,D,20220224,000000,4.29047,4.9878,2.93457,3.98055,0,0
KPI_PB,D,20220225,000000,4.17425,4.17425,3.86433,4.05803,0,0
KPI_PB,D,20220228,000000,4.05803,4.87157,4.05803,4.87157,0,0
KPI_PB,D,20220301,000000,4.32921,4.79409,3.86433,4.40669,0,0
KPI_PB,D,20220302,000000,4.36795,4.63913,3.39945,3.39945,0,0
KPI_PB,D,20220303,000000,3.39945,4.63913,3.39945,4.44543,0,0
KPI_PB,D,20220304,000000,4.48417,4.48417,4.48417,4.48417,0,0
KPI_PB,D,20220307,000000,4.83283,4.83283,4.25173,4.56165,0,0
KPI_PB,D,20220308,000000,4.60039,4.60039,4.60039,4.60039,0,0
KPI_PB,D,20220309,000000,4.63913,4.63913,4.44543,4.63913,0,0
KPI_PB,D,20220310,000000,4.63913,4.63913,4.44543,4.56165,0,0
KPI_PB,D,20220311,000000,4.63913,4.83283,4.63913,4.83283,0,0
KPI_PB,D,20220314,000000,4.83283,4.83283,4.44543,4.44543,0,0
KPI_PB,D,20220315,000000,4.25173,4.56165,4.25173,4.56165,0,0
KPI_PB,D,20220317,000000,4.56165,4.67787,4.56165,4.67787,0,0
KPI_PB,D,20220318,000000,4.44543,4.67787,3.47693,3.65126,0,0
KPI_PB,D,20220321,000000,3.94181,3.94181,3.26386,3.65126,0,0
KPI_PB,D,20220322,000000,3.26386,3.26386,3.18638,3.18638,0,0
KPI_PB,D,20220323,000000,3.20575,3.20575,2.9152,2.9152,0,0
KPI_PB,D,20220324,000000,3.08953,3.16701,2.79898,2.79898,0,0
KPI_PB,D,20220325,000000,2.89583,3.22512,2.60528,2.76992,0,0
KPI_PB,D,20220328,000000,2.7215,2.7215,2.47937,2.70213,0,0
KPI_PB,D,20220329,000000,2.7215,2.7215,2.45031,2.70213,0,0
KPI_PB,D,20220330,000000,2.62465,2.62465,2.53748,2.53748,0,0
KPI_PB,D,20220331,000000,2.45031,2.62465,2.43094,2.62465,0,0
KPI_PB,D,20220401,000000,2.62465,2.68276,2.62465,2.68276,0,0
KPI_PB,D,20220404,000000,2.35346,2.70213,2.35346,2.70213,0,0
KPI_PB,D,20220406,000000,2.43094,2.68276,2.43094,2.68276,0,0
KPI_PB,D,20220407,000000,2.68276,2.7215,2.53748,2.7215,0,0
KPI_PB,D,20220408,000000,2.78929,2.88614,2.78929,2.88614,0,0
KPI_PB,D,20220411,000000,2.62465,2.80866,2.57622,2.80866,0,0
KPI_PB,D,20220412,000000,2.57622,2.88614,2.55685,2.88614,0,0
KPI_PB,D,20220413,000000,3.15732,3.15732,3.15732,3.15732,0,0
KPI_PB,D,20220414,000000,2.88614,3.11858,2.7215,2.7215,0,0
KPI_PB,D,20220419,000000,3.11858,3.11858,3.11858,3.11858,0,0
KPI_PB,D,20220421,000000,3.06047,3.06047,3.06047,3.06047,0,0
KPI_PB,D,20220422,000000,2.64402,3.09921,2.64402,2.64402,0,0
KPI_PB,D,20220425,000000,2.66339,2.97331,2.66339,2.97331,0,0
KPI_PB,D,20220426,000000,2.95394,2.95394,2.66339,2.66339,0,0
KPI_PB,D,20220427,000000,2.55685,2.74087,2.55685,2.74087,0,0
KPI_PB,D,20220428,000000,2.53748,2.75055,2.53748,2.75055,0,0
KPI_PB,D,20220429,000000,2.43094,2.68276,2.43094,2.68276,0,0
KPI_PB,D,20220502,000000,2.30504,2.74087,2.30504,2.74087,0,0
KPI_PB,D,20220504,000000,2.74087,2.74087,2.74087,2.74087,0,0
KPI_PB,D,20220505,000000,2.68276,2.68276,2.68276,2.68276,0,0
KPI_PB,D,20220506,000000,2.41157,2.62465,2.41157,2.62465,0,0
KPI_PB,D,20220509,000000,2.62465,2.62465,2.57622,2.57622,0,0
KPI_PB,D,20220510,000000,2.68276,2.68276,2.68276,2.68276,0,0
KPI_PB,D,20220511,000000,2.30504,2.43094,2.30504,2.43094,0,0
KPI_PB,D,20220512,000000,2.2663,2.2663,2.2663,2.2663,0,0
KPI_PB,D,20220513,000000,2.30504,2.45031,2.28567,2.45031,0,0
KPI_PB,D,20220516,000000,2.43094,2.76992,2.43094,2.76992,0,0
KPI_PB,D,20220517,000000,2.70213,2.70213,2.70213,2.70213,0,0
KPI_PB,D,20220518,000000,2.76992,2.80866,2.35346,2.35346,0,0
KPI_PB,D,20220519,000000,2.53748,2.53748,2.53748,2.53748,0,0
KPI_PB,D,20220525,000000,2.3922,2.3922,2.35346,2.35346,0,0
KPI_PB,D,20220526,000000,2.35346,2.35346,2.35346,2.35346,0,0
KPI_PB,D,20220602,000000,2.2663,2.2663,2.2663,2.2663,0,0
KPI_PB,D,20220603,000000,2.2663,2.57622,2.24693,2.49874,0,0
KPI_PB,D,20220606,000000,2.49874,2.51811,2.21787,2.21787,0,0
KPI_PB,D,20220607,000000,2.43094,2.43094,2.43094,2.43094,0,0
KPI_PB,D,20220608,000000,2.25661,2.35346,2.02417,2.35346,0,0
KPI_PB,D,20220609,000000,2.28567,2.28567,2.0726,2.0726,0,0
KPI_PB,D,20220610,000000,2.0726,2.09197,1.93701,1.95638,0,0
KPI_PB,D,20220613,000000,1.95638,1.98543,1.8111,1.8111,0,0
KPI_PB,D,20220614,000000,1.83047,1.83047,1.76268,1.76268,0,0
KPI_PB,D,20220620,000000,1.89827,1.91764,1.89827,1.89827,0,0
KPI_PB,D,20220621,000000,1.89827,1.89827,1.89827,1.89827,0,0
KPI_PB,D,20220622,000000,1.83047,1.83047,1.83047,1.83047,0,0
KPI_PB,D,20220623,000000,1.91764,1.91764,1.91764,1.91764,0,0
KPI_PB,D,20220627,000000,1.85953,1.85953,1.85953,1.85953,0,0
KPI_PB,D,20220628,000000,1.91764,2.23724,1.91764,2.23724,0,0
KPI_PB,D,20220629,000000,2.47,2.47,2,2,0,0
KPI_PB,D,20220630,000000,2.27,2.31,2,2.31,0,0
KPI_PB,D,20220701,000000,2.23,2.23,2.23,2.23,0,0
KPI_PB,D,20220704,000000,2.23,2.23,2.23,2.23,0,0
KPI_PB,D,20220705,000000,2.23,2.23,2.23,2.23,0,0
KPI_PB,D,20220706,000000,2.22,2.22,2.22,2.22,0,0
KPI_PB,D,20220707,000000,2.02,2.16,2,2.16,0,0
KPI_PB,D,20220708,000000,2.13,2.38,2.13,2.38,0,0
KPI_PB,D,20220711,000000,2.38,2.58,2.38,2.58,0,0
KPI_PB,D,20220712,000000,2.58,2.6,2.58,2.6,0,0
KPI_PB,D,20220715,000000,2.58,2.6,2.58,2.6,0,0
KPI_PB,D,20220719,000000,2.29,2.4,2.29,2.4,0,0
KPI_PB,D,20220720,000000,2.29,2.56,2.22,2.45,0,0
KPI_PB,D,20220727,000000,2.36,2.36,2.36,2.36,0,0
KPI_PB,D,20220728,000000,2.51,2.51,2.51,2.51,0,0
KPI_PB,D,20220729,000000,2.36,2.51,2,2.51,0,0
KPI_PB,D,20220801,000000,2.22,2.51,2.22,2.51,0,0
KPI_PB,D,20220802,000000,2.25,2.51,2.25,2.5,0,0
KPI_PB,D,20220804,000000,2.35,2.35,2.35,2.35,0,0
KPI_PB,D,20220805,000000,2.34,2.53,2.34,2.53,0,0
KPI_PB,D,20220810,000000,2.35,2.53,2.19,2.53,0,0
KPI_PB,D,20220811,000000,2.53,2.53,2.53,2.53,0,0
KPI_PB,D,20220824,000000,2.53,2.53,2.53,2.53,0,0
KPI_PB,D,20220826,000000,2.44,2.53,2.44,2.53,0,0
KPI_PB,D,20220829,000000,2.35,2.53,2.35,2.53,0,0
KPI_PB,D,20220830,000000,2.44,2.5,2.44,2.5,0,0
KPI_PB,D,20220831,000000,2.26,2.5,2.26,2.5,0,0
