<TICKER>,<PER>,<DATE>,<TIME>,<OPEN>,<HIGH>,<LOW>,<CLOSE>,<VOL>,<OPENINT>
MLT_PB,D,20190626,000000,10.12,10.12,10.12,10.12,0,0
MLT_PB,D,20190627,000000,10.2,10.5,9.4,9.5,0,0
MLT_PB,D,20190628,000000,9.6,9.6,8.57,8.6,0,0
MLT_PB,D,20190701,000000,8.37,9.67,8.37,8.8,0,0
MLT_PB,D,20190702,000000,8.93,9.13,8.67,8.99,0,0
MLT_PB,D,20190703,000000,8.67,9.33,8.27,8.99,0,0
MLT_PB,D,20190704,000000,8.6,8.67,8.6,8.63,0,0
MLT_PB,D,20190705,000000,8.87,9,8.6,9,0,0
MLT_PB,D,20190708,000000,9.07,9.2,9,9.17,0,0
MLT_PB,D,20190709,000000,9.17,9.17,8.67,8.67,0,0
MLT_PB,D,20190710,000000,8.47,8.93,8.33,8.93,0,0
MLT_PB,D,20190711,000000,8.97,9.33,8.97,9.23,0,0
MLT_PB,D,20190712,000000,9.31,10,9.31,10,0,0
MLT_PB,D,20190715,000000,10,13.07,10,12.53,0,0
MLT_PB,D,20190716,000000,12.7,14.17,12.57,13.07,0,0
MLT_PB,D,20190717,000000,13.07,13.9,12.87,13.17,0,0
MLT_PB,D,20190718,000000,13.6,13.6,12.41,13,0,0
MLT_PB,D,20190719,000000,12.97,13,11.97,12.43,0,0
MLT_PB,D,20190722,000000,12.97,12.97,12.2,12.67,0,0
MLT_PB,D,20190723,000000,12.73,12.73,12.17,12.57,0,0
MLT_PB,D,20190724,000000,12.5,12.5,12.03,12.37,0,0
MLT_PB,D,20190725,000000,12,12.7,12,12.2,0,0
MLT_PB,D,20190726,000000,12.32,16.53,12.32,14.6,0,0
MLT_PB,D,20190729,000000,15,18.27,15,17.99,0,0
MLT_PB,D,20190730,000000,18.67,26.87,18.67,22.17,0,0
MLT_PB,D,20190731,000000,22.57,25.07,20.83,24,0,0
MLT_PB,D,20190801,000000,24.59,25.63,22.1,22.67,0,0
MLT_PB,D,20190802,000000,22.33,23.67,20.93,22.67,0,0
MLT_PB,D,20190805,000000,22,23,18.89,18.89,0,0
MLT_PB,D,20190806,000000,18.6,23.63,18.6,23.16,0,0
MLT_PB,D,20190807,000000,23.26,24.33,18.7,20.83,0,0
MLT_PB,D,20190808,000000,20.03,22.27,19.67,21.03,0,0
MLT_PB,D,20190809,000000,20.73,22.67,20.33,20.67,0,0
MLT_PB,D,20190812,000000,19.03,23.9,18.5,23.9,0,0
MLT_PB,D,20190813,000000,22.84,25.85,22.84,23.52,0,0
MLT_PB,D,20190814,000000,25.17,25.17,22.97,24.39,0,0
MLT_PB,D,20190816,000000,24.35,24.35,22.8,22.8,0,0
MLT_PB,D,20190819,000000,23.31,25.68,23.25,24.45,0,0
MLT_PB,D,20190820,000000,24.45,26.57,24.28,25.42,0,0
MLT_PB,D,20190821,000000,25.85,27.75,25.85,26.23,0,0
MLT_PB,D,20190822,000000,26.95,26.95,25.42,26.61,0,0
MLT_PB,D,20190823,000000,25.85,26.44,24.92,25.42,0,0
MLT_PB,D,20190826,000000,25.34,25.34,23.94,25,0,0
MLT_PB,D,20190827,000000,25,28.35,25,26.69,0,0
MLT_PB,D,20190828,000000,26.53,27.75,24.8,24.8,0,0
MLT_PB,D,20190829,000000,24.62,25.38,24.6,25.38,0,0
MLT_PB,D,20190830,000000,24.58,26.61,23.35,25.08,0,0
MLT_PB,D,20190902,000000,25.21,25.42,23.94,24.19,0,0
MLT_PB,D,20190903,000000,25,25,23.52,23.52,0,0
MLT_PB,D,20190904,000000,23.39,24.53,23.39,23.74,0,0
MLT_PB,D,20190905,000000,23.74,24.15,22.03,23.73,0,0
MLT_PB,D,20190906,000000,23.73,25,23.73,24.15,0,0
MLT_PB,D,20190909,000000,24.99,26.65,24.36,25.42,0,0
MLT_PB,D,20190910,000000,25.42,25.42,24.58,24.58,0,0
MLT_PB,D,20190911,000000,24.58,25.42,23.81,25.42,0,0
MLT_PB,D,20190912,000000,25.42,25.42,24.62,25,0,0
MLT_PB,D,20190913,000000,24.62,25,23.86,24.19,0,0
MLT_PB,D,20190916,000000,24.15,25,23.73,25,0,0
MLT_PB,D,20190917,000000,25.17,25.17,24.41,24.41,0,0
MLT_PB,D,20190918,000000,24.41,25.17,24.41,24.92,0,0
MLT_PB,D,20190919,000000,24.19,25.42,24.15,25.17,0,0
MLT_PB,D,20190920,000000,25.17,25.17,24.36,24.96,0,0
MLT_PB,D,20190923,000000,25.42,25.42,24.49,24.58,0,0
MLT_PB,D,20190924,000000,25,25,24.15,25,0,0
MLT_PB,D,20190925,000000,24.87,24.87,23.98,23.98,0,0
MLT_PB,D,20190926,000000,23.9,23.98,21.53,23.71,0,0
MLT_PB,D,20190927,000000,23.73,23.73,22.46,23.31,0,0
MLT_PB,D,20190930,000000,21.82,23.73,21.4,22.46,0,0
MLT_PB,D,20191001,000000,21.61,22.45,21.44,22.45,0,0
MLT_PB,D,20191002,000000,22.46,22.67,21.44,21.44,0,0
MLT_PB,D,20191003,000000,21.61,21.99,20.97,20.97,0,0
MLT_PB,D,20191004,000000,21.61,21.61,18.81,19.7,0,0
MLT_PB,D,20191007,000000,19.7,21.61,17.63,21.61,0,0
MLT_PB,D,20191008,000000,20.97,21.99,20.97,21.99,0,0
MLT_PB,D,20191009,000000,21.99,22.03,21.99,21.99,0,0
MLT_PB,D,20191010,000000,21.99,21.99,21.99,21.99,0,0
MLT_PB,D,20191011,000000,21.41,21.41,21.41,21.41,0,0
MLT_PB,D,20191014,000000,20.34,21.82,20.34,20.76,0,0
MLT_PB,D,20191015,000000,19.96,21.99,19.96,21.99,0,0
MLT_PB,D,20191016,000000,21.19,21.61,21.19,21.61,0,0
MLT_PB,D,20191017,000000,20.76,21.19,20.34,21.19,0,0
MLT_PB,D,20191018,000000,20.76,21.86,20.55,21.86,0,0
MLT_PB,D,20191021,000000,21.82,21.82,21.4,21.4,0,0
MLT_PB,D,20191022,000000,20.59,21.19,20.34,20.97,0,0
MLT_PB,D,20191023,000000,20.13,21.14,19.92,20.76,0,0
MLT_PB,D,20191024,000000,19.92,19.92,19.92,19.92,0,0
MLT_PB,D,20191025,000000,19.58,20.04,19.49,20.04,0,0
MLT_PB,D,20191028,000000,19.11,20,19.11,20,0,0
MLT_PB,D,20191029,000000,19.7,19.7,18.81,18.81,0,0
MLT_PB,D,20191030,000000,18.64,19.28,18.64,18.64,0,0
MLT_PB,D,20191031,000000,18.26,18.26,18.26,18.26,0,0
MLT_PB,D,20191104,000000,19.28,19.28,18.43,19.07,0,0
MLT_PB,D,20191106,000000,19.28,19.28,17.84,18.86,0,0
MLT_PB,D,20191107,000000,17.88,18.22,15.51,17.8,0,0
MLT_PB,D,20191108,000000,17.37,18.6,17.37,18.6,0,0
MLT_PB,D,20191112,000000,16.95,22.34,16.53,22.34,0,0
MLT_PB,D,20191113,000000,21.28,21.38,21.28,21.38,0,0
MLT_PB,D,20191114,000000,21.38,21.38,20.48,21.38,0,0
MLT_PB,D,20191115,000000,19.68,19.68,16.01,16.93,0,0
MLT_PB,D,20191118,000000,17.55,17.55,16.49,17.55,0,0
MLT_PB,D,20191119,000000,18.09,18.62,18.09,18.56,0,0
MLT_PB,D,20191120,000000,17.82,20.16,17.82,20.16,0,0
MLT_PB,D,20191121,000000,21.01,21.01,18.83,19.79,0,0
MLT_PB,D,20191122,000000,19.47,19.95,17.29,17.82,0,0
MLT_PB,D,20191125,000000,17.82,19.1,17.82,18.88,0,0
MLT_PB,D,20191128,000000,18.88,18.88,18.56,18.88,0,0
MLT_PB,D,20191129,000000,18.99,18.99,18.99,18.99,0,0
MLT_PB,D,20191202,000000,19.1,19.15,17.02,17.02,0,0
MLT_PB,D,20191203,000000,16.81,16.81,15.53,16.49,0,0
MLT_PB,D,20191204,000000,16.47,16.49,15.85,16.49,0,0
MLT_PB,D,20191205,000000,16.49,17.02,16.38,16.49,0,0
MLT_PB,D,20191206,000000,16.49,16.49,16.49,16.49,0,0
MLT_PB,D,20191209,000000,17.02,18.03,17.02,17.23,0,0
MLT_PB,D,20191210,000000,17.02,17.02,17.02,17.02,0,0
MLT_PB,D,20191211,000000,17.02,17.02,15.85,15.85,0,0
MLT_PB,D,20191212,000000,17.02,18.51,16.49,18.09,0,0
MLT_PB,D,20191213,000000,18.09,18.09,18.09,18.09,0,0
MLT_PB,D,20191216,000000,17.55,17.55,15.85,16.49,0,0
MLT_PB,D,20191217,000000,16.02,16.02,16.02,16.02,0,0
MLT_PB,D,20191219,000000,16.02,17.02,15.96,17.02,0,0
MLT_PB,D,20191220,000000,17.02,17.02,17.02,17.02,0,0
MLT_PB,D,20191223,000000,16.49,17.34,16.49,17.34,0,0
MLT_PB,D,20191227,000000,17.02,17.02,17.02,17.02,0,0
MLT_PB,D,20191230,000000,17.02,17.29,17.02,17.02,0,0
MLT_PB,D,20200102,000000,17.34,20.74,17.34,18.3,0,0
MLT_PB,D,20200103,000000,18.3,18.35,18.3,18.3,0,0
MLT_PB,D,20200107,000000,18.62,18.62,18.09,18.09,0,0
MLT_PB,D,20200108,000000,18.62,18.62,18.09,18.09,0,0
MLT_PB,D,20200109,000000,18.09,22.34,18.09,22.34,0,0
MLT_PB,D,20200110,000000,22.77,26.06,22.77,25.96,0,0
MLT_PB,D,20200113,000000,25.96,25.96,21.81,23.94,0,0
MLT_PB,D,20200114,000000,22.87,22.87,21.81,21.81,0,0
MLT_PB,D,20200115,000000,21.81,22.77,21.81,22.77,0,0
MLT_PB,D,20200116,000000,22.61,22.87,22.61,22.87,0,0
MLT_PB,D,20200117,000000,21.81,21.81,21.81,21.81,0,0
MLT_PB,D,20200120,000000,21.81,21.81,21.81,21.81,0,0
MLT_PB,D,20200121,000000,21.81,22.55,21.81,22.55,0,0
MLT_PB,D,20200122,000000,21.28,22.55,21.28,22.55,0,0
MLT_PB,D,20200123,000000,22.55,22.55,22.07,22.07,0,0
MLT_PB,D,20200124,000000,22.07,22.07,20.32,21.8,0,0
MLT_PB,D,20200127,000000,21.81,22.34,21.81,21.81,0,0
MLT_PB,D,20200128,000000,21.81,21.97,21.28,21.97,0,0
MLT_PB,D,20200129,000000,21.81,21.81,21.81,21.81,0,0
MLT_PB,D,20200130,000000,21.38,21.81,21.38,21.81,0,0
MLT_PB,D,20200131,000000,21.28,22.07,21.28,22.07,0,0
MLT_PB,D,20200203,000000,21.38,22.07,21.06,22.07,0,0
MLT_PB,D,20200204,000000,21.06,21.28,20.21,21.28,0,0
MLT_PB,D,20200205,000000,21.28,23.4,21.28,22.34,0,0
MLT_PB,D,20200206,000000,21.81,21.81,21.81,21.81,0,0
MLT_PB,D,20200207,000000,21.81,22.34,21.81,22.34,0,0
MLT_PB,D,20200210,000000,21.54,22.34,21.28,22.34,0,0
MLT_PB,D,20200211,000000,22.34,22.34,21.28,21.28,0,0
MLT_PB,D,20200212,000000,22.61,23.62,22.23,22.87,0,0
MLT_PB,D,20200213,000000,23.19,23.4,22.5,23.14,0,0
MLT_PB,D,20200214,000000,23.03,23.14,23.03,23.14,0,0
MLT_PB,D,20200217,000000,22.87,22.87,22.5,22.77,0,0
MLT_PB,D,20200218,000000,22.77,22.77,21.28,21.44,0,0
MLT_PB,D,20200219,000000,21.81,23.4,21.81,23.3,0,0
MLT_PB,D,20200220,000000,23.3,23.4,23.3,23.35,0,0
MLT_PB,D,20200221,000000,23.3,23.35,22.87,22.87,0,0
MLT_PB,D,20200224,000000,22.87,22.87,21.81,21.81,0,0
MLT_PB,D,20200225,000000,21.28,21.28,18.94,19.15,0,0
MLT_PB,D,20200226,000000,19.57,21.01,18.62,18.83,0,0
MLT_PB,D,20200227,000000,19.36,19.41,19.2,19.41,0,0
MLT_PB,D,20200228,000000,19.2,19.2,18.09,18.09,0,0
MLT_PB,D,20200302,000000,18.19,19.04,18.19,18.88,0,0
MLT_PB,D,20200303,000000,18.88,19.68,18.51,18.51,0,0
MLT_PB,D,20200304,000000,18.51,19.36,17.55,19.36,0,0
MLT_PB,D,20200305,000000,18.09,18.62,17.71,17.71,0,0
MLT_PB,D,20200306,000000,18.62,18.62,18.62,18.62,0,0
MLT_PB,D,20200309,000000,17.71,17.71,14.26,15.11,0,0
MLT_PB,D,20200310,000000,15.53,16.49,15.53,15.8,0,0
MLT_PB,D,20200311,000000,15.96,15.96,13.83,15.96,0,0
MLT_PB,D,20200312,000000,15.8,15.8,14.36,14.36,0,0
MLT_PB,D,20200313,000000,13.83,13.83,13.3,13.3,0,0
MLT_PB,D,20200316,000000,11.76,13.56,11.76,12.77,0,0
MLT_PB,D,20200319,000000,13.83,16.49,13.83,16.49,0,0
MLT_PB,D,20200320,000000,17.02,18.62,14.89,14.89,0,0
MLT_PB,D,20200323,000000,16.76,18.09,15.96,15.96,0,0
MLT_PB,D,20200324,000000,18.09,19.01,15.37,19.01,0,0
MLT_PB,D,20200325,000000,20.39,20.39,20.39,20.39,0,0
MLT_PB,D,20200326,000000,19.74,23.03,19.74,21.38,0,0
MLT_PB,D,20200327,000000,20.79,21.05,19.08,19.08,0,0
MLT_PB,D,20200330,000000,19.14,19.14,18.95,18.95,0,0
MLT_PB,D,20200331,000000,19.08,19.47,19.08,19.21,0,0
MLT_PB,D,20200401,000000,19.28,19.28,19.28,19.28,0,0
MLT_PB,D,20200402,000000,19.14,20.92,19.14,20.92,0,0
MLT_PB,D,20200403,000000,19.74,19.74,16.45,19.61,0,0
MLT_PB,D,20200406,000000,19.74,23.68,19.61,23.68,0,0
MLT_PB,D,20200407,000000,23.68,27.63,23.68,24.87,0,0
MLT_PB,D,20200408,000000,24.87,25.66,21.38,23.36,0,0
MLT_PB,D,20200409,000000,23.36,24.34,22.83,23.68,0,0
MLT_PB,D,20200414,000000,23.55,23.68,22.37,23.68,0,0
MLT_PB,D,20200415,000000,23.03,23.03,19.93,19.93,0,0
MLT_PB,D,20200416,000000,21.05,21.05,20.07,20.39,0,0
MLT_PB,D,20200417,000000,20.79,20.79,19.93,19.93,0,0
MLT_PB,D,20200420,000000,20.13,25.99,20.13,23.03,0,0
MLT_PB,D,20200421,000000,23.03,23.36,22.37,22.37,0,0
MLT_PB,D,20200422,000000,22.04,22.11,20.39,21.71,0,0
MLT_PB,D,20200423,000000,22.11,24.93,22.11,23.68,0,0
MLT_PB,D,20200424,000000,23.68,23.82,21.71,23.42,0,0
MLT_PB,D,20200427,000000,22.04,28.82,22.04,25.2,0,0
MLT_PB,D,20200428,000000,25.39,26.25,25.39,25.66,0,0
MLT_PB,D,20200429,000000,25.66,28.03,25.66,25.66,0,0
MLT_PB,D,20200430,000000,25.33,25.33,23.68,25,0,0
MLT_PB,D,20200504,000000,24.93,28.22,24.93,28.03,0,0
MLT_PB,D,20200505,000000,28.62,33.42,28.62,31.25,0,0
MLT_PB,D,20200506,000000,32.57,32.57,28.95,29.93,0,0
MLT_PB,D,20200507,000000,28.95,28.95,27.63,28.95,0,0
MLT_PB,D,20200508,000000,29.34,30.13,29.34,30.13,0,0
MLT_PB,D,20200511,000000,28.95,28.95,26.97,28.95,0,0
MLT_PB,D,20200512,000000,28.22,28.29,27.96,27.96,0,0
MLT_PB,D,20200513,000000,27.96,27.96,27.96,27.96,0,0
MLT_PB,D,20200514,000000,28.29,28.29,24.87,24.87,0,0
MLT_PB,D,20200515,000000,26.32,27.63,26.32,26.97,0,0
MLT_PB,D,20200518,000000,23.03,26.97,23.03,26.32,0,0
MLT_PB,D,20200519,000000,26.32,26.97,26.32,26.97,0,0
MLT_PB,D,20200520,000000,26.32,28.29,26.32,26.97,0,0
MLT_PB,D,20200521,000000,27.04,27.04,25.66,26.32,0,0
MLT_PB,D,20200522,000000,26.32,28.29,26.32,28.29,0,0
MLT_PB,D,20200525,000000,27.63,30.59,27.63,29.93,0,0
MLT_PB,D,20200526,000000,30.26,30.92,14.33,14.33,0,0
MLT_PB,D,20200527,000000,14.3,14.3,13.41,13.41,0,0
MLT_PB,D,20200528,000000,13.72,13.72,13.41,13.41,0,0
MLT_PB,D,20200529,000000,13.11,13.41,12.26,13.41,0,0
MLT_PB,D,20200601,000000,13.41,13.78,13.11,13.26,0,0
MLT_PB,D,20200602,000000,12.8,13.32,12.8,13.32,0,0
MLT_PB,D,20200603,000000,13.72,14.33,13.32,13.32,0,0
MLT_PB,D,20200604,000000,13.41,13.41,13.11,13.41,0,0
MLT_PB,D,20200605,000000,12.96,13.41,12.56,13.41,0,0
MLT_PB,D,20200608,000000,13.41,13.41,13.41,13.41,0,0
MLT_PB,D,20200609,000000,13.11,13.11,12.65,12.8,0,0
MLT_PB,D,20200610,000000,12.84,13.41,12.8,12.96,0,0
MLT_PB,D,20200612,000000,12.87,12.87,12.8,12.8,0,0
MLT_PB,D,20200615,000000,12.44,13.41,12.44,13.41,0,0
MLT_PB,D,20200616,000000,13.41,13.41,12.53,13.41,0,0
MLT_PB,D,20200617,000000,13.41,13.41,12.65,12.8,0,0
MLT_PB,D,20200618,000000,12.5,12.8,12.2,12.2,0,0
MLT_PB,D,20200619,000000,12.93,12.93,12.93,12.93,0,0
MLT_PB,D,20200622,000000,12.8,12.8,12.77,12.77,0,0
MLT_PB,D,20200623,000000,12.23,14.02,12.23,13.41,0,0
MLT_PB,D,20200624,000000,13.51,13.51,12.8,13.26,0,0
MLT_PB,D,20200625,000000,13.41,13.41,13.41,13.41,0,0
MLT_PB,D,20200626,000000,13.11,13.11,13.11,13.11,0,0
MLT_PB,D,20200629,000000,12.84,13.11,12.84,13.11,0,0
MLT_PB,D,20200630,000000,13.41,13.66,13.41,13.66,0,0
MLT_PB,D,20200701,000000,13.72,13.72,13.41,13.51,0,0
MLT_PB,D,20200702,000000,13.57,13.78,13.57,13.57,0,0
MLT_PB,D,20200703,000000,13.41,13.72,13.11,13.72,0,0
MLT_PB,D,20200706,000000,14.27,19.82,14.27,18.78,0,0
MLT_PB,D,20200707,000000,19.82,19.82,17.38,19.27,0,0
MLT_PB,D,20200708,000000,18.9,21.95,17.38,20.37,0,0
MLT_PB,D,20200709,000000,21.28,22.44,18.9,19.82,0,0
MLT_PB,D,20200710,000000,19.51,19.51,18.29,18.78,0,0
MLT_PB,D,20200713,000000,18.78,19.82,18.78,19.82,0,0
MLT_PB,D,20200714,000000,19.76,19.76,18.29,18.6,0,0
MLT_PB,D,20200715,000000,18.6,19.21,17.8,18.6,0,0
MLT_PB,D,20200716,000000,18.29,19.21,17.74,19.21,0,0
MLT_PB,D,20200717,000000,19.21,19.57,18.72,19.21,0,0
MLT_PB,D,20200720,000000,19.09,19.09,17.38,17.99,0,0
MLT_PB,D,20200721,000000,18.05,18.05,16.46,16.77,0,0
MLT_PB,D,20200722,000000,17.2,18.6,17.2,18.41,0,0
MLT_PB,D,20200723,000000,18.72,18.84,17.07,17.07,0,0
MLT_PB,D,20200724,000000,17.26,17.26,15.09,16.16,0,0
MLT_PB,D,20200727,000000,15.73,16.77,15.09,16.77,0,0
MLT_PB,D,20200728,000000,16.16,16.46,15.55,16.46,0,0
MLT_PB,D,20200729,000000,16.46,16.46,16.34,16.34,0,0
MLT_PB,D,20200730,000000,16.16,16.16,14.94,14.94,0,0
MLT_PB,D,20200731,000000,15.24,15.55,14.33,15.55,0,0
MLT_PB,D,20200803,000000,15.24,16.89,14.94,15.55,0,0
MLT_PB,D,20200804,000000,16.1,17.26,16.1,17.26,0,0
MLT_PB,D,20200805,000000,17.26,17.99,16.16,16.46,0,0
MLT_PB,D,20200806,000000,16.46,17.38,16.22,17.38,0,0
MLT_PB,D,20200807,000000,17.38,17.38,17.07,17.26,0,0
MLT_PB,D,20200810,000000,17.38,17.87,17.07,17.87,0,0
MLT_PB,D,20200811,000000,16.77,16.77,15.85,16.77,0,0
MLT_PB,D,20200812,000000,16.16,16.65,15.91,16.65,0,0
MLT_PB,D,20200813,000000,16.16,17.56,16.16,17.07,0,0
MLT_PB,D,20200814,000000,16.77,17.07,16.28,17.07,0,0
MLT_PB,D,20200817,000000,16.28,17.68,16.28,17.68,0,0
MLT_PB,D,20200818,000000,17.56,17.62,16.77,17.62,0,0
MLT_PB,D,20200819,000000,17.56,19.51,16.89,17.38,0,0
MLT_PB,D,20200820,000000,17.38,18.23,17.38,18.23,0,0
MLT_PB,D,20200821,000000,18.23,19.21,18.05,18.05,0,0
MLT_PB,D,20200824,000000,18.9,19.09,17.99,18.29,0,0
MLT_PB,D,20200825,000000,18.9,19.51,18.9,19.51,0,0
MLT_PB,D,20200826,000000,20.18,20.43,19.82,20.12,0,0
MLT_PB,D,20200827,000000,20.37,20.37,20.12,20.12,0,0
MLT_PB,D,20200828,000000,20.3,20.3,19.51,19.76,0,0
MLT_PB,D,20200831,000000,19.82,20.43,19.51,20.06,0,0
MLT_PB,D,20200901,000000,20.12,20.12,18.29,19.82,0,0
MLT_PB,D,20200902,000000,19.82,19.82,17.99,18.6,0,0
MLT_PB,D,20200903,000000,18.6,18.6,18.6,18.6,0,0
MLT_PB,D,20200904,000000,17.44,18.6,17.44,18.48,0,0
MLT_PB,D,20200907,000000,18.29,19.51,17.07,19.51,0,0
MLT_PB,D,20200908,000000,17.38,18.29,16.46,17.26,0,0
MLT_PB,D,20200909,000000,16.22,17.68,16.22,17.68,0,0
MLT_PB,D,20200911,000000,16.52,18.29,16.52,18.29,0,0
MLT_PB,D,20200914,000000,17.68,17.68,17.68,17.68,0,0
MLT_PB,D,20200915,000000,17.68,17.68,17.68,17.68,0,0
MLT_PB,D,20200916,000000,18.29,19.21,18.29,18.29,0,0
MLT_PB,D,20200917,000000,18.29,19.15,18.29,19.15,0,0
MLT_PB,D,20200918,000000,19.15,19.15,18.29,18.29,0,0
MLT_PB,D,20200921,000000,18.29,18.29,18.29,18.29,0,0
MLT_PB,D,20200922,000000,18.29,18.29,18.29,18.29,0,0
MLT_PB,D,20200923,000000,17.68,17.68,17.38,17.38,0,0
MLT_PB,D,20200924,000000,16.77,16.77,16.77,16.77,0,0
MLT_PB,D,20200925,000000,16.71,17.38,16.22,16.77,0,0
MLT_PB,D,20200928,000000,17.56,18.29,17.38,18.29,0,0
MLT_PB,D,20200929,000000,18.29,18.6,17.8,18.6,0,0
MLT_PB,D,20200930,000000,18.6,18.6,17.68,18.29,0,0
MLT_PB,D,20201001,000000,17.68,17.68,17.68,17.68,0,0
MLT_PB,D,20201002,000000,17.68,17.68,17.44,17.68,0,0
MLT_PB,D,20201006,000000,17.68,19.21,17.44,18.9,0,0
MLT_PB,D,20201007,000000,17.99,19.82,16.46,19.82,0,0
MLT_PB,D,20201008,000000,18.6,19.82,18.6,19.82,0,0
MLT_PB,D,20201009,000000,19.51,19.51,19.51,19.51,0,0
MLT_PB,D,20201012,000000,18.6,19.51,18.29,18.9,0,0
MLT_PB,D,20201013,000000,18.9,18.9,18.6,18.6,0,0
MLT_PB,D,20201014,000000,18.9,19.21,18.9,19.21,0,0
MLT_PB,D,20201015,000000,18.29,18.29,17.38,17.99,0,0
MLT_PB,D,20201016,000000,17.99,18.29,17.99,18.29,0,0
MLT_PB,D,20201019,000000,18.29,19.51,18.29,19.21,0,0
MLT_PB,D,20201020,000000,18.9,19.21,18.66,18.78,0,0
MLT_PB,D,20201021,000000,19.21,19.21,18.78,18.9,0,0
MLT_PB,D,20201022,000000,18.9,19.51,18.9,18.9,0,0
MLT_PB,D,20201023,000000,19.21,19.82,19.21,19.82,0,0
MLT_PB,D,20201026,000000,19.51,19.82,18.9,19.82,0,0
MLT_PB,D,20201028,000000,19.82,19.82,18.29,18.29,0,0
MLT_PB,D,20201029,000000,18.23,18.23,18.23,18.23,0,0
MLT_PB,D,20201030,000000,17.38,17.38,16.83,16.83,0,0
MLT_PB,D,20201102,000000,17.07,17.68,17.07,17.68,0,0
MLT_PB,D,20201103,000000,17.07,19.12,17.07,19.12,0,0
MLT_PB,D,20201104,000000,19.12,19.38,19.12,19.38,0,0
MLT_PB,D,20201105,000000,19.38,20.12,19.38,20.12,0,0
MLT_PB,D,20201106,000000,19.79,19.79,19.45,19.45,0,0
MLT_PB,D,20201109,000000,19.45,20.12,19.45,20.12,0,0
MLT_PB,D,20201110,000000,20.12,20.12,20.12,20.12,0,0
MLT_PB,D,20201112,000000,20.12,20.12,20.12,20.12,0,0
MLT_PB,D,20201113,000000,19.45,20.46,19.45,20.46,0,0
MLT_PB,D,20201116,000000,21.13,21.13,20.46,21.13,0,0
MLT_PB,D,20201117,000000,20.46,20.79,20.46,20.46,0,0
MLT_PB,D,20201118,000000,20.46,20.46,8.67,8.67,0,0
MLT_PB,D,20201119,000000,8.24,8.67,8.24,8.39,0,0
MLT_PB,D,20201120,000000,8.39,8.39,8.39,8.39,0,0
MLT_PB,D,20201123,000000,8.53,8.67,7.96,8.53,0,0
MLT_PB,D,20201124,000000,8.53,8.53,8.53,8.53,0,0
MLT_PB,D,20201125,000000,8.53,8.53,8.53,8.53,0,0
MLT_PB,D,20201126,000000,8.53,8.53,8.53,8.53,0,0
MLT_PB,D,20201127,000000,8.39,8.39,8.39,8.39,0,0
MLT_PB,D,20201130,000000,8.24,8.24,8.24,8.24,0,0
MLT_PB,D,20201201,000000,8.24,8.24,8.24,8.24,0,0
MLT_PB,D,20201202,000000,8.24,8.24,8.1,8.1,0,0
MLT_PB,D,20201203,000000,8.53,8.53,8.5,8.5,0,0
MLT_PB,D,20201207,000000,8.39,8.53,8.1,8.53,0,0
MLT_PB,D,20201208,000000,8.24,8.53,7.82,8.53,0,0
MLT_PB,D,20201209,000000,8.64,8.64,8.24,8.24,0,0
MLT_PB,D,20201210,000000,8.3,8.47,7.99,7.99,0,0
MLT_PB,D,20201214,000000,7.96,8.39,7.96,8.33,0,0
MLT_PB,D,20201215,000000,8.36,8.36,8.36,8.36,0,0
MLT_PB,D,20201216,000000,8.02,8.36,8.02,8.36,0,0
MLT_PB,D,20201217,000000,7.99,8.36,7.99,8.36,0,0
MLT_PB,D,20201218,000000,7.96,8.33,7.25,8.27,0,0
MLT_PB,D,20201221,000000,7.96,7.96,7.82,7.96,0,0
MLT_PB,D,20201222,000000,7.53,7.93,7.53,7.93,0,0
MLT_PB,D,20201223,000000,7.93,8.5,7.93,8.5,0,0
MLT_PB,D,20201228,000000,7.96,8.44,7.82,8.24,0,0
MLT_PB,D,20201229,000000,8.1,8.1,7.82,8.1,0,0
MLT_PB,D,20201230,000000,8.24,8.24,8.1,8.21,0,0
MLT_PB,D,20210104,000000,8.24,8.24,8.1,8.24,0,0
MLT_PB,D,20210105,000000,8.39,9.1,8.39,8.53,0,0
MLT_PB,D,20210107,000000,8.53,8.67,8.27,8.27,0,0
MLT_PB,D,20210108,000000,8.67,8.9,8.53,8.56,0,0
MLT_PB,D,20210111,000000,8.53,8.87,8.27,8.87,0,0
MLT_PB,D,20210112,000000,8.73,8.73,8.19,8.53,0,0
MLT_PB,D,20210113,000000,8.5,8.5,8.5,8.5,0,0
MLT_PB,D,20210114,000000,8.27,8.47,7.82,8.13,0,0
MLT_PB,D,20210115,000000,7.87,8.19,7.33,7.76,0,0
MLT_PB,D,20210118,000000,7.39,7.7,7.11,7.22,0,0
MLT_PB,D,20210119,000000,7.19,7.22,6.68,7.22,0,0
MLT_PB,D,20210120,000000,7.11,7.11,6.54,6.96,0,0
MLT_PB,D,20210121,000000,6.96,7.11,6.74,6.74,0,0
MLT_PB,D,20210122,000000,7.11,7.19,6.85,7.16,0,0
MLT_PB,D,20210125,000000,7.19,7.22,6.82,7.11,0,0
MLT_PB,D,20210126,000000,7.01,7.02,6.82,6.82,0,0
MLT_PB,D,20210127,000000,6.85,6.85,6.41,6.82,0,0
MLT_PB,D,20210128,000000,6.81,6.82,6.79,6.82,0,0
MLT_PB,D,20210129,000000,6.42,7.03,6.4,7.03,0,0
MLT_PB,D,20210201,000000,6.54,6.81,6.41,6.81,0,0
MLT_PB,D,20210202,000000,6.47,6.81,6.47,6.81,0,0
MLT_PB,D,20210203,000000,6.82,6.96,6.82,6.89,0,0
MLT_PB,D,20210204,000000,6.82,7.33,6.82,7.11,0,0
MLT_PB,D,20210205,000000,6.82,7.11,6.82,7.11,0,0
MLT_PB,D,20210208,000000,7.11,7.11,6.69,7.08,0,0
MLT_PB,D,20210209,000000,6.72,7.02,6.72,6.98,0,0
MLT_PB,D,20210210,000000,7.01,7.01,6.68,6.94,0,0
MLT_PB,D,20210211,000000,6.68,7.09,6.68,7.03,0,0
MLT_PB,D,20210212,000000,7.11,7.11,6.29,6.29,0,0
MLT_PB,D,20210215,000000,6.32,6.82,6.32,6.81,0,0
MLT_PB,D,20210216,000000,6.81,7.08,6.81,6.96,0,0
MLT_PB,D,20210217,000000,6.68,7.06,6.68,7.03,0,0
MLT_PB,D,20210218,000000,7.03,7.06,7.03,7.06,0,0
MLT_PB,D,20210219,000000,7.08,7.08,6.71,6.82,0,0
MLT_PB,D,20210222,000000,6.68,6.82,6.54,6.82,0,0
MLT_PB,D,20210223,000000,6.82,6.82,6.59,6.75,0,0
MLT_PB,D,20210224,000000,6.68,6.68,6.54,6.54,0,0
MLT_PB,D,20210225,000000,6.47,6.54,6.14,6.54,0,0
MLT_PB,D,20210226,000000,6.2,6.54,6.2,6.4,0,0
MLT_PB,D,20210301,000000,6.54,6.54,6.48,6.54,0,0
MLT_PB,D,20210302,000000,6.54,6.82,6.54,6.81,0,0
MLT_PB,D,20210303,000000,6.81,6.82,6.27,6.81,0,0
MLT_PB,D,20210304,000000,6.4,6.4,6.28,6.4,0,0
MLT_PB,D,20210305,000000,6.4,6.68,6.4,6.68,0,0
MLT_PB,D,20210308,000000,6.66,6.68,6.66,6.68,0,0
MLT_PB,D,20210309,000000,6.25,6.65,6.25,6.4,0,0
MLT_PB,D,20210310,000000,6.05,6.4,6.05,6.4,0,0
MLT_PB,D,20210311,000000,6.1,6.4,5.68,5.97,0,0
MLT_PB,D,20210312,000000,5.68,6.25,5.54,5.68,0,0
MLT_PB,D,20210315,000000,5.97,6.82,5.97,6.18,0,0
MLT_PB,D,20210316,000000,6.54,6.68,6.04,6.68,0,0
MLT_PB,D,20210317,000000,6.68,6.89,6.25,6.65,0,0
MLT_PB,D,20210318,000000,6.59,6.65,6.59,6.65,0,0
MLT_PB,D,20210319,000000,6.25,6.89,5.97,6.47,0,0
MLT_PB,D,20210322,000000,6.47,6.47,5.97,6.4,0,0
MLT_PB,D,20210323,000000,5.97,6.72,5.97,6.72,0,0
MLT_PB,D,20210324,000000,6.66,6.66,6.66,6.66,0,0
MLT_PB,D,20210325,000000,6.72,6.72,6.41,6.72,0,0
MLT_PB,D,20210326,000000,6.75,6.78,6.41,6.78,0,0
MLT_PB,D,20210329,000000,6.56,6.78,6.56,6.78,0,0
MLT_PB,D,20210331,000000,6.78,6.78,6.78,6.78,0,0
MLT_PB,D,20210401,000000,6.78,6.88,6.78,6.88,0,0
MLT_PB,D,20210406,000000,6.88,6.88,6.88,6.88,0,0
MLT_PB,D,20210407,000000,6.88,6.88,6.41,6.72,0,0
MLT_PB,D,20210409,000000,6.36,6.7,6.36,6.7,0,0
MLT_PB,D,20210412,000000,6.7,6.7,6.26,6.7,0,0
MLT_PB,D,20210413,000000,6.67,6.67,6.67,6.67,0,0
MLT_PB,D,20210415,000000,6.25,6.63,6.25,6.56,0,0
MLT_PB,D,20210416,000000,6.56,6.66,6.25,6.66,0,0
MLT_PB,D,20210421,000000,6.33,6.88,6.11,6.64,0,0
MLT_PB,D,20210423,000000,6.25,6.63,6.09,6.63,0,0
MLT_PB,D,20210426,000000,6.41,6.56,6.41,6.56,0,0
MLT_PB,D,20210427,000000,6.25,6.58,6.25,6.58,0,0
MLT_PB,D,20210428,000000,6.25,6.41,5.94,6.38,0,0
MLT_PB,D,20210429,000000,6.09,6.39,6.09,6.39,0,0
MLT_PB,D,20210430,000000,6.39,6.41,6.39,6.41,0,0
MLT_PB,D,20210504,000000,6.41,6.41,6.09,6.25,0,0
MLT_PB,D,20210505,000000,6.25,6.56,6.25,6.56,0,0
MLT_PB,D,20210506,000000,6.72,6.72,6.41,6.41,0,0
MLT_PB,D,20210507,000000,6.25,6.41,5.8,6.41,0,0
MLT_PB,D,20210510,000000,6.17,6.88,6.09,6.88,0,0
MLT_PB,D,20210511,000000,6.25,6.88,6.25,6.41,0,0
MLT_PB,D,20210512,000000,6.41,6.41,6.09,6.09,0,0
MLT_PB,D,20210513,000000,6.25,6.25,6.25,6.25,0,0
MLT_PB,D,20210514,000000,5.94,6.03,5.8,5.94,0,0
MLT_PB,D,20210517,000000,6.09,6.25,5.78,6.25,0,0
MLT_PB,D,20210519,000000,6.25,6.38,6.25,6.25,0,0
MLT_PB,D,20210520,000000,6.38,6.77,6.25,6.77,0,0
MLT_PB,D,20210521,000000,6.61,6.77,6.61,6.77,0,0
MLT_PB,D,20210524,000000,6.61,6.77,6.61,6.77,0,0
MLT_PB,D,20210525,000000,6.61,6.61,6.44,6.44,0,0
MLT_PB,D,20210526,000000,6.28,6.28,5.4,5.95,0,0
MLT_PB,D,20210527,000000,5.95,6.18,5.95,6.11,0,0
MLT_PB,D,20210528,000000,6.11,6.13,5.62,6.11,0,0
MLT_PB,D,20210531,000000,6.14,6.16,6.14,6.16,0,0
MLT_PB,D,20210601,000000,6.44,6.44,6.28,6.42,0,0
MLT_PB,D,20210602,000000,6.41,6.41,6.41,6.41,0,0
MLT_PB,D,20210607,000000,6.29,6.41,6.29,6.41,0,0
MLT_PB,D,20210608,000000,6.42,6.42,6.38,6.42,0,0
MLT_PB,D,20210609,000000,6.42,6.44,6.36,6.44,0,0
MLT_PB,D,20210610,000000,6.44,6.44,6.36,6.44,0,0
MLT_PB,D,20210611,000000,6.36,6.44,6.28,6.28,0,0
MLT_PB,D,20210614,000000,6.28,6.44,5.86,6.44,0,0
MLT_PB,D,20210615,000000,6.44,6.44,6.36,6.44,0,0
MLT_PB,D,20210616,000000,6.44,6.44,6.44,6.44,0,0
MLT_PB,D,20210617,000000,6.44,6.44,6.44,6.44,0,0
MLT_PB,D,20210618,000000,6.44,6.44,6.44,6.44,0,0
MLT_PB,D,20210621,000000,6.38,6.44,6.28,6.44,0,0
MLT_PB,D,20210622,000000,6.42,6.42,6.42,6.42,0,0
MLT_PB,D,20210623,000000,6.44,6.44,6.18,6.18,0,0
MLT_PB,D,20210624,000000,6.38,6.42,5.8,6.42,0,0
MLT_PB,D,20210628,000000,6.18,6.41,6.08,6.11,0,0
MLT_PB,D,20210629,000000,6.11,6.18,5.95,6.18,0,0
MLT_PB,D,20210630,000000,6.14,6.18,5.95,5.95,0,0
MLT_PB,D,20210701,000000,5.95,6.18,5.4,5.78,0,0
MLT_PB,D,20210702,000000,5.63,6.08,5.55,5.55,0,0
MLT_PB,D,20210705,000000,5.78,6.34,5.55,6.11,0,0
MLT_PB,D,20210706,000000,6.11,6.11,6.11,6.11,0,0
MLT_PB,D,20210708,000000,5.85,5.95,5.5,5.95,0,0
MLT_PB,D,20210709,000000,5.93,5.93,5.53,5.93,0,0
MLT_PB,D,20210712,000000,5.95,5.95,5.93,5.95,0,0
MLT_PB,D,20210713,000000,5.95,5.95,5.95,5.95,0,0
MLT_PB,D,20210714,000000,5.95,6.77,5.95,6.47,0,0
MLT_PB,D,20210715,000000,6.28,6.77,6.28,6.41,0,0
MLT_PB,D,20210716,000000,6.61,6.61,6.41,6.41,0,0
MLT_PB,D,20210719,000000,6.59,6.59,5.95,6.28,0,0
MLT_PB,D,20210720,000000,6.28,6.59,5.78,6.59,0,0
MLT_PB,D,20210721,000000,6.28,6.28,6.28,6.28,0,0
MLT_PB,D,20210722,000000,6.11,6.11,6.09,6.09,0,0
MLT_PB,D,20210723,000000,6.08,6.09,5.78,5.78,0,0
MLT_PB,D,20210726,000000,5.95,5.95,5.62,5.91,0,0
MLT_PB,D,20210727,000000,5.62,5.83,5.62,5.83,0,0
MLT_PB,D,20210729,000000,5.81,5.81,5.81,5.81,0,0
MLT_PB,D,20210730,000000,5.91,5.91,5.91,5.91,0,0
MLT_PB,D,20210802,000000,5.78,5.89,5.78,5.89,0,0
MLT_PB,D,20210803,000000,5.78,5.86,5.78,5.78,0,0
MLT_PB,D,20210804,000000,5.86,5.86,5.58,5.78,0,0
MLT_PB,D,20210805,000000,5.78,5.78,5.38,5.6,0,0
MLT_PB,D,20210806,000000,5.45,5.62,5.45,5.6,0,0
MLT_PB,D,20210809,000000,5.5,5.6,5.5,5.6,0,0
MLT_PB,D,20210810,000000,5.62,5.88,5.62,5.88,0,0
MLT_PB,D,20210811,000000,5.85,5.85,5.85,5.85,0,0
MLT_PB,D,20210812,000000,5.83,5.93,5.53,5.68,0,0
MLT_PB,D,20210813,000000,5.45,5.76,5.42,5.76,0,0
MLT_PB,D,20210816,000000,5.76,6.11,5.45,5.68,0,0
MLT_PB,D,20210817,000000,5.71,5.78,5.62,5.71,0,0
MLT_PB,D,20210818,000000,5.71,5.78,5.71,5.78,0,0
MLT_PB,D,20210819,000000,5.62,5.7,5.62,5.7,0,0
MLT_PB,D,20210820,000000,5.62,5.88,5.62,5.85,0,0
MLT_PB,D,20210823,000000,5.86,6.61,5.85,6.08,0,0
MLT_PB,D,20210824,000000,6.31,6.54,6.19,6.28,0,0
MLT_PB,D,20210825,000000,6.28,7.5,6.28,7.5,0,0
MLT_PB,D,20210826,000000,7.84,7.84,6.96,7.15,0,0
MLT_PB,D,20210827,000000,7.41,7.41,7.15,7.22,0,0
MLT_PB,D,20210830,000000,7.22,7.37,6.98,7.11,0,0
MLT_PB,D,20210831,000000,7,7.09,6.73,6.73,0,0
MLT_PB,D,20210901,000000,7.18,7.26,7.18,7.26,0,0
MLT_PB,D,20210902,000000,7.26,8.04,6.83,7.48,0,0
MLT_PB,D,20210907,000000,6.96,7.41,6.92,6.92,0,0
MLT_PB,D,20210908,000000,6.62,6.9,6.14,6.9,0,0
MLT_PB,D,20210909,000000,6.55,6.92,6.55,6.92,0,0
MLT_PB,D,20210910,000000,6.92,7.67,6.92,7.33,0,0
MLT_PB,D,20210913,000000,7.33,7.37,7.11,7.3,0,0
MLT_PB,D,20210914,000000,7,7.11,7,7.11,0,0
MLT_PB,D,20210915,000000,6.77,7.01,6.75,7.01,0,0
MLT_PB,D,20210916,000000,6.77,7.3,6.75,7.3,0,0
MLT_PB,D,20210917,000000,7.18,7.18,7.18,7.18,0,0
MLT_PB,D,20210920,000000,7.11,7.11,6.85,7.09,0,0
MLT_PB,D,20210921,000000,6.92,7.16,6.85,7.11,0,0
MLT_PB,D,20210922,000000,7.18,7.48,7.11,7.48,0,0
MLT_PB,D,20210923,000000,7.39,7.39,7.39,7.39,0,0
MLT_PB,D,20210924,000000,7.37,7.37,7.37,7.37,0,0
MLT_PB,D,20210927,000000,7.11,7.11,7.11,7.11,0,0
MLT_PB,D,20210928,000000,6.9,7.09,6.79,6.79,0,0
MLT_PB,D,20210929,000000,7.11,7.11,6.75,7.11,0,0
MLT_PB,D,20211001,000000,7.11,7.35,7.11,7.35,0,0
MLT_PB,D,20211004,000000,7.3,7.3,7.03,7.13,0,0
MLT_PB,D,20211005,000000,7.48,7.48,7.11,7.3,0,0
MLT_PB,D,20211007,000000,6.96,7.39,6.75,7.39,0,0
MLT_PB,D,20211008,000000,7.22,7.3,7.22,7.3,0,0
MLT_PB,D,20211011,000000,7.11,7.3,7.11,7.3,0,0
MLT_PB,D,20211012,000000,7.3,7.48,7.3,7.33,0,0
MLT_PB,D,20211013,000000,7.33,7.46,7.3,7.46,0,0
MLT_PB,D,20211014,000000,7.26,7.3,7.11,7.3,0,0
MLT_PB,D,20211015,000000,7.28,7.37,7.28,7.37,0,0
MLT_PB,D,20211018,000000,7.37,7.67,7.37,7.67,0,0
MLT_PB,D,20211020,000000,7.3,7.54,7.3,7.54,0,0
MLT_PB,D,20211021,000000,7.46,7.46,7.3,7.45,0,0
MLT_PB,D,20211022,000000,7.33,7.33,7.33,7.33,0,0
MLT_PB,D,20211025,000000,7.45,7.46,7.3,7.46,0,0
MLT_PB,D,20211027,000000,7.48,7.48,7.48,7.48,0,0
MLT_PB,D,20211028,000000,7.3,7.3,6.96,7.3,0,0
MLT_PB,D,20211029,000000,7.39,7.39,7.11,7.11,0,0
MLT_PB,D,20211102,000000,7.11,7.46,7.11,7.46,0,0
MLT_PB,D,20211103,000000,7.46,7.48,7.46,7.46,0,0
MLT_PB,D,20211104,000000,7.13,7.45,6.94,6.94,0,0
MLT_PB,D,20211105,000000,6.85,7,6.85,7,0,0
MLT_PB,D,20211108,000000,7.18,7.18,7.18,7.18,0,0
MLT_PB,D,20211109,000000,6.85,6.98,6.56,6.98,0,0
MLT_PB,D,20211110,000000,6.71,6.88,6.55,6.88,0,0
MLT_PB,D,20211112,000000,6.73,6.88,6.73,6.88,0,0
MLT_PB,D,20211115,000000,6.88,6.88,6.88,6.88,0,0
MLT_PB,D,20211116,000000,6.68,6.88,6.36,6.88,0,0
MLT_PB,D,20211117,000000,6.59,6.77,6.59,6.77,0,0
MLT_PB,D,20211118,000000,6.77,6.77,6.17,6.25,0,0
MLT_PB,D,20211119,000000,6.44,6.44,6.44,6.44,0,0
MLT_PB,D,20211122,000000,6.44,6.52,6.44,6.52,0,0
MLT_PB,D,20211123,000000,6.25,6.29,5.31,5.84,0,0
MLT_PB,D,20211124,000000,5.74,5.84,5.74,5.84,0,0
MLT_PB,D,20211125,000000,5.65,5.84,5.61,5.61,0,0
MLT_PB,D,20211126,000000,5.65,5.65,5.46,5.58,0,0
MLT_PB,D,20211129,000000,5.55,5.58,5.31,5.55,0,0
MLT_PB,D,20211130,000000,5.55,5.55,5.27,5.55,0,0
MLT_PB,D,20211201,000000,5.55,5.58,5.55,5.58,0,0
MLT_PB,D,20211202,000000,5.58,5.58,5.42,5.58,0,0
MLT_PB,D,20211203,000000,5.54,5.54,5.27,5.54,0,0
MLT_PB,D,20211206,000000,5.54,6.1,5.54,5.95,0,0
MLT_PB,D,20211207,000000,5.95,6.22,5.95,6.22,0,0
MLT_PB,D,20211208,000000,6.31,6.31,6.31,6.31,0,0
MLT_PB,D,20211209,000000,5.93,6.31,5.93,6.31,0,0
MLT_PB,D,20211210,000000,6.12,6.27,6.03,6.27,0,0
MLT_PB,D,20211213,000000,5.93,6.12,5.46,6.12,0,0
MLT_PB,D,20211215,000000,5.76,6.18,5.76,6.18,0,0
MLT_PB,D,20211216,000000,6.22,6.22,5.84,5.84,0,0
MLT_PB,D,20211220,000000,5.82,6.4,5.27,6.14,0,0
MLT_PB,D,20211221,000000,5.84,5.88,5.65,5.88,0,0
MLT_PB,D,20211223,000000,5.84,5.84,5.84,5.84,0,0
MLT_PB,D,20211227,000000,5.65,6.76,5.29,6.48,0,0
MLT_PB,D,20211228,000000,5.88,6.4,5.73,6.4,0,0
MLT_PB,D,20211229,000000,6.46,6.48,6.23,6.48,0,0
MLT_PB,D,20211230,000000,6.48,6.48,6.48,6.48,0,0
MLT_PB,D,20220103,000000,6.48,7.72,6.4,7.2,0,0
MLT_PB,D,20220104,000000,7.2,8.48,7.2,8.4,0,0
MLT_PB,D,20220105,000000,7.53,8.15,7.53,7.53,0,0
MLT_PB,D,20220107,000000,7.16,7.72,7.16,7.72,0,0
MLT_PB,D,20220110,000000,7.16,7.53,7.16,7.53,0,0
MLT_PB,D,20220111,000000,7.16,7.16,6.78,7.16,0,0
MLT_PB,D,20220112,000000,7.16,7.16,6.59,6.95,0,0
MLT_PB,D,20220113,000000,6.59,6.97,6.59,6.97,0,0
MLT_PB,D,20220114,000000,6.97,7.12,6.68,7.12,0,0
MLT_PB,D,20220117,000000,7.16,7.16,6.67,6.78,0,0
MLT_PB,D,20220118,000000,6.67,6.67,6.04,6.5,0,0
MLT_PB,D,20220119,000000,6.22,6.22,5.91,5.91,0,0
MLT_PB,D,20220120,000000,6.22,6.38,5.65,6.38,0,0
MLT_PB,D,20220121,000000,6.2,6.5,5.67,6.22,0,0
MLT_PB,D,20220124,000000,6.31,6.57,5.01,5.01,0,0
MLT_PB,D,20220125,000000,5.27,6.03,5.27,6.01,0,0
MLT_PB,D,20220126,000000,6.01,6.01,6.01,6.01,0,0
MLT_PB,D,20220127,000000,5.54,5.74,5.54,5.74,0,0
MLT_PB,D,20220128,000000,5.84,5.84,5.65,5.82,0,0
MLT_PB,D,20220131,000000,5.82,6.4,5.82,6.2,0,0
MLT_PB,D,20220201,000000,6.37,6.37,6.03,6.03,0,0
MLT_PB,D,20220202,000000,6.08,6.22,5.93,5.93,0,0
MLT_PB,D,20220203,000000,5.93,6.12,5.84,6.12,0,0
MLT_PB,D,20220204,000000,6.03,7.91,6.03,7.16,0,0
MLT_PB,D,20220207,000000,7.5,7.82,6.78,7.53,0,0
MLT_PB,D,20220208,000000,7.17,7.53,7.16,7.5,0,0
MLT_PB,D,20220209,000000,7.5,8.08,7.16,7.53,0,0
MLT_PB,D,20220210,000000,7.53,7.53,6.44,6.44,0,0
MLT_PB,D,20220211,000000,6.03,6.95,6.03,6.59,0,0
MLT_PB,D,20220214,000000,6.4,6.4,5.29,6.01,0,0
MLT_PB,D,20220215,000000,5.84,5.84,5.2,5.76,0,0
MLT_PB,D,20220216,000000,5.46,5.61,5.24,5.42,0,0
MLT_PB,D,20220217,000000,5.44,5.44,4.71,5.14,0,0
MLT_PB,D,20220218,000000,4.99,5.39,4.75,4.93,0,0
MLT_PB,D,20220221,000000,4.9,4.91,4.14,4.27,0,0
MLT_PB,D,20220222,000000,4.5,4.61,4.24,4.24,0,0
MLT_PB,D,20220223,000000,4.19,4.77,3.82,4.31,0,0
MLT_PB,D,20220224,000000,4.15,4.15,3.29,3.3,0,0
MLT_PB,D,20220225,000000,3.46,3.84,3.29,3.84,0,0
MLT_PB,D,20220228,000000,3.63,3.94,3.47,3.94,0,0
MLT_PB,D,20220301,000000,3.63,3.63,3.23,3.46,0,0
MLT_PB,D,20220302,000000,3.29,3.82,3.29,3.46,0,0
MLT_PB,D,20220303,000000,3.37,3.46,2.96,3.13,0,0
MLT_PB,D,20220304,000000,3.13,3.46,2.77,3.01,0,0
MLT_PB,D,20220307,000000,2.94,3.11,2.77,3.01,0,0
MLT_PB,D,20220308,000000,2.94,2.94,2.85,2.94,0,0
MLT_PB,D,20220309,000000,2.94,3.11,2.77,3.08,0,0
MLT_PB,D,20220310,000000,3.08,3.37,2.94,3.11,0,0
MLT_PB,D,20220311,000000,3.08,3.11,2.96,3.11,0,0
MLT_PB,D,20220314,000000,3.11,3.2,2.94,3.2,0,0
MLT_PB,D,20220315,000000,3.09,3.11,2.85,3.11,0,0
MLT_PB,D,20220316,000000,3.09,3.11,2.94,2.94,0,0
MLT_PB,D,20220317,000000,2.94,3.11,2.94,2.94,0,0
MLT_PB,D,20220318,000000,2.94,2.94,2.85,2.85,0,0
MLT_PB,D,20220321,000000,2.78,2.94,2.77,2.94,0,0
MLT_PB,D,20220322,000000,2.94,2.99,2.77,2.99,0,0
MLT_PB,D,20220323,000000,3.01,3.08,2.92,2.94,0,0
MLT_PB,D,20220324,000000,2.94,3.06,2.78,3.06,0,0
MLT_PB,D,20220325,000000,3.04,3.06,2.94,3.03,0,0
MLT_PB,D,20220328,000000,2.8,3.02,2.8,3.02,0,0
MLT_PB,D,20220329,000000,3.02,3.05,2.94,3.05,0,0
MLT_PB,D,20220330,000000,3.02,3.02,2.79,2.94,0,0
MLT_PB,D,20220331,000000,2.94,3.02,2.85,2.85,0,0
MLT_PB,D,20220401,000000,2.94,3.02,2.87,3.01,0,0
MLT_PB,D,20220404,000000,3.01,3.01,3.01,3.01,0,0
MLT_PB,D,20220405,000000,2.94,3.01,2.94,3.01,0,0
MLT_PB,D,20220406,000000,2.96,2.96,2.96,2.96,0,0
MLT_PB,D,20220407,000000,3,3,2.96,2.96,0,0
MLT_PB,D,20220408,000000,2.96,3.01,2.85,2.94,0,0
MLT_PB,D,20220411,000000,2.94,3.03,2.94,3.03,0,0
MLT_PB,D,20220412,000000,3.01,3.01,3.01,3.01,0,0
MLT_PB,D,20220413,000000,3.09,3.09,3.01,3.01,0,0
MLT_PB,D,20220414,000000,3.08,3.08,3.06,3.08,0,0
MLT_PB,D,20220419,000000,3.03,3.03,2.82,2.91,0,0
MLT_PB,D,20220420,000000,2.91,3.03,2.85,2.85,0,0
MLT_PB,D,20220421,000000,3.03,3.03,2.82,3.03,0,0
MLT_PB,D,20220422,000000,2.94,2.97,2.91,2.91,0,0
MLT_PB,D,20220425,000000,2.85,2.85,2.85,2.85,0,0
MLT_PB,D,20220426,000000,2.94,2.94,2.94,2.94,0,0
MLT_PB,D,20220427,000000,2.92,2.92,2.92,2.92,0,0
MLT_PB,D,20220428,000000,2.85,2.92,2.85,2.92,0,0
MLT_PB,D,20220429,000000,2.77,2.94,2.77,2.94,0,0
MLT_PB,D,20220502,000000,2.35,2.35,1.88,1.88,0,0
MLT_PB,D,20220504,000000,2.11,2.78,1.69,2.78,0,0
MLT_PB,D,20220505,000000,2.64,3.11,2.5,3.11,0,0
MLT_PB,D,20220506,000000,2.91,3.11,2.53,3.11,0,0
MLT_PB,D,20220509,000000,2.78,2.94,2.78,2.78,0,0
MLT_PB,D,20220510,000000,2.78,3.03,2.74,2.74,0,0
MLT_PB,D,20220511,000000,2.78,2.91,2.78,2.78,0,0
MLT_PB,D,20220512,000000,2.8,2.89,2.78,2.78,0,0
MLT_PB,D,20220513,000000,2.78,2.78,2.61,2.78,0,0
MLT_PB,D,20220516,000000,2.78,3.07,2.78,3.07,0,0
MLT_PB,D,20220517,000000,3.04,3.22,3.04,3.07,0,0
MLT_PB,D,20220518,000000,3.07,3.2,2.92,3.07,0,0
MLT_PB,D,20220519,000000,3.07,3.22,2.92,2.92,0,0
MLT_PB,D,20220520,000000,2.93,2.93,2.7,2.91,0,0
MLT_PB,D,20220523,000000,2.61,2.67,2.44,2.46,0,0
MLT_PB,D,20220524,000000,2.46,2.77,2.3,2.77,0,0
MLT_PB,D,20220525,000000,2.49,2.49,2.24,2.3,0,0
MLT_PB,D,20220526,000000,2.17,2.17,1.91,1.97,0,0
MLT_PB,D,20220527,000000,2.03,2.38,2.03,2.38,0,0
MLT_PB,D,20220530,000000,2.38,2.63,2.38,2.42,0,0
MLT_PB,D,20220531,000000,2.42,2.42,2.42,2.42,0,0
MLT_PB,D,20220601,000000,2.35,2.35,2.15,2.3,0,0
MLT_PB,D,20220602,000000,2.15,2.44,2.15,2.27,0,0
MLT_PB,D,20220603,000000,2.34,2.34,2.29,2.3,0,0
MLT_PB,D,20220606,000000,2.34,2.34,1.99,2.18,0,0
MLT_PB,D,20220607,000000,2.17,2.17,2.04,2.17,0,0
MLT_PB,D,20220608,000000,2.15,2.17,2.15,2.17,0,0
MLT_PB,D,20220609,000000,2.06,2.17,2.06,2.17,0,0
MLT_PB,D,20220610,000000,2.06,2.17,1.81,2.12,0,0
MLT_PB,D,20220613,000000,1.97,1.99,1.41,1.66,0,0
MLT_PB,D,20220614,000000,1.66,1.75,1.6,1.75,0,0
MLT_PB,D,20220615,000000,1.75,1.87,1.75,1.86,0,0
MLT_PB,D,20220617,000000,1.84,1.84,1.74,1.81,0,0
MLT_PB,D,20220620,000000,1.69,1.84,1.69,1.83,0,0
MLT_PB,D,20220621,000000,1.7,1.83,1.69,1.69,0,0
MLT_PB,D,20220622,000000,1.64,1.84,1.63,1.69,0,0
MLT_PB,D,20220623,000000,1.84,1.84,1.84,1.84,0,0
MLT_PB,D,20220624,000000,1.83,1.84,1.83,1.84,0,0
MLT_PB,D,20220627,000000,1.84,2.46,1.84,2.34,0,0
MLT_PB,D,20220628,000000,2.34,2.89,2.34,2.85,0,0
MLT_PB,D,20220629,000000,2.89,3.35,2.89,3.22,0,0
MLT_PB,D,20220630,000000,3.1,3.5,2.85,2.85,0,0
MLT_PB,D,20220701,000000,2.29,2.77,2.29,2.77,0,0
MLT_PB,D,20220704,000000,2.77,2.85,2.77,2.85,0,0
MLT_PB,D,20220705,000000,3.07,3.07,2.77,2.77,0,0
MLT_PB,D,20220706,000000,2.92,2.92,2.77,2.92,0,0
MLT_PB,D,20220707,000000,2.77,2.77,2.77,2.77,0,0
MLT_PB,D,20220708,000000,2.58,2.77,2.58,2.61,0,0
MLT_PB,D,20220711,000000,2.46,2.46,2.32,2.46,0,0
MLT_PB,D,20220712,000000,2.32,2.32,2.17,2.3,0,0
MLT_PB,D,20220714,000000,2.15,2.58,1.99,2.58,0,0
MLT_PB,D,20220715,000000,2.15,2.15,2.03,2.12,0,0
MLT_PB,D,20220718,000000,1.99,1.99,1.99,1.99,0,0
MLT_PB,D,20220719,000000,1.86,1.98,1.84,1.84,0,0
MLT_PB,D,20220720,000000,1.99,1.99,1.84,1.84,0,0
MLT_PB,D,20220721,000000,1.69,1.95,1.69,1.84,0,0
MLT_PB,D,20220722,000000,1.84,1.98,1.84,1.84,0,0
MLT_PB,D,20220725,000000,1.84,1.84,1.84,1.84,0,0
MLT_PB,D,20220726,000000,1.84,1.84,1.84,1.84,0,0
MLT_PB,D,20220729,000000,2.04,2.04,1.64,1.84,0,0
MLT_PB,D,20220801,000000,1.84,1.86,1.69,1.86,0,0
MLT_PB,D,20220802,000000,1.86,1.87,1.86,1.87,0,0
MLT_PB,D,20220803,000000,1.84,2.15,1.84,2.11,0,0
MLT_PB,D,20220804,000000,2.15,3.22,2.15,3.22,0,0
MLT_PB,D,20220805,000000,3.53,3.84,2.93,3.1,0,0
MLT_PB,D,20220808,000000,3.26,3.26,2.64,2.79,0,0
MLT_PB,D,20220809,000000,2.91,2.91,2.77,2.79,0,0
MLT_PB,D,20220810,000000,2.61,2.79,2.61,2.77,0,0
MLT_PB,D,20220811,000000,2.77,2.79,2.77,2.79,0,0
MLT_PB,D,20220812,000000,2.64,2.92,2.63,2.77,0,0
MLT_PB,D,20220816,000000,2.95,3.36,2.95,3.36,0,0
MLT_PB,D,20220817,000000,3.18,3.34,3.17,3.17,0,0
MLT_PB,D,20220818,000000,3.34,3.34,3.34,3.34,0,0
MLT_PB,D,20220819,000000,3.17,3.34,3.17,3.34,0,0
MLT_PB,D,20220822,000000,3.17,3.17,3.17,3.17,0,0
MLT_PB,D,20220823,000000,3.32,3.32,3.15,3.15,0,0
MLT_PB,D,20220824,000000,3.18,3.29,3.15,3.15,0,0
MLT_PB,D,20220825,000000,3.18,3.18,3.01,3.17,0,0
MLT_PB,D,20220826,000000,2.99,2.99,2.27,2.45,0,0
MLT_PB,D,20220829,000000,2.48,2.48,2.19,2.27,0,0
MLT_PB,D,20220830,000000,2.27,2.61,2.27,2.61,0,0
MLT_PB,D,20220831,000000,2.48,2.66,2.48,2.66,0,0
MLT_PB,D,20220901,000000,2.45,2.45,2.31,2.31,0,0
MLT_PB,D,20220902,000000,2.31,2.48,2.31,2.48,0,0
MLT_PB,D,20220905,000000,2.47,2.47,2.47,2.47,0,0
