<TICKER>,<PER>,<DATE>,<TIME>,<OPEN>,<HIGH>,<LOW>,<CLOSE>,<VOL>,<OPENINT>
MMA_PB,D,20101115,000000,2.4755,2.4755,2.4755,2.4755,0,0
MMA_PB,D,20101116,000000,2.46701,2.46701,1.98036,1.98036,0,0
MMA_PB,D,20101117,000000,1.9552,1.9552,1.695,1.695,0,0
MMA_PB,D,20101118,000000,1.9552,1.9552,1.8881,1.8881,0,0
MMA_PB,D,20101119,000000,1.76219,1.76219,1.5609,1.5609,0,0
MMA_PB,D,20101122,000000,1.5609,1.64467,1.5609,1.6279,0,0
MMA_PB,D,20101123,000000,1.66155,1.695,1.66155,1.695,0,0
MMA_PB,D,20101124,000000,1.695,1.83778,1.695,1.80413,0,0
MMA_PB,D,20101125,000000,1.60274,1.78735,1.60274,1.78735,0,0
MMA_PB,D,20101126,000000,1.75381,1.76219,1.75381,1.76219,0,0
MMA_PB,D,20101129,000000,1.63639,1.63639,1.49361,1.49361,0,0
MMA_PB,D,20101130,000000,1.49361,1.695,1.49361,1.695,0,0
MMA_PB,D,20101201,000000,1.70348,1.70348,1.5609,1.68671,0,0
MMA_PB,D,20101203,000000,1.66155,1.66155,1.59435,1.59435,0,0
MMA_PB,D,20101206,000000,1.61122,1.61122,1.53564,1.53564,0,0
MMA_PB,D,20101207,000000,1.5609,1.5609,1.5609,1.5609,0,0
MMA_PB,D,20101208,000000,1.51048,1.51048,1.35102,1.35102,0,0
MMA_PB,D,20101209,000000,1.52716,1.52716,1.3678,1.3678,0,0
MMA_PB,D,20101210,000000,1.52716,1.52716,1.32586,1.45167,0,0
MMA_PB,D,20101213,000000,1.46016,1.46016,1.31748,1.31748,0,0
MMA_PB,D,20101214,000000,1.3678,1.51877,1.3678,1.49361,0,0
MMA_PB,D,20101215,000000,1.4349,1.4349,1.4349,1.4349,0,0
MMA_PB,D,20101216,000000,1.32586,1.42651,1.32586,1.32586,0,0
MMA_PB,D,20101217,000000,1.33425,1.33425,1.31748,1.31748,0,0
MMA_PB,D,20101220,000000,1.3678,1.52716,1.31748,1.31748,0,0
MMA_PB,D,20101221,000000,1.30909,1.42651,1.30909,1.42651,0,0
MMA_PB,D,20101222,000000,1.48532,1.48532,1.48532,1.48532,0,0
MMA_PB,D,20101227,000000,1.31748,1.32586,1.31748,1.32586,0,0
MMA_PB,D,20101228,000000,1.31748,1.44328,1.20834,1.20834,0,0
MMA_PB,D,20101230,000000,1.42651,1.42651,1.40973,1.40973,0,0
MMA_PB,D,20101231,000000,1.25867,1.25867,1.25867,1.25867,0,0
MMA_PB,D,20110103,000000,1.29231,1.29231,1.20834,1.20834,0,0
MMA_PB,D,20110104,000000,1.27554,1.27554,1.27554,1.27554,0,0
MMA_PB,D,20110105,000000,1.1748,1.1748,1.14963,1.14963,0,0
MMA_PB,D,20110107,000000,1.15802,1.25867,1.15802,1.25867,0,0
MMA_PB,D,20110110,000000,1.11599,1.1748,1.1077,1.1748,0,0
MMA_PB,D,20110111,000000,1.11599,1.11599,1.11599,1.11599,0,0
MMA_PB,D,20110112,000000,1.1748,1.1748,1.1748,1.1748,0,0
MMA_PB,D,20110114,000000,1.1748,1.26715,1.1748,1.26715,0,0
MMA_PB,D,20110118,000000,1.15802,1.15802,1.11599,1.14115,0,0
MMA_PB,D,20110119,000000,1.07415,1.07415,1.03221,1.06566,0,0
MMA_PB,D,20110120,000000,1.07415,1.07415,1.07415,1.07415,0,0
MMA_PB,D,20110121,000000,1.0405,1.1077,1.0405,1.0405,0,0
MMA_PB,D,20110124,000000,1.04889,1.1077,1.0405,1.1077,0,0
MMA_PB,D,20110125,000000,1.07415,1.07415,1.04889,1.04889,0,0
MMA_PB,D,20110126,000000,1.04889,1.1077,1.03221,1.1077,0,0
MMA_PB,D,20110127,000000,1.0405,1.0405,1.0405,1.0405,0,0
MMA_PB,D,20110128,000000,1.1748,1.1748,1.1748,1.1748,0,0
MMA_PB,D,20110131,000000,1.15802,1.15802,1.15802,1.15802,0,0
MMA_PB,D,20110201,000000,1.09931,1.09931,1.06566,1.06566,0,0
MMA_PB,D,20110202,000000,1.1077,1.1077,1.1077,1.1077,0,0
MMA_PB,D,20110203,000000,1.06566,1.06566,1.0405,1.0405,0,0
MMA_PB,D,20110204,000000,1.04889,1.04889,1.04889,1.04889,0,0
MMA_PB,D,20110207,000000,1.04889,1.04889,1.04889,1.04889,0,0
MMA_PB,D,20110208,000000,1.0405,1.0405,0.981792,0.981792,0,0
MMA_PB,D,20110209,000000,0.973306,0.973306,0.973306,0.973306,0,0
MMA_PB,D,20110211,000000,1.03221,1.09931,1.03221,1.09931,0,0
MMA_PB,D,20110214,000000,1.02373,1.06566,1.01534,1.02373,0,0
MMA_PB,D,20110215,000000,0.981792,0.981792,0.981792,0.981792,0,0
MMA_PB,D,20110216,000000,0.981792,0.981792,0.981792,0.981792,0,0
MMA_PB,D,20110222,000000,0.981792,0.981792,0.956631,0.956631,0,0
MMA_PB,D,20110223,000000,0.948145,0.948145,0.922983,0.922983,0,0
MMA_PB,D,20110228,000000,0.922983,0.922983,0.922983,0.922983,0,0
MMA_PB,D,20110301,000000,0.931469,0.931469,0.931469,0.931469,0,0
MMA_PB,D,20110302,000000,0.964919,0.998566,0.931469,0.956631,0,0
MMA_PB,D,20110303,000000,0.990179,0.990179,0.922983,0.973306,0,0
MMA_PB,D,20110304,000000,0.881146,0.881146,0.881146,0.881146,0,0
MMA_PB,D,20110307,000000,0.922983,0.922983,0.922983,0.922983,0,0
MMA_PB,D,20110308,000000,0.881146,0.922983,0.881146,0.922983,0,0
MMA_PB,D,20110309,000000,0.881146,0.922983,0.847499,0.922983,0,0
MMA_PB,D,20110310,000000,0.922983,0.973306,0.922983,0.973306,0,0
MMA_PB,D,20110311,000000,0.889435,0.889435,0.847499,0.889435,0,0
MMA_PB,D,20110314,000000,0.87266,0.87266,0.87266,0.87266,0,0
MMA_PB,D,20110315,000000,0.889435,0.889435,0.847499,0.847499,0,0
MMA_PB,D,20110316,000000,0.847499,0.847499,0.822337,0.822337,0,0
MMA_PB,D,20110317,000000,0.87266,0.87266,0.87266,0.87266,0,0
MMA_PB,D,20110323,000000,0.881146,0.881146,0.881146,0.881146,0,0
MMA_PB,D,20110324,000000,0.881146,0.881146,0.847499,0.881146,0,0
MMA_PB,D,20110325,000000,0.847499,0.847499,0.847499,0.847499,0,0
MMA_PB,D,20110328,000000,0.914596,0.948145,0.914596,0.948145,0,0
MMA_PB,D,20110330,000000,0.964919,1.08254,0.964919,1.00705,0,0
MMA_PB,D,20110331,000000,1.00705,1.02373,0.973306,1.00705,0,0
MMA_PB,D,20110401,000000,1.00705,1.00705,1.00705,1.00705,0,0
MMA_PB,D,20110404,000000,0.973306,0.973306,0.948145,0.948145,0,0
MMA_PB,D,20110406,000000,0.948145,0.948145,0.948145,0.948145,0,0
MMA_PB,D,20110408,000000,0.939758,0.939758,0.922983,0.922983,0,0
MMA_PB,D,20110412,000000,0.931469,0.931469,0.881146,0.906308,0,0
MMA_PB,D,20110413,000000,0.881146,0.881146,0.881146,0.881146,0,0
MMA_PB,D,20110414,000000,0.881146,0.881146,0.881146,0.881146,0,0
MMA_PB,D,20110415,000000,0.914596,0.914596,0.881146,0.881146,0,0
MMA_PB,D,20110418,000000,0.914596,0.914596,0.889435,0.889435,0,0
MMA_PB,D,20110419,000000,0.889435,0.889435,0.889435,0.889435,0,0
MMA_PB,D,20110421,000000,0.922983,0.922983,0.914596,0.914596,0,0
MMA_PB,D,20110427,000000,0.939758,0.956631,0.939758,0.956631,0,0
MMA_PB,D,20110429,000000,0.956631,0.964919,0.956631,0.956631,0,0
MMA_PB,D,20110502,000000,0.956631,0.990179,0.906308,0.990179,0,0
MMA_PB,D,20110504,000000,1.00705,1.01534,1.00705,1.01534,0,0
MMA_PB,D,20110506,000000,0.964919,0.964919,0.939758,0.939758,0,0
MMA_PB,D,20110509,000000,0.981792,1.28393,0.981792,1.22512,0,0
MMA_PB,D,20110510,000000,1.22512,1.22512,1.07415,1.07415,0,0
MMA_PB,D,20110511,000000,1.04889,1.06566,0.973306,1.05738,0,0
MMA_PB,D,20110512,000000,0.990179,0.990179,0.973306,0.981792,0,0
MMA_PB,D,20110513,000000,0.973306,0.973306,0.922983,0.922983,0,0
MMA_PB,D,20110516,000000,0.906308,0.914596,0.881146,0.897822,0,0
MMA_PB,D,20110517,000000,0.914596,0.931469,0.87266,0.87266,0,0
MMA_PB,D,20110518,000000,0.897822,0.990179,0.87266,0.990179,0,0
MMA_PB,D,20110519,000000,0.956631,0.990179,0.881146,0.881146,0,0
MMA_PB,D,20110520,000000,0.914596,0.914596,0.914596,0.914596,0,0
MMA_PB,D,20110523,000000,0.897822,0.914596,0.897822,0.914596,0,0
MMA_PB,D,20110524,000000,0.881146,0.881146,0.855886,0.881146,0,0
MMA_PB,D,20110525,000000,0.931469,0.931469,0.881146,0.931469,0,0
MMA_PB,D,20110526,000000,0.881146,0.931469,0.881146,0.931469,0,0
MMA_PB,D,20110527,000000,0.931469,0.931469,0.931469,0.931469,0,0
MMA_PB,D,20110531,000000,0.973306,0.998566,0.931469,0.931469,0,0
MMA_PB,D,20110601,000000,0.931469,0.931469,0.906308,0.931469,0,0
MMA_PB,D,20110602,000000,0.964919,0.964919,0.956631,0.956631,0,0
MMA_PB,D,20110603,000000,0.914596,0.914596,0.914596,0.914596,0,0
MMA_PB,D,20110606,000000,0.931469,0.931469,0.897822,0.897822,0,0
MMA_PB,D,20110607,000000,0.922983,0.931469,0.922983,0.931469,0,0
MMA_PB,D,20110608,000000,0.939758,0.939758,0.939758,0.939758,0,0
MMA_PB,D,20110609,000000,0.973306,0.973306,0.973306,0.973306,0,0
MMA_PB,D,20110610,000000,0.956631,0.990179,0.956631,0.990179,0,0
MMA_PB,D,20110613,000000,0.990179,1.01534,0.990179,1.01534,0,0
MMA_PB,D,20110615,000000,1.01534,1.03221,1.00705,1.03221,0,0
MMA_PB,D,20110616,000000,1.04889,1.04889,0.990179,0.990179,0,0
MMA_PB,D,20110617,000000,0.990179,0.990179,0.981792,0.990179,0,0
MMA_PB,D,20110620,000000,0.990179,0.990179,0.990179,0.990179,0,0
MMA_PB,D,20110621,000000,0.990179,0.990179,0.956631,0.956631,0,0
MMA_PB,D,20110622,000000,0.956631,0.956631,0.889435,0.931469,0,0
MMA_PB,D,20110624,000000,0.906308,0.931469,0.897822,0.906308,0,0
MMA_PB,D,20110627,000000,0.906308,0.906308,0.906308,0.906308,0,0
MMA_PB,D,20110630,000000,0.897822,0.897822,0.881146,0.889435,0,0
MMA_PB,D,20110704,000000,0.906308,0.931469,0.889435,0.931469,0,0
MMA_PB,D,20110705,000000,0.931469,0.931469,0.931469,0.931469,0,0
MMA_PB,D,20110706,000000,0.914596,0.914596,0.897822,0.897822,0,0
MMA_PB,D,20110708,000000,0.931469,0.931469,0.931469,0.931469,0,0
MMA_PB,D,20110711,000000,0.897822,0.897822,0.897822,0.897822,0,0
MMA_PB,D,20110712,000000,0.889435,0.889435,0.881146,0.881146,0,0
MMA_PB,D,20110715,000000,0.855886,0.855886,0.822337,0.822337,0,0
MMA_PB,D,20110718,000000,0.881146,0.881146,0.881146,0.881146,0,0
MMA_PB,D,20110719,000000,0.881146,0.881146,0.855886,0.881146,0,0
MMA_PB,D,20110720,000000,0.855886,0.855886,0.855886,0.855886,0,0
MMA_PB,D,20110721,000000,0.914596,1.03221,0.914596,1.00705,0,0
MMA_PB,D,20110722,000000,1.01534,1.03221,0.964919,1.00705,0,0
MMA_PB,D,20110726,000000,0.956631,0.956631,0.922983,0.922983,0,0
MMA_PB,D,20110727,000000,0.922983,0.922983,0.881146,0.906308,0,0
MMA_PB,D,20110728,000000,0.906308,0.906308,0.906308,0.906308,0,0
MMA_PB,D,20110729,000000,0.881146,0.881146,0.855886,0.855886,0,0
MMA_PB,D,20110801,000000,0.855886,0.889435,0.839112,0.889435,0,0
MMA_PB,D,20110802,000000,0.847499,0.881146,0.839112,0.881146,0,0
MMA_PB,D,20110803,000000,0.847499,0.847499,0.822337,0.822337,0,0
MMA_PB,D,20110804,000000,0.822337,0.822337,0.763627,0.763627,0,0
MMA_PB,D,20110808,000000,0.788788,0.839112,0.788788,0.805563,0,0
MMA_PB,D,20110809,000000,0.839112,0.839112,0.763627,0.788788,0,0
MMA_PB,D,20110810,000000,0.797176,0.797176,0.746853,0.746853,0,0
MMA_PB,D,20110811,000000,0.75524,0.797176,0.75524,0.797176,0,0
MMA_PB,D,20110812,000000,0.797176,0.797176,0.746853,0.746853,0,0
MMA_PB,D,20110816,000000,0.772014,0.805563,0.772014,0.805563,0,0
MMA_PB,D,20110817,000000,0.772014,0.772014,0.746853,0.746853,0,0
MMA_PB,D,20110819,000000,0.746853,0.830724,0.746853,0.81395,0,0
MMA_PB,D,20110822,000000,0.830724,0.864273,0.830724,0.864273,0,0
MMA_PB,D,20110823,000000,0.830724,0.830724,0.822337,0.822337,0,0
MMA_PB,D,20110824,000000,0.797176,0.797176,0.797176,0.797176,0,0
MMA_PB,D,20110829,000000,0.797176,0.797176,0.772014,0.797176,0,0
MMA_PB,D,20110830,000000,0.797176,0.797176,0.797176,0.797176,0,0
MMA_PB,D,20110831,000000,0.780401,0.780401,0.772014,0.772014,0,0
MMA_PB,D,20110901,000000,0.763627,0.763627,0.746853,0.746853,0,0
MMA_PB,D,20110902,000000,0.730078,0.730078,0.713304,0.730078,0,0
MMA_PB,D,20110905,000000,0.730078,0.730078,0.730078,0.730078,0,0
MMA_PB,D,20110906,000000,0.738465,0.746853,0.696431,0.696431,0,0
MMA_PB,D,20110907,000000,0.721691,0.763627,0.721691,0.763627,0,0
MMA_PB,D,20110909,000000,0.713304,0.713304,0.713304,0.713304,0,0
MMA_PB,D,20110912,000000,0.713304,0.713304,0.713304,0.713304,0,0
MMA_PB,D,20110913,000000,0.696431,0.746853,0.688142,0.746853,0,0
MMA_PB,D,20110915,000000,0.746853,0.746853,0.746853,0.746853,0,0
MMA_PB,D,20110919,000000,0.713304,0.713304,0.713304,0.713304,0,0
MMA_PB,D,20110921,000000,0.688142,0.688142,0.637721,0.637721,0,0
MMA_PB,D,20110922,000000,0.587398,0.662882,0.587398,0.662882,0,0
MMA_PB,D,20110923,000000,0.570623,0.654495,0.570623,0.654495,0,0
MMA_PB,D,20110927,000000,0.587398,0.587398,0.562236,0.562236,0,0
MMA_PB,D,20110928,000000,0.587398,0.595785,0.587398,0.595785,0,0
MMA_PB,D,20110930,000000,0.587398,0.587398,0.587398,0.587398,0,0
MMA_PB,D,20111010,000000,0.604172,0.612559,0.604172,0.612559,0,0
MMA_PB,D,20111011,000000,0.612559,0.662882,0.612559,0.662882,0,0
MMA_PB,D,20111012,000000,0.654495,0.662882,0.654495,0.662882,0,0
MMA_PB,D,20111013,000000,0.662882,0.688142,0.646108,0.646108,0,0
MMA_PB,D,20111014,000000,0.637721,0.637721,0.604172,0.604172,0,0
MMA_PB,D,20111021,000000,0.620946,0.620946,0.604172,0.604172,0,0
MMA_PB,D,20111024,000000,0.604172,0.604172,0.604172,0.604172,0,0
MMA_PB,D,20111025,000000,0.604172,0.604172,0.604172,0.604172,0,0
MMA_PB,D,20111026,000000,0.604172,0.604172,0.604172,0.604172,0,0
MMA_PB,D,20111027,000000,0.604172,0.662882,0.604172,0.662882,0,0
MMA_PB,D,20111028,000000,0.688142,0.721691,0.654495,0.721691,0,0
MMA_PB,D,20111031,000000,0.738465,0.746853,0.730078,0.746853,0,0
MMA_PB,D,20111102,000000,0.704917,0.704917,0.620946,0.704917,0,0
MMA_PB,D,20111108,000000,0.654495,0.654495,0.646108,0.646108,0,0
MMA_PB,D,20111109,000000,0.679657,0.679657,0.679657,0.679657,0,0
MMA_PB,D,20111114,000000,0.688142,0.704917,0.654495,0.654495,0,0
MMA_PB,D,20111115,000000,0.688142,0.696431,0.688142,0.696431,0,0
MMA_PB,D,20111118,000000,0.654495,0.654495,0.654495,0.654495,0,0
MMA_PB,D,20111122,000000,0.629334,0.629334,0.579011,0.579011,0,0
MMA_PB,D,20111129,000000,0.620946,0.620946,0.620946,0.620946,0,0
MMA_PB,D,20111205,000000,0.604172,0.604172,0.604172,0.604172,0,0
MMA_PB,D,20111216,000000,0.579011,0.579011,0.570623,0.570623,0,0
MMA_PB,D,20111221,000000,0.553849,0.553849,0.545462,0.545462,0,0
MMA_PB,D,20111223,000000,0.604172,0.604172,0.604172,0.604172,0,0
MMA_PB,D,20111227,000000,0.553849,0.553849,0.537075,0.537075,0,0
MMA_PB,D,20120110,000000,0.562236,0.570623,0.562236,0.570623,0,0
MMA_PB,D,20120111,000000,0.570623,0.595785,0.570623,0.595785,0,0
MMA_PB,D,20120119,000000,0.595785,0.595785,0.595785,0.595785,0,0
MMA_PB,D,20120124,000000,0.595785,0.595785,0.595785,0.595785,0,0
MMA_PB,D,20120125,000000,0.562236,0.595785,0.5203,0.595785,0,0
MMA_PB,D,20120126,000000,0.604172,0.604172,0.604172,0.604172,0,0
MMA_PB,D,20120130,000000,0.604172,0.604172,0.604172,0.604172,0,0
MMA_PB,D,20120201,000000,0.604172,0.604172,0.604172,0.604172,0,0
MMA_PB,D,20120203,000000,0.629334,0.662882,0.629334,0.662882,0,0
MMA_PB,D,20120206,000000,0.671269,0.671269,0.671269,0.671269,0,0
MMA_PB,D,20120207,000000,0.662882,0.662882,0.662882,0.662882,0,0
MMA_PB,D,20120208,000000,0.696431,0.696431,0.696431,0.696431,0,0
MMA_PB,D,20120222,000000,0.646108,0.688142,0.646108,0.688142,0,0
MMA_PB,D,20120227,000000,0.654495,0.654495,0.654495,0.654495,0,0
MMA_PB,D,20120228,000000,0.620946,0.629334,0.620946,0.629334,0,0
MMA_PB,D,20120229,000000,0.620946,0.646108,0.604172,0.637721,0,0
MMA_PB,D,20120301,000000,0.595785,0.646108,0.595785,0.646108,0,0
MMA_PB,D,20120308,000000,0.671269,0.721691,0.671269,0.721691,0,0
MMA_PB,D,20120314,000000,0.730078,0.730078,0.730078,0.730078,0,0
MMA_PB,D,20120315,000000,0.730078,0.730078,0.704917,0.704917,0,0
MMA_PB,D,20120319,000000,0.704917,0.704917,0.704917,0.704917,0,0
MMA_PB,D,20120320,000000,0.704917,0.704917,0.704917,0.704917,0,0
MMA_PB,D,20120327,000000,0.688142,0.696431,0.629334,0.629334,0,0
MMA_PB,D,20120402,000000,0.629334,0.629334,0.629334,0.629334,0,0
MMA_PB,D,20120405,000000,0.629334,0.629334,0.629334,0.629334,0,0
MMA_PB,D,20120410,000000,0.612559,0.612559,0.579011,0.579011,0,0
MMA_PB,D,20120413,000000,0.579011,0.579011,0.579011,0.579011,0,0
MMA_PB,D,20120419,000000,0.604172,0.696431,0.604172,0.604172,0,0
MMA_PB,D,20120420,000000,0.579011,0.579011,0.528688,0.528688,0,0
MMA_PB,D,20120423,000000,0.528688,0.579011,0.528688,0.579011,0,0
MMA_PB,D,20120427,000000,0.545462,0.545462,0.545462,0.545462,0,0
MMA_PB,D,20120430,000000,0.579011,0.604172,0.579011,0.604172,0,0
MMA_PB,D,20120510,000000,0.553849,0.562236,0.537075,0.562236,0,0
MMA_PB,D,20120517,000000,0.537075,0.562236,0.537075,0.562236,0,0
MMA_PB,D,20120528,000000,0.511913,0.511913,0.511913,0.511913,0,0
MMA_PB,D,20120604,000000,0.511913,0.511913,0.511913,0.511913,0,0
MMA_PB,D,20120620,000000,0.495139,0.495139,0.486762,0.486762,0,0
MMA_PB,D,20120711,000000,0.461561,0.461561,0.427953,0.427953,0,0
MMA_PB,D,20120713,000000,0.411178,0.411178,0.411178,0.411178,0,0
MMA_PB,D,20120716,000000,0.402781,0.402781,0.352439,0.352439,0,0
MMA_PB,D,20120717,000000,0.352439,0.352439,0.285302,0.302086,0,0
MMA_PB,D,20120719,000000,0.327267,0.327267,0.327267,0.327267,0,0
MMA_PB,D,20120723,000000,0.352439,0.352439,0.285302,0.327267,0,0
MMA_PB,D,20120724,000000,0.369223,0.369223,0.31887,0.31887,0,0
MMA_PB,D,20120725,000000,0.327267,0.352439,0.285302,0.352439,0,0
MMA_PB,D,20120726,000000,0.302086,0.302086,0.285302,0.285302,0,0
MMA_PB,D,20120730,000000,0.31887,0.335654,0.31887,0.335654,0,0
MMA_PB,D,20120801,000000,0.352439,0.352439,0.352439,0.352439,0,0
MMA_PB,D,20120802,000000,0.302086,0.302086,0.302086,0.302086,0,0
MMA_PB,D,20120808,000000,0.268528,0.268528,0.251733,0.251733,0,0
MMA_PB,D,20120810,000000,0.251733,0.251733,0.251733,0.251733,0,0
MMA_PB,D,20120813,000000,0.302086,0.302086,0.302086,0.302086,0,0
MMA_PB,D,20120816,000000,0.302086,0.302086,0.302086,0.302086,0,0
MMA_PB,D,20120821,000000,0.251733,0.251733,0.251733,0.251733,0,0
MMA_PB,D,20120823,000000,0.268528,0.268528,0.268528,0.268528,0,0
MMA_PB,D,20120827,000000,0.234949,0.276915,0.234949,0.276915,0,0
MMA_PB,D,20120829,000000,0.26013,0.26013,0.26013,0.26013,0,0
MMA_PB,D,20120831,000000,0.26013,0.26013,0.26013,0.26013,0,0
MMA_PB,D,20120903,000000,0.276915,0.276915,0.276915,0.276915,0,0
MMA_PB,D,20120905,000000,0.276915,0.327267,0.276915,0.327267,0,0
MMA_PB,D,20120907,000000,0.276915,0.276915,0.276915,0.276915,0,0
MMA_PB,D,20120910,000000,0.26013,0.26013,0.26013,0.26013,0,0
MMA_PB,D,20120914,000000,0.26013,0.276915,0.26013,0.276915,0,0
MMA_PB,D,20120917,000000,0.276915,0.276915,0.243356,0.268528,0,0
MMA_PB,D,20120920,000000,0.268528,0.285302,0.268528,0.285302,0,0
MMA_PB,D,20120925,000000,0.285302,0.293699,0.285302,0.285302,0,0
MMA_PB,D,20120927,000000,0.293699,0.31887,0.285302,0.31887,0,0
MMA_PB,D,20121001,000000,0.268528,0.268528,0.26013,0.26013,0,0
MMA_PB,D,20121002,000000,0.251733,0.251733,0.251733,0.251733,0,0
MMA_PB,D,20121003,000000,0.26013,0.26013,0.26013,0.26013,0,0
MMA_PB,D,20121004,000000,0.26013,0.26013,0.26013,0.26013,0,0
MMA_PB,D,20121005,000000,0.26013,0.26013,0.26013,0.26013,0,0
MMA_PB,D,20121017,000000,0.268528,0.268528,0.268528,0.268528,0,0
MMA_PB,D,20121018,000000,0.26013,0.293699,0.26013,0.293699,0,0
MMA_PB,D,20121025,000000,0.268528,0.268528,0.243356,0.243356,0,0
MMA_PB,D,20121026,000000,0.243356,0.243356,0.218175,0.218175,0,0
MMA_PB,D,20121029,000000,0.26013,0.26013,0.26013,0.26013,0,0
MMA_PB,D,20121030,000000,0.26013,0.310483,0.26013,0.310483,0,0
MMA_PB,D,20121031,000000,0.31887,0.344052,0.276915,0.310483,0,0
MMA_PB,D,20121102,000000,0.276915,0.310483,0.26013,0.310483,0,0
MMA_PB,D,20121106,000000,0.276915,0.293699,0.268528,0.276915,0,0
MMA_PB,D,20121109,000000,0.268528,0.276915,0.26013,0.26013,0,0
MMA_PB,D,20121112,000000,0.26013,0.26013,0.234949,0.234949,0,0
MMA_PB,D,20121113,000000,0.234949,0.234949,0.226572,0.226572,0,0
MMA_PB,D,20121115,000000,0.243356,0.251733,0.243356,0.251733,0,0
MMA_PB,D,20121116,000000,0.251733,0.285302,0.251733,0.285302,0,0
MMA_PB,D,20121119,000000,0.285302,0.327267,0.285302,0.327267,0,0
MMA_PB,D,20121120,000000,0.327267,0.386007,0.268528,0.302086,0,0
MMA_PB,D,20121126,000000,0.268528,0.293699,0.268528,0.293699,0,0
MMA_PB,D,20121127,000000,0.268528,0.285302,0.243356,0.243356,0,0
MMA_PB,D,20121128,000000,0.243356,0.243356,0.243356,0.243356,0,0
MMA_PB,D,20121129,000000,0.243356,0.276915,0.243356,0.26013,0,0
MMA_PB,D,20121203,000000,0.293699,0.293699,0.293699,0.293699,0,0
MMA_PB,D,20121206,000000,0.26013,0.26013,0.26013,0.26013,0,0
MMA_PB,D,20121207,000000,0.26013,0.26013,0.26013,0.26013,0,0
MMA_PB,D,20121210,000000,0.293699,0.352439,0.293699,0.352439,0,0
MMA_PB,D,20121211,000000,0.360836,0.427953,0.360836,0.427953,0,0
MMA_PB,D,20121212,000000,0.427953,0.495139,0.411178,0.478345,0,0
MMA_PB,D,20121213,000000,0.411178,0.478345,0.394394,0.43636,0,0
MMA_PB,D,20121217,000000,0.369223,0.511913,0.369223,0.511913,0,0
MMA_PB,D,20121218,000000,0.43636,0.495139,0.43636,0.495139,0,0
MMA_PB,D,20121227,000000,0.402781,0.453173,0.402781,0.453173,0,0
MMA_PB,D,20121228,000000,0.402781,0.486762,0.402781,0.486762,0,0
MMA_PB,D,20130102,000000,0.503526,0.503526,0.411178,0.478345,0,0
MMA_PB,D,20130103,000000,0.419566,0.469948,0.419566,0.469948,0,0
MMA_PB,D,20130104,000000,0.386007,0.503526,0.386007,0.495139,0,0
MMA_PB,D,20130107,000000,0.43636,0.461561,0.43636,0.461561,0,0
MMA_PB,D,20130108,000000,0.411178,0.43636,0.411178,0.43636,0,0
MMA_PB,D,20130109,000000,0.43636,0.495139,0.43636,0.495139,0,0
MMA_PB,D,20130111,000000,0.43636,0.495139,0.43636,0.495139,0,0
MMA_PB,D,20130114,000000,0.411178,0.43636,0.411178,0.43636,0,0
MMA_PB,D,20130121,000000,0.386007,0.461561,0.386007,0.461561,0,0
MMA_PB,D,20130123,000000,0.419566,0.43636,0.419566,0.43636,0,0
MMA_PB,D,20130125,000000,0.386007,0.419566,0.386007,0.419566,0,0
MMA_PB,D,20130128,000000,0.427953,0.427953,0.427953,0.427953,0,0
MMA_PB,D,20130130,000000,0.360836,0.386007,0.360836,0.360836,0,0
MMA_PB,D,20130131,000000,0.386007,0.386007,0.386007,0.386007,0,0
MMA_PB,D,20130201,000000,0.386007,0.386007,0.386007,0.386007,0,0
MMA_PB,D,20130204,000000,0.386007,0.411178,0.386007,0.386007,0,0
MMA_PB,D,20130205,000000,0.310483,0.386007,0.310483,0.386007,0,0
MMA_PB,D,20130211,000000,0.37761,0.427953,0.310483,0.360836,0,0
MMA_PB,D,20130212,000000,0.310483,0.335654,0.285302,0.31887,0,0
MMA_PB,D,20130213,000000,0.268528,0.31887,0.218175,0.31887,0,0
MMA_PB,D,20130215,000000,0.285302,0.335654,0.184616,0.218175,0,0
MMA_PB,D,20130218,000000,0.218175,0.234949,0.193004,0.218175,0,0
MMA_PB,D,20130219,000000,0.234949,0.251733,0.218175,0.218175,0,0
MMA_PB,D,20130220,000000,0.243356,0.243356,0.201391,0.201391,0,0
MMA_PB,D,20130221,000000,0.209778,0.209778,0.209778,0.209778,0,0
MMA_PB,D,20130222,000000,0.209778,0.209778,0.201391,0.209778,0,0
MMA_PB,D,20130225,000000,0.201391,0.251733,0.201391,0.251733,0,0
MMA_PB,D,20130226,000000,0.285302,0.31887,0.285302,0.31887,0,0
MMA_PB,D,20130228,000000,0.285302,0.31887,0.268528,0.268528,0,0
MMA_PB,D,20130301,000000,0.285302,0.293699,0.285302,0.293699,0,0
MMA_PB,D,20130304,000000,0.310483,0.335654,0.268528,0.335654,0,0
MMA_PB,D,20130306,000000,0.285302,0.37761,0.285302,0.37761,0,0
MMA_PB,D,20130308,000000,0.31887,0.369223,0.31887,0.369223,0,0
MMA_PB,D,20130311,000000,0.369223,0.369223,0.369223,0.369223,0,0
MMA_PB,D,20130312,000000,0.352439,0.411178,0.31887,0.411178,0,0
MMA_PB,D,20130314,000000,0.37761,0.37761,0.327267,0.327267,0,0
MMA_PB,D,20130315,000000,0.31887,0.386007,0.31887,0.352439,0,0
MMA_PB,D,20130318,000000,0.352439,0.352439,0.327267,0.327267,0,0
MMA_PB,D,20130319,000000,0.327267,0.327267,0.293699,0.293699,0,0
MMA_PB,D,20130320,000000,0.31887,0.31887,0.293699,0.293699,0,0
MMA_PB,D,20130322,000000,0.293699,0.293699,0.26013,0.26013,0,0
MMA_PB,D,20130325,000000,0.26013,0.26013,0.26013,0.26013,0,0
MMA_PB,D,20130326,000000,0.243356,0.243356,0.243356,0.243356,0,0
MMA_PB,D,20130327,000000,0.243356,0.243356,0.243356,0.243356,0,0
MMA_PB,D,20130403,000000,0.285302,0.285302,0.285302,0.285302,0,0
MMA_PB,D,20130412,000000,0.251733,0.293699,0.251733,0.293699,0,0
MMA_PB,D,20130415,000000,0.293699,0.293699,0.293699,0.293699,0,0
MMA_PB,D,20130423,000000,0.26013,0.293699,0.26013,0.293699,0,0
MMA_PB,D,20130424,000000,0.285302,0.293699,0.285302,0.293699,0,0
MMA_PB,D,20130429,000000,0.285302,0.402781,0.285302,0.402781,0,0
MMA_PB,D,20130430,000000,0.402781,0.478345,0.369223,0.402781,0,0
MMA_PB,D,20130502,000000,0.335654,0.352439,0.335654,0.352439,0,0
MMA_PB,D,20130509,000000,0.344052,0.344052,0.344052,0.344052,0,0
MMA_PB,D,20130515,000000,0.31887,0.43636,0.310483,0.427953,0,0
MMA_PB,D,20130517,000000,0.394394,0.427953,0.394394,0.427953,0,0
MMA_PB,D,20130520,000000,0.427953,0.427953,0.427953,0.427953,0,0
MMA_PB,D,20130521,000000,0.427953,0.427953,0.427953,0.427953,0,0
MMA_PB,D,20130522,000000,0.427953,0.461561,0.394394,0.461561,0,0
MMA_PB,D,20130524,000000,0.427953,0.427953,0.427953,0.427953,0,0
MMA_PB,D,20130527,000000,0.369223,0.427953,0.369223,0.427953,0,0
MMA_PB,D,20130528,000000,0.427953,0.461561,0.369223,0.369223,0,0
MMA_PB,D,20130529,000000,0.419566,0.419566,0.394394,0.394394,0,0
MMA_PB,D,20130531,000000,0.427953,0.427953,0.427953,0.427953,0,0
MMA_PB,D,20130603,000000,0.344052,0.394394,0.344052,0.394394,0,0
MMA_PB,D,20130604,000000,0.394394,0.394394,0.394394,0.394394,0,0
MMA_PB,D,20130605,000000,0.394394,0.394394,0.394394,0.394394,0,0
MMA_PB,D,20130606,000000,0.344052,0.394394,0.344052,0.394394,0,0
MMA_PB,D,20130610,000000,0.394394,0.394394,0.394394,0.394394,0,0
MMA_PB,D,20130611,000000,0.394394,0.394394,0.394394,0.394394,0,0
MMA_PB,D,20130612,000000,0.344052,0.352439,0.344052,0.352439,0,0
MMA_PB,D,20130613,000000,0.352439,0.369223,0.352439,0.369223,0,0
MMA_PB,D,20130614,000000,0.394394,0.394394,0.394394,0.394394,0,0
MMA_PB,D,20130617,000000,0.394394,0.394394,0.394394,0.394394,0,0
MMA_PB,D,20130618,000000,0.394394,0.394394,0.394394,0.394394,0,0
MMA_PB,D,20130701,000000,0.352439,0.394394,0.352439,0.394394,0,0
MMA_PB,D,20130703,000000,0.386007,0.386007,0.386007,0.386007,0,0
MMA_PB,D,20130705,000000,0.360836,0.360836,0.360836,0.360836,0,0
MMA_PB,D,20130708,000000,0.360836,0.386007,0.360836,0.386007,0,0
MMA_PB,D,20130715,000000,0.360836,0.360836,0.360836,0.360836,0,0
MMA_PB,D,20130716,000000,0.386007,0.419566,0.386007,0.411178,0,0
MMA_PB,D,20130722,000000,0.394394,0.411178,0.394394,0.394394,0,0
MMA_PB,D,20130723,000000,0.394394,0.394394,0.394394,0.394394,0,0
MMA_PB,D,20130725,000000,0.360836,0.360836,0.360836,0.360836,0,0
MMA_PB,D,20130726,000000,0.37761,0.37761,0.360836,0.360836,0,0
MMA_PB,D,20130801,000000,0.37761,0.37761,0.37761,0.37761,0,0
MMA_PB,D,20130802,000000,0.360836,0.37761,0.360836,0.37761,0,0
MMA_PB,D,20130805,000000,0.37761,0.411178,0.37761,0.411178,0,0
MMA_PB,D,20130806,000000,0.402781,0.402781,0.402781,0.402781,0,0
MMA_PB,D,20130807,000000,0.411178,0.461561,0.411178,0.461561,0,0
MMA_PB,D,20130808,000000,0.427953,0.427953,0.419566,0.419566,0,0
MMA_PB,D,20130809,000000,0.419566,0.419566,0.419566,0.419566,0,0
MMA_PB,D,20130812,000000,0.419566,0.419566,0.419566,0.419566,0,0
MMA_PB,D,20130816,000000,0.419566,0.419566,0.419566,0.419566,0,0
MMA_PB,D,20130819,000000,0.419566,0.419566,0.419566,0.419566,0,0
MMA_PB,D,20130822,000000,0.419566,0.453173,0.419566,0.453173,0,0
MMA_PB,D,20130823,000000,0.453173,0.453173,0.453173,0.453173,0,0
MMA_PB,D,20130826,000000,0.453173,0.453173,0.369223,0.419566,0,0
MMA_PB,D,20130827,000000,0.419566,0.419566,0.419566,0.419566,0,0
MMA_PB,D,20130829,000000,0.419566,0.486762,0.386007,0.411178,0,0
MMA_PB,D,20130830,000000,0.427953,0.427953,0.369223,0.427953,0,0
MMA_PB,D,20130902,000000,0.427953,0.427953,0.427953,0.427953,0,0
MMA_PB,D,20130903,000000,0.386007,0.427953,0.386007,0.427953,0,0
MMA_PB,D,20130905,000000,0.369223,0.386007,0.369223,0.386007,0,0
MMA_PB,D,20130909,000000,0.344052,0.386007,0.344052,0.386007,0,0
MMA_PB,D,20130910,000000,0.335654,0.386007,0.335654,0.386007,0,0
MMA_PB,D,20130918,000000,0.386007,0.386007,0.386007,0.386007,0,0
MMA_PB,D,20130919,000000,0.369223,0.37761,0.369223,0.37761,0,0
MMA_PB,D,20130920,000000,0.369223,0.369223,0.369223,0.369223,0,0
MMA_PB,D,20130925,000000,0.360836,0.369223,0.293699,0.369223,0,0
MMA_PB,D,20130926,000000,0.310483,0.310483,0.310483,0.310483,0,0
MMA_PB,D,20130927,000000,0.310483,0.369223,0.293699,0.369223,0,0
MMA_PB,D,20130930,000000,0.293699,0.293699,0.293699,0.293699,0,0
MMA_PB,D,20131001,000000,0.293699,0.293699,0.293699,0.293699,0,0
MMA_PB,D,20131003,000000,0.293699,0.293699,0.293699,0.293699,0,0
MMA_PB,D,20131007,000000,0.293699,0.344052,0.293699,0.293699,0,0
MMA_PB,D,20131008,000000,0.344052,0.344052,0.293699,0.344052,0,0
MMA_PB,D,20131009,000000,0.335654,0.335654,0.335654,0.335654,0,0
MMA_PB,D,20131010,000000,0.31887,0.31887,0.31887,0.31887,0,0
MMA_PB,D,20131014,000000,0.31887,0.31887,0.31887,0.31887,0,0
MMA_PB,D,20131015,000000,0.344052,0.344052,0.344052,0.344052,0,0
MMA_PB,D,20131017,000000,0.344052,0.369223,0.344052,0.369223,0,0
MMA_PB,D,20131018,000000,0.369223,0.43636,0.369223,0.43636,0,0
MMA_PB,D,20131021,000000,0.453173,0.453173,0.352439,0.386007,0,0
MMA_PB,D,20131022,000000,0.386007,0.386007,0.327267,0.386007,0,0
MMA_PB,D,20131023,000000,0.335654,0.335654,0.327267,0.327267,0,0
MMA_PB,D,20131024,000000,0.352439,0.402781,0.352439,0.402781,0,0
MMA_PB,D,20131025,000000,0.369223,0.402781,0.344052,0.386007,0,0
MMA_PB,D,20131028,000000,0.402781,0.453173,0.402781,0.453173,0,0
MMA_PB,D,20131029,000000,0.43636,0.486762,0.43636,0.486762,0,0
MMA_PB,D,20131030,000000,0.478345,0.478345,0.478345,0.478345,0,0
MMA_PB,D,20131104,000000,0.469948,0.469948,0.427953,0.427953,0,0
MMA_PB,D,20131105,000000,0.461561,0.461561,0.461561,0.461561,0,0
MMA_PB,D,20131106,000000,0.427953,0.427953,0.427953,0.427953,0,0
MMA_PB,D,20131107,000000,0.453173,0.528688,0.453173,0.486762,0,0
MMA_PB,D,20131112,000000,0.427953,0.469948,0.427953,0.469948,0,0
MMA_PB,D,20131113,000000,0.43636,0.43636,0.402781,0.427953,0,0
MMA_PB,D,20131118,000000,0.427953,0.453173,0.427953,0.453173,0,0
MMA_PB,D,20131119,000000,0.444737,0.444737,0.444737,0.444737,0,0
MMA_PB,D,20131120,000000,0.444737,0.444737,0.444737,0.444737,0,0
MMA_PB,D,20131121,000000,0.43636,0.43636,0.352439,0.394394,0,0
MMA_PB,D,20131122,000000,0.394394,0.427953,0.394394,0.427953,0,0
MMA_PB,D,20131125,000000,0.427953,0.427953,0.386007,0.386007,0,0
MMA_PB,D,20131126,000000,0.37761,0.394394,0.360836,0.394394,0,0
MMA_PB,D,20131127,000000,0.360836,0.386007,0.360836,0.386007,0,0
MMA_PB,D,20131128,000000,0.386007,0.394394,0.386007,0.394394,0,0
MMA_PB,D,20131129,000000,0.402781,0.478345,0.402781,0.478345,0,0
MMA_PB,D,20131202,000000,0.511913,0.553849,0.478345,0.478345,0,0
MMA_PB,D,20131203,000000,0.478345,0.511913,0.478345,0.511913,0,0
MMA_PB,D,20131204,000000,0.511913,0.570623,0.453173,0.511913,0,0
MMA_PB,D,20131205,000000,0.537075,0.537075,0.537075,0.537075,0,0
MMA_PB,D,20131210,000000,0.478345,0.478345,0.478345,0.478345,0,0
MMA_PB,D,20131212,000000,0.478345,0.478345,0.453173,0.478345,0,0
MMA_PB,D,20131213,000000,0.453173,0.453173,0.453173,0.453173,0,0
MMA_PB,D,20131216,000000,0.478345,0.511913,0.478345,0.511913,0,0
MMA_PB,D,20131220,000000,0.461561,0.461561,0.453173,0.453173,0,0
MMA_PB,D,20131223,000000,0.453173,0.503526,0.453173,0.503526,0,0
MMA_PB,D,20131230,000000,0.495139,0.495139,0.495139,0.495139,0,0
MMA_PB,D,20140102,000000,0.427953,0.478345,0.427953,0.478345,0,0
MMA_PB,D,20140107,000000,0.478345,0.478345,0.478345,0.478345,0,0
MMA_PB,D,20140113,000000,0.478345,0.478345,0.478345,0.478345,0,0
MMA_PB,D,20140114,000000,0.427953,0.427953,0.427953,0.427953,0,0
MMA_PB,D,20140116,000000,0.427953,0.427953,0.427953,0.427953,0,0
MMA_PB,D,20140121,000000,0.427953,0.453173,0.427953,0.453173,0,0
MMA_PB,D,20140122,000000,0.453173,0.453173,0.453173,0.453173,0,0
MMA_PB,D,20140123,000000,0.453173,0.478345,0.453173,0.478345,0,0
MMA_PB,D,20140124,000000,0.453173,0.453173,0.453173,0.453173,0,0
MMA_PB,D,20140128,000000,0.427953,0.427953,0.394394,0.394394,0,0
MMA_PB,D,20140130,000000,0.427953,0.453173,0.427953,0.453173,0,0
MMA_PB,D,20140131,000000,0.453173,0.453173,0.453173,0.453173,0,0
MMA_PB,D,20140203,000000,0.453173,0.553849,0.453173,0.553849,0,0
MMA_PB,D,20140204,000000,0.553849,0.553849,0.553849,0.553849,0,0
MMA_PB,D,20140205,000000,0.511913,0.511913,0.511913,0.511913,0,0
MMA_PB,D,20140206,000000,0.511913,0.553849,0.511913,0.553849,0,0
MMA_PB,D,20140207,000000,0.553849,0.553849,0.537075,0.537075,0,0
MMA_PB,D,20140210,000000,0.537075,0.537075,0.537075,0.537075,0,0
MMA_PB,D,20140211,000000,0.545462,0.545462,0.511913,0.545462,0,0
MMA_PB,D,20140212,000000,0.511913,0.511913,0.511913,0.511913,0,0
MMA_PB,D,20140213,000000,0.511913,0.511913,0.511913,0.511913,0,0
MMA_PB,D,20140214,000000,0.537075,0.537075,0.537075,0.537075,0,0
MMA_PB,D,20140218,000000,0.528688,0.553849,0.528688,0.553849,0,0
MMA_PB,D,20140219,000000,0.553849,0.553849,0.553849,0.553849,0,0
MMA_PB,D,20140220,000000,0.537075,0.646108,0.537075,0.646108,0,0
MMA_PB,D,20140221,000000,0.570623,0.620946,0.570623,0.620946,0,0
MMA_PB,D,20140224,000000,0.553849,0.553849,0.553849,0.553849,0,0
MMA_PB,D,20140225,000000,0.620946,0.620946,0.620946,0.620946,0,0
MMA_PB,D,20140227,000000,0.545462,0.545462,0.545462,0.545462,0,0
MMA_PB,D,20140303,000000,0.511913,0.562236,0.511913,0.562236,0,0
MMA_PB,D,20140304,000000,0.511913,0.511913,0.511913,0.511913,0,0
MMA_PB,D,20140307,000000,0.537075,0.537075,0.5203,0.5203,0,0
MMA_PB,D,20140310,000000,0.5203,0.5203,0.495139,0.495139,0,0
MMA_PB,D,20140311,000000,0.495139,0.495139,0.495139,0.495139,0,0
MMA_PB,D,20140312,000000,0.495139,0.5203,0.495139,0.5203,0,0
MMA_PB,D,20140313,000000,0.5203,0.553849,0.5203,0.553849,0,0
MMA_PB,D,20140314,000000,0.553849,0.553849,0.553849,0.553849,0,0
MMA_PB,D,20140318,000000,0.595785,0.629334,0.595785,0.629334,0,0
MMA_PB,D,20140319,000000,0.604172,0.604172,0.604172,0.604172,0,0
MMA_PB,D,20140324,000000,0.604172,0.604172,0.604172,0.604172,0,0
MMA_PB,D,20140325,000000,0.579011,0.579011,0.579011,0.579011,0,0
MMA_PB,D,20140401,000000,0.604172,0.604172,0.604172,0.604172,0,0
MMA_PB,D,20140402,000000,0.604172,0.604172,0.604172,0.604172,0,0
MMA_PB,D,20140409,000000,0.579011,0.604172,0.579011,0.604172,0,0
MMA_PB,D,20140410,000000,0.604172,0.604172,0.604172,0.604172,0,0
MMA_PB,D,20140411,000000,0.553849,0.553849,0.553849,0.553849,0,0
MMA_PB,D,20140414,000000,0.5203,0.5203,0.5203,0.5203,0,0
MMA_PB,D,20140512,000000,0.528688,0.528688,0.528688,0.528688,0,0
MMA_PB,D,20140515,000000,0.503526,0.503526,0.503526,0.503526,0,0
MMA_PB,D,20140526,000000,0.503526,0.503526,0.503526,0.503526,0,0
MMA_PB,D,20140529,000000,0.469948,0.469948,0.469948,0.469948,0,0
MMA_PB,D,20140604,000000,0.453173,0.453173,0.419566,0.419566,0,0
MMA_PB,D,20140609,000000,0.394394,0.394394,0.394394,0.394394,0,0
MMA_PB,D,20140617,000000,0.444737,0.444737,0.427953,0.427953,0,0
MMA_PB,D,20140623,000000,0.402781,0.402781,0.402781,0.402781,0,0
MMA_PB,D,20140625,000000,0.386007,0.402781,0.386007,0.402781,0,0
MMA_PB,D,20140701,000000,0.394394,0.394394,0.394394,0.394394,0,0
MMA_PB,D,20140702,000000,0.394394,0.394394,0.394394,0.394394,0,0
MMA_PB,D,20140703,000000,0.394394,0.394394,0.394394,0.394394,0,0
MMA_PB,D,20140704,000000,0.394394,0.402781,0.394394,0.394394,0,0
MMA_PB,D,20140707,000000,0.386007,0.402781,0.386007,0.402781,0,0
MMA_PB,D,20140708,000000,0.402781,0.402781,0.402781,0.402781,0,0
MMA_PB,D,20140710,000000,0.402781,0.402781,0.402781,0.402781,0,0
MMA_PB,D,20140722,000000,0.386007,0.43636,0.369223,0.369223,0,0
MMA_PB,D,20140723,000000,0.369223,0.402781,0.369223,0.402781,0,0
MMA_PB,D,20140724,000000,0.360836,0.360836,0.360836,0.360836,0,0
MMA_PB,D,20140725,000000,0.394394,0.411178,0.394394,0.411178,0,0
MMA_PB,D,20140730,000000,0.37761,0.37761,0.37761,0.37761,0,0
MMA_PB,D,20140731,000000,0.411178,0.43636,0.411178,0.43636,0,0
MMA_PB,D,20140801,000000,0.43636,0.43636,0.43636,0.43636,0,0
MMA_PB,D,20140804,000000,0.43636,0.43636,0.411178,0.411178,0,0
MMA_PB,D,20140805,000000,0.394394,0.394394,0.394394,0.394394,0,0
MMA_PB,D,20140808,000000,0.419566,0.444737,0.419566,0.444737,0,0
MMA_PB,D,20140829,000000,0.394394,0.402781,0.394394,0.402781,0,0
MMA_PB,D,20140902,000000,0.360836,0.360836,0.360836,0.360836,0,0
MMA_PB,D,20140911,000000,0.352439,0.352439,0.352439,0.352439,0,0
MMA_PB,D,20140926,000000,0.37761,0.394394,0.37761,0.394394,0,0
MMA_PB,D,20141113,000000,0.386007,0.386007,0.386007,0.386007,0,0
MMA_PB,D,20141126,000000,0.344052,0.344052,0.344052,0.344052,0,0
MMA_PB,D,20141204,000000,0.344052,0.344052,0.335654,0.335654,0,0
MMA_PB,D,20141208,000000,0.369223,0.386007,0.369223,0.386007,0,0
MMA_PB,D,20141230,000000,0.386007,0.386007,0.386007,0.386007,0,0
MMA_PB,D,20150202,000000,0.352439,0.352439,0.352439,0.352439,0,0
MMA_PB,D,20150209,000000,0.344052,0.344052,0.344052,0.344052,0,0
MMA_PB,D,20150313,000000,0.369223,0.369223,0.369223,0.369223,0,0
MMA_PB,D,20150410,000000,0.369223,0.369223,0.369223,0.369223,0,0
MMA_PB,D,20150422,000000,0.352439,0.352439,0.335654,0.335654,0,0
MMA_PB,D,20150428,000000,0.352439,0.352439,0.352439,0.352439,0,0
MMA_PB,D,20150519,000000,0.392667,0.392667,0.392667,0.392667,0,0
MMA_PB,D,20150707,000000,0.374818,0.374818,0.374818,0.374818,0,0
MMA_PB,D,20150709,000000,0.392667,0.446207,0.392667,0.446207,0,0
MMA_PB,D,20150710,000000,0.535496,0.535496,0.446207,0.490837,0,0
MMA_PB,D,20150714,000000,0.472977,0.526517,0.472977,0.526517,0,0
MMA_PB,D,20150715,000000,0.472977,0.571117,0.472977,0.571117,0,0
MMA_PB,D,20150716,000000,0.526517,0.562236,0.508756,0.508756,0,0
MMA_PB,D,20150723,000000,0.472977,0.472977,0.472977,0.472977,0,0
MMA_PB,D,20150728,000000,0.472977,0.553257,0.472977,0.508756,0,0
MMA_PB,D,20150729,000000,0.499777,0.535496,0.499777,0.508756,0,0
MMA_PB,D,20150805,000000,0.517636,0.517636,0.517636,0.517636,0,0
MMA_PB,D,20150807,000000,0.499777,0.508756,0.499777,0.508756,0,0
MMA_PB,D,20150810,000000,0.464057,0.490837,0.428367,0.455127,0,0
MMA_PB,D,20150812,000000,0.455127,0.455127,0.455127,0.455127,0,0
MMA_PB,D,20150814,000000,0.464057,0.472977,0.464057,0.472977,0,0
MMA_PB,D,20150817,000000,0.472977,0.472977,0.472977,0.472977,0,0
MMA_PB,D,20150818,000000,0.472977,0.490837,0.472977,0.490837,0,0
MMA_PB,D,20150824,000000,0.490837,0.490837,0.437287,0.437287,0,0
MMA_PB,D,20150825,000000,0.446207,0.472977,0.446207,0.472977,0,0
MMA_PB,D,20150826,000000,0.472977,0.472977,0.472977,0.472977,0,0
MMA_PB,D,20150907,000000,0.464057,0.464057,0.464057,0.464057,0,0
MMA_PB,D,20150918,000000,0.428367,0.428367,0.374818,0.374818,0,0
MMA_PB,D,20150921,000000,0.446207,0.446207,0.446207,0.446207,0,0
MMA_PB,D,20150922,000000,0.410507,0.410507,0.410507,0.410507,0,0
MMA_PB,D,20150930,000000,0.410507,0.410507,0.410507,0.410507,0,0
MMA_PB,D,20151012,000000,0.401587,0.401587,0.401587,0.401587,0,0
MMA_PB,D,20151013,000000,0.401587,0.401587,0.401587,0.401587,0,0
MMA_PB,D,20151016,000000,0.428367,0.428367,0.428367,0.428367,0,0
MMA_PB,D,20151106,000000,0.401587,0.401587,0.401587,0.401587,0,0
MMA_PB,D,20151119,000000,0.374818,0.374818,0.303418,0.330198,0,0
MMA_PB,D,20151120,000000,0.303418,0.330198,0.303418,0.330198,0,0
MMA_PB,D,20151123,000000,0.294498,0.294498,0.294498,0.294498,0,0
MMA_PB,D,20151125,000000,0.294498,0.294498,0.294498,0.294498,0,0
MMA_PB,D,20151127,000000,0.267728,0.276648,0.267728,0.276648,0,0
MMA_PB,D,20151215,000000,0.267728,0.267728,0.267728,0.267728,0,0
MMA_PB,D,20151216,000000,0.267728,0.267728,0.267728,0.267728,0,0
MMA_PB,D,20151228,000000,0.267728,0.276648,0.258808,0.276648,0,0
MMA_PB,D,20160118,000000,0.258808,0.276648,0.258808,0.276648,0,0
MMA_PB,D,20160122,000000,0.312348,0.312348,0.312348,0.312348,0,0
MMA_PB,D,20160127,000000,0.303418,0.312348,0.303418,0.312348,0,0
MMA_PB,D,20160128,000000,0.321268,0.365898,0.321268,0.330198,0,0
MMA_PB,D,20160129,000000,0.339118,0.339118,0.339118,0.339118,0,0
MMA_PB,D,20160201,000000,0.339118,0.410507,0.339118,0.410507,0,0
MMA_PB,D,20160202,000000,0.392667,0.392667,0.392667,0.392667,0,0
MMA_PB,D,20160210,000000,0.356958,0.356958,0.356958,0.356958,0,0
MMA_PB,D,20160216,000000,0.356958,0.356958,0.312348,0.312348,0,0
MMA_PB,D,20160310,000000,0.330198,0.348038,0.330198,0.348038,0,0
MMA_PB,D,20160408,000000,0.348038,0.374818,0.348038,0.374818,0,0
MMA_PB,D,20160411,000000,0.374818,0.374818,0.374818,0.374818,0,0
MMA_PB,D,20160415,000000,0.383738,0.383738,0.383738,0.383738,0,0
MMA_PB,D,20160425,000000,0.365898,0.365898,0.356958,0.356958,0,0
MMA_PB,D,20160513,000000,0.330198,0.330198,0.321268,0.321268,0,0
MMA_PB,D,20160516,000000,0.330198,0.374818,0.330198,0.374818,0,0
MMA_PB,D,20160531,000000,0.374818,0.419437,0.374818,0.419437,0,0
MMA_PB,D,20160613,000000,0.410507,0.410507,0.410507,0.410507,0,0
MMA_PB,D,20160831,000000,0.356958,0.374818,0.356958,0.374818,0,0
MMA_PB,D,20160902,000000,0.374818,0.374818,0.374818,0.374818,0,0
MMA_PB,D,20160906,000000,0.339118,0.374818,0.339118,0.374818,0,0
MMA_PB,D,20160909,000000,0.374818,0.446207,0.374818,0.437287,0,0
MMA_PB,D,20160912,000000,0.392667,0.428367,0.392667,0.428367,0,0
MMA_PB,D,20160915,000000,0.419437,0.419437,0.419437,0.419437,0,0
MMA_PB,D,20161003,000000,0.392667,0.455127,0.392667,0.455127,0,0
MMA_PB,D,20161006,000000,0.428367,0.428367,0.428367,0.428367,0,0
MMA_PB,D,20161017,000000,0.410507,0.410507,0.410507,0.410507,0,0
MMA_PB,D,20161020,000000,0.410507,0.410507,0.410507,0.410507,0,0
MMA_PB,D,20161028,000000,0.392667,0.419437,0.392667,0.410507,0,0
MMA_PB,D,20161123,000000,0.392667,0.392667,0.392667,0.392667,0,0
MMA_PB,D,20161128,000000,0.374818,0.374818,0.374818,0.374818,0,0
MMA_PB,D,20161207,000000,0.383738,0.455127,0.383738,0.455127,0,0
MMA_PB,D,20161213,000000,0.392667,0.392667,0.392667,0.392667,0,0
MMA_PB,D,20161222,000000,0.392667,0.392667,0.356958,0.356958,0,0
MMA_PB,D,20161227,000000,0.365898,0.365898,0.365898,0.365898,0,0
MMA_PB,D,20161228,000000,0.356958,0.356958,0.348038,0.348038,0,0
MMA_PB,D,20170102,000000,0.401587,0.401587,0.401587,0.401587,0,0
MMA_PB,D,20170125,000000,0.410507,0.410507,0.410507,0.410507,0,0
MMA_PB,D,20170131,000000,0.401587,0.401587,0.401587,0.401587,0,0
MMA_PB,D,20170201,000000,0.392667,0.392667,0.392667,0.392667,0,0
MMA_PB,D,20170206,000000,0.419437,0.472977,0.419437,0.472977,0,0
MMA_PB,D,20170216,000000,0.428367,0.428367,0.428367,0.428367,0,0
MMA_PB,D,20170217,000000,0.419437,0.419437,0.419437,0.419437,0,0
MMA_PB,D,20170221,000000,0.437287,0.481937,0.437287,0.481937,0,0
MMA_PB,D,20170224,000000,0.428367,0.428367,0.428367,0.428367,0,0
MMA_PB,D,20170313,000000,0.410507,0.410507,0.410507,0.410507,0,0
MMA_PB,D,20170329,000000,0.410507,0.410507,0.410507,0.410507,0,0
MMA_PB,D,20170508,000000,0.410507,0.490837,0.410507,0.490837,0,0
MMA_PB,D,20170509,000000,0.490837,0.490837,0.392667,0.490837,0,0
MMA_PB,D,20170510,000000,0.490837,0.490837,0.490837,0.490837,0,0
MMA_PB,D,20170515,000000,0.490837,0.490837,0.446207,0.455127,0,0
MMA_PB,D,20170516,000000,0.455127,0.544377,0.455127,0.526517,0,0
MMA_PB,D,20170517,000000,0.517636,0.517636,0.517636,0.517636,0,0
MMA_PB,D,20170526,000000,0.472977,0.472977,0.428367,0.428367,0,0
MMA_PB,D,20170704,000000,0.392667,0.392667,0.392667,0.392667,0,0
MMA_PB,D,20170714,000000,0.401587,0.401587,0.401587,0.401587,0,0
MMA_PB,D,20170927,000000,0.392667,0.392667,0.356958,0.356958,0,0
MMA_PB,D,20171005,000000,0.312348,0.312348,0.312348,0.312348,0,0
MMA_PB,D,20171006,000000,0.321268,0.321268,0.321268,0.321268,0,0
MMA_PB,D,20171010,000000,0.312348,0.312348,0.312348,0.312348,0,0
MMA_PB,D,20171107,000000,0.294498,0.321268,0.294498,0.321268,0,0
MMA_PB,D,20171127,000000,0.285568,0.285568,0.285568,0.285568,0,0
MMA_PB,D,20171128,000000,0.285568,0.285568,0.285568,0.285568,0,0
MMA_PB,D,20171205,000000,0.285568,0.285568,0.285568,0.285568,0,0
MMA_PB,D,20171212,000000,0.285568,0.285568,0.285568,0.285568,0,0
MMA_PB,D,20171220,000000,0.276648,0.276648,0.276648,0.276648,0,0
MMA_PB,D,20171221,000000,0.276648,0.276648,0.276648,0.276648,0,0
MMA_PB,D,20180109,000000,0.276648,0.285568,0.276648,0.285568,0,0
MMA_PB,D,20180110,000000,0.285568,0.339118,0.285568,0.339118,0,0
MMA_PB,D,20180119,000000,0.312348,0.339118,0.312348,0.339118,0,0
MMA_PB,D,20180122,000000,0.356958,0.356958,0.356958,0.356958,0,0
MMA_PB,D,20180124,000000,0.321268,0.321268,0.294498,0.294498,0,0
MMA_PB,D,20180214,000000,0.321268,0.383738,0.321268,0.348038,0,0
MMA_PB,D,20180215,000000,0.312348,0.356958,0.312348,0.348038,0,0
MMA_PB,D,20180321,000000,0.312348,0.321268,0.312348,0.321268,0,0
MMA_PB,D,20180420,000000,0.285568,0.321268,0.285568,0.321268,0,0
MMA_PB,D,20180427,000000,0.321268,0.330198,0.321268,0.330198,0,0
MMA_PB,D,20180502,000000,0.330198,0.330198,0.330198,0.330198,0,0
MMA_PB,D,20180515,000000,0.330198,0.330198,0.330198,0.330198,0,0
MMA_PB,D,20180516,000000,0.285568,0.339118,0.285568,0.339118,0,0
MMA_PB,D,20180528,000000,0.294498,0.339118,0.294498,0.339118,0,0
MMA_PB,D,20180529,000000,0.303418,0.348038,0.294498,0.348038,0,0
MMA_PB,D,20180530,000000,0.294498,0.294498,0.294498,0.294498,0,0
MMA_PB,D,20180605,000000,0.312348,0.312348,0.312348,0.312348,0,0
MMA_PB,D,20180814,000000,0.303418,0.303418,0.303418,0.303418,0,0
MMA_PB,D,20180816,000000,0.339118,0.339118,0.312348,0.312348,0,0
MMA_PB,D,20180817,000000,0.339118,0.339118,0.339118,0.339118,0,0
MMA_PB,D,20180907,000000,0.267728,0.312348,0.267728,0.312348,0,0
MMA_PB,D,20181106,000000,0.303418,0.312348,0.303418,0.312348,0,0
MMA_PB,D,20181107,000000,0.330198,0.330198,0.330198,0.330198,0,0
MMA_PB,D,20181116,000000,0.267728,0.312348,0.267728,0.312348,0,0
MMA_PB,D,20181129,000000,0.285568,0.330198,0.285568,0.330198,0,0
MMA_PB,D,20181207,000000,0.312348,0.312348,0.312348,0.312348,0,0
MMA_PB,D,20181221,000000,0.285568,0.285568,0.285568,0.285568,0,0
MMA_PB,D,20190108,000000,0.330198,0.365898,0.321268,0.321268,0,0
MMA_PB,D,20190109,000000,0.285568,0.339118,0.285568,0.339118,0,0
MMA_PB,D,20190123,000000,0.285568,0.285568,0.249869,0.258808,0,0
MMA_PB,D,20190124,000000,0.258808,0.258808,0.258808,0.258808,0,0
MMA_PB,D,20190214,000000,0.285568,0.294498,0.267728,0.267728,0,0
MMA_PB,D,20190221,000000,0.285568,0.285568,0.285568,0.285568,0,0
MMA_PB,D,20190307,000000,0.285568,0.285568,0.285568,0.285568,0,0
MMA_PB,D,20190314,000000,0.249869,0.249869,0.232029,0.232029,0,0
MMA_PB,D,20190322,000000,0.232029,0.232029,0.232029,0.232029,0,0
MMA_PB,D,20190325,000000,0.232029,0.232029,0.232029,0.232029,0,0
MMA_PB,D,20190327,000000,0.214179,0.223109,0.214179,0.223109,0,0
MMA_PB,D,20190402,000000,0.214179,0.214179,0.214179,0.214179,0,0
MMA_PB,D,20190515,000000,0.214179,0.249869,0.214179,0.249869,0,0
MMA_PB,D,20190516,000000,0.214179,0.276648,0.214179,0.276648,0,0
MMA_PB,D,20190529,000000,0.276648,0.276648,0.276648,0.276648,0,0
MMA_PB,D,20190604,000000,0.232029,0.240949,0.232029,0.240949,0,0
MMA_PB,D,20190606,000000,0.196339,0.232029,0.178479,0.232029,0,0
MMA_PB,D,20190611,000000,0.196339,0.196339,0.196339,0.196339,0,0
MMA_PB,D,20190612,000000,0.187409,0.187409,0.187409,0.187409,0,0
MMA_PB,D,20190619,000000,0.160639,0.160639,0.160639,0.160639,0,0
MMA_PB,D,20190621,000000,0.160639,0.160639,0.160639,0.160639,0,0
MMA_PB,D,20190709,000000,0.196339,0.205259,0.196339,0.205259,0,0
MMA_PB,D,20190712,000000,0.205259,0.205259,0.205259,0.205259,0,0
MMA_PB,D,20190716,000000,0.205259,0.205259,0.205259,0.205259,0,0
MMA_PB,D,20190717,000000,0.205259,0.205259,0.205259,0.205259,0,0
MMA_PB,D,20190730,000000,0.214179,0.240949,0.214179,0.232029,0,0
MMA_PB,D,20190731,000000,0.232029,0.276648,0.232029,0.249869,0,0
MMA_PB,D,20190801,000000,0.249869,0.276648,0.249869,0.276648,0,0
MMA_PB,D,20190802,000000,0.276648,0.294498,0.276648,0.294498,0,0
MMA_PB,D,20190805,000000,0.303418,0.348038,0.303418,0.348038,0,0
MMA_PB,D,20190806,000000,0.348038,0.383738,0.348038,0.383738,0,0
MMA_PB,D,20190808,000000,0.383738,0.383738,0.383738,0.383738,0,0
MMA_PB,D,20190809,000000,0.383738,0.383738,0.383738,0.383738,0,0
MMA_PB,D,20190816,000000,0.330198,0.330198,0.330198,0.330198,0,0
MMA_PB,D,20190821,000000,0.312348,0.312348,0.312348,0.312348,0,0
MMA_PB,D,20190827,000000,0.312348,0.312348,0.312348,0.312348,0,0
MMA_PB,D,20190829,000000,0.294498,0.294498,0.258808,0.258808,0,0
MMA_PB,D,20190830,000000,0.258808,0.258808,0.258808,0.258808,0,0
MMA_PB,D,20190906,000000,0.276648,0.276648,0.276648,0.276648,0,0
MMA_PB,D,20190911,000000,0.276648,0.392667,0.276648,0.392667,0,0
MMA_PB,D,20190912,000000,0.365898,0.437287,0.365898,0.365898,0,0
MMA_PB,D,20190916,000000,0.365898,0.365898,0.348038,0.348038,0,0
MMA_PB,D,20190927,000000,0.365898,0.365898,0.365898,0.365898,0,0
MMA_PB,D,20191114,000000,0.392667,0.410507,0.392667,0.410507,0,0
MMA_PB,D,20191115,000000,0.419437,0.419437,0.410507,0.410507,0,0
MMA_PB,D,20191119,000000,0.410507,0.410507,0.410507,0.410507,0,0
MMA_PB,D,20191120,000000,0.446207,0.446207,0.401587,0.401587,0,0
MMA_PB,D,20191125,000000,0.401587,0.481937,0.401587,0.481937,0,0
MMA_PB,D,20191127,000000,0.481937,0.571117,0.481937,0.571117,0,0
MMA_PB,D,20191128,000000,0.669296,0.669296,0.571117,0.571117,0,0
MMA_PB,D,20191129,000000,0.571117,0.571117,0.571117,0.571117,0,0
MMA_PB,D,20191202,000000,0.571117,0.571117,0.455127,0.455127,0,0
MMA_PB,D,20191204,000000,0.481937,0.481937,0.481937,0.481937,0,0
MMA_PB,D,20191205,000000,0.490837,0.490837,0.481937,0.490837,0,0
MMA_PB,D,20191211,000000,0.517636,0.517636,0.517636,0.517636,0,0
MMA_PB,D,20191212,000000,0.517636,0.517636,0.517636,0.517636,0,0
MMA_PB,D,20200120,000000,0.481937,0.481937,0.481937,0.481937,0,0
MMA_PB,D,20200127,000000,0.455127,0.455127,0.455127,0.455127,0,0
MMA_PB,D,20200128,000000,0.455127,0.455127,0.455127,0.455127,0,0
MMA_PB,D,20200206,000000,0.455127,0.508756,0.455127,0.508756,0,0
MMA_PB,D,20200210,000000,0.535496,0.562236,0.535496,0.553257,0,0
MMA_PB,D,20200211,000000,0.508756,0.508756,0.508756,0.508756,0,0
MMA_PB,D,20200227,000000,0.472977,0.472977,0.472977,0.472977,0,0
MMA_PB,D,20200309,000000,0.428367,0.428367,0.428367,0.428367,0,0
MMA_PB,D,20200311,000000,0.392667,0.392667,0.392667,0.392667,0,0
MMA_PB,D,20200312,000000,0.392667,0.392667,0.392667,0.392667,0,0
MMA_PB,D,20200330,000000,0.365898,0.365898,0.365898,0.365898,0,0
MMA_PB,D,20200402,000000,0.348038,0.365898,0.348038,0.365898,0,0
MMA_PB,D,20200409,000000,0.383738,0.392667,0.383738,0.392667,0,0
MMA_PB,D,20200421,000000,0.383738,0.383738,0.383738,0.383738,0,0
MMA_PB,D,20200424,000000,0.392667,0.392667,0.392667,0.392667,0,0
MMA_PB,D,20200427,000000,0.383738,0.392667,0.383738,0.392667,0,0
MMA_PB,D,20200430,000000,0.401587,0.571117,0.401587,0.571117,0,0
MMA_PB,D,20200504,000000,0.651436,0.651436,0.428367,0.428367,0,0
MMA_PB,D,20200505,000000,0.374818,0.446207,0.330198,0.428367,0,0
MMA_PB,D,20200506,000000,0.455127,0.472977,0.428367,0.472977,0,0
MMA_PB,D,20200507,000000,0.437287,0.437287,0.437287,0.437287,0,0
MMA_PB,D,20200511,000000,0.428367,0.428367,0.428367,0.428367,0,0
MMA_PB,D,20200513,000000,0.428367,0.428367,0.374818,0.374818,0,0
MMA_PB,D,20200515,000000,0.428367,0.499777,0.428367,0.499777,0,0
MMA_PB,D,20200518,000000,0.508756,0.589075,0.508756,0.544377,0,0
MMA_PB,D,20200521,000000,0.615815,0.615815,0.544377,0.597956,0,0
MMA_PB,D,20200522,000000,0.571117,0.571117,0.571117,0.571117,0,0
MMA_PB,D,20200527,000000,0.615815,0.615815,0.615815,0.615815,0,0
MMA_PB,D,20200528,000000,0.615815,0.615815,0.571117,0.615815,0,0
MMA_PB,D,20200529,000000,0.615815,0.615815,0.571117,0.571117,0,0
MMA_PB,D,20200601,000000,0.571117,0.571117,0.571117,0.571117,0,0
MMA_PB,D,20200602,000000,0.615815,0.615815,0.544377,0.544377,0,0
MMA_PB,D,20200603,000000,0.571117,0.669296,0.571117,0.669296,0,0
MMA_PB,D,20200605,000000,0.669296,0.705015,0.669296,0.705015,0,0
MMA_PB,D,20200608,000000,0.669296,0.705015,0.669296,0.705015,0,0
MMA_PB,D,20200609,000000,0.669296,0.669296,0.597956,0.597956,0,0
MMA_PB,D,20200610,000000,0.669296,0.669296,0.669296,0.669296,0,0
MMA_PB,D,20200612,000000,0.615815,0.705015,0.615815,0.705015,0,0
MMA_PB,D,20200615,000000,0.696036,0.749615,0.696036,0.749615,0,0
MMA_PB,D,20200616,000000,0.767475,0.767475,0.696036,0.696036,0,0
MMA_PB,D,20200617,000000,0.722777,0.722777,0.722777,0.722777,0,0
MMA_PB,D,20200619,000000,0.722777,0.722777,0.722777,0.722777,0,0
MMA_PB,D,20200624,000000,0.749615,0.749615,0.749615,0.749615,0,0
MMA_PB,D,20200625,000000,0.722777,0.722777,0.722777,0.722777,0,0
MMA_PB,D,20200626,000000,0.731756,0.731756,0.731756,0.731756,0,0
MMA_PB,D,20200629,000000,0.794709,0.794709,0.766291,0.766291,0,0
MMA_PB,D,20200706,000000,0.775764,0.775764,0.775764,0.775764,0,0
MMA_PB,D,20200707,000000,0.766291,0.766291,0.766291,0.766291,0,0
MMA_PB,D,20200709,000000,0.766291,0.766291,0.766291,0.766291,0,0
MMA_PB,D,20200710,000000,0.794709,0.794709,0.794709,0.794709,0,0
MMA_PB,D,20200713,000000,0.794709,0.794709,0.794709,0.794709,0,0
MMA_PB,D,20200715,000000,0.946073,0.946073,0.946073,0.946073,0,0
MMA_PB,D,20200716,000000,0.879863,0.955545,0.879863,0.955545,0,0
MMA_PB,D,20200717,000000,0.927127,0.927127,0.927127,0.927127,0,0
MMA_PB,D,20200720,000000,0.946073,0.955545,0.946073,0.955545,0,0
MMA_PB,D,20200721,000000,0.955545,0.955545,0.955545,0.955545,0,0
MMA_PB,D,20200723,000000,0.955545,0.955545,0.955545,0.955545,0,0
MMA_PB,D,20200724,000000,0.946073,0.946073,0.946073,0.946073,0,0
MMA_PB,D,20200728,000000,0.983963,0.983963,0.983963,0.983963,0,0
MMA_PB,D,20200730,000000,0.879863,0.879863,0.879863,0.879863,0,0
MMA_PB,D,20200731,000000,0.927127,0.927127,0.927127,0.927127,0,0
MMA_PB,D,20200805,000000,0.927127,0.927127,0.927127,0.927127,0,0
MMA_PB,D,20200806,000000,1.01228,1.01228,1.01228,1.01228,0,0
MMA_PB,D,20200810,000000,1.00291,1.00291,0.879863,0.927127,0,0
MMA_PB,D,20200811,000000,0.983963,0.983963,0.9366,0.9366,0,0
MMA_PB,D,20200824,000000,0.993435,0.993435,0.993435,0.993435,0,0
MMA_PB,D,20200827,000000,0.993435,1.00291,0.993435,1.00291,0,0
MMA_PB,D,20200831,000000,1.05017,1.05017,1.05017,1.05017,0,0
MMA_PB,D,20200903,000000,1.0407,1.0407,1.0407,1.0407,0,0
MMA_PB,D,20200907,000000,1.0407,1.05017,1.0407,1.05017,0,0
MMA_PB,D,20200908,000000,1.01228,1.01228,1.01228,1.01228,0,0
MMA_PB,D,20200923,000000,0.946073,0.946073,0.9366,0.9366,0,0
MMA_PB,D,20200930,000000,0.823127,0.823127,0.66229,0.66229,0,0
MMA_PB,D,20201001,000000,0.719027,0.719027,0.719027,0.719027,0,0
MMA_PB,D,20201007,000000,0.775764,0.775764,0.775764,0.775764,0,0
MMA_PB,D,20201008,000000,0.775764,0.879863,0.775764,0.879863,0,0
MMA_PB,D,20201013,000000,0.879863,0.879863,0.879863,0.879863,0,0
MMA_PB,D,20201015,000000,0.851446,0.851446,0.823127,0.823127,0,0
MMA_PB,D,20201022,000000,0.823127,0.823127,0.775764,0.775764,0,0
MMA_PB,D,20201029,000000,0.823127,0.9366,0.823127,0.9366,0,0
MMA_PB,D,20201030,000000,0.955545,0.955545,0.9366,0.9366,0,0
MMA_PB,D,20201102,000000,0.9366,0.9366,0.9366,0.9366,0,0
MMA_PB,D,20201103,000000,0.9366,1.05017,0.9366,1.05017,0,0
MMA_PB,D,20201104,000000,1.05017,1.05017,0.823127,0.823127,0,0
MMA_PB,D,20201105,000000,0.823127,0.908281,0.823127,0.908281,0,0
MMA_PB,D,20201106,000000,0.965018,0.965018,0.965018,0.965018,0,0
MMA_PB,D,20201119,000000,0.955545,0.955545,0.955545,0.955545,0,0
MMA_PB,D,20201124,000000,0.955545,0.955545,0.955545,0.955545,0,0
MMA_PB,D,20201130,000000,0.955545,0.955545,0.870391,0.870391,0,0
MMA_PB,D,20201204,000000,0.794709,0.794709,0.766291,0.766291,0,0
MMA_PB,D,20201207,000000,0.794709,0.794709,0.794709,0.794709,0,0
MMA_PB,D,20201211,000000,0.842072,0.842072,0.842072,0.842072,0,0
MMA_PB,D,20201214,000000,0.842072,0.842072,0.842072,0.842072,0,0
MMA_PB,D,20201217,000000,0.842072,0.842072,0.842072,0.842072,0,0
MMA_PB,D,20201218,000000,0.842072,0.842072,0.794709,0.794709,0,0
MMA_PB,D,20201223,000000,0.747445,0.747445,0.690609,0.747445,0,0
MMA_PB,D,20201228,000000,0.690609,0.690609,0.690609,0.690609,0,0
MMA_PB,D,20201229,000000,0.643345,0.643345,0.643345,0.643345,0,0
MMA_PB,D,20210104,000000,0.633873,0.690609,0.633873,0.690609,0,0
MMA_PB,D,20210111,000000,0.737972,0.737972,0.737972,0.737972,0,0
MMA_PB,D,20210115,000000,0.737972,0.794709,0.719027,0.794709,0,0
MMA_PB,D,20210118,000000,0.794709,0.794709,0.794709,0.794709,0,0
MMA_PB,D,20210120,000000,0.842072,0.842072,0.794709,0.794709,0,0
MMA_PB,D,20210122,000000,0.766291,0.766291,0.766291,0.766291,0,0
MMA_PB,D,20210125,000000,0.823127,0.823127,0.794709,0.794709,0,0
MMA_PB,D,20210127,000000,0.794709,0.794709,0.633873,0.633873,0,0
MMA_PB,D,20210128,000000,0.633873,0.709554,0.605455,0.652818,0,0
MMA_PB,D,20210129,000000,0.652818,0.766291,0.652818,0.766291,0,0
MMA_PB,D,20210201,000000,0.794709,0.870391,0.794709,0.870391,0,0
MMA_PB,D,20210202,000000,0.860918,0.860918,0.737972,0.860918,0,0
MMA_PB,D,20210203,000000,0.794709,0.794709,0.671763,0.671763,0,0
MMA_PB,D,20210204,000000,0.681235,0.737972,0.681235,0.737972,0,0
MMA_PB,D,20210208,000000,0.766291,0.766291,0.766291,0.766291,0,0
MMA_PB,D,20210209,000000,0.794709,0.842072,0.794709,0.842072,0,0
MMA_PB,D,20210212,000000,0.842072,0.898808,0.842072,0.860918,0,0
MMA_PB,D,20210215,000000,0.860918,0.965018,0.860918,0.917754,0,0
MMA_PB,D,20210216,000000,0.917754,0.917754,0.860918,0.860918,0,0
MMA_PB,D,20210218,000000,0.823127,0.823127,0.813654,0.813654,0,0
MMA_PB,D,20210219,000000,0.908281,0.917754,0.860918,0.860918,0,0
MMA_PB,D,20210224,000000,0.813654,0.813654,0.813654,0.813654,0,0
MMA_PB,D,20210225,000000,0.842072,0.842072,0.842072,0.842072,0,0
MMA_PB,D,20210311,000000,0.860918,0.965018,0.860918,0.965018,0,0
MMA_PB,D,20210312,000000,0.917754,0.955545,0.917754,0.955545,0,0
MMA_PB,D,20210322,000000,0.860918,0.860918,0.860918,0.860918,0,0
MMA_PB,D,20210326,000000,0.860918,0.860918,0.860918,0.860918,0,0
MMA_PB,D,20210329,000000,0.917754,0.917754,0.917754,0.917754,0,0
MMA_PB,D,20210413,000000,0.965018,0.965018,0.9366,0.9366,0,0
MMA_PB,D,20210414,000000,0.965018,1.01228,0.917754,0.965018,0,0
MMA_PB,D,20210415,000000,0.965018,0.965018,0.917754,0.917754,0,0
MMA_PB,D,20210416,000000,0.917754,1.00291,0.917754,1.00291,0,0
MMA_PB,D,20210419,000000,0.917754,0.917754,0.917754,0.917754,0,0
MMA_PB,D,20210420,000000,1.00291,1.00291,1.00291,1.00291,0,0
MMA_PB,D,20210427,000000,0.917754,0.917754,0.785236,0.804181,0,0
MMA_PB,D,20210428,000000,0.860918,0.860918,0.860918,0.860918,0,0
MMA_PB,D,20210429,000000,0.860918,0.993435,0.860918,0.965018,0,0
MMA_PB,D,20210430,000000,0.965018,1.16374,0.813654,1.16374,0,0
MMA_PB,D,20210504,000000,1.17312,1.2488,1.17312,1.2488,0,0
MMA_PB,D,20210505,000000,1.2488,1.30564,1.2488,1.30564,0,0
MMA_PB,D,20210506,000000,1.16374,1.29616,1.16374,1.28669,0,0
MMA_PB,D,20210510,000000,1.22995,1.28669,1.22048,1.28669,0,0
MMA_PB,D,20210511,000000,1.28669,1.30564,1.28669,1.30564,0,0
MMA_PB,D,20210512,000000,1.29616,1.29616,1.29616,1.29616,0,0
MMA_PB,D,20210513,000000,1.30564,1.30564,1.30564,1.30564,0,0
MMA_PB,D,20210514,000000,1.30564,1.37184,1.30564,1.37184,0,0
MMA_PB,D,20210517,000000,1.37184,1.37184,1.29616,1.29616,0,0
MMA_PB,D,20210519,000000,1.28669,1.28669,1.28669,1.28669,0,0
MMA_PB,D,20210520,000000,1.28669,1.28669,1.28669,1.28669,0,0
MMA_PB,D,20210527,000000,1.28669,1.28669,1.28669,1.28669,0,0
MMA_PB,D,20210528,000000,1.29616,1.29616,1.29616,1.29616,0,0
MMA_PB,D,20210531,000000,1.34343,1.34343,1.34343,1.34343,0,0
MMA_PB,D,20210601,000000,1.3529,1.3529,1.3529,1.3529,0,0
MMA_PB,D,20210604,000000,1.3529,1.38132,1.27722,1.37184,0,0
MMA_PB,D,20210607,000000,1.37184,1.38132,1.37184,1.38132,0,0
MMA_PB,D,20210608,000000,1.38132,1.63678,1.38132,1.62731,0,0
MMA_PB,D,20210609,000000,1.62731,1.91109,1.62731,1.8733,0,0
MMA_PB,D,20210610,000000,1.85435,1.85435,1.85435,1.85435,0,0
MMA_PB,D,20210615,000000,1.82594,1.82594,1.82594,1.82594,0,0
MMA_PB,D,20210616,000000,1.79762,1.82594,1.79762,1.82594,0,0
MMA_PB,D,20210617,000000,1.83541,1.83541,1.83541,1.83541,0,0
MMA_PB,D,20210618,000000,1.75973,1.75973,1.75025,1.75973,0,0
MMA_PB,D,20210621,000000,1.80709,1.80709,1.73131,1.73131,0,0
MMA_PB,D,20210622,000000,1.63678,1.80709,1.457,1.80709,0,0
MMA_PB,D,20210623,000000,1.80709,1.80709,1.80709,1.80709,0,0
MMA_PB,D,20210628,000000,1.48542,1.6651,1.48542,1.62731,0,0
MMA_PB,D,20210630,000000,1.7465,1.7465,1.7465,1.7465,0,0
MMA_PB,D,20210707,000000,1.69717,1.69717,1.5985,1.5985,0,0
MMA_PB,D,20210709,000000,1.69717,1.69717,1.69717,1.69717,0,0
MMA_PB,D,20210713,000000,1.5985,1.5985,1.5985,1.5985,0,0
MMA_PB,D,20210714,000000,1.49982,1.49982,1.49982,1.49982,0,0
MMA_PB,D,20210715,000000,1.45049,1.45049,1.25314,1.35181,0,0
MMA_PB,D,20210716,000000,1.30248,1.40115,1.25314,1.40115,0,0
MMA_PB,D,20210719,000000,1.45049,1.49982,1.45049,1.49982,0,0
MMA_PB,D,20210720,000000,1.49982,1.49982,1.45049,1.45049,0,0
MMA_PB,D,20210723,000000,1.48996,2.13133,1.48996,2.13133,0,0
MMA_PB,D,20210726,000000,2.43721,2.48655,2.00305,2.00305,0,0
MMA_PB,D,20210727,000000,1.95372,2.05239,1.70704,2.05239,0,0
MMA_PB,D,20210728,000000,2.05239,2.05239,2.05239,2.05239,0,0
MMA_PB,D,20210729,000000,2.07212,2.07212,2.00305,2.00305,0,0
MMA_PB,D,20210730,000000,1.95372,2.07212,1.90438,2.07212,0,0
MMA_PB,D,20210802,000000,1.7169,2.06226,1.7169,2.06226,0,0
MMA_PB,D,20210803,000000,1.72677,2.07212,1.49982,2.06226,0,0
MMA_PB,D,20210805,000000,1.95372,2.10173,1.95372,2.10173,0,0
MMA_PB,D,20210810,000000,1.85504,2.00305,1.76624,2.00305,0,0
MMA_PB,D,20210811,000000,1.90438,1.90438,1.90438,1.90438,0,0
MMA_PB,D,20210812,000000,1.90438,1.90438,1.90438,1.90438,0,0
MMA_PB,D,20210813,000000,1.90438,2.10173,1.85504,2.10173,0,0
MMA_PB,D,20210816,000000,2.13133,2.24973,1.70704,2.23987,0,0
MMA_PB,D,20210817,000000,1.90438,2.14119,1.90438,2.14119,0,0
MMA_PB,D,20210820,000000,2.07212,2.07212,2.07212,2.07212,0,0
MMA_PB,D,20210901,000000,1.98332,1.98332,1.98332,1.98332,0,0
MMA_PB,D,20210903,000000,1.98332,1.98332,1.98332,1.98332,0,0
MMA_PB,D,20210907,000000,1.97345,1.97345,1.97345,1.97345,0,0
MMA_PB,D,20210908,000000,1.97345,1.98332,1.97345,1.98332,0,0
MMA_PB,D,20210909,000000,1.98332,1.98332,1.98332,1.98332,0,0
MMA_PB,D,20210913,000000,1.98332,2.08199,1.98332,2.08199,0,0
MMA_PB,D,20210914,000000,1.75637,2.47668,1.75637,2.06226,0,0
MMA_PB,D,20210915,000000,2.1708,2.1708,1.80571,2.11159,0,0
MMA_PB,D,20210917,000000,2.12146,2.12146,2.12146,2.12146,0,0
MMA_PB,D,20210920,000000,2.03265,2.08199,1.85504,2.08199,0,0
MMA_PB,D,20211001,000000,1.88465,1.88465,1.78597,1.83531,0,0
MMA_PB,D,20211004,000000,1.98332,1.98332,1.88465,1.88465,0,0
MMA_PB,D,20211005,000000,1.96358,1.96358,1.96358,1.96358,0,0
MMA_PB,D,20211007,000000,1.98332,1.98332,1.98332,1.98332,0,0
MMA_PB,D,20211008,000000,1.88465,1.88465,1.88465,1.88465,0,0
MMA_PB,D,20211011,000000,1.79584,1.88465,1.79584,1.88465,0,0
MMA_PB,D,20211015,000000,1.93398,1.98332,1.93398,1.98332,0,0
MMA_PB,D,20211019,000000,1.78597,2.03265,1.73664,2.03265,0,0
MMA_PB,D,20211025,000000,1.78597,1.93398,1.7465,1.93398,0,0
MMA_PB,D,20211029,000000,2.03265,2.03265,2.03265,2.03265,0,0
MMA_PB,D,20211102,000000,2.03265,2.14119,2.03265,2.14119,0,0
MMA_PB,D,20211104,000000,2.08199,2.08199,2.08199,2.08199,0,0
MMA_PB,D,20211110,000000,1.98332,2.08199,1.88465,1.88465,0,0
MMA_PB,D,20211112,000000,2.08199,2.08199,2.00305,2.00305,0,0
MMA_PB,D,20211115,000000,1.97345,1.97345,1.83531,1.83531,0,0
MMA_PB,D,20211116,000000,1.83531,1.88465,1.75637,1.75637,0,0
MMA_PB,D,20211117,000000,1.75637,1.85504,1.75637,1.85504,0,0
MMA_PB,D,20211118,000000,1.75637,1.75637,1.75637,1.75637,0,0
MMA_PB,D,20211119,000000,1.84518,1.84518,1.84518,1.84518,0,0
MMA_PB,D,20211124,000000,1.82544,1.82544,1.82544,1.82544,0,0
MMA_PB,D,20211125,000000,1.61823,1.82544,1.61823,1.82544,0,0
MMA_PB,D,20211129,000000,1.61823,1.82544,1.61823,1.82544,0,0
MMA_PB,D,20211202,000000,1.56889,1.69717,1.34195,1.38142,0,0
MMA_PB,D,20211203,000000,1.38142,1.38142,1.20381,1.20381,0,0
MMA_PB,D,20211206,000000,1.29261,1.29261,1.29261,1.29261,0,0
MMA_PB,D,20211207,000000,1.29261,1.29261,1.10513,1.24327,0,0
MMA_PB,D,20211208,000000,1.35181,1.61823,1.35181,1.61823,0,0
MMA_PB,D,20211209,000000,1.38142,1.61823,1.38142,1.56889,0,0
MMA_PB,D,20211210,000000,1.38142,1.55903,1.38142,1.55903,0,0
MMA_PB,D,20211216,000000,1.55903,1.55903,1.55903,1.55903,0,0
MMA_PB,D,20211217,000000,1.38142,1.54916,1.38142,1.54916,0,0
MMA_PB,D,20211220,000000,1.39128,1.54916,1.38142,1.54916,0,0
MMA_PB,D,20211221,000000,1.38142,1.51956,1.38142,1.51956,0,0
MMA_PB,D,20211223,000000,1.82544,1.98332,1.77611,1.96358,0,0
MMA_PB,D,20211227,000000,1.84518,1.93398,1.82544,1.93398,0,0
MMA_PB,D,20211228,000000,1.93398,1.93398,1.86491,1.86491,0,0
MMA_PB,D,20211229,000000,1.84518,1.91425,1.76624,1.91425,0,0
MMA_PB,D,20211230,000000,1.91425,1.91425,1.85504,1.85504,0,0
MMA_PB,D,20220103,000000,2.05239,2.05239,1.85504,1.85504,0,0
MMA_PB,D,20220105,000000,1.86491,2.00305,1.84518,2.00305,0,0
MMA_PB,D,20220107,000000,1.97345,1.97345,1.96358,1.96358,0,0
MMA_PB,D,20220111,000000,1.81558,1.94385,1.81558,1.86491,0,0
MMA_PB,D,20220112,000000,1.85504,1.85504,1.84518,1.85504,0,0
MMA_PB,D,20220113,000000,1.79584,1.89451,1.79584,1.84518,0,0
MMA_PB,D,20220114,000000,1.80571,1.89451,1.79584,1.89451,0,0
MMA_PB,D,20220117,000000,1.89451,1.89451,1.80571,1.88465,0,0
MMA_PB,D,20220118,000000,1.88465,1.88465,1.80571,1.80571,0,0
MMA_PB,D,20220120,000000,1.80571,1.80571,1.79584,1.79584,0,0
MMA_PB,D,20220121,000000,1.79584,1.79584,1.79584,1.79584,0,0
MMA_PB,D,20220124,000000,1.89451,1.89451,1.89451,1.89451,0,0
MMA_PB,D,20220126,000000,1.89451,2.2004,1.89451,2.19053,0,0
MMA_PB,D,20220127,000000,2.18066,2.19053,2.18066,2.19053,0,0
MMA_PB,D,20220128,000000,2.19053,2.19053,2.18066,2.18066,0,0
MMA_PB,D,20220131,000000,2.19053,2.2004,2.18066,2.2004,0,0
MMA_PB,D,20220201,000000,2.19053,2.2004,2.19053,2.19053,0,0
MMA_PB,D,20220202,000000,2.19053,2.19053,2.19053,2.19053,0,0
MMA_PB,D,20220203,000000,2.19053,2.19053,2.19053,2.19053,0,0
MMA_PB,D,20220207,000000,2.19053,2.19053,2.19053,2.19053,0,0
MMA_PB,D,20220208,000000,2.19053,2.19053,2.19053,2.19053,0,0
MMA_PB,D,20220211,000000,2.2004,2.2004,2.2004,2.2004,0,0
MMA_PB,D,20220214,000000,2.2004,2.2004,2.19053,2.19053,0,0
MMA_PB,D,20220215,000000,2.19053,2.2004,2.19053,2.2004,0,0
MMA_PB,D,20220216,000000,2.2004,2.2004,2.2004,2.2004,0,0
MMA_PB,D,20220224,000000,2.2004,2.2004,2.19053,2.2004,0,0
MMA_PB,D,20220225,000000,2.19053,2.2004,2.19053,2.2004,0,0
MMA_PB,D,20220228,000000,2.2004,2.60496,2.19053,2.60496,0,0
MMA_PB,D,20220301,000000,2.60496,2.60496,2.60496,2.60496,0,0
MMA_PB,D,20220308,000000,2.60496,2.60496,2.60496,2.60496,0,0
MMA_PB,D,20220310,000000,2.61482,2.61482,2.61482,2.61482,0,0
MMA_PB,D,20220318,000000,2.47668,2.47668,2.01292,2.01292,0,0
MMA_PB,D,20220321,000000,2.14119,2.14119,2.14119,2.14119,0,0
MMA_PB,D,20220323,000000,2.33854,2.33854,2.33854,2.33854,0,0
MMA_PB,D,20220329,000000,2.57535,2.62469,2.53588,2.53588,0,0
MMA_PB,D,20220406,000000,2.60496,2.60496,2.60496,2.60496,0,0
MMA_PB,D,20220412,000000,2.51615,2.51615,2.51615,2.51615,0,0
MMA_PB,D,20220419,000000,2.51615,2.51615,2.51615,2.51615,0,0
MMA_PB,D,20220420,000000,2.52602,2.52602,2.52602,2.52602,0,0
MMA_PB,D,20220421,000000,2.44708,2.44708,2.44708,2.44708,0,0
MMA_PB,D,20220422,000000,2.51615,2.51615,2.51615,2.51615,0,0
MMA_PB,D,20220425,000000,2.48655,2.48655,2.48655,2.48655,0,0
