<TICKER>,<PER>,<DATE>,<TIME>,<OPEN>,<HIGH>,<LOW>,<CLOSE>,<VOL>,<OPENINT>
MNS_MV,D,20120511,000000,9.699,9.699,9.699,9.699,0,0
MNS_MV,D,20120514,000000,9.566,9.566,8.1876,8.1876,0,0
MNS_MV,D,20120515,000000,8.6473,8.6473,6.5518,6.8525,0,0
MNS_MV,D,20120516,000000,6.6668,6.6668,5.703,5.703,0,0
MNS_MV,D,20120521,000000,5.3316,5.3316,5.3316,5.3316,0,0
MNS_MV,D,20120523,000000,5.0664,5.0664,4.8895,4.8895,0,0
MNS_MV,D,20120525,000000,5.703,6.8436,5.146,6.8436,0,0
MNS_MV,D,20120528,000000,5.7914,5.7914,5.7914,5.7914,0,0
MNS_MV,D,20120601,000000,5.703,5.703,5.703,5.703,0,0
MNS_MV,D,20120605,000000,5.6942,5.6942,5.6942,5.6942,0,0
MNS_MV,D,20120606,000000,5.6854,5.6854,5.6854,5.6854,0,0
MNS_MV,D,20120611,000000,5.6058,5.6058,5.367,5.5173,0,0
MNS_MV,D,20120613,000000,5.5085,5.5085,5.252,5.252,0,0
MNS_MV,D,20120614,000000,4.8719,5.146,4.8276,5.146,0,0
MNS_MV,D,20120615,000000,5.3316,5.3316,5.3316,5.3316,0,0
MNS_MV,D,20120622,000000,5.3228,5.3228,5.0664,5.0664,0,0
MNS_MV,D,20120725,000000,5.0664,5.0664,5.0664,5.0664,0,0
MNS_MV,D,20120727,000000,4.8276,4.8276,4.8276,4.8276,0,0
MNS_MV,D,20120801,000000,5.0576,5.0576,5.0576,5.0576,0,0
MNS_MV,D,20120802,000000,5.0576,5.0576,5.0576,5.0576,0,0
MNS_MV,D,20120803,000000,5.0576,5.0576,5.0576,5.0576,0,0
MNS_MV,D,20120821,000000,5.0487,5.0487,5.0487,5.0487,0,0
MNS_MV,D,20120906,000000,5.0487,5.5173,5.0487,5.5173,0,0
MNS_MV,D,20120907,000000,5.2079,6.4369,5.2079,6.4369,0,0
MNS_MV,D,20120910,000000,6.8966,6.8966,6.4369,6.4369,0,0
MNS_MV,D,20120912,000000,7.268,7.268,7.268,7.268,0,0
MNS_MV,D,20120913,000000,7.268,7.268,6.1274,6.6226,0,0
MNS_MV,D,20120914,000000,6.596,6.6226,6.1186,6.6226,0,0
MNS_MV,D,20120917,000000,6.8966,6.8966,6.3838,6.3838,0,0
MNS_MV,D,20120918,000000,6.3838,6.3838,5.9152,5.9152,0,0
MNS_MV,D,20120919,000000,5.9152,5.9152,5.5615,5.5615,0,0
MNS_MV,D,20121011,000000,6.6226,6.6226,6.6226,6.6226,0,0
MNS_MV,D,20121016,000000,6.6137,6.6137,6.1274,6.1274,0,0
MNS_MV,D,20121026,000000,5.703,5.703,5.703,5.703,0,0
MNS_MV,D,20121029,000000,5.7914,5.7914,5.7914,5.7914,0,0
MNS_MV,D,20121105,000000,6.0655,6.0655,6.0655,6.0655,0,0
MNS_MV,D,20121106,000000,6.0655,6.0655,6.0655,6.0655,0,0
MNS_MV,D,20121107,000000,6.0655,6.0655,5.3316,5.3316,0,0
MNS_MV,D,20121108,000000,5.5173,5.5173,5.0576,5.0576,0,0
MNS_MV,D,20121109,000000,5.146,5.146,4.5978,4.5978,0,0
MNS_MV,D,20130128,000000,4.138,4.138,4.138,4.138,0,0
MNS_MV,D,20130308,000000,4.3679,4.3679,3.3069,3.3069,0,0
MNS_MV,D,20130311,000000,2.6525,2.6525,2.122,2.2635,0,0
MNS_MV,D,20130312,000000,1.8391,2.1574,1.565,1.565,0,0
MNS_MV,D,20130313,000000,1.5119,1.5119,1.4677,1.4677,0,0
MNS_MV,D,20130314,000000,1.7684,1.7684,1.7684,1.7684,0,0
MNS_MV,D,20130315,000000,1.6534,1.8391,1.4677,1.4677,0,0
MNS_MV,D,20130318,000000,1.4677,1.4677,1.4677,1.4677,0,0
MNS_MV,D,20130319,000000,1.7507,1.7949,1.6534,1.7949,0,0
MNS_MV,D,20130320,000000,2.1132,2.1132,1.7949,1.7949,0,0
MNS_MV,D,20130321,000000,2.2989,2.573,2.2989,2.573,0,0
MNS_MV,D,20130322,000000,3.0769,3.0769,2.4845,2.4845,0,0
MNS_MV,D,20130325,000000,2.7675,2.7675,2.7675,2.7675,0,0
MNS_MV,D,20130326,000000,3.3157,3.9789,3.3157,3.9789,0,0
MNS_MV,D,20130327,000000,4.7746,5.2432,3.8639,4.138,0,0
MNS_MV,D,20130328,000000,4.1204,4.1204,3.3069,3.3069,0,0
MNS_MV,D,20130402,000000,3.2184,3.2184,2.6525,2.6525,0,0
MNS_MV,D,20130403,000000,2.122,2.2989,1.7065,2.069,0,0
MNS_MV,D,20130404,000000,2.069,2.3873,1.6534,2.2547,0,0
MNS_MV,D,20130405,000000,1.8391,2.0248,1.6623,1.6623,0,0
MNS_MV,D,20130408,000000,1.6623,1.6623,1.6623,1.6623,0,0
MNS_MV,D,20130409,000000,1.3528,1.9982,1.3528,1.9805,0,0
MNS_MV,D,20130410,000000,2.2547,2.4845,2.2105,2.4845,0,0
MNS_MV,D,20130411,000000,2.4845,2.9355,2.2105,2.9355,0,0
MNS_MV,D,20130412,000000,3.13,3.6782,3.13,3.6693,0,0
MNS_MV,D,20130415,000000,4.1291,4.1291,4.1291,4.1291,0,0
MNS_MV,D,20130417,000000,3.6782,3.6782,2.573,3.4484,0,0
MNS_MV,D,20130423,000000,3.4395,3.4926,3.4395,3.4926,0,0
MNS_MV,D,20130426,000000,3.0327,3.4926,3.0327,3.4926,0,0
MNS_MV,D,20130430,000000,2.7587,2.7587,2.2989,2.7587,0,0
MNS_MV,D,20130502,000000,2.7587,3.2626,2.7587,3.2626,0,0
MNS_MV,D,20130508,000000,2.7587,3.245,2.7587,3.245,0,0
MNS_MV,D,20130509,000000,2.6702,3.3069,2.6702,3.3069,0,0
MNS_MV,D,20130510,000000,3.8639,3.8639,3.8639,3.8639,0,0
MNS_MV,D,20130515,000000,3.0858,3.0858,2.4758,2.4758,0,0
MNS_MV,D,20130520,000000,2.9444,3.4926,2.9444,3.4926,0,0
MNS_MV,D,20130528,000000,3.4926,4.1115,3.4926,4.1115,0,0
MNS_MV,D,20130607,000000,4.0938,4.0938,4.0938,4.0938,0,0
MNS_MV,D,20130708,000000,3.6782,4.0938,3.6782,4.0938,0,0
MNS_MV,D,20130709,000000,3.3069,3.3069,3.13,3.13,0,0
MNS_MV,D,20130710,000000,2.5287,2.5287,2.5287,2.5287,0,0
MNS_MV,D,20130722,000000,2.1132,2.1132,2.1132,2.1132,0,0
MNS_MV,D,20130731,000000,1.3793,1.3793,1.3793,1.3793,0,0
MNS_MV,D,20130801,000000,1.6446,1.6446,1.2909,1.2909,0,0
MNS_MV,D,20130802,000000,1.2909,1.3793,1.2909,1.3793,0,0
MNS_MV,D,20130805,000000,1.397,1.8391,1.397,1.8303,0,0
MNS_MV,D,20130807,000000,1.3881,1.3881,1.2467,1.3793,0,0
MNS_MV,D,20130808,000000,1.2909,1.2909,1.2909,1.2909,0,0
MNS_MV,D,20130812,000000,1.5208,1.7949,1.2467,1.7861,0,0
MNS_MV,D,20130814,000000,1.4677,1.4677,1.4677,1.4677,0,0
MNS_MV,D,20130819,000000,1.4235,1.4235,1.4235,1.4235,0,0
MNS_MV,D,20130827,000000,1.4677,1.7684,1.4677,1.7684,0,0
MNS_MV,D,20130828,000000,1.7949,1.8391,1.7949,1.8303,0,0
MNS_MV,D,20130906,000000,1.6181,1.9363,1.6181,1.9363,0,0
MNS_MV,D,20130912,000000,2.069,2.2989,2.069,2.2724,0,0
MNS_MV,D,20130916,000000,1.9275,2.2547,1.9275,2.2547,0,0
MNS_MV,D,20130917,000000,1.8391,1.8391,1.8038,1.8038,0,0
MNS_MV,D,20131009,000000,2.069,2.069,2.069,2.069,0,0
MNS_MV,D,20131010,000000,1.6534,1.9894,1.6534,1.9894,0,0
MNS_MV,D,20131011,000000,2.069,2.069,2.069,2.069,0,0
MNS_MV,D,20131015,000000,2.069,2.2989,1.9275,2.2901,0,0
MNS_MV,D,20131016,000000,1.9805,2.2989,1.7065,2.2989,0,0
MNS_MV,D,20131021,000000,1.9275,2.2901,1.9275,2.2901,0,0
MNS_MV,D,20131022,000000,2.0248,2.2547,2.0248,2.2547,0,0
MNS_MV,D,20131023,000000,1.8834,2.2547,1.8834,2.2547,0,0
MNS_MV,D,20131107,000000,1.8391,2.2105,1.8391,2.2016,0,0
MNS_MV,D,20131108,000000,1.848,2.2193,1.848,2.2105,0,0
MNS_MV,D,20131113,000000,1.9805,1.9805,1.9805,1.9805,0,0
MNS_MV,D,20131118,000000,2.1132,2.1132,2.1132,2.1132,0,0
MNS_MV,D,20131119,000000,2.1132,2.9444,2.1132,2.9444,0,0
MNS_MV,D,20131120,000000,2.4845,3.3511,2.4845,3.3511,0,0
MNS_MV,D,20131121,000000,3.3599,3.3599,2.9709,2.9709,0,0
MNS_MV,D,20131122,000000,2.3962,2.7144,2.3077,2.3077,0,0
MNS_MV,D,20131125,000000,2.3077,2.7056,2.2547,2.2547,0,0
MNS_MV,D,20131126,000000,2.2105,2.4316,2.1132,2.1132,0,0
MNS_MV,D,20131127,000000,2.0778,2.0778,2.0778,2.0778,0,0
MNS_MV,D,20131129,000000,2.069,2.3608,2.069,2.3608,0,0
MNS_MV,D,20131202,000000,2.3608,2.3608,2.3608,2.3608,0,0
MNS_MV,D,20131204,000000,2.2105,2.2105,2.1132,2.1132,0,0
MNS_MV,D,20131205,000000,2.0867,2.1132,1.6976,2.1132,0,0
MNS_MV,D,20131206,000000,2.1043,2.1043,1.8391,1.9275,0,0
MNS_MV,D,20131209,000000,2.1397,2.1397,2.1397,2.1397,0,0
MNS_MV,D,20131210,000000,1.8391,2.1397,1.8391,2.1397,0,0
MNS_MV,D,20131211,000000,2.1486,2.2016,1.8391,1.8391,0,0
MNS_MV,D,20131212,000000,1.7507,1.7507,1.6976,1.6976,0,0
MNS_MV,D,20131213,000000,1.6092,1.9982,1.6092,1.8391,0,0
MNS_MV,D,20131216,000000,1.8303,2.1486,1.6976,1.6976,0,0
MNS_MV,D,20131217,000000,1.9805,1.9805,1.6976,1.6976,0,0
MNS_MV,D,20131219,000000,1.6976,1.8391,1.5208,1.8391,0,0
MNS_MV,D,20131220,000000,1.4677,1.4677,1.2998,1.2998,0,0
MNS_MV,D,20131223,000000,1.5473,1.8391,1.5473,1.8391,0,0
MNS_MV,D,20131227,000000,1.8391,1.8391,1.8391,1.8391,0,0
MNS_MV,D,20140102,000000,2.0248,2.2105,2.0248,2.2105,0,0
MNS_MV,D,20140108,000000,1.8391,1.8391,1.7507,1.7507,0,0
MNS_MV,D,20140109,000000,1.6976,1.6976,1.6976,1.6976,0,0
MNS_MV,D,20140110,000000,1.7153,1.7153,1.7153,1.7153,0,0
MNS_MV,D,20140114,000000,1.6181,1.6181,1.6092,1.6092,0,0
MNS_MV,D,20140115,000000,1.6976,1.7153,1.6976,1.7153,0,0
MNS_MV,D,20140116,000000,1.7153,1.7949,1.7153,1.7949,0,0
MNS_MV,D,20140117,000000,1.7153,1.7153,1.6976,1.6976,0,0
MNS_MV,D,20140120,000000,1.6711,1.6711,1.6711,1.6711,0,0
MNS_MV,D,20140123,000000,1.6092,1.6092,1.6004,1.6004,0,0
MNS_MV,D,20140127,000000,1.6181,1.6181,1.6004,1.6004,0,0
MNS_MV,D,20140128,000000,1.733,1.8391,1.733,1.8391,0,0
MNS_MV,D,20140130,000000,1.7949,1.7949,1.7949,1.7949,0,0
MNS_MV,D,20140131,000000,1.8391,1.8391,1.8391,1.8391,0,0
MNS_MV,D,20140203,000000,1.8391,2.2105,1.8391,1.9629,0,0
MNS_MV,D,20140204,000000,2.2105,2.2105,2.0778,2.0778,0,0
MNS_MV,D,20140205,000000,2.069,2.1928,2.069,2.1928,0,0
MNS_MV,D,20140206,000000,2.2016,2.2105,2.0513,2.0601,0,0
MNS_MV,D,20140207,000000,2.0601,2.0601,2.0601,2.0601,0,0
MNS_MV,D,20140210,000000,1.9187,2.0601,1.9099,2.0601,0,0
MNS_MV,D,20140211,000000,1.9099,2.0601,1.9099,2.0601,0,0
MNS_MV,D,20140212,000000,2.1132,2.352,2.1132,2.3431,0,0
MNS_MV,D,20140213,000000,2.3431,2.3431,2.3431,2.3431,0,0
MNS_MV,D,20140214,000000,2.3431,2.3431,2.3431,2.3431,0,0
MNS_MV,D,20140217,000000,2.3431,2.3431,2.0424,2.0601,0,0
MNS_MV,D,20140218,000000,2.0424,2.0424,1.9275,1.9275,0,0
MNS_MV,D,20140219,000000,2.0513,2.0513,1.9187,1.9187,0,0
MNS_MV,D,20140220,000000,2.0513,2.0513,2.0513,2.0513,0,0
MNS_MV,D,20140221,000000,2.0513,2.0513,2.0513,2.0513,0,0
MNS_MV,D,20140304,000000,1.9275,1.9275,1.9275,1.9275,0,0
MNS_MV,D,20140306,000000,1.9275,1.954,1.9275,1.954,0,0
MNS_MV,D,20140311,000000,1.9275,1.9275,1.9275,1.9275,0,0
MNS_MV,D,20140313,000000,1.9275,1.9275,1.9275,1.9275,0,0
MNS_MV,D,20140317,000000,2.069,2.069,2.069,2.069,0,0
MNS_MV,D,20140318,000000,1.9275,1.9275,1.9275,1.9275,0,0
MNS_MV,D,20140319,000000,1.9187,1.9187,1.9187,1.9187,0,0
MNS_MV,D,20140324,000000,1.9275,1.9275,1.9275,1.9275,0,0
MNS_MV,D,20140325,000000,1.9805,1.9805,1.9805,1.9805,0,0
MNS_MV,D,20140326,000000,1.9275,1.9275,1.9275,1.9275,0,0
MNS_MV,D,20140327,000000,1.9275,1.9275,1.9275,1.9275,0,0
MNS_MV,D,20140331,000000,1.9275,1.9275,1.9275,1.9275,0,0
MNS_MV,D,20140401,000000,1.9275,1.9275,1.9275,1.9275,0,0
MNS_MV,D,20140402,000000,1.9275,1.9275,1.9275,1.9275,0,0
MNS_MV,D,20140407,000000,1.8391,1.8391,1.8391,1.8391,0,0
MNS_MV,D,20140408,000000,1.7507,1.7507,1.565,1.565,0,0
MNS_MV,D,20140410,000000,1.6534,1.6534,1.6534,1.6534,0,0
MNS_MV,D,20140415,000000,1.68,1.68,1.68,1.68,0,0
MNS_MV,D,20140416,000000,1.68,1.68,1.68,1.68,0,0
MNS_MV,D,20140417,000000,1.7419,1.7419,1.7419,1.7419,0,0
MNS_MV,D,20140423,000000,1.6092,1.6092,1.6092,1.6092,0,0
MNS_MV,D,20140425,000000,1.7419,1.848,1.7419,1.848,0,0
MNS_MV,D,20140428,000000,1.7065,1.7065,1.7065,1.7065,0,0
MNS_MV,D,20140429,000000,1.6092,1.6092,1.6092,1.6092,0,0
MNS_MV,D,20140505,000000,1.6092,1.6092,1.6092,1.6092,0,0
MNS_MV,D,20140506,000000,1.6092,1.6092,1.6092,1.6092,0,0
MNS_MV,D,20140507,000000,1.733,2.069,1.733,1.8391,0,0
MNS_MV,D,20140509,000000,1.6976,1.6976,1.6092,1.6092,0,0
MNS_MV,D,20140514,000000,1.6092,1.6092,1.5915,1.5915,0,0
MNS_MV,D,20140515,000000,1.6181,1.733,1.6181,1.733,0,0
MNS_MV,D,20140516,000000,1.6004,1.6004,1.6004,1.6004,0,0
MNS_MV,D,20140519,000000,1.6092,1.6092,1.6092,1.6092,0,0
MNS_MV,D,20140520,000000,1.7419,1.7419,1.7419,1.7419,0,0
MNS_MV,D,20140526,000000,1.6004,1.6004,1.6004,1.6004,0,0
MNS_MV,D,20140527,000000,1.6269,1.954,1.6269,1.954,0,0
MNS_MV,D,20140604,000000,1.954,2.0248,1.954,2.0248,0,0
MNS_MV,D,20140606,000000,2.0248,2.4316,2.0248,2.3785,0,0
MNS_MV,D,20140613,000000,1.8834,1.8834,1.8834,1.8834,0,0
MNS_MV,D,20140616,000000,1.7065,1.7065,1.7065,1.7065,0,0
MNS_MV,D,20140618,000000,1.7065,1.7065,1.6534,1.6534,0,0
MNS_MV,D,20140620,000000,1.6711,1.6711,1.6711,1.6711,0,0
MNS_MV,D,20140624,000000,1.6357,1.7772,1.6092,1.7772,0,0
MNS_MV,D,20140627,000000,1.7861,2.1132,1.7861,2.1132,0,0
MNS_MV,D,20140630,000000,2.069,2.4669,2.069,2.4581,0,0
MNS_MV,D,20140704,000000,2.069,2.069,1.9805,1.9805,0,0
MNS_MV,D,20140708,000000,1.9187,2.2989,1.9187,2.2989,0,0
MNS_MV,D,20140709,000000,2.2547,2.4581,2.2547,2.2547,0,0
MNS_MV,D,20140710,000000,2.0513,2.0513,2.0513,2.0513,0,0
MNS_MV,D,20140711,000000,2.1574,2.1574,2.1574,2.1574,0,0
MNS_MV,D,20140716,000000,2.4845,2.7587,2.4845,2.7587,0,0
MNS_MV,D,20140717,000000,2.7587,3.1742,2.2989,2.2989,0,0
MNS_MV,D,20140718,000000,2.573,3.0858,2.573,3.0858,0,0
MNS_MV,D,20140722,000000,3.1654,3.1742,3.1654,3.1742,0,0
MNS_MV,D,20140723,000000,3.1919,3.2007,3.1919,3.2007,0,0
MNS_MV,D,20140813,000000,2.1574,2.1574,2.1574,2.1574,0,0
MNS_MV,D,20140814,000000,1.7419,2.4845,1.565,1.7507,0,0
MNS_MV,D,20140818,000000,2.0955,2.4669,2.0955,2.4669,0,0
MNS_MV,D,20140820,000000,2.7144,2.7144,2.7144,2.7144,0,0
MNS_MV,D,20140829,000000,2.6968,2.6968,2.6968,2.6968,0,0
MNS_MV,D,20140903,000000,2.2989,2.2989,2.2989,2.2989,0,0
MNS_MV,D,20140908,000000,2.2901,2.2901,2.2901,2.2901,0,0
MNS_MV,D,20140909,000000,1.6976,1.6976,1.6976,1.6976,0,0
MNS_MV,D,20140915,000000,1.8391,2.2105,1.5385,2.2105,0,0
MNS_MV,D,20140916,000000,2.4669,2.4669,2.4669,2.4669,0,0
MNS_MV,D,20140917,000000,2.4492,2.4492,2.4404,2.4492,0,0
MNS_MV,D,20141020,000000,2.2105,2.2105,2.2105,2.2105,0,0
MNS_MV,D,20141028,000000,1.8391,1.8391,1.8391,1.8391,0,0
MNS_MV,D,20141112,000000,1.9275,1.9275,1.9275,1.9275,0,0
MNS_MV,D,20141114,000000,1.68,2.0159,1.6534,2.0159,0,0
MNS_MV,D,20141117,000000,1.6357,1.6357,1.6269,1.6269,0,0
MNS_MV,D,20141119,000000,1.6357,1.6357,1.6269,1.6269,0,0
MNS_MV,D,20141120,000000,1.954,1.954,1.954,1.954,0,0
MNS_MV,D,20141126,000000,1.9894,2.3166,1.9894,2.3166,0,0
MNS_MV,D,20141215,000000,1.8568,2.1839,1.7949,2.1839,0,0
MNS_MV,D,20141216,000000,2.1486,2.1486,2.1486,2.1486,0,0
MNS_MV,D,20141218,000000,1.8215,2.122,1.8215,2.122,0,0
MNS_MV,D,20150120,000000,1.6976,1.6976,1.6976,1.6976,0,0
MNS_MV,D,20150121,000000,1.9805,1.9805,1.9805,1.9805,0,0
MNS_MV,D,20150128,000000,1.7507,1.7507,1.7507,1.7507,0,0
MNS_MV,D,20150216,000000,1.6269,1.6269,1.6269,1.6269,0,0
MNS_MV,D,20150226,000000,1.6092,1.6092,1.6092,1.6092,0,0
MNS_MV,D,20150306,000000,1.6092,1.6092,1.6092,1.6092,0,0
MNS_MV,D,20150312,000000,1.565,1.565,1.565,1.565,0,0
MNS_MV,D,20150316,000000,1.5119,1.5119,1.5031,1.5031,0,0
MNS_MV,D,20150319,000000,1.5119,1.5119,1.5119,1.5119,0,0
MNS_MV,D,20150402,000000,1.6976,1.6976,1.6976,1.6976,0,0
MNS_MV,D,20150407,000000,1.8834,1.8834,1.8834,1.8834,0,0
MNS_MV,D,20150410,000000,1.7507,1.7507,1.7507,1.7507,0,0
MNS_MV,D,20150428,000000,1.8745,1.8745,1.8657,1.8657,0,0
MNS_MV,D,20150508,000000,1.8745,1.8834,1.8745,1.8834,0,0
MNS_MV,D,20150526,000000,1.7684,1.7684,1.6623,1.6623,0,0
MNS_MV,D,20150527,000000,1.6623,1.6623,1.6623,1.6623,0,0
MNS_MV,D,20150601,000000,1.6711,1.6711,1.6623,1.6623,0,0
MNS_MV,D,20150602,000000,1.6623,1.6623,1.6623,1.6623,0,0
MNS_MV,D,20150603,000000,1.9805,1.9805,1.9805,1.9805,0,0
MNS_MV,D,20150708,000000,1.8391,1.8391,1.8391,1.8391,0,0
MNS_MV,D,20150729,000000,1.7949,1.7949,1.7949,1.7949,0,0
MNS_MV,D,20150730,000000,1.7949,1.7949,1.7949,1.7949,0,0
MNS_MV,D,20150731,000000,1.6711,1.6711,1.6092,1.6092,0,0
MNS_MV,D,20150813,000000,1.6092,1.6092,1.6092,1.6092,0,0
MNS_MV,D,20150824,000000,1.6092,1.6092,1.565,1.565,0,0
MNS_MV,D,20150825,000000,1.565,1.565,1.565,1.565,0,0
MNS_MV,D,20150908,000000,1.6092,1.6092,1.6092,1.6092,0,0
MNS_MV,D,20150909,000000,1.7507,1.7507,1.7507,1.7507,0,0
MNS_MV,D,20150911,000000,1.6976,1.6976,1.6976,1.6976,0,0
MNS_MV,D,20150915,000000,1.7507,1.7507,1.7507,1.7507,0,0
MNS_MV,D,20150921,000000,1.9187,2.2989,1.9187,2.2989,0,0
MNS_MV,D,20150922,000000,2.573,3.0858,2.2989,2.2989,0,0
MNS_MV,D,20150923,000000,1.9363,2.2901,1.9363,2.2901,0,0
MNS_MV,D,20150924,000000,2.3859,2.8557,2.3859,2.8465,0,0
MNS_MV,D,20150925,000000,3.3992,4.0624,3.3992,4.0624,0,0
MNS_MV,D,20151008,000000,3.7216,3.7216,3.7216,3.7216,0,0
MNS_MV,D,20151009,000000,2.9754,2.9754,2.3951,2.5425,0,0
MNS_MV,D,20151012,000000,2.4411,2.4411,2.4411,2.4411,0,0
MNS_MV,D,20151013,000000,2.6806,2.6806,2.6806,2.6806,0,0
MNS_MV,D,20151019,000000,2.2016,2.2016,2.2016,2.2016,0,0
MNS_MV,D,20151102,000000,2.3951,2.3951,2.3951,2.3951,0,0
MNS_MV,D,20151116,000000,2.6806,3.1136,2.6806,2.7728,0,0
MNS_MV,D,20151117,000000,3.1597,3.307,2.8741,2.8741,0,0
MNS_MV,D,20151130,000000,2.9662,2.9662,2.8649,2.957,0,0
MNS_MV,D,20151201,000000,2.957,3.3531,2.957,2.957,0,0
MNS_MV,D,20151207,000000,2.5977,2.5977,2.5885,2.5885,0,0
MNS_MV,D,20151215,000000,2.8741,2.8741,2.4411,2.4596,0,0
MNS_MV,D,20151217,000000,2.9478,3.261,2.9201,2.9201,0,0
MNS_MV,D,20151218,000000,2.9201,2.9201,2.8741,2.8741,0,0
MNS_MV,D,20151221,000000,2.4043,2.4043,2.4043,2.4043,0,0
MNS_MV,D,20151222,000000,2.5977,3.1136,2.5977,3.1136,0,0
MNS_MV,D,20151223,000000,3.3992,4.0808,3.3992,4.0716,0,0
MNS_MV,D,20151228,000000,3.8321,4.0716,3.8321,4.0716,0,0
MNS_MV,D,20151230,000000,4.0624,4.0624,3.3992,3.3992,0,0
MNS_MV,D,20160104,000000,3.5834,3.5834,2.8741,2.8741,0,0
MNS_MV,D,20160105,000000,2.3951,2.8741,2.3951,2.8741,0,0
MNS_MV,D,20160107,000000,2.8741,2.8833,2.6714,2.6714,0,0
MNS_MV,D,20160108,000000,2.6714,3.261,2.6714,3.261,0,0
MNS_MV,D,20160111,000000,3.261,3.261,2.9662,2.9662,0,0
MNS_MV,D,20160113,000000,3.261,3.261,3.261,3.261,0,0
MNS_MV,D,20160118,000000,3.261,3.6387,3.261,3.6387,0,0
MNS_MV,D,20160119,000000,3.4452,3.4452,3.4452,3.4452,0,0
MNS_MV,D,20160120,000000,3.2057,3.2057,3.2057,3.2057,0,0
MNS_MV,D,20160122,000000,3.261,3.6847,3.261,3.6847,0,0
MNS_MV,D,20160125,000000,3.2057,3.4452,2.8741,3.4452,0,0
MNS_MV,D,20160126,000000,2.9294,3.307,2.9294,2.9662,0,0
MNS_MV,D,20160127,000000,3.2978,3.307,3.2978,3.307,0,0
MNS_MV,D,20160201,000000,3.307,3.307,3.307,3.307,0,0
MNS_MV,D,20160202,000000,3.0952,3.0952,2.6991,2.6991,0,0
MNS_MV,D,20160203,000000,2.9201,2.9201,2.9201,2.9201,0,0
MNS_MV,D,20160204,000000,2.9201,2.9201,2.782,2.782,0,0
MNS_MV,D,20160208,000000,2.8741,2.9109,2.8741,2.9109,0,0
MNS_MV,D,20160209,000000,2.8741,2.8741,2.8741,2.8741,0,0
MNS_MV,D,20160215,000000,2.9662,2.9662,2.9662,2.9662,0,0
MNS_MV,D,20160216,000000,2.9294,2.9294,2.9294,2.9294,0,0
MNS_MV,D,20160217,000000,2.9294,3.1597,2.9294,3.1597,0,0
MNS_MV,D,20160218,000000,3.2057,3.4452,3.1781,3.4452,0,0
MNS_MV,D,20160219,000000,3.3992,3.4176,3.307,3.307,0,0
MNS_MV,D,20160222,000000,3.3531,3.4452,3.307,3.307,0,0
MNS_MV,D,20160223,000000,3.261,3.261,3.261,3.261,0,0
MNS_MV,D,20160224,000000,3.1044,3.1044,3.1044,3.1044,0,0
MNS_MV,D,20160229,000000,3.2057,3.2057,3.0215,3.1136,0,0
MNS_MV,D,20160301,000000,3.261,3.3531,3.1597,3.1597,0,0
MNS_MV,D,20160303,000000,3.0399,3.0491,2.9294,3.0491,0,0
MNS_MV,D,20160304,000000,3.0675,3.0675,2.9294,2.9294,0,0
MNS_MV,D,20160307,000000,2.9294,2.9294,2.9294,2.9294,0,0
MNS_MV,D,20160310,000000,2.9201,2.9201,2.9201,2.9201,0,0
MNS_MV,D,20160311,000000,2.828,2.828,2.828,2.828,0,0
MNS_MV,D,20160314,000000,2.828,2.828,2.828,2.828,0,0
MNS_MV,D,20160315,000000,2.9662,2.9662,2.9662,2.9662,0,0
MNS_MV,D,20160316,000000,2.957,2.957,2.8004,2.957,0,0
MNS_MV,D,20160317,000000,2.957,3.5466,2.957,3.5466,0,0
MNS_MV,D,20160318,000000,3.4821,3.4821,2.8188,3.3531,0,0
MNS_MV,D,20160321,000000,2.9754,3.5466,2.9754,3.5466,0,0
MNS_MV,D,20160322,000000,3.3347,3.5281,3.3347,3.5189,0,0
MNS_MV,D,20160323,000000,3.2794,3.2794,3.0031,3.086,0,0
MNS_MV,D,20160324,000000,3.1965,3.5005,3.1965,3.5005,0,0
MNS_MV,D,20160330,000000,3.1689,3.1689,3.0675,3.0675,0,0
MNS_MV,D,20160331,000000,3.1597,3.2794,3.1597,3.2794,0,0
MNS_MV,D,20160404,000000,3.2794,3.9242,3.2794,3.5466,0,0
MNS_MV,D,20160405,000000,3.565,3.7861,3.5005,3.7861,0,0
MNS_MV,D,20160407,000000,3.5373,3.74,3.5005,3.5926,0,0
MNS_MV,D,20160408,000000,3.611,4.3111,3.4544,4.0256,0,0
MNS_MV,D,20160411,000000,4.1361,4.2651,3.9887,3.9887,0,0
MNS_MV,D,20160412,000000,4.2559,4.5875,4.2559,4.4585,0,0
MNS_MV,D,20160413,000000,4.5506,4.5783,4.5046,4.5046,0,0
MNS_MV,D,20160414,000000,4.4954,4.4954,4.2282,4.4862,0,0
MNS_MV,D,20160415,000000,4.4862,4.5138,4.4862,4.5138,0,0
MNS_MV,D,20160418,000000,4.5783,4.5875,4.5506,4.5875,0,0
MNS_MV,D,20160419,000000,4.6335,5.2415,4.4033,4.4033,0,0
MNS_MV,D,20160420,000000,5.0665,5.0665,4.0624,4.5046,0,0
MNS_MV,D,20160421,000000,4.9191,4.9191,4.9191,4.9191,0,0
MNS_MV,D,20160422,000000,4.9099,4.9099,4.9099,4.9099,0,0
MNS_MV,D,20160502,000000,4.5046,4.5046,4.5046,4.5046,0,0
MNS_MV,D,20160504,000000,4.3111,4.3111,4.0348,4.3111,0,0
MNS_MV,D,20160505,000000,4.0348,4.3019,4.0348,4.3019,0,0
MNS_MV,D,20160506,000000,4.0716,4.0716,4.0716,4.0716,0,0
MNS_MV,D,20160509,000000,4.2559,4.2559,4.2559,4.2559,0,0
MNS_MV,D,20160510,000000,4.4033,4.4033,4.4033,4.4033,0,0
MNS_MV,D,20160511,000000,4.1177,4.219,4.1177,4.1637,0,0
MNS_MV,D,20160512,000000,4.1177,4.1177,4.1177,4.1177,0,0
MNS_MV,D,20160513,000000,4.4769,4.5967,4.1177,4.4033,0,0
MNS_MV,D,20160516,000000,4.8454,5.6929,4.8454,5.6929,0,0
MNS_MV,D,20160517,000000,5.7482,6.0337,5.0757,5.0757,0,0
MNS_MV,D,20160520,000000,5.7113,5.739,5.3613,5.3613,0,0
MNS_MV,D,20160523,000000,6.0706,6.1811,6.0706,6.1811,0,0
MNS_MV,D,20160524,000000,6.1259,6.1259,5.8403,5.8403,0,0
MNS_MV,D,20160525,000000,5.5547,5.6929,5.5547,5.6929,0,0
MNS_MV,D,20160527,000000,5.6929,6.0614,4.9467,6.0614,0,0
MNS_MV,D,20160530,000000,6.043,6.0522,6.043,6.0522,0,0
MNS_MV,D,20160531,000000,5.5547,5.5547,5.5547,5.5547,0,0
MNS_MV,D,20160601,000000,5.3521,5.3521,5.3521,5.3521,0,0
MNS_MV,D,20160603,000000,5.2692,5.2692,5.2692,5.2692,0,0
MNS_MV,D,20160606,000000,5.1863,5.1863,4.1453,4.5875,0,0
MNS_MV,D,20160607,000000,4.3111,4.3111,4.3111,4.3111,0,0
MNS_MV,D,20160608,000000,4.3111,4.3111,4.3111,4.3111,0,0
MNS_MV,D,20160609,000000,4.3572,4.4125,4.3572,4.3572,0,0
MNS_MV,D,20160613,000000,4.5414,4.5414,4.219,4.219,0,0
MNS_MV,D,20160614,000000,3.8321,3.9242,3.8321,3.9242,0,0
MNS_MV,D,20160616,000000,3.9242,4.219,3.9242,4.219,0,0
MNS_MV,D,20160620,000000,4.219,4.5046,4.219,4.5046,0,0
MNS_MV,D,20160621,000000,4.2651,4.3111,4.0716,4.0716,0,0
MNS_MV,D,20160622,000000,3.9887,3.9887,3.9795,3.9795,0,0
MNS_MV,D,20160623,000000,4.0716,4.0716,4.0716,4.0716,0,0
MNS_MV,D,20160624,000000,4.3019,4.5691,4.3019,4.5506,0,0
MNS_MV,D,20160629,000000,4.1637,4.1637,4.1637,4.1637,0,0
MNS_MV,D,20160630,000000,4.2651,4.2651,4.2651,4.2651,0,0
MNS_MV,D,20160701,000000,4.5046,4.8823,4.5046,4.7809,0,0
MNS_MV,D,20160704,000000,4.8362,4.9375,4.8362,4.9283,0,0
MNS_MV,D,20160705,000000,4.698,4.698,4.6428,4.6428,0,0
MNS_MV,D,20160706,000000,4.698,4.7901,4.698,4.7901,0,0
MNS_MV,D,20160707,000000,4.7901,4.7994,4.7901,4.7901,0,0
MNS_MV,D,20160708,000000,4.8823,4.9928,4.8823,4.9928,0,0
MNS_MV,D,20160711,000000,5.0297,5.0849,5.0297,5.0849,0,0
MNS_MV,D,20160712,000000,5.0849,5.0849,5.0849,5.0849,0,0
MNS_MV,D,20160713,000000,5.002,5.002,5.002,5.002,0,0
MNS_MV,D,20160714,000000,4.9928,5.0849,4.8823,5.0849,0,0
MNS_MV,D,20160720,000000,5.0849,5.1033,5.0849,5.1033,0,0
MNS_MV,D,20160721,000000,4.9836,4.9836,4.9836,4.9836,0,0
MNS_MV,D,20160722,000000,4.698,5.6376,4.2835,5.4626,0,0
MNS_MV,D,20160725,000000,5.0757,5.4534,5.0757,5.4534,0,0
MNS_MV,D,20160727,000000,5.177,5.4166,5.177,5.4166,0,0
MNS_MV,D,20160728,000000,5.4166,5.4166,5.4166,5.4166,0,0
MNS_MV,D,20160729,000000,5.4166,5.61,5.4166,5.61,0,0
MNS_MV,D,20160801,000000,5.0849,5.4626,5.0849,5.4626,0,0
MNS_MV,D,20160802,000000,5.5547,5.9416,5.5547,5.8403,0,0
MNS_MV,D,20160803,000000,5.8403,5.8403,5.3613,5.6008,0,0
MNS_MV,D,20160804,000000,5.6008,5.6008,5.6008,5.6008,0,0
MNS_MV,D,20160808,000000,5.6008,5.7482,5.6008,5.7482,0,0
MNS_MV,D,20160810,000000,5.7482,5.7482,5.7482,5.7482,0,0
MNS_MV,D,20160816,000000,5.2692,5.2692,5.0941,5.2692,0,0
MNS_MV,D,20160819,000000,5.3152,5.3152,5.3152,5.3152,0,0
MNS_MV,D,20160823,000000,4.8823,5.2784,4.5967,4.7809,0,0
MNS_MV,D,20160824,000000,4.7717,4.7717,4.7717,4.7717,0,0
MNS_MV,D,20160826,000000,4.4309,4.5967,3.869,4.5967,0,0
MNS_MV,D,20160829,000000,4.4033,4.7809,4.4033,4.6428,0,0
MNS_MV,D,20160830,000000,4.6428,5.177,4.6428,5.177,0,0
MNS_MV,D,20160901,000000,4.5506,4.5506,4.5506,4.5506,0,0
MNS_MV,D,20160905,000000,4.5506,4.5506,4.4033,4.5046,0,0
MNS_MV,D,20160906,000000,4.5046,4.5046,4.3111,4.3111,0,0
MNS_MV,D,20160907,000000,4.3111,5.0297,4.1177,5.0297,0,0
MNS_MV,D,20160909,000000,4.3572,4.3572,4.3572,4.3572,0,0
MNS_MV,D,20160919,000000,4.7901,5.2231,4.7901,5.2231,0,0
MNS_MV,D,20160920,000000,5.0757,5.177,5.0757,5.177,0,0
MNS_MV,D,20160921,000000,4.9375,4.9375,4.9375,4.9375,0,0
MNS_MV,D,20160922,000000,4.698,4.698,4.698,4.698,0,0
MNS_MV,D,20160923,000000,4.4033,4.4033,4.1914,4.1914,0,0
MNS_MV,D,20160926,000000,4.8362,5.177,4.8362,5.177,0,0
MNS_MV,D,20160927,000000,4.698,4.698,4.698,4.698,0,0
MNS_MV,D,20161003,000000,5.1586,5.1586,4.7441,4.7441,0,0
MNS_MV,D,20161011,000000,5.1033,5.1033,5.1033,5.1033,0,0
MNS_MV,D,20161013,000000,4.6428,4.6428,4.4585,4.4585,0,0
MNS_MV,D,20161017,000000,4.5046,4.5046,4.3111,4.3111,0,0
MNS_MV,D,20161019,000000,4.2927,4.2927,4.2927,4.2927,0,0
MNS_MV,D,20161021,000000,4.2927,4.9836,4.2927,4.9836,0,0
MNS_MV,D,20161024,000000,4.9836,4.9836,4.652,4.652,0,0
MNS_MV,D,20161026,000000,4.7717,4.7717,4.7717,4.7717,0,0
MNS_MV,D,20161027,000000,4.5506,4.5506,4.5506,4.5506,0,0
MNS_MV,D,20161103,000000,4.4401,4.5506,4.3572,4.5506,0,0
MNS_MV,D,20161104,000000,4.5046,4.6428,4.5046,4.5046,0,0
MNS_MV,D,20161109,000000,4.3848,4.5783,4.1177,4.5783,0,0
MNS_MV,D,20161110,000000,4.4862,4.4862,4.2835,4.4862,0,0
MNS_MV,D,20161115,000000,4.5691,4.5691,4.3756,4.3756,0,0
MNS_MV,D,20161121,000000,4.3664,4.3664,4.3664,4.3664,0,0
MNS_MV,D,20161124,000000,4.3203,4.3203,4.3203,4.3203,0,0
MNS_MV,D,20161129,000000,4.219,4.219,4.219,4.219,0,0
MNS_MV,D,20161201,000000,4.3296,4.3296,4.3296,4.3296,0,0
MNS_MV,D,20161205,000000,4.2374,4.2374,4.2374,4.2374,0,0
MNS_MV,D,20161207,000000,4.2467,4.2467,4.2374,4.2374,0,0
MNS_MV,D,20161208,000000,4.2651,4.2651,4.2651,4.2651,0,0
MNS_MV,D,20161212,000000,4.5046,4.5046,4.5046,4.5046,0,0
MNS_MV,D,20161215,000000,4.3019,4.4677,4.2651,4.2651,0,0
MNS_MV,D,20161219,000000,4.3111,4.3111,4.09,4.09,0,0
MNS_MV,D,20161220,000000,4.1177,4.1177,3.9242,3.9242,0,0
MNS_MV,D,20161223,000000,4.1637,4.1637,4.1637,4.1637,0,0
MNS_MV,D,20161227,000000,4.219,4.219,4.219,4.219,0,0
MNS_MV,D,20161229,000000,4.219,4.219,4.219,4.219,0,0
MNS_MV,D,20161230,000000,4.0624,4.2559,4.0624,4.2559,0,0
MNS_MV,D,20170103,000000,4.2467,4.2467,4.1177,4.1177,0,0
MNS_MV,D,20170105,000000,4.1177,4.1177,4.1177,4.1177,0,0
MNS_MV,D,20170110,000000,4.1177,4.1177,4.1177,4.1177,0,0
MNS_MV,D,20170111,000000,4.2559,5.0757,4.2559,5.0757,0,0
MNS_MV,D,20170116,000000,4.6243,4.6243,4.6243,4.6243,0,0
MNS_MV,D,20170117,000000,4.7257,4.9283,4.7257,4.9283,0,0
MNS_MV,D,20170118,000000,4.7072,4.7441,4.698,4.7441,0,0
MNS_MV,D,20170124,000000,4.5046,4.5046,4.5046,4.5046,0,0
MNS_MV,D,20170125,000000,4.5967,4.5967,4.5967,4.5967,0,0
MNS_MV,D,20170127,000000,4.5967,4.5967,4.4862,4.523,0,0
MNS_MV,D,20170130,000000,4.3111,4.3111,4.3111,4.3111,0,0
MNS_MV,D,20170207,000000,4.4125,4.4125,4.4125,4.4125,0,0
MNS_MV,D,20170209,000000,4.4125,4.4125,4.4125,4.4125,0,0
MNS_MV,D,20170210,000000,4.4125,4.4125,4.4125,4.4125,0,0
MNS_MV,D,20170213,000000,4.4125,4.7533,4.4125,4.7533,0,0
MNS_MV,D,20170214,000000,4.7809,4.7901,4.7533,4.7901,0,0
MNS_MV,D,20170215,000000,5.177,6.2088,5.177,5.9416,0,0
MNS_MV,D,20170216,000000,6.1996,6.4299,5.9508,6.1351,0,0
MNS_MV,D,20170217,000000,6.2272,7.1207,6.2272,6.4391,0,0
MNS_MV,D,20170220,000000,6.4206,6.872,6.3562,6.872,0,0
MNS_MV,D,20170222,000000,6.8628,6.8628,6.5496,6.6694,0,0
MNS_MV,D,20170223,000000,6.6601,7.6366,6.6601,7.6366,0,0
MNS_MV,D,20170224,000000,7.6366,8.5301,6.8812,8.5301,0,0
MNS_MV,D,20170227,000000,8.8341,8.8341,7.8761,7.9498,0,0
MNS_MV,D,20170228,000000,7.7564,7.7564,7.6642,7.7103,0,0
MNS_MV,D,20170301,000000,7.7103,7.7103,7.0839,7.0839,0,0
MNS_MV,D,20170302,000000,7.1852,7.1852,7.0839,7.0839,0,0
MNS_MV,D,20170303,000000,7.0839,7.1852,6.4206,6.4206,0,0
MNS_MV,D,20170306,000000,7.0931,7.0931,7.0931,7.0931,0,0
MNS_MV,D,20170307,000000,7.0931,7.3418,7.0931,7.3418,0,0
MNS_MV,D,20170308,000000,7.2313,7.2313,7.0194,7.0194,0,0
MNS_MV,D,20170309,000000,6.9365,6.9365,6.9365,6.9365,0,0
MNS_MV,D,20170310,000000,6.7154,7.0378,6.7154,7.0378,0,0
MNS_MV,D,20170313,000000,6.8997,7.2681,6.8997,7.2681,0,0
MNS_MV,D,20170314,000000,7.0931,7.0931,7.0931,7.0931,0,0
MNS_MV,D,20170317,000000,7.2681,8.5209,7.2681,8.3367,0,0
MNS_MV,D,20170320,000000,8.3367,8.3367,8.3367,8.3367,0,0
MNS_MV,D,20170321,000000,8.4749,8.4749,8.4749,8.4749,0,0
MNS_MV,D,20170322,000000,7.6458,7.9406,7.6458,7.9406,0,0
MNS_MV,D,20170323,000000,8.0972,8.0972,7.7103,7.7103,0,0
MNS_MV,D,20170324,000000,7.5168,8.4657,7.1852,8.4657,0,0
MNS_MV,D,20170327,000000,7.6366,7.6366,7.3787,7.6182,0,0
MNS_MV,D,20170328,000000,7.655,7.655,7.3787,7.3787,0,0
MNS_MV,D,20170329,000000,7.3787,7.7103,7.3787,7.7103,0,0
MNS_MV,D,20170330,000000,7.4708,7.4708,7.4708,7.4708,0,0
MNS_MV,D,20170331,000000,7.4708,8.3275,7.4708,8.3275,0,0
MNS_MV,D,20170403,000000,8.2169,8.2169,8.2169,8.2169,0,0
MNS_MV,D,20170404,000000,7.4247,7.5721,7.4247,7.5721,0,0
MNS_MV,D,20170405,000000,7.5721,7.5721,7.5721,7.5721,0,0
MNS_MV,D,20170406,000000,7.5629,7.6642,7.5629,7.6642,0,0
MNS_MV,D,20170407,000000,7.6366,7.8393,7.6366,7.8393,0,0
MNS_MV,D,20170410,000000,7.7379,8.0511,7.7379,8.0511,0,0
MNS_MV,D,20170411,000000,8.0511,8.0511,8.0511,8.0511,0,0
MNS_MV,D,20170412,000000,8.0603,8.2262,8.0603,8.0696,0,0
MNS_MV,D,20170413,000000,8.2262,8.2262,8.2262,8.2262,0,0
MNS_MV,D,20170418,000000,8.5209,8.5209,8.5209,8.5209,0,0
MNS_MV,D,20170419,000000,8.5209,8.5301,8.5209,8.5301,0,0
MNS_MV,D,20170420,000000,8.5301,10.225,8.5301,10.225,0,0
MNS_MV,D,20170421,000000,11.496,11.496,10.538,10.538,0,0
MNS_MV,D,20170424,000000,10.446,10.446,10.446,10.446,0,0
MNS_MV,D,20170425,000000,9.1013,9.58,9.0092,9.58,0,0
MNS_MV,D,20170426,000000,9.3868,10.437,9.3868,10.437,0,0
MNS_MV,D,20170427,000000,9.866,9.967,9.682,9.967,0,0
MNS_MV,D,20170428,000000,9.967,10.446,9.967,10.446,0,0
MNS_MV,D,20170502,000000,10.538,11.358,10.538,10.538,0,0
MNS_MV,D,20170504,000000,9.958,10.161,9.626,10.004,0,0
MNS_MV,D,20170505,000000,10.345,10.345,10.345,10.345,0,0
MNS_MV,D,20170508,000000,10.345,10.732,10.345,10.677,0,0
MNS_MV,D,20170509,000000,10.538,11.017,10.538,11.017,0,0
MNS_MV,D,20170511,000000,10.778,10.907,10.778,10.778,0,0
MNS_MV,D,20170512,000000,10.787,10.787,10.787,10.787,0,0
MNS_MV,D,20170515,000000,10.686,10.686,10.686,10.686,0,0
MNS_MV,D,20170516,000000,8.5486,9.58,8.5301,9.58,0,0
MNS_MV,D,20170517,000000,9.1013,9.571,9.1013,9.571,0,0
MNS_MV,D,20170519,000000,9.2947,9.2947,9.2947,9.2947,0,0
MNS_MV,D,20170522,000000,9.0552,9.0552,8.7144,8.7144,0,0
MNS_MV,D,20170523,000000,8.6223,8.8065,8.3828,8.8065,0,0
MNS_MV,D,20170524,000000,8.3367,8.6223,7.6642,8.0511,0,0
MNS_MV,D,20170525,000000,8.1893,8.1893,8.1433,8.1893,0,0
MNS_MV,D,20170526,000000,8.1433,8.1433,8.0972,8.0972,0,0
MNS_MV,D,20170529,000000,8.2354,8.2354,8.2354,8.2354,0,0
MNS_MV,D,20170530,000000,8.2906,8.2906,7.8577,8.1433,0,0
MNS_MV,D,20170531,000000,7.8577,7.8577,7.6642,7.7564,0,0
MNS_MV,D,20170601,000000,7.7564,7.7564,7.7564,7.7564,0,0
MNS_MV,D,20170602,000000,7.7564,7.7564,7.7564,7.7564,0,0
MNS_MV,D,20170605,000000,7.7564,7.7564,7.7564,7.7564,0,0
MNS_MV,D,20170606,000000,7.7564,7.8577,7.7564,7.8577,0,0
MNS_MV,D,20170607,000000,7.7564,7.9959,7.7564,7.9959,0,0
MNS_MV,D,20170608,000000,7.7564,7.7564,7.7564,7.7564,0,0
MNS_MV,D,20170609,000000,7.7564,7.784,7.4063,7.784,0,0
MNS_MV,D,20170612,000000,7.6642,8.0327,7.6642,8.0327,0,0
MNS_MV,D,20170614,000000,7.6642,7.6642,7.5721,7.5721,0,0
MNS_MV,D,20170616,000000,7.4247,7.4247,7.0102,7.3602,0,0
MNS_MV,D,20170620,000000,7.2773,7.2773,7.2773,7.2773,0,0
MNS_MV,D,20170621,000000,7.0378,7.0378,6.9365,7.0378,0,0
MNS_MV,D,20170626,000000,7.1852,7.1852,6.8536,6.8536,0,0
MNS_MV,D,20170627,000000,6.9918,6.9918,6.9918,6.9918,0,0
MNS_MV,D,20170629,000000,6.9918,6.9918,6.9918,6.9918,0,0
MNS_MV,D,20170703,000000,6.9918,6.9918,6.9918,6.9918,0,0
MNS_MV,D,20170704,000000,7.1392,7.6642,7.1392,7.6642,0,0
MNS_MV,D,20170705,000000,7.4708,8.7144,7.4708,8.7144,0,0
MNS_MV,D,20170711,000000,7.6642,8.5301,7.6642,8.5301,0,0
MNS_MV,D,20170712,000000,7.5721,7.9406,7.5721,7.9406,0,0
MNS_MV,D,20170714,000000,7.6642,7.6642,7.6642,7.6642,0,0
MNS_MV,D,20170717,000000,7.3787,7.3787,7.3787,7.3787,0,0
MNS_MV,D,20170720,000000,7.1852,7.1852,7.1852,7.1852,0,0
MNS_MV,D,20170721,000000,7.2773,7.2773,7.2773,7.2773,0,0
MNS_MV,D,20170727,000000,7.3326,7.3326,7.3326,7.3326,0,0
MNS_MV,D,20170731,000000,7.1852,7.1852,7.1852,7.1852,0,0
MNS_MV,D,20170801,000000,7.1392,7.1392,7.13,7.13,0,0
MNS_MV,D,20170807,000000,6.8997,6.8997,6.8997,6.8997,0,0
MNS_MV,D,20170809,000000,6.9457,6.9457,6.9457,6.9457,0,0
MNS_MV,D,20170810,000000,7.2313,7.6642,7.2313,7.6642,0,0
MNS_MV,D,20170811,000000,7.6919,7.8485,7.6642,7.8485,0,0
MNS_MV,D,20170816,000000,7.8577,9.4237,7.7564,7.9682,0,0
MNS_MV,D,20170817,000000,7.9222,7.9682,7.9222,7.9682,0,0
MNS_MV,D,20170818,000000,7.5721,7.9037,7.5721,7.9037,0,0
MNS_MV,D,20170821,000000,7.6642,7.6642,7.6642,7.6642,0,0
MNS_MV,D,20170824,000000,7.3787,7.7379,7.3787,7.7379,0,0
MNS_MV,D,20170829,000000,7.7748,8.4749,7.7748,8.3367,0,0
MNS_MV,D,20170830,000000,7.9959,8.4288,7.9959,8.0511,0,0
MNS_MV,D,20170901,000000,7.7564,8.0511,7.7564,8.0511,0,0
MNS_MV,D,20170904,000000,7.7103,7.9498,7.7103,7.9498,0,0
MNS_MV,D,20170905,000000,8.4196,8.4288,7.7564,8.4288,0,0
MNS_MV,D,20170907,000000,7.8577,8.1156,7.7379,7.8945,0,0
MNS_MV,D,20170908,000000,7.9314,8.1433,7.7471,7.7471,0,0
MNS_MV,D,20170911,000000,7.8577,7.8577,7.8116,7.8577,0,0
MNS_MV,D,20170912,000000,7.8577,7.8577,7.8577,7.8577,0,0
MNS_MV,D,20170918,000000,7.8577,7.8577,7.8577,7.8577,0,0
MNS_MV,D,20171005,000000,7.9037,7.9037,7.9037,7.9037,0,0
MNS_MV,D,20171009,000000,7.5721,7.5721,7.5721,7.5721,0,0
MNS_MV,D,20171010,000000,7.6642,7.8116,7.6642,7.8116,0,0
MNS_MV,D,20171011,000000,7.5721,7.8208,7.5721,7.5721,0,0
MNS_MV,D,20171012,000000,7.5721,7.5721,7.5721,7.5721,0,0
MNS_MV,D,20171013,000000,7.8208,7.8208,7.8208,7.8208,0,0
MNS_MV,D,20171016,000000,7.5721,7.5721,7.5721,7.5721,0,0
MNS_MV,D,20171017,000000,7.8208,7.8208,7.8208,7.8208,0,0
MNS_MV,D,20171018,000000,7.8208,7.8208,7.3787,7.3787,0,0
MNS_MV,D,20171020,000000,7.3787,7.3787,7.3787,7.3787,0,0
MNS_MV,D,20171023,000000,7.3787,7.3787,7.3787,7.3787,0,0
MNS_MV,D,20171024,000000,7.2497,7.351,7.2497,7.351,0,0
MNS_MV,D,20171026,000000,7.1392,7.3787,7.1392,7.2313,0,0
MNS_MV,D,20171027,000000,7.2313,7.2313,6.9457,6.9457,0,0
MNS_MV,D,20171103,000000,6.9457,6.9457,6.9457,6.9457,0,0
MNS_MV,D,20171106,000000,6.6509,6.9457,6.6509,6.9457,0,0
MNS_MV,D,20171107,000000,6.5128,7.3787,6.4022,7.2773,0,0
MNS_MV,D,20171108,000000,6.6141,6.6141,6.6141,6.6141,0,0
MNS_MV,D,20171113,000000,6.8352,7.1852,6.8352,7.1852,0,0
MNS_MV,D,20171114,000000,6.9733,6.9733,6.6601,6.6601,0,0
MNS_MV,D,20171115,000000,6.6141,6.6141,5.7758,6.0614,0,0
MNS_MV,D,20171116,000000,5.7758,6.0706,5.7758,6.0706,0,0
MNS_MV,D,20171120,000000,5.5547,5.785,5.5087,5.785,0,0
MNS_MV,D,20171124,000000,5.785,5.785,5.785,5.785,0,0
MNS_MV,D,20171127,000000,5.5271,5.785,5.5087,5.785,0,0
MNS_MV,D,20171128,000000,5.5087,5.5087,5.3613,5.3613,0,0
MNS_MV,D,20171129,000000,5.5271,5.6561,5.5271,5.6561,0,0
MNS_MV,D,20171130,000000,5.5087,5.5087,5.5087,5.5087,0,0
MNS_MV,D,20171201,000000,5.7482,5.7482,5.7482,5.7482,0,0
MNS_MV,D,20171207,000000,5.481,5.481,5.481,5.481,0,0
MNS_MV,D,20171208,000000,5.5271,6.1351,5.5271,6.1351,0,0
MNS_MV,D,20171211,000000,5.6745,5.7942,5.6745,5.7942,0,0
MNS_MV,D,20171218,000000,5.7113,5.7113,5.7113,5.7113,0,0
MNS_MV,D,20171219,000000,5.5087,5.5916,5.5087,5.5916,0,0
MNS_MV,D,20171221,000000,5.5824,5.5824,5.5824,5.5824,0,0
MNS_MV,D,20171222,000000,5.5547,5.5916,5.5547,5.5916,0,0
MNS_MV,D,20171227,000000,5.3613,5.5916,5.3521,5.3521,0,0
MNS_MV,D,20171229,000000,5.4626,5.5916,5.4626,5.5916,0,0
MNS_MV,D,20180103,000000,5.5547,5.5547,5.5547,5.5547,0,0
MNS_MV,D,20180104,000000,5.5547,6.8997,5.5547,6.5588,0,0
MNS_MV,D,20180110,000000,6.5128,6.5128,6.5128,6.5128,0,0
MNS_MV,D,20180111,000000,5.8403,6.4667,5.8403,6.4667,0,0
MNS_MV,D,20180115,000000,6.4667,6.4667,6.4667,6.4667,0,0
MNS_MV,D,20180122,000000,6.5128,7.2313,6.5128,7.2313,0,0
MNS_MV,D,20180123,000000,6.6601,6.6601,6.6601,6.6601,0,0
MNS_MV,D,20180126,000000,6.7062,6.7062,6.7062,6.7062,0,0
MNS_MV,D,20180129,000000,6.7062,6.7062,6.7062,6.7062,0,0
MNS_MV,D,20180130,000000,6.6601,6.6601,6.6601,6.6601,0,0
MNS_MV,D,20180131,000000,6.6601,6.6601,6.5128,6.5128,0,0
MNS_MV,D,20180201,000000,6.2272,6.6601,6.2272,6.3193,0,0
MNS_MV,D,20180205,000000,6.2733,6.6141,6.2733,6.5128,0,0
MNS_MV,D,20180206,000000,6.2733,6.5128,6.0798,6.0798,0,0
MNS_MV,D,20180207,000000,6.0798,6.5128,6.0798,6.0798,0,0
MNS_MV,D,20180208,000000,6.4667,6.4667,6.4667,6.4667,0,0
MNS_MV,D,20180212,000000,6.4667,6.4667,6.4206,6.4206,0,0
MNS_MV,D,20180215,000000,6.0798,6.4206,4.8823,5.2692,0,0
MNS_MV,D,20180216,000000,5.2692,5.7482,5.2692,5.7482,0,0
MNS_MV,D,20180219,000000,5.4626,5.4626,5.4626,5.4626,0,0
MNS_MV,D,20180220,000000,5.5087,6.3746,5.5087,5.8956,0,0
MNS_MV,D,20180222,000000,5.4166,5.5547,5.4166,5.5547,0,0
MNS_MV,D,20180226,000000,5.2692,5.5547,5.2692,5.5547,0,0
MNS_MV,D,20180306,000000,5.2231,5.2231,5.2231,5.2231,0,0
MNS_MV,D,20180307,000000,5.1218,5.3152,4.9836,5.0757,0,0
MNS_MV,D,20180308,000000,5.0757,5.8403,4.7901,5.2692,0,0
MNS_MV,D,20180309,000000,5.0297,5.177,4.8823,4.8823,0,0
MNS_MV,D,20180312,000000,4.8823,5.0757,4.8362,4.8362,0,0
MNS_MV,D,20180313,000000,4.7901,5.0757,4.7901,5.0757,0,0
MNS_MV,D,20180316,000000,4.7533,4.8823,4.5599,4.652,0,0
MNS_MV,D,20180320,000000,4.348,4.348,4.1361,4.2927,0,0
MNS_MV,D,20180321,000000,4.2743,4.2743,4.2743,4.2743,0,0
MNS_MV,D,20180323,000000,4.0256,4.2559,4.0256,4.2559,0,0
MNS_MV,D,20180326,000000,4.219,4.2559,4.219,4.2374,0,0
MNS_MV,D,20180327,000000,4.2559,4.4862,4.2559,4.4862,0,0
MNS_MV,D,20180403,000000,4.4677,4.4677,4.4677,4.4677,0,0
MNS_MV,D,20180409,000000,4.4493,4.4493,4.4493,4.4493,0,0
MNS_MV,D,20180412,000000,4.173,4.3111,3.9242,4.3111,0,0
MNS_MV,D,20180416,000000,3.9242,4.219,3.9242,4.219,0,0
MNS_MV,D,20180417,000000,3.9242,4.219,3.9242,4.219,0,0
MNS_MV,D,20180420,000000,3.9242,3.9519,3.9242,3.9519,0,0
MNS_MV,D,20180423,000000,3.9519,4.219,3.9519,4.219,0,0
MNS_MV,D,20180514,000000,4.0808,4.3111,3.9242,4.0256,0,0
MNS_MV,D,20180518,000000,3.7584,3.7584,3.1228,3.1228,0,0
MNS_MV,D,20180521,000000,3.1412,3.5466,2.6806,3.5466,0,0
MNS_MV,D,20180522,000000,2.8188,2.8188,2.8188,2.8188,0,0
MNS_MV,D,20180523,000000,2.7175,2.7175,2.6254,2.6254,0,0
MNS_MV,D,20180524,000000,2.6806,3.1044,2.6806,3.1044,0,0
MNS_MV,D,20180525,000000,2.8925,3.1412,2.8925,3.0675,0,0
MNS_MV,D,20180528,000000,3.1228,3.2794,3.1228,3.2794,0,0
MNS_MV,D,20180529,000000,3.2794,3.4729,3.0491,3.4729,0,0
MNS_MV,D,20180530,000000,3.4452,3.4452,3.4452,3.4452,0,0
MNS_MV,D,20180601,000000,3.2426,3.2426,3.2426,3.2426,0,0
MNS_MV,D,20180604,000000,3.2426,3.2978,3.0675,3.2978,0,0
MNS_MV,D,20180605,000000,3.2978,3.4452,3.2978,3.4452,0,0
MNS_MV,D,20180611,000000,3.5097,3.5097,3.5097,3.5097,0,0
MNS_MV,D,20180613,000000,3.4452,3.4452,3.4452,3.4452,0,0
MNS_MV,D,20180702,000000,3.261,3.4913,3.261,3.4913,0,0
MNS_MV,D,20180705,000000,3.086,3.3163,3.086,3.3163,0,0
MNS_MV,D,20180706,000000,3.086,3.086,3.086,3.086,0,0
MNS_MV,D,20180709,000000,3.1228,3.2978,3.1228,3.2978,0,0
MNS_MV,D,20180716,000000,3.1412,3.2978,3.0675,3.2978,0,0
MNS_MV,D,20180718,000000,3.1044,3.2794,3.1044,3.2794,0,0
MNS_MV,D,20180719,000000,3.1044,3.2426,3.1044,3.2426,0,0
MNS_MV,D,20180724,000000,3.0307,3.1597,3.0307,3.1597,0,0
MNS_MV,D,20180726,000000,3.2426,3.2426,3.2426,3.2426,0,0
MNS_MV,D,20180731,000000,3.0491,3.2426,3.0307,3.2426,0,0
MNS_MV,D,20180806,000000,3.0307,3.2149,3.0307,3.2149,0,0
MNS_MV,D,20180816,000000,2.9478,3.4084,2.7359,3.3163,0,0
MNS_MV,D,20180817,000000,3.1965,3.1965,3.1965,3.1965,0,0
MNS_MV,D,20180820,000000,3.3163,3.3347,3.1044,3.3347,0,0
MNS_MV,D,20180821,000000,3.3163,3.39,3.1044,3.39,0,0
MNS_MV,D,20180822,000000,3.261,4.5599,3.261,4.5599,0,0
MNS_MV,D,20180823,000000,4.5046,4.5046,3.6939,3.8321,0,0
MNS_MV,D,20180824,000000,4.0071,4.4677,3.9519,4.4677,0,0
MNS_MV,D,20180827,000000,4.2559,5.0757,4.2559,4.5046,0,0
MNS_MV,D,20180830,000000,4.3296,4.3296,4.3296,4.3296,0,0
MNS_MV,D,20180831,000000,4.4033,4.4033,4.4033,4.4033,0,0
MNS_MV,D,20180903,000000,4.4677,4.6151,4.4677,4.523,0,0
MNS_MV,D,20180904,000000,4.4309,4.7533,4.4309,4.5046,0,0
MNS_MV,D,20180910,000000,4.3664,4.3664,4.3664,4.3664,0,0
MNS_MV,D,20180911,000000,4.3664,4.4677,4.3664,4.4677,0,0
MNS_MV,D,20180912,000000,4.3664,4.3664,4.219,4.219,0,0
MNS_MV,D,20180913,000000,4.3296,4.523,4.3296,4.523,0,0
MNS_MV,D,20180917,000000,4.4033,4.4677,4.4033,4.4677,0,0
MNS_MV,D,20180918,000000,4.219,4.4862,4.219,4.4862,0,0
MNS_MV,D,20180919,000000,4.5967,4.5967,4.5967,4.5967,0,0
MNS_MV,D,20180924,000000,4.3848,4.3848,3.8505,4.2927,0,0
MNS_MV,D,20180926,000000,4.0808,4.0808,4.0808,4.0808,0,0
MNS_MV,D,20180927,000000,4.1361,4.2927,4.1361,4.2927,0,0
MNS_MV,D,20180928,000000,4.5046,4.5046,4.5046,4.5046,0,0
MNS_MV,D,20181004,000000,4.2006,4.2006,4.2006,4.2006,0,0
MNS_MV,D,20181010,000000,4.0071,4.0071,4.0071,4.0071,0,0
MNS_MV,D,20181016,000000,4.044,4.044,4.044,4.044,0,0
MNS_MV,D,20181017,000000,3.8321,3.8321,3.8321,3.8321,0,0
MNS_MV,D,20181018,000000,3.8874,3.8874,3.8874,3.8874,0,0
MNS_MV,D,20181022,000000,3.3531,3.3531,3.3531,3.3531,0,0
MNS_MV,D,20181023,000000,3.1597,3.1597,3.1597,3.1597,0,0
MNS_MV,D,20181024,000000,3.1965,3.1965,3.1965,3.1965,0,0
MNS_MV,D,20181026,000000,3.1965,3.1965,3.1965,3.1965,0,0
MNS_MV,D,20181029,000000,3.3715,3.3715,3.3715,3.3715,0,0
MNS_MV,D,20181030,000000,3.6018,3.6018,3.6018,3.6018,0,0
MNS_MV,D,20181114,000000,3.4452,3.4452,3.4452,3.4452,0,0
MNS_MV,D,20181120,000000,3.6387,3.6755,3.6387,3.6755,0,0
MNS_MV,D,20181129,000000,3.6387,3.6387,3.6387,3.6387,0,0
MNS_MV,D,20181203,000000,3.5097,3.5097,3.5097,3.5097,0,0
MNS_MV,D,20181204,000000,3.8321,3.8321,3.8321,3.8321,0,0
MNS_MV,D,20181206,000000,4.1361,4.1361,4.1361,4.1361,0,0
MNS_MV,D,20181210,000000,3.869,3.869,3.869,3.869,0,0
MNS_MV,D,20181212,000000,4.2927,4.2927,4.2927,4.2927,0,0
MNS_MV,D,20181218,000000,4.4033,4.5046,4.4033,4.5046,0,0
MNS_MV,D,20181219,000000,4.7533,4.7533,4.7533,4.7533,0,0
MNS_MV,D,20181228,000000,4.9375,5.1218,4.9375,5.1218,0,0
MNS_MV,D,20190103,000000,5.177,5.177,5.177,5.177,0,0
MNS_MV,D,20190104,000000,4.8823,4.8823,4.8823,4.8823,0,0
MNS_MV,D,20190109,000000,5.2231,5.2231,5.2231,5.2231,0,0
MNS_MV,D,20190114,000000,5.177,5.177,5.177,5.177,0,0
MNS_MV,D,20190117,000000,4.7901,4.7901,4.7901,4.7901,0,0
MNS_MV,D,20190118,000000,4.7901,4.7901,4.7901,4.7901,0,0
MNS_MV,D,20190121,000000,4.7901,4.7901,4.7901,4.7901,0,0
MNS_MV,D,20190125,000000,4.5967,4.5967,4.5967,4.5967,0,0
MNS_MV,D,20190129,000000,4.4677,4.4677,4.4677,4.4677,0,0
MNS_MV,D,20190211,000000,4.3111,4.3111,4.3111,4.3111,0,0
MNS_MV,D,20190215,000000,4.3664,4.3664,4.3664,4.3664,0,0
MNS_MV,D,20190218,000000,4.3848,4.3848,4.3848,4.3848,0,0
MNS_MV,D,20190220,000000,4.3848,4.3848,4.3848,4.3848,0,0
MNS_MV,D,20190221,000000,4.3848,4.3848,4.3848,4.3848,0,0
MNS_MV,D,20190225,000000,4.4493,4.4493,4.4493,4.4493,0,0
MNS_MV,D,20190307,000000,4.6796,4.9375,4.6796,4.9375,0,0
MNS_MV,D,20190308,000000,5.6008,5.7021,5.6008,5.7021,0,0
MNS_MV,D,20190311,000000,5.4626,5.4626,5.4626,5.4626,0,0
MNS_MV,D,20190312,000000,5.5087,5.5087,5.5087,5.5087,0,0
MNS_MV,D,20190313,000000,4.3111,4.3111,4.3111,4.3111,0,0
MNS_MV,D,20190314,000000,4.5967,4.5967,4.5967,4.5967,0,0
MNS_MV,D,20190319,000000,4.4033,4.4033,4.4033,4.4033,0,0
MNS_MV,D,20190321,000000,4.7901,4.7901,4.7901,4.7901,0,0
MNS_MV,D,20190322,000000,5.1218,5.2692,5.1218,5.2692,0,0
MNS_MV,D,20190326,000000,5.4626,5.4626,5.4626,5.4626,0,0
MNS_MV,D,20190403,000000,5.4626,5.4626,5.4626,5.4626,0,0
MNS_MV,D,20190429,000000,4.7901,4.7901,4.7901,4.7901,0,0
MNS_MV,D,20190507,000000,4.9375,4.9375,4.9375,4.9375,0,0
MNS_MV,D,20190509,000000,4.6796,4.6796,4.6796,4.6796,0,0
MNS_MV,D,20190514,000000,4.6796,4.6796,4.6796,4.6796,0,0
MNS_MV,D,20190516,000000,4.9375,4.9375,4.9375,4.9375,0,0
MNS_MV,D,20190517,000000,4.9375,4.9375,4.9375,4.9375,0,0
MNS_MV,D,20190521,000000,4.9836,4.9836,4.9836,4.9836,0,0
MNS_MV,D,20190524,000000,5.2231,5.2231,5.2231,5.2231,0,0
MNS_MV,D,20190527,000000,4.7901,4.7901,4.7901,4.7901,0,0
MNS_MV,D,20190528,000000,4.5967,4.5967,4.5967,4.5967,0,0
MNS_MV,D,20190529,000000,4.5967,4.7901,4.5967,4.7901,0,0
MNS_MV,D,20190530,000000,4.7901,4.7901,4.7901,4.7901,0,0
MNS_MV,D,20190531,000000,4.9836,4.9836,4.9836,4.9836,0,0
MNS_MV,D,20190604,000000,5.0757,5.0757,5.0757,5.0757,0,0
MNS_MV,D,20190605,000000,4.9375,4.9375,4.9375,4.9375,0,0
MNS_MV,D,20190606,000000,5.2231,5.2231,5.2231,5.2231,0,0
MNS_MV,D,20190614,000000,4.9375,4.9375,4.9375,4.9375,0,0
MNS_MV,D,20190619,000000,4.7901,4.7901,4.7901,4.7901,0,0
MNS_MV,D,20190621,000000,4.652,4.652,4.652,4.652,0,0
MNS_MV,D,20190628,000000,4.5046,4.5046,4.5046,4.5046,0,0
MNS_MV,D,20190703,000000,4.7533,4.7533,4.7533,4.7533,0,0
MNS_MV,D,20190709,000000,4.7533,4.7533,4.7533,4.7533,0,0
MNS_MV,D,20190717,000000,4.3111,4.3111,4.3111,4.3111,0,0
MNS_MV,D,20190722,000000,4.3111,4.3111,4.3111,4.3111,0,0
MNS_MV,D,20190731,000000,3.8321,3.8321,3.8321,3.8321,0,0
MNS_MV,D,20190805,000000,3.8321,4.0071,3.8321,4.0071,0,0
MNS_MV,D,20190807,000000,4.3296,4.3296,4.3296,4.3296,0,0
MNS_MV,D,20190808,000000,4.3664,4.3664,4.0624,4.0624,0,0
MNS_MV,D,20190809,000000,4.1361,4.1361,4.1361,4.1361,0,0
MNS_MV,D,20190813,000000,4.0808,4.0808,4.0808,4.0808,0,0
MNS_MV,D,20190816,000000,4.3848,4.7901,4.3848,4.7901,0,0
MNS_MV,D,20190819,000000,4.7901,4.7901,4.7901,4.7901,0,0
MNS_MV,D,20190827,000000,5.2231,5.2231,5.2231,5.2231,0,0
MNS_MV,D,20190828,000000,5.0757,5.177,5.0757,5.177,0,0
MNS_MV,D,20190829,000000,5.177,5.177,5.177,5.177,0,0
MNS_MV,D,20190830,000000,5.2231,5.2231,5.2231,5.2231,0,0
MNS_MV,D,20190904,000000,5.7482,5.7482,5.7482,5.7482,0,0
MNS_MV,D,20190906,000000,5.7482,5.7482,5.7482,5.7482,0,0
MNS_MV,D,20190909,000000,6.3193,6.3193,6.3193,6.3193,0,0
MNS_MV,D,20190910,000000,6.7062,6.7062,6.7062,6.7062,0,0
MNS_MV,D,20190911,000000,6.8997,6.8997,6.8997,6.8997,0,0
MNS_MV,D,20190912,000000,6.2272,6.6141,6.2272,6.6141,0,0
MNS_MV,D,20190918,000000,4.9836,4.9836,4.9836,4.9836,0,0
MNS_MV,D,20190920,000000,5.9416,5.9416,5.9416,5.9416,0,0
MNS_MV,D,20190923,000000,6.7062,6.7062,6.7062,6.7062,0,0
MNS_MV,D,20190924,000000,5.7482,5.7482,5.7482,5.7482,0,0
MNS_MV,D,20190927,000000,5.6561,6.2272,5.6561,6.2272,0,0
MNS_MV,D,20190930,000000,6.2272,6.2272,6.2272,6.2272,0,0
MNS_MV,D,20191001,000000,5.9416,5.9416,5.2692,5.2692,0,0
MNS_MV,D,20191007,000000,5.3152,5.4626,5.3152,5.4626,0,0
MNS_MV,D,20191008,000000,4.9836,4.9836,4.5967,4.7901,0,0
MNS_MV,D,20191010,000000,5.0757,5.0757,5.0757,5.0757,0,0
MNS_MV,D,20191015,000000,5.177,5.177,5.177,5.177,0,0
MNS_MV,D,20191018,000000,5.177,5.177,5.177,5.177,0,0
MNS_MV,D,20191021,000000,4.8823,4.8823,4.698,4.7901,0,0
MNS_MV,D,20191022,000000,4.4677,4.4677,4.4677,4.4677,0,0
MNS_MV,D,20191023,000000,4.3848,4.7901,4.3848,4.7901,0,0
MNS_MV,D,20191024,000000,4.4493,4.4493,4.4493,4.4493,0,0
MNS_MV,D,20191025,000000,4.7901,5.0757,4.698,4.698,0,0
MNS_MV,D,20191029,000000,5.0297,5.0297,5.0297,5.0297,0,0
MNS_MV,D,20191030,000000,4.698,4.698,4.698,4.698,0,0
MNS_MV,D,20191105,000000,4.5967,4.5967,4.5967,4.5967,0,0
MNS_MV,D,20191107,000000,4.5967,4.5967,4.5967,4.5967,0,0
MNS_MV,D,20191112,000000,4.4309,4.9375,4.4309,4.7901,0,0
MNS_MV,D,20191113,000000,4.7901,5.4626,4.7901,5.4626,0,0
MNS_MV,D,20191114,000000,5.2231,5.5547,5.2231,5.5087,0,0
MNS_MV,D,20191115,000000,7.1852,7.1852,6.7062,7.1852,0,0
MNS_MV,D,20191118,000000,6.7062,6.7062,6.2272,6.2733,0,0
MNS_MV,D,20191119,000000,6.5128,6.7062,5.7482,6.2272,0,0
MNS_MV,D,20191120,000000,6.2272,7.1852,6.2272,6.7062,0,0
MNS_MV,D,20191121,000000,6.7983,6.9918,6.7983,6.9918,0,0
MNS_MV,D,20191122,000000,7.1852,8.5301,7.1852,7.4708,0,0
MNS_MV,D,20191125,000000,7.9037,11.017,7.9037,10.059,0,0
MNS_MV,D,20191126,000000,9.4882,9.4882,7.9498,8.7697,0,0
MNS_MV,D,20191127,000000,8.7144,8.7144,8.4288,8.7144,0,0
MNS_MV,D,20191128,000000,8.7144,8.7144,8.1893,8.1893,0,0
MNS_MV,D,20191129,000000,8.7144,8.7144,8.7144,8.7144,0,0
MNS_MV,D,20191202,000000,8.2906,8.3367,8.2906,8.3367,0,0
MNS_MV,D,20191203,000000,8.7144,8.7144,8.1893,8.7144,0,0
MNS_MV,D,20191204,000000,8.7144,8.7144,8.7144,8.7144,0,0
MNS_MV,D,20191205,000000,8.7144,8.7697,8.7144,8.7697,0,0
MNS_MV,D,20191206,000000,8.7697,8.9539,8.7697,8.9539,0,0
MNS_MV,D,20191209,000000,8.9539,9.1013,8.9539,9.1013,0,0
MNS_MV,D,20191210,000000,8.8618,9.4329,8.8618,9.4329,0,0
MNS_MV,D,20191211,000000,9.1934,9.4329,9.1934,9.4329,0,0
MNS_MV,D,20191212,000000,9.4329,9.4329,9.3868,9.4329,0,0
MNS_MV,D,20191213,000000,9.1934,9.4329,9.1934,9.4329,0,0
MNS_MV,D,20191216,000000,9.2487,9.2487,7.6642,9.1013,0,0
MNS_MV,D,20191217,000000,8.6223,8.6223,8.1433,8.1893,0,0
MNS_MV,D,20191218,000000,8.0511,8.5301,8.0511,8.1433,0,0
MNS_MV,D,20191219,000000,8.0972,8.6223,8.0972,8.5762,0,0
MNS_MV,D,20191220,000000,8.5762,8.8157,8.1433,8.8157,0,0
MNS_MV,D,20191223,000000,9.0092,9.58,9.0092,9.58,0,0
MNS_MV,D,20191227,000000,9.58,9.866,9.4882,9.866,0,0
MNS_MV,D,20191230,000000,9.2947,9.967,9.2947,9.866,0,0
MNS_MV,D,20200102,000000,9.58,10.824,9.3868,10.824,0,0
MNS_MV,D,20200103,000000,10.824,12.454,9.774,11.404,0,0
MNS_MV,D,20200107,000000,11.883,15.43,11.883,14.37,0,0
MNS_MV,D,20200108,000000,14.37,15.135,13.035,14.757,0,0
MNS_MV,D,20200109,000000,15.043,17.051,15.043,16.287,0,0
MNS_MV,D,20200110,000000,17.245,18.203,17.152,17.245,0,0
MNS_MV,D,20200113,000000,17.724,18.967,17.245,18.203,0,0
MNS_MV,D,20200114,000000,17.245,17.245,15.909,16.867,0,0
MNS_MV,D,20200115,000000,16.867,17.152,15.522,17.152,0,0
MNS_MV,D,20200116,000000,17.631,18.589,17.631,18.589,0,0
MNS_MV,D,20200117,000000,17.245,23.951,17.245,20.506,0,0
MNS_MV,D,20200120,000000,20.119,20.312,19.161,19.741,0,0
MNS_MV,D,20200121,000000,20.119,20.119,18.783,20.119,0,0
MNS_MV,D,20200122,000000,19.925,19.925,16.867,19.068,0,0
MNS_MV,D,20200123,000000,19.161,20.119,19.161,20.119,0,0
MNS_MV,D,20200124,000000,18.396,19.925,16.959,17.245,0,0
MNS_MV,D,20200127,000000,17.631,19.068,17.245,17.245,0,0
MNS_MV,D,20200128,000000,16.001,18.203,16.001,17.917,0,0
MNS_MV,D,20200129,000000,18.396,19.547,18.203,18.304,0,0
MNS_MV,D,20200130,000000,17.825,18.682,17.152,17.152,0,0
MNS_MV,D,20200131,000000,17.245,18.11,16.867,16.867,0,0
MNS_MV,D,20200203,000000,17.631,17.825,16.194,16.959,0,0
MNS_MV,D,20200204,000000,17.152,17.152,17.152,17.152,0,0
MNS_MV,D,20200205,000000,17.152,19.741,16.287,19.161,0,0
MNS_MV,D,20200206,000000,19.161,23.573,19.161,23.573,0,0
MNS_MV,D,20200207,000000,23.573,25.867,23.573,24.338,0,0
MNS_MV,D,20200210,000000,24.909,26.447,22.799,23.951,0,0
MNS_MV,D,20200211,000000,24.909,26.254,24.909,24.909,0,0
MNS_MV,D,20200212,000000,24.909,26.254,23.186,25.867,0,0
MNS_MV,D,20200213,000000,25.867,25.867,20.883,22.035,0,0
MNS_MV,D,20200214,000000,22.799,26.06,19.354,26.06,0,0
MNS_MV,D,20200217,000000,24.909,27.783,24.909,27.589,0,0
MNS_MV,D,20200218,000000,24.144,27.589,22.993,23.951,0,0
MNS_MV,D,20200219,000000,23.186,24.909,21.077,24.531,0,0
MNS_MV,D,20200220,000000,23.38,27.018,23.38,25.489,0,0
MNS_MV,D,20200221,000000,24.909,26.631,23.951,23.951,0,0
MNS_MV,D,20200224,000000,23.951,32.389,23.951,32.195,0,0
MNS_MV,D,20200225,000000,33.153,33.153,27.212,30.279,0,0
MNS_MV,D,20200226,000000,29.699,34.489,27.405,27.976,0,0
MNS_MV,D,20200227,000000,29.892,30.657,28.17,28.17,0,0
MNS_MV,D,20200228,000000,27.783,27.783,21.077,22.615,0,0
MNS_MV,D,20200302,000000,22.035,22.993,18.203,20.312,0,0
MNS_MV,D,20200303,000000,22.035,22.422,18.875,19.925,0,0
MNS_MV,D,20200304,000000,20.119,22.035,20.119,20.699,0,0
MNS_MV,D,20200305,000000,20.699,27.405,20.699,24.909,0,0
MNS_MV,D,20200306,000000,27.405,29.321,25.673,26.631,0,0
MNS_MV,D,20200309,000000,23.757,25.102,18.967,18.967,0,0
MNS_MV,D,20200310,000000,20.119,22.799,20.119,22.228,0,0
MNS_MV,D,20200311,000000,23.951,23.951,19.161,19.161,0,0
MNS_MV,D,20200312,000000,18.875,18.875,15.135,16.572,0,0
MNS_MV,D,20200313,000000,16.287,19.547,15.522,16.388,0,0
MNS_MV,D,20200316,000000,16.287,19.547,15.807,17.438,0,0
MNS_MV,D,20200317,000000,20.883,20.883,19.161,19.741,0,0
MNS_MV,D,20200318,000000,19.741,20.699,18.203,19.925,0,0
MNS_MV,D,20200319,000000,19.925,19.925,19.161,19.925,0,0
MNS_MV,D,20200320,000000,19.925,20.883,19.068,20.119,0,0
MNS_MV,D,20200323,000000,19.161,19.925,19.161,19.925,0,0
MNS_MV,D,20200324,000000,20.883,20.883,19.354,20.506,0,0
MNS_MV,D,20200325,000000,19.925,19.925,19.925,19.925,0,0
MNS_MV,D,20200326,000000,18.203,19.354,18.203,19.161,0,0
MNS_MV,D,20200327,000000,19.161,22.035,18.783,22.035,0,0
MNS_MV,D,20200330,000000,22.422,23.573,22.422,23.38,0,0
MNS_MV,D,20200331,000000,23.38,23.38,19.161,20.883,0,0
MNS_MV,D,20200401,000000,20.312,20.883,19.161,20.312,0,0
MNS_MV,D,20200402,000000,20.506,20.699,19.161,20.119,0,0
MNS_MV,D,20200403,000000,19.354,19.354,18.589,19.161,0,0
MNS_MV,D,20200406,000000,19.354,20.506,18.589,18.875,0,0
MNS_MV,D,20200407,000000,19.161,20.312,18.783,19.161,0,0
MNS_MV,D,20200408,000000,19.161,20.119,18.783,19.068,0,0
MNS_MV,D,20200409,000000,19.547,19.547,18.589,19.354,0,0
MNS_MV,D,20200414,000000,19.547,21.27,19.354,21.077,0,0
MNS_MV,D,20200415,000000,20.699,20.883,19.925,20.119,0,0
MNS_MV,D,20200416,000000,20.119,21.27,19.161,20.119,0,0
MNS_MV,D,20200417,000000,20.312,22.422,19.354,21.077,0,0
MNS_MV,D,20200420,000000,22.035,27.018,22.035,27.018,0,0
MNS_MV,D,20200421,000000,27.018,27.976,23.757,27.405,0,0
MNS_MV,D,20200422,000000,29.128,30.086,26.447,29.699,0,0
MNS_MV,D,20200423,000000,29.128,29.892,27.405,28.741,0,0
MNS_MV,D,20200424,000000,29.128,29.128,26.447,27.976,0,0
MNS_MV,D,20200427,000000,28.363,28.741,26.825,28.741,0,0
MNS_MV,D,20200428,000000,28.741,30.657,28.547,30.086,0,0
MNS_MV,D,20200429,000000,30.85,30.85,29.321,30.657,0,0
MNS_MV,D,20200430,000000,29.699,30.657,29.515,30.086,0,0
MNS_MV,D,20200504,000000,28.547,28.547,25.296,25.296,0,0
MNS_MV,D,20200505,000000,25.102,27.976,24.531,27.018,0,0
MNS_MV,D,20200506,000000,27.018,27.589,25.673,26.254,0,0
MNS_MV,D,20200507,000000,25.867,26.254,25.296,25.673,0,0
MNS_MV,D,20200508,000000,25.489,26.254,25.296,26.254,0,0
MNS_MV,D,20200511,000000,26.254,27.018,25.867,27.018,0,0
MNS_MV,D,20200512,000000,27.018,29.128,26.447,27.783,0,0
MNS_MV,D,20200513,000000,27.783,28.741,27.018,27.589,0,0
MNS_MV,D,20200514,000000,27.212,27.976,24.531,26.06,0,0
MNS_MV,D,20200515,000000,26.447,27.405,26.447,27.405,0,0
MNS_MV,D,20200518,000000,27.783,28.741,27.783,28.363,0,0
MNS_MV,D,20200519,000000,28.363,28.363,27.018,27.976,0,0
MNS_MV,D,20200520,000000,27.212,27.405,26.254,27.212,0,0
MNS_MV,D,20200521,000000,26.254,28.741,26.254,28.363,0,0
MNS_MV,D,20200522,000000,28.17,28.363,27.405,27.976,0,0
MNS_MV,D,20200525,000000,27.976,27.976,27.212,27.212,0,0
MNS_MV,D,20200526,000000,27.783,27.783,26.447,27.405,0,0
MNS_MV,D,20200527,000000,27.405,27.976,27.212,27.405,0,0
MNS_MV,D,20200528,000000,27.018,27.018,26.825,26.825,0,0
MNS_MV,D,20200529,000000,26.825,26.825,26.254,26.825,0,0
MNS_MV,D,20200601,000000,26.825,29.699,26.825,28.741,0,0
MNS_MV,D,20200602,000000,28.934,28.934,28.363,28.741,0,0
MNS_MV,D,20200603,000000,28.741,29.515,28.547,28.741,0,0
MNS_MV,D,20200604,000000,28.934,28.934,27.405,28.741,0,0
MNS_MV,D,20200605,000000,28.741,28.934,27.589,28.17,0,0
MNS_MV,D,20200608,000000,28.547,30.473,27.783,29.699,0,0
MNS_MV,D,20200609,000000,30.473,31.237,29.128,29.699,0,0
MNS_MV,D,20200610,000000,30.473,30.657,28.741,29.515,0,0
MNS_MV,D,20200612,000000,28.741,31.615,27.589,30.279,0,0
MNS_MV,D,20200615,000000,29.699,29.699,28.363,29.699,0,0
MNS_MV,D,20200616,000000,29.892,30.657,28.934,30.279,0,0
MNS_MV,D,20200617,000000,29.699,30.473,29.321,30.279,0,0
MNS_MV,D,20200618,000000,30.279,30.657,29.892,29.892,0,0
MNS_MV,D,20200619,000000,29.892,30.657,29.128,30.657,0,0
MNS_MV,D,20200622,000000,30.657,31.615,30.086,30.85,0,0
MNS_MV,D,20200623,000000,31.237,31.615,30.85,31.431,0,0
MNS_MV,D,20200624,000000,31.615,33.531,31.615,32.573,0,0
MNS_MV,D,20200625,000000,33.347,41.195,32.573,39.279,0,0
MNS_MV,D,20200626,000000,42.153,44.069,41.011,44.069,0,0
MNS_MV,D,20200629,000000,45.801,45.801,42.153,45.027,0,0
MNS_MV,D,20200630,000000,60.365,72.34,54.138,68.987,0,0
MNS_MV,D,20200701,000000,72.819,72.819,61.802,67.071,0,0
MNS_MV,D,20200702,000000,65.155,68.508,62.281,66.113,0,0
MNS_MV,D,20200703,000000,65.155,65.155,61.323,62.281,0,0
MNS_MV,D,20200706,000000,64.197,64.197,56.533,61.802,0,0
MNS_MV,D,20200707,000000,60.365,67.071,57.97,65.155,0,0
MNS_MV,D,20200708,000000,67.071,67.071,62.281,65.155,0,0
MNS_MV,D,20200709,000000,64.676,66.113,60.365,61.323,0,0
MNS_MV,D,20200710,000000,62.281,65.155,60.365,64.676,0,0
MNS_MV,D,20200713,000000,65.155,77.61,65.155,76.173,0,0
MNS_MV,D,20200714,000000,76.652,80.005,73.777,77.131,0,0
MNS_MV,D,20200715,000000,77.61,86.232,77.61,85.753,0,0
MNS_MV,D,20200716,000000,88.148,88.627,85.753,88.148,0,0
MNS_MV,D,20200717,000000,105.39,124.55,105.39,124.55,0,0
MNS_MV,D,20200720,000000,124.55,162.88,124.55,162.88,0,0
MNS_MV,D,20200721,000000,182.04,182.04,130.3,133.18,0,0
MNS_MV,D,20200722,000000,140.84,153.3,130.3,149.47,0,0
MNS_MV,D,20200723,000000,153.3,167.67,153.3,158.09,0,0
MNS_MV,D,20200724,000000,167.67,167.67,149.47,154.26,0,0
MNS_MV,D,20200727,000000,165.76,186.83,160.97,182.04,0,0
MNS_MV,D,20200728,000000,189.71,201.2,183.96,190.67,0,0
MNS_MV,D,20200729,000000,187.79,189.71,173.42,180.13,0,0
MNS_MV,D,20200730,000000,182.04,184.92,131.26,160.97,0,0
MNS_MV,D,20200731,000000,149.47,167.67,149.47,160.97,0,0
MNS_MV,D,20200803,000000,162.88,185.88,162.88,185.88,0,0
MNS_MV,D,20200804,000000,186.83,186.83,170.55,182.04,0,0
MNS_MV,D,20200805,000000,182.04,182.04,175.34,181.09,0,0
MNS_MV,D,20200806,000000,180.13,180.13,166.72,167.67,0,0
MNS_MV,D,20200807,000000,166.72,171.51,148.51,171.51,0,0
MNS_MV,D,20200810,000000,171.51,172.46,161.93,171.51,0,0
MNS_MV,D,20200811,000000,177.25,177.25,153.3,153.3,0,0
MNS_MV,D,20200812,000000,152.35,152.35,129.34,143.72,0,0
MNS_MV,D,20200813,000000,140.84,164.8,135.09,140.84,0,0
MNS_MV,D,20200814,000000,145.64,148.51,135.09,137.97,0,0
MNS_MV,D,20200817,000000,102.52,121.68,102.52,117.85,0,0
MNS_MV,D,20200818,000000,118.8,118.8,104.43,105.39,0,0
MNS_MV,D,20200819,000000,103.48,126.47,103.48,125.51,0,0
MNS_MV,D,20200820,000000,124.55,124.55,109.22,111.14,0,0
MNS_MV,D,20200821,000000,111.14,111.14,104.43,110.18,0,0
MNS_MV,D,20200824,000000,110.18,110.18,105.39,109.22,0,0
MNS_MV,D,20200825,000000,109.22,109.22,100.6,102.52,0,0
MNS_MV,D,20200826,000000,100.6,100.6,93.417,94.375,0,0
MNS_MV,D,20200827,000000,96.77,101.56,91.501,101.56,0,0
MNS_MV,D,20200828,000000,101.56,101.56,95.812,96.77,0,0
MNS_MV,D,20200831,000000,97.728,101.56,95.812,96.77,0,0
MNS_MV,D,20200901,000000,96.77,97.728,91.98,92.938,0,0
MNS_MV,D,20200902,000000,91.98,91.98,85.274,86.232,0,0
MNS_MV,D,20200903,000000,85.274,85.274,80.484,80.484,0,0
MNS_MV,D,20200904,000000,77.61,83.837,75.215,78.568,0,0
MNS_MV,D,20200907,000000,78.568,78.568,72.819,75.694,0,0
MNS_MV,D,20200908,000000,71.861,71.861,62.281,69.945,0,0
MNS_MV,D,20200909,000000,68.508,80.963,68.029,80.963,0,0
MNS_MV,D,20200910,000000,83.837,84.316,74.736,82.4,0,0
MNS_MV,D,20200911,000000,79.526,80.484,77.61,80.484,0,0
MNS_MV,D,20200914,000000,81.442,88.148,81.442,88.148,0,0
MNS_MV,D,20200915,000000,89.106,89.585,86.232,88.148,0,0
MNS_MV,D,20200916,000000,87.19,87.669,86.232,87.669,0,0
MNS_MV,D,20200917,000000,84.316,85.753,82.4,85.274,0,0
MNS_MV,D,20200918,000000,85.274,85.274,81.921,85.274,0,0
MNS_MV,D,20200921,000000,85.753,91.022,80.484,82.4,0,0
MNS_MV,D,20200922,000000,81.921,85.274,80.484,84.316,0,0
MNS_MV,D,20200923,000000,86.232,86.232,81.442,81.921,0,0
MNS_MV,D,20200924,000000,80.484,80.484,76.652,78.089,0,0
MNS_MV,D,20200925,000000,79.526,80.484,76.173,79.526,0,0
MNS_MV,D,20200928,000000,80.484,80.484,75.694,79.526,0,0
MNS_MV,D,20200929,000000,79.526,79.526,75.694,77.61,0,0
MNS_MV,D,20200930,000000,76.652,83.358,76.652,83.358,0,0
MNS_MV,D,20201001,000000,86.232,90.064,85.753,90.064,0,0
MNS_MV,D,20201002,000000,90.064,90.064,81.921,81.921,0,0
MNS_MV,D,20201005,000000,83.837,97.728,81.442,95.812,0,0
MNS_MV,D,20201006,000000,102.52,110.18,100.6,107.31,0,0
MNS_MV,D,20201007,000000,103.48,103.48,98.686,101.56,0,0
MNS_MV,D,20201008,000000,102.52,110.18,99.64,106.35,0,0
MNS_MV,D,20201009,000000,108.27,108.27,99.64,101.56,0,0
MNS_MV,D,20201012,000000,100.6,104.43,100.6,102.52,0,0
MNS_MV,D,20201013,000000,103.48,103.48,94.854,103.48,0,0
MNS_MV,D,20201014,000000,104.43,120.72,104.43,117.85,0,0
MNS_MV,D,20201015,000000,121.68,122.64,105.39,120.72,0,0
MNS_MV,D,20201016,000000,135.09,144.68,135.09,140.84,0,0
MNS_MV,D,20201019,000000,144.68,153.3,137.97,140.84,0,0
MNS_MV,D,20201020,000000,139.88,144.68,138.92,143.72,0,0
MNS_MV,D,20201021,000000,141.8,142.76,136.05,142.76,0,0
MNS_MV,D,20201022,000000,140.84,158.09,140.84,158.09,0,0
MNS_MV,D,20201023,000000,152.35,152.35,145.64,145.64,0,0
MNS_MV,D,20201026,000000,142.76,142.76,125.51,129.34,0,0
MNS_MV,D,20201027,000000,130.3,130.3,122.64,123.6,0,0
MNS_MV,D,20201028,000000,124.55,124.55,100.6,107.31,0,0
MNS_MV,D,20201029,000000,101.56,119.76,101.56,118.8,0,0
MNS_MV,D,20201030,000000,118.8,123.6,112.1,117.85,0,0
MNS_MV,D,20201102,000000,115.93,137.01,115.93,126.47,0,0
MNS_MV,D,20201103,000000,129.34,136.05,127.43,133.18,0,0
MNS_MV,D,20201104,000000,134.13,134.13,127.43,134.13,0,0
MNS_MV,D,20201105,000000,134.13,145.64,134.13,142.76,0,0
MNS_MV,D,20201106,000000,144.68,152.35,137.01,146.6,0,0
MNS_MV,D,20201109,000000,148.51,151.39,128.39,132.22,0,0
MNS_MV,D,20201110,000000,132.22,145.64,129.34,140.84,0,0
MNS_MV,D,20201112,000000,154.26,154.26,127.43,131.26,0,0
MNS_MV,D,20201113,000000,131.26,131.26,122.64,125.51,0,0
MNS_MV,D,20201116,000000,127.43,127.43,115.93,118.8,0,0
MNS_MV,D,20201117,000000,118.8,125.51,117.85,125.51,0,0
MNS_MV,D,20201118,000000,121.68,126.47,118.8,126.47,0,0
MNS_MV,D,20201119,000000,126.47,130.3,120.72,126.47,0,0
MNS_MV,D,20201120,000000,124.55,128.39,122.64,126.47,0,0
MNS_MV,D,20201123,000000,127.43,127.43,118.8,119.76,0,0
MNS_MV,D,20201124,000000,117.85,120.72,113.06,114.97,0,0
MNS_MV,D,20201125,000000,114.97,114.97,108.27,111.14,0,0
MNS_MV,D,20201126,000000,108.27,118.8,108.27,116.89,0,0
MNS_MV,D,20201127,000000,113.06,115.93,108.27,111.14,0,0
MNS_MV,D,20201130,000000,108.27,108.27,99.64,101.56,0,0
MNS_MV,D,20201201,000000,101.56,111.14,101.56,110.18,0,0
MNS_MV,D,20201202,000000,110.18,116.89,108.27,114.01,0,0
MNS_MV,D,20201203,000000,114.01,115.93,109.22,112.1,0,0
MNS_MV,D,20201204,000000,114.01,114.01,106.35,106.35,0,0
MNS_MV,D,20201207,000000,106.35,110.18,104.43,105.39,0,0
MNS_MV,D,20201208,000000,105.39,108.27,102.52,108.27,0,0
MNS_MV,D,20201209,000000,109.22,109.22,101.56,101.56,0,0
MNS_MV,D,20201210,000000,102.52,108.27,100.6,101.56,0,0
MNS_MV,D,20201211,000000,101.56,101.56,97.728,101.56,0,0
MNS_MV,D,20201214,000000,101.56,101.56,91.98,99.64,0,0
MNS_MV,D,20201215,000000,101.56,101.56,94.854,100.6,0,0
MNS_MV,D,20201216,000000,100.6,102.52,97.728,102.52,0,0
MNS_MV,D,20201217,000000,102.52,108.27,102.52,105.39,0,0
MNS_MV,D,20201218,000000,103.48,103.48,95.812,99.64,0,0
MNS_MV,D,20201221,000000,98.686,100.6,94.854,97.728,0,0
MNS_MV,D,20201222,000000,97.728,101.56,97.728,98.686,0,0
MNS_MV,D,20201223,000000,101.56,101.56,95.812,97.728,0,0
MNS_MV,D,20201228,000000,95.812,105.39,95.812,99.64,0,0
MNS_MV,D,20201229,000000,99.64,103.48,98.686,103.48,0,0
MNS_MV,D,20201230,000000,103.48,103.48,100.6,102.52,0,0
MNS_MV,D,20210104,000000,104.43,119.76,104.43,114.01,0,0
MNS_MV,D,20210105,000000,119.76,119.76,113.06,118.8,0,0
MNS_MV,D,20210107,000000,118.8,118.8,113.06,116.89,0,0
MNS_MV,D,20210108,000000,116.89,116.89,108.27,110.18,0,0
MNS_MV,D,20210111,000000,110.18,114.97,110.18,114.97,0,0
MNS_MV,D,20210112,000000,112.1,114.01,111.14,114.01,0,0
MNS_MV,D,20210113,000000,112.1,113.06,108.27,112.1,0,0
MNS_MV,D,20210114,000000,114.97,116.89,112.1,112.1,0,0
MNS_MV,D,20210115,000000,112.1,113.06,109.22,110.18,0,0
MNS_MV,D,20210118,000000,111.14,111.14,107.31,108.27,0,0
MNS_MV,D,20210119,000000,109.22,111.14,109.22,110.18,0,0
MNS_MV,D,20210120,000000,110.18,110.18,106.35,110.18,0,0
MNS_MV,D,20210121,000000,110.18,110.18,107.31,107.31,0,0
MNS_MV,D,20210122,000000,105.39,107.31,101.56,107.31,0,0
MNS_MV,D,20210125,000000,107.31,107.31,105.39,107.31,0,0
MNS_MV,D,20210126,000000,106.35,106.35,102.52,104.43,0,0
MNS_MV,D,20210127,000000,106.35,106.35,103.48,103.48,0,0
MNS_MV,D,20210128,000000,101.56,112.1,100.6,112.1,0,0
MNS_MV,D,20210129,000000,113.06,114.01,104.43,112.1,0,0
MNS_MV,D,20210201,000000,118.8,126.47,118.8,119.76,0,0
MNS_MV,D,20210202,000000,118.8,118.8,111.14,113.06,0,0
MNS_MV,D,20210203,000000,112.1,115.93,111.14,112.1,0,0
MNS_MV,D,20210204,000000,112.1,116.89,110.18,114.01,0,0
MNS_MV,D,20210205,000000,114.97,117.85,113.06,117.85,0,0
MNS_MV,D,20210208,000000,119.76,120.72,115.93,117.85,0,0
MNS_MV,D,20210209,000000,115.93,115.93,112.1,114.97,0,0
MNS_MV,D,20210210,000000,114.97,118.8,114.97,114.97,0,0
MNS_MV,D,20210211,000000,114.97,117.85,112.1,114.97,0,0
MNS_MV,D,20210212,000000,116.89,117.85,107.31,110.18,0,0
MNS_MV,D,20210215,000000,108.27,113.06,104.43,105.39,0,0
MNS_MV,D,20210216,000000,111.14,111.14,98.686,101.56,0,0
MNS_MV,D,20210217,000000,100.6,100.6,91.022,99.64,0,0
MNS_MV,D,20210218,000000,103.48,103.48,96.77,99.64,0,0
MNS_MV,D,20210219,000000,97.728,100.6,96.77,99.64,0,0
MNS_MV,D,20210222,000000,98.686,99.64,94.854,99.64,0,0
MNS_MV,D,20210223,000000,99.64,99.64,92.938,97.728,0,0
MNS_MV,D,20210224,000000,95.812,96.77,93.417,94.854,0,0
MNS_MV,D,20210225,000000,94.854,94.854,92.938,93.896,0,0
MNS_MV,D,20210226,000000,92.459,92.459,88.627,89.106,0,0
MNS_MV,D,20210301,000000,91.022,94.375,91.022,92.938,0,0
MNS_MV,D,20210302,000000,91.022,94.375,89.585,94.375,0,0
MNS_MV,D,20210303,000000,94.375,94.854,91.98,93.417,0,0
MNS_MV,D,20210304,000000,93.417,93.417,89.106,92.459,0,0
MNS_MV,D,20210305,000000,92.459,93.896,90.543,92.459,0,0
MNS_MV,D,20210308,000000,92.459,93.417,90.064,91.98,0,0
MNS_MV,D,20210309,000000,92.459,99.64,90.064,97.728,0,0
MNS_MV,D,20210310,000000,96.77,99.64,95.812,95.812,0,0
MNS_MV,D,20210311,000000,97.728,98.686,96.77,98.686,0,0
MNS_MV,D,20210312,000000,96.77,96.77,93.896,96.77,0,0
MNS_MV,D,20210315,000000,97.728,98.686,93.896,95.812,0,0
MNS_MV,D,20210316,000000,96.77,99.64,93.896,97.728,0,0
MNS_MV,D,20210317,000000,97.728,97.728,93.896,95.812,0,0
MNS_MV,D,20210318,000000,95.333,95.812,94.375,94.375,0,0
MNS_MV,D,20210319,000000,95.812,104.43,94.854,102.52,0,0
MNS_MV,D,20210322,000000,101.56,101.56,95.812,100.6,0,0
MNS_MV,D,20210323,000000,103.48,103.48,97.728,100.6,0,0
MNS_MV,D,20210324,000000,100.6,100.6,97.728,98.686,0,0
MNS_MV,D,20210325,000000,99.64,99.64,94.854,96.77,0,0
MNS_MV,D,20210326,000000,96.77,96.77,92.459,96.77,0,0
MNS_MV,D,20210329,000000,96.77,97.728,95.812,95.812,0,0
MNS_MV,D,20210330,000000,96.77,96.77,94.854,94.854,0,0
MNS_MV,D,20210331,000000,95.812,95.812,93.417,93.896,0,0
MNS_MV,D,20210401,000000,93.896,94.854,88.056,91.98,0,0
MNS_MV,D,20210406,000000,94.854,95.812,93.988,95.812,0,0
MNS_MV,D,20210407,000000,97.728,103.86,97.728,103.48,0,0
MNS_MV,D,20210408,000000,105.2,111.14,101.56,110.18,0,0
MNS_MV,D,20210409,000000,110.95,110.95,104.43,107.12,0,0
MNS_MV,D,20210412,000000,104.82,106.35,100.03,101.56,0,0
MNS_MV,D,20210413,000000,100.03,109.42,97.157,109.22,0,0
MNS_MV,D,20210414,000000,111.91,114.78,111.14,113.06,0,0
MNS_MV,D,20210415,000000,111.91,117.85,109.22,117.08,0,0
MNS_MV,D,20210416,000000,117.28,117.47,113.82,115.55,0,0
MNS_MV,D,20210419,000000,117.65,118.8,113.82,114.97,0,0
MNS_MV,D,20210420,000000,114.97,114.97,108.46,108.65,0,0
MNS_MV,D,20210421,000000,111.14,113.06,108.27,109.8,0,0
MNS_MV,D,20210422,000000,109.99,110.18,105.59,108.85,0,0
MNS_MV,D,20210423,000000,106.16,107.5,103.48,105.39,0,0
MNS_MV,D,20210426,000000,108.46,109.03,100.6,108.85,0,0
MNS_MV,D,20210427,000000,109.61,109.61,104.43,106.54,0,0
MNS_MV,D,20210428,000000,106.16,106.16,101.56,105.97,0,0
MNS_MV,D,20210429,000000,104.43,106.74,101.75,103.28,0,0
MNS_MV,D,20210430,000000,103.67,104.05,102.52,103.48,0,0
MNS_MV,D,20210504,000000,105.2,109.99,101.75,101.75,0,0
MNS_MV,D,20210505,000000,106.16,106.16,101.56,102.91,0,0
MNS_MV,D,20210506,000000,101.95,107.31,98.686,106.35,0,0
MNS_MV,D,20210507,000000,106.54,112.29,105.39,108.27,0,0
MNS_MV,D,20210510,000000,109.99,111.14,105.59,105.59,0,0
MNS_MV,D,20210511,000000,108.27,108.27,105.78,105.97,0,0
MNS_MV,D,20210512,000000,106.74,107.89,102.91,106.16,0,0
MNS_MV,D,20210513,000000,104.43,105.39,94.854,104.43,0,0
MNS_MV,D,20210514,000000,102.52,103.86,98.88,102.32,0,0
MNS_MV,D,20210517,000000,102.32,102.32,97.157,97.157,0,0
MNS_MV,D,20210518,000000,99.64,102.32,98.115,98.299,0,0
MNS_MV,D,20210519,000000,97.728,99.257,95.812,97.728,0,0
MNS_MV,D,20210520,000000,96.199,99.84,96.199,99.84,0,0
MNS_MV,D,20210521,000000,99.64,104.43,99.64,103.48,0,0
MNS_MV,D,20210524,000000,105.39,105.39,102.13,103.67,0,0
MNS_MV,D,20210525,000000,105.2,105.2,100.41,103.48,0,0
MNS_MV,D,20210526,000000,103.48,103.48,99.64,99.84,0,0
MNS_MV,D,20210527,000000,101.17,103.48,99.84,100.6,0,0
MNS_MV,D,20210528,000000,100.6,104.05,100.6,101.37,0,0
MNS_MV,D,20210531,000000,101.37,103.48,99.64,102.52,0,0
MNS_MV,D,20210601,000000,103.48,106.35,102.71,103.48,0,0
MNS_MV,D,20210602,000000,105.01,106.54,103.67,104.82,0,0
MNS_MV,D,20210604,000000,107.12,107.31,101.17,101.95,0,0
MNS_MV,D,20210607,000000,101.17,104.43,101.17,103.09,0,0
MNS_MV,D,20210608,000000,103.48,104.43,99.84,102.13,0,0
MNS_MV,D,20210609,000000,102.32,102.32,99.84,100.03,0,0
MNS_MV,D,20210610,000000,100.03,102.32,99.64,100.6,0,0
MNS_MV,D,20210611,000000,101.17,102.52,100.6,101.56,0,0
MNS_MV,D,20210614,000000,102.32,102.32,96.199,99.073,0,0
MNS_MV,D,20210615,000000,99.451,100.22,98.686,99.073,0,0
MNS_MV,D,20210616,000000,99.451,100.6,97.728,100.6,0,0
MNS_MV,D,20210617,000000,97.728,97.728,93.325,93.417,0,0
MNS_MV,D,20210618,000000,93.896,98.88,93.896,94.854,0,0
MNS_MV,D,20210621,000000,94.854,97.728,93.988,96.77,0,0
MNS_MV,D,20210622,000000,94.946,94.946,92.846,93.896,0,0
MNS_MV,D,20210623,000000,93.896,95.812,91.98,95.812,0,0
MNS_MV,D,20210624,000000,96.77,96.77,93.417,94.467,0,0
MNS_MV,D,20210625,000000,96.006,96.006,94.661,94.854,0,0
MNS_MV,D,20210628,000000,95.812,95.812,94.854,95.619,0,0
MNS_MV,D,20210629,000000,95.048,96.577,93.417,96.577,0,0
MNS_MV,D,20210630,000000,94.854,97.535,92.551,94.946,0,0
MNS_MV,D,20210701,000000,97.728,101.75,97.728,100.41,0,0
MNS_MV,D,20210702,000000,102.13,105.2,100.6,103.48,0,0
MNS_MV,D,20210705,000000,105.2,105.2,100.6,100.99,0,0
MNS_MV,D,20210706,000000,102.52,105.01,101.17,101.75,0,0
MNS_MV,D,20210707,000000,101.95,104.43,101.37,102.52,0,0
MNS_MV,D,20210708,000000,102.52,102.52,97.922,98.686,0,0
MNS_MV,D,20210709,000000,98.88,99.64,98.299,99.64,0,0
MNS_MV,D,20210712,000000,100.03,102.32,100.03,100.99,0,0
MNS_MV,D,20210713,000000,101.17,102.52,101.17,101.95,0,0
MNS_MV,D,20210714,000000,103.09,103.48,100.8,100.8,0,0
MNS_MV,D,20210715,000000,100.8,103.67,100.41,100.41,0,0
MNS_MV,D,20210716,000000,100.8,102.13,100.8,102.13,0,0
MNS_MV,D,20210719,000000,103.28,103.28,96.006,98.88,0,0
MNS_MV,D,20210720,000000,100.41,100.41,97.157,98.686,0,0
MNS_MV,D,20210721,000000,98.686,99.257,97.341,99.073,0,0
MNS_MV,D,20210722,000000,98.299,99.073,98.299,99.073,0,0
MNS_MV,D,20210723,000000,99.073,99.257,98.493,98.493,0,0
MNS_MV,D,20210726,000000,98.88,99.84,98.493,98.493,0,0
MNS_MV,D,20210727,000000,98.493,98.686,97.535,97.728,0,0
MNS_MV,D,20210728,000000,98.493,98.493,97.341,97.535,0,0
MNS_MV,D,20210729,000000,98.493,101.56,98.493,101.37,0,0
MNS_MV,D,20210730,000000,101.37,101.37,99.073,99.64,0,0
MNS_MV,D,20210802,000000,99.84,101.37,99.257,99.64,0,0
MNS_MV,D,20210803,000000,101.17,101.56,100.6,100.6,0,0
MNS_MV,D,20210804,000000,100.22,101.56,100.03,101.56,0,0
MNS_MV,D,20210805,000000,101.56,101.56,100.8,101.56,0,0
MNS_MV,D,20210806,000000,101.75,102.71,101.56,101.56,0,0
MNS_MV,D,20210809,000000,101.37,102.52,101.37,101.75,0,0
MNS_MV,D,20210810,000000,102.52,104.05,101.75,104.05,0,0
MNS_MV,D,20210811,000000,104.43,104.43,101.17,103.48,0,0
MNS_MV,D,20210812,000000,104.43,106.16,103.48,105.01,0,0
MNS_MV,D,20210813,000000,105.39,112.86,105.39,112.86,0,0
MNS_MV,D,20210816,000000,112.49,112.49,109.8,110.18,0,0
MNS_MV,D,20210817,000000,110.95,112.1,109.61,111.91,0,0
MNS_MV,D,20210818,000000,111.91,112.1,110.18,112.1,0,0
MNS_MV,D,20210819,000000,111.91,114.01,110.18,112.1,0,0
MNS_MV,D,20210820,000000,112.49,113.64,110.76,112.68,0,0
MNS_MV,D,20210823,000000,113.25,117.28,113.25,115.17,0,0
MNS_MV,D,20210824,000000,114.97,117.28,114.97,116.7,0,0
MNS_MV,D,20210825,000000,117.08,117.08,112.68,114.21,0,0
MNS_MV,D,20210826,000000,114.21,114.6,110.38,110.38,0,0
MNS_MV,D,20210827,000000,110.57,114.4,110.57,113.06,0,0
MNS_MV,D,20210830,000000,114.4,115.74,112.1,114.78,0,0
MNS_MV,D,20210831,000000,114.97,115.93,114.01,114.97,0,0
MNS_MV,D,20210901,000000,114.97,115.36,114.01,114.21,0,0
MNS_MV,D,20210902,000000,114.21,115.17,112.49,113.82,0,0
MNS_MV,D,20210903,000000,114.01,114.97,113.06,114.6,0,0
MNS_MV,D,20210906,000000,114.6,115.55,114.01,114.97,0,0
MNS_MV,D,20210907,000000,115.93,116.7,114.01,116.7,0,0
MNS_MV,D,20210908,000000,121.28,121.28,116.49,119.2,0,0
MNS_MV,D,20210909,000000,118.16,119.4,117.53,119.2,0,0
MNS_MV,D,20210910,000000,119.61,119.61,115.66,118.57,0,0
MNS_MV,D,20210913,000000,118.57,118.57,115.45,118.57,0,0
MNS_MV,D,20210914,000000,116.7,118.36,116.49,117.95,0,0
MNS_MV,D,20210915,000000,115.87,116.08,113.37,115.24,0,0
MNS_MV,D,20210916,000000,116.28,116.28,110.04,112.12,0,0
MNS_MV,D,20210917,000000,112.33,112.95,109.42,110.04,0,0
MNS_MV,D,20210920,000000,111.91,111.91,105.05,106.09,0,0
MNS_MV,D,20210921,000000,105.26,111.29,105.26,108.79,0,0
MNS_MV,D,20210922,000000,110.67,111.29,106.92,109,0,0
MNS_MV,D,20210923,000000,109.21,111.29,106.3,109,0,0
MNS_MV,D,20210924,000000,108.17,108.79,106.71,106.71,0,0
MNS_MV,D,20210927,000000,106.71,109.21,105.05,108.79,0,0
MNS_MV,D,20210928,000000,107.55,108.17,105.26,106.09,0,0
MNS_MV,D,20210929,000000,105.26,106.92,101.93,105.88,0,0
MNS_MV,D,20210930,000000,104.43,105.67,103.39,105.05,0,0
MNS_MV,D,20211001,000000,103.8,107.75,103.39,107.13,0,0
MNS_MV,D,20211004,000000,107.34,111.29,107.13,107.34,0,0
MNS_MV,D,20211005,000000,109.21,109.42,105.88,106.92,0,0
MNS_MV,D,20211006,000000,106.71,107.13,104.01,106.71,0,0
MNS_MV,D,20211007,000000,106.71,106.71,104.22,105.67,0,0
MNS_MV,D,20211008,000000,106.09,109,104.84,109,0,0
MNS_MV,D,20211011,000000,109.21,111.29,109.21,109.83,0,0
MNS_MV,D,20211012,000000,109.83,109.83,106.09,108.17,0,0
MNS_MV,D,20211013,000000,109.21,113.37,107.34,113.37,0,0
MNS_MV,D,20211014,000000,108.38,112.12,108.38,108.59,0,0
MNS_MV,D,20211015,000000,108.59,111.91,107.96,111.91,0,0
MNS_MV,D,20211018,000000,111.71,111.71,108.17,110.87,0,0
MNS_MV,D,20211019,000000,109.21,110.25,108.38,109.21,0,0
MNS_MV,D,20211020,000000,109.21,109.83,104.01,108.17,0,0
MNS_MV,D,20211021,000000,105.88,108.17,104.63,108.17,0,0
MNS_MV,D,20211022,000000,107.75,108.79,107.13,108.79,0,0
MNS_MV,D,20211025,000000,108.79,110.67,108.79,110.04,0,0
MNS_MV,D,20211026,000000,109.83,110.04,105.47,106.71,0,0
MNS_MV,D,20211027,000000,107.75,108.17,104.01,107.13,0,0
MNS_MV,D,20211028,000000,107.13,109,106.09,108.38,0,0
MNS_MV,D,20211029,000000,107.34,108.79,107.13,108.79,0,0
MNS_MV,D,20211102,000000,109.21,109.21,108.17,108.59,0,0
MNS_MV,D,20211103,000000,108.59,109.21,107.34,107.34,0,0
MNS_MV,D,20211104,000000,107.55,109,107.34,107.34,0,0
MNS_MV,D,20211105,000000,108.79,110.04,107.75,108.79,0,0
MNS_MV,D,20211108,000000,109.21,113.37,109.21,111.29,0,0
MNS_MV,D,20211109,000000,112.33,112.33,110.46,112.12,0,0
MNS_MV,D,20211110,000000,112.12,124.81,110.25,117.74,0,0
MNS_MV,D,20211112,000000,122.73,123.77,119.61,122.94,0,0
MNS_MV,D,20211115,000000,123.56,123.56,115.45,115.45,0,0
MNS_MV,D,20211116,000000,117.53,122.52,112.95,120.65,0,0
MNS_MV,D,20211117,000000,120.03,120.65,117.53,117.74,0,0
MNS_MV,D,20211118,000000,117.74,119.61,115.24,118.16,0,0
MNS_MV,D,20211119,000000,115.87,117.53,114.83,117.53,0,0
MNS_MV,D,20211122,000000,117.53,117.53,110.04,114.41,0,0
MNS_MV,D,20211123,000000,114.41,114.41,109.83,112.95,0,0
MNS_MV,D,20211124,000000,112.75,113.37,108.79,110.87,0,0
MNS_MV,D,20211125,000000,111.29,111.29,108.17,110.87,0,0
MNS_MV,D,20211126,000000,110.87,114.41,108.17,112.33,0,0
MNS_MV,D,20211129,000000,112.33,112.33,107.34,107.96,0,0
MNS_MV,D,20211130,000000,110.25,114.41,108.38,114.41,0,0
MNS_MV,D,20211201,000000,114.41,114.41,111.29,113.37,0,0
MNS_MV,D,20211202,000000,113.16,113.16,108.17,111.5,0,0
MNS_MV,D,20211203,000000,109.42,112.75,108.17,111.91,0,0
MNS_MV,D,20211206,000000,111.91,111.91,108.38,108.38,0,0
MNS_MV,D,20211207,000000,111.91,112.33,109.42,110.25,0,0
MNS_MV,D,20211208,000000,111.29,112.12,109.63,110.04,0,0
MNS_MV,D,20211209,000000,112.12,112.95,108.38,110.25,0,0
MNS_MV,D,20211210,000000,110.25,112.33,108.59,112.33,0,0
MNS_MV,D,20211213,000000,109.21,111.08,109.21,109.42,0,0
MNS_MV,D,20211214,000000,109.83,109.83,108.17,109,0,0
MNS_MV,D,20211215,000000,108.38,109.21,106.51,108.38,0,0
MNS_MV,D,20211216,000000,110.25,111.29,109.21,111.29,0,0
MNS_MV,D,20211217,000000,111.29,112.95,111.29,112.12,0,0
MNS_MV,D,20211220,000000,111.29,111.29,109.63,110.25,0,0
MNS_MV,D,20211221,000000,111.08,111.08,108.17,108.38,0,0
MNS_MV,D,20211222,000000,110.25,111.29,109,111.08,0,0
MNS_MV,D,20211223,000000,111.08,111.29,109.42,111.08,0,0
MNS_MV,D,20211227,000000,111.08,111.29,108.38,111.29,0,0
MNS_MV,D,20211228,000000,110.87,112.33,109.42,110.25,0,0
MNS_MV,D,20211229,000000,112.33,112.75,111.08,112.54,0,0
MNS_MV,D,20211230,000000,112.54,112.54,111.08,111.5,0,0
MNS_MV,D,20220103,000000,117.53,117.53,112.33,114.2,0,0
MNS_MV,D,20220104,000000,115.45,116.49,114.62,116.49,0,0
MNS_MV,D,20220105,000000,116.49,116.49,114.83,116.49,0,0
MNS_MV,D,20220107,000000,115.66,116.49,112.54,116.49,0,0
MNS_MV,D,20220110,000000,116.49,118.16,115.45,115.66,0,0
MNS_MV,D,20220111,000000,115.66,117.95,115.45,117.12,0,0
MNS_MV,D,20220112,000000,118.36,119.4,117.12,117.74,0,0
MNS_MV,D,20220113,000000,117.95,120.03,117.95,118.57,0,0
MNS_MV,D,20220114,000000,119.61,119.61,117.53,119.61,0,0
MNS_MV,D,20220117,000000,117.95,120.65,117.95,119.4,0,0
MNS_MV,D,20220118,000000,118.78,119.4,117.53,119.4,0,0
MNS_MV,D,20220119,000000,118.16,118.57,112.95,118.16,0,0
MNS_MV,D,20220120,000000,118.57,119.61,116.91,118.36,0,0
MNS_MV,D,20220121,000000,115.66,116.49,113.37,116.49,0,0
MNS_MV,D,20220124,000000,114.41,114.41,111.29,114.41,0,0
MNS_MV,D,20220125,000000,112.33,114.41,111.5,114.2,0,0
MNS_MV,D,20220126,000000,115.45,121.07,115.45,119.2,0,0
MNS_MV,D,20220127,000000,118.57,119.4,115.66,115.66,0,0
MNS_MV,D,20220128,000000,115.45,117.12,115.04,116.49,0,0
MNS_MV,D,20220131,000000,116.28,118.99,116.28,118.99,0,0
MNS_MV,D,20220201,000000,118.36,118.57,117.12,118.36,0,0
MNS_MV,D,20220202,000000,116.91,118.57,116.91,118.16,0,0
MNS_MV,D,20220203,000000,118.16,118.16,116.7,117.53,0,0
MNS_MV,D,20220204,000000,118.78,118.78,117.53,118.57,0,0
MNS_MV,D,20220207,000000,117.74,119.61,117.74,119.61,0,0
MNS_MV,D,20220208,000000,120.44,121.48,118.78,121.48,0,0
MNS_MV,D,20220209,000000,120.65,122.73,120.65,121.69,0,0
MNS_MV,D,20220210,000000,122.11,122.32,121.28,122.32,0,0
MNS_MV,D,20220211,000000,121.48,122.73,121.48,122.73,0,0
MNS_MV,D,20220214,000000,124.19,131.05,122.73,130.01,0,0
MNS_MV,D,20220215,000000,135.21,135.21,118.99,119.2,0,0
MNS_MV,D,20220216,000000,120.03,126.89,120.03,124.4,0,0
MNS_MV,D,20220217,000000,124.4,132.09,123.56,131.05,0,0
MNS_MV,D,20220218,000000,128.97,131.05,124.81,127.1,0,0
MNS_MV,D,20220221,000000,124.81,127.1,119.61,120.65,0,0
MNS_MV,D,20220222,000000,121.48,123.77,119.4,123.56,0,0
MNS_MV,D,20220223,000000,121.07,126.89,120.65,126.89,0,0
MNS_MV,D,20220224,000000,126.89,132.72,116.7,127.52,0,0
MNS_MV,D,20220225,000000,127.93,131.88,121.69,121.69,0,0
MNS_MV,D,20220228,000000,127.31,127.31,119.61,123.77,0,0
MNS_MV,D,20220301,000000,124.6,127.52,123.36,125.44,0,0
MNS_MV,D,20220302,000000,127.31,138.13,127.31,136.67,0,0
MNS_MV,D,20220303,000000,138.54,138.54,129.6,135.21,0,0
MNS_MV,D,20220304,000000,135.21,135.21,129.6,134.17,0,0
MNS_MV,D,20220307,000000,136.46,152.48,136.46,141.04,0,0
MNS_MV,D,20220308,000000,144.16,148.32,141.04,148.32,0,0
MNS_MV,D,20220309,000000,145.82,147.07,140.62,140.62,0,0
MNS_MV,D,20220310,000000,140.62,141.04,134.17,140.83,0,0
MNS_MV,D,20220311,000000,141.45,144.16,135.21,137.92,0,0
MNS_MV,D,20220314,000000,137.29,137.29,134.59,134.59,0,0
MNS_MV,D,20220315,000000,135.21,135.21,124.81,130.64,0,0
MNS_MV,D,20220316,000000,132.09,134.8,132.09,132.09,0,0
MNS_MV,D,20220317,000000,129.8,135,129.8,135,0,0
MNS_MV,D,20220318,000000,133.13,133.13,127.93,131.88,0,0
MNS_MV,D,20220321,000000,131.88,133.55,126.89,133.55,0,0
MNS_MV,D,20220322,000000,133.34,136.25,133.34,135.21,0,0
MNS_MV,D,20220323,000000,135.42,140.21,135.21,136.25,0,0
MNS_MV,D,20220324,000000,136.25,139.37,135.42,139.17,0,0
MNS_MV,D,20220325,000000,138.33,139.37,136.25,138.96,0,0
MNS_MV,D,20220328,000000,139.37,143.74,139.37,141.45,0,0
MNS_MV,D,20220329,000000,140.41,145.61,135.21,136.25,0,0
MNS_MV,D,20220330,000000,136.88,142.29,136.46,142.29,0,0
MNS_MV,D,20220331,000000,138.33,140.41,135.84,139.58,0,0
MNS_MV,D,20220401,000000,139.58,140.41,138.13,140.41,0,0
MNS_MV,D,20220404,000000,140.41,145.61,140.41,145.41,0,0
MNS_MV,D,20220405,000000,145.2,145.82,141.45,145.61,0,0
MNS_MV,D,20220406,000000,142.08,142.49,139.58,142.49,0,0
MNS_MV,D,20220407,000000,142.7,146.65,142.7,144.57,0,0
MNS_MV,D,20220408,000000,145.61,151.65,145.61,150.81,0,0
MNS_MV,D,20220411,000000,151.65,161.22,151.65,157.26,0,0
MNS_MV,D,20220412,000000,158.72,163.3,149.77,161.84,0,0
MNS_MV,D,20220413,000000,161.22,162.05,153.93,161.22,0,0
MNS_MV,D,20220414,000000,161.01,164.34,156.43,159.34,0,0
MNS_MV,D,20220419,000000,159.55,161.63,153.93,153.93,0,0
MNS_MV,D,20220420,000000,152.89,152.89,147.69,149.77,0,0
MNS_MV,D,20220421,000000,147.9,151.65,144.57,149.77,0,0
MNS_MV,D,20220422,000000,149.57,149.57,145.61,148.32,0,0
MNS_MV,D,20220425,000000,147.69,148.73,141.87,145.61,0,0
MNS_MV,D,20220426,000000,146.65,147.49,143.74,146.65,0,0
MNS_MV,D,20220427,000000,144.16,147.28,143.53,144.16,0,0
MNS_MV,D,20220428,000000,144.57,145.61,140.41,144.99,0,0
MNS_MV,D,20220429,000000,146.65,148.11,145.61,145.82,0,0
MNS_MV,D,20220502,000000,145.61,147.69,145.61,145.61,0,0
MNS_MV,D,20220504,000000,145.61,145.61,143.74,143.74,0,0
MNS_MV,D,20220505,000000,145.61,147.69,143.74,144.78,0,0
MNS_MV,D,20220506,000000,144.57,147.69,142.91,142.91,0,0
MNS_MV,D,20220509,000000,141.66,145.2,139.17,139.17,0,0
MNS_MV,D,20220510,000000,139.17,139.17,133.34,133.76,0,0
MNS_MV,D,20220511,000000,135.21,135.21,133.13,133.13,0,0
MNS_MV,D,20220512,000000,135.21,135.21,131.05,132.72,0,0
MNS_MV,D,20220513,000000,133.13,137.29,129.6,136.88,0,0
MNS_MV,D,20220516,000000,139.79,147.69,136.46,141.04,0,0
MNS_MV,D,20220517,000000,147.49,147.49,138.33,142.08,0,0
MNS_MV,D,20220518,000000,143.53,143.53,136.25,139.37,0,0
MNS_MV,D,20220519,000000,136.25,139.37,135.42,137.29,0,0
MNS_MV,D,20220520,000000,137.29,141.25,137.29,138.75,0,0
MNS_MV,D,20220523,000000,140.83,140.83,139.37,139.37,0,0
MNS_MV,D,20220524,000000,140.41,142.29,139.37,142.08,0,0
MNS_MV,D,20220525,000000,138.54,141.87,137.5,137.71,0,0
MNS_MV,D,20220526,000000,138.96,140,133.96,136.25,0,0
MNS_MV,D,20220527,000000,136.88,139.79,136.88,139.79,0,0
MNS_MV,D,20220530,000000,136.88,139.37,136.88,137.29,0,0
MNS_MV,D,20220531,000000,138.33,139.37,137.29,138.13,0,0
MNS_MV,D,20220601,000000,137.5,138.13,132.09,134.38,0,0
MNS_MV,D,20220602,000000,133.34,134.38,132.51,133.34,0,0
MNS_MV,D,20220603,000000,133.55,133.96,131.26,132.92,0,0
MNS_MV,D,20220606,000000,132.09,133.13,130.01,131.26,0,0
MNS_MV,D,20220607,000000,131.88,131.88,127.93,130.43,0,0
MNS_MV,D,20220608,000000,130.64,132.09,130.43,130.43,0,0
MNS_MV,D,20220609,000000,130.43,136.25,128.76,136.05,0,0
MNS_MV,D,20220610,000000,136.25,136.25,132.51,134.17,0,0
MNS_MV,D,20220613,000000,132.51,133.13,123.77,129.39,0,0
MNS_MV,D,20220614,000000,129.39,131.05,121.28,125.85,0,0
MNS_MV,D,20220615,000000,122.52,124.6,122.52,124.6,0,0
MNS_MV,D,20220617,000000,124.4,124.81,122.32,124.81,0,0
MNS_MV,D,20220620,000000,124.81,124.81,124.4,124.81,0,0
MNS_MV,D,20220621,000000,124.81,126.48,123.77,125.02,0,0
MNS_MV,D,20220622,000000,122.73,124.81,122.73,124.19,0,0
MNS_MV,D,20220623,000000,124.6,124.81,123.77,123.77,0,0
MNS_MV,D,20220624,000000,124.81,125.64,123.77,123.77,0,0
MNS_MV,D,20220627,000000,124.81,125.02,123.15,123.77,0,0
MNS_MV,D,20220628,000000,122.94,124.81,122.94,123.77,0,0
MNS_MV,D,20220629,000000,124.81,130.84,122.73,128.97,0,0
MNS_MV,D,20220630,000000,131.47,131.47,128.97,128.97,0,0
MNS_MV,D,20220701,000000,127.93,127.93,103.39,103.91,0,0
MNS_MV,D,20220704,000000,102.14,107.34,101.93,105.88,0,0
MNS_MV,D,20220705,000000,102.35,103.7,88.1,95.69,0,0
MNS_MV,D,20220706,000000,93.61,93.61,88.41,90.49,0,0
MNS_MV,D,20220707,000000,89.14,90.49,87.37,90.49,0,0
MNS_MV,D,20220708,000000,90.49,92.78,88.41,92.46,0,0
MNS_MV,D,20220711,000000,91.53,91.53,87.37,88.62,0,0
MNS_MV,D,20220712,000000,88.41,88.41,86.74,87.99,0,0
MNS_MV,D,20220713,000000,87.99,88.41,83.62,85.5,0,0
MNS_MV,D,20220714,000000,85.29,85.29,79.78,80.09,0,0
MNS_MV,D,20220715,000000,79.88,92.36,79.26,92.36,0,0
MNS_MV,D,20220718,000000,89.66,97.77,89.66,95.38,0,0
MNS_MV,D,20220719,000000,95.69,97.35,91.53,96.52,0,0
MNS_MV,D,20220720,000000,96.73,96.73,92.15,93.71,0,0
MNS_MV,D,20220721,000000,92.57,92.57,87.47,91.63,0,0
MNS_MV,D,20220722,000000,91.01,91.53,88.41,90.38,0,0
MNS_MV,D,20220725,000000,90.28,90.38,87.78,89.76,0,0
MNS_MV,D,20220726,000000,87.89,89.66,86.43,87.06,0,0
MNS_MV,D,20220727,000000,87.06,87.37,83.31,83.42,0,0
MNS_MV,D,20220728,000000,85.18,89.24,84.25,89.03,0,0
MNS_MV,D,20220729,000000,89.03,95.9,85.7,95.9,0,0
MNS_MV,D,20220801,000000,95.9,95.9,94.44,95.07,0,0
MNS_MV,D,20220802,000000,95.9,98.81,95.9,98.71,0,0
MNS_MV,D,20220803,000000,98.81,98.81,94.86,94.86,0,0
MNS_MV,D,20220804,000000,95.17,98.6,95.07,97.77,0,0
MNS_MV,D,20220805,000000,96.11,96.73,94.86,96.73,0,0
MNS_MV,D,20220808,000000,95.27,98.39,95.27,98.39,0,0
MNS_MV,D,20220809,000000,98.39,98.39,95.48,97.77,0,0
MNS_MV,D,20220810,000000,96.73,97.56,95.17,95.69,0,0
MNS_MV,D,20220811,000000,96.73,98.29,95.17,98.19,0,0
MNS_MV,D,20220812,000000,97.77,98.29,95.27,97.87,0,0
MNS_MV,D,20220816,000000,95.48,101.93,95.48,100.89,0,0
MNS_MV,D,20220817,000000,91.53,92.98,89.45,90.07,0,0
MNS_MV,D,20220818,000000,91.53,92.57,90.07,91.53,0,0
MNS_MV,D,20220819,000000,91.63,91.63,88.41,88.41,0,0
MNS_MV,D,20220822,000000,90.07,90.07,83.83,86.33,0,0
MNS_MV,D,20220823,000000,87.16,87.16,84.04,84.35,0,0
MNS_MV,D,20220824,000000,85.29,85.5,85.29,85.5,0,0
MNS_MV,D,20220825,000000,86.12,86.33,83.21,83.73,0,0
MNS_MV,D,20220826,000000,84.04,84.14,82.79,82.9,0,0
MNS_MV,D,20220829,000000,82.17,82.17,79.05,80.09,0,0
MNS_MV,D,20220830,000000,81.75,81.96,79.26,80.19,0,0
MNS_MV,D,20220831,000000,80.19,81.96,80.09,80.5,0,0
MNS_MV,D,20220901,000000,80.61,85.08,79.05,83,0,0
MNS_MV,D,20220902,000000,83.21,83.21,80.71,81.02,0,0
MNS_MV,D,20220905,000000,81.13,83,81.13,82.17,0,0
