<TICKER>,<PER>,<DATE>,<TIME>,<OPEN>,<HIGH>,<LOW>,<CLOSE>,<VOL>,<OPENINT>
MPS_PB,D,20210701,000000,27.2,27.2,27.2,27.2,0,0
MPS_PB,D,20210702,000000,25.97,25.97,23.05,23.37,0,0
MPS_PB,D,20210705,000000,23.37,23.37,21.48,22.14,0,0
MPS_PB,D,20210706,000000,22.14,22.72,22.14,22.72,0,0
MPS_PB,D,20210707,000000,22.4,22.4,22.4,22.4,0,0
MPS_PB,D,20210708,000000,22.39,22.39,21.89,21.89,0,0
MPS_PB,D,20210709,000000,21.42,21.42,21.42,21.42,0,0
MPS_PB,D,20210712,000000,21.42,21.42,21.42,21.42,0,0
MPS_PB,D,20210713,000000,21.1,21.1,21.09,21.09,0,0
MPS_PB,D,20210714,000000,21.09,21.09,21.09,21.09,0,0
MPS_PB,D,20210715,000000,20.77,20.77,19.93,20.77,0,0
MPS_PB,D,20210716,000000,20.32,20.32,20.06,20.13,0,0
MPS_PB,D,20210719,000000,19.93,19.93,18.83,19.47,0,0
MPS_PB,D,20210720,000000,19.47,19.47,19.38,19.38,0,0
MPS_PB,D,20210721,000000,18.95,18.96,18.95,18.96,0,0
MPS_PB,D,20210723,000000,18.83,19.43,18.83,19.42,0,0
MPS_PB,D,20210726,000000,19.15,19.16,19.15,19.15,0,0
MPS_PB,D,20210727,000000,18.96,18.96,18.96,18.96,0,0
MPS_PB,D,20210728,000000,19.48,19.48,18.7,18.83,0,0
MPS_PB,D,20210729,000000,18.83,18.83,18.83,18.83,0,0
MPS_PB,D,20210730,000000,18.57,20.32,18.57,20.32,0,0
MPS_PB,D,20210802,000000,20.32,20.32,19.48,19.48,0,0
MPS_PB,D,20210803,000000,19.48,19.48,19.48,19.48,0,0
MPS_PB,D,20210804,000000,19.48,19.48,19.48,19.48,0,0
MPS_PB,D,20210805,000000,20.19,20.77,19.48,19.8,0,0
MPS_PB,D,20210806,000000,19.48,19.61,19.28,19.54,0,0
MPS_PB,D,20210809,000000,19.48,19.48,19.48,19.48,0,0
MPS_PB,D,20210810,000000,19.48,19.48,19.48,19.48,0,0
MPS_PB,D,20210811,000000,19.48,19.48,19.48,19.48,0,0
MPS_PB,D,20210812,000000,19.48,19.48,19.4,19.4,0,0
MPS_PB,D,20210813,000000,19.4,19.48,19.4,19.48,0,0
MPS_PB,D,20210816,000000,19.4,19.8,19.4,19.48,0,0
MPS_PB,D,20210817,000000,19.48,19.48,19.15,19.15,0,0
MPS_PB,D,20210818,000000,19.12,19.12,19.09,19.09,0,0
MPS_PB,D,20210819,000000,18.96,19.28,18.96,19.28,0,0
MPS_PB,D,20210820,000000,19.48,19.48,19.48,19.48,0,0
MPS_PB,D,20210823,000000,19.28,19.28,18.7,18.7,0,0
MPS_PB,D,20210824,000000,18.7,18.7,18.7,18.7,0,0
MPS_PB,D,20210825,000000,18.31,19.89,18.31,19.89,0,0
MPS_PB,D,20210826,000000,19.89,20.16,19.89,19.89,0,0
MPS_PB,D,20210827,000000,19.89,19.89,19.89,19.89,0,0
MPS_PB,D,20210830,000000,20.09,20.15,20.09,20.15,0,0
MPS_PB,D,20210831,000000,20.16,23.14,19.89,23.14,0,0
MPS_PB,D,20210901,000000,23.48,28.14,23.48,27.64,0,0
MPS_PB,D,20210902,000000,27.19,28.51,25.86,28.51,0,0
MPS_PB,D,20210903,000000,29.44,33.15,29.44,32.8,0,0
MPS_PB,D,20210906,000000,30.84,30.84,28.52,29.97,0,0
MPS_PB,D,20210907,000000,29.44,30.5,29.18,30.5,0,0
MPS_PB,D,20210908,000000,31.31,31.31,30.5,30.5,0,0
MPS_PB,D,20210909,000000,30.5,32.72,30.5,32.72,0,0
MPS_PB,D,20210910,000000,32.72,32.72,32.18,32.72,0,0
MPS_PB,D,20210913,000000,32.69,32.69,32.2,32.68,0,0
MPS_PB,D,20210914,000000,32.49,32.49,30.83,31.82,0,0
MPS_PB,D,20210915,000000,30.84,30.84,29.83,29.83,0,0
MPS_PB,D,20210916,000000,29.84,31.73,29.84,31.06,0,0
MPS_PB,D,20210917,000000,31.17,31.17,31.17,31.17,0,0
MPS_PB,D,20210920,000000,31.17,31.17,29.93,30.04,0,0
MPS_PB,D,20210921,000000,30.37,33.13,30.37,32.69,0,0
MPS_PB,D,20210922,000000,33.12,39.12,32.5,38.46,0,0
MPS_PB,D,20210923,000000,38.32,38.46,34.15,36.8,0,0
MPS_PB,D,20210924,000000,37.46,37.46,35.57,35.57,0,0
MPS_PB,D,20210927,000000,35.57,36.78,35.57,35.57,0,0
MPS_PB,D,20210928,000000,35.14,35.15,35.14,35.15,0,0
MPS_PB,D,20210929,000000,35.14,36.47,35.14,35.49,0,0
MPS_PB,D,20210930,000000,35.14,36.42,35.14,35.81,0,0
MPS_PB,D,20211001,000000,35.48,35.81,35.28,35.34,0,0
MPS_PB,D,20211004,000000,35.78,35.78,35.73,35.73,0,0
MPS_PB,D,20211005,000000,35.29,35.29,33.26,33.49,0,0
MPS_PB,D,20211006,000000,34.12,34.12,31.89,33.82,0,0
MPS_PB,D,20211007,000000,33.23,33.82,33.16,33.82,0,0
MPS_PB,D,20211011,000000,34.02,35.7,33.68,35.7,0,0
MPS_PB,D,20211012,000000,35.7,37.13,35.7,37.13,0,0
MPS_PB,D,20211013,000000,37.14,37.71,37.13,37.71,0,0
MPS_PB,D,20211014,000000,37.71,37.72,37.58,37.72,0,0
MPS_PB,D,20211015,000000,37.8,38.3,37.8,38.26,0,0
MPS_PB,D,20211018,000000,38.42,38.42,37.8,38.32,0,0
MPS_PB,D,20211019,000000,38.32,38.32,37.13,37.13,0,0
MPS_PB,D,20211020,000000,37.13,37.27,37,37.13,0,0
MPS_PB,D,20211021,000000,37.47,37.47,37.13,37.33,0,0
MPS_PB,D,20211022,000000,37.4,37.4,37.13,37.17,0,0
MPS_PB,D,20211025,000000,37.14,37.33,37.14,37.33,0,0
MPS_PB,D,20211026,000000,37.33,37.33,37.01,37.01,0,0
MPS_PB,D,20211027,000000,37.33,37.33,36.55,37.12,0,0
MPS_PB,D,20211028,000000,36.53,36.99,35.87,36.99,0,0
MPS_PB,D,20211029,000000,37,37,35.81,36.46,0,0
MPS_PB,D,20211102,000000,36.46,36.46,35.48,35.81,0,0
MPS_PB,D,20211103,000000,35.48,35.48,33.16,33.81,0,0
MPS_PB,D,20211104,000000,33.81,36.36,33.81,33.82,0,0
MPS_PB,D,20211105,000000,33.2,33.29,32.49,33.16,0,0
MPS_PB,D,20211108,000000,33.16,33.79,33.16,33.79,0,0
MPS_PB,D,20211109,000000,33.16,33.82,33.16,33.82,0,0
MPS_PB,D,20211110,000000,33.71,33.71,33.48,33.48,0,0
MPS_PB,D,20211112,000000,33.16,33.45,32.49,33.45,0,0
MPS_PB,D,20211115,000000,31.83,32.02,31.83,32.02,0,0
MPS_PB,D,20211116,000000,32.33,32.33,31.17,31.17,0,0
MPS_PB,D,20211117,000000,30.51,30.51,30.5,30.5,0,0
MPS_PB,D,20211118,000000,29.84,29.98,29.18,29.98,0,0
MPS_PB,D,20211119,000000,29.21,29.73,29.21,29.73,0,0
MPS_PB,D,20211122,000000,29.51,30.44,29.18,29.43,0,0
MPS_PB,D,20211123,000000,29.44,29.44,27.86,27.86,0,0
MPS_PB,D,20211124,000000,27.85,28.11,24.67,28.11,0,0
MPS_PB,D,20211125,000000,28.11,30.15,27.85,30.15,0,0
MPS_PB,D,20211126,000000,30.15,30.15,29.76,29.76,0,0
MPS_PB,D,20211129,000000,29.76,29.76,29.76,29.76,0,0
MPS_PB,D,20211130,000000,29.75,29.75,29.75,29.75,0,0
MPS_PB,D,20211201,000000,29.75,29.76,29.05,29.54,0,0
MPS_PB,D,20211202,000000,29.55,29.76,29.55,29.76,0,0
MPS_PB,D,20211203,000000,29.76,29.76,28.34,29.69,0,0
MPS_PB,D,20211206,000000,29.75,29.75,29.75,29.75,0,0
MPS_PB,D,20211207,000000,29.75,29.75,29.75,29.75,0,0
MPS_PB,D,20211208,000000,29.05,29.05,28.35,28.9,0,0
MPS_PB,D,20211209,000000,28.34,28.91,28.34,28.91,0,0
MPS_PB,D,20211210,000000,29.75,29.75,29.75,29.75,0,0
MPS_PB,D,20211213,000000,29.75,29.75,29.75,29.75,0,0
MPS_PB,D,20211214,000000,29.55,29.55,29.55,29.55,0,0
MPS_PB,D,20211215,000000,29.53,29.54,26.5,26.5,0,0
MPS_PB,D,20211216,000000,25.51,28.93,25.51,27.27,0,0
MPS_PB,D,20211217,000000,27.25,27.95,27.25,27.95,0,0
MPS_PB,D,20211220,000000,27.63,27.63,27.57,27.57,0,0
MPS_PB,D,20211221,000000,27.55,27.55,25.22,26.85,0,0
MPS_PB,D,20211223,000000,26.14,26.93,26.14,26.93,0,0
MPS_PB,D,20211227,000000,27.27,27.27,25.86,26.89,0,0
MPS_PB,D,20211228,000000,26.22,26.22,26.22,26.22,0,0
MPS_PB,D,20211229,000000,26.9,26.9,26.22,26.89,0,0
MPS_PB,D,20211230,000000,26.9,26.9,26.22,26.85,0,0
MPS_PB,D,20220103,000000,24.95,26.21,24.8,25.67,0,0
MPS_PB,D,20220104,000000,26.21,26.21,24.8,25.51,0,0
MPS_PB,D,20220105,000000,25.51,25.51,25.51,25.51,0,0
MPS_PB,D,20220107,000000,25.3,25.3,25.3,25.3,0,0
MPS_PB,D,20220110,000000,25.51,25.51,24.38,24.38,0,0
MPS_PB,D,20220111,000000,24.59,24.66,24.59,24.66,0,0
MPS_PB,D,20220112,000000,24.45,24.45,24.45,24.45,0,0
MPS_PB,D,20220117,000000,24.16,24.8,24.16,24.8,0,0
MPS_PB,D,20220118,000000,24.8,25.15,24.8,25.15,0,0
MPS_PB,D,20220119,000000,25.5,26.22,25.44,26.22,0,0
MPS_PB,D,20220121,000000,25.86,26.21,25.86,26.21,0,0
MPS_PB,D,20220124,000000,25.65,25.65,24.87,25.44,0,0
MPS_PB,D,20220125,000000,24.45,24.45,24.45,24.45,0,0
MPS_PB,D,20220126,000000,24.71,24.73,24.45,24.45,0,0
MPS_PB,D,20220127,000000,24.45,25.37,24.38,25.37,0,0
MPS_PB,D,20220128,000000,24.8,24.8,24.8,24.8,0,0
MPS_PB,D,20220131,000000,24.8,24.8,24.8,24.8,0,0
MPS_PB,D,20220201,000000,24.8,24.8,24.09,24.09,0,0
MPS_PB,D,20220202,000000,24.09,24.8,24.09,24.8,0,0
MPS_PB,D,20220203,000000,24.94,24.94,24.94,24.94,0,0
MPS_PB,D,20220204,000000,24.8,25.51,24.8,25.51,0,0
MPS_PB,D,20220207,000000,25.51,25.51,25.09,25.5,0,0
MPS_PB,D,20220208,000000,25.5,25.5,25.5,25.5,0,0
MPS_PB,D,20220209,000000,25.5,26.78,25.5,26.78,0,0
MPS_PB,D,20220210,000000,26.78,26.78,25.72,26.57,0,0
MPS_PB,D,20220211,000000,26.53,26.53,26.49,26.49,0,0
MPS_PB,D,20220214,000000,25.51,25.51,25.15,25.15,0,0
MPS_PB,D,20220215,000000,25.01,25.01,24.8,24.8,0,0
MPS_PB,D,20220216,000000,24.73,24.73,23.24,24.41,0,0
MPS_PB,D,20220217,000000,24.41,24.41,24.09,24.09,0,0
MPS_PB,D,20220218,000000,23.38,24.08,23.38,24.08,0,0
MPS_PB,D,20220221,000000,22.67,22.67,19.84,21.25,0,0
MPS_PB,D,20220222,000000,20.9,21.53,20.9,21.47,0,0
MPS_PB,D,20220223,000000,21.52,21.53,21.52,21.53,0,0
MPS_PB,D,20220224,000000,20.97,20.97,17.71,19.11,0,0
MPS_PB,D,20220225,000000,19.12,20.54,19.12,20.5,0,0
MPS_PB,D,20220228,000000,19.84,19.84,17.76,19.39,0,0
MPS_PB,D,20220301,000000,19.12,19.12,19.05,19.05,0,0
MPS_PB,D,20220302,000000,18.78,18.78,17.71,18.42,0,0
MPS_PB,D,20220303,000000,17.78,18.47,17.02,17.64,0,0
MPS_PB,D,20220304,000000,17.71,19.84,17.71,17.71,0,0
MPS_PB,D,20220307,000000,17.36,17.36,13.9,17.33,0,0
MPS_PB,D,20220308,000000,15.95,16.51,15.55,16.01,0,0
MPS_PB,D,20220309,000000,15.94,15.94,15.3,15.55,0,0
MPS_PB,D,20220311,000000,15.31,16.29,14.95,15.94,0,0
MPS_PB,D,20220314,000000,15.54,18.78,15.54,18.77,0,0
MPS_PB,D,20220315,000000,16.41,19.13,16.41,19.13,0,0
MPS_PB,D,20220316,000000,19.77,20.19,18.57,20.13,0,0
MPS_PB,D,20220317,000000,19.13,20.01,17.71,19.13,0,0
MPS_PB,D,20220318,000000,19.13,19.84,19.13,19.83,0,0
MPS_PB,D,20220321,000000,19.83,21.4,19.83,21.23,0,0
MPS_PB,D,20220322,000000,20.19,21.18,20.19,21.18,0,0
MPS_PB,D,20220323,000000,20.48,28.34,20.41,28.34,0,0
MPS_PB,D,20220324,000000,28.34,29.4,28.34,28.44,0,0
MPS_PB,D,20220325,000000,29.89,29.89,28.44,29.86,0,0
MPS_PB,D,20220328,000000,29.86,30.3,29.86,30.3,0,0
MPS_PB,D,20220329,000000,30.29,33.46,30.29,32.97,0,0
MPS_PB,D,20220330,000000,32.96,35.6,32.95,35.21,0,0
MPS_PB,D,20220331,000000,35.1,35.1,35.1,35.1,0,0
MPS_PB,D,20220401,000000,34.44,34.64,32.97,34.64,0,0
MPS_PB,D,20220404,000000,34.54,36.34,34.54,34.64,0,0
MPS_PB,D,20220405,000000,35.13,35.13,29.52,29.52,0,0
MPS_PB,D,20220406,000000,28.94,30.5,28.83,29.52,0,0
MPS_PB,D,20220407,000000,29.52,30.5,29.52,30.4,0,0
MPS_PB,D,20220408,000000,29.53,29.53,27.56,28.29,0,0
MPS_PB,D,20220411,000000,28.29,29.48,27.07,27.55,0,0
MPS_PB,D,20220412,000000,26.37,26.37,25.02,25.02,0,0
MPS_PB,D,20220413,000000,25.59,26.77,21.65,23.42,0,0
MPS_PB,D,20220419,000000,23.13,23.13,22.05,22.05,0,0
MPS_PB,D,20220420,000000,22.63,23.03,21.94,22.05,0,0
MPS_PB,D,20220421,000000,22.54,23.22,22.54,23.22,0,0
MPS_PB,D,20220422,000000,22.63,23.91,22.14,23.91,0,0
MPS_PB,D,20220425,000000,22.63,22.63,22.63,22.63,0,0
MPS_PB,D,20220426,000000,23.22,23.22,23.03,23.03,0,0
MPS_PB,D,20220427,000000,22.44,22.63,22.44,22.63,0,0
MPS_PB,D,20220428,000000,21.85,21.85,20.67,21.25,0,0
MPS_PB,D,20220429,000000,20.67,21.25,19.68,20.47,0,0
MPS_PB,D,20220504,000000,19.68,19.98,19.68,19.98,0,0
MPS_PB,D,20220505,000000,19.68,20.17,18.75,19.1,0,0
MPS_PB,D,20220506,000000,18.7,18.7,17.71,18.21,0,0
MPS_PB,D,20220509,000000,18.16,18.16,16.53,17.62,0,0
MPS_PB,D,20220510,000000,17.67,17.67,16.73,16.73,0,0
MPS_PB,D,20220511,000000,17.47,20.96,17.37,20.96,0,0
MPS_PB,D,20220512,000000,19.68,19.68,18.7,18.7,0,0
MPS_PB,D,20220513,000000,18.65,19.24,18.65,18.79,0,0
MPS_PB,D,20220516,000000,18.75,20.17,18.75,20.17,0,0
MPS_PB,D,20220517,000000,19.68,19.68,19.68,19.68,0,0
MPS_PB,D,20220519,000000,19.98,19.98,19.98,19.98,0,0
MPS_PB,D,20220520,000000,19.68,19.68,19.68,19.68,0,0
MPS_PB,D,20220523,000000,19.68,19.68,19.68,19.68,0,0
MPS_PB,D,20220525,000000,19.68,19.68,19.68,19.68,0,0
MPS_PB,D,20220526,000000,19.68,19.68,19.24,19.24,0,0
MPS_PB,D,20220527,000000,19.63,19.63,19.63,19.63,0,0
MPS_PB,D,20220530,000000,19.29,19.29,17.76,17.76,0,0
MPS_PB,D,20220531,000000,19.44,19.44,19.44,19.44,0,0
MPS_PB,D,20220601,000000,19.29,21.46,17.71,21.46,0,0
MPS_PB,D,20220603,000000,22.3,22.3,22.3,22.3,0,0
MPS_PB,D,20220606,000000,22.47,22.47,22.47,22.47,0,0
MPS_PB,D,20220607,000000,21.7,21.7,21.7,21.7,0,0
MPS_PB,D,20220613,000000,21.52,21.52,20.87,20.87,0,0
MPS_PB,D,20220614,000000,21.11,21.11,21.11,21.11,0,0
MPS_PB,D,20220615,000000,20.87,20.87,20.87,20.87,0,0
MPS_PB,D,20220617,000000,20.51,22.65,19.91,22.65,0,0
MPS_PB,D,20220620,000000,20.63,21.22,20.51,21.22,0,0
MPS_PB,D,20220621,000000,20.33,20.98,19.91,20.98,0,0
MPS_PB,D,20220623,000000,20.98,20.98,20.98,20.98,0,0
MPS_PB,D,20220627,000000,20.27,21.22,20.27,20.27,0,0
MPS_PB,D,20220628,000000,20.27,20.27,20.27,20.27,0,0
MPS_PB,D,20220629,000000,20.75,20.75,20.75,20.75,0,0
MPS_PB,D,20220701,000000,20.98,20.98,20.27,20.27,0,0
MPS_PB,D,20220705,000000,20.33,20.33,20.27,20.27,0,0
MPS_PB,D,20220708,000000,20.75,24.33,20.75,24.33,0,0
MPS_PB,D,20220711,000000,23.25,23.25,22.06,22.89,0,0
MPS_PB,D,20220714,000000,22.06,22.06,22.06,22.06,0,0
MPS_PB,D,20220719,000000,22.84,23.96,22.84,23.96,0,0
MPS_PB,D,20220720,000000,22.54,27.66,22.54,26.23,0,0
MPS_PB,D,20220722,000000,26.23,26.23,26.23,26.23,0,0
MPS_PB,D,20220727,000000,23.07,24.8,22.65,24.8,0,0
MPS_PB,D,20220728,000000,23.66,23.66,23.66,23.66,0,0
MPS_PB,D,20220729,000000,23.66,23.66,23.66,23.66,0,0
MPS_PB,D,20220801,000000,23.37,23.37,23.37,23.37,0,0
MPS_PB,D,20220802,000000,23.37,23.37,23.37,23.37,0,0
MPS_PB,D,20220803,000000,23.31,23.31,22.65,22.65,0,0
MPS_PB,D,20220804,000000,22.65,22.77,22.65,22.77,0,0
MPS_PB,D,20220805,000000,22.77,22.77,22.77,22.77,0,0
MPS_PB,D,20220808,000000,22.6,23.85,22.6,23.85,0,0
MPS_PB,D,20220809,000000,23.31,23.31,23.31,23.31,0,0
MPS_PB,D,20220811,000000,24.09,24.56,23.66,24.33,0,0
MPS_PB,D,20220812,000000,24.33,24.33,10.71,10.71,0,0
MPS_PB,D,20220824,000000,10.6,10.6,10.07,10.07,0,0
MPS_PB,D,20220905,000000,10.23,10.33,10.23,10.33,0,0
