<TICKER>,<PER>,<DATE>,<TIME>,<OPEN>,<HIGH>,<LOW>,<CLOSE>,<VOL>,<OPENINT>
MTE_PB,D,20171010,000000,3.97,3.97,3.97,3.97,0,0
MTE_PB,D,20171011,000000,4.27,4.6,3.97,4.3,0,0
MTE_PB,D,20171012,000000,4.54,4.54,4.1,4.5,0,0
MTE_PB,D,20171013,000000,4.54,4.54,4.07,4.21,0,0
MTE_PB,D,20171016,000000,4.21,4.27,3.81,3.81,0,0
MTE_PB,D,20171017,000000,4.07,4.8,3.97,4.14,0,0
MTE_PB,D,20171018,000000,4.01,4.27,4.01,4.14,0,0
MTE_PB,D,20171019,000000,4.34,4.47,3.97,4.3,0,0
MTE_PB,D,20171020,000000,4.07,4.3,4.01,4.3,0,0
MTE_PB,D,20171023,000000,4.14,4.14,3.81,3.94,0,0
MTE_PB,D,20171024,000000,3.94,3.94,3.51,3.81,0,0
MTE_PB,D,20171025,000000,3.71,3.88,3.71,3.84,0,0
MTE_PB,D,20171026,000000,3.9,3.9,3.61,3.77,0,0
MTE_PB,D,20171027,000000,3.57,3.88,3.57,3.84,0,0
MTE_PB,D,20171030,000000,3.74,3.81,3.57,3.77,0,0
MTE_PB,D,20171031,000000,3.97,4.21,3.84,3.9,0,0
MTE_PB,D,20171102,000000,3.9,3.9,3.68,3.84,0,0
MTE_PB,D,20171103,000000,3.68,3.88,3.68,3.88,0,0
MTE_PB,D,20171106,000000,3.71,3.9,3.38,3.57,0,0
MTE_PB,D,20171107,000000,3.57,3.57,3.28,3.41,0,0
MTE_PB,D,20171108,000000,3.61,3.61,3.44,3.54,0,0
MTE_PB,D,20171109,000000,3.51,3.51,3.15,3.15,0,0
MTE_PB,D,20171110,000000,3.28,3.41,3.11,3.31,0,0
MTE_PB,D,20171113,000000,3.31,3.31,2.91,3.24,0,0
MTE_PB,D,20171114,000000,3.28,3.51,3.04,3.51,0,0
MTE_PB,D,20171115,000000,3.28,3.44,2.82,3.04,0,0
MTE_PB,D,20171116,000000,2.88,3.08,2.88,2.98,0,0
MTE_PB,D,20171117,000000,3.08,3.08,2.85,3.08,0,0
MTE_PB,D,20171120,000000,2.95,3.08,2.85,3.01,0,0
MTE_PB,D,20171121,000000,2.85,3.08,2.75,2.91,0,0
MTE_PB,D,20171122,000000,2.85,2.91,2.85,2.91,0,0
MTE_PB,D,20171123,000000,2.75,2.91,2.75,2.83,0,0
MTE_PB,D,20171124,000000,2.67,2.67,2.57,2.64,0,0
MTE_PB,D,20171127,000000,2.54,2.54,2.31,2.54,0,0
MTE_PB,D,20171128,000000,2.35,2.41,2.35,2.41,0,0
MTE_PB,D,20171129,000000,2.41,2.41,2.06,2.35,0,0
MTE_PB,D,20171130,000000,2.35,2.96,2.35,2.74,0,0
MTE_PB,D,20171201,000000,2.86,2.86,2.51,2.74,0,0
MTE_PB,D,20171204,000000,2.57,2.7,2.57,2.7,0,0
MTE_PB,D,20171205,000000,2.48,2.7,2.48,2.7,0,0
MTE_PB,D,20171206,000000,2.7,2.86,2.7,2.7,0,0
MTE_PB,D,20171207,000000,2.86,2.86,2.64,2.64,0,0
MTE_PB,D,20171208,000000,2.8,2.8,2.8,2.8,0,0
MTE_PB,D,20171211,000000,2.57,2.76,2.57,2.7,0,0
MTE_PB,D,20171212,000000,2.7,2.7,2.38,2.38,0,0
MTE_PB,D,20171213,000000,2.61,2.61,2.61,2.61,0,0
MTE_PB,D,20171214,000000,2.54,2.57,2.35,2.57,0,0
MTE_PB,D,20171215,000000,2.41,2.89,2.41,2.83,0,0
MTE_PB,D,20171218,000000,2.86,3.21,2.86,3.15,0,0
MTE_PB,D,20171227,000000,3.28,3.28,2.86,3.25,0,0
MTE_PB,D,20171228,000000,3.12,3.12,3.06,3.06,0,0
MTE_PB,D,20171229,000000,2.83,3.31,2.83,3.31,0,0
MTE_PB,D,20180103,000000,3.38,3.41,3.31,3.41,0,0
MTE_PB,D,20180104,000000,3.38,3.64,3.38,3.6,0,0
MTE_PB,D,20180105,000000,3.64,3.64,3.64,3.64,0,0
MTE_PB,D,20180108,000000,3.38,3.51,3.28,3.28,0,0
MTE_PB,D,20180109,000000,3.31,3.51,3.21,3.51,0,0
MTE_PB,D,20180110,000000,3.21,3.54,3.21,3.44,0,0
MTE_PB,D,20180111,000000,3.25,3.47,3.25,3.47,0,0
MTE_PB,D,20180112,000000,3.25,3.44,3.21,3.44,0,0
MTE_PB,D,20180115,000000,3.38,3.38,3.34,3.38,0,0
MTE_PB,D,20180116,000000,3.19,3.19,3.15,3.15,0,0
MTE_PB,D,20180117,000000,3.34,3.44,3.12,3.21,0,0
MTE_PB,D,20180118,000000,3.15,3.21,3.12,3.21,0,0
MTE_PB,D,20180119,000000,3.28,3.28,3.09,3.19,0,0
MTE_PB,D,20180122,000000,3.19,3.31,3.09,3.28,0,0
MTE_PB,D,20180123,000000,3.19,3.38,3.15,3.15,0,0
MTE_PB,D,20180124,000000,3.15,3.28,3.15,3.28,0,0
MTE_PB,D,20180125,000000,3.25,3.38,3.25,3.31,0,0
MTE_PB,D,20180126,000000,3.28,3.31,3.09,3.12,0,0
MTE_PB,D,20180129,000000,3.12,3.21,3.09,3.19,0,0
MTE_PB,D,20180130,000000,3.21,3.28,3.21,3.25,0,0
MTE_PB,D,20180131,000000,3.21,3.25,3.12,3.25,0,0
MTE_PB,D,20180201,000000,3.21,3.21,3.09,3.19,0,0
MTE_PB,D,20180202,000000,3.15,3.21,3.09,3.19,0,0
MTE_PB,D,20180205,000000,3.15,3.15,2.83,2.83,0,0
MTE_PB,D,20180206,000000,2.76,2.8,2.7,2.8,0,0
MTE_PB,D,20180207,000000,2.8,2.83,2.7,2.83,0,0
MTE_PB,D,20180208,000000,2.74,2.93,2.74,2.93,0,0
MTE_PB,D,20180209,000000,2.76,2.86,2.76,2.86,0,0
MTE_PB,D,20180212,000000,2.74,2.89,2.7,2.89,0,0
MTE_PB,D,20180213,000000,2.7,2.76,2.67,2.76,0,0
MTE_PB,D,20180214,000000,2.61,2.83,2.61,2.83,0,0
MTE_PB,D,20180215,000000,2.67,2.86,2.67,2.83,0,0
MTE_PB,D,20180216,000000,2.83,2.86,2.41,2.57,0,0
MTE_PB,D,20180219,000000,2.44,2.57,2.44,2.57,0,0
MTE_PB,D,20180220,000000,2.41,2.57,2.41,2.57,0,0
MTE_PB,D,20180221,000000,2.57,2.64,2.57,2.64,0,0
MTE_PB,D,20180227,000000,2.61,2.61,2.61,2.61,0,0
MTE_PB,D,20180228,000000,2.61,2.61,2.61,2.61,0,0
MTE_PB,D,20180301,000000,2.61,2.61,2.61,2.61,0,0
MTE_PB,D,20180302,000000,2.38,2.61,2.29,2.54,0,0
MTE_PB,D,20180305,000000,2.57,2.8,2.57,2.8,0,0
MTE_PB,D,20180306,000000,2.8,2.86,2.8,2.86,0,0
MTE_PB,D,20180307,000000,2.86,2.89,2.8,2.89,0,0
MTE_PB,D,20180308,000000,2.89,2.89,2.8,2.89,0,0
MTE_PB,D,20180309,000000,2.74,2.89,2.74,2.89,0,0
MTE_PB,D,20180312,000000,2.86,2.86,2.86,2.86,0,0
MTE_PB,D,20180314,000000,2.74,2.74,2.67,2.74,0,0
MTE_PB,D,20180315,000000,2.74,2.83,2.74,2.83,0,0
MTE_PB,D,20180316,000000,2.67,2.67,2.38,2.64,0,0
MTE_PB,D,20180319,000000,2.99,2.99,2.41,2.41,0,0
MTE_PB,D,20180320,000000,2.51,2.51,2.25,2.41,0,0
MTE_PB,D,20180321,000000,2.41,2.41,2.12,2.22,0,0
MTE_PB,D,20180322,000000,2.25,2.31,2.16,2.25,0,0
MTE_PB,D,20180323,000000,2.25,2.35,2.16,2.19,0,0
MTE_PB,D,20180326,000000,2.19,2.29,2.12,2.12,0,0
MTE_PB,D,20180327,000000,2.16,2.31,2.12,2.29,0,0
MTE_PB,D,20180328,000000,2.06,2.06,2.06,2.06,0,0
MTE_PB,D,20180329,000000,2.25,2.25,2.19,2.19,0,0
MTE_PB,D,20180403,000000,2.25,2.25,2.22,2.22,0,0
MTE_PB,D,20180404,000000,2.19,2.19,2.06,2.19,0,0
MTE_PB,D,20180405,000000,2.19,2.22,2.09,2.22,0,0
MTE_PB,D,20180406,000000,2.06,2.19,1.93,2.09,0,0
MTE_PB,D,20180409,000000,1.9,2.12,1.9,2.12,0,0
MTE_PB,D,20180410,000000,2.12,2.19,1.99,2.12,0,0
MTE_PB,D,20180411,000000,1.99,2.09,1.96,2.09,0,0
MTE_PB,D,20180412,000000,2.06,2.06,1.96,2.06,0,0
MTE_PB,D,20180413,000000,2.03,2.06,2.03,2.06,0,0
MTE_PB,D,20180416,000000,2.06,2.06,1.96,1.99,0,0
MTE_PB,D,20180417,000000,1.99,2.06,1.93,2.06,0,0
MTE_PB,D,20180418,000000,1.86,2.03,1.86,2.03,0,0
MTE_PB,D,20180419,000000,1.86,1.86,1.61,1.67,0,0
MTE_PB,D,20180420,000000,1.64,1.67,1.64,1.67,0,0
MTE_PB,D,20180423,000000,1.41,1.64,1.29,1.29,0,0
MTE_PB,D,20180424,000000,1.29,1.41,1.29,1.29,0,0
MTE_PB,D,20180425,000000,1.29,1.32,1.26,1.29,0,0
MTE_PB,D,20180426,000000,1.29,1.35,1.19,1.35,0,0
MTE_PB,D,20180427,000000,1.35,1.39,1.35,1.39,0,0
MTE_PB,D,20180430,000000,1.29,1.29,1.29,1.29,0,0
MTE_PB,D,20180502,000000,1.19,1.35,1.19,1.35,0,0
MTE_PB,D,20180504,000000,1.39,1.39,1.39,1.39,0,0
MTE_PB,D,20180508,000000,1.39,1.39,1.39,1.39,0,0
MTE_PB,D,20180510,000000,1.19,1.35,1.19,1.29,0,0
MTE_PB,D,20180511,000000,1.39,1.39,1.19,1.32,0,0
MTE_PB,D,20180514,000000,1.29,1.35,1.29,1.35,0,0
MTE_PB,D,20180515,000000,1.39,1.39,1.39,1.39,0,0
MTE_PB,D,20180516,000000,1.39,1.39,1.39,1.39,0,0
MTE_PB,D,20180518,000000,1.29,1.35,1.26,1.35,0,0
MTE_PB,D,20180522,000000,1.26,1.35,1.26,1.35,0,0
MTE_PB,D,20180523,000000,1.26,1.39,1.19,1.39,0,0
MTE_PB,D,20180528,000000,1.22,1.35,1.19,1.35,0,0
MTE_PB,D,20180530,000000,1.19,1.32,1.19,1.32,0,0
MTE_PB,D,20180601,000000,1.29,1.29,1.13,1.13,0,0
MTE_PB,D,20180604,000000,1.16,1.22,1.16,1.22,0,0
MTE_PB,D,20180605,000000,1.22,1.26,1.03,1.22,0,0
MTE_PB,D,20180606,000000,1.22,1.22,1.13,1.22,0,0
MTE_PB,D,20180607,000000,1.26,1.29,1.26,1.26,0,0
MTE_PB,D,20180608,000000,1.26,1.26,1.26,1.26,0,0
MTE_PB,D,20180611,000000,1.26,1.26,1.26,1.26,0,0
MTE_PB,D,20180612,000000,1.13,1.26,1.13,1.26,0,0
MTE_PB,D,20180613,000000,1.26,1.32,1.26,1.32,0,0
MTE_PB,D,20180614,000000,1.35,1.35,1.19,1.29,0,0
MTE_PB,D,20180619,000000,1.19,1.29,1.19,1.26,0,0
MTE_PB,D,20180620,000000,1.16,1.16,1.16,1.16,0,0
MTE_PB,D,20180621,000000,1.16,1.22,1.13,1.22,0,0
MTE_PB,D,20180622,000000,1.26,1.29,1.22,1.29,0,0
MTE_PB,D,20180625,000000,1.29,1.29,1.29,1.29,0,0
MTE_PB,D,20180626,000000,1.13,1.29,1.13,1.26,0,0
MTE_PB,D,20180627,000000,1.13,1.22,1.09,1.22,0,0
MTE_PB,D,20180628,000000,1.22,1.22,1.22,1.22,0,0
MTE_PB,D,20180629,000000,1.29,1.32,1.29,1.32,0,0
MTE_PB,D,20180702,000000,1.32,1.32,1.13,1.19,0,0
MTE_PB,D,20180703,000000,1.19,1.29,1.19,1.29,0,0
MTE_PB,D,20180704,000000,1.26,1.35,1.22,1.32,0,0
MTE_PB,D,20180705,000000,1.29,1.35,1.29,1.35,0,0
MTE_PB,D,20180706,000000,1.29,1.39,1.29,1.39,0,0
MTE_PB,D,20180709,000000,1.35,1.39,1.32,1.39,0,0
MTE_PB,D,20180710,000000,1.41,1.86,1.39,1.41,0,0
MTE_PB,D,20180711,000000,1.41,1.8,1.32,1.8,0,0
MTE_PB,D,20180712,000000,1.71,2.03,1.64,2.03,0,0
MTE_PB,D,20180713,000000,1.99,2.16,1.84,1.86,0,0
MTE_PB,D,20180716,000000,1.93,1.99,1.71,1.9,0,0
MTE_PB,D,20180717,000000,1.86,1.9,1.74,1.84,0,0
MTE_PB,D,20180718,000000,1.84,1.86,1.71,1.84,0,0
MTE_PB,D,20180719,000000,1.84,1.84,1.71,1.84,0,0
MTE_PB,D,20180720,000000,1.71,1.8,1.51,1.74,0,0
MTE_PB,D,20180723,000000,1.58,1.86,1.58,1.84,0,0
MTE_PB,D,20180724,000000,1.77,1.84,1.71,1.84,0,0
MTE_PB,D,20180725,000000,1.8,1.86,1.71,1.84,0,0
MTE_PB,D,20180726,000000,1.77,1.77,1.61,1.77,0,0
MTE_PB,D,20180727,000000,1.64,1.77,1.61,1.77,0,0
MTE_PB,D,20180730,000000,1.71,1.74,1.67,1.74,0,0
MTE_PB,D,20180731,000000,1.67,1.74,1.61,1.61,0,0
MTE_PB,D,20180801,000000,1.77,1.93,1.61,1.74,0,0
MTE_PB,D,20180802,000000,1.67,1.84,1.61,1.84,0,0
MTE_PB,D,20180803,000000,1.64,1.74,1.61,1.74,0,0
MTE_PB,D,20180806,000000,1.74,1.8,1.74,1.77,0,0
MTE_PB,D,20180807,000000,1.77,1.77,1.77,1.77,0,0
MTE_PB,D,20180808,000000,1.64,1.8,1.61,1.8,0,0
MTE_PB,D,20180809,000000,1.64,1.77,1.64,1.77,0,0
MTE_PB,D,20180810,000000,1.74,1.84,1.74,1.84,0,0
MTE_PB,D,20180813,000000,1.84,1.84,1.74,1.74,0,0
MTE_PB,D,20180814,000000,1.64,1.74,1.64,1.74,0,0
MTE_PB,D,20180816,000000,1.64,1.84,1.58,1.74,0,0
MTE_PB,D,20180817,000000,1.61,1.71,1.61,1.71,0,0
MTE_PB,D,20180820,000000,1.67,1.71,1.39,1.39,0,0
MTE_PB,D,20180822,000000,1.31,1.31,1.18,1.18,0,0
MTE_PB,D,20180823,000000,1.28,1.31,1.28,1.31,0,0
MTE_PB,D,20180824,000000,1.31,1.31,1.26,1.31,0,0
MTE_PB,D,20180828,000000,1.15,1.31,1.15,1.31,0,0
MTE_PB,D,20180829,000000,1.31,1.36,1.31,1.36,0,0
MTE_PB,D,20180830,000000,1.15,1.26,1.15,1.23,0,0
MTE_PB,D,20180831,000000,1.23,1.23,1.23,1.23,0,0
MTE_PB,D,20180903,000000,1.08,1.08,1.08,1.08,0,0
MTE_PB,D,20180904,000000,1.1,1.2,1.05,1.05,0,0
MTE_PB,D,20180905,000000,1.1,1.13,1.1,1.13,0,0
MTE_PB,D,20180906,000000,1.05,1.1,1.05,1.1,0,0
MTE_PB,D,20180911,000000,1.1,1.13,1.1,1.13,0,0
MTE_PB,D,20180912,000000,0.99,1.13,0.99,1.13,0,0
MTE_PB,D,20180913,000000,1.02,1.13,1.02,1.13,0,0
MTE_PB,D,20180917,000000,1.02,1.13,1.02,1.13,0,0
MTE_PB,D,20180919,000000,1.1,1.13,1.1,1.13,0,0
MTE_PB,D,20180920,000000,1.1,1.1,1.02,1.1,0,0
MTE_PB,D,20180924,000000,0.99,1.1,0.89,1.1,0,0
MTE_PB,D,20180925,000000,1.1,1.1,0.92,1.05,0,0
MTE_PB,D,20180927,000000,0.94,1.02,0.92,0.99,0,0
MTE_PB,D,20180928,000000,0.92,0.99,0.92,0.92,0,0
MTE_PB,D,20181001,000000,0.99,0.99,0.99,0.99,0,0
MTE_PB,D,20181002,000000,0.97,0.99,0.97,0.99,0,0
MTE_PB,D,20181003,000000,0.97,1.13,0.94,1.13,0,0
MTE_PB,D,20181004,000000,0.99,1.2,0.99,1.18,0,0
MTE_PB,D,20181005,000000,1.15,1.2,1.05,1.2,0,0
MTE_PB,D,20181008,000000,1.2,1.34,1.13,1.34,0,0
MTE_PB,D,20181009,000000,1.34,1.39,1.23,1.39,0,0
MTE_PB,D,20181010,000000,1.39,1.49,1.39,1.47,0,0
MTE_PB,D,20181011,000000,1.28,1.39,1.28,1.39,0,0
MTE_PB,D,20181012,000000,1.28,1.41,1.18,1.41,0,0
MTE_PB,D,20181017,000000,1.23,1.26,1.2,1.26,0,0
MTE_PB,D,20181018,000000,1.2,1.26,1.2,1.26,0,0
MTE_PB,D,20181023,000000,1.26,1.26,1.26,1.26,0,0
MTE_PB,D,20181024,000000,1.18,1.26,1.18,1.18,0,0
MTE_PB,D,20181025,000000,1.18,1.26,1.13,1.26,0,0
MTE_PB,D,20181030,000000,1.13,1.15,1.08,1.15,0,0
MTE_PB,D,20181031,000000,1.08,1.08,1.08,1.08,0,0
MTE_PB,D,20181102,000000,1.08,1.23,1.08,1.23,0,0
MTE_PB,D,20181107,000000,1.18,1.18,1.18,1.18,0,0
MTE_PB,D,20181115,000000,1.08,1.13,0.99,1.13,0,0
MTE_PB,D,20181116,000000,1.13,1.13,1.02,1.13,0,0
MTE_PB,D,20181121,000000,1.1,1.13,0.94,1.13,0,0
MTE_PB,D,20181122,000000,1.02,1.13,1.02,1.13,0,0
MTE_PB,D,20181127,000000,1.02,1.13,1.02,1.13,0,0
MTE_PB,D,20181129,000000,1.05,1.1,1.02,1.1,0,0
MTE_PB,D,20181203,000000,1.09,1.26,1.09,1.26,0,0
MTE_PB,D,20181204,000000,1.48,1.48,1.4,1.4,0,0
MTE_PB,D,20181206,000000,1.17,1.23,1.09,1.09,0,0
MTE_PB,D,20181207,000000,1.17,1.17,1.01,1.09,0,0
MTE_PB,D,20181210,000000,1.06,1.09,1.06,1.09,0,0
MTE_PB,D,20181212,000000,1.09,1.17,1.09,1.17,0,0
MTE_PB,D,20181218,000000,1.06,1.17,1.06,1.17,0,0
MTE_PB,D,20181220,000000,1.12,1.17,1.09,1.12,0,0
MTE_PB,D,20181221,000000,1.17,1.17,1.06,1.17,0,0
MTE_PB,D,20181227,000000,1.17,1.43,1.15,1.43,0,0
MTE_PB,D,20181228,000000,1.43,1.68,1.43,1.6,0,0
MTE_PB,D,20190102,000000,1.6,1.82,1.6,1.82,0,0
MTE_PB,D,20190103,000000,1.82,1.82,1.82,1.82,0,0
MTE_PB,D,20190104,000000,1.93,1.93,1.79,1.84,0,0
MTE_PB,D,20190107,000000,1.82,1.82,1.54,1.65,0,0
MTE_PB,D,20190108,000000,1.65,1.68,1.57,1.57,0,0
MTE_PB,D,20190109,000000,1.62,1.62,1.62,1.62,0,0
MTE_PB,D,20190110,000000,1.4,1.51,1.4,1.51,0,0
MTE_PB,D,20190111,000000,1.54,1.54,1.54,1.54,0,0
MTE_PB,D,20190114,000000,1.57,1.57,1.57,1.57,0,0
MTE_PB,D,20190116,000000,1.37,1.43,1.12,1.29,0,0
MTE_PB,D,20190117,000000,1.23,1.32,1.23,1.32,0,0
MTE_PB,D,20190121,000000,1.15,1.2,1.09,1.2,0,0
MTE_PB,D,20190122,000000,1.04,1.23,1.04,1.17,0,0
MTE_PB,D,20190123,000000,1.17,1.17,1.04,1.12,0,0
MTE_PB,D,20190124,000000,1.01,1.12,1.01,1.12,0,0
MTE_PB,D,20190125,000000,1.04,1.12,0.98,1.09,0,0
MTE_PB,D,20190128,000000,0.95,1.06,0.95,1.01,0,0
MTE_PB,D,20190129,000000,0.98,1.04,0.95,1.04,0,0
MTE_PB,D,20190131,000000,1.04,1.04,1.04,1.04,0,0
MTE_PB,D,20190204,000000,1.01,1.04,1.01,1.04,0,0
MTE_PB,D,20190207,000000,1.04,1.06,1.04,1.06,0,0
MTE_PB,D,20190208,000000,0.98,1.06,0.98,1.06,0,0
MTE_PB,D,20190215,000000,0.98,1.06,0.98,1.06,0,0
MTE_PB,D,20190218,000000,0.98,0.98,0.95,0.95,0,0
MTE_PB,D,20190219,000000,0.95,1.01,0.95,1.01,0,0
MTE_PB,D,20190220,000000,1.01,1.01,1.01,1.01,0,0
MTE_PB,D,20190221,000000,1.01,1.04,0.95,0.95,0,0
MTE_PB,D,20190225,000000,0.95,0.95,0.95,0.95,0,0
MTE_PB,D,20190227,000000,0.93,0.95,0.93,0.93,0,0
MTE_PB,D,20190228,000000,0.87,0.93,0.85,0.93,0,0
MTE_PB,D,20190301,000000,0.9,0.93,0.9,0.93,0,0
MTE_PB,D,20190304,000000,0.87,0.93,0.85,0.9,0,0
MTE_PB,D,20190307,000000,0.8,0.93,0.7,0.93,0,0
MTE_PB,D,20190308,000000,0.87,1.16,0.87,1.16,0,0
MTE_PB,D,20190311,000000,1.16,1.16,1.03,1.16,0,0
MTE_PB,D,20190312,000000,1.16,1.31,1.16,1.29,0,0
MTE_PB,D,20190313,000000,1.21,1.39,1.21,1.39,0,0
MTE_PB,D,20190314,000000,1.39,1.44,1.21,1.42,0,0
MTE_PB,D,20190315,000000,1.29,1.39,1.21,1.39,0,0
MTE_PB,D,20190318,000000,1.39,1.39,1.39,1.39,0,0
MTE_PB,D,20190319,000000,1.29,1.38,1.26,1.38,0,0
MTE_PB,D,20190320,000000,1.37,1.38,1.29,1.38,0,0
MTE_PB,D,20190321,000000,1.29,1.36,1.29,1.36,0,0
MTE_PB,D,20190322,000000,1.29,1.29,1.18,1.18,0,0
MTE_PB,D,20190325,000000,1.18,1.27,1.13,1.27,0,0
MTE_PB,D,20190326,000000,1.11,1.26,1.11,1.26,0,0
MTE_PB,D,20190327,000000,1.08,1.21,1.08,1.21,0,0
MTE_PB,D,20190328,000000,1.11,1.21,1.1,1.21,0,0
MTE_PB,D,20190329,000000,1.13,1.24,1.13,1.24,0,0
MTE_PB,D,20190401,000000,1.01,1.01,1.01,1.01,0,0
MTE_PB,D,20190402,000000,1.01,1.08,1.01,1.08,0,0
MTE_PB,D,20190403,000000,1.21,1.21,1.21,1.21,0,0
MTE_PB,D,20190405,000000,1.09,1.21,1.03,1.21,0,0
MTE_PB,D,20190424,000000,1.01,1.13,1.01,1.13,0,0
MTE_PB,D,20190425,000000,0.93,1.13,0.93,1.13,0,0
MTE_PB,D,20190426,000000,0.95,1.13,0.95,1.13,0,0
MTE_PB,D,20190430,000000,0.93,1.11,0.93,1.11,0,0
MTE_PB,D,20190507,000000,0.9,1.08,0.9,1.08,0,0
MTE_PB,D,20190509,000000,0.9,1.08,0.9,1.08,0,0
MTE_PB,D,20190513,000000,0.93,1.07,0.93,1.07,0,0
MTE_PB,D,20190515,000000,0.9,1.02,0.9,1.02,0,0
MTE_PB,D,20190516,000000,0.9,1.02,0.9,1.02,0,0
MTE_PB,D,20190523,000000,1.02,1.02,1.02,1.02,0,0
MTE_PB,D,20190529,000000,0.86,1.06,0.86,1.06,0,0
MTE_PB,D,20190603,000000,1.06,1.06,0.93,1.01,0,0
MTE_PB,D,20190627,000000,1,1,1,1,0,0
MTE_PB,D,20190628,000000,1.06,1.06,0.53,0.75,0,0
MTE_PB,D,20190701,000000,0.75,0.8,0.75,0.8,0,0
MTE_PB,D,20190709,000000,0.79,0.79,0.79,0.79,0,0
MTE_PB,D,20190725,000000,0.79,0.88,0.79,0.88,0,0
MTE_PB,D,20190726,000000,0.86,0.86,0.86,0.86,0,0
MTE_PB,D,20190729,000000,0.86,0.88,0.86,0.88,0,0
MTE_PB,D,20190731,000000,0.69,0.88,0.69,0.88,0,0
MTE_PB,D,20190812,000000,0.88,0.88,0.88,0.88,0,0
MTE_PB,D,20190822,000000,0.65,0.77,0.62,0.77,0,0
MTE_PB,D,20190823,000000,0.78,0.78,0.78,0.78,0,0
MTE_PB,D,20190902,000000,0.78,0.93,0.78,0.86,0,0
MTE_PB,D,20190919,000000,0.65,0.65,0.65,0.65,0,0
MTE_PB,D,20190920,000000,0.83,0.83,0.7,0.7,0,0
MTE_PB,D,20190923,000000,0.84,0.84,0.84,0.84,0,0
MTE_PB,D,20190926,000000,0.68,0.68,0.68,0.68,0,0
MTE_PB,D,20190927,000000,0.8,0.8,0.8,0.8,0,0
MTE_PB,D,20190930,000000,0.67,0.91,0.67,0.7,0,0
MTE_PB,D,20191001,000000,0.75,0.75,0.72,0.72,0,0
MTE_PB,D,20191002,000000,0.72,0.72,0.72,0.72,0,0
MTE_PB,D,20191003,000000,0.83,0.83,0.8,0.8,0,0
MTE_PB,D,20191004,000000,0.83,0.88,0.8,0.88,0,0
MTE_PB,D,20191007,000000,0.88,0.91,0.57,0.64,0,0
MTE_PB,D,20191008,000000,0.65,0.65,0.57,0.57,0,0
MTE_PB,D,20191009,000000,0.62,0.62,0.57,0.62,0,0
MTE_PB,D,20191010,000000,0.62,0.62,0.62,0.62,0,0
MTE_PB,D,20191011,000000,0.62,0.62,0.62,0.62,0,0
MTE_PB,D,20191014,000000,0.57,0.62,0.52,0.62,0,0
MTE_PB,D,20191015,000000,0.62,0.62,0.6,0.62,0,0
MTE_PB,D,20191017,000000,0.62,0.62,0.62,0.62,0,0
MTE_PB,D,20191018,000000,0.62,0.74,0.62,0.74,0,0
MTE_PB,D,20191022,000000,0.7,0.7,0.61,0.7,0,0
MTE_PB,D,20191030,000000,0.57,0.68,0.47,0.49,0,0
MTE_PB,D,20191031,000000,0.49,0.54,0.49,0.54,0,0
MTE_PB,D,20191104,000000,0.55,0.55,0.55,0.55,0,0
MTE_PB,D,20191105,000000,0.55,0.59,0.55,0.59,0,0
MTE_PB,D,20191106,000000,0.59,0.59,0.49,0.59,0,0
MTE_PB,D,20191107,000000,0.57,0.74,0.57,0.74,0,0
MTE_PB,D,20191108,000000,0.74,0.74,0.65,0.7,0,0
MTE_PB,D,20191112,000000,0.7,0.74,0.7,0.74,0,0
MTE_PB,D,20191113,000000,0.7,0.72,0.62,0.72,0,0
MTE_PB,D,20191115,000000,0.72,0.74,0.72,0.74,0,0
MTE_PB,D,20191122,000000,0.63,0.66,0.63,0.66,0,0
MTE_PB,D,20191126,000000,0.74,0.74,0.74,0.74,0,0
MTE_PB,D,20191127,000000,0.75,0.89,0.71,0.81,0,0
MTE_PB,D,20191128,000000,0.78,0.78,0.78,0.78,0,0
MTE_PB,D,20191129,000000,0.81,0.89,0.69,0.71,0,0
MTE_PB,D,20191202,000000,0.83,0.88,0.81,0.88,0,0
MTE_PB,D,20191203,000000,0.88,1.27,0.88,1.27,0,0
MTE_PB,D,20191204,000000,1.52,1.82,1.52,1.78,0,0
MTE_PB,D,20191205,000000,1.95,1.97,1.16,1.16,0,0
MTE_PB,D,20191206,000000,1.39,1.57,1.01,1.57,0,0
MTE_PB,D,20191209,000000,1.67,2.23,1.67,2.09,0,0
MTE_PB,D,20191210,000000,2.23,2.23,1.83,2.15,0,0
MTE_PB,D,20191211,000000,2.15,2.15,1.76,1.78,0,0
MTE_PB,D,20191212,000000,1.97,1.97,1.31,1.51,0,0
MTE_PB,D,20191213,000000,1.52,1.82,1.22,1.37,0,0
MTE_PB,D,20191216,000000,1.37,1.37,1.2,1.27,0,0
MTE_PB,D,20191217,000000,1.19,1.41,1.18,1.23,0,0
MTE_PB,D,20191218,000000,1.23,1.34,1.05,1.05,0,0
MTE_PB,D,20191219,000000,1.05,1.16,1.05,1.05,0,0
MTE_PB,D,20191220,000000,1.05,1.1,1.04,1.09,0,0
MTE_PB,D,20191223,000000,1.02,1.2,1.02,1.18,0,0
MTE_PB,D,20191227,000000,1.26,1.28,1.1,1.1,0,0
MTE_PB,D,20191230,000000,1.27,1.27,1.13,1.13,0,0
MTE_PB,D,20200102,000000,1.35,1.44,1.23,1.31,0,0
MTE_PB,D,20200103,000000,1.35,1.36,1.35,1.36,0,0
MTE_PB,D,20200107,000000,1.17,1.34,1.17,1.32,0,0
MTE_PB,D,20200108,000000,1.19,1.3,1.18,1.28,0,0
MTE_PB,D,20200109,000000,1.23,1.76,1.05,1.76,0,0
MTE_PB,D,20200110,000000,1.97,1.97,1.81,1.81,0,0
MTE_PB,D,20200113,000000,1.83,1.91,1.47,1.88,0,0
MTE_PB,D,20200114,000000,1.88,1.88,1.52,1.74,0,0
MTE_PB,D,20200115,000000,1.74,1.91,1.74,1.79,0,0
MTE_PB,D,20200116,000000,1.44,1.67,1.39,1.67,0,0
MTE_PB,D,20200117,000000,1.57,1.88,1.57,1.62,0,0
MTE_PB,D,20200120,000000,1.69,1.69,1.36,1.36,0,0
MTE_PB,D,20200121,000000,1.36,1.36,1.2,1.36,0,0
MTE_PB,D,20200122,000000,1.36,1.49,1.18,1.18,0,0
MTE_PB,D,20200123,000000,1.31,1.31,1.15,1.23,0,0
MTE_PB,D,20200124,000000,1.23,1.27,1.1,1.13,0,0
MTE_PB,D,20200127,000000,1.27,1.27,1.05,1.14,0,0
MTE_PB,D,20200128,000000,1.13,1.13,0.99,1.02,0,0
MTE_PB,D,20200129,000000,1.02,1.08,0.89,0.92,0,0
MTE_PB,D,20200130,000000,0.92,1,0.89,0.98,0,0
MTE_PB,D,20200131,000000,0.92,0.99,0.87,0.87,0,0
MTE_PB,D,20200203,000000,0.92,1.04,0.88,0.99,0,0
MTE_PB,D,20200204,000000,1.02,1.07,0.92,0.97,0,0
MTE_PB,D,20200205,000000,0.92,1.02,0.92,0.99,0,0
MTE_PB,D,20200206,000000,0.99,0.99,0.89,0.9,0,0
MTE_PB,D,20200207,000000,0.87,0.92,0.8,0.84,0,0
MTE_PB,D,20200210,000000,0.78,0.91,0.72,0.91,0,0
MTE_PB,D,20200211,000000,0.91,1.25,0.85,1.22,0,0
MTE_PB,D,20200212,000000,1.25,1.25,1.04,1.17,0,0
MTE_PB,D,20200213,000000,1.16,1.24,1.05,1.08,0,0
MTE_PB,D,20200214,000000,1.13,1.35,1.13,1.3,0,0
MTE_PB,D,20200217,000000,1.31,1.31,1.14,1.22,0,0
MTE_PB,D,20200218,000000,1.21,1.63,1.21,1.37,0,0
MTE_PB,D,20200219,000000,1.42,1.52,1.28,1.45,0,0
MTE_PB,D,20200220,000000,1.37,1.41,1.31,1.4,0,0
MTE_PB,D,20200221,000000,1.37,1.41,1.25,1.39,0,0
MTE_PB,D,20200224,000000,1.26,1.37,1.19,1.25,0,0
MTE_PB,D,20200225,000000,1.14,1.3,1.14,1.25,0,0
MTE_PB,D,20200226,000000,1.25,1.25,1.13,1.21,0,0
MTE_PB,D,20200227,000000,1.28,1.28,1.05,1.06,0,0
MTE_PB,D,20200228,000000,1.16,1.16,0.97,1.16,0,0
MTE_PB,D,20200302,000000,1.02,1.37,1.02,1.19,0,0
MTE_PB,D,20200303,000000,1.25,1.25,1.02,1.02,0,0
MTE_PB,D,20200304,000000,1.15,1.15,1.02,1.08,0,0
MTE_PB,D,20200305,000000,1.08,1.11,1.08,1.11,0,0
MTE_PB,D,20200306,000000,1.1,1.12,1.1,1.12,0,0
MTE_PB,D,20200309,000000,1.1,1.1,0.88,0.95,0,0
MTE_PB,D,20200310,000000,1.02,1.02,0.88,0.9,0,0
MTE_PB,D,20200311,000000,0.99,0.99,0.99,0.99,0,0
MTE_PB,D,20200312,000000,0.95,0.95,0.61,0.73,0,0
MTE_PB,D,20200313,000000,0.81,0.81,0.7,0.77,0,0
MTE_PB,D,20200316,000000,0.81,0.81,0.81,0.81,0,0
MTE_PB,D,20200317,000000,0.81,0.93,0.75,0.79,0,0
MTE_PB,D,20200318,000000,0.78,0.86,0.78,0.86,0,0
MTE_PB,D,20200319,000000,0.86,0.86,0.7,0.85,0,0
MTE_PB,D,20200320,000000,0.83,0.86,0.75,0.75,0,0
MTE_PB,D,20200323,000000,0.82,0.95,0.73,0.83,0,0
MTE_PB,D,20200324,000000,0.83,0.87,0.75,0.85,0,0
MTE_PB,D,20200325,000000,0.83,0.84,0.83,0.84,0,0
MTE_PB,D,20200326,000000,0.72,0.83,0.72,0.78,0,0
MTE_PB,D,20200327,000000,0.8,1.15,0.79,1.15,0,0
MTE_PB,D,20200330,000000,1.31,1.34,1.05,1.24,0,0
MTE_PB,D,20200331,000000,1.28,1.33,1.05,1.15,0,0
MTE_PB,D,20200401,000000,1.15,1.37,1.09,1.28,0,0
MTE_PB,D,20200402,000000,1.33,1.41,1.33,1.37,0,0
MTE_PB,D,20200403,000000,1.39,1.41,1.2,1.31,0,0
MTE_PB,D,20200406,000000,1.32,1.38,1.17,1.27,0,0
MTE_PB,D,20200407,000000,1.25,1.25,1.14,1.14,0,0
MTE_PB,D,20200408,000000,1.14,1.22,1.14,1.21,0,0
MTE_PB,D,20200409,000000,1.21,1.21,1.05,1.09,0,0
MTE_PB,D,20200414,000000,1.09,1.24,1.07,1.07,0,0
MTE_PB,D,20200415,000000,1.14,1.19,1.09,1.15,0,0
MTE_PB,D,20200416,000000,1.15,1.23,1.08,1.17,0,0
MTE_PB,D,20200417,000000,1.23,1.23,1.14,1.23,0,0
MTE_PB,D,20200420,000000,1.25,1.31,1.17,1.29,0,0
MTE_PB,D,20200421,000000,1.29,1.29,1.08,1.1,0,0
MTE_PB,D,20200422,000000,1.17,1.31,1.1,1.21,0,0
MTE_PB,D,20200423,000000,1.21,1.27,1.1,1.19,0,0
MTE_PB,D,20200424,000000,1.29,1.29,1.12,1.12,0,0
MTE_PB,D,20200427,000000,1.15,1.17,1.08,1.14,0,0
MTE_PB,D,20200428,000000,1.1,1.14,1.1,1.1,0,0
MTE_PB,D,20200429,000000,1.1,1.16,1.04,1.1,0,0
MTE_PB,D,20200430,000000,1.1,1.12,1.1,1.12,0,0
MTE_PB,D,20200504,000000,1.06,1.09,1,1.01,0,0
MTE_PB,D,20200505,000000,0.99,1.05,0.87,0.96,0,0
MTE_PB,D,20200506,000000,0.97,1.09,0.92,0.97,0,0
MTE_PB,D,20200507,000000,1.03,1.03,0.96,0.97,0,0
MTE_PB,D,20200508,000000,1.01,1.02,1,1.02,0,0
MTE_PB,D,20200511,000000,1.03,1.06,0.96,1.02,0,0
MTE_PB,D,20200512,000000,1.02,1.05,0.97,1.05,0,0
MTE_PB,D,20200513,000000,1.05,1.08,0.99,1.08,0,0
MTE_PB,D,20200514,000000,1.08,1.08,0.99,1.05,0,0
MTE_PB,D,20200515,000000,1.05,1.15,1.04,1.05,0,0
MTE_PB,D,20200518,000000,1.08,1.08,0.99,0.99,0,0
MTE_PB,D,20200519,000000,1.03,1.04,0.99,1.04,0,0
MTE_PB,D,20200520,000000,1.04,1.13,1.01,1.07,0,0
MTE_PB,D,20200521,000000,1.07,1.09,0.99,1.04,0,0
MTE_PB,D,20200522,000000,1.04,1.06,1.01,1.04,0,0
MTE_PB,D,20200525,000000,1.07,1.07,0.93,0.93,0,0
MTE_PB,D,20200526,000000,0.98,1,0.98,0.99,0,0
MTE_PB,D,20200527,000000,0.99,1.01,0.96,1.01,0,0
MTE_PB,D,20200528,000000,1.04,1.04,0.98,1.04,0,0
MTE_PB,D,20200529,000000,1.01,1.06,0.99,1.01,0,0
MTE_PB,D,20200601,000000,1.01,1.04,0.99,1.04,0,0
MTE_PB,D,20200602,000000,0.99,1.07,0.99,1.07,0,0
MTE_PB,D,20200603,000000,1.06,1.07,0.93,0.93,0,0
MTE_PB,D,20200604,000000,0.93,0.99,0.93,0.98,0,0
MTE_PB,D,20200605,000000,0.98,0.98,0.91,0.96,0,0
MTE_PB,D,20200608,000000,0.96,1.16,0.93,1.16,0,0
MTE_PB,D,20200609,000000,1.16,1.69,1.16,1.69,0,0
MTE_PB,D,20200610,000000,1.78,2.11,1.76,1.8,0,0
MTE_PB,D,20200612,000000,1.94,2.23,1.84,2.23,0,0
MTE_PB,D,20200615,000000,2.25,2.64,2.11,2.45,0,0
MTE_PB,D,20200616,000000,2.73,3.15,2.64,3.09,0,0
MTE_PB,D,20200617,000000,3.21,3.41,2.73,2.98,0,0
MTE_PB,D,20200618,000000,3.09,3.09,2.48,2.53,0,0
MTE_PB,D,20200619,000000,2.58,3.07,2.32,2.9,0,0
MTE_PB,D,20200622,000000,2.98,3.09,2.68,2.93,0,0
MTE_PB,D,20200623,000000,2.81,3.04,2.69,2.76,0,0
MTE_PB,D,20200624,000000,2.81,3.07,2.62,2.84,0,0
MTE_PB,D,20200625,000000,2.7,2.84,2.69,2.79,0,0
MTE_PB,D,20200626,000000,2.84,2.84,2.56,2.74,0,0
MTE_PB,D,20200629,000000,2.74,2.81,2.45,2.45,0,0
MTE_PB,D,20200630,000000,2.62,2.73,2.45,2.45,0,0
MTE_PB,D,20200701,000000,2.68,2.68,2.34,2.42,0,0
MTE_PB,D,20200702,000000,2.51,2.53,2.25,2.51,0,0
MTE_PB,D,20200703,000000,2.41,2.51,2.28,2.39,0,0
MTE_PB,D,20200706,000000,2.45,2.45,2.25,2.25,0,0
MTE_PB,D,20200707,000000,2.19,2.63,2.19,2.59,0,0
MTE_PB,D,20200708,000000,2.59,3.49,2.53,3.43,0,0
MTE_PB,D,20200709,000000,3.49,4.22,3.18,4.08,0,0
MTE_PB,D,20200710,000000,4.22,4.48,3.8,4.33,0,0
MTE_PB,D,20200713,000000,4.5,4.76,4.22,4.64,0,0
MTE_PB,D,20200714,000000,4.42,4.56,4.03,4.33,0,0
MTE_PB,D,20200715,000000,4.33,4.78,4.08,4.11,0,0
MTE_PB,D,20200716,000000,4.42,4.42,4.05,4.31,0,0
MTE_PB,D,20200717,000000,3.91,4.14,3.6,4.14,0,0
MTE_PB,D,20200720,000000,4.14,4.14,3.41,3.49,0,0
MTE_PB,D,20200721,000000,3.49,3.66,3.29,3.46,0,0
MTE_PB,D,20200722,000000,3.46,3.63,3.29,3.6,0,0
MTE_PB,D,20200723,000000,3.38,3.6,2.7,3.32,0,0
MTE_PB,D,20200724,000000,3.35,3.99,3.35,3.99,0,0
MTE_PB,D,20200727,000000,4.03,4.14,3.35,3.66,0,0
MTE_PB,D,20200728,000000,3.38,3.97,3.18,3.24,0,0
MTE_PB,D,20200729,000000,2.24,2.36,2.24,2.36,0,0
MTE_PB,D,20200730,000000,2.39,2.7,2.28,2.28,0,0
MTE_PB,D,20200731,000000,2.51,2.51,2.31,2.42,0,0
MTE_PB,D,20200803,000000,2.42,2.9,2.36,2.81,0,0
MTE_PB,D,20200804,000000,3.09,3.24,2.56,2.76,0,0
MTE_PB,D,20200805,000000,2.87,2.87,2.38,2.46,0,0
MTE_PB,D,20200806,000000,2.49,2.49,2.31,2.42,0,0
MTE_PB,D,20200807,000000,2.29,7.04,2.14,7.04,0,0
MTE_PB,D,20200810,000000,7.29,7.29,6.55,6.71,0,0
MTE_PB,D,20200811,000000,6.71,6.71,5.69,5.69,0,0
MTE_PB,D,20200812,000000,6.15,6.15,5.56,5.98,0,0
MTE_PB,D,20200813,000000,5.24,6.05,4.91,5.2,0,0
MTE_PB,D,20200814,000000,4.91,6.25,4.78,5.89,0,0
MTE_PB,D,20200817,000000,5.98,6.38,5.73,6.09,0,0
MTE_PB,D,20200818,000000,6.55,6.87,6.15,6.55,0,0
MTE_PB,D,20200819,000000,6.15,6.96,6.15,6.55,0,0
MTE_PB,D,20200820,000000,7,7.53,6.87,6.96,0,0
MTE_PB,D,20200821,000000,7.36,9,7.36,9,0,0
MTE_PB,D,20200824,000000,9.16,9.16,8.18,9,0,0
MTE_PB,D,20200825,000000,9,9,8.11,8.11,0,0
MTE_PB,D,20200826,000000,8.27,9.16,8.27,9.09,0,0
MTE_PB,D,20200827,000000,9.09,11.45,8.6,9.91,0,0
MTE_PB,D,20200828,000000,9.98,9.98,9,9.42,0,0
MTE_PB,D,20200831,000000,9.75,10.73,9.75,10.73,0,0
MTE_PB,D,20200901,000000,10.31,10.64,10.24,10.56,0,0
MTE_PB,D,20200902,000000,9.75,10.89,9.75,10.73,0,0
MTE_PB,D,20200903,000000,10.89,14.49,10.89,13.91,0,0
MTE_PB,D,20200904,000000,12.53,14.98,12.27,13.35,0,0
MTE_PB,D,20200907,000000,13.51,14.56,13.25,13.58,0,0
MTE_PB,D,20200908,000000,13.58,14.49,11.29,12.69,0,0
MTE_PB,D,20200909,000000,12.93,15.47,11.87,15.05,0,0
MTE_PB,D,20200910,000000,15.38,18,13.91,15.47,0,0
MTE_PB,D,20200911,000000,15.55,15.71,14.07,14.4,0,0
MTE_PB,D,20200914,000000,15.15,15.96,15.15,15.55,0,0
MTE_PB,D,20200915,000000,14.73,15.05,13.02,13.42,0,0
MTE_PB,D,20200916,000000,13.42,14.56,12.27,13.75,0,0
MTE_PB,D,20200917,000000,14.16,14.33,13.02,14,0,0
MTE_PB,D,20200918,000000,14.24,14.24,12.69,12.69,0,0
MTE_PB,D,20200921,000000,12.27,13.51,12.27,12.27,0,0
MTE_PB,D,20200922,000000,13.18,13.18,11.62,11.87,0,0
MTE_PB,D,20200923,000000,12.04,12.04,12.04,12.04,0,0
MTE_PB,D,20200924,000000,13.09,13.09,11.62,12.27,0,0
MTE_PB,D,20200925,000000,12.27,12.27,11.22,11.45,0,0
MTE_PB,D,20200928,000000,11.45,12.11,9.16,12.11,0,0
MTE_PB,D,20200929,000000,11.05,12.2,10.89,12.04,0,0
MTE_PB,D,20200930,000000,10.73,11.95,10.73,11.95,0,0
MTE_PB,D,20201001,000000,11.95,11.95,11.05,11.05,0,0
MTE_PB,D,20201002,000000,11.05,11.38,10.4,11.13,0,0
MTE_PB,D,20201005,000000,11.38,11.55,10.4,11.38,0,0
MTE_PB,D,20201006,000000,10.24,11.38,10.24,11.22,0,0
MTE_PB,D,20201007,000000,11.78,12.2,10.64,12.2,0,0
MTE_PB,D,20201008,000000,12.2,13.09,10.73,12.2,0,0
MTE_PB,D,20201009,000000,11.78,14.07,11.78,13.91,0,0
MTE_PB,D,20201012,000000,13.91,14.16,12.85,14.16,0,0
MTE_PB,D,20201013,000000,14.07,14.73,12.76,14.07,0,0
MTE_PB,D,20201014,000000,14.24,14.73,12.44,12.44,0,0
MTE_PB,D,20201015,000000,13.67,13.84,12.27,13.02,0,0
MTE_PB,D,20201016,000000,11.71,13.25,11.71,13.02,0,0
MTE_PB,D,20201019,000000,12.76,13.91,12.69,13.51,0,0
MTE_PB,D,20201020,000000,13.51,13.51,12.11,12.11,0,0
MTE_PB,D,20201021,000000,12.6,12.6,11.71,12.27,0,0
MTE_PB,D,20201022,000000,12.27,12.27,10.73,10.73,0,0
MTE_PB,D,20201023,000000,11.05,11.45,10.96,11.05,0,0
MTE_PB,D,20201026,000000,11.45,11.45,10.64,11.38,0,0
MTE_PB,D,20201027,000000,11.38,11.38,9.98,10.24,0,0
MTE_PB,D,20201028,000000,10.24,11.29,9.49,10.56,0,0
MTE_PB,D,20201029,000000,10.96,10.96,9,10.56,0,0
MTE_PB,D,20201030,000000,11.13,11.13,9,10.15,0,0
MTE_PB,D,20201102,000000,10.24,10.8,10.24,10.8,0,0
MTE_PB,D,20201103,000000,10.47,10.64,10.47,10.56,0,0
MTE_PB,D,20201104,000000,10.56,10.56,9.82,10.15,0,0
MTE_PB,D,20201105,000000,9.82,10.15,9.82,10.15,0,0
MTE_PB,D,20201106,000000,10.15,11.29,9.82,11.05,0,0
MTE_PB,D,20201109,000000,11.13,11.13,10.64,11.05,0,0
MTE_PB,D,20201110,000000,11.05,11.05,9.42,10.73,0,0
MTE_PB,D,20201112,000000,10.56,10.56,9.82,10.4,0,0
MTE_PB,D,20201113,000000,10.47,10.64,10.15,10.24,0,0
MTE_PB,D,20201116,000000,10.24,14.5,9,14.5,0,0
MTE_PB,D,20201117,000000,13.25,14.75,13.25,14.39,0,0
MTE_PB,D,20201118,000000,14.39,14.39,14.39,14.39,0,0
MTE_PB,D,20201119,000000,13.39,14.25,13.39,14.25,0,0
MTE_PB,D,20201120,000000,14.25,14.25,13.75,14.25,0,0
MTE_PB,D,20201123,000000,14.25,14.25,13.25,14.25,0,0
MTE_PB,D,20201124,000000,14.25,15.5,14.14,15.5,0,0
MTE_PB,D,20201125,000000,15.5,15.5,13.89,15.5,0,0
MTE_PB,D,20201126,000000,15.5,46.5,14.39,46.5,0,0
MTE_PB,D,20201127,000000,43.14,46.5,43.14,46.5,0,0
MTE_PB,D,20201130,000000,46.5,51.39,46.5,51.39,0,0
MTE_PB,D,20201201,000000,50.64,51.75,48.75,51.39,0,0
MTE_PB,D,20201202,000000,51.39,51.39,48.75,51,0,0
MTE_PB,D,20201203,000000,51,51.39,50.64,50.64,0,0
MTE_PB,D,20201204,000000,47.64,52.14,45,51.75,0,0
MTE_PB,D,20201207,000000,51.75,52.14,48.75,49.5,0,0
MTE_PB,D,20201208,000000,50.25,51.39,50.25,51.39,0,0
MTE_PB,D,20201209,000000,51.75,51.75,49.5,49.89,0,0
MTE_PB,D,20201210,000000,49.14,51,48.39,48.39,0,0
MTE_PB,D,20201211,000000,49.14,50.64,48.39,48.75,0,0
MTE_PB,D,20201214,000000,46.89,48.39,45,46.89,0,0
MTE_PB,D,20201215,000000,45.75,47.25,42,46.14,0,0
MTE_PB,D,20201216,000000,45.75,45.75,45.75,45.75,0,0
MTE_PB,D,20201217,000000,47.25,47.25,47.25,47.25,0,0
MTE_PB,D,20201218,000000,46.5,48.39,46.5,47.25,0,0
MTE_PB,D,20201221,000000,44.64,47.64,44.64,47.64,0,0
MTE_PB,D,20201222,000000,48,48,43.89,48,0,0
MTE_PB,D,20201223,000000,45.39,48,45.39,48,0,0
MTE_PB,D,20201228,000000,45,48,43.5,43.5,0,0
MTE_PB,D,20201229,000000,47.25,47.25,43.5,45.75,0,0
MTE_PB,D,20201230,000000,43.14,45.75,41.64,45.75,0,0
MTE_PB,D,20210104,000000,41.64,45,40.14,43.14,0,0
MTE_PB,D,20210105,000000,43.14,46.5,43.14,46.5,0,0
MTE_PB,D,20210107,000000,46.5,46.5,41.64,44.25,0,0
MTE_PB,D,20210108,000000,44.25,44.25,42,43.89,0,0
MTE_PB,D,20210111,000000,43.89,43.89,42.39,42.39,0,0
MTE_PB,D,20210112,000000,42.39,43.89,39.75,43.5,0,0
MTE_PB,D,20210113,000000,43.14,43.14,39.39,42.39,0,0
MTE_PB,D,20210114,000000,42.39,42.39,42.39,42.39,0,0
MTE_PB,D,20210115,000000,42.39,42.75,42.39,42.39,0,0
MTE_PB,D,20210118,000000,43.5,43.5,42.39,42.39,0,0
MTE_PB,D,20210119,000000,42.75,42.75,40.5,42.75,0,0
MTE_PB,D,20210120,000000,42.75,42.75,41.25,41.64,0,0
MTE_PB,D,20210121,000000,42.39,42.75,42,42.75,0,0
MTE_PB,D,20210122,000000,42.75,42.75,40.14,40.14,0,0
MTE_PB,D,20210125,000000,40.14,41.25,40.14,41.25,0,0
MTE_PB,D,20210126,000000,41.25,44.25,39.39,44.25,0,0
MTE_PB,D,20210127,000000,43.5,45,43.5,43.5,0,0
MTE_PB,D,20210128,000000,39.39,41.25,39.39,40.89,0,0
MTE_PB,D,20210129,000000,40.5,40.5,39,40.5,0,0
MTE_PB,D,20210201,000000,39.39,40.89,36.94,37.5,0,0
MTE_PB,D,20210202,000000,37.14,37.14,33.75,33.75,0,0
MTE_PB,D,20210203,000000,33.75,39,33.75,37.5,0,0
MTE_PB,D,20210204,000000,37.5,39,36,39,0,0
MTE_PB,D,20210205,000000,36,38.64,34.89,38.64,0,0
MTE_PB,D,20210208,000000,35.64,38.64,35.64,38.64,0,0
MTE_PB,D,20210209,000000,38.64,38.64,38.64,38.64,0,0
MTE_PB,D,20210210,000000,38.25,38.25,35.81,37.5,0,0
MTE_PB,D,20210211,000000,37.5,37.89,34.5,37.5,0,0
MTE_PB,D,20210212,000000,37.89,38.25,37.89,38.25,0,0
MTE_PB,D,20210215,000000,39.75,39.75,36.56,39.39,0,0
MTE_PB,D,20210216,000000,39.39,41.64,38.25,40.5,0,0
MTE_PB,D,20210217,000000,40.5,40.5,39,39,0,0
MTE_PB,D,20210218,000000,39,39,37.5,39,0,0
MTE_PB,D,20210219,000000,37.5,39.75,37.5,39.75,0,0
MTE_PB,D,20210222,000000,39.75,40.14,39.75,39.75,0,0
MTE_PB,D,20210223,000000,37.5,40.14,37.5,40.14,0,0
MTE_PB,D,20210224,000000,39.75,39.75,39.75,39.75,0,0
MTE_PB,D,20210225,000000,40.14,43.5,36,39.39,0,0
MTE_PB,D,20210226,000000,42,42.39,39.75,42.39,0,0
MTE_PB,D,20210301,000000,42.39,42.75,42,42.75,0,0
MTE_PB,D,20210302,000000,42,42.75,41.64,42.75,0,0
MTE_PB,D,20210303,000000,42.75,43.5,42.75,43.5,0,0
MTE_PB,D,20210304,000000,43.5,43.5,40.5,43.14,0,0
MTE_PB,D,20210305,000000,40.5,43.89,40.5,43.89,0,0
MTE_PB,D,20210308,000000,44.25,44.25,40.89,43.5,0,0
MTE_PB,D,20210309,000000,43.5,43.5,41.64,42,0,0
MTE_PB,D,20210310,000000,42,42.75,38.25,42.75,0,0
MTE_PB,D,20210311,000000,42.75,42.75,37.5,41.25,0,0
MTE_PB,D,20210312,000000,42,42.75,39.75,42.75,0,0
MTE_PB,D,20210315,000000,41.25,41.25,35.06,36,0,0
MTE_PB,D,20210316,000000,30,31.69,29.25,30,0,0
MTE_PB,D,20210317,000000,29.64,29.64,28.5,28.5,0,0
MTE_PB,D,20210318,000000,29.25,30.39,28.14,29.25,0,0
MTE_PB,D,20210319,000000,29.64,29.64,25.14,26.64,0,0
MTE_PB,D,20210322,000000,26.64,26.64,24.39,25.31,0,0
MTE_PB,D,20210323,000000,25.14,26.06,22.5,22.5,0,0
MTE_PB,D,20210324,000000,22.5,23.06,21,22.14,0,0
MTE_PB,D,20210325,000000,22.14,22.14,21.19,21.94,0,0
MTE_PB,D,20210326,000000,21.94,24.19,21.56,23.64,0,0
MTE_PB,D,20210329,000000,24.75,26.25,24.19,26.25,0,0
MTE_PB,D,20210330,000000,26.64,29.06,26.64,28.89,0,0
MTE_PB,D,20210331,000000,28.89,33.19,27.39,32.64,0,0
MTE_PB,D,20210401,000000,37.5,37.5,27.83,30.89,0,0
MTE_PB,D,20210406,000000,30.39,30.75,26.47,28.89,0,0
MTE_PB,D,20210407,000000,28.89,28.89,25.5,26.25,0,0
MTE_PB,D,20210408,000000,26.56,26.56,24.39,25.5,0,0
MTE_PB,D,20210409,000000,26.25,27.75,25.14,27.67,0,0
MTE_PB,D,20210412,000000,27.67,27.67,25.89,27,0,0
MTE_PB,D,20210413,000000,26.03,26.03,23.25,24.83,0,0
MTE_PB,D,20210414,000000,25.19,25.19,24.39,25.14,0,0
MTE_PB,D,20210415,000000,24.67,25.14,24.39,24.97,0,0
MTE_PB,D,20210416,000000,24.97,24.97,24.31,24.83,0,0
MTE_PB,D,20210419,000000,25.14,25.28,24.61,24.97,0,0
MTE_PB,D,20210420,000000,24.75,25.72,24.61,25.64,0,0
MTE_PB,D,20210421,000000,25.64,25.64,24.67,25.14,0,0
MTE_PB,D,20210422,000000,25.5,26.86,24.83,26.86,0,0
MTE_PB,D,20210423,000000,26.92,27,25.14,26.86,0,0
MTE_PB,D,20210426,000000,26.86,26.86,22.5,24.39,0,0
MTE_PB,D,20210427,000000,24.75,25.06,23.92,24.67,0,0
MTE_PB,D,20210428,000000,24.67,24.67,23.64,24.39,0,0
MTE_PB,D,20210429,000000,23.39,24.39,23.39,24.39,0,0
MTE_PB,D,20210430,000000,24.39,24.53,23.69,24,0,0
MTE_PB,D,20210504,000000,23.92,27.14,23.39,27,0,0
MTE_PB,D,20210505,000000,26.64,26.64,26.33,26.39,0,0
MTE_PB,D,20210506,000000,25.81,26.17,24.75,25.28,0,0
MTE_PB,D,20210507,000000,25.28,25.28,24.39,25.06,0,0
MTE_PB,D,20210510,000000,25.14,25.58,24.89,25.58,0,0
MTE_PB,D,20210511,000000,25.14,25.58,24.75,25.14,0,0
MTE_PB,D,20210512,000000,25.06,26.25,24.44,26.11,0,0
MTE_PB,D,20210513,000000,25.5,25.5,24.75,24.75,0,0
MTE_PB,D,20210514,000000,25.42,25.81,24.61,24.61,0,0
MTE_PB,D,20210517,000000,26.11,26.11,24.61,24.67,0,0
MTE_PB,D,20210518,000000,25.89,26.11,24.67,24.75,0,0
MTE_PB,D,20210519,000000,24.67,25.14,23.25,24.75,0,0
MTE_PB,D,20210520,000000,25.28,25.28,24.31,24.75,0,0
MTE_PB,D,20210521,000000,24.39,24.75,24.08,24.75,0,0
MTE_PB,D,20210524,000000,24.83,25.14,4.53,4.53,0,0
MTE_PB,D,20210525,000000,4.35,4.48,4.32,4.46,0,0
MTE_PB,D,20210526,000000,4.34,4.51,4.34,4.51,0,0
MTE_PB,D,20210527,000000,4.5,4.5,4.38,4.46,0,0
MTE_PB,D,20210528,000000,4.55,5.73,4.55,5.39,0,0
MTE_PB,D,20210531,000000,5.39,5.39,4.86,5.07,0,0
MTE_PB,D,20210601,000000,5.07,5.07,4.66,4.88,0,0
MTE_PB,D,20210602,000000,4.88,4.97,4.5,4.94,0,0
MTE_PB,D,20210604,000000,4.97,5.07,4.86,5.07,0,0
MTE_PB,D,20210607,000000,5.04,5.04,4.66,4.85,0,0
MTE_PB,D,20210608,000000,4.85,5.07,4.66,5.04,0,0
MTE_PB,D,20210609,000000,5.02,5.5,4.73,4.97,0,0
MTE_PB,D,20210610,000000,5.27,5.29,4.66,4.92,0,0
MTE_PB,D,20210611,000000,4.92,4.96,4.75,4.96,0,0
MTE_PB,D,20210614,000000,4.96,5.32,4.96,5.05,0,0
MTE_PB,D,20210615,000000,4.89,5.23,4.89,5.21,0,0
MTE_PB,D,20210616,000000,5.2,5.39,5.2,5.34,0,0
MTE_PB,D,20210617,000000,5.17,5.27,5.09,5.27,0,0
MTE_PB,D,20210618,000000,5.31,6.35,5.31,6.35,0,0
MTE_PB,D,20210621,000000,7.02,7.53,5.81,6.06,0,0
MTE_PB,D,20210622,000000,6.06,6.06,5.34,5.52,0,0
MTE_PB,D,20210623,000000,5.52,5.73,5.5,5.62,0,0
MTE_PB,D,20210624,000000,5.61,5.61,5.34,5.54,0,0
MTE_PB,D,20210625,000000,5.52,5.52,5.02,5.21,0,0
MTE_PB,D,20210628,000000,5.21,5.21,5.07,5.21,0,0
MTE_PB,D,20210629,000000,5.27,5.98,5.27,5.81,0,0
MTE_PB,D,20210630,000000,5.86,6.33,5.4,5.55,0,0
MTE_PB,D,20210701,000000,5.66,6.08,5.5,6.01,0,0
MTE_PB,D,20210702,000000,6.16,6.16,5.94,6.05,0,0
MTE_PB,D,20210705,000000,6.02,6.02,5.4,5.97,0,0
MTE_PB,D,20210706,000000,5.81,5.81,5.58,5.61,0,0
MTE_PB,D,20210707,000000,5.52,5.56,5.23,5.4,0,0
MTE_PB,D,20210708,000000,5.44,5.85,5.13,5.67,0,0
MTE_PB,D,20210709,000000,5.9,5.9,5.59,5.81,0,0
MTE_PB,D,20210712,000000,5.88,6.28,5.88,6.27,0,0
MTE_PB,D,20210713,000000,6.27,6.27,5.9,6.2,0,0
MTE_PB,D,20210714,000000,5.92,6.04,5.74,6.01,0,0
MTE_PB,D,20210715,000000,6.01,6.01,5.74,5.97,0,0
MTE_PB,D,20210716,000000,6.01,6.01,5.67,6,0,0
MTE_PB,D,20210719,000000,5.98,5.98,5.67,5.81,0,0
MTE_PB,D,20210720,000000,5.81,5.86,5.63,5.73,0,0
MTE_PB,D,20210721,000000,5.71,5.73,5.56,5.67,0,0
MTE_PB,D,20210722,000000,5.67,5.92,5.59,5.92,0,0
MTE_PB,D,20210723,000000,5.88,6.06,5.79,6.06,0,0
MTE_PB,D,20210726,000000,6.06,6.15,5.4,5.88,0,0
MTE_PB,D,20210727,000000,5.88,5.88,5.4,5.63,0,0
MTE_PB,D,20210728,000000,5.67,5.78,5.27,5.65,0,0
MTE_PB,D,20210729,000000,5.4,5.65,5.29,5.58,0,0
MTE_PB,D,20210730,000000,5.61,5.61,5.47,5.55,0,0
MTE_PB,D,20210802,000000,5.47,5.56,5.47,5.47,0,0
MTE_PB,D,20210803,000000,5.63,5.63,5.34,5.63,0,0
MTE_PB,D,20210804,000000,5.65,5.65,5.34,5.62,0,0
MTE_PB,D,20210805,000000,5.59,5.59,5.4,5.55,0,0
MTE_PB,D,20210806,000000,5.51,5.59,5.51,5.56,0,0
MTE_PB,D,20210809,000000,5.46,5.63,5.4,5.56,0,0
MTE_PB,D,20210810,000000,5.42,5.48,5.17,5.48,0,0
MTE_PB,D,20210811,000000,5.46,5.47,5.34,5.4,0,0
MTE_PB,D,20210812,000000,5.4,5.42,5.27,5.28,0,0
MTE_PB,D,20210813,000000,5.4,5.4,5.08,5.21,0,0
MTE_PB,D,20210816,000000,5.2,5.2,4.98,5.07,0,0
MTE_PB,D,20210817,000000,5,5.09,4.85,5.02,0,0
MTE_PB,D,20210818,000000,4.89,5.02,4.78,4.78,0,0
MTE_PB,D,20210819,000000,4.8,4.98,4.78,4.93,0,0
MTE_PB,D,20210820,000000,4.94,5.2,4.84,5.2,0,0
MTE_PB,D,20210823,000000,5.21,5.36,4.86,5.36,0,0
MTE_PB,D,20210824,000000,5.34,5.4,5.08,5.33,0,0
MTE_PB,D,20210825,000000,5.09,5.33,4.84,4.99,0,0
MTE_PB,D,20210826,000000,4.91,5.12,4.78,5.05,0,0
MTE_PB,D,20210827,000000,4.85,4.99,4.58,4.81,0,0
MTE_PB,D,20210830,000000,4.67,4.81,4.67,4.78,0,0
MTE_PB,D,20210831,000000,4.81,4.81,4.61,4.77,0,0
MTE_PB,D,20210901,000000,4.61,4.74,4.39,4.53,0,0
MTE_PB,D,20210902,000000,4.57,4.63,4.4,4.63,0,0
MTE_PB,D,20210903,000000,4.63,4.63,4.22,4.36,0,0
MTE_PB,D,20210906,000000,4.36,4.36,4.16,4.34,0,0
MTE_PB,D,20210907,000000,4.36,4.36,4.05,4.15,0,0
MTE_PB,D,20210908,000000,4.19,4.72,4.19,4.71,0,0
MTE_PB,D,20210909,000000,4.81,34.69,4.43,34.69,0,0
MTE_PB,D,20210910,000000,35.21,36.67,34.48,34.48,0,0
MTE_PB,D,20210913,000000,34.48,35.42,33.44,33.75,0,0
MTE_PB,D,20210914,000000,34.69,35.21,33.75,34.79,0,0
MTE_PB,D,20210915,000000,35,35,34.06,34.79,0,0
MTE_PB,D,20210916,000000,33.96,35.42,33.96,34.9,0,0
MTE_PB,D,20210917,000000,35.31,36.35,34.38,35.94,0,0
MTE_PB,D,20210920,000000,35.94,35.94,32.19,32.4,0,0
MTE_PB,D,20210921,000000,33.23,35.94,31.46,32.29,0,0
MTE_PB,D,20210922,000000,31.88,34.48,31.35,33.75,0,0
MTE_PB,D,20210923,000000,32.29,34.38,31.88,34.38,0,0
MTE_PB,D,20210924,000000,33.65,33.65,31.98,33.13,0,0
MTE_PB,D,20210927,000000,33.33,33.85,31.67,33.23,0,0
MTE_PB,D,20210928,000000,33.23,34.06,31.56,33.75,0,0
MTE_PB,D,20210929,000000,33.02,33.02,33.02,33.02,0,0
MTE_PB,D,20210930,000000,32.81,33.13,31.67,33.13,0,0
MTE_PB,D,20211001,000000,31.46,33.02,30.63,31.98,0,0
MTE_PB,D,20211004,000000,30.73,31.98,29.9,29.9,0,0
MTE_PB,D,20211005,000000,30.63,31.67,30.21,31.67,0,0
MTE_PB,D,20211006,000000,31.98,33.02,31.15,32.19,0,0
MTE_PB,D,20211007,000000,31.35,32.29,29.69,30,0,0
MTE_PB,D,20211008,000000,29.58,31.04,27.92,30.83,0,0
MTE_PB,D,20211011,000000,30.83,30.83,28.23,30.21,0,0
MTE_PB,D,20211012,000000,30.21,30.21,28.54,29.79,0,0
MTE_PB,D,20211013,000000,29.69,29.69,28.02,29.06,0,0
MTE_PB,D,20211014,000000,29.38,29.38,28.02,28.02,0,0
MTE_PB,D,20211015,000000,28.65,30.63,27.92,29.9,0,0
MTE_PB,D,20211018,000000,29.9,29.9,24.22,27.08,0,0
MTE_PB,D,20211019,000000,26.04,27.08,25.52,25.78,0,0
MTE_PB,D,20211020,000000,25.1,29.48,25.1,27.6,0,0
MTE_PB,D,20211021,000000,27.5,27.5,26.15,27.08,0,0
MTE_PB,D,20211022,000000,26.67,29.06,25.52,27.08,0,0
MTE_PB,D,20211025,000000,28.65,28.85,25.52,27.29,0,0
MTE_PB,D,20211026,000000,27.71,28.65,26.15,28.13,0,0
MTE_PB,D,20211027,000000,28.13,28.13,26.35,27.92,0,0
MTE_PB,D,20211028,000000,27.81,27.81,27.6,27.6,0,0
MTE_PB,D,20211029,000000,27.6,27.81,27.08,27.81,0,0
MTE_PB,D,20211102,000000,27.81,28.02,25.94,27.29,0,0
MTE_PB,D,20211103,000000,27.29,27.29,26.67,27.29,0,0
MTE_PB,D,20211104,000000,27.19,27.29,26.67,27.29,0,0
MTE_PB,D,20211105,000000,27.19,27.19,26.67,26.98,0,0
MTE_PB,D,20211108,000000,26.15,26.77,26.04,26.67,0,0
MTE_PB,D,20211109,000000,26.15,26.77,25.52,26.77,0,0
MTE_PB,D,20211110,000000,26.77,26.77,24.64,24.64,0,0
MTE_PB,D,20211112,000000,26.46,26.46,24.74,25.47,0,0
MTE_PB,D,20211115,000000,25.42,25.42,23.54,24.9,0,0
MTE_PB,D,20211116,000000,26.04,26.88,25.36,25.47,0,0
MTE_PB,D,20211117,000000,25.52,26.67,25.47,26.46,0,0
MTE_PB,D,20211118,000000,26.35,26.35,25,25.52,0,0
MTE_PB,D,20211119,000000,25.52,25.94,24.11,25.47,0,0
MTE_PB,D,20211122,000000,24.53,25.26,23.65,25.26,0,0
MTE_PB,D,20211123,000000,25.26,25.47,25.05,25.26,0,0
MTE_PB,D,20211124,000000,24.64,25.52,24.01,25.52,0,0
MTE_PB,D,20211125,000000,25.52,26.04,24.17,25.42,0,0
MTE_PB,D,20211126,000000,24.32,25.31,23.49,25.31,0,0
MTE_PB,D,20211129,000000,23.49,24.74,22.71,24.74,0,0
MTE_PB,D,20211130,000000,23.23,24.48,23.23,24.48,0,0
MTE_PB,D,20211201,000000,25.16,26.04,23.49,25.31,0,0
MTE_PB,D,20211202,000000,25.36,25.42,1.26,1.26,0,0
MTE_PB,D,20211203,000000,1.23,1.32,1.22,1.31,0,0
MTE_PB,D,20211206,000000,1.31,1.31,1.23,1.23,0,0
MTE_PB,D,20211207,000000,1.25,1.26,1.23,1.26,0,0
MTE_PB,D,20211208,000000,1.26,1.27,1.2,1.26,0,0
MTE_PB,D,20211209,000000,1.23,1.26,1.23,1.26,0,0
MTE_PB,D,20211210,000000,1.25,1.27,1.22,1.27,0,0
MTE_PB,D,20211213,000000,1.2,1.24,1.18,1.24,0,0
MTE_PB,D,20211214,000000,1.19,1.23,1.09,1.19,0,0
MTE_PB,D,20211215,000000,1.17,1.17,1.08,1.11,0,0
MTE_PB,D,20211216,000000,1.09,1.13,1.05,1.09,0,0
MTE_PB,D,20211217,000000,1.05,1.09,1,1.05,0,0
MTE_PB,D,20211220,000000,1.04,1.09,1.01,1.07,0,0
MTE_PB,D,20211221,000000,1.04,1.13,1,1.06,0,0
MTE_PB,D,20211222,000000,1.09,1.12,1.08,1.09,0,0
MTE_PB,D,20211223,000000,1.12,1.14,1.03,1.12,0,0
MTE_PB,D,20211227,000000,1.05,1.09,1.04,1.09,0,0
MTE_PB,D,20211228,000000,0.95,1.09,0.95,1.06,0,0
MTE_PB,D,20211229,000000,0.99,1.01,0.96,1.01,0,0
MTE_PB,D,20211230,000000,1.01,1.11,1.01,1.05,0,0
MTE_PB,D,20220103,000000,1.09,1.09,1.04,1.08,0,0
MTE_PB,D,20220104,000000,1.08,1.25,1.08,1.25,0,0
MTE_PB,D,20220105,000000,1.17,1.37,1.17,1.34,0,0
MTE_PB,D,20220107,000000,1.34,1.34,1.26,1.33,0,0
MTE_PB,D,20220110,000000,1.33,1.36,1.26,1.29,0,0
MTE_PB,D,20220111,000000,1.26,1.34,1.24,1.34,0,0
MTE_PB,D,20220112,000000,1.34,1.34,1.34,1.34,0,0
MTE_PB,D,20220113,000000,1.28,1.33,1.28,1.33,0,0
MTE_PB,D,20220114,000000,1.25,1.33,1.25,1.33,0,0
MTE_PB,D,20220117,000000,1.33,1.34,1.26,1.28,0,0
MTE_PB,D,20220118,000000,1.21,1.27,1.18,1.26,0,0
MTE_PB,D,20220119,000000,1.23,1.26,1.23,1.26,0,0
MTE_PB,D,20220120,000000,1.25,1.25,1.19,1.25,0,0
MTE_PB,D,20220121,000000,1.25,1.25,1.18,1.18,0,0
MTE_PB,D,20220124,000000,1.17,1.17,1.13,1.13,0,0
MTE_PB,D,20220125,000000,1.13,1.14,1.03,1.03,0,0
MTE_PB,D,20220126,000000,1.03,1.11,1.03,1.11,0,0
MTE_PB,D,20220127,000000,1.11,1.17,1.11,1.17,0,0
MTE_PB,D,20220128,000000,1.17,1.18,1.17,1.18,0,0
MTE_PB,D,20220131,000000,1.2,1.2,1.19,1.19,0,0
MTE_PB,D,20220201,000000,1.2,1.2,1.12,1.19,0,0
MTE_PB,D,20220202,000000,1.2,1.2,1.09,1.17,0,0
MTE_PB,D,20220203,000000,1.17,1.18,1.08,1.17,0,0
MTE_PB,D,20220204,000000,1.09,1.17,1.09,1.16,0,0
MTE_PB,D,20220207,000000,1.15,1.15,0.99,1.12,0,0
MTE_PB,D,20220208,000000,1.12,1.12,1.04,1.11,0,0
MTE_PB,D,20220209,000000,1.11,1.14,1.09,1.13,0,0
MTE_PB,D,20220210,000000,1.09,1.13,1.05,1.12,0,0
MTE_PB,D,20220211,000000,1.12,1.12,1.09,1.09,0,0
MTE_PB,D,20220214,000000,1.03,1.08,0.98,1.08,0,0
MTE_PB,D,20220215,000000,1.08,1.08,0.96,1.06,0,0
MTE_PB,D,20220216,000000,1.06,1.07,0.95,1.06,0,0
MTE_PB,D,20220217,000000,1.06,1.06,0.95,0.99,0,0
MTE_PB,D,20220218,000000,0.99,1.02,0.97,1.01,0,0
MTE_PB,D,20220221,000000,1.01,1.01,0.96,1,0,0
MTE_PB,D,20220222,000000,1,1.01,0.93,1,0,0
MTE_PB,D,20220223,000000,1,1.01,1,1.01,0,0
MTE_PB,D,20220224,000000,0.82,0.95,0.82,0.87,0,0
MTE_PB,D,20220225,000000,0.86,0.97,0.86,0.92,0,0
MTE_PB,D,20220228,000000,0.92,0.93,0.85,0.93,0,0
MTE_PB,D,20220301,000000,0.93,0.93,0.84,0.9,0,0
MTE_PB,D,20220302,000000,0.87,0.9,0.72,0.83,0,0
MTE_PB,D,20220303,000000,0.85,0.86,0.8,0.85,0,0
MTE_PB,D,20220304,000000,0.9,0.9,0.85,0.88,0,0
MTE_PB,D,20220307,000000,0.88,0.88,0.8,0.85,0,0
MTE_PB,D,20220308,000000,0.87,1.04,0.85,0.88,0,0
MTE_PB,D,20220309,000000,0.97,0.97,0.85,0.85,0,0
MTE_PB,D,20220310,000000,0.82,0.93,0.82,0.92,0,0
MTE_PB,D,20220311,000000,0.92,0.94,0.88,0.94,0,0
MTE_PB,D,20220314,000000,0.95,0.95,0.94,0.95,0,0
MTE_PB,D,20220315,000000,0.95,1,0.95,1,0,0
MTE_PB,D,20220316,000000,1.03,1.03,0.95,1.03,0,0
MTE_PB,D,20220317,000000,1.03,1.03,0.95,1.02,0,0
MTE_PB,D,20220318,000000,1.05,1.09,0.93,1.01,0,0
MTE_PB,D,20220321,000000,1,1.01,0.98,0.98,0,0
MTE_PB,D,20220322,000000,1,1,0.98,1,0,0
MTE_PB,D,20220323,000000,0.97,0.99,0.93,0.99,0,0
MTE_PB,D,20220324,000000,0.99,1.06,0.93,0.98,0,0
MTE_PB,D,20220325,000000,0.98,1.03,0.95,1.01,0,0
MTE_PB,D,20220328,000000,1.04,1.04,0.95,1,0,0
MTE_PB,D,20220329,000000,1,1,0.96,0.98,0,0
MTE_PB,D,20220330,000000,0.98,1.04,0.98,1.02,0,0
MTE_PB,D,20220331,000000,1.01,1.01,0.99,1.01,0,0
MTE_PB,D,20220401,000000,1.03,1.09,1.01,1.09,0,0
MTE_PB,D,20220404,000000,1.12,1.14,1.09,1.12,0,0
MTE_PB,D,20220405,000000,1.12,1.12,1.03,1.12,0,0
MTE_PB,D,20220406,000000,1.11,1.11,1.02,1.08,0,0
MTE_PB,D,20220407,000000,1.08,1.08,1.03,1.06,0,0
MTE_PB,D,20220408,000000,1.06,1.07,1.02,1.07,0,0
MTE_PB,D,20220411,000000,1.07,1.1,1.05,1.09,0,0
MTE_PB,D,20220412,000000,1.06,1.07,1.04,1.06,0,0
MTE_PB,D,20220413,000000,1.06,1.09,1.04,1.09,0,0
MTE_PB,D,20220414,000000,1.03,1.08,1.03,1.07,0,0
MTE_PB,D,20220419,000000,1.08,1.08,0.97,1.03,0,0
MTE_PB,D,20220420,000000,1.03,1.15,0.98,1.12,0,0
MTE_PB,D,20220421,000000,1.12,1.12,1.11,1.11,0,0
MTE_PB,D,20220422,000000,1.04,1.1,1.01,1.06,0,0
MTE_PB,D,20220425,000000,1.06,1.08,1,1.05,0,0
MTE_PB,D,20220426,000000,1.01,1.07,1.01,1.07,0,0
MTE_PB,D,20220427,000000,1.08,1.12,1.08,1.12,0,0
MTE_PB,D,20220428,000000,1.11,1.11,1.1,1.11,0,0
MTE_PB,D,20220429,000000,1.11,1.14,1.1,1.13,0,0
MTE_PB,D,20220502,000000,1.13,1.18,1.13,1.18,0,0
MTE_PB,D,20220504,000000,1.18,1.18,1.17,1.18,0,0
MTE_PB,D,20220505,000000,1.17,1.17,1.06,1.1,0,0
MTE_PB,D,20220506,000000,1.1,1.1,1.04,1.08,0,0
MTE_PB,D,20220509,000000,1.05,1.08,1.02,1.08,0,0
MTE_PB,D,20220510,000000,1.08,1.14,1.03,1.03,0,0
MTE_PB,D,20220511,000000,1.06,1.06,1.02,1.03,0,0
MTE_PB,D,20220512,000000,1.03,1.05,1.02,1.03,0,0
MTE_PB,D,20220513,000000,1.03,1.05,1.01,1.01,0,0
MTE_PB,D,20220516,000000,1.05,1.06,1,1.06,0,0
MTE_PB,D,20220517,000000,1,1.06,1,1.06,0,0
MTE_PB,D,20220518,000000,1,1.1,1,1.07,0,0
MTE_PB,D,20220519,000000,1.03,1.07,0.99,1.06,0,0
MTE_PB,D,20220520,000000,1.06,1.07,1.01,1.06,0,0
MTE_PB,D,20220523,000000,1.06,1.06,1.06,1.06,0,0
MTE_PB,D,20220524,000000,1.04,1.04,1,1.04,0,0
MTE_PB,D,20220525,000000,1.04,1.05,1.03,1.03,0,0
MTE_PB,D,20220526,000000,0.99,1.03,0.96,1.02,0,0
MTE_PB,D,20220527,000000,1.02,1.02,0.97,1,0,0
MTE_PB,D,20220530,000000,1.01,1.03,0.97,1.01,0,0
MTE_PB,D,20220531,000000,1.01,1.01,0.96,1,0,0
MTE_PB,D,20220601,000000,0.99,1.01,0.96,1,0,0
MTE_PB,D,20220602,000000,1,1,0.93,0.97,0,0
MTE_PB,D,20220603,000000,0.96,0.96,0.93,0.96,0,0
MTE_PB,D,20220606,000000,0.95,0.96,0.87,0.96,0,0
MTE_PB,D,20220607,000000,0.93,0.97,0.9,0.96,0,0
MTE_PB,D,20220608,000000,0.98,0.98,0.93,0.95,0,0
MTE_PB,D,20220609,000000,0.98,0.98,0.98,0.98,0,0
MTE_PB,D,20220610,000000,0.96,0.96,0.9,0.96,0,0
MTE_PB,D,20220613,000000,0.96,0.97,0.91,0.97,0,0
MTE_PB,D,20220614,000000,0.96,0.96,0.96,0.96,0,0
MTE_PB,D,20220615,000000,0.96,0.96,0.9,0.96,0,0
MTE_PB,D,20220617,000000,0.96,0.96,0.96,0.96,0,0
MTE_PB,D,20220620,000000,0.96,0.96,0.95,0.95,0,0
MTE_PB,D,20220621,000000,0.95,0.95,0.95,0.95,0,0
MTE_PB,D,20220622,000000,0.95,0.95,0.9,0.9,0,0
MTE_PB,D,20220623,000000,0.95,0.96,0.95,0.96,0,0
MTE_PB,D,20220624,000000,0.95,0.96,0.92,0.95,0,0
MTE_PB,D,20220627,000000,0.95,0.95,0.89,0.95,0,0
MTE_PB,D,20220628,000000,0.95,1.04,0.91,0.97,0,0
MTE_PB,D,20220629,000000,1.01,1.15,0.97,1.13,0,0
MTE_PB,D,20220630,000000,1.15,1.28,1.12,1.18,0,0
MTE_PB,D,20220701,000000,1.19,1.19,1.08,1.16,0,0
MTE_PB,D,20220704,000000,1.07,1.16,1.03,1.08,0,0
MTE_PB,D,20220705,000000,1.07,1.07,1.07,1.07,0,0
MTE_PB,D,20220706,000000,1.08,1.1,1.08,1.1,0,0
MTE_PB,D,20220707,000000,1.1,1.1,1.03,1.07,0,0
MTE_PB,D,20220708,000000,1.05,1.07,1.04,1.07,0,0
MTE_PB,D,20220711,000000,1.06,1.06,1.02,1.04,0,0
MTE_PB,D,20220712,000000,1.04,1.05,0.99,1,0,0
MTE_PB,D,20220713,000000,1.04,1.04,0.98,1,0,0
MTE_PB,D,20220714,000000,1,1.05,0.97,1.05,0,0
MTE_PB,D,20220715,000000,1.05,1.05,1.02,1.04,0,0
MTE_PB,D,20220718,000000,1.05,1.05,1,1.03,0,0
MTE_PB,D,20220719,000000,1.03,1.07,1.03,1.04,0,0
MTE_PB,D,20220720,000000,1.07,1.07,1.01,1.04,0,0
MTE_PB,D,20220721,000000,1.06,1.06,0.98,1.03,0,0
MTE_PB,D,20220722,000000,1.01,1.09,1.01,1.06,0,0
MTE_PB,D,20220725,000000,1.07,1.07,1.01,1.07,0,0
MTE_PB,D,20220726,000000,1.06,1.32,1.06,1.21,0,0
MTE_PB,D,20220727,000000,1.16,1.21,1.12,1.12,0,0
MTE_PB,D,20220728,000000,1.18,1.21,1.17,1.21,0,0
MTE_PB,D,20220729,000000,1.23,1.28,1.21,1.26,0,0
MTE_PB,D,20220801,000000,1.25,1.28,1.24,1.25,0,0
MTE_PB,D,20220802,000000,1.25,1.25,1.18,1.24,0,0
MTE_PB,D,20220803,000000,1.23,1.23,1.17,1.21,0,0
MTE_PB,D,20220804,000000,1.23,1.23,1.18,1.18,0,0
MTE_PB,D,20220805,000000,1.18,1.29,1.18,1.28,0,0
MTE_PB,D,20220808,000000,1.3,1.38,1.3,1.34,0,0
MTE_PB,D,20220809,000000,1.38,1.46,1.34,1.4,0,0
MTE_PB,D,20220810,000000,1.55,1.78,1.55,1.72,0,0
MTE_PB,D,20220811,000000,1.78,1.78,1.59,1.73,0,0
MTE_PB,D,20220812,000000,1.74,1.74,1.55,1.65,0,0
MTE_PB,D,20220816,000000,1.69,1.69,1.51,1.51,0,0
MTE_PB,D,20220817,000000,1.46,1.6,1.46,1.52,0,0
MTE_PB,D,20220818,000000,1.6,1.65,1.57,1.6,0,0
MTE_PB,D,20220819,000000,1.6,1.6,1.53,1.57,0,0
MTE_PB,D,20220822,000000,1.6,1.6,1.46,1.51,0,0
MTE_PB,D,20220823,000000,1.51,1.6,1.48,1.6,0,0
MTE_PB,D,20220824,000000,1.6,1.69,1.58,1.69,0,0
MTE_PB,D,20220825,000000,1.71,1.89,1.64,1.7,0,0
MTE_PB,D,20220826,000000,1.71,1.75,1.58,1.58,0,0
MTE_PB,D,20220829,000000,1.63,1.63,1.46,1.46,0,0
MTE_PB,D,20220830,000000,1.5,1.64,1.43,1.61,0,0
MTE_PB,D,20220831,000000,1.55,1.55,1.46,1.49,0,0
MTE_PB,D,20220901,000000,1.49,1.49,1.45,1.45,0,0
MTE_PB,D,20220902,000000,1.49,1.49,1.37,1.43,0,0
MTE_PB,D,20220905,000000,1.43,1.43,1.26,1.31,0,0
