<TICKER>,<PER>,<DATE>,<TIME>,<OPEN>,<HIGH>,<LOW>,<CLOSE>,<VOL>,<OPENINT>
OML_MV,D,20120829,000000,6.95,6.95,6.95,6.95,0,0
OML_MV,D,20120830,000000,5.93,6.95,5.93,6.95,0,0
OML_MV,D,20120911,000000,7,7,6.95,6.95,0,0
OML_MV,D,20120912,000000,6.63,6.63,5.77,6.3,0,0
OML_MV,D,20120913,000000,6.3,6.36,6.3,6.36,0,0
OML_MV,D,20120914,000000,6.36,6.68,6.36,6.68,0,0
OML_MV,D,20120917,000000,6.84,6.84,6.84,6.84,0,0
OML_MV,D,20120918,000000,6.84,6.95,6.84,6.95,0,0
OML_MV,D,20120919,000000,7,7,7,7,0,0
OML_MV,D,20120920,000000,7,7,6.57,6.57,0,0
OML_MV,D,20120921,000000,6.63,6.84,6.63,6.84,0,0
OML_MV,D,20120924,000000,6.84,6.89,6.63,6.89,0,0
OML_MV,D,20120925,000000,6.89,7.21,6.89,7.21,0,0
OML_MV,D,20120926,000000,7.21,8.01,7.21,8.01,0,0
OML_MV,D,20120927,000000,8.01,8.44,8.01,8.12,0,0
OML_MV,D,20120928,000000,8.33,8.55,7.48,8.55,0,0
OML_MV,D,20121001,000000,8.55,8.55,8.55,8.55,0,0
OML_MV,D,20121002,000000,8.55,8.55,7.8,7.91,0,0
OML_MV,D,20121004,000000,8.55,8.55,8.55,8.55,0,0
OML_MV,D,20121005,000000,8.55,8.55,7.05,7.69,0,0
OML_MV,D,20121008,000000,7.21,7.21,6.95,6.95,0,0
OML_MV,D,20121009,000000,6.95,6.95,6.79,6.79,0,0
OML_MV,D,20121010,000000,6.79,6.79,6.79,6.79,0,0
OML_MV,D,20121011,000000,6.79,6.79,5.93,6.14,0,0
OML_MV,D,20121012,000000,6.41,6.63,6.41,6.63,0,0
OML_MV,D,20121015,000000,6.63,6.84,6.63,6.84,0,0
OML_MV,D,20121016,000000,6.89,6.89,6.89,6.89,0,0
OML_MV,D,20121017,000000,6.89,6.89,6.89,6.89,0,0
OML_MV,D,20121018,000000,6.89,6.89,6.89,6.89,0,0
OML_MV,D,20121019,000000,6.89,6.89,6.89,6.89,0,0
OML_MV,D,20121022,000000,6.89,6.89,6.89,6.89,0,0
OML_MV,D,20121023,000000,6.89,6.89,6.84,6.84,0,0
OML_MV,D,20121024,000000,6.89,6.89,6.89,6.89,0,0
OML_MV,D,20121025,000000,6.89,6.89,6.89,6.89,0,0
OML_MV,D,20121026,000000,6.89,6.89,6.89,6.89,0,0
OML_MV,D,20121029,000000,6.89,6.89,6.89,6.89,0,0
OML_MV,D,20121030,000000,6.89,6.89,6.84,6.84,0,0
OML_MV,D,20121102,000000,6.89,6.89,6.89,6.89,0,0
OML_MV,D,20121105,000000,6.89,6.89,6.89,6.89,0,0
OML_MV,D,20121106,000000,6.89,6.89,6.89,6.89,0,0
OML_MV,D,20121107,000000,6.89,6.89,6.89,6.89,0,0
OML_MV,D,20121108,000000,6.89,6.89,6.89,6.89,0,0
OML_MV,D,20121109,000000,6.89,6.89,6.89,6.89,0,0
OML_MV,D,20121112,000000,6.89,6.89,6.89,6.89,0,0
OML_MV,D,20121113,000000,6.89,6.89,6.89,6.89,0,0
OML_MV,D,20121114,000000,6.89,6.89,6.89,6.89,0,0
OML_MV,D,20121115,000000,6.89,6.89,6.89,6.89,0,0
OML_MV,D,20121116,000000,6.89,6.89,6.89,6.89,0,0
OML_MV,D,20121119,000000,6.89,6.89,6.89,6.89,0,0
OML_MV,D,20121120,000000,6.89,6.89,6.89,6.89,0,0
OML_MV,D,20121121,000000,6.89,6.89,6.89,6.89,0,0
OML_MV,D,20121122,000000,6.89,6.89,6.89,6.89,0,0
OML_MV,D,20121204,000000,6.89,6.89,6.89,6.89,0,0
OML_MV,D,20130125,000000,6.41,6.41,6.36,6.36,0,0
OML_MV,D,20130128,000000,6.63,6.63,6.63,6.63,0,0
OML_MV,D,20130130,000000,6.3,6.3,6.14,6.14,0,0
OML_MV,D,20130131,000000,6.14,6.14,6.14,6.14,0,0
OML_MV,D,20130201,000000,6.14,6.14,6.14,6.14,0,0
OML_MV,D,20130204,000000,6.14,6.14,5.5,5.5,0,0
OML_MV,D,20130205,000000,5.56,5.61,5.34,5.61,0,0
OML_MV,D,20130314,000000,5.34,5.61,5.18,5.61,0,0
OML_MV,D,20130321,000000,5.61,5.61,5.61,5.61,0,0
OML_MV,D,20130322,000000,5.61,5.61,5.61,5.61,0,0
OML_MV,D,20130325,000000,5.77,5.82,5.77,5.82,0,0
OML_MV,D,20130326,000000,5.82,5.82,5.82,5.82,0,0
OML_MV,D,20130328,000000,5.82,5.82,5.82,5.82,0,0
OML_MV,D,20130402,000000,5.82,5.82,5.72,5.72,0,0
OML_MV,D,20130403,000000,5.77,5.82,5.77,5.82,0,0
OML_MV,D,20130405,000000,5.82,5.82,5.82,5.82,0,0
OML_MV,D,20130408,000000,5.82,5.82,5.82,5.82,0,0
OML_MV,D,20130410,000000,5.82,5.82,5.82,5.82,0,0
OML_MV,D,20130422,000000,5.82,5.82,5.82,5.82,0,0
OML_MV,D,20130529,000000,5.82,5.82,5.82,5.82,0,0
OML_MV,D,20130603,000000,5.82,5.82,5.82,5.82,0,0
OML_MV,D,20130604,000000,5.82,5.82,5.82,5.82,0,0
OML_MV,D,20130617,000000,5.88,5.93,5.88,5.93,0,0
OML_MV,D,20130717,000000,6.14,6.14,6.14,6.14,0,0
OML_MV,D,20130722,000000,6.2,6.2,6.2,6.2,0,0
OML_MV,D,20130723,000000,6.2,6.2,6.2,6.2,0,0
OML_MV,D,20130724,000000,6.2,6.2,6.2,6.2,0,0
OML_MV,D,20130725,000000,6.2,6.2,6.2,6.2,0,0
OML_MV,D,20130726,000000,6.14,6.14,6.14,6.14,0,0
OML_MV,D,20130729,000000,6.2,6.2,6.2,6.2,0,0
OML_MV,D,20130730,000000,6.2,6.2,6.2,6.2,0,0
OML_MV,D,20130731,000000,6.2,6.2,6.2,6.2,0,0
OML_MV,D,20130802,000000,6.2,6.2,6.2,6.2,0,0
OML_MV,D,20130805,000000,6.2,6.2,6.2,6.2,0,0
OML_MV,D,20130808,000000,6.2,6.2,6.2,6.2,0,0
OML_MV,D,20130812,000000,6.2,6.2,6.2,6.2,0,0
OML_MV,D,20130813,000000,6.2,6.2,6.2,6.2,0,0
OML_MV,D,20130816,000000,6.2,6.2,6.2,6.2,0,0
OML_MV,D,20130819,000000,6.2,6.2,6.2,6.2,0,0
OML_MV,D,20130820,000000,6.2,6.2,6.2,6.2,0,0
OML_MV,D,20130821,000000,6.2,6.2,6.2,6.2,0,0
OML_MV,D,20130822,000000,6.2,6.2,6.2,6.2,0,0
OML_MV,D,20130823,000000,6.2,6.2,6.2,6.2,0,0
OML_MV,D,20130826,000000,6.2,6.2,6.2,6.2,0,0
OML_MV,D,20130827,000000,6.2,6.2,6.2,6.2,0,0
OML_MV,D,20130828,000000,6.2,6.2,6.2,6.2,0,0
OML_MV,D,20130829,000000,6.2,6.2,6.2,6.2,0,0
OML_MV,D,20130830,000000,6.2,6.2,6.2,6.2,0,0
OML_MV,D,20130905,000000,6.2,6.2,6.2,6.2,0,0
OML_MV,D,20130906,000000,6.2,6.2,6.2,6.2,0,0
OML_MV,D,20130909,000000,6.2,6.2,6.2,6.2,0,0
OML_MV,D,20130910,000000,6.2,6.2,6.2,6.2,0,0
OML_MV,D,20130911,000000,6.2,6.2,6.2,6.2,0,0
OML_MV,D,20130912,000000,6.2,6.2,6.2,6.2,0,0
OML_MV,D,20130913,000000,6.2,6.2,6.2,6.2,0,0
OML_MV,D,20130916,000000,6.2,6.2,6.2,6.2,0,0
OML_MV,D,20130917,000000,6.2,6.2,6.2,6.2,0,0
OML_MV,D,20130918,000000,6.2,6.2,6.2,6.2,0,0
OML_MV,D,20130924,000000,6.25,6.25,6.25,6.25,0,0
OML_MV,D,20130930,000000,6.25,6.25,6.25,6.25,0,0
OML_MV,D,20131003,000000,6.25,6.25,5.88,5.88,0,0
OML_MV,D,20131021,000000,6.07,6.07,6.07,6.07,0,0
OML_MV,D,20131022,000000,6.07,6.07,6.07,6.07,0,0
OML_MV,D,20131023,000000,6.07,6.07,6.07,6.07,0,0
OML_MV,D,20131024,000000,6.07,6.07,6.07,6.07,0,0
OML_MV,D,20131025,000000,6.07,6.07,6.07,6.07,0,0
OML_MV,D,20131028,000000,6.07,6.07,6.07,6.07,0,0
OML_MV,D,20131029,000000,6.07,6.07,6.07,6.07,0,0
OML_MV,D,20131030,000000,6.07,6.07,6.07,6.07,0,0
OML_MV,D,20131031,000000,6.07,6.07,6.07,6.07,0,0
OML_MV,D,20131104,000000,6.07,6.07,6.07,6.07,0,0
OML_MV,D,20131105,000000,6.07,6.07,6.07,6.07,0,0
OML_MV,D,20131106,000000,6.07,6.07,6.07,6.07,0,0
OML_MV,D,20131107,000000,6.07,6.07,6.07,6.07,0,0
OML_MV,D,20131108,000000,6.07,6.07,6.07,6.07,0,0
OML_MV,D,20131112,000000,6.07,6.07,5.79,5.79,0,0
OML_MV,D,20131114,000000,5.68,5.68,5.68,5.68,0,0
OML_MV,D,20131115,000000,5.68,5.68,5.68,5.68,0,0
OML_MV,D,20131118,000000,5.68,5.68,5.68,5.68,0,0
OML_MV,D,20131119,000000,5.68,5.68,5.68,5.68,0,0
OML_MV,D,20131120,000000,5.68,5.68,5.68,5.68,0,0
OML_MV,D,20131121,000000,5.68,5.68,5.68,5.68,0,0
OML_MV,D,20131122,000000,5.68,5.68,5.68,5.68,0,0
OML_MV,D,20131125,000000,5.68,5.68,5.68,5.68,0,0
OML_MV,D,20131126,000000,5.68,5.68,5.68,5.68,0,0
OML_MV,D,20131127,000000,5.68,5.68,5.68,5.68,0,0
OML_MV,D,20131128,000000,5.68,5.68,5.68,5.68,0,0
OML_MV,D,20131129,000000,5.68,5.68,5.68,5.68,0,0
OML_MV,D,20131202,000000,5.68,5.68,5.68,5.68,0,0
OML_MV,D,20131203,000000,5.68,5.68,5.68,5.68,0,0
OML_MV,D,20131204,000000,5.68,5.68,5.68,5.68,0,0
OML_MV,D,20131205,000000,5.68,5.68,5.68,5.68,0,0
OML_MV,D,20131206,000000,5.68,5.68,5.68,5.68,0,0
OML_MV,D,20131209,000000,5.68,5.68,4.96,4.96,0,0
OML_MV,D,20131210,000000,5.13,5.13,5.13,5.13,0,0
OML_MV,D,20140102,000000,4.85,4.85,4.85,4.85,0,0
OML_MV,D,20140228,000000,4.85,4.85,4.85,4.85,0,0
OML_MV,D,20140305,000000,4.85,4.85,4.85,4.85,0,0
OML_MV,D,20140306,000000,4.8,4.8,4.8,4.8,0,0
OML_MV,D,20140307,000000,4.8,4.8,4.8,4.8,0,0
OML_MV,D,20140310,000000,4.74,4.74,4.08,4.08,0,0
OML_MV,D,20140311,000000,4.08,4.08,3.31,3.31,0,0
OML_MV,D,20140401,000000,3.31,3.31,3.31,3.31,0,0
OML_MV,D,20140514,000000,3.42,3.42,3.42,3.42,0,0
OML_MV,D,20140515,000000,3.48,3.48,3.48,3.48,0,0
OML_MV,D,20140516,000000,3.48,3.48,3.48,3.48,0,0
OML_MV,D,20140519,000000,3.48,3.48,3.42,3.42,0,0
OML_MV,D,20140520,000000,3.48,3.48,3.48,3.48,0,0
OML_MV,D,20140521,000000,3.48,3.48,3.48,3.48,0,0
OML_MV,D,20140522,000000,3.48,3.48,3.48,3.48,0,0
OML_MV,D,20140523,000000,3.48,3.48,3.48,3.48,0,0
OML_MV,D,20140526,000000,3.42,3.42,3.42,3.42,0,0
OML_MV,D,20140527,000000,3.48,3.48,3.48,3.48,0,0
OML_MV,D,20140528,000000,3.48,3.48,3.48,3.48,0,0
OML_MV,D,20140529,000000,3.48,3.48,3.48,3.48,0,0
OML_MV,D,20140530,000000,3.48,3.48,3.48,3.48,0,0
OML_MV,D,20140610,000000,3.53,3.53,3.53,3.53,0,0
OML_MV,D,20140708,000000,3.53,3.53,3.53,3.53,0,0
OML_MV,D,20140805,000000,3.31,3.31,2.65,2.65,0,0
OML_MV,D,20140811,000000,2.54,2.54,2.1,2.1,0,0
OML_MV,D,20140812,000000,1.93,1.93,1.65,1.65,0,0
OML_MV,D,20140813,000000,1.43,1.43,1.16,1.16,0,0
OML_MV,D,20140910,000000,1.21,1.21,1.21,1.21,0,0
OML_MV,D,20140911,000000,1.21,1.21,1.21,1.21,0,0
OML_MV,D,20140912,000000,1.21,1.21,1.21,1.21,0,0
OML_MV,D,20140915,000000,1.21,1.21,1.21,1.21,0,0
OML_MV,D,20140916,000000,1.21,1.21,1.21,1.21,0,0
OML_MV,D,20140917,000000,1.21,1.21,1.21,1.21,0,0
OML_MV,D,20140919,000000,1.21,1.21,1.21,1.21,0,0
OML_MV,D,20140922,000000,1.21,1.21,1.21,1.21,0,0
OML_MV,D,20140923,000000,1.21,1.21,1.21,1.21,0,0
OML_MV,D,20140924,000000,1.21,1.21,1.21,1.21,0,0
OML_MV,D,20140925,000000,1.21,1.21,1.21,1.21,0,0
OML_MV,D,20140926,000000,1.21,1.21,1.21,1.21,0,0
OML_MV,D,20140929,000000,1.21,1.21,1.21,1.21,0,0
OML_MV,D,20141117,000000,1.32,1.49,1.32,1.49,0,0
OML_MV,D,20141202,000000,1.49,1.49,1.49,1.49,0,0
OML_MV,D,20141203,000000,1.49,1.49,1.49,1.49,0,0
OML_MV,D,20141204,000000,1.49,1.49,1.49,1.49,0,0
OML_MV,D,20141205,000000,1.49,1.49,1.49,1.49,0,0
OML_MV,D,20141208,000000,1.49,1.49,1.49,1.49,0,0
OML_MV,D,20141209,000000,1.49,1.49,1.49,1.49,0,0
OML_MV,D,20141210,000000,1.49,1.49,1.49,1.49,0,0
OML_MV,D,20141211,000000,1.49,1.49,1.49,1.49,0,0
OML_MV,D,20141212,000000,1.49,1.49,1.49,1.49,0,0
OML_MV,D,20141215,000000,1.49,1.49,1.49,1.49,0,0
OML_MV,D,20141216,000000,1.49,1.49,1.49,1.49,0,0
OML_MV,D,20141217,000000,1.49,1.49,1.49,1.49,0,0
OML_MV,D,20141218,000000,1.49,1.49,1.49,1.49,0,0
OML_MV,D,20141219,000000,1.49,1.49,1.49,1.49,0,0
OML_MV,D,20141222,000000,1.49,1.49,1.49,1.49,0,0
OML_MV,D,20141223,000000,1.49,1.59,1.49,1.59,0,0
OML_MV,D,20141229,000000,1.6,1.6,1.6,1.6,0,0
OML_MV,D,20141230,000000,1.6,1.6,1.6,1.6,0,0
OML_MV,D,20150105,000000,1.68,1.68,1.68,1.68,0,0
OML_MV,D,20150107,000000,1.68,1.68,1.68,1.68,0,0
OML_MV,D,20150109,000000,1.68,1.68,1.68,1.68,0,0
OML_MV,D,20150112,000000,1.68,1.68,1.68,1.68,0,0
OML_MV,D,20150113,000000,1.68,1.68,1.68,1.68,0,0
OML_MV,D,20150114,000000,1.68,1.68,1.68,1.68,0,0
OML_MV,D,20150115,000000,1.68,1.68,1.68,1.68,0,0
OML_MV,D,20150116,000000,1.68,1.68,1.68,1.68,0,0
OML_MV,D,20150119,000000,1.68,1.68,1.68,1.68,0,0
OML_MV,D,20150120,000000,1.68,1.68,1.68,1.68,0,0
OML_MV,D,20150121,000000,1.68,1.68,1.68,1.68,0,0
OML_MV,D,20150122,000000,1.68,1.68,1.68,1.68,0,0
OML_MV,D,20150123,000000,1.68,1.68,1.68,1.68,0,0
OML_MV,D,20150126,000000,1.68,1.68,1.68,1.68,0,0
OML_MV,D,20150127,000000,1.68,1.68,1.68,1.68,0,0
OML_MV,D,20150128,000000,1.68,1.68,1.68,1.68,0,0
OML_MV,D,20150129,000000,1.68,1.68,1.68,1.68,0,0
OML_MV,D,20150130,000000,1.68,1.68,1.68,1.68,0,0
OML_MV,D,20150202,000000,1.7,1.7,1.7,1.7,0,0
OML_MV,D,20150203,000000,1.7,1.7,1.7,1.7,0,0
OML_MV,D,20150204,000000,1.7,1.7,1.7,1.7,0,0
OML_MV,D,20150205,000000,1.7,1.7,1.7,1.7,0,0
OML_MV,D,20150206,000000,1.7,1.7,1.7,1.7,0,0
OML_MV,D,20150209,000000,1.7,1.7,1.7,1.7,0,0
OML_MV,D,20150210,000000,1.7,1.7,1.7,1.7,0,0
OML_MV,D,20150211,000000,1.7,1.7,1.7,1.7,0,0
OML_MV,D,20150212,000000,1.7,1.7,1.7,1.7,0,0
OML_MV,D,20150213,000000,1.7,1.71,1.7,1.71,0,0
OML_MV,D,20150216,000000,1.7,1.7,1.7,1.7,0,0
OML_MV,D,20150217,000000,1.7,1.7,1.7,1.7,0,0
OML_MV,D,20150218,000000,1.7,1.7,1.7,1.7,0,0
OML_MV,D,20150219,000000,1.7,1.7,1.7,1.7,0,0
OML_MV,D,20150220,000000,1.7,1.7,1.7,1.7,0,0
OML_MV,D,20150223,000000,1.7,1.7,1.7,1.7,0,0
OML_MV,D,20150224,000000,1.7,1.7,1.7,1.7,0,0
OML_MV,D,20150225,000000,1.7,1.7,1.7,1.7,0,0
OML_MV,D,20150226,000000,1.7,1.7,1.7,1.7,0,0
OML_MV,D,20150227,000000,1.7,1.7,1.7,1.7,0,0
OML_MV,D,20150626,000000,1.79,1.79,1.79,1.79,0,0
OML_MV,D,20150629,000000,1.79,1.79,1.79,1.79,0,0
OML_MV,D,20150630,000000,1.79,1.79,1.79,1.79,0,0
OML_MV,D,20150701,000000,1.79,1.79,1.79,1.79,0,0
OML_MV,D,20150702,000000,1.79,1.79,1.79,1.79,0,0
OML_MV,D,20150703,000000,1.79,1.79,1.79,1.79,0,0
OML_MV,D,20150706,000000,1.79,1.79,1.79,1.79,0,0
OML_MV,D,20150707,000000,1.79,1.79,1.79,1.79,0,0
OML_MV,D,20150708,000000,1.79,1.79,1.79,1.79,0,0
OML_MV,D,20150709,000000,1.79,1.79,1.79,1.79,0,0
OML_MV,D,20150710,000000,1.79,1.79,1.79,1.79,0,0
OML_MV,D,20150713,000000,1.79,1.79,1.79,1.79,0,0
OML_MV,D,20150714,000000,1.79,1.79,1.79,1.79,0,0
OML_MV,D,20150715,000000,1.79,1.79,1.79,1.79,0,0
OML_MV,D,20150716,000000,1.79,1.79,1.79,1.79,0,0
OML_MV,D,20150717,000000,1.79,1.79,1.79,1.79,0,0
OML_MV,D,20150721,000000,1.79,1.79,1.79,1.79,0,0
OML_MV,D,20150722,000000,1.79,1.79,1.79,1.79,0,0
OML_MV,D,20150723,000000,1.79,1.79,1.79,1.79,0,0
OML_MV,D,20150724,000000,1.79,1.79,1.79,1.79,0,0
OML_MV,D,20150727,000000,1.79,1.79,1.79,1.79,0,0
OML_MV,D,20150728,000000,1.79,1.79,1.79,1.79,0,0
OML_MV,D,20150729,000000,1.79,1.79,1.79,1.79,0,0
OML_MV,D,20150730,000000,1.79,1.79,1.79,1.79,0,0
OML_MV,D,20150731,000000,1.79,1.79,1.79,1.79,0,0
OML_MV,D,20150803,000000,1.77,1.77,1.77,1.77,0,0
OML_MV,D,20150804,000000,1.77,1.77,1.77,1.77,0,0
OML_MV,D,20150805,000000,1.77,1.77,1.77,1.77,0,0
OML_MV,D,20150806,000000,1.77,1.77,1.77,1.77,0,0
OML_MV,D,20150807,000000,1.77,1.77,1.77,1.77,0,0
OML_MV,D,20150810,000000,1.77,1.77,1.77,1.77,0,0
OML_MV,D,20150811,000000,1.77,1.77,1.77,1.77,0,0
OML_MV,D,20150812,000000,1.77,1.77,1.77,1.77,0,0
OML_MV,D,20150813,000000,1.77,1.77,1.77,1.77,0,0
OML_MV,D,20150814,000000,1.77,1.77,1.77,1.77,0,0
OML_MV,D,20150831,000000,1.77,1.77,1.77,1.77,0,0
OML_MV,D,20151027,000000,1.77,1.77,1.77,1.77,0,0
OML_MV,D,20151028,000000,1.77,1.77,1.77,1.77,0,0
OML_MV,D,20151029,000000,1.77,1.77,1.77,1.77,0,0
OML_MV,D,20151030,000000,1.77,1.77,1.77,1.77,0,0
OML_MV,D,20151102,000000,1.77,1.77,1.77,1.77,0,0
OML_MV,D,20151103,000000,1.77,1.77,1.77,1.77,0,0
OML_MV,D,20151104,000000,1.77,1.77,1.77,1.77,0,0
OML_MV,D,20151105,000000,1.77,1.77,1.77,1.77,0,0
OML_MV,D,20151106,000000,1.77,1.77,1.77,1.77,0,0
OML_MV,D,20151110,000000,1.77,1.77,1.77,1.77,0,0
OML_MV,D,20151112,000000,1.77,1.77,1.77,1.77,0,0
OML_MV,D,20151113,000000,1.77,1.77,1.77,1.77,0,0
OML_MV,D,20151116,000000,1.77,1.77,1.77,1.77,0,0
OML_MV,D,20151117,000000,1.77,1.77,1.77,1.77,0,0
OML_MV,D,20151118,000000,1.77,1.77,1.77,1.77,0,0
OML_MV,D,20151119,000000,1.77,1.77,1.77,1.77,0,0
OML_MV,D,20151120,000000,1.77,1.77,1.77,1.77,0,0
OML_MV,D,20151123,000000,1.77,1.77,1.77,1.77,0,0
OML_MV,D,20151124,000000,1.77,1.77,1.77,1.77,0,0
OML_MV,D,20151126,000000,1.78,1.78,1.78,1.78,0,0
OML_MV,D,20151127,000000,1.78,1.78,1.78,1.78,0,0
OML_MV,D,20151130,000000,1.78,1.78,1.78,1.78,0,0
OML_MV,D,20151214,000000,1.72,1.72,1.7,1.7,0,0
OML_MV,D,20160308,000000,1.73,1.73,1.73,1.73,0,0
OML_MV,D,20160309,000000,1.73,1.73,1.73,1.73,0,0
OML_MV,D,20160310,000000,1.73,1.73,1.73,1.73,0,0
OML_MV,D,20160311,000000,1.73,1.73,1.73,1.73,0,0
OML_MV,D,20160315,000000,1.73,1.73,1.73,1.73,0,0
OML_MV,D,20160316,000000,1.73,1.73,1.73,1.73,0,0
OML_MV,D,20160317,000000,1.73,1.73,1.73,1.73,0,0
OML_MV,D,20160318,000000,1.73,1.73,1.73,1.73,0,0
OML_MV,D,20160321,000000,1.73,1.73,1.73,1.73,0,0
OML_MV,D,20160322,000000,1.73,1.73,1.73,1.73,0,0
OML_MV,D,20160323,000000,1.73,1.73,1.73,1.73,0,0
OML_MV,D,20160324,000000,1.73,1.73,1.73,1.73,0,0
OML_MV,D,20160329,000000,1.73,1.73,1.73,1.73,0,0
OML_MV,D,20160330,000000,1.73,1.73,1.73,1.73,0,0
OML_MV,D,20160331,000000,1.73,1.73,1.73,1.73,0,0
OML_MV,D,20160404,000000,1.73,1.73,1.73,1.73,0,0
OML_MV,D,20160405,000000,1.73,1.73,1.73,1.73,0,0
OML_MV,D,20160406,000000,1.73,1.73,1.73,1.73,0,0
OML_MV,D,20160408,000000,1.73,1.73,1.73,1.73,0,0
OML_MV,D,20160411,000000,1.73,1.73,1.73,1.73,0,0
OML_MV,D,20160412,000000,1.73,1.73,1.73,1.73,0,0
OML_MV,D,20160413,000000,1.73,1.73,1.73,1.73,0,0
OML_MV,D,20160414,000000,1.73,1.73,1.73,1.73,0,0
OML_MV,D,20160415,000000,1.73,1.73,1.73,1.73,0,0
OML_MV,D,20160418,000000,1.73,1.73,1.73,1.73,0,0
OML_MV,D,20160419,000000,1.73,1.73,1.73,1.73,0,0
OML_MV,D,20160420,000000,1.73,1.73,1.73,1.73,0,0
OML_MV,D,20160421,000000,1.73,1.73,1.73,1.73,0,0
OML_MV,D,20160422,000000,1.73,1.73,1.73,1.73,0,0
OML_MV,D,20160425,000000,1.73,1.73,1.73,1.73,0,0
OML_MV,D,20160426,000000,1.73,1.73,1.73,1.73,0,0
OML_MV,D,20160427,000000,1.73,1.73,1.73,1.73,0,0
OML_MV,D,20160428,000000,1.73,1.73,1.73,1.73,0,0
OML_MV,D,20160502,000000,1.73,1.73,1.73,1.73,0,0
OML_MV,D,20160505,000000,1.73,1.73,1.73,1.73,0,0
OML_MV,D,20160506,000000,1.73,1.73,1.73,1.73,0,0
OML_MV,D,20160509,000000,1.73,1.73,1.73,1.73,0,0
OML_MV,D,20160510,000000,1.73,1.73,1.73,1.73,0,0
OML_MV,D,20160511,000000,1.73,1.73,1.73,1.73,0,0
OML_MV,D,20160512,000000,1.73,1.73,1.73,1.73,0,0
OML_MV,D,20160513,000000,1.73,1.73,1.73,1.73,0,0
OML_MV,D,20160516,000000,1.73,1.73,1.73,1.73,0,0
OML_MV,D,20160517,000000,1.73,1.73,1.73,1.73,0,0
OML_MV,D,20160518,000000,1.73,1.73,1.73,1.73,0,0
OML_MV,D,20160519,000000,1.73,1.73,1.73,1.73,0,0
OML_MV,D,20160520,000000,1.73,1.73,1.73,1.73,0,0
OML_MV,D,20160523,000000,1.73,1.73,1.73,1.73,0,0
OML_MV,D,20160524,000000,1.73,1.73,1.73,1.73,0,0
OML_MV,D,20160525,000000,1.73,1.73,1.73,1.73,0,0
OML_MV,D,20160527,000000,1.73,1.73,1.73,1.73,0,0
OML_MV,D,20160530,000000,1.73,1.73,1.73,1.73,0,0
OML_MV,D,20160531,000000,1.73,1.73,1.73,1.73,0,0
OML_MV,D,20160606,000000,1.77,1.77,1.77,1.77,0,0
OML_MV,D,20160607,000000,1.77,1.77,1.77,1.77,0,0
OML_MV,D,20160608,000000,1.77,1.77,1.77,1.77,0,0
OML_MV,D,20160609,000000,1.77,1.77,1.77,1.77,0,0
OML_MV,D,20160610,000000,1.77,1.77,1.77,1.77,0,0
OML_MV,D,20160613,000000,1.77,1.77,1.77,1.77,0,0
OML_MV,D,20160614,000000,1.77,1.77,1.77,1.77,0,0
OML_MV,D,20160615,000000,1.77,1.77,1.77,1.77,0,0
OML_MV,D,20160616,000000,1.77,1.77,1.77,1.77,0,0
OML_MV,D,20160617,000000,1.77,1.77,1.77,1.77,0,0
OML_MV,D,20160620,000000,1.77,1.77,1.77,1.77,0,0
OML_MV,D,20160622,000000,1.77,1.77,1.77,1.77,0,0
OML_MV,D,20160623,000000,1.77,1.77,1.77,1.77,0,0
OML_MV,D,20160624,000000,1.77,1.77,1.77,1.77,0,0
OML_MV,D,20160627,000000,1.77,1.77,1.77,1.77,0,0
OML_MV,D,20160628,000000,1.77,1.77,1.76,1.76,0,0
OML_MV,D,20160629,000000,1.77,1.77,1.77,1.77,0,0
OML_MV,D,20160630,000000,1.77,1.77,1.77,1.77,0,0
OML_MV,D,20160721,000000,1.77,1.77,1.77,1.77,0,0
OML_MV,D,20160722,000000,1.77,1.77,1.77,1.77,0,0
OML_MV,D,20160725,000000,1.77,1.77,1.77,1.77,0,0
OML_MV,D,20160726,000000,1.77,1.77,1.77,1.77,0,0
OML_MV,D,20160728,000000,1.77,1.77,1.77,1.77,0,0
OML_MV,D,20160729,000000,1.77,1.77,1.77,1.77,0,0
OML_MV,D,20160801,000000,1.77,1.77,1.77,1.77,0,0
OML_MV,D,20160803,000000,1.77,1.77,1.77,1.77,0,0
OML_MV,D,20160805,000000,1.77,1.77,1.77,1.77,0,0
OML_MV,D,20160808,000000,1.77,1.77,1.77,1.77,0,0
OML_MV,D,20160809,000000,1.77,1.77,1.77,1.77,0,0
OML_MV,D,20160810,000000,1.77,1.77,1.77,1.77,0,0
OML_MV,D,20160811,000000,1.77,1.77,1.77,1.77,0,0
OML_MV,D,20160812,000000,1.77,1.77,1.77,1.77,0,0
OML_MV,D,20160816,000000,1.77,1.77,1.77,1.77,0,0
OML_MV,D,20160817,000000,1.77,1.77,1.77,1.77,0,0
OML_MV,D,20160818,000000,1.77,1.77,1.77,1.77,0,0
OML_MV,D,20160819,000000,1.77,1.77,1.77,1.77,0,0
OML_MV,D,20160822,000000,1.77,1.77,1.77,1.77,0,0
OML_MV,D,20160823,000000,1.77,1.77,1.77,1.77,0,0
OML_MV,D,20160824,000000,1.77,1.77,1.77,1.77,0,0
OML_MV,D,20160825,000000,1.77,1.77,1.77,1.77,0,0
OML_MV,D,20160826,000000,1.77,1.77,1.77,1.77,0,0
OML_MV,D,20160829,000000,1.77,1.77,1.77,1.77,0,0
OML_MV,D,20160830,000000,1.77,1.77,1.77,1.77,0,0
OML_MV,D,20160831,000000,1.77,1.77,1.77,1.77,0,0
OML_MV,D,20160905,000000,1.73,1.73,1.73,1.73,0,0
OML_MV,D,20161128,000000,1.73,1.73,1.73,1.73,0,0
OML_MV,D,20161129,000000,1.73,1.73,1.73,1.73,0,0
OML_MV,D,20161130,000000,1.73,1.73,1.73,1.73,0,0
OML_MV,D,20161201,000000,1.73,1.73,1.73,1.73,0,0
OML_MV,D,20161202,000000,1.73,1.73,1.73,1.73,0,0
OML_MV,D,20161205,000000,1.73,1.73,1.73,1.73,0,0
OML_MV,D,20161206,000000,1.73,1.73,1.73,1.73,0,0
OML_MV,D,20161207,000000,1.73,1.73,1.73,1.73,0,0
OML_MV,D,20161208,000000,1.73,1.73,1.73,1.73,0,0
OML_MV,D,20161209,000000,1.73,1.73,1.73,1.73,0,0
OML_MV,D,20161212,000000,1.73,1.73,1.73,1.73,0,0
OML_MV,D,20161213,000000,1.73,1.73,1.73,1.73,0,0
OML_MV,D,20161214,000000,1.73,1.73,1.73,1.73,0,0
OML_MV,D,20161215,000000,1.73,1.73,1.73,1.73,0,0
OML_MV,D,20161216,000000,1.73,1.73,1.73,1.73,0,0
OML_MV,D,20161219,000000,1.73,1.73,1.73,1.73,0,0
OML_MV,D,20161220,000000,1.73,1.73,1.73,1.73,0,0
OML_MV,D,20161221,000000,1.73,1.73,1.73,1.73,0,0
OML_MV,D,20161222,000000,1.73,1.73,1.73,1.73,0,0
OML_MV,D,20161223,000000,1.73,1.73,1.73,1.73,0,0
OML_MV,D,20161227,000000,1.73,1.73,1.73,1.73,0,0
OML_MV,D,20161228,000000,1.73,1.73,1.73,1.73,0,0
OML_MV,D,20161229,000000,1.73,1.73,1.73,1.73,0,0
OML_MV,D,20161230,000000,1.73,1.73,1.73,1.73,0,0
OML_MV,D,20170131,000000,1.79,1.79,1.79,1.79,0,0
OML_MV,D,20170201,000000,1.79,1.79,1.79,1.79,0,0
OML_MV,D,20170202,000000,1.79,1.79,1.79,1.79,0,0
OML_MV,D,20170203,000000,1.79,1.79,1.79,1.79,0,0
OML_MV,D,20170206,000000,1.79,1.79,1.79,1.79,0,0
OML_MV,D,20170207,000000,1.79,1.79,1.79,1.79,0,0
OML_MV,D,20170208,000000,1.79,1.79,1.79,1.79,0,0
OML_MV,D,20170209,000000,1.79,1.79,1.79,1.79,0,0
OML_MV,D,20170210,000000,1.79,1.79,1.79,1.79,0,0
OML_MV,D,20170213,000000,1.79,1.79,1.79,1.79,0,0
OML_MV,D,20170214,000000,1.79,1.79,1.79,1.79,0,0
OML_MV,D,20170215,000000,1.79,1.79,1.79,1.79,0,0
OML_MV,D,20170216,000000,1.79,1.79,1.79,1.79,0,0
OML_MV,D,20170217,000000,1.79,1.79,1.79,1.79,0,0
OML_MV,D,20170220,000000,1.79,1.79,1.79,1.79,0,0
OML_MV,D,20170221,000000,1.79,1.79,1.79,1.79,0,0
OML_MV,D,20170309,000000,1.79,1.79,1.79,1.79,0,0
OML_MV,D,20170313,000000,1.79,1.79,1.79,1.79,0,0
OML_MV,D,20170321,000000,1.86,1.86,1.86,1.86,0,0
OML_MV,D,20170322,000000,2.23,2.23,2.23,2.23,0,0
OML_MV,D,20170323,000000,2.65,3.03,2.65,3.03,0,0
OML_MV,D,20170324,000000,3.59,3.7,3.59,3.7,0,0
OML_MV,D,20170327,000000,3.68,3.68,3.68,3.68,0,0
OML_MV,D,20170328,000000,3.92,3.92,3.92,3.92,0,0
OML_MV,D,20170329,000000,3.92,3.92,3.92,3.92,0,0
OML_MV,D,20170330,000000,3.86,3.86,3.86,3.86,0,0
OML_MV,D,20170331,000000,3.7,3.7,3.7,3.7,0,0
OML_MV,D,20170403,000000,3.97,3.97,3.97,3.97,0,0
OML_MV,D,20170404,000000,4.28,4.28,4.28,4.28,0,0
OML_MV,D,20170405,000000,3.75,3.75,3.75,3.75,0,0
OML_MV,D,20170406,000000,3.75,3.75,3.53,3.53,0,0
OML_MV,D,20170407,000000,3.31,3.56,3.31,3.56,0,0
OML_MV,D,20170410,000000,3.61,3.61,3.61,3.61,0,0
OML_MV,D,20170411,000000,3.28,3.28,3.28,3.28,0,0
OML_MV,D,20170413,000000,3.06,3.12,3.06,3.12,0,0
OML_MV,D,20170418,000000,3.03,3.03,3.03,3.03,0,0
OML_MV,D,20170419,000000,2.87,2.87,2.87,2.87,0,0
OML_MV,D,20170420,000000,2.94,2.94,2.94,2.94,0,0
OML_MV,D,20170421,000000,3.37,3.37,3.37,3.37,0,0
OML_MV,D,20170425,000000,3.52,3.52,3.52,3.52,0,0
OML_MV,D,20170426,000000,3.67,3.86,3.67,3.86,0,0
OML_MV,D,20170427,000000,4.28,4.28,4.28,4.28,0,0
OML_MV,D,20170428,000000,4.25,4.25,4.13,4.13,0,0
OML_MV,D,20170502,000000,3.86,4.16,3.86,4.16,0,0
OML_MV,D,20170504,000000,4.16,4.16,4.16,4.16,0,0
OML_MV,D,20170505,000000,4.14,4.14,4.14,4.14,0,0
OML_MV,D,20170508,000000,4.14,4.14,4.14,4.14,0,0
OML_MV,D,20170509,000000,4.14,4.14,4.14,4.14,0,0
OML_MV,D,20170510,000000,3.81,3.81,3.59,3.59,0,0
OML_MV,D,20170511,000000,3.81,3.81,3.81,3.81,0,0
OML_MV,D,20170515,000000,3.81,3.81,3.81,3.81,0,0
OML_MV,D,20170516,000000,3.81,3.81,3.81,3.81,0,0
OML_MV,D,20170517,000000,3.7,3.82,3.7,3.82,0,0
OML_MV,D,20170519,000000,3.82,4.03,3.82,4.03,0,0
OML_MV,D,20170522,000000,4.41,4.41,4.37,4.37,0,0
OML_MV,D,20170523,000000,4.41,4.41,4.41,4.41,0,0
OML_MV,D,20170524,000000,4.4,4.4,4.4,4.4,0,0
OML_MV,D,20170525,000000,4.41,4.41,4.41,4.41,0,0
OML_MV,D,20170526,000000,4.4,4.4,4.4,4.4,0,0
OML_MV,D,20170529,000000,4.41,4.41,4.14,4.14,0,0
OML_MV,D,20170601,000000,3.59,4.3,3.59,4.3,0,0
OML_MV,D,20170605,000000,4.3,4.3,4.3,4.3,0,0
OML_MV,D,20170608,000000,4.3,4.3,4.3,4.3,0,0
OML_MV,D,20170609,000000,3.86,3.86,3.86,3.86,0,0
OML_MV,D,20170612,000000,3.86,3.86,3.86,3.86,0,0
OML_MV,D,20170613,000000,3.86,3.86,3.64,3.64,0,0
OML_MV,D,20170614,000000,3.94,3.94,3.86,3.86,0,0
OML_MV,D,20170619,000000,4,4,4,4,0,0
OML_MV,D,20170620,000000,4.14,4.14,4.14,4.14,0,0
OML_MV,D,20170621,000000,4.19,4.19,4.19,4.19,0,0
OML_MV,D,20170622,000000,4.22,4.22,4.22,4.22,0,0
OML_MV,D,20170626,000000,4.24,4.24,4.24,4.24,0,0
OML_MV,D,20170627,000000,4.24,4.24,4.24,4.24,0,0
OML_MV,D,20170629,000000,4.24,4.24,4.24,4.24,0,0
OML_MV,D,20170630,000000,4.24,4.24,4.24,4.24,0,0
OML_MV,D,20170703,000000,4.3,4.3,3.86,3.86,0,0
OML_MV,D,20170704,000000,3.72,4.3,3.72,4.3,0,0
OML_MV,D,20170705,000000,3.86,4.12,3.86,4.12,0,0
OML_MV,D,20170707,000000,3.86,3.86,3.86,3.86,0,0
OML_MV,D,20170710,000000,3.86,4.12,3.72,4,0,0
OML_MV,D,20170711,000000,3.99,4.12,3.72,4.03,0,0
OML_MV,D,20170712,000000,3.72,4.12,3.72,4.02,0,0
OML_MV,D,20170713,000000,4.02,4.02,3.75,4.02,0,0
OML_MV,D,20170718,000000,3.7,3.97,3.7,3.97,0,0
OML_MV,D,20170720,000000,4.01,4.02,4.01,4.02,0,0
OML_MV,D,20170724,000000,4.01,4.01,4.01,4.01,0,0
OML_MV,D,20170725,000000,4.02,4.02,3.94,3.94,0,0
OML_MV,D,20170726,000000,3.78,4.01,3.78,4.01,0,0
OML_MV,D,20170727,000000,4,4,4,4,0,0
OML_MV,D,20170728,000000,3.93,3.93,3.67,3.67,0,0
OML_MV,D,20170731,000000,3.67,3.93,3.67,3.93,0,0
OML_MV,D,20170801,000000,3.93,3.93,3.93,3.93,0,0
OML_MV,D,20170802,000000,3.73,3.86,3.73,3.86,0,0
OML_MV,D,20170807,000000,3.86,3.86,3.63,3.86,0,0
OML_MV,D,20170808,000000,3.86,3.86,3.5,3.86,0,0
OML_MV,D,20170809,000000,3.86,3.86,3.86,3.86,0,0
OML_MV,D,20170810,000000,3.86,3.86,3.86,3.86,0,0
OML_MV,D,20170811,000000,3.86,3.86,3.86,3.86,0,0
OML_MV,D,20170814,000000,3.86,3.86,3.86,3.86,0,0
OML_MV,D,20170816,000000,3.86,3.86,3.86,3.86,0,0
OML_MV,D,20170817,000000,3.86,3.86,3.86,3.86,0,0
OML_MV,D,20170818,000000,3.5,3.7,3.5,3.7,0,0
OML_MV,D,20170821,000000,3.56,3.86,3.56,3.86,0,0
OML_MV,D,20170822,000000,3.67,3.67,3.67,3.67,0,0
OML_MV,D,20170823,000000,3.82,3.83,3.82,3.83,0,0
OML_MV,D,20170824,000000,3.83,3.83,3.83,3.83,0,0
OML_MV,D,20170825,000000,3.86,3.86,3.67,3.86,0,0
OML_MV,D,20170828,000000,3.86,3.86,3.64,3.85,0,0
OML_MV,D,20170829,000000,3.86,3.86,3.86,3.86,0,0
OML_MV,D,20170830,000000,3.86,3.86,3.58,3.58,0,0
OML_MV,D,20170831,000000,3.59,3.82,3.59,3.82,0,0
OML_MV,D,20170901,000000,3.64,3.82,3.64,3.82,0,0
OML_MV,D,20170905,000000,3.83,3.83,3.83,3.83,0,0
OML_MV,D,20170906,000000,3.83,3.83,3.56,3.82,0,0
OML_MV,D,20170907,000000,3.82,3.82,3.82,3.82,0,0
OML_MV,D,20170911,000000,3.81,3.81,3.81,3.81,0,0
OML_MV,D,20170912,000000,3.81,3.81,3.81,3.81,0,0
OML_MV,D,20170914,000000,3.56,3.81,3.56,3.81,0,0
OML_MV,D,20170918,000000,3.81,3.81,3.39,3.39,0,0
OML_MV,D,20170919,000000,3.39,3.39,3.39,3.39,0,0
OML_MV,D,20170920,000000,3.39,3.39,3.39,3.39,0,0
OML_MV,D,20170921,000000,3.39,3.39,3.39,3.39,0,0
OML_MV,D,20170922,000000,3.39,3.39,3.39,3.39,0,0
OML_MV,D,20170925,000000,3.39,3.39,3.39,3.39,0,0
OML_MV,D,20170926,000000,3.39,3.39,3.23,3.23,0,0
OML_MV,D,20170928,000000,3.23,3.23,3.23,3.23,0,0
OML_MV,D,20170929,000000,3.01,3.01,3.01,3.01,0,0
OML_MV,D,20171002,000000,2.92,2.92,2.76,2.76,0,0
OML_MV,D,20171003,000000,2.82,2.82,2.54,2.58,0,0
OML_MV,D,20171004,000000,2.58,3.09,2.4,2.68,0,0
OML_MV,D,20171005,000000,2.58,3.03,2.37,3.03,0,0
OML_MV,D,20171006,000000,2.54,2.85,2.48,2.84,0,0
OML_MV,D,20171009,000000,2.73,2.86,2.43,2.7,0,0
OML_MV,D,20171010,000000,2.7,2.7,2.54,2.7,0,0
OML_MV,D,20171011,000000,2.7,2.7,2.54,2.7,0,0
OML_MV,D,20171012,000000,2.73,2.92,2.62,2.92,0,0
OML_MV,D,20171013,000000,3.03,3.64,2.76,3.09,0,0
OML_MV,D,20171016,000000,3.28,3.53,3.28,3.53,0,0
OML_MV,D,20171017,000000,3.7,3.8,3.42,3.78,0,0
OML_MV,D,20171018,000000,3.78,3.78,3.78,3.78,0,0
OML_MV,D,20171019,000000,3.42,3.75,3.42,3.72,0,0
OML_MV,D,20171020,000000,3.72,3.72,3.72,3.72,0,0
OML_MV,D,20171023,000000,3.72,3.72,3.72,3.72,0,0
OML_MV,D,20171024,000000,3.72,3.72,3.72,3.72,0,0
OML_MV,D,20171025,000000,3.71,3.71,3.7,3.7,0,0
OML_MV,D,20171026,000000,3.7,3.7,3.39,3.68,0,0
OML_MV,D,20171027,000000,3.7,3.7,2.98,3.68,0,0
OML_MV,D,20171030,000000,3.68,3.71,3.68,3.71,0,0
OML_MV,D,20171031,000000,3.71,3.71,3.71,3.71,0,0
OML_MV,D,20171102,000000,3.7,3.7,3.7,3.7,0,0
OML_MV,D,20171103,000000,3.68,3.68,3.48,3.55,0,0
OML_MV,D,20171106,000000,3.67,3.68,3.67,3.68,0,0
OML_MV,D,20171107,000000,3.59,3.59,3.2,3.2,0,0
OML_MV,D,20171108,000000,3.2,3.42,3.2,3.42,0,0
OML_MV,D,20171114,000000,3.37,3.37,3.37,3.37,0,0
OML_MV,D,20171115,000000,3.37,3.37,3.37,3.37,0,0
OML_MV,D,20171116,000000,3.37,3.37,3.37,3.37,0,0
OML_MV,D,20171117,000000,3.37,3.37,3.37,3.37,0,0
OML_MV,D,20171120,000000,3.37,3.37,3.37,3.37,0,0
OML_MV,D,20171121,000000,3.37,3.37,3.37,3.37,0,0
OML_MV,D,20171122,000000,3.34,3.34,3.34,3.34,0,0
OML_MV,D,20171123,000000,3.34,3.34,3.34,3.34,0,0
OML_MV,D,20171124,000000,3.34,3.34,3.34,3.34,0,0
OML_MV,D,20171127,000000,3.25,3.37,3.25,3.37,0,0
OML_MV,D,20171129,000000,3.23,3.46,2.76,3.02,0,0
OML_MV,D,20171130,000000,3.59,4.3,2.92,3.81,0,0
OML_MV,D,20171201,000000,3.25,3.31,3.25,3.31,0,0
OML_MV,D,20171204,000000,3.53,3.53,3.53,3.53,0,0
OML_MV,D,20171205,000000,3.42,3.53,2.76,3.53,0,0
OML_MV,D,20171206,000000,2.92,2.92,2.92,2.92,0,0
OML_MV,D,20171207,000000,2.87,2.87,2.87,2.87,0,0
OML_MV,D,20171208,000000,3.03,3.2,2.92,3.2,0,0
OML_MV,D,20171211,000000,3.2,3.2,2.65,3.03,0,0
OML_MV,D,20171212,000000,2.81,3.14,2.59,3.14,0,0
OML_MV,D,20171213,000000,3.14,3.14,3.14,3.14,0,0
OML_MV,D,20171214,000000,3.14,3.14,2.59,2.87,0,0
OML_MV,D,20171215,000000,3.03,3.03,3.03,3.03,0,0
OML_MV,D,20171218,000000,3.03,3.09,2.98,3.09,0,0
OML_MV,D,20171219,000000,3.09,3.09,3.09,3.09,0,0
OML_MV,D,20171220,000000,3.09,3.09,3.09,3.09,0,0
OML_MV,D,20171221,000000,3.03,3.03,2.7,2.7,0,0
OML_MV,D,20171227,000000,2.59,2.92,2.59,2.92,0,0
OML_MV,D,20171228,000000,2.48,2.54,2.21,2.54,0,0
OML_MV,D,20171229,000000,2.59,2.59,2.48,2.59,0,0
OML_MV,D,20180103,000000,2.59,2.59,2.59,2.59,0,0
OML_MV,D,20180104,000000,2.76,2.92,2.76,2.92,0,0
OML_MV,D,20180108,000000,2.92,2.92,2.92,2.92,0,0
OML_MV,D,20180109,000000,2.92,2.92,2.92,2.92,0,0
OML_MV,D,20180110,000000,2.87,2.87,2.87,2.87,0,0
OML_MV,D,20180111,000000,2.87,2.87,2.87,2.87,0,0
OML_MV,D,20180112,000000,2.87,2.87,2.87,2.87,0,0
OML_MV,D,20180115,000000,2.87,2.87,2.87,2.87,0,0
OML_MV,D,20180116,000000,2.81,2.81,2.81,2.81,0,0
OML_MV,D,20180117,000000,2.81,2.81,2.81,2.81,0,0
OML_MV,D,20180118,000000,2.87,2.87,2.87,2.87,0,0
OML_MV,D,20180119,000000,2.92,2.92,2.92,2.92,0,0
OML_MV,D,20180122,000000,2.92,2.98,2.92,2.98,0,0
OML_MV,D,20180123,000000,3.2,3.25,3.2,3.25,0,0
OML_MV,D,20180124,000000,3.59,4.25,3.59,4.25,0,0
OML_MV,D,20180125,000000,4.25,4.25,4.25,4.25,0,0
OML_MV,D,20180126,000000,4.14,4.14,4.14,4.14,0,0
OML_MV,D,20180129,000000,4.41,4.41,4.41,4.41,0,0
OML_MV,D,20180130,000000,3.97,3.97,3.97,3.97,0,0
OML_MV,D,20180131,000000,3.97,3.97,3.97,3.97,0,0
OML_MV,D,20180201,000000,4.19,4.19,4.19,4.19,0,0
OML_MV,D,20180202,000000,4.19,4.19,4.19,4.19,0,0
OML_MV,D,20180205,000000,4.14,4.14,4.14,4.14,0,0
OML_MV,D,20180206,000000,3.7,3.7,3.7,3.7,0,0
OML_MV,D,20180207,000000,3.31,3.53,3.31,3.53,0,0
OML_MV,D,20180208,000000,3.64,3.64,3.64,3.64,0,0
OML_MV,D,20180209,000000,3.64,3.92,3.64,3.92,0,0
OML_MV,D,20180212,000000,3.92,4.14,3.92,4.14,0,0
OML_MV,D,20180213,000000,4.08,4.08,4.08,4.08,0,0
OML_MV,D,20180214,000000,4.03,4.03,4.03,4.03,0,0
OML_MV,D,20180215,000000,4.14,4.14,4.14,4.14,0,0
OML_MV,D,20180216,000000,4.08,4.08,4.03,4.03,0,0
OML_MV,D,20180219,000000,4.03,4.03,4.03,4.03,0,0
OML_MV,D,20180220,000000,4.03,4.03,4.03,4.03,0,0
OML_MV,D,20180221,000000,4.03,4.03,4.03,4.03,0,0
OML_MV,D,20180222,000000,3.97,3.97,3.97,3.97,0,0
OML_MV,D,20180223,000000,3.97,3.97,3.92,3.92,0,0
OML_MV,D,20180226,000000,3.7,3.86,3.7,3.86,0,0
OML_MV,D,20180227,000000,3.31,3.37,3.31,3.37,0,0
OML_MV,D,20180228,000000,3.42,3.42,3.42,3.42,0,0
OML_MV,D,20180301,000000,3.42,3.42,3.42,3.42,0,0
OML_MV,D,20180302,000000,3.48,3.48,3.48,3.48,0,0
OML_MV,D,20180305,000000,3.48,3.48,3.48,3.48,0,0
OML_MV,D,20180306,000000,3.48,3.59,3.48,3.59,0,0
OML_MV,D,20180307,000000,3.59,3.59,3.59,3.59,0,0
OML_MV,D,20180308,000000,3.59,3.59,3.59,3.59,0,0
OML_MV,D,20180309,000000,3.59,3.59,3.59,3.59,0,0
OML_MV,D,20180312,000000,3.81,36.93,3.81,36.93,0,0
OML_MV,D,20180313,000000,36.93,36.93,36.93,36.93,0,0
OML_MV,D,20180314,000000,36.93,36.93,36.93,36.93,0,0
OML_MV,D,20180315,000000,34.79,34.79,34.79,34.79,0,0
OML_MV,D,20180320,000000,34.79,34.79,34.79,34.79,0,0
OML_MV,D,20180321,000000,34.79,34.79,34.79,34.79,0,0
OML_MV,D,20180322,000000,34.25,34.25,33.72,33.72,0,0
OML_MV,D,20180326,000000,35.32,35.32,35.32,35.32,0,0
OML_MV,D,20180327,000000,35.86,35.86,35.86,35.86,0,0
OML_MV,D,20180328,000000,35.86,35.86,35.86,35.86,0,0
OML_MV,D,20180329,000000,35.86,35.86,35.86,35.86,0,0
OML_MV,D,20180403,000000,35.86,35.86,35.86,35.86,0,0
OML_MV,D,20180404,000000,35.32,35.32,35.32,35.32,0,0
OML_MV,D,20180405,000000,34.79,34.79,34.79,34.79,0,0
OML_MV,D,20180406,000000,34.79,34.79,34.25,34.25,0,0
OML_MV,D,20180409,000000,34.25,34.25,34.25,34.25,0,0
OML_MV,D,20180410,000000,34.25,34.25,34.25,34.25,0,0
OML_MV,D,20180412,000000,34.25,34.25,34.25,34.25,0,0
OML_MV,D,20180413,000000,34.25,34.25,34.25,34.25,0,0
OML_MV,D,20180416,000000,34.25,34.25,34.25,34.25,0,0
OML_MV,D,20180417,000000,33.72,33.72,33.72,33.72,0,0
OML_MV,D,20180418,000000,33.72,33.72,33.72,33.72,0,0
OML_MV,D,20180419,000000,33.72,33.72,33.72,33.72,0,0
OML_MV,D,20180420,000000,33.72,33.72,33.72,33.72,0,0
OML_MV,D,20180423,000000,33.72,33.72,33.72,33.72,0,0
OML_MV,D,20180424,000000,33.72,33.72,33.72,33.72,0,0
OML_MV,D,20180425,000000,33.72,33.72,33.72,33.72,0,0
OML_MV,D,20180426,000000,34.25,34.25,34.25,34.25,0,0
OML_MV,D,20180427,000000,34.25,34.25,34.25,34.25,0,0
OML_MV,D,20180430,000000,33.18,33.18,33.18,33.18,0,0
OML_MV,D,20180502,000000,33.72,33.72,33.72,33.72,0,0
OML_MV,D,20180504,000000,35.32,35.32,35.32,35.32,0,0
OML_MV,D,20180509,000000,35.86,36.39,35.86,36.39,0,0
OML_MV,D,20180510,000000,36.93,38.53,36.93,38.53,0,0
OML_MV,D,20180511,000000,40.67,46.02,40.67,46.02,0,0
OML_MV,D,20180514,000000,46.02,47.63,46.02,47.63,0,0
OML_MV,D,20180515,000000,50.84,58.87,50.84,58.87,0,0
OML_MV,D,20180516,000000,61.54,69.57,61.54,69.57,0,0
OML_MV,D,20180517,000000,80.27,88.3,80.27,88.3,0,0
OML_MV,D,20180518,000000,99.01,117.74,99.01,117.74,0,0
OML_MV,D,20180521,000000,128.44,128.44,127.37,127.37,0,0
OML_MV,D,20180522,000000,85.63,85.63,85.63,85.63,0,0
OML_MV,D,20180523,000000,97.94,97.94,80.27,80.27,0,0
OML_MV,D,20180524,000000,80.27,80.27,80.27,80.27,0,0
OML_MV,D,20180525,000000,74.92,74.92,72.25,72.25,0,0
OML_MV,D,20180528,000000,85.63,90.98,85.63,90.98,0,0
OML_MV,D,20180529,000000,94.19,101.68,94.19,101.68,0,0
OML_MV,D,20180530,000000,107.03,107.03,106.5,106.5,0,0
OML_MV,D,20180601,000000,107.03,107.03,107.03,107.03,0,0
OML_MV,D,20180604,000000,112.38,112.38,106.5,106.5,0,0
OML_MV,D,20180605,000000,88.84,96.33,88.84,96.33,0,0
OML_MV,D,20180606,000000,102.22,104.36,102.22,104.36,0,0
OML_MV,D,20180607,000000,104.36,104.36,101.68,101.68,0,0
OML_MV,D,20180608,000000,112.38,112.38,112.38,112.38,0,0
OML_MV,D,20180611,000000,115.6,115.6,107.03,107.03,0,0
OML_MV,D,20180612,000000,99.01,99.01,91.51,91.51,0,0
OML_MV,D,20180613,000000,91.51,96.33,91.51,96.33,0,0
OML_MV,D,20180614,000000,96.33,96.33,96.33,96.33,0,0
OML_MV,D,20180615,000000,93.65,93.65,93.65,93.65,0,0
OML_MV,D,20180618,000000,92.05,92.05,77.6,77.6,0,0
OML_MV,D,20180619,000000,90.98,90.98,90.98,90.98,0,0
OML_MV,D,20180620,000000,82.95,82.95,82.95,82.95,0,0
OML_MV,D,20180621,000000,85.63,85.63,85.63,85.63,0,0
OML_MV,D,20180622,000000,90.98,90.98,84.56,84.56,0,0
OML_MV,D,20180625,000000,85.63,85.63,85.63,85.63,0,0
OML_MV,D,20180626,000000,85.63,85.63,85.63,85.63,0,0
OML_MV,D,20180627,000000,85.63,85.63,85.63,85.63,0,0
OML_MV,D,20180628,000000,85.63,85.63,85.63,85.63,0,0
OML_MV,D,20180629,000000,85.63,85.63,85.63,85.63,0,0
OML_MV,D,20180702,000000,88.84,104.36,88.84,90.98,0,0
OML_MV,D,20180703,000000,99.54,99.54,85.63,96.33,0,0
OML_MV,D,20180704,000000,89.91,89.91,78.67,80.81,0,0
OML_MV,D,20180705,000000,88.3,88.3,77.6,81.34,0,0
OML_MV,D,20180706,000000,77.6,82.95,73.32,81.34,0,0
OML_MV,D,20180709,000000,78.67,81.34,73.32,81.34,0,0
OML_MV,D,20180710,000000,81.34,90.98,81.34,88.84,0,0
OML_MV,D,20180711,000000,81.34,81.34,69.57,77.6,0,0
OML_MV,D,20180712,000000,80.81,80.81,80.27,80.27,0,0
OML_MV,D,20180713,000000,77.6,80.27,74.92,79.74,0,0
OML_MV,D,20180716,000000,79.74,80.81,78.13,78.13,0,0
OML_MV,D,20180717,000000,78.67,79.2,78.13,79.2,0,0
OML_MV,D,20180718,000000,78.67,79.74,77.06,77.06,0,0
OML_MV,D,20180719,000000,79.2,79.2,76.53,76.53,0,0
OML_MV,D,20180720,000000,75.99,79.74,75.99,79.2,0,0
OML_MV,D,20180723,000000,79.2,79.2,76.53,79.2,0,0
OML_MV,D,20180724,000000,79.74,85.63,77.6,84.56,0,0
OML_MV,D,20180725,000000,84.56,85.09,84.56,84.56,0,0
OML_MV,D,20180726,000000,84.56,85.09,78.67,82.95,0,0
OML_MV,D,20180727,000000,80.27,80.27,78.67,78.67,0,0
OML_MV,D,20180730,000000,77.6,79.74,77.6,79.2,0,0
OML_MV,D,20180731,000000,72.25,78.67,72.25,78.67,0,0
OML_MV,D,20180801,000000,78.13,78.13,72.25,72.25,0,0
OML_MV,D,20180802,000000,74.92,78.13,60.47,71.18,0,0
OML_MV,D,20180803,000000,66.9,69.57,62.61,64.75,0,0
OML_MV,D,20180806,000000,71.18,85.09,71.18,74.92,0,0
OML_MV,D,20180807,000000,76.53,76.53,67.43,72.25,0,0
OML_MV,D,20180808,000000,72.25,72.25,69.57,69.57,0,0
OML_MV,D,20180809,000000,74.39,74.39,74.39,74.39,0,0
OML_MV,D,20180810,000000,69.57,74.92,69.57,73.32,0,0
OML_MV,D,20180813,000000,73.32,73.32,73.32,73.32,0,0
OML_MV,D,20180814,000000,73.32,73.32,68.5,72.25,0,0
OML_MV,D,20180816,000000,72.25,72.25,72.25,72.25,0,0
OML_MV,D,20180817,000000,72.78,73.32,72.78,73.32,0,0
OML_MV,D,20180820,000000,72.25,73.32,67.43,73.32,0,0
OML_MV,D,20180821,000000,73.32,73.32,64.22,71.71,0,0
OML_MV,D,20180822,000000,71.71,74.39,64.75,74.39,0,0
OML_MV,D,20180823,000000,72.25,74.92,69.57,69.57,0,0
OML_MV,D,20180824,000000,69.57,71.18,64.75,71.18,0,0
OML_MV,D,20180827,000000,70.64,79.2,61.54,71.71,0,0
OML_MV,D,20180828,000000,71.71,71.71,61.54,69.04,0,0
OML_MV,D,20180829,000000,64.22,75.46,61.54,72.78,0,0
OML_MV,D,20180830,000000,72.78,72.78,72.78,72.78,0,0
OML_MV,D,20180831,000000,71.18,71.71,68.5,68.5,0,0
OML_MV,D,20180903,000000,68.5,75.99,68.5,71.18,0,0
OML_MV,D,20180904,000000,75.46,75.46,62.08,62.08,0,0
OML_MV,D,20180905,000000,71.71,71.71,59.4,66.36,0,0
OML_MV,D,20180906,000000,66.9,71.71,66.9,71.71,0,0
OML_MV,D,20180907,000000,71.71,74.92,71.71,74.92,0,0
OML_MV,D,20180910,000000,72.25,74.92,70.64,74.92,0,0
OML_MV,D,20180911,000000,75.46,75.46,75.46,75.46,0,0
OML_MV,D,20180912,000000,75.46,75.46,69.57,74.92,0,0
OML_MV,D,20180913,000000,74.92,74.92,69.04,74.39,0,0
OML_MV,D,20180914,000000,74.39,74.39,74.39,74.39,0,0
OML_MV,D,20180917,000000,74.39,74.39,71.71,71.71,0,0
OML_MV,D,20180918,000000,71.71,74.39,71.71,74.39,0,0
OML_MV,D,20180919,000000,74.39,74.39,73.85,73.85,0,0
OML_MV,D,20180920,000000,73.85,73.85,66.9,66.9,0,0
OML_MV,D,20180921,000000,71.18,74.39,71.18,74.39,0,0
OML_MV,D,20180924,000000,66.36,74.39,66.36,74.39,0,0
OML_MV,D,20180925,000000,74.39,74.39,74.39,74.39,0,0
OML_MV,D,20180926,000000,73.85,73.85,73.85,73.85,0,0
OML_MV,D,20180927,000000,73.85,73.85,73.85,73.85,0,0
OML_MV,D,20180928,000000,73.32,73.32,66.9,72.25,0,0
OML_MV,D,20181001,000000,72.25,72.25,72.25,72.25,0,0
OML_MV,D,20181002,000000,72.25,72.25,72.25,72.25,0,0
OML_MV,D,20181003,000000,72.25,72.25,72.25,72.25,0,0
OML_MV,D,20181004,000000,71.71,71.71,69.57,69.57,0,0
OML_MV,D,20181005,000000,71.71,71.71,71.71,71.71,0,0
OML_MV,D,20181008,000000,71.71,71.71,67.43,71.18,0,0
OML_MV,D,20181009,000000,71.18,71.18,71.18,71.18,0,0
OML_MV,D,20181010,000000,71.18,71.18,66.9,69.04,0,0
OML_MV,D,20181011,000000,69.04,69.57,57.8,69.57,0,0
OML_MV,D,20181012,000000,58.87,70.11,47.63,70.11,0,0
OML_MV,D,20181015,000000,58.33,66.36,58.33,66.36,0,0
OML_MV,D,20181016,000000,64.75,64.75,63.15,64.75,0,0
OML_MV,D,20181017,000000,66.9,66.9,63.15,64.22,0,0
OML_MV,D,20181018,000000,66.9,69.57,64.22,69.57,0,0
OML_MV,D,20181019,000000,69.57,70.64,69.57,70.64,0,0
OML_MV,D,20181022,000000,70.64,70.64,64.22,65.29,0,0
OML_MV,D,20181023,000000,63.15,69.04,61.54,68.5,0,0
OML_MV,D,20181024,000000,66.36,69.04,62.08,66.9,0,0
OML_MV,D,20181025,000000,66.36,68.5,61.54,66.36,0,0
OML_MV,D,20181026,000000,67.97,67.97,63.68,66.9,0,0
OML_MV,D,20181029,000000,67.97,67.97,64.22,64.22,0,0
OML_MV,D,20181030,000000,64.22,66.9,63.15,66.9,0,0
OML_MV,D,20181031,000000,64.22,66.9,64.22,65.29,0,0
OML_MV,D,20181102,000000,65.83,65.83,59.94,65.29,0,0
OML_MV,D,20181105,000000,65.29,65.29,65.29,65.29,0,0
OML_MV,D,20181106,000000,65.29,65.29,65.29,65.29,0,0
OML_MV,D,20181107,000000,65.29,65.29,64.22,64.22,0,0
OML_MV,D,20181108,000000,63.15,74.39,61.01,69.04,0,0
OML_MV,D,20181109,000000,66.9,71.71,64.22,64.22,0,0
OML_MV,D,20181113,000000,67.97,85.09,66.9,85.09,0,0
OML_MV,D,20181114,000000,76.53,88.84,74.92,85.09,0,0
OML_MV,D,20181115,000000,78.67,84.56,75.46,80.27,0,0
OML_MV,D,20181116,000000,81.34,84.56,68.5,78.67,0,0
OML_MV,D,20181119,000000,74.92,78.67,71.18,77.06,0,0
OML_MV,D,20181120,000000,74.92,74.92,71.18,71.18,0,0
OML_MV,D,20181121,000000,70.64,70.64,70.64,70.64,0,0
OML_MV,D,20181122,000000,70.64,74.92,70.64,74.92,0,0
OML_MV,D,20181123,000000,74.39,74.92,72.25,74.92,0,0
OML_MV,D,20181126,000000,69.04,73.85,69.04,73.85,0,0
OML_MV,D,20181127,000000,73.32,74.39,73.32,74.39,0,0
OML_MV,D,20181128,000000,75.46,85.63,75.46,84.02,0,0
OML_MV,D,20181129,000000,84.02,84.02,84.02,84.02,0,0
OML_MV,D,20181130,000000,84.02,92.58,80.27,85.09,0,0
OML_MV,D,20181203,000000,85.09,90.98,85.09,88.3,0,0
OML_MV,D,20181204,000000,90.98,90.98,85.63,90.44,0,0
OML_MV,D,20181205,000000,89.91,89.91,88.3,88.3,0,0
OML_MV,D,20181206,000000,85.63,90.98,75.46,87.23,0,0
OML_MV,D,20181207,000000,87.23,87.23,75.99,84.56,0,0
OML_MV,D,20181210,000000,84.56,84.56,70.11,82.95,0,0
OML_MV,D,20181211,000000,74.92,85.09,70.11,85.09,0,0
OML_MV,D,20181212,000000,77.6,84.02,74.92,78.67,0,0
OML_MV,D,20181213,000000,77.06,80.27,70.64,80.27,0,0
OML_MV,D,20181217,000000,78.67,85.09,74.92,82.95,0,0
OML_MV,D,20181218,000000,75.99,82.95,71.18,82.95,0,0
OML_MV,D,20181220,000000,82.95,82.95,71.71,77.6,0,0
OML_MV,D,20181221,000000,74.92,77.6,73.32,77.6,0,0
OML_MV,D,20181227,000000,77.06,77.06,74.92,74.92,0,0
OML_MV,D,20181228,000000,74.92,82.95,73.32,82.95,0,0
OML_MV,D,20190102,000000,80.27,80.27,69.04,69.04,0,0
OML_MV,D,20190103,000000,75.99,75.99,62.61,74.39,0,0
OML_MV,D,20190104,000000,73.32,73.32,63.15,72.78,0,0
OML_MV,D,20190107,000000,69.57,74.39,67.97,74.39,0,0
OML_MV,D,20190108,000000,74.39,77.06,68.5,77.06,0,0
OML_MV,D,20190109,000000,75.99,76.53,75.99,76.53,0,0
OML_MV,D,20190110,000000,77.06,82.42,76.53,78.67,0,0
OML_MV,D,20190111,000000,75.46,82.95,68.5,82.95,0,0
OML_MV,D,20190114,000000,82.42,98.47,81.88,93.65,0,0
OML_MV,D,20190115,000000,95.79,106.5,95.79,96.86,0,0
OML_MV,D,20190116,000000,106.5,116.67,100.61,109.17,0,0
OML_MV,D,20190117,000000,111.31,117.74,110.24,112.38,0,0
OML_MV,D,20190118,000000,112.38,112.38,101.68,107.03,0,0
OML_MV,D,20190121,000000,110.24,110.24,100.61,108.1,0,0
OML_MV,D,20190122,000000,108.1,111.31,107.03,109.17,0,0
OML_MV,D,20190123,000000,111.31,111.31,105.96,107.03,0,0
OML_MV,D,20190124,000000,107.03,107.03,97.4,101.68,0,0
OML_MV,D,20190125,000000,101.68,101.68,81.34,83.49,0,0
OML_MV,D,20190128,000000,89.91,98.47,89.91,98.47,0,0
OML_MV,D,20190129,000000,95.26,98.47,93.65,97.4,0,0
OML_MV,D,20190130,000000,93.65,93.65,90.98,93.12,0,0
OML_MV,D,20190131,000000,89.37,96.33,89.37,94.72,0,0
OML_MV,D,20190201,000000,94.72,96.33,94.72,96.33,0,0
OML_MV,D,20190204,000000,92.05,95.26,92.05,95.26,0,0
OML_MV,D,20190205,000000,95.26,95.26,95.26,95.26,0,0
OML_MV,D,20190206,000000,90.98,107.03,88.84,107.03,0,0
OML_MV,D,20190207,000000,99.01,105.43,90.98,98.47,0,0
OML_MV,D,20190208,000000,98.47,98.47,90.98,90.98,0,0
OML_MV,D,20190211,000000,97.4,97.4,90.98,95.26,0,0
OML_MV,D,20190212,000000,95.26,95.26,93.65,93.65,0,0
OML_MV,D,20190213,000000,95.26,95.26,90.98,94.72,0,0
OML_MV,D,20190214,000000,90.98,94.19,90.98,94.19,0,0
OML_MV,D,20190215,000000,90.98,94.19,90.98,90.98,0,0
OML_MV,D,20190218,000000,94.19,95.79,90.98,92.05,0,0
OML_MV,D,20190219,000000,92.05,98.47,92.05,97.4,0,0
OML_MV,D,20190220,000000,97.4,100.08,89.91,95.79,0,0
OML_MV,D,20190221,000000,94.19,94.19,88.84,92.58,0,0
OML_MV,D,20190222,000000,92.58,103.82,92.58,103.29,0,0
OML_MV,D,20190225,000000,107.03,113.45,105.96,105.96,0,0
OML_MV,D,20190226,000000,107.03,107.03,90.98,99.54,0,0
OML_MV,D,20190227,000000,99.54,107.03,91.51,99.01,0,0
OML_MV,D,20190228,000000,101.68,106.5,101.68,101.68,0,0
OML_MV,D,20190301,000000,105.43,105.43,84.56,85.09,0,0
OML_MV,D,20190304,000000,88.3,90.98,87.23,90.98,0,0
OML_MV,D,20190305,000000,93.12,93.12,87.77,90.98,0,0
OML_MV,D,20190306,000000,91.51,93.12,85.63,89.91,0,0
OML_MV,D,20190307,000000,89.91,90.44,85.63,88.84,0,0
OML_MV,D,20190308,000000,89.37,89.37,80.27,85.63,0,0
OML_MV,D,20190311,000000,85.09,85.63,78.67,82.95,0,0
OML_MV,D,20190312,000000,82.42,85.63,77.06,82.42,0,0
OML_MV,D,20190313,000000,82.95,89.37,82.95,85.63,0,0
OML_MV,D,20190314,000000,87.77,87.77,82.42,85.09,0,0
OML_MV,D,20190315,000000,84.56,85.63,84.02,85.63,0,0
OML_MV,D,20190318,000000,82.95,82.95,78.13,81.88,0,0
OML_MV,D,20190319,000000,81.34,81.34,78.67,80.81,0,0
OML_MV,D,20190320,000000,80.27,81.88,77.06,78.67,0,0
OML_MV,D,20190321,000000,79.2,81.88,77.6,79.74,0,0
OML_MV,D,20190322,000000,78.67,80.81,75.46,80.81,0,0
OML_MV,D,20190325,000000,81.88,81.88,78.13,80.27,0,0
OML_MV,D,20190326,000000,80.27,81.88,80.27,81.88,0,0
OML_MV,D,20190327,000000,81.88,82.95,80.27,81.88,0,0
OML_MV,D,20190328,000000,82.95,82.95,78.67,80.27,0,0
OML_MV,D,20190329,000000,80.27,81.34,79.74,81.34,0,0
OML_MV,D,20190401,000000,81.34,84.02,80.27,84.02,0,0
OML_MV,D,20190402,000000,82.95,99.54,82.95,85.63,0,0
OML_MV,D,20190403,000000,88.84,90.98,86.7,90.44,0,0
OML_MV,D,20190404,000000,89.91,89.91,85.63,88.3,0,0
OML_MV,D,20190405,000000,87.77,88.3,82.95,85.63,0,0
OML_MV,D,20190408,000000,85.63,88.3,85.09,85.63,0,0
OML_MV,D,20190409,000000,87.77,87.77,82.42,85.63,0,0
OML_MV,D,20190410,000000,86.7,86.7,80.27,80.27,0,0
OML_MV,D,20190411,000000,83.49,83.49,77.6,80.27,0,0
OML_MV,D,20190412,000000,80.27,83.49,79.2,80.81,0,0
OML_MV,D,20190415,000000,81.88,88.3,79.2,82.95,0,0
OML_MV,D,20190416,000000,85.63,85.63,78.67,80.27,0,0
OML_MV,D,20190417,000000,81.34,81.34,73.85,79.2,0,0
OML_MV,D,20190418,000000,79.74,81.34,75.99,80.27,0,0
OML_MV,D,20190423,000000,71.71,73.85,63.68,66.9,0,0
OML_MV,D,20190424,000000,66.9,69.57,61.54,65.29,0,0
OML_MV,D,20190425,000000,65.83,65.83,52.98,55.66,0,0
OML_MV,D,20190426,000000,50.84,51.91,46.56,50.84,0,0
OML_MV,D,20190429,000000,50.84,56.73,47.63,53.52,0,0
OML_MV,D,20190430,000000,55.12,56.73,52.71,55.12,0,0
OML_MV,D,20190502,000000,55.12,55.12,51.64,54.05,0,0
OML_MV,D,20190506,000000,52.45,52.45,50.57,51.91,0,0
OML_MV,D,20190507,000000,52.18,52.45,49.24,49.24,0,0
OML_MV,D,20190508,000000,50.31,50.31,48.43,49.5,0,0
OML_MV,D,20190509,000000,48.16,48.16,45.49,47.36,0,0
OML_MV,D,20190510,000000,47.09,47.09,42.81,44.95,0,0
OML_MV,D,20190513,000000,52.18,52.18,47.09,50.04,0,0
OML_MV,D,20190514,000000,49.5,49.5,46.56,49.24,0,0
OML_MV,D,20190515,000000,46.02,48.97,45.22,47.36,0,0
OML_MV,D,20190516,000000,47.09,47.09,44.95,47.09,0,0
OML_MV,D,20190517,000000,46.02,46.02,43.35,46.02,0,0
OML_MV,D,20190520,000000,46.56,46.83,45.49,45.49,0,0
OML_MV,D,20190521,000000,46.02,46.02,45.49,45.49,0,0
OML_MV,D,20190522,000000,44.95,46.02,43.35,45.49,0,0
OML_MV,D,20190523,000000,45.49,46.56,41.21,44.95,0,0
OML_MV,D,20190524,000000,41.21,45.49,39.07,39.6,0,0
OML_MV,D,20190527,000000,39.07,44.95,39.07,44.42,0,0
OML_MV,D,20190528,000000,44.42,44.42,42.28,43.88,0,0
OML_MV,D,20190529,000000,41.21,43.88,39.6,42.28,0,0
OML_MV,D,20190530,000000,39.33,42.81,38.26,40.67,0,0
OML_MV,D,20190531,000000,38.53,40.4,37.19,39.6,0,0
OML_MV,D,20190603,000000,36.93,40.14,36.93,40.14,0,0
OML_MV,D,20190604,000000,39.6,42.81,38.53,42.01,0,0
OML_MV,D,20190605,000000,42.01,42.01,41.21,41.21,0,0
OML_MV,D,20190606,000000,42.01,42.01,39.07,41.21,0,0
OML_MV,D,20190607,000000,38.26,40.67,35.32,35.32,0,0
OML_MV,D,20190610,000000,37.19,37.19,32.65,35.59,0,0
OML_MV,D,20190611,000000,35.32,40.67,34.25,37.46,0,0
OML_MV,D,20190612,000000,33.45,38.8,33.45,37.73,0,0
OML_MV,D,20190613,000000,38.26,38.26,36.39,37.73,0,0
OML_MV,D,20190614,000000,37.73,37.73,37.19,37.19,0,0
OML_MV,D,20190617,000000,37.19,37.19,37.19,37.19,0,0
OML_MV,D,20190618,000000,37.46,37.46,37.46,37.46,0,0
OML_MV,D,20190619,000000,37.19,37.46,35.32,36.93,0,0
OML_MV,D,20190621,000000,36.93,37.46,36.39,36.39,0,0
OML_MV,D,20190624,000000,36.93,37.19,34.79,37.19,0,0
OML_MV,D,20190625,000000,35.32,37.19,34.79,37.19,0,0
OML_MV,D,20190626,000000,37.19,37.19,36.93,36.93,0,0
OML_MV,D,20190627,000000,36.66,36.93,36.66,36.93,0,0
OML_MV,D,20190628,000000,36.39,37.19,36.39,37.19,0,0
OML_MV,D,20190701,000000,37.19,38.53,37.19,38.53,0,0
OML_MV,D,20190702,000000,40.14,43.88,40.14,43.62,0,0
OML_MV,D,20190703,000000,42.81,43.88,40.67,43.08,0,0
OML_MV,D,20190704,000000,43.08,43.08,41.21,41.21,0,0
OML_MV,D,20190705,000000,40.67,43.35,40.67,43.35,0,0
OML_MV,D,20190708,000000,42.81,42.81,37.46,41.21,0,0
OML_MV,D,20190709,000000,41.21,41.21,41.21,41.21,0,0
OML_MV,D,20190710,000000,37.46,40.94,37.46,40.94,0,0
OML_MV,D,20190711,000000,37.46,41.21,36.39,41.21,0,0
OML_MV,D,20190712,000000,40.67,41.21,40.67,40.67,0,0
OML_MV,D,20190715,000000,42.28,42.81,41.74,42.81,0,0
OML_MV,D,20190716,000000,40.14,42.28,40.14,42.01,0,0
OML_MV,D,20190717,000000,42.01,43.62,40.67,42.81,0,0
OML_MV,D,20190718,000000,41.21,45.22,41.21,45.22,0,0
OML_MV,D,20190719,000000,45.49,45.49,42.81,45.22,0,0
OML_MV,D,20190722,000000,45.49,46.02,43.88,46.02,0,0
OML_MV,D,20190723,000000,46.02,50.84,46.02,50.31,0,0
OML_MV,D,20190724,000000,50.84,52.98,50.84,52.71,0,0
OML_MV,D,20190725,000000,52.45,52.45,48.7,51.91,0,0
OML_MV,D,20190726,000000,52.18,52.45,49.24,52.18,0,0
OML_MV,D,20190729,000000,52.18,52.18,49.77,50.84,0,0
OML_MV,D,20190730,000000,49.24,50.84,49.24,50.84,0,0
OML_MV,D,20190731,000000,50.84,52.98,50.84,52.98,0,0
OML_MV,D,20190801,000000,52.98,52.98,52.98,52.98,0,0
OML_MV,D,20190802,000000,53.52,61.54,53.52,61.54,0,0
OML_MV,D,20190805,000000,62.08,62.08,61.54,61.54,0,0
OML_MV,D,20190806,000000,59.94,59.94,54.05,59.4,0,0
OML_MV,D,20190807,000000,57.26,57.26,53.52,53.52,0,0
OML_MV,D,20190808,000000,56.73,58.87,52.45,55.66,0,0
OML_MV,D,20190809,000000,53.52,57.26,49.77,52.98,0,0
OML_MV,D,20190812,000000,61.54,61.54,55.12,56.73,0,0
OML_MV,D,20190813,000000,56.73,59.94,54.59,58.87,0,0
OML_MV,D,20190814,000000,57.8,58.87,53.52,57.8,0,0
OML_MV,D,20190816,000000,58.33,63.68,54.59,63.15,0,0
OML_MV,D,20190819,000000,66.9,70.64,61.54,68.5,0,0
OML_MV,D,20190820,000000,69.57,69.57,64.22,65.29,0,0
OML_MV,D,20190821,000000,65.83,65.83,59.94,61.54,0,0
OML_MV,D,20190822,000000,59.94,61.01,56.19,60.47,0,0
OML_MV,D,20190823,000000,60.47,61.54,57.8,59.94,0,0
OML_MV,D,20190826,000000,66.9,66.9,59.94,64.22,0,0
OML_MV,D,20190827,000000,64.22,65.29,60.47,63.15,0,0
OML_MV,D,20190828,000000,63.15,64.75,59.94,59.94,0,0
OML_MV,D,20190829,000000,61.54,61.54,56.73,56.73,0,0
OML_MV,D,20190830,000000,56.73,61.54,54.05,60.47,0,0
OML_MV,D,20190902,000000,59.94,59.94,58.33,59.94,0,0
OML_MV,D,20190903,000000,61.54,61.54,57.26,60.47,0,0
OML_MV,D,20190904,000000,61.01,62.08,59.4,61.54,0,0
OML_MV,D,20190905,000000,62.08,66.9,62.08,64.22,0,0
OML_MV,D,20190906,000000,64.75,64.75,61.01,64.75,0,0
OML_MV,D,20190909,000000,61.54,63.15,59.4,63.15,0,0
OML_MV,D,20190910,000000,61.54,62.61,61.01,62.61,0,0
OML_MV,D,20190911,000000,61.01,62.08,60.47,62.08,0,0
OML_MV,D,20190912,000000,62.61,62.61,61.01,62.08,0,0
OML_MV,D,20190913,000000,62.08,62.08,60.47,60.47,0,0
OML_MV,D,20190916,000000,61.54,61.54,60.47,61.54,0,0
OML_MV,D,20190917,000000,61.01,61.01,58.87,58.87,0,0
OML_MV,D,20190918,000000,61.01,61.54,53.52,61.01,0,0
OML_MV,D,20190919,000000,61.01,61.01,58.87,61.01,0,0
OML_MV,D,20190920,000000,56.19,58.87,56.19,58.87,0,0
OML_MV,D,20190923,000000,59.4,59.4,59.4,59.4,0,0
OML_MV,D,20190924,000000,55.66,59.4,55.66,58.87,0,0
OML_MV,D,20190925,000000,59.4,59.4,56.19,58.87,0,0
OML_MV,D,20190926,000000,56.19,59.4,56.19,58.87,0,0
OML_MV,D,20190927,000000,58.87,61.54,55.66,61.54,0,0
OML_MV,D,20190930,000000,57.8,61.01,56.19,59.94,0,0
OML_MV,D,20191001,000000,59.94,59.94,56.19,58.87,0,0
OML_MV,D,20191002,000000,58.87,58.87,58.87,58.87,0,0
OML_MV,D,20191003,000000,56.73,58.33,56.19,58.33,0,0
OML_MV,D,20191004,000000,58.33,59.4,57.26,59.4,0,0
OML_MV,D,20191007,000000,59.4,60.47,59.4,59.4,0,0
OML_MV,D,20191008,000000,60.47,65.29,60.47,65.29,0,0
OML_MV,D,20191009,000000,65.83,71.71,64.75,67.43,0,0
OML_MV,D,20191010,000000,66.9,66.9,59.4,62.61,0,0
OML_MV,D,20191011,000000,63.15,63.15,58.33,62.08,0,0
OML_MV,D,20191014,000000,62.61,62.61,62.61,62.61,0,0
OML_MV,D,20191015,000000,62.61,62.61,62.61,62.61,0,0
OML_MV,D,20191016,000000,62.61,62.61,56.19,61.01,0,0
OML_MV,D,20191017,000000,61.54,62.61,61.01,62.61,0,0
OML_MV,D,20191018,000000,62.61,63.15,58.87,63.15,0,0
OML_MV,D,20191021,000000,63.15,69.57,59.94,66.9,0,0
OML_MV,D,20191022,000000,66.9,66.9,63.15,64.75,0,0
OML_MV,D,20191023,000000,64.75,66.36,63.68,66.36,0,0
OML_MV,D,20191024,000000,66.36,66.36,63.15,65.29,0,0
OML_MV,D,20191025,000000,65.29,71.18,62.08,67.97,0,0
OML_MV,D,20191028,000000,68.5,70.11,66.9,66.9,0,0
OML_MV,D,20191029,000000,66.36,69.57,65.83,66.36,0,0
OML_MV,D,20191030,000000,66.36,67.97,65.83,66.36,0,0
OML_MV,D,20191031,000000,67.43,67.97,66.36,67.97,0,0
OML_MV,D,20191104,000000,68.5,68.5,63.15,66.36,0,0
OML_MV,D,20191105,000000,63.68,63.68,59.94,63.68,0,0
OML_MV,D,20191106,000000,62.08,64.22,59.94,63.68,0,0
OML_MV,D,20191107,000000,65.29,65.29,61.54,61.54,0,0
OML_MV,D,20191108,000000,65.29,65.29,65.29,65.29,0,0
OML_MV,D,20191112,000000,61.54,66.9,61.01,65.29,0,0
OML_MV,D,20191113,000000,64.75,65.29,61.54,64.75,0,0
OML_MV,D,20191114,000000,64.22,66.9,64.22,66.9,0,0
OML_MV,D,20191115,000000,66.9,66.9,62.61,65.83,0,0
OML_MV,D,20191118,000000,67.43,68.5,64.22,67.97,0,0
OML_MV,D,20191119,000000,67.97,68.5,62.61,66.36,0,0
OML_MV,D,20191120,000000,64.22,65.83,62.08,65.83,0,0
OML_MV,D,20191121,000000,65.29,65.29,61.54,61.54,0,0
OML_MV,D,20191122,000000,61.54,64.22,60.47,61.01,0,0
OML_MV,D,20191125,000000,61.01,62.61,59.94,61.54,0,0
OML_MV,D,20191126,000000,62.61,63.15,62.61,63.15,0,0
OML_MV,D,20191127,000000,63.68,64.22,61.54,61.54,0,0
OML_MV,D,20191128,000000,61.54,61.54,61.54,61.54,0,0
OML_MV,D,20191129,000000,61.54,63.68,61.54,63.68,0,0
OML_MV,D,20191202,000000,63.15,63.15,59.94,61.54,0,0
OML_MV,D,20191203,000000,63.15,63.68,61.54,61.54,0,0
OML_MV,D,20191204,000000,62.08,63.15,54.59,63.15,0,0
OML_MV,D,20191205,000000,62.08,62.61,62.08,62.61,0,0
OML_MV,D,20191206,000000,62.61,62.61,62.61,62.61,0,0
OML_MV,D,20191209,000000,62.61,63.15,62.61,63.15,0,0
OML_MV,D,20191210,000000,62.08,62.08,61.54,61.54,0,0
OML_MV,D,20191211,000000,58.87,63.15,57.26,58.87,0,0
OML_MV,D,20191212,000000,58.87,58.87,56.19,56.19,0,0
OML_MV,D,20191213,000000,57.26,57.26,56.73,56.73,0,0
OML_MV,D,20191216,000000,56.73,56.73,56.19,56.19,0,0
OML_MV,D,20191217,000000,56.19,56.19,54.59,56.19,0,0
OML_MV,D,20191218,000000,60.47,60.47,56.73,59.94,0,0
OML_MV,D,20191219,000000,59.94,59.94,58.87,58.87,0,0
OML_MV,D,20191220,000000,59.4,59.4,57.26,59.4,0,0
OML_MV,D,20191223,000000,57.26,59.4,55.12,59.4,0,0
OML_MV,D,20191227,000000,58.87,63.68,58.33,63.68,0,0
OML_MV,D,20191230,000000,66.9,69.57,66.36,66.36,0,0
OML_MV,D,20200102,000000,67.43,70.64,67.43,69.04,0,0
OML_MV,D,20200103,000000,71.71,74.39,71.71,71.71,0,0
OML_MV,D,20200107,000000,72.78,80.81,72.78,79.74,0,0
OML_MV,D,20200108,000000,80.27,90.44,77.6,80.27,0,0
OML_MV,D,20200109,000000,80.81,81.34,75.99,81.34,0,0
OML_MV,D,20200110,000000,81.34,82.42,78.67,80.27,0,0
OML_MV,D,20200113,000000,79.74,86.16,79.74,84.56,0,0
OML_MV,D,20200114,000000,86.16,89.91,81.34,81.34,0,0
OML_MV,D,20200115,000000,84.56,84.56,77.6,81.34,0,0
OML_MV,D,20200116,000000,81.88,81.88,78.13,80.81,0,0
OML_MV,D,20200117,000000,80.81,80.81,77.6,79.74,0,0
OML_MV,D,20200120,000000,80.81,85.63,79.2,81.34,0,0
OML_MV,D,20200121,000000,81.88,84.56,77.6,80.81,0,0
OML_MV,D,20200122,000000,80.27,82.95,80.27,82.42,0,0
OML_MV,D,20200123,000000,82.95,82.95,78.13,82.42,0,0
OML_MV,D,20200124,000000,82.95,82.95,80.27,82.42,0,0
OML_MV,D,20200127,000000,85.09,85.09,80.27,82.42,0,0
OML_MV,D,20200128,000000,81.34,83.49,80.27,82.42,0,0
OML_MV,D,20200129,000000,82.42,90.98,81.34,88.3,0,0
OML_MV,D,20200130,000000,88.3,95.26,87.77,88.3,0,0
OML_MV,D,20200131,000000,88.3,97.94,88.3,95.79,0,0
OML_MV,D,20200203,000000,97.4,108.1,96.86,96.86,0,0
OML_MV,D,20200204,000000,99.54,102.75,97.94,100.08,0,0
OML_MV,D,20200205,000000,101.68,101.68,92.05,96.33,0,0
OML_MV,D,20200206,000000,97.4,97.4,91.51,92.58,0,0
OML_MV,D,20200207,000000,92.58,102.75,89.37,94.72,0,0
OML_MV,D,20200210,000000,86.16,96.33,86.16,93.12,0,0
OML_MV,D,20200211,000000,97.94,106.5,97.4,105.43,0,0
OML_MV,D,20200212,000000,107.03,109.17,101.15,104.89,0,0
OML_MV,D,20200213,000000,105.96,130.58,103.29,124.16,0,0
OML_MV,D,20200214,000000,131.65,155.2,131.65,139.14,0,0
OML_MV,D,20200217,000000,148.78,148.78,124.16,132.72,0,0
OML_MV,D,20200218,000000,137,137,117.74,122.02,0,0
OML_MV,D,20200219,000000,125.23,133.79,123.09,130.58,0,0
OML_MV,D,20200220,000000,132.72,133.79,126.3,129.51,0,0
OML_MV,D,20200221,000000,129.51,129.51,119.88,127.37,0,0
OML_MV,D,20200224,000000,126.3,126.3,113.45,116.67,0,0
OML_MV,D,20200225,000000,114.53,114.53,99.54,103.29,0,0
OML_MV,D,20200226,000000,99.01,120.95,96.33,114.53,0,0
OML_MV,D,20200227,000000,114.53,114.53,98.47,101.68,0,0
OML_MV,D,20200228,000000,93.12,102.22,89.91,101.68,0,0
OML_MV,D,20200302,000000,107.03,111.31,101.68,110.24,0,0
OML_MV,D,20200303,000000,112.38,117.74,107.03,114.53,0,0
OML_MV,D,20200304,000000,109.17,112.38,104.89,111.31,0,0
OML_MV,D,20200305,000000,113.45,120.95,111.31,115.6,0,0
OML_MV,D,20200306,000000,110.24,112.38,105.96,108.1,0,0
OML_MV,D,20200309,000000,101.68,101.68,87.23,89.91,0,0
OML_MV,D,20200310,000000,94.19,101.68,94.19,97.94,0,0
OML_MV,D,20200311,000000,96.33,96.33,82.95,86.16,0,0
OML_MV,D,20200312,000000,80.27,80.27,56.19,58.87,0,0
OML_MV,D,20200313,000000,62.08,73.32,54.59,58.87,0,0
OML_MV,D,20200316,000000,56.73,65.83,53.25,65.29,0,0
OML_MV,D,20200317,000000,69.57,76.53,64.22,72.25,0,0
OML_MV,D,20200318,000000,73.32,75.99,66.36,71.71,0,0
OML_MV,D,20200319,000000,72.25,75.46,69.57,74.39,0,0
OML_MV,D,20200320,000000,76.53,87.77,72.78,76.53,0,0
OML_MV,D,20200323,000000,69.04,76.53,66.9,73.85,0,0
OML_MV,D,20200324,000000,77.6,79.2,74.39,75.99,0,0
OML_MV,D,20200325,000000,82.42,82.42,72.78,77.6,0,0
OML_MV,D,20200326,000000,77.06,79.74,76.53,79.74,0,0
OML_MV,D,20200327,000000,77.6,79.74,74.92,78.13,0,0
OML_MV,D,20200330,000000,74.92,75.99,70.64,73.85,0,0
OML_MV,D,20200331,000000,72.78,75.99,70.64,72.78,0,0
OML_MV,D,20200401,000000,70.64,74.39,65.83,67.97,0,0
OML_MV,D,20200402,000000,70.11,73.85,67.7,69.57,0,0
OML_MV,D,20200403,000000,69.57,73.85,69.57,73.32,0,0
OML_MV,D,20200406,000000,73.32,83.49,71.71,82.95,0,0
OML_MV,D,20200407,000000,86.16,88.3,80.81,81.88,0,0
OML_MV,D,20200408,000000,80.81,84.56,75.46,84.56,0,0
OML_MV,D,20200409,000000,84.56,86.7,82.95,86.7,0,0
OML_MV,D,20200414,000000,87.77,101.68,85.09,101.68,0,0
OML_MV,D,20200415,000000,100.88,109.17,96.33,105.96,0,0
OML_MV,D,20200416,000000,105.96,105.96,100.61,103.82,0,0
OML_MV,D,20200417,000000,107.03,111.31,103.82,108.64,0,0
OML_MV,D,20200420,000000,111.85,117.2,109.71,116.13,0,0
OML_MV,D,20200421,000000,116.13,117.74,104.36,107.03,0,0
OML_MV,D,20200422,000000,107.03,113.99,107.03,113.99,0,0
OML_MV,D,20200423,000000,117.2,117.2,112.38,116.13,0,0
OML_MV,D,20200424,000000,116.13,116.13,113.45,116.13,0,0
OML_MV,D,20200427,000000,116.13,125.23,110.78,124.16,0,0
OML_MV,D,20200428,000000,123.09,128.44,122.02,126.3,0,0
OML_MV,D,20200429,000000,128.44,131.65,126.3,131.12,0,0
OML_MV,D,20200430,000000,131.65,131.65,123.09,128.44,0,0
OML_MV,D,20200504,000000,133.79,155.2,133.79,155.2,0,0
OML_MV,D,20200505,000000,158.41,159.48,147.17,157.34,0,0
OML_MV,D,20200506,000000,154.66,164.3,145.03,145.03,0,0
OML_MV,D,20200507,000000,150.38,153.06,142.89,143.42,0,0
OML_MV,D,20200508,000000,147.17,147.17,129.51,134.86,0,0
OML_MV,D,20200511,000000,133.79,139.68,128.44,138.61,0,0
OML_MV,D,20200512,000000,140.21,140.21,134.86,139.14,0,0
OML_MV,D,20200513,000000,139.14,139.14,131.12,135.93,0,0
OML_MV,D,20200514,000000,134.86,134.86,123.09,129.51,0,0
OML_MV,D,20200515,000000,128.44,130.58,126.3,128.44,0,0
OML_MV,D,20200518,000000,138.61,141.28,136.47,138.61,0,0
OML_MV,D,20200519,000000,141.82,142.89,137,140.21,0,0
OML_MV,D,20200520,000000,140.21,142.35,137,137.54,0,0
OML_MV,D,20200521,000000,136.47,141.82,136.47,140.75,0,0
OML_MV,D,20200522,000000,139.14,140.75,138.07,139.14,0,0
OML_MV,D,20200525,000000,138.61,139.68,135.4,136.47,0,0
OML_MV,D,20200526,000000,136.47,141.28,136.47,141.28,0,0
OML_MV,D,20200527,000000,141.28,146.64,139.14,143.96,0,0
OML_MV,D,20200528,000000,147.17,148.78,143.42,144.49,0,0
OML_MV,D,20200529,000000,146.1,146.1,141.82,144.49,0,0
OML_MV,D,20200601,000000,144.49,153.06,142.89,149.85,0,0
OML_MV,D,20200602,000000,153.06,206.57,152.52,180.35,0,0
OML_MV,D,20200603,000000,180.35,193.73,179.82,187.84,0,0
OML_MV,D,20200604,000000,192.66,192.66,179.28,187.31,0,0
OML_MV,D,20200605,000000,192.66,207.11,187.31,207.11,0,0
OML_MV,D,20200608,000000,208.18,214.07,200.69,210.32,0,0
OML_MV,D,20200609,000000,229.59,229.59,203.36,218.88,0,0
OML_MV,D,20200610,000000,214.07,220.49,208.71,213,0,0
OML_MV,D,20200612,000000,192.66,211.93,192.66,208.71,0,0
OML_MV,D,20200615,000000,214.07,239.75,214.07,239.75,0,0
OML_MV,D,20200616,000000,245.64,251.53,235.47,241.89,0,0
OML_MV,D,20200617,000000,248.32,264.37,236.54,261.16,0,0
OML_MV,D,20200618,000000,267.58,298.62,267.58,294.34,0,0
OML_MV,D,20200619,000000,294.34,300.76,290.06,299.69,0,0
OML_MV,D,20200622,000000,302.9,337.15,300.76,336.08,0,0
OML_MV,D,20200623,000000,337.15,385.32,337.15,374.62,0,0
OML_MV,D,20200624,000000,396.02,396.02,342.51,358.56,0,0
OML_MV,D,20200625,000000,368.19,368.19,295.41,326.45,0,0
OML_MV,D,20200626,000000,321.1,361.77,321.1,352.14,0,0
OML_MV,D,20200629,000000,363.91,370.33,337.15,368.19,0,0
OML_MV,D,20200630,000000,374.62,374.62,357.49,359.63,0,0
OML_MV,D,20200701,000000,347.86,355.35,337.15,343.58,0,0
OML_MV,D,20200702,000000,353.21,359.63,347.86,355.35,0,0
OML_MV,D,20200703,000000,358.56,369.26,347.86,369.26,0,0
OML_MV,D,20200706,000000,381.04,389.6,375.69,385.32,0,0
OML_MV,D,20200707,000000,386.39,481.65,386.39,481.65,0,0
OML_MV,D,20200708,000000,503.05,551.22,483.79,543.19,0,0
OML_MV,D,20200709,000000,586.01,586.01,499.84,507.34,0,0
OML_MV,D,20200710,000000,497.7,530.88,482.72,514.83,0,0
OML_MV,D,20200713,000000,513.76,528.74,499.84,524.46,0,0
OML_MV,D,20200714,000000,513.76,524.46,481.65,501.98,0,0
OML_MV,D,20200715,000000,497.7,499.84,467.73,481.65,0,0
OML_MV,D,20200716,000000,491.28,491.28,450.61,478.44,0,0
OML_MV,D,20200717,000000,465.59,526.6,463.45,523.39,0,0
OML_MV,D,20200720,000000,529.81,543.19,508.41,540.52,0,0
OML_MV,D,20200721,000000,524.46,526.6,488.07,494.49,0,0
OML_MV,D,20200722,000000,470.94,477.37,460.24,470.94,0,0
OML_MV,D,20200723,000000,481.65,481.65,454.89,480.58,0,0
OML_MV,D,20200724,000000,474.16,474.16,455.96,462.38,0,0
OML_MV,D,20200727,000000,465.59,465.59,417.43,428.13,0,0
OML_MV,D,20200728,000000,422.78,422.78,363.91,385.32,0,0
OML_MV,D,20200729,000000,385.32,438.83,350,378.9,0,0
OML_MV,D,20200730,000000,363.91,401.37,310.4,310.4,0,0
OML_MV,D,20200731,000000,322.17,384.25,322.17,384.25,0,0
OML_MV,D,20200803,000000,417.43,417.43,384.25,389.6,0,0
OML_MV,D,20200804,000000,396.02,396.02,371.4,375.69,0,0
OML_MV,D,20200805,000000,379.97,379.97,358.56,363.91,0,0
OML_MV,D,20200806,000000,363.91,369.26,353.21,368.19,0,0
OML_MV,D,20200807,000000,368.19,368.19,347.86,359.63,0,0
OML_MV,D,20200810,000000,359.63,385.32,342.51,363.91,0,0
OML_MV,D,20200811,000000,363.91,374.62,347.86,369.26,0,0
OML_MV,D,20200812,000000,373.54,373.54,339.29,350,0,0
OML_MV,D,20200813,000000,362.84,379.97,345.72,358.56,0,0
OML_MV,D,20200814,000000,369.26,394.95,369.26,384.25,0,0
OML_MV,D,20200817,000000,390.67,394.95,369.26,392.81,0,0
OML_MV,D,20200818,000000,396.02,448.47,396.02,442.05,0,0
OML_MV,D,20200819,000000,439.91,453.82,412.08,436.69,0,0
OML_MV,D,20200820,000000,438.83,438.83,423.85,438.83,0,0
OML_MV,D,20200821,000000,449.54,465.59,442.05,455.96,0,0
OML_MV,D,20200824,000000,469.87,507.34,462.38,503.05,0,0
OML_MV,D,20200825,000000,503.05,504.12,487,498.77,0,0
OML_MV,D,20200826,000000,498.77,498.77,458.1,481.65,0,0
OML_MV,D,20200827,000000,487,488.07,466.66,466.66,0,0
OML_MV,D,20200828,000000,465.59,479.51,448.47,454.89,0,0
OML_MV,D,20200831,000000,406.72,452.75,406.72,432.41,0,0
OML_MV,D,20200901,000000,454.89,460.24,415.29,432.41,0,0
OML_MV,D,20200902,000000,438.83,454.89,432.41,442.05,0,0
OML_MV,D,20200903,000000,444.19,459.17,442.05,442.05,0,0
OML_MV,D,20200904,000000,428.13,463.45,417.43,437.76,0,0
OML_MV,D,20200907,000000,481.65,495.56,476.3,478.44,0,0
OML_MV,D,20200908,000000,481.65,481.65,422.78,438.83,0,0
OML_MV,D,20200909,000000,460.24,479.51,428.13,479.51,0,0
OML_MV,D,20200910,000000,482.72,503.05,481.65,501.98,0,0
OML_MV,D,20200911,000000,497.7,559.25,495.56,551.22,0,0
OML_MV,D,20200914,000000,559.25,610.09,559.25,607.41,0,0
OML_MV,D,20200915,000000,636.85,636.85,535.16,545.87,0,0
OML_MV,D,20200916,000000,604.74,604.74,543.19,567.27,0,0
OML_MV,D,20200917,000000,567.27,567.27,526.6,535.16,0,0
OML_MV,D,20200918,000000,535.16,561.92,525.53,559.25,0,0
OML_MV,D,20200921,000000,559.25,561.92,529.81,529.81,0,0
OML_MV,D,20200922,000000,551.22,594.03,535.16,588.68,0,0
OML_MV,D,20200923,000000,620.79,668.96,612.76,668.96,0,0
OML_MV,D,20200924,000000,682.33,717.12,636.85,714.44,0,0
OML_MV,D,20200925,000000,722.47,757.26,711.77,719.8,0,0
OML_MV,D,20200928,000000,722.47,722.47,674.31,714.44,0,0
OML_MV,D,20200929,000000,722.47,738.53,687.69,695.71,0,0
OML_MV,D,20200930,000000,695.71,695.71,668.96,687.69,0,0
OML_MV,D,20201001,000000,668.96,685.01,642.2,650.22,0,0
OML_MV,D,20201002,000000,652.9,658.25,618.11,642.2,0,0
OML_MV,D,20201005,000000,647.55,765.29,647.55,765.29,0,0
OML_MV,D,20201006,000000,775.99,800.07,754.58,781.34,0,0
OML_MV,D,20201007,000000,792.04,792.04,738.53,773.31,0,0
OML_MV,D,20201008,000000,773.31,840.21,767.96,786.69,0,0
OML_MV,D,20201009,000000,818.8,824.15,770.64,802.75,0,0
OML_MV,D,20201012,000000,824.15,834.86,813.45,829.5,0,0
OML_MV,D,20201013,000000,834.86,834.86,781.34,802.75,0,0
OML_MV,D,20201014,000000,786.69,813.45,775.99,792.04,0,0
OML_MV,D,20201015,000000,800.07,800.07,693.04,695.71,0,0
OML_MV,D,20201016,000000,676.98,759.93,658.25,757.26,0,0
OML_MV,D,20201019,000000,775.99,789.37,759.93,770.64,0,0
OML_MV,D,20201020,000000,770.64,770.64,711.77,711.77,0,0
OML_MV,D,20201021,000000,733.18,749.23,711.77,722.47,0,0
OML_MV,D,20201022,000000,746.55,746.55,714.44,735.85,0,0
OML_MV,D,20201023,000000,749.23,770.64,725.15,749.23,0,0
OML_MV,D,20201026,000000,751.91,971.32,733.18,971.32,0,0
OML_MV,D,20201027,000000,1091.74,1118.49,992.73,1056.95,0,0
OML_MV,D,20201028,000000,963.3,963.3,738.53,818.8,0,0
OML_MV,D,20201029,000000,786.69,786.69,639.52,679.66,0,0
OML_MV,D,20201030,000000,626.14,626.14,435.62,445.26,0,0
OML_MV,D,20201102,000000,507.34,666.28,492.35,644.87,0,0
OML_MV,D,20201103,000000,690.36,767.96,663.6,676.98,0,0
OML_MV,D,20201104,000000,695.71,695.71,580.65,631.49,0,0
OML_MV,D,20201105,000000,652.9,685.01,644.87,674.31,0,0
OML_MV,D,20201106,000000,676.98,676.98,620.79,658.25,0,0
OML_MV,D,20201109,000000,695.71,695.71,588.68,620.79,0,0
OML_MV,D,20201110,000000,642.2,642.2,572.63,634.17,0,0
OML_MV,D,20201112,000000,639.52,639.52,591.36,599.38,0,0
OML_MV,D,20201113,000000,588.68,615.44,580.65,604.74,0,0
OML_MV,D,20201116,000000,615.44,623.47,588.68,599.38,0,0
OML_MV,D,20201117,000000,594.03,604.74,588.68,604.74,0,0
OML_MV,D,20201118,000000,607.41,666.28,607.41,647.55,0,0
OML_MV,D,20201119,000000,658.25,658.25,626.14,644.87,0,0
OML_MV,D,20201120,000000,647.55,647.55,610.09,628.82,0,0
OML_MV,D,20201123,000000,636.85,652.9,610.09,644.87,0,0
OML_MV,D,20201124,000000,647.55,647.55,623.47,626.14,0,0
OML_MV,D,20201125,000000,636.85,636.85,623.47,626.14,0,0
OML_MV,D,20201126,000000,626.14,631.49,618.11,631.49,0,0
OML_MV,D,20201127,000000,634.17,652.9,620.79,636.85,0,0
OML_MV,D,20201130,000000,639.52,666.28,634.17,647.55,0,0
OML_MV,D,20201201,000000,658.25,658.25,636.85,636.85,0,0
OML_MV,D,20201202,000000,642.2,642.2,628.82,628.82,0,0
OML_MV,D,20201203,000000,620.79,620.79,567.27,583.33,0,0
OML_MV,D,20201204,000000,583.33,583.33,528.74,575.3,0,0
OML_MV,D,20201207,000000,551.22,572.63,533.02,543.19,0,0
OML_MV,D,20201208,000000,537.84,556.57,534.09,540.52,0,0
OML_MV,D,20201209,000000,561.92,561.92,522.32,522.32,0,0
OML_MV,D,20201210,000000,534.09,559.25,520.18,540.52,0,0
OML_MV,D,20201211,000000,535.16,535.16,497.7,511.62,0,0
OML_MV,D,20201214,000000,508.41,508.41,454.89,497.7,0,0
OML_MV,D,20201215,000000,501.98,523.39,481.65,503.05,0,0
OML_MV,D,20201216,000000,529.81,529.81,491.28,492.35,0,0
OML_MV,D,20201217,000000,501.98,501.98,462.38,472.02,0,0
OML_MV,D,20201218,000000,475.23,475.23,439.91,460.24,0,0
OML_MV,D,20201221,000000,444.19,446.33,422.78,444.19,0,0
OML_MV,D,20201222,000000,444.19,460.24,433.48,452.75,0,0
OML_MV,D,20201223,000000,449.54,449.54,422.78,438.83,0,0
OML_MV,D,20201228,000000,437.76,437.76,411.01,414.22,0,0
OML_MV,D,20201229,000000,417.43,500.91,417.43,479.51,0,0
OML_MV,D,20201230,000000,495.56,572.63,495.56,551.22,0,0
OML_MV,D,20210104,000000,556.57,556.57,515.9,535.16,0,0
OML_MV,D,20210105,000000,535.16,535.16,515.9,520.18,0,0
OML_MV,D,20210107,000000,513.76,513.76,470.94,476.3,0,0
OML_MV,D,20210108,000000,468.8,491.28,468.8,487,0,0
OML_MV,D,20210111,000000,487,487,470.94,478.44,0,0
OML_MV,D,20210112,000000,477.37,477.37,460.24,475.23,0,0
OML_MV,D,20210113,000000,481.65,504.12,448.47,454.89,0,0
OML_MV,D,20210114,000000,449.54,449.54,428.13,429.2,0,0
OML_MV,D,20210115,000000,428.13,438.83,428.13,433.48,0,0
OML_MV,D,20210118,000000,440.98,465.59,428.13,459.17,0,0
OML_MV,D,20210119,000000,459.17,459.17,437.76,440.98,0,0
OML_MV,D,20210120,000000,445.26,445.26,429.2,431.34,0,0
OML_MV,D,20210121,000000,436.69,443.12,430.27,433.48,0,0
OML_MV,D,20210122,000000,438.83,439.91,432.41,436.69,0,0
OML_MV,D,20210125,000000,432.41,433.48,420.64,425.99,0,0
OML_MV,D,20210126,000000,428.13,432.41,415.29,427.06,0,0
OML_MV,D,20210127,000000,433.48,433.48,415.29,417.43,0,0
OML_MV,D,20210128,000000,409.94,412.08,392.81,406.72,0,0
OML_MV,D,20210129,000000,406.72,424.92,398.16,420.64,0,0
OML_MV,D,20210201,000000,417.43,423.85,405.65,409.94,0,0
OML_MV,D,20210202,000000,415.29,416.36,406.72,407.8,0,0
OML_MV,D,20210203,000000,409.94,454.89,407.8,448.47,0,0
OML_MV,D,20210204,000000,448.47,448.47,411.01,411.01,0,0
OML_MV,D,20210205,000000,406.72,428.13,406.72,422.78,0,0
OML_MV,D,20210208,000000,427.06,438.83,418.5,433.48,0,0
OML_MV,D,20210209,000000,433.48,433.48,422.78,428.13,0,0
OML_MV,D,20210210,000000,432.41,451.68,428.13,428.13,0,0
OML_MV,D,20210211,000000,431.34,443.12,422.78,430.27,0,0
OML_MV,D,20210212,000000,430.27,442.05,428.13,440.98,0,0
OML_MV,D,20210215,000000,401.37,412.08,374.62,412.08,0,0
OML_MV,D,20210216,000000,379.97,401.37,379.97,398.16,0,0
OML_MV,D,20210217,000000,390.67,402.44,390.67,401.37,0,0
OML_MV,D,20210218,000000,406.72,406.72,391.74,396.02,0,0
OML_MV,D,20210219,000000,405.65,405.65,385.32,394.95,0,0
OML_MV,D,20210222,000000,392.81,392.81,382.11,385.32,0,0
OML_MV,D,20210223,000000,385.32,385.32,364.98,367.12,0,0
OML_MV,D,20210224,000000,364.98,364.98,352.14,361.77,0,0
OML_MV,D,20210225,000000,350,356.42,341.43,355.35,0,0
OML_MV,D,20210226,000000,347.86,353.21,338.22,348.93,0,0
OML_MV,D,20210301,000000,348.93,378.9,346.79,376.76,0,0
OML_MV,D,20210302,000000,384.25,401.37,377.83,394.95,0,0
OML_MV,D,20210303,000000,394.95,405.65,364.98,378.9,0,0
OML_MV,D,20210304,000000,368.19,401.37,358.56,384.25,0,0
OML_MV,D,20210305,000000,393.88,401.37,375.69,379.97,0,0
OML_MV,D,20210308,000000,391.74,391.74,375.69,386.39,0,0
OML_MV,D,20210309,000000,379.97,386.39,374.62,382.11,0,0
OML_MV,D,20210310,000000,382.11,402.44,374.62,379.97,0,0
OML_MV,D,20210311,000000,379.97,385.32,374.62,385.32,0,0
OML_MV,D,20210312,000000,388.53,388.53,379.97,381.04,0,0
OML_MV,D,20210315,000000,376.76,379.97,363.91,376.76,0,0
OML_MV,D,20210316,000000,363.91,373.54,351.07,358.56,0,0
OML_MV,D,20210317,000000,361.77,363.91,348.93,351.07,0,0
OML_MV,D,20210318,000000,353.21,361.77,340.36,356.42,0,0
OML_MV,D,20210319,000000,353.21,353.21,333.94,333.94,0,0
OML_MV,D,20210322,000000,336.08,341.43,314.68,331.8,0,0
OML_MV,D,20210323,000000,327.52,327.52,314.68,323.24,0,0
OML_MV,D,20210324,000000,323.24,331.8,321.1,327.52,0,0
OML_MV,D,20210325,000000,327.52,338.22,324.31,338.22,0,0
OML_MV,D,20210326,000000,339.29,351.07,339.29,346.79,0,0
OML_MV,D,20210329,000000,329.66,338.22,329.66,338.22,0,0
OML_MV,D,20210330,000000,331.8,347.86,331.8,347.86,0,0
OML_MV,D,20210331,000000,347.86,347.86,318.96,337.15,0,0
OML_MV,D,20210401,000000,337.15,346.79,330.73,345.72,0,0
OML_MV,D,20210406,000000,343.58,347.86,336.08,344.11,0,0
OML_MV,D,20210407,000000,342.51,342.51,333.94,341.43,0,0
OML_MV,D,20210408,000000,333.94,333.94,313.07,324.31,0,0
OML_MV,D,20210409,000000,323.77,323.77,305.58,312,0,0
OML_MV,D,20210412,000000,307.72,307.72,290.06,293.81,0,0
OML_MV,D,20210413,000000,293.81,293.81,265.98,272.93,0,0
OML_MV,D,20210414,000000,277.75,297.55,268.65,297.55,0,0
OML_MV,D,20210415,000000,299.69,320.56,299.69,311.47,0,0
OML_MV,D,20210416,000000,318.96,321.1,301.83,320.56,0,0
OML_MV,D,20210419,000000,320.03,320.03,301.3,301.83,0,0
OML_MV,D,20210420,000000,301.83,301.83,278.29,296.48,0,0
OML_MV,D,20210421,000000,294.34,310.4,293.27,299.69,0,0
OML_MV,D,20210422,000000,306.65,315.75,298.62,309.86,0,0
OML_MV,D,20210423,000000,305.58,307.72,294.88,307.72,0,0
OML_MV,D,20210426,000000,305.04,305.04,285.78,293.81,0,0
OML_MV,D,20210427,000000,293.27,293.27,280.96,283.64,0,0
OML_MV,D,20210428,000000,283.64,305.04,283.64,302.37,0,0
OML_MV,D,20210429,000000,305.04,317.89,293.27,315.21,0,0
OML_MV,D,20210430,000000,317.35,321.1,306.11,310.93,0,0
OML_MV,D,20210504,000000,316.28,337.15,316.28,337.15,0,0
OML_MV,D,20210505,000000,328.59,331.27,327.52,327.52,0,0
OML_MV,D,20210506,000000,328.06,328.06,313.61,314.14,0,0
OML_MV,D,20210507,000000,310.93,310.93,287.38,297.02,0,0
OML_MV,D,20210510,000000,294.34,295.95,285.78,287.92,0,0
OML_MV,D,20210511,000000,288.99,302.9,287.92,298.09,0,0
OML_MV,D,20210512,000000,289.52,315.75,278.82,285.24,0,0
OML_MV,D,20210513,000000,288.45,294.34,284.71,286.85,0,0
OML_MV,D,20210514,000000,342.51,392.81,339.29,374.08,0,0
OML_MV,D,20210517,000000,384.78,384.78,322.17,329.66,0,0
OML_MV,D,20210518,000000,328.59,328.59,299.69,302.37,0,0
OML_MV,D,20210519,000000,308.79,308.79,291.66,295.41,0,0
OML_MV,D,20210520,000000,294.34,314.68,288.45,301.3,0,0
OML_MV,D,20210521,000000,297.02,309.86,297.02,309.33,0,0
OML_MV,D,20210524,000000,309.86,309.86,295.95,297.02,0,0
OML_MV,D,20210525,000000,304.51,304.51,294.34,301.83,0,0
OML_MV,D,20210526,000000,307.72,319.49,302.37,318.96,0,0
OML_MV,D,20210527,000000,321.1,326.45,315.75,325.38,0,0
OML_MV,D,20210528,000000,326.45,326.45,308.25,314.68,0,0
OML_MV,D,20210531,000000,315.21,315.21,299.69,307.18,0,0
OML_MV,D,20210601,000000,311.47,311.47,287.92,291.13,0,0
OML_MV,D,20210602,000000,301.83,311.47,293.27,298.09,0,0
OML_MV,D,20210604,000000,299.69,302.9,293.27,297.02,0,0
OML_MV,D,20210607,000000,297.02,307.18,297.02,305.58,0,0
OML_MV,D,20210608,000000,302.37,306.65,302.37,302.9,0,0
OML_MV,D,20210609,000000,303.97,308.79,298.62,298.62,0,0
OML_MV,D,20210610,000000,299.69,301.83,298.62,298.62,0,0
OML_MV,D,20210611,000000,298.09,304.51,291.66,298.09,0,0
OML_MV,D,20210614,000000,299.69,310.4,293.27,305.04,0,0
OML_MV,D,20210615,000000,310.4,310.4,301.83,308.25,0,0
OML_MV,D,20210616,000000,308.79,308.79,300.76,307.18,0,0
OML_MV,D,20210617,000000,300.23,305.58,294.34,302.9,0,0
OML_MV,D,20210618,000000,299.69,299.69,288.99,296.48,0,0
OML_MV,D,20210621,000000,290.06,298.62,288.99,297.55,0,0
OML_MV,D,20210622,000000,298.09,299.69,294.34,298.62,0,0
OML_MV,D,20210623,000000,299.69,299.69,288.99,297.55,0,0
OML_MV,D,20210624,000000,297.55,298.09,292.2,298.09,0,0
OML_MV,D,20210625,000000,298.09,298.09,290.59,294.34,0,0
OML_MV,D,20210628,000000,294.34,294.34,288.99,294.34,0,0
OML_MV,D,20210629,000000,294.34,297.02,291.13,297.02,0,0
OML_MV,D,20210630,000000,293.27,297.02,290.59,296.48,0,0
OML_MV,D,20210701,000000,294.34,294.34,291.13,291.13,0,0
OML_MV,D,20210702,000000,291.13,294.34,291.13,294.34,0,0
OML_MV,D,20210705,000000,294.34,297.02,291.66,293.27,0,0
OML_MV,D,20210706,000000,293.27,296.48,288.99,294.34,0,0
OML_MV,D,20210707,000000,294.34,294.34,287.92,287.92,0,0
OML_MV,D,20210708,000000,288.99,293.81,287.92,287.92,0,0
OML_MV,D,20210709,000000,290.06,292.2,283.64,292.2,0,0
OML_MV,D,20210712,000000,291.13,291.13,280.96,287.92,0,0
OML_MV,D,20210713,000000,287.92,288.99,283.1,283.64,0,0
OML_MV,D,20210714,000000,286.31,288.45,283.1,283.1,0,0
OML_MV,D,20210715,000000,283.1,286.85,280.96,286.85,0,0
OML_MV,D,20210716,000000,283.64,285.78,281.5,283.64,0,0
OML_MV,D,20210719,000000,280.96,288.99,278.29,278.29,0,0
OML_MV,D,20210720,000000,278.29,283.64,278.29,283.64,0,0
OML_MV,D,20210721,000000,280.43,280.43,272.4,278.82,0,0
OML_MV,D,20210722,000000,278.82,278.82,274.54,275.61,0,0
OML_MV,D,20210723,000000,273.47,278.29,270.26,270.79,0,0
OML_MV,D,20210726,000000,268.65,274,265.44,272.93,0,0
OML_MV,D,20210727,000000,272.4,272.4,264.91,269.72,0,0
OML_MV,D,20210728,000000,267.58,267.58,256.88,266.51,0,0
OML_MV,D,20210729,000000,264.91,267.58,262.23,266.51,0,0
OML_MV,D,20210730,000000,259.55,267.58,254.2,264.91,0,0
OML_MV,D,20210802,000000,264.37,264.91,252.06,261.96,0,0
OML_MV,D,20210803,000000,255.27,265.44,252.6,265.44,0,0
OML_MV,D,20210804,000000,267.58,267.58,264.91,264.91,0,0
OML_MV,D,20210805,000000,266.51,267.05,262.23,262.77,0,0
OML_MV,D,20210806,000000,264.91,264.91,259.55,260.63,0,0
OML_MV,D,20210809,000000,260.36,264.37,260.36,262.23,0,0
OML_MV,D,20210810,000000,262.23,266.51,259.29,266.51,0,0
OML_MV,D,20210811,000000,269.72,278.29,262.23,277.75,0,0
OML_MV,D,20210812,000000,277.75,294.34,277.75,287.92,0,0
OML_MV,D,20210813,000000,288.99,293.81,287.92,288.99,0,0
OML_MV,D,20210816,000000,288.99,305.04,282.57,303.97,0,0
OML_MV,D,20210817,000000,315.75,320.03,305.04,307.72,0,0
OML_MV,D,20210818,000000,310.4,310.4,286.31,286.31,0,0
OML_MV,D,20210819,000000,286.31,286.31,267.58,282.57,0,0
OML_MV,D,20210820,000000,277.75,283.1,272.93,277.22,0,0
OML_MV,D,20210823,000000,277.75,277.75,268.12,272.93,0,0
OML_MV,D,20210824,000000,272.93,277.75,272.93,276.14,0,0
OML_MV,D,20210825,000000,276.14,293.81,276.14,288.99,0,0
OML_MV,D,20210826,000000,288.99,288.99,280.96,286.31,0,0
OML_MV,D,20210827,000000,286.31,291.13,280.43,291.13,0,0
OML_MV,D,20210830,000000,293.81,295.41,282.03,282.03,0,0
OML_MV,D,20210831,000000,291.66,293.81,284.17,288.45,0,0
OML_MV,D,20210901,000000,291.13,291.13,279.36,283.64,0,0
OML_MV,D,20210902,000000,283.64,293.27,279.36,287.92,0,0
OML_MV,D,20210903,000000,287.38,293.27,287.38,288.45,0,0
OML_MV,D,20210906,000000,283.64,293.81,283.64,289.52,0,0
OML_MV,D,20210907,000000,293.81,293.81,284.71,289.52,0,0
OML_MV,D,20210908,000000,284.71,288.45,281.5,287.92,0,0
OML_MV,D,20210909,000000,286.31,294.34,281.5,294.34,0,0
OML_MV,D,20210910,000000,294.34,299.69,289.52,297.55,0,0
OML_MV,D,20210913,000000,299.69,302.37,294.34,294.34,0,0
OML_MV,D,20210914,000000,302.37,302.37,283.64,297.02,0,0
OML_MV,D,20210915,000000,299.69,317.89,297.02,314.68,0,0
OML_MV,D,20210916,000000,314.68,332.87,310.4,320.56,0,0
OML_MV,D,20210917,000000,323.77,326.45,310.4,320.56,0,0
OML_MV,D,20210920,000000,320.03,320.03,294.34,309.86,0,0
OML_MV,D,20210921,000000,319.49,319.49,308.25,312.54,0,0
OML_MV,D,20210922,000000,314.68,323.77,301.3,316.82,0,0
OML_MV,D,20210923,000000,321.1,334.48,318.96,331.8,0,0
OML_MV,D,20210924,000000,331.27,331.27,317.35,321.1,0,0
OML_MV,D,20210927,000000,326.45,326.45,315.21,321.1,0,0
OML_MV,D,20210928,000000,323.24,324.84,318.42,318.42,0,0
OML_MV,D,20210929,000000,321.1,321.1,306.65,310.4,0,0
OML_MV,D,20210930,000000,313.61,315.75,305.58,315.75,0,0
OML_MV,D,20211001,000000,319.49,319.49,302.9,308.79,0,0
OML_MV,D,20211004,000000,308.79,316.28,299.69,312.54,0,0
OML_MV,D,20211005,000000,305.04,310.4,299.69,305.58,0,0
OML_MV,D,20211006,000000,305.58,305.58,295.41,295.41,0,0
OML_MV,D,20211007,000000,294.88,299.69,293.27,294.34,0,0
OML_MV,D,20211008,000000,299.69,304.51,292.2,297.02,0,0
OML_MV,D,20211011,000000,297.02,305.04,297.02,304.51,0,0
OML_MV,D,20211012,000000,305.04,305.04,292.2,299.69,0,0
OML_MV,D,20211013,000000,299.69,299.69,290.06,294.34,0,0
OML_MV,D,20211014,000000,294.34,299.16,283.64,283.64,0,0
OML_MV,D,20211015,000000,283.64,294.34,278.29,294.34,0,0
OML_MV,D,20211018,000000,292.2,301.83,288.99,297.02,0,0
OML_MV,D,20211019,000000,297.55,301.83,288.99,296.48,0,0
OML_MV,D,20211020,000000,294.34,297.02,285.78,288.99,0,0
OML_MV,D,20211021,000000,288.99,291.13,277.22,286.85,0,0
OML_MV,D,20211022,000000,289.52,294.34,279.36,292.2,0,0
OML_MV,D,20211025,000000,292.2,292.2,284.17,291.13,0,0
OML_MV,D,20211026,000000,291.66,291.66,288.99,291.13,0,0
OML_MV,D,20211027,000000,288.99,288.99,283.64,283.64,0,0
OML_MV,D,20211028,000000,286.31,287.92,274,285.78,0,0
OML_MV,D,20211029,000000,280.96,280.96,274,279.89,0,0
OML_MV,D,20211102,000000,272.93,278.29,270.26,272.93,0,0
OML_MV,D,20211103,000000,272.93,274.54,267.05,267.58,0,0
OML_MV,D,20211104,000000,266.51,280.43,263.3,270.79,0,0
OML_MV,D,20211105,000000,271.86,278.29,270.79,275.07,0,0
OML_MV,D,20211108,000000,262.77,275.61,262.77,275.07,0,0
OML_MV,D,20211109,000000,272.93,278.29,267.58,278.29,0,0
OML_MV,D,20211110,000000,272.93,278.29,268.12,277.75,0,0
OML_MV,D,20211112,000000,268.65,280.96,268.12,280.96,0,0
OML_MV,D,20211115,000000,280.96,293.81,272.93,274,0,0
OML_MV,D,20211116,000000,291.66,291.66,271.86,286.31,0,0
OML_MV,D,20211117,000000,282.57,283.64,268.12,276.14,0,0
OML_MV,D,20211118,000000,276.68,283.64,270.79,272.93,0,0
OML_MV,D,20211119,000000,277.75,280.96,270.79,280.96,0,0
OML_MV,D,20211122,000000,283.64,284.71,271.86,280.96,0,0
OML_MV,D,20211123,000000,280.43,280.43,269.19,278.29,0,0
OML_MV,D,20211124,000000,271.33,277.22,267.58,275.61,0,0
OML_MV,D,20211125,000000,272.93,275.61,271.33,275.07,0,0
OML_MV,D,20211126,000000,271.33,272.93,268.65,272.4,0,0
OML_MV,D,20211129,000000,267.58,274,264.91,272.93,0,0
OML_MV,D,20211130,000000,267.58,272.4,264.91,270.26,0,0
OML_MV,D,20211201,000000,272.4,273.47,267.58,267.58,0,0
OML_MV,D,20211202,000000,267.58,273.47,267.58,273.47,0,0
OML_MV,D,20211203,000000,272.4,272.4,266.78,271.86,0,0
OML_MV,D,20211206,000000,268.12,268.12,260.09,263.3,0,0
OML_MV,D,20211207,000000,262.23,267.58,262.23,267.58,0,0
OML_MV,D,20211208,000000,267.58,267.58,251.79,257.95,0,0
OML_MV,D,20211209,000000,257.95,267.58,257.95,259.55,0,0
OML_MV,D,20211210,000000,259.55,260.63,254.2,254.2,0,0
OML_MV,D,20211213,000000,254.2,266.51,254.2,259.55,0,0
OML_MV,D,20211214,000000,256.88,259.55,230.66,246.71,0,0
OML_MV,D,20211215,000000,245.11,245.11,240.82,245.11,0,0
OML_MV,D,20211216,000000,244.57,251.53,241.36,251.53,0,0
OML_MV,D,20211217,000000,251.53,251.53,241.09,245.91,0,0
OML_MV,D,20211220,000000,240.82,240.82,235.74,237.08,0,0
OML_MV,D,20211221,000000,235.47,237.61,225.3,229.05,0,0
OML_MV,D,20211222,000000,230.12,230.12,224.77,226.11,0,0
OML_MV,D,20211223,000000,226.37,229.85,226.37,226.37,0,0
OML_MV,D,20211227,000000,225.84,227.44,214.07,218.88,0,0
OML_MV,D,20211228,000000,218.88,218.88,213.53,218.88,0,0
OML_MV,D,20211229,000000,219.15,248.32,219.15,240.82,0,0
OML_MV,D,20211230,000000,248.32,260.36,241.89,256.88,0,0
OML_MV,D,20220103,000000,256.88,256.88,247.25,247.25,0,0
OML_MV,D,20220104,000000,256.34,272.4,251.53,264.91,0,0
OML_MV,D,20220105,000000,264.91,272.93,264.91,270.26,0,0
OML_MV,D,20220107,000000,265.17,269.19,250.19,269.19,0,0
OML_MV,D,20220110,000000,266.78,267.58,258.48,262.23,0,0
OML_MV,D,20220111,000000,258.48,262.23,256.88,256.88,0,0
OML_MV,D,20220112,000000,256.88,265.98,256.88,259.55,0,0
OML_MV,D,20220113,000000,262.23,264.91,262.23,264.91,0,0
OML_MV,D,20220114,000000,264.91,264.91,259.55,259.55,0,0
OML_MV,D,20220117,000000,259.55,259.55,255.01,257.41,0,0
OML_MV,D,20220118,000000,259.29,263.3,250.99,252.6,0,0
OML_MV,D,20220119,000000,252.6,252.6,241.09,246.18,0,0
OML_MV,D,20220120,000000,248.85,248.85,246.71,246.71,0,0
OML_MV,D,20220121,000000,244.57,248.32,227.44,235.47,0,0
OML_MV,D,20220124,000000,235.47,235.47,223.7,224.23,0,0
OML_MV,D,20220125,000000,224.23,240.82,224.23,240.02,0,0
OML_MV,D,20220126,000000,246.71,246.71,230.12,232.8,0,0
OML_MV,D,20220127,000000,225.84,243.5,225.84,240.82,0,0
OML_MV,D,20220128,000000,242.7,242.7,230.12,239.75,0,0
OML_MV,D,20220131,000000,239.75,240.56,234.94,240.56,0,0
OML_MV,D,20220201,000000,240.82,242.43,230.12,242.43,0,0
OML_MV,D,20220202,000000,242.43,245.64,230.66,245.64,0,0
OML_MV,D,20220203,000000,240.82,247.78,240.29,247.78,0,0
OML_MV,D,20220204,000000,242.96,244.57,235.47,244.57,0,0
OML_MV,D,20220207,000000,245.11,245.11,237.08,237.08,0,0
OML_MV,D,20220208,000000,236.28,245.11,233.87,237.61,0,0
OML_MV,D,20220209,000000,247.25,247.25,240.29,243.5,0,0
OML_MV,D,20220210,000000,240.82,247.78,240.82,247.78,0,0
OML_MV,D,20220211,000000,243.5,246.18,240.82,246.18,0,0
OML_MV,D,20220214,000000,238.68,238.68,214.6,230.12,0,0
OML_MV,D,20220215,000000,227.98,239.49,222.09,234.4,0,0
OML_MV,D,20220216,000000,227.44,233.87,224.77,233.06,0,0
OML_MV,D,20220217,000000,232.8,235.2,217.28,232.26,0,0
OML_MV,D,20220218,000000,232.26,234.94,232.26,233.33,0,0
OML_MV,D,20220221,000000,221.56,234.94,218.88,222.63,0,0
OML_MV,D,20220222,000000,204.43,222.63,204.43,214.07,0,0
OML_MV,D,20220223,000000,214.07,220.49,208.71,213.53,0,0
OML_MV,D,20220224,000000,197.48,203.36,174.46,192.39,0,0
OML_MV,D,20220225,000000,178.21,208.71,178.21,208.71,0,0
OML_MV,D,20220228,000000,213,213,192.66,210.85,0,0
OML_MV,D,20220301,000000,212.46,223.7,206.57,206.57,0,0
OML_MV,D,20220302,000000,217.28,217.28,200.15,210.85,0,0
OML_MV,D,20220303,000000,210.59,210.59,198.01,198.01,0,0
OML_MV,D,20220304,000000,208.71,214.07,192.93,198.01,0,0
OML_MV,D,20220307,000000,198.01,198.01,174.46,194.8,0,0
OML_MV,D,20220308,000000,192.66,192.66,179.55,187.84,0,0
OML_MV,D,20220309,000000,187.31,206.04,187.31,195.34,0,0
OML_MV,D,20220310,000000,198.01,198.01,188.38,192.66,0,0
OML_MV,D,20220311,000000,197.48,200.95,184.9,192.93,0,0
OML_MV,D,20220314,000000,190.52,191.59,180.35,191.59,0,0
OML_MV,D,20220315,000000,187.58,192.66,187.58,192.66,0,0
OML_MV,D,20220316,000000,192.66,192.66,187.31,192.66,0,0
OML_MV,D,20220317,000000,192.66,199.62,187.31,199.62,0,0
OML_MV,D,20220318,000000,198.01,200.15,195.34,198.01,0,0
OML_MV,D,20220321,000000,213.26,213.26,198.01,198.55,0,0
OML_MV,D,20220322,000000,200.15,200.15,192.66,195.34,0,0
OML_MV,D,20220323,000000,198.01,198.01,190.52,190.52,0,0
OML_MV,D,20220324,000000,187.84,196.14,187.84,192.66,0,0
OML_MV,D,20220325,000000,192.66,199.08,192.66,192.66,0,0
OML_MV,D,20220328,000000,196.41,216.74,196.41,203.36,0,0
OML_MV,D,20220329,000000,213.53,213.53,202.29,208.71,0,0
OML_MV,D,20220330,000000,206.04,210.85,203.36,210.85,0,0
OML_MV,D,20220331,000000,210.85,212.73,208.71,208.98,0,0
OML_MV,D,20220401,000000,212.46,212.46,196.94,204.43,0,0
OML_MV,D,20220404,000000,199.08,202.29,192.66,192.66,0,0
OML_MV,D,20220405,000000,192.66,201.22,191.05,193.46,0,0
OML_MV,D,20220406,000000,193.46,201.22,187.58,194,0,0
OML_MV,D,20220407,000000,194,200.69,192.93,193.73,0,0
OML_MV,D,20220408,000000,199.88,201.76,193.73,194,0,0
OML_MV,D,20220411,000000,194,197.48,189.98,192.66,0,0
OML_MV,D,20220412,000000,192.66,192.66,187.31,187.31,0,0
OML_MV,D,20220413,000000,187.31,199.62,185.7,199.62,0,0
OML_MV,D,20220414,000000,190.79,211.93,190.79,207.64,0,0
OML_MV,D,20220419,000000,207.64,208.71,198.28,198.28,0,0
OML_MV,D,20220420,000000,193.19,201.22,193.19,194.26,0,0
OML_MV,D,20220421,000000,198.01,200.42,185.97,198.01,0,0
OML_MV,D,20220422,000000,190.79,196.67,184.63,184.63,0,0
OML_MV,D,20220425,000000,187.31,192.12,179.28,179.28,0,0
OML_MV,D,20220426,000000,183.29,191.59,181.15,188.91,0,0
OML_MV,D,20220427,000000,188.91,188.91,168.58,168.58,0,0
OML_MV,D,20220428,000000,175.8,181.42,165.9,170.18,0,0
OML_MV,D,20220429,000000,162.42,175.53,160.55,168.58,0,0
OML_MV,D,20220502,000000,173.39,173.39,163.76,172.32,0,0
OML_MV,D,20220504,000000,173.39,173.39,170.18,173.39,0,0
OML_MV,D,20220505,000000,173.39,179.28,173.39,175,0,0
OML_MV,D,20220506,000000,173.93,173.93,164.83,165.9,0,0
OML_MV,D,20220509,000000,165.9,171.25,165.9,165.9,0,0
OML_MV,D,20220510,000000,168.58,168.58,161.08,161.08,0,0
OML_MV,D,20220511,000000,163.23,164.3,155.2,155.73,0,0
OML_MV,D,20220512,000000,155.73,160.55,147.17,147.17,0,0
OML_MV,D,20220513,000000,147.17,154.93,145.56,154.66,0,0
OML_MV,D,20220516,000000,154.66,157.34,148.24,148.24,0,0
OML_MV,D,20220517,000000,154.13,154.39,147.17,149.85,0,0
OML_MV,D,20220518,000000,154.13,154.66,139.14,139.14,0,0
OML_MV,D,20220519,000000,144.49,145.56,134.86,134.86,0,0
OML_MV,D,20220520,000000,138.07,153.86,131.12,148.78,0,0
OML_MV,D,20220523,000000,148.78,157.34,148.24,157.34,0,0
OML_MV,D,20220524,000000,156.27,160.01,148.78,155.2,0,0
OML_MV,D,20220525,000000,157.34,160.55,150.38,160.55,0,0
OML_MV,D,20220526,000000,149.85,160.55,144.49,153.06,0,0
OML_MV,D,20220527,000000,153.06,158.94,153.06,158.94,0,0
OML_MV,D,20220530,000000,158.94,158.94,149.85,158.94,0,0
OML_MV,D,20220531,000000,150.38,158.41,148.24,149.85,0,0
OML_MV,D,20220601,000000,144.49,144.49,133.26,133.79,0,0
OML_MV,D,20220602,000000,133.79,143.16,133.79,141.28,0,0
OML_MV,D,20220603,000000,134.86,144.49,134.86,143.42,0,0
OML_MV,D,20220606,000000,139.14,152.52,139.14,149.31,0,0
OML_MV,D,20220607,000000,149.31,152.25,143.42,149.58,0,0
OML_MV,D,20220608,000000,149.58,149.58,139.14,145.03,0,0
OML_MV,D,20220609,000000,144.23,148.24,144.23,145.56,0,0
OML_MV,D,20220610,000000,144.49,148.24,130.04,147.71,0,0
OML_MV,D,20220613,000000,144.49,144.49,130.85,136.2,0,0
OML_MV,D,20220614,000000,131.12,134.86,125.23,132.72,0,0
OML_MV,D,20220615,000000,132.72,132.72,119.88,119.88,0,0
OML_MV,D,20220617,000000,119.88,127.1,119.88,123.09,0,0
OML_MV,D,20220620,000000,122.82,125.76,108.64,120.41,0,0
OML_MV,D,20220621,000000,120.68,121.75,108.1,108.1,0,0
OML_MV,D,20220622,000000,107.03,112.92,106.39,112.92,0,0
OML_MV,D,20220623,000000,115.6,116.67,109.71,114.53,0,0
OML_MV,D,20220624,000000,46.24,46.24,46.24,46.24,0,0
OML_MV,D,20220627,000000,56.19,66.68,55.98,56.62,0,0
OML_MV,D,20220628,000000,57.69,69.14,57.69,61.12,0,0
OML_MV,D,20220629,000000,62.61,63.04,55.44,58.12,0,0
OML_MV,D,20220630,000000,58.33,63.04,56.73,62.08,0,0
OML_MV,D,20220701,000000,62.4,65.29,62.08,63.36,0,0
OML_MV,D,20220704,000000,63.15,63.68,56.19,61.54,0,0
OML_MV,D,20220705,000000,61.54,61.54,58.87,61.22,0,0
OML_MV,D,20220706,000000,58.44,61.54,58.33,60.9,0,0
OML_MV,D,20220707,000000,61.12,65.18,60.9,64.75,0,0
OML_MV,D,20220708,000000,65.29,65.61,63.04,65.29,0,0
OML_MV,D,20220711,000000,65.29,65.29,62.51,62.51,0,0
OML_MV,D,20220712,000000,64.01,64.11,60.05,62.51,0,0
OML_MV,D,20220713,000000,62.4,64.75,60.69,63.68,0,0
OML_MV,D,20220714,000000,63.68,63.68,61.54,62.61,0,0
OML_MV,D,20220715,000000,62.61,62.61,58.87,61.01,0,0
OML_MV,D,20220718,000000,61.01,64.75,61.01,64.75,0,0
OML_MV,D,20220719,000000,64.65,75.46,63.15,69.57,0,0
OML_MV,D,20220720,000000,70.11,79.53,70.11,79.2,0,0
OML_MV,D,20220721,000000,78.56,89.59,78.56,82.95,0,0
OML_MV,D,20220722,000000,83.49,88.3,83.06,87.23,0,0
OML_MV,D,20220725,000000,87.45,88.84,77.06,84.34,0,0
OML_MV,D,20220726,000000,80.27,81.13,77.06,80.17,0,0
OML_MV,D,20220727,000000,80.27,80.27,72.46,79.2,0,0
OML_MV,D,20220728,000000,77.6,81.02,77.06,80.27,0,0
OML_MV,D,20220729,000000,80.17,81.88,78.88,81.88,0,0
OML_MV,D,20220801,000000,81.88,82.74,80.06,81.88,0,0
OML_MV,D,20220802,000000,80.27,87.23,79.85,85.63,0,0
OML_MV,D,20220803,000000,85.63,99.86,85.63,99.01,0,0
OML_MV,D,20220804,000000,98.47,99.01,92.16,97.4,0,0
OML_MV,D,20220805,000000,97.4,127.37,97.4,120.41,0,0
OML_MV,D,20220808,000000,119.34,124.69,117.2,123.09,0,0
OML_MV,D,20220809,000000,120.95,126.3,119.88,124.43,0,0
OML_MV,D,20220810,000000,123.09,125.23,113.45,121.48,0,0
OML_MV,D,20220811,000000,123.09,123.09,112.38,119.88,0,0
OML_MV,D,20220812,000000,119.61,119.61,115.6,118.81,0,0
OML_MV,D,20220816,000000,114.53,125.23,114.53,118.81,0,0
OML_MV,D,20220817,000000,118.81,122.82,117.74,119.61,0,0
OML_MV,D,20220818,000000,119.61,119.61,116.13,119.61,0,0
OML_MV,D,20220819,000000,116.4,117.47,105.43,106.6,0,0
OML_MV,D,20220822,000000,112.12,112.38,106.6,109.17,0,0
OML_MV,D,20220823,000000,107.03,111.58,106.5,108.91,0,0
OML_MV,D,20220824,000000,109.71,112.38,106.82,108.1,0,0
OML_MV,D,20220825,000000,111.05,113.45,104.36,104.36,0,0
OML_MV,D,20220826,000000,103.07,106.82,96.33,101.15,0,0
OML_MV,D,20220829,000000,101.15,101.15,95.37,97.4,0,0
OML_MV,D,20220830,000000,95.79,109.17,95.79,107.03,0,0
OML_MV,D,20220831,000000,104.36,107.57,101.68,104.36,0,0
OML_MV,D,20220901,000000,104.36,107.03,100.61,106.93,0,0
OML_MV,D,20220902,000000,103.29,105.43,101.15,103.71,0,0
OML_MV,D,20220905,000000,104.25,106.5,98.04,101.68,0,0
