<TICKER>,<PER>,<DATE>,<TIME>,<OPEN>,<HIGH>,<LOW>,<CLOSE>,<VOL>,<OPENINT>
OPI_PE,D,20130813,000000,12.2,12.2,12.2,12.2,0,0
OPI_PE,D,20130814,000000,10.6,11.3,10.6,10.9,0,0
OPI_PE,D,20130816,000000,10.9,11.4,10.8,11.4,0,0
OPI_PE,D,20130819,000000,10.9,10.9,10.7,10.7,0,0
OPI_PE,D,20130820,000000,10.9,10.9,9.8,9.8,0,0
OPI_PE,D,20130821,000000,9.8,10.7,9.8,10.7,0,0
OPI_PE,D,20130822,000000,10.8,10.8,10.7,10.7,0,0
OPI_PE,D,20130823,000000,10.9,11.3,10.9,11.3,0,0
OPI_PE,D,20130826,000000,11.4,11.4,11.3,11.4,0,0
OPI_PE,D,20130827,000000,11.5,11.5,11.5,11.5,0,0
OPI_PE,D,20130828,000000,11.5,11.5,11.5,11.5,0,0
OPI_PE,D,20130829,000000,11.5,11.5,10.7,10.7,0,0
OPI_PE,D,20130830,000000,11.4,11.5,11,11.5,0,0
OPI_PE,D,20130902,000000,11.6,11.6,9.3,11,0,0
OPI_PE,D,20130903,000000,11.3,11.3,11.3,11.3,0,0
OPI_PE,D,20130904,000000,11.4,11.4,10.9,10.9,0,0
OPI_PE,D,20130905,000000,11.3,11.3,11.3,11.3,0,0
OPI_PE,D,20130909,000000,11.4,11.4,11.3,11.4,0,0
OPI_PE,D,20130910,000000,11.4,11.5,11.4,11.4,0,0
OPI_PE,D,20130911,000000,11.5,11.5,10.9,10.9,0,0
OPI_PE,D,20130913,000000,11.2,11.2,10.3,10.8,0,0
OPI_PE,D,20130916,000000,10.8,10.8,10.8,10.8,0,0
OPI_PE,D,20130917,000000,11.1,11.1,11.1,11.1,0,0
OPI_PE,D,20130918,000000,11.5,11.5,10.9,10.9,0,0
OPI_PE,D,20130919,000000,10.5,10.5,10.2,10.4,0,0
OPI_PE,D,20130920,000000,11.2,11.2,11.2,11.2,0,0
OPI_PE,D,20130924,000000,11.2,11.2,11.1,11.1,0,0
OPI_PE,D,20130925,000000,10.6,11.1,10.6,11.1,0,0
OPI_PE,D,20130926,000000,11.3,11.3,10.7,11.3,0,0
OPI_PE,D,20130927,000000,10.8,11.3,10.7,10.8,0,0
OPI_PE,D,20130930,000000,11,11,10.9,10.9,0,0
OPI_PE,D,20131001,000000,10.7,10.9,10.7,10.9,0,0
OPI_PE,D,20131002,000000,10.9,10.9,10.9,10.9,0,0
OPI_PE,D,20131003,000000,10.9,10.9,10.9,10.9,0,0
OPI_PE,D,20131004,000000,10.9,10.9,10.5,10.7,0,0
OPI_PE,D,20131007,000000,10.9,10.9,10.9,10.9,0,0
OPI_PE,D,20131008,000000,10.8,10.8,10.7,10.8,0,0
OPI_PE,D,20131009,000000,10.6,10.9,10.6,10.9,0,0
OPI_PE,D,20131010,000000,10.8,10.9,10.8,10.9,0,0
OPI_PE,D,20131011,000000,10.9,11,10.8,10.8,0,0
OPI_PE,D,20131014,000000,10.9,10.9,10.9,10.9,0,0
OPI_PE,D,20131015,000000,10.9,10.9,10.9,10.9,0,0
OPI_PE,D,20131016,000000,10.9,12.2,10.9,11,0,0
OPI_PE,D,20131017,000000,11.5,11.5,11,11,0,0
OPI_PE,D,20131018,000000,11,11,11,11,0,0
OPI_PE,D,20131021,000000,11,13.2,11,11.5,0,0
OPI_PE,D,20131022,000000,12,12,11.6,11.6,0,0
OPI_PE,D,20131023,000000,11.8,12.1,11.5,12.1,0,0
OPI_PE,D,20131024,000000,12,12,11.7,11.7,0,0
OPI_PE,D,20131025,000000,11.7,12.6,11.7,12.6,0,0
OPI_PE,D,20131028,000000,12.6,13.8,12.6,13.8,0,0
OPI_PE,D,20131029,000000,13.6,14,12.7,13.7,0,0
OPI_PE,D,20131030,000000,13.7,13.8,13.7,13.8,0,0
OPI_PE,D,20131031,000000,13.8,13.9,13.3,13.8,0,0
OPI_PE,D,20131104,000000,13.8,14.4,13.8,14.4,0,0
OPI_PE,D,20131105,000000,14.5,14.7,13.9,14.7,0,0
OPI_PE,D,20131106,000000,14.6,14.9,14.6,14.9,0,0
OPI_PE,D,20131107,000000,14.9,15,14.7,15,0,0
OPI_PE,D,20131108,000000,15,15,14.8,15,0,0
OPI_PE,D,20131112,000000,15,15,14.5,14.9,0,0
OPI_PE,D,20131113,000000,14.9,14.9,14.6,14.9,0,0
OPI_PE,D,20131114,000000,14.9,14.9,14.6,14.7,0,0
OPI_PE,D,20131115,000000,14.6,14.8,14.6,14.6,0,0
OPI_PE,D,20131118,000000,14.6,14.6,14.5,14.5,0,0
OPI_PE,D,20131119,000000,14.2,15,14.2,15,0,0
OPI_PE,D,20131120,000000,15,15,14.4,14.9,0,0
OPI_PE,D,20131122,000000,14.5,14.7,14.1,14.7,0,0
OPI_PE,D,20131125,000000,14.7,14.7,14.1,14.7,0,0
OPI_PE,D,20131126,000000,14.8,14.8,14.4,14.6,0,0
OPI_PE,D,20131127,000000,14.6,14.6,14.6,14.6,0,0
OPI_PE,D,20131128,000000,14.5,14.6,14.5,14.6,0,0
OPI_PE,D,20131129,000000,14.3,14.7,14.2,14.7,0,0
OPI_PE,D,20131202,000000,14.6,14.7,11.1,11.1,0,0
OPI_PE,D,20131203,000000,11.1,11.1,11.1,11.1,0,0
OPI_PE,D,20131204,000000,10.9,10.9,10.9,10.9,0,0
OPI_PE,D,20131205,000000,10.4,10.8,10.4,10.8,0,0
OPI_PE,D,20131206,000000,10.4,10.8,10.4,10.8,0,0
OPI_PE,D,20131209,000000,10.8,10.8,10.8,10.8,0,0
OPI_PE,D,20131210,000000,10.3,10.8,10.3,10.8,0,0
OPI_PE,D,20131211,000000,10.8,10.8,10.4,10.8,0,0
OPI_PE,D,20131212,000000,10.8,10.8,10.5,10.7,0,0
OPI_PE,D,20131213,000000,10.6,10.7,10.6,10.6,0,0
OPI_PE,D,20131216,000000,10.5,10.5,10.2,10.4,0,0
OPI_PE,D,20131217,000000,10.1,10.2,10.1,10.2,0,0
OPI_PE,D,20131218,000000,10.2,10.4,9.6,10.4,0,0
OPI_PE,D,20131220,000000,10.4,10.4,9.9,9.9,0,0
OPI_PE,D,20131223,000000,9.9,10.4,9.9,10.4,0,0
OPI_PE,D,20131227,000000,10.5,10.6,10.5,10.5,0,0
OPI_PE,D,20131230,000000,10.4,10.4,10.4,10.4,0,0
OPI_PE,D,20140102,000000,10.5,10.5,10.5,10.5,0,0
OPI_PE,D,20140103,000000,10.5,10.5,10.4,10.4,0,0
OPI_PE,D,20140108,000000,10.4,10.4,10.4,10.4,0,0
OPI_PE,D,20140110,000000,10.4,10.4,10.4,10.4,0,0
OPI_PE,D,20140113,000000,10,10.4,9.6,10.4,0,0
OPI_PE,D,20140114,000000,9.5,10.4,9.5,10.4,0,0
OPI_PE,D,20140116,000000,10.4,10.4,9.7,9.7,0,0
OPI_PE,D,20140117,000000,10.3,10.3,10,10,0,0
OPI_PE,D,20140120,000000,10,10.1,10,10.1,0,0
OPI_PE,D,20140122,000000,10,10.4,9.6,10.4,0,0
OPI_PE,D,20140123,000000,10.4,10.4,10.4,10.4,0,0
OPI_PE,D,20140124,000000,10.3,10.3,9.7,10,0,0
OPI_PE,D,20140127,000000,9.8,10.1,9.8,10.1,0,0
OPI_PE,D,20140128,000000,10,10.2,9.8,10.2,0,0
OPI_PE,D,20140129,000000,9.9,10,9.5,10,0,0
OPI_PE,D,20140130,000000,10,10,9.5,9.9,0,0
OPI_PE,D,20140203,000000,9.7,9.7,9.7,9.7,0,0
OPI_PE,D,20140204,000000,9,9.5,8.5,9.5,0,0
OPI_PE,D,20140205,000000,9.2,9.6,8.6,9.6,0,0
OPI_PE,D,20140206,000000,9.6,9.6,9.6,9.6,0,0
OPI_PE,D,20140207,000000,9.2,9.6,9.2,9.6,0,0
OPI_PE,D,20140211,000000,9.6,9.6,9.6,9.6,0,0
OPI_PE,D,20140213,000000,9.6,9.7,9.3,9.7,0,0
OPI_PE,D,20140214,000000,9.7,9.7,9.5,9.5,0,0
OPI_PE,D,20140217,000000,8.9,9.5,8.9,9.4,0,0
OPI_PE,D,20140218,000000,9.5,9.5,9.1,9.5,0,0
OPI_PE,D,20140219,000000,9.2,9.4,8.8,9.4,0,0
OPI_PE,D,20140220,000000,9,9.5,8.9,9.4,0,0
OPI_PE,D,20140221,000000,9.5,9.5,9.5,9.5,0,0
OPI_PE,D,20140224,000000,9.5,9.7,9.5,9.7,0,0
OPI_PE,D,20140225,000000,9.5,9.5,9.5,9.5,0,0
OPI_PE,D,20140226,000000,9.5,9.5,9.5,9.5,0,0
OPI_PE,D,20140227,000000,9.5,9.5,9.5,9.5,0,0
OPI_PE,D,20140228,000000,9.5,9.5,9.4,9.4,0,0
OPI_PE,D,20140303,000000,9.1,9.1,9.1,9.1,0,0
OPI_PE,D,20140304,000000,9.1,9.9,9.1,9.7,0,0
OPI_PE,D,20140305,000000,10,10.3,9.6,10.2,0,0
OPI_PE,D,20140306,000000,9.9,10.3,9.9,10,0,0
OPI_PE,D,20140307,000000,9.7,9.9,9,9,0,0
OPI_PE,D,20140310,000000,8.7,8.8,8.6,8.8,0,0
OPI_PE,D,20140311,000000,8.8,8.8,8.6,8.6,0,0
OPI_PE,D,20140312,000000,8.5,8.5,8.5,8.5,0,0
OPI_PE,D,20140314,000000,8.1,8.6,7.8,8.5,0,0
OPI_PE,D,20140318,000000,8.3,8.5,8.1,8.5,0,0
OPI_PE,D,20140319,000000,8,8.7,7.6,8.7,0,0
OPI_PE,D,20140320,000000,8.2,8.6,8.1,8.6,0,0
OPI_PE,D,20140324,000000,8.2,8.6,7.8,8.6,0,0
OPI_PE,D,20140325,000000,8.5,8.6,8.1,8.4,0,0
OPI_PE,D,20140326,000000,8.1,8.1,7.9,8,0,0
OPI_PE,D,20140327,000000,8.3,8.3,7.7,7.7,0,0
OPI_PE,D,20140328,000000,7.9,8.1,7.6,7.9,0,0
OPI_PE,D,20140331,000000,8.2,8.4,7.6,8.1,0,0
OPI_PE,D,20140401,000000,7.9,8.4,7.9,8.3,0,0
OPI_PE,D,20140402,000000,8.5,8.5,8.1,8.4,0,0
OPI_PE,D,20140403,000000,8.1,8.5,8.1,8.5,0,0
OPI_PE,D,20140404,000000,8.5,8.5,8.1,8.4,0,0
OPI_PE,D,20140407,000000,8.1,8.5,7.9,8.5,0,0
OPI_PE,D,20140408,000000,8.1,8.5,8,8.1,0,0
OPI_PE,D,20140409,000000,8,8.1,7.5,7.5,0,0
OPI_PE,D,20140410,000000,7.6,7.8,7.5,7.7,0,0
OPI_PE,D,20140411,000000,7.5,7.8,7.5,7.8,0,0
OPI_PE,D,20140414,000000,8.4,8.4,7.5,7.8,0,0
OPI_PE,D,20140415,000000,7.9,7.9,7.5,7.8,0,0
OPI_PE,D,20140416,000000,7.5,7.9,7.5,7.9,0,0
OPI_PE,D,20140417,000000,7.7,7.7,7.6,7.7,0,0
OPI_PE,D,20140422,000000,7.7,7.8,7.2,7.7,0,0
OPI_PE,D,20140423,000000,7.3,7.8,7.3,7.8,0,0
OPI_PE,D,20140424,000000,7.8,7.8,7.8,7.8,0,0
OPI_PE,D,20140425,000000,7.9,7.9,7.4,7.4,0,0
OPI_PE,D,20140428,000000,7.3,7.6,7.1,7.3,0,0
OPI_PE,D,20140429,000000,7,7,4.5,4.5,0,0
OPI_PE,D,20140430,000000,5,5,4.3,4.7,0,0
OPI_PE,D,20140502,000000,4.6,4.6,3.7,4.3,0,0
OPI_PE,D,20140505,000000,4.3,4.3,4,4,0,0
OPI_PE,D,20140506,000000,4,4,3.8,4,0,0
OPI_PE,D,20140507,000000,3.9,4.6,3.8,3.9,0,0
OPI_PE,D,20140508,000000,3.7,4.4,3.7,4.2,0,0
OPI_PE,D,20140509,000000,4.2,4.3,3.8,4.2,0,0
OPI_PE,D,20140512,000000,4,4,3.8,3.9,0,0
OPI_PE,D,20140513,000000,3.9,4.1,3.9,4.1,0,0
OPI_PE,D,20140514,000000,4.2,4.2,3.9,3.9,0,0
OPI_PE,D,20140515,000000,3.9,3.9,3.8,3.9,0,0
OPI_PE,D,20140516,000000,3.8,3.9,3.5,3.7,0,0
OPI_PE,D,20140519,000000,3.6,3.7,3.3,3.6,0,0
OPI_PE,D,20140520,000000,3.6,3.6,3.6,3.6,0,0
OPI_PE,D,20140521,000000,3.6,3.9,3.5,3.9,0,0
OPI_PE,D,20140522,000000,3.8,3.9,3.4,3.9,0,0
OPI_PE,D,20140523,000000,3.9,3.9,3.4,3.7,0,0
OPI_PE,D,20140526,000000,3.5,3.7,3.3,3.6,0,0
OPI_PE,D,20140527,000000,3.4,3.6,3.4,3.5,0,0
OPI_PE,D,20140528,000000,3.3,4,3.3,4,0,0
OPI_PE,D,20140529,000000,4.1,4.1,3.7,3.9,0,0
OPI_PE,D,20140530,000000,3.9,4.3,3.9,4.3,0,0
OPI_PE,D,20140602,000000,4.3,4.7,4.2,4.6,0,0
OPI_PE,D,20140603,000000,4.6,4.6,4.2,4.2,0,0
OPI_PE,D,20140604,000000,4,4.3,4,4.3,0,0
OPI_PE,D,20140605,000000,4,4.4,4,4.4,0,0
OPI_PE,D,20140606,000000,4.4,4.4,3.9,4.2,0,0
OPI_PE,D,20140609,000000,4.2,4.2,4,4.2,0,0
OPI_PE,D,20140610,000000,4.2,4.2,4.2,4.2,0,0
OPI_PE,D,20140611,000000,3.9,4.1,3.9,3.9,0,0
OPI_PE,D,20140612,000000,4.1,4.2,3.9,4.2,0,0
OPI_PE,D,20140613,000000,4.3,4.3,4.1,4.2,0,0
OPI_PE,D,20140616,000000,4.1,4.2,4,4.2,0,0
OPI_PE,D,20140617,000000,3.9,4.1,3.9,4,0,0
OPI_PE,D,20140618,000000,4,4,4,4,0,0
OPI_PE,D,20140620,000000,4.1,4.4,4,4.1,0,0
OPI_PE,D,20140623,000000,4.1,4.1,4.1,4.1,0,0
OPI_PE,D,20140624,000000,4.1,4.2,4,4.2,0,0
OPI_PE,D,20140625,000000,4.2,4.2,4.1,4.2,0,0
OPI_PE,D,20140626,000000,4.2,4.2,4,4.1,0,0
OPI_PE,D,20140627,000000,4.1,4.1,4,4,0,0
OPI_PE,D,20140630,000000,4.2,4.2,3.6,4.1,0,0
OPI_PE,D,20140701,000000,4.1,4.1,3.7,4.1,0,0
OPI_PE,D,20140702,000000,4.1,4.4,4.1,4.4,0,0
OPI_PE,D,20140703,000000,4.4,5.2,4.3,4.3,0,0
OPI_PE,D,20140704,000000,4.5,5,4.5,4.7,0,0
OPI_PE,D,20140707,000000,5,5,4.8,4.8,0,0
OPI_PE,D,20140708,000000,4.4,4.7,4.2,4.7,0,0
OPI_PE,D,20140709,000000,4.3,4.3,3.7,4.1,0,0
OPI_PE,D,20140710,000000,4.3,4.3,4.1,4.1,0,0
OPI_PE,D,20140711,000000,4.1,4.2,4.1,4.2,0,0
OPI_PE,D,20140714,000000,4.2,5.1,4.2,5.1,0,0
OPI_PE,D,20140715,000000,5.1,5.2,4.8,5.1,0,0
OPI_PE,D,20140716,000000,4.7,5,4.6,4.8,0,0
OPI_PE,D,20140717,000000,5,5.2,4.8,4.8,0,0
OPI_PE,D,20140718,000000,4.8,5,4.8,4.8,0,0
OPI_PE,D,20140721,000000,5,5,4.8,4.8,0,0
OPI_PE,D,20140722,000000,5,5,4.8,4.8,0,0
OPI_PE,D,20140723,000000,5,5.3,5,5.3,0,0
OPI_PE,D,20140724,000000,5.3,5.3,5.3,5.3,0,0
OPI_PE,D,20140725,000000,5.3,5.3,5.3,5.3,0,0
OPI_PE,D,20140728,000000,5.3,5.3,5.3,5.3,0,0
OPI_PE,D,20140729,000000,5.1,5.3,5.1,5.3,0,0
OPI_PE,D,20140730,000000,5.1,5.1,4.8,4.8,0,0
OPI_PE,D,20140731,000000,4.9,4.9,4.8,4.8,0,0
OPI_PE,D,20140801,000000,4.8,5.3,4.8,5.3,0,0
OPI_PE,D,20140804,000000,5.3,5.3,5.3,5.3,0,0
OPI_PE,D,20140805,000000,5.3,5.3,5.3,5.3,0,0
OPI_PE,D,20140806,000000,5.3,5.3,4.9,4.9,0,0
OPI_PE,D,20140812,000000,4.9,5.1,4.6,4.9,0,0
OPI_PE,D,20140813,000000,4.9,5.3,4.6,5.3,0,0
OPI_PE,D,20140814,000000,5.3,5.3,4.5,4.9,0,0
OPI_PE,D,20140818,000000,5,5,4.8,4.8,0,0
OPI_PE,D,20140819,000000,4.6,4.6,4.6,4.6,0,0
OPI_PE,D,20140820,000000,4.7,4.7,4.7,4.7,0,0
OPI_PE,D,20140821,000000,4.6,4.9,4.6,4.8,0,0
OPI_PE,D,20140822,000000,4.8,4.8,4.8,4.8,0,0
OPI_PE,D,20140825,000000,4.6,4.6,4.6,4.6,0,0
OPI_PE,D,20140826,000000,4.6,4.6,3.9,3.9,0,0
OPI_PE,D,20140827,000000,4.1,4.2,3.5,3.6,0,0
OPI_PE,D,20140828,000000,3.7,3.7,3.3,3.3,0,0
OPI_PE,D,20140829,000000,3.3,3.7,3.3,3.4,0,0
OPI_PE,D,20140901,000000,3.3,3.3,3.3,3.3,0,0
OPI_PE,D,20140902,000000,3.5,3.6,3.5,3.5,0,0
OPI_PE,D,20140903,000000,3.6,4.2,3.6,4.2,0,0
OPI_PE,D,20140904,000000,4.1,5,3.4,5,0,0
OPI_PE,D,20140905,000000,4.7,5.2,4.7,5.1,0,0
OPI_PE,D,20140908,000000,5.3,5.3,4.7,4.8,0,0
OPI_PE,D,20140909,000000,5,5.1,4.7,4.7,0,0
OPI_PE,D,20140910,000000,4.5,4.9,4,4.9,0,0
OPI_PE,D,20140911,000000,4.9,4.9,4.5,4.5,0,0
OPI_PE,D,20140915,000000,4.4,4.6,4.4,4.6,0,0
OPI_PE,D,20140916,000000,4.8,4.8,4.8,4.8,0,0
OPI_PE,D,20140917,000000,4.6,4.8,4.6,4.8,0,0
OPI_PE,D,20140918,000000,4.6,4.8,4.4,4.8,0,0
OPI_PE,D,20140922,000000,4.8,4.9,4.5,4.6,0,0
OPI_PE,D,20140924,000000,4.6,4.8,4.6,4.8,0,0
OPI_PE,D,20140925,000000,4.9,5.2,4.9,5.2,0,0
OPI_PE,D,20140926,000000,5.4,5.7,5.4,5.5,0,0
OPI_PE,D,20140929,000000,5.6,5.8,5.6,5.8,0,0
OPI_PE,D,20140930,000000,5.8,6.3,5.8,6.3,0,0
OPI_PE,D,20141001,000000,6.1,6.1,5.7,5.7,0,0
OPI_PE,D,20141002,000000,5.7,5.7,5.7,5.7,0,0
OPI_PE,D,20141003,000000,5.6,5.6,3.6,3.6,0,0
OPI_PE,D,20141006,000000,3.1,3.7,2.7,2.9,0,0
OPI_PE,D,20141007,000000,2.9,3.2,2.8,3,0,0
OPI_PE,D,20141008,000000,2.9,3.3,2.9,3.1,0,0
OPI_PE,D,20141009,000000,3,3.3,3,3.2,0,0
OPI_PE,D,20141010,000000,3.2,3.2,2.9,3.2,0,0
OPI_PE,D,20141013,000000,3,3,3,3,0,0
OPI_PE,D,20141014,000000,3,3,2.9,2.9,0,0
OPI_PE,D,20141015,000000,2.9,2.9,2.3,2.3,0,0
OPI_PE,D,20141016,000000,2.3,2.4,1.5,1.9,0,0
OPI_PE,D,20141017,000000,1.9,2.2,1.9,2.1,0,0
OPI_PE,D,20141020,000000,2,2,1.8,1.8,0,0
OPI_PE,D,20141021,000000,1.6,1.7,1.5,1.7,0,0
OPI_PE,D,20141022,000000,1.6,1.6,1.3,1.3,0,0
OPI_PE,D,20141023,000000,1.4,1.4,0.9,1.1,0,0
OPI_PE,D,20141024,000000,1.1,1.4,1,1.3,0,0
OPI_PE,D,20141027,000000,1.2,1.3,1.1,1.1,0,0
OPI_PE,D,20141028,000000,1.1,1.2,1,1.2,0,0
OPI_PE,D,20141029,000000,1.2,1.3,1.1,1.2,0,0
OPI_PE,D,20141030,000000,1.2,1.7,1.2,1.6,0,0
OPI_PE,D,20141031,000000,1.6,1.8,1.6,1.7,0,0
OPI_PE,D,20141103,000000,1.8,1.9,1.8,1.8,0,0
OPI_PE,D,20141104,000000,1.8,2.1,1.8,2,0,0
OPI_PE,D,20141105,000000,2.1,2.2,1.9,2,0,0
OPI_PE,D,20141106,000000,2.1,2.1,1.8,1.9,0,0
OPI_PE,D,20141107,000000,1.9,2.2,1.7,2,0,0
OPI_PE,D,20141110,000000,2,2,1.9,2,0,0
OPI_PE,D,20141112,000000,1.9,2.1,1.9,1.9,0,0
OPI_PE,D,20141113,000000,1.9,1.9,1.8,1.8,0,0
OPI_PE,D,20141114,000000,1.7,2,1.5,1.9,0,0
OPI_PE,D,20141117,000000,2,2.3,2,2.1,0,0
OPI_PE,D,20141118,000000,2.1,2.1,2,2,0,0
OPI_PE,D,20141119,000000,2,2.2,1.9,2,0,0
OPI_PE,D,20141120,000000,1.9,2,1.8,1.9,0,0
OPI_PE,D,20141121,000000,1.9,2,1.9,1.9,0,0
OPI_PE,D,20141124,000000,1.9,2,1.9,1.9,0,0
OPI_PE,D,20141125,000000,1.9,1.9,1.6,1.8,0,0
OPI_PE,D,20141126,000000,1.8,1.8,1.7,1.7,0,0
OPI_PE,D,20141127,000000,1.8,1.8,1.7,1.7,0,0
OPI_PE,D,20141128,000000,1.6,1.6,1.5,1.6,0,0
OPI_PE,D,20141201,000000,1.5,1.6,1.3,1.3,0,0
OPI_PE,D,20141202,000000,1.3,5.9,1.1,5.9,0,0
OPI_PE,D,20141203,000000,6.2,6.2,5.1,6,0,0
OPI_PE,D,20141204,000000,4.8,4.8,3.9,4.2,0,0
OPI_PE,D,20141205,000000,4.5,4.5,3.4,3.8,0,0
OPI_PE,D,20141208,000000,3.8,4.4,3.5,4.1,0,0
OPI_PE,D,20141209,000000,4.2,4.7,4.1,4.3,0,0
OPI_PE,D,20141210,000000,4.5,4.5,4.2,4.2,0,0
OPI_PE,D,20141211,000000,4.2,4.3,4.2,4.3,0,0
OPI_PE,D,20141212,000000,4.1,4.3,4.1,4.1,0,0
OPI_PE,D,20141215,000000,4.1,4.3,4,4.1,0,0
OPI_PE,D,20141216,000000,4.1,4.1,3.9,4,0,0
OPI_PE,D,20141217,000000,4,4,3.9,3.9,0,0
OPI_PE,D,20141218,000000,3.8,3.8,3.5,3.8,0,0
OPI_PE,D,20141219,000000,3.7,3.9,3.7,3.9,0,0
OPI_PE,D,20141222,000000,3.9,4.1,3.8,3.8,0,0
OPI_PE,D,20141223,000000,3.8,3.8,3.5,3.8,0,0
OPI_PE,D,20141229,000000,3.8,4,3.8,4,0,0
OPI_PE,D,20141230,000000,4,4,3.9,3.9,0,0
OPI_PE,D,20150102,000000,3.9,4.4,3.9,4.4,0,0
OPI_PE,D,20150105,000000,4.1,4.4,4.1,4.3,0,0
OPI_PE,D,20150107,000000,4.3,4.6,4.2,4.5,0,0
OPI_PE,D,20150108,000000,4.5,4.7,4.5,4.7,0,0
OPI_PE,D,20150109,000000,4.4,4.7,4.3,4.3,0,0
OPI_PE,D,20150112,000000,4.2,4.3,4.1,4.3,0,0
OPI_PE,D,20150113,000000,4.1,4.3,4.1,4.3,0,0
OPI_PE,D,20150114,000000,4.3,4.5,4.3,4.4,0,0
OPI_PE,D,20150115,000000,4.4,4.4,4.3,4.3,0,0
OPI_PE,D,20150116,000000,4.3,4.3,3.9,4.2,0,0
OPI_PE,D,20150119,000000,4.2,4.2,4,4.1,0,0
OPI_PE,D,20150120,000000,4.1,4.1,4,4,0,0
OPI_PE,D,20150122,000000,4,4.1,4,4.1,0,0
OPI_PE,D,20150123,000000,4.1,4.1,3.9,3.9,0,0
OPI_PE,D,20150126,000000,3.9,3.9,3.7,3.9,0,0
OPI_PE,D,20150127,000000,3.9,3.9,3.8,3.8,0,0
OPI_PE,D,20150128,000000,3.7,3.8,3.7,3.8,0,0
OPI_PE,D,20150129,000000,3.8,3.8,3.8,3.8,0,0
OPI_PE,D,20150130,000000,3.4,3.8,3.4,3.8,0,0
OPI_PE,D,20150202,000000,3.7,3.9,3.6,3.9,0,0
OPI_PE,D,20150203,000000,3.9,3.9,3.9,3.9,0,0
OPI_PE,D,20150204,000000,3.9,3.9,3.8,3.8,0,0
OPI_PE,D,20150205,000000,3.6,3.7,3.5,3.7,0,0
OPI_PE,D,20150206,000000,3.4,3.8,3.4,3.8,0,0
OPI_PE,D,20150209,000000,3.5,3.7,3.5,3.7,0,0
OPI_PE,D,20150210,000000,3.6,3.7,3,3.1,0,0
OPI_PE,D,20150211,000000,2.9,3,2.6,2.7,0,0
OPI_PE,D,20150212,000000,2.7,3,2.7,3,0,0
OPI_PE,D,20150213,000000,3,3.3,2.7,3.3,0,0
OPI_PE,D,20150216,000000,3.3,3.3,3.2,3.2,0,0
OPI_PE,D,20150217,000000,3.1,3.2,3,3.2,0,0
OPI_PE,D,20150218,000000,3.2,3.2,2.7,2.7,0,0
OPI_PE,D,20150219,000000,2.6,2.6,2.5,2.6,0,0
OPI_PE,D,20150220,000000,2.5,2.6,2.4,2.6,0,0
OPI_PE,D,20170523,000000,1.1,1.1,1.1,1.1,0,0
OPI_PE,D,20170602,000000,0.8,0.8,0.8,0.8,0,0
OPI_PE,D,20170605,000000,0.8,0.8,0.8,0.8,0,0
OPI_PE,D,20170614,000000,1,1,1,1,0,0
OPI_PE,D,20170620,000000,1,1,1,1,0,0
OPI_PE,D,20170621,000000,1,1,0.9,0.9,0,0
OPI_PE,D,20170627,000000,1,1,1,1,0,0
OPI_PE,D,20170628,000000,1.1,1.1,1.1,1.1,0,0
OPI_PE,D,20170630,000000,0.8,0.8,0.8,0.8,0,0
OPI_PE,D,20170703,000000,0.9,1.1,0.9,1.1,0,0
OPI_PE,D,20170705,000000,1.2,1.3,1.2,1.3,0,0
OPI_PE,D,20170706,000000,1.3,1.3,1.3,1.3,0,0
OPI_PE,D,20170713,000000,0.9,0.9,0.9,0.9,0,0
OPI_PE,D,20170714,000000,0.9,0.9,0.9,0.9,0,0
OPI_PE,D,20170718,000000,1.1,1.1,1.1,1.1,0,0
OPI_PE,D,20170719,000000,1.2,1.2,1.2,1.2,0,0
OPI_PE,D,20170802,000000,1.3,1.3,1.3,1.3,0,0
OPI_PE,D,20170808,000000,1.2,1.2,1.1,1.1,0,0
OPI_PE,D,20170816,000000,0.9,0.9,0.9,0.9,0,0
OPI_PE,D,20170821,000000,0.8,0.9,0.8,0.9,0,0
OPI_PE,D,20170822,000000,0.9,0.9,0.9,0.9,0,0
OPI_PE,D,20180606,000000,23.5,23.5,23.5,23.5,0,0
OPI_PE,D,20180607,000000,25.5,25.5,25.3,25.3,0,0
OPI_PE,D,20180619,000000,21.8,21.8,21.7,21.7,0,0
OPI_PE,D,20180629,000000,21.8,23.6,21.8,23.5,0,0
OPI_PE,D,20180705,000000,18.2,18.2,18.1,18.1,0,0
OPI_PE,D,20180712,000000,14.5,14.5,14.5,14.5,0,0
OPI_PE,D,20180713,000000,14.5,14.5,14.5,14.5,0,0
OPI_PE,D,20180727,000000,16.4,16.4,16.3,16.3,0,0
OPI_PE,D,20180802,000000,16.4,16.4,16.3,16.3,0,0
OPI_PE,D,20180806,000000,20,23.6,20,23.5,0,0
OPI_PE,D,20180813,000000,18.2,18.2,18.1,18.1,0,0
OPI_PE,D,20180820,000000,18.2,18.2,18.1,18.1,0,0
OPI_PE,D,20180824,000000,13.8,13.8,13.7,13.7,0,0
OPI_PE,D,20180829,000000,12.1,12.1,12,12,0,0
OPI_PE,D,20180830,000000,10.3,10.3,10.3,10.3,0,0
OPI_PE,D,20180831,000000,10.3,10.3,8.6,8.6,0,0
OPI_PE,D,20180903,000000,6.9,6.9,6.8,6.8,0,0
OPI_PE,D,20180904,000000,6.8,6.8,6.8,6.8,0,0
OPI_PE,D,20180905,000000,5.1,5.1,5.1,5.1,0,0
OPI_PE,D,20180906,000000,1.7,5.1,1.7,5.1,0,0
OPI_PE,D,20180907,000000,6.8,6.8,6.8,6.8,0,0
OPI_PE,D,20180912,000000,8.5,8.6,8.5,8.6,0,0
OPI_PE,D,20180913,000000,10.3,10.3,10.3,10.3,0,0
OPI_PE,D,20180914,000000,10.3,10.3,10.3,10.3,0,0
OPI_PE,D,20180919,000000,12.1,12.1,12,12,0,0
OPI_PE,D,20180926,000000,10.3,10.3,10.3,10.3,0,0
OPI_PE,D,20180928,000000,8.6,8.6,8.6,8.6,0,0
OPI_PE,D,20181010,000000,10.3,10.3,10.3,10.3,0,0
OPI_PE,D,20181108,000000,8.6,8.6,8.6,8.6,0,0
OPI_PE,D,20181109,000000,8.6,8.6,8.6,8.6,0,0
OPI_PE,D,20181119,000000,12.1,12.1,12,12,0,0
OPI_PE,D,20181129,000000,4.9,4.9,4.8,4.8,0,0
OPI_PE,D,20181203,000000,4.8,4.8,4.8,4.8,0,0
OPI_PE,D,20181204,000000,4.8,4.8,4.8,4.8,0,0
OPI_PE,D,20181214,000000,5.8,5.8,5.8,5.8,0,0
OPI_PE,D,20190110,000000,5.8,5.8,5.8,5.8,0,0
OPI_PE,D,20190206,000000,6.8,6.8,6.8,6.8,0,0
OPI_PE,D,20190208,000000,7.8,7.8,7.8,7.8,0,0
OPI_PE,D,20190215,000000,9.7,9.7,9.7,9.7,0,0
OPI_PE,D,20190222,000000,9.7,9.7,9.7,9.7,0,0
OPI_PE,D,20190301,000000,9.7,9.7,9.7,9.7,0,0
OPI_PE,D,20190304,000000,9.7,9.7,9.7,9.7,0,0
OPI_PE,D,20190305,000000,10.7,10.7,10.7,10.7,0,0
OPI_PE,D,20190306,000000,13.6,15.5,13.6,15.5,0,0
OPI_PE,D,20190307,000000,18.4,18.4,18.3,18.3,0,0
OPI_PE,D,20190308,000000,17.4,17.4,17.4,17.4,0,0
OPI_PE,D,20190311,000000,18.3,18.3,18.3,18.3,0,0
OPI_PE,D,20190312,000000,18.4,18.4,18.4,18.4,0,0
OPI_PE,D,20190313,000000,18.4,18.4,18.4,18.4,0,0
OPI_PE,D,20190315,000000,21.2,21.2,21.1,21.1,0,0
OPI_PE,D,20190318,000000,19.4,19.4,19.4,19.4,0,0
OPI_PE,D,20190319,000000,17.5,17.5,12.6,12.6,0,0
OPI_PE,D,20190320,000000,12.6,12.6,12.6,12.6,0,0
OPI_PE,D,20191120,000000,11,11.1,11,11.1,0,0
OPI_PE,D,20191125,000000,10.1,10.1,10,10,0,0
OPI_PE,D,20191129,000000,7.8,7.8,7.8,7.8,0,0
OPI_PE,D,20191202,000000,9,9,9,9,0,0
OPI_PE,D,20191203,000000,7.8,7.8,7.1,7.2,0,0
OPI_PE,D,20191205,000000,6.5,6.5,6.5,6.5,0,0
OPI_PE,D,20191206,000000,7.1,7.2,7.1,7.2,0,0
OPI_PE,D,20191209,000000,7.2,7.2,7.2,7.2,0,0
OPI_PE,D,20191212,000000,9.8,10.5,9.8,10.5,0,0
OPI_PE,D,20191213,000000,11.9,12.7,11.9,12.7,0,0
OPI_PE,D,20191218,000000,10.6,10.6,10.5,10.5,0,0
OPI_PE,D,20191219,000000,8.4,8.4,8.4,8.4,0,0
OPI_PE,D,20191220,000000,9.8,9.8,9.8,9.8,0,0
OPI_PE,D,20191223,000000,9.8,9.8,9.8,9.8,0,0
OPI_PE,D,20191230,000000,9.8,9.8,9.8,9.8,0,0
OPI_PE,D,20200102,000000,11.9,12,11.9,12,0,0
OPI_PE,D,20200103,000000,14.1,14.1,14.1,14.1,0,0
OPI_PE,D,20200113,000000,14.1,14.1,14.1,14.1,0,0
OPI_PE,D,20200116,000000,14.1,14.1,14.1,14.1,0,0
OPI_PE,D,20200204,000000,11.3,11.3,11.3,11.3,0,0
OPI_PE,D,20200206,000000,13.5,14.1,13.5,14.1,0,0
OPI_PE,D,20200211,000000,14.1,14.1,14.1,14.1,0,0
OPI_PE,D,20200212,000000,16.9,16.9,14.1,14.1,0,0
OPI_PE,D,20200218,000000,8.3,8.3,8.3,8.3,0,0
OPI_PE,D,20200219,000000,10.4,10.4,10.4,10.4,0,0
OPI_PE,D,20200225,000000,6.3,6.3,6.2,6.2,0,0
OPI_PE,D,20200226,000000,6.2,6.2,6.2,6.2,0,0
OPI_PE,D,20200302,000000,6.2,6.2,6.2,6.2,0,0
OPI_PE,D,20200304,000000,5.7,5.7,5.7,5.7,0,0
OPI_PE,D,20200306,000000,6.2,6.2,6.2,6.2,0,0
OPI_PE,D,20200309,000000,5.2,5.2,5.2,5.2,0,0
OPI_PE,D,20200310,000000,6.2,6.2,6.2,6.2,0,0
OPI_PE,D,20200311,000000,5.2,5.2,5.2,5.2,0,0
OPI_PE,D,20200312,000000,5.2,5.2,5.2,5.2,0,0
OPI_PE,D,20200313,000000,6.3,6.3,6.2,6.2,0,0
OPI_PE,D,20200318,000000,5.2,5.2,5.2,5.2,0,0
OPI_PE,D,20200320,000000,5.2,5.2,5.2,5.2,0,0
OPI_PE,D,20200327,000000,4.2,5.3,4.2,5.3,0,0
OPI_PE,D,20200330,000000,4.2,4.2,4.2,4.2,0,0
OPI_PE,D,20200406,000000,5.5,5.5,5.5,5.5,0,0
OPI_PE,D,20200407,000000,6.6,6.6,6.6,6.6,0,0
OPI_PE,D,20200408,000000,6.6,6.6,6.6,6.6,0,0
OPI_PE,D,20200409,000000,7.9,7.9,7.9,7.9,0,0
OPI_PE,D,20200414,000000,7.9,7.9,7.9,7.9,0,0
OPI_PE,D,20200415,000000,7.9,10,7.9,9.7,0,0
OPI_PE,D,20200417,000000,9.4,9.7,9.4,9.7,0,0
OPI_PE,D,20200422,000000,7.9,8.9,7.4,7.4,0,0
OPI_PE,D,20200423,000000,7.3,10.3,7.3,10.3,0,0
OPI_PE,D,20200424,000000,10.3,10.3,10.3,10.3,0,0
OPI_PE,D,20200506,000000,8.5,10.2,7.4,10.1,0,0
OPI_PE,D,20200507,000000,10.1,10.1,8.1,9.7,0,0
OPI_PE,D,20200508,000000,8.6,9.5,8.6,9.5,0,0
OPI_PE,D,20200511,000000,9.3,10.3,9,10,0,0
OPI_PE,D,20200512,000000,9.9,10.3,9,10.3,0,0
OPI_PE,D,20200514,000000,8.5,9.8,8.5,9.5,0,0
OPI_PE,D,20200515,000000,9.8,9.8,6.9,7.7,0,0
OPI_PE,D,20200518,000000,9.2,11.5,9.2,11.4,0,0
OPI_PE,D,20200519,000000,7.8,7.8,7.8,7.8,0,0
OPI_PE,D,20200520,000000,9.3,11.1,8.2,10.6,0,0
OPI_PE,D,20200521,000000,10.6,15.2,10.6,15,0,0
OPI_PE,D,20200522,000000,15.1,16.4,9.9,11.4,0,0
OPI_PE,D,20200525,000000,11.4,11.4,11.1,11.1,0,0
OPI_PE,D,20200526,000000,9.2,11.1,9.2,10.6,0,0
OPI_PE,D,20200527,000000,9.7,10.6,7.8,9.3,0,0
OPI_PE,D,20200528,000000,9.3,10.5,9.3,10,0,0
OPI_PE,D,20200529,000000,10,10,10,10,0,0
OPI_PE,D,20200601,000000,8.2,9.9,7.6,9.9,0,0
OPI_PE,D,20200603,000000,8.1,9.4,8.1,9.4,0,0
OPI_PE,D,20200604,000000,9.4,10.6,8.4,10.4,0,0
OPI_PE,D,20200609,000000,8.2,9.9,8.2,9.9,0,0
OPI_PE,D,20200610,000000,7.8,9.3,7.8,9.3,0,0
OPI_PE,D,20200612,000000,8.6,8.8,8.6,8.7,0,0
OPI_PE,D,20200615,000000,8.7,8.8,8.7,8.8,0,0
OPI_PE,D,20200616,000000,8.8,8.8,8.8,8.8,0,0
OPI_PE,D,20200617,000000,8.8,8.8,8.8,8.8,0,0
OPI_PE,D,20200618,000000,8.8,10.1,8.8,10.1,0,0
OPI_PE,D,20200622,000000,8.7,10.4,8.7,10.4,0,0
OPI_PE,D,20200625,000000,10,10,8.2,8.2,0,0
OPI_PE,D,20200626,000000,9.9,9.9,8.8,8.8,0,0
OPI_PE,D,20200629,000000,10,10.3,10,10,0,0
OPI_PE,D,20200630,000000,8.2,10.6,8.2,10.6,0,0
OPI_PE,D,20200701,000000,10,10,10,10,0,0
OPI_PE,D,20200702,000000,10.2,10.5,10.2,10.3,0,0
OPI_PE,D,20200706,000000,8.9,10.1,8.9,10.1,0,0
OPI_PE,D,20200710,000000,10,10,10,10,0,0
OPI_PE,D,20200713,000000,9.9,11.7,9.9,11.5,0,0
OPI_PE,D,20200714,000000,11.5,14.4,11.5,14,0,0
OPI_PE,D,20200715,000000,11.9,13.9,11.9,13.4,0,0
OPI_PE,D,20200716,000000,13.5,13.5,11.8,13.3,0,0
OPI_PE,D,20200717,000000,13.3,13.3,10.9,11.7,0,0
OPI_PE,D,20200720,000000,12.6,12.9,11.7,12.8,0,0
OPI_PE,D,20200721,000000,12.8,17.6,11.4,15.8,0,0
OPI_PE,D,20200722,000000,18.7,18.7,15.8,17.6,0,0
OPI_PE,D,20200723,000000,18.9,25.9,18.9,25.2,0,0
OPI_PE,D,20200724,000000,28.1,30.4,22.5,23.8,0,0
OPI_PE,D,20200727,000000,25.1,26.3,20.6,25.8,0,0
OPI_PE,D,20200728,000000,27.4,27.4,23.4,25.2,0,0
OPI_PE,D,20200729,000000,28.7,28.7,21.3,22.8,0,0
OPI_PE,D,20200730,000000,22.8,22.8,16.5,17,0,0
OPI_PE,D,20200731,000000,19.3,19.9,17.5,18.2,0,0
OPI_PE,D,20200803,000000,20,21.8,16.9,18.2,0,0
OPI_PE,D,20200804,000000,19.1,19.5,18.4,19.4,0,0
OPI_PE,D,20200805,000000,19.4,20.5,17.6,20.2,0,0
OPI_PE,D,20200806,000000,20.6,28.2,20.6,24.5,0,0
OPI_PE,D,20200807,000000,24.9,24.9,20,21.7,0,0
OPI_PE,D,20200810,000000,20.1,21.9,20.1,21.2,0,0
OPI_PE,D,20200811,000000,22,22.1,18.2,18.3,0,0
OPI_PE,D,20200812,000000,18.4,18.4,14.7,15.8,0,0
OPI_PE,D,20200813,000000,17.4,20.8,14.7,18.2,0,0
OPI_PE,D,20200814,000000,18.6,20,16.5,17.2,0,0
OPI_PE,D,20200817,000000,14.7,17.2,14.7,15,0,0
OPI_PE,D,20200818,000000,16.2,18.1,15.5,15.7,0,0
OPI_PE,D,20200819,000000,17.6,17.8,15.6,16.9,0,0
OPI_PE,D,20200820,000000,16.7,23.9,16.7,23.9,0,0
OPI_PE,D,20200821,000000,26.6,33,26.6,32.9,0,0
OPI_PE,D,20200824,000000,44.7,44.7,37.2,37.2,0,0
OPI_PE,D,20200825,000000,35.9,37,28.7,28.7,0,0
OPI_PE,D,20200826,000000,31.9,31.9,26.9,29.5,0,0
OPI_PE,D,20200827,000000,29.3,31.9,26.2,31.3,0,0
OPI_PE,D,20200828,000000,31.4,35.1,28.2,32.4,0,0
OPI_PE,D,20200831,000000,34,35.6,31.9,33.5,0,0
OPI_PE,D,20200901,000000,34,34,29.8,30.3,0,0
OPI_PE,D,20200902,000000,30.6,33.8,28.2,31.9,0,0
OPI_PE,D,20200903,000000,27.1,30.1,24.7,26.5,0,0
OPI_PE,D,20200904,000000,26.5,27.1,23,26.6,0,0
OPI_PE,D,20200907,000000,27.9,27.9,23.4,23.4,0,0
OPI_PE,D,20200908,000000,24,24,16.2,17.5,0,0
OPI_PE,D,20200909,000000,20.5,21.1,17.6,21.1,0,0
OPI_PE,D,20200910,000000,21.2,22.3,19.2,22.3,0,0
OPI_PE,D,20200911,000000,23.9,23.9,19.9,21.3,0,0
OPI_PE,D,20200914,000000,20.7,22.1,19.4,21.1,0,0
OPI_PE,D,20200915,000000,21.5,23.1,19.2,20.7,0,0
OPI_PE,D,20200916,000000,22,22,19.7,21.3,0,0
OPI_PE,D,20200917,000000,19.1,21.3,19.1,21,0,0
OPI_PE,D,20200918,000000,19.2,23.2,19.2,22.7,0,0
OPI_PE,D,20200921,000000,23.3,26.5,21.8,24.4,0,0
OPI_PE,D,20200922,000000,24.9,25.4,21.7,22.8,0,0
OPI_PE,D,20200923,000000,22.8,22.8,18.6,21.1,0,0
OPI_PE,D,20200924,000000,19,19,17.6,18.1,0,0
OPI_PE,D,20200925,000000,19.9,19.9,17.8,19.6,0,0
OPI_PE,D,20200928,000000,18.6,18.6,16.6,17.2,0,0
OPI_PE,D,20200929,000000,18.5,19.5,17.3,19,0,0
OPI_PE,D,20200930,000000,17.1,17.6,15.4,17.5,0,0
OPI_PE,D,20201001,000000,17.5,17.5,12.7,15.4,0,0
OPI_PE,D,20201002,000000,14.4,15.5,12.9,14,0,0
OPI_PE,D,20201005,000000,16.4,19.2,16.4,19.2,0,0
OPI_PE,D,20201015,000000,95.2,106.3,95.2,106.3,0,0
OPI_PE,D,20201016,000000,127.7,128.7,81.9,86.1,0,0
OPI_PE,D,20201019,000000,92.6,92.6,67,71.7,0,0
OPI_PE,D,20201020,000000,74.5,87.2,63.3,74.4,0,0
OPI_PE,D,20201021,000000,76.1,82.4,71.8,73.9,0,0
OPI_PE,D,20201022,000000,46.3,52.7,45.5,45.7,0,0
OPI_PE,D,20201023,000000,45.7,47.9,44.1,44.1,0,0
OPI_PE,D,20201026,000000,45.7,45.7,36.7,39.6,0,0
OPI_PE,D,20201027,000000,38.8,44.9,35.1,40.9,0,0
OPI_PE,D,20201028,000000,40.2,40.2,31.4,34.3,0,0
OPI_PE,D,20201029,000000,34.6,34.6,30.1,34.3,0,0
OPI_PE,D,20201030,000000,31.9,34.3,29.5,31.9,0,0
OPI_PE,D,20201102,000000,31.6,37.2,31.4,37.2,0,0
OPI_PE,D,20201103,000000,40.2,40.2,34,34.5,0,0
OPI_PE,D,20201104,000000,35.9,35.9,29.8,32.7,0,0
OPI_PE,D,20201105,000000,32.4,33.2,30.9,32.1,0,0
OPI_PE,D,20201106,000000,31.4,32.4,29.3,30.6,0,0
OPI_PE,D,20201109,000000,30.9,33.5,30.1,31.3,0,0
OPI_PE,D,20201110,000000,33.8,33.8,29.5,30.3,0,0
OPI_PE,D,20201112,000000,32.7,44.1,29.3,40.6,0,0
OPI_PE,D,20201113,000000,42.6,43.1,35.9,39.9,0,0
OPI_PE,D,20201116,000000,39.9,57.7,32.7,57.7,0,0
OPI_PE,D,20201117,000000,53.8,57.3,52.1,55.1,0,0
OPI_PE,D,20201118,000000,55.1,56.4,50.4,52.2,0,0
OPI_PE,D,20201119,000000,52.1,52.2,49.6,52.2,0,0
OPI_PE,D,20201120,000000,52.1,55.1,47.9,55.1,0,0
OPI_PE,D,20201123,000000,55.6,61.5,51.3,56,0,0
OPI_PE,D,20201124,000000,58.5,58.5,53.8,56.9,0,0
OPI_PE,D,20201125,000000,56.8,56.8,53,56,0,0
OPI_PE,D,20201126,000000,55.6,55.6,50.4,52.2,0,0
OPI_PE,D,20201127,000000,50.4,53.4,47.9,53.4,0,0
OPI_PE,D,20201130,000000,53.4,53.4,47.9,49.6,0,0
OPI_PE,D,20201201,000000,49.6,52.1,45.7,49.6,0,0
OPI_PE,D,20201202,000000,49.6,49.6,44,46.2,0,0
OPI_PE,D,20201203,000000,45.7,47,45.3,46.6,0,0
OPI_PE,D,20201204,000000,46.6,47,44,47,0,0
OPI_PE,D,20201207,000000,46.6,46.6,44.4,45.3,0,0
OPI_PE,D,20201208,000000,44.4,45.7,41.4,45.7,0,0
OPI_PE,D,20201209,000000,43.6,45.7,41.5,43.6,0,0
OPI_PE,D,20201210,000000,41.9,42.7,41.2,41.4,0,0
OPI_PE,D,20201211,000000,42.6,44.9,41.2,44.5,0,0
OPI_PE,D,20201214,000000,44.4,44.4,41.9,42.8,0,0
OPI_PE,D,20201215,000000,44.4,45.7,43.6,43.6,0,0
OPI_PE,D,20201216,000000,45.7,45.7,44.9,45.7,0,0
OPI_PE,D,20201217,000000,45.7,65.4,45.7,57.3,0,0
OPI_PE,D,20201218,000000,57.3,59,50,53,0,0
OPI_PE,D,20201221,000000,53,53.8,48.3,53,0,0
OPI_PE,D,20201222,000000,50.4,53,48.7,53,0,0
OPI_PE,D,20201223,000000,52.1,52.1,48.3,49.2,0,0
OPI_PE,D,20201228,000000,48.3,57.7,42.7,55.1,0,0
OPI_PE,D,20201229,000000,55.1,59,53,58.6,0,0
OPI_PE,D,20201230,000000,58.5,59.4,54.7,57.3,0,0
OPI_PE,D,20210104,000000,66.7,66.7,59.8,66.3,0,0
OPI_PE,D,20210105,000000,73.5,75.2,63.2,68.8,0,0
OPI_PE,D,20210107,000000,68.4,75.2,65,68.4,0,0
OPI_PE,D,20210108,000000,70.5,73.5,70.5,72.7,0,0
OPI_PE,D,20210111,000000,73.5,73.5,64.1,67.5,0,0
OPI_PE,D,20210112,000000,67.5,72.6,67.5,70.1,0,0
OPI_PE,D,20210113,000000,72.2,72.2,67.1,71,0,0
OPI_PE,D,20210114,000000,66.7,68.4,62.4,65,0,0
OPI_PE,D,20210115,000000,64.1,64.1,62.4,64.1,0,0
OPI_PE,D,20210118,000000,65.4,65.4,60.3,62,0,0
OPI_PE,D,20210119,000000,61.5,62.8,59.8,61.6,0,0
OPI_PE,D,20210120,000000,62.4,62.4,55.6,59.4,0,0
OPI_PE,D,20210121,000000,59.4,62.4,56.8,57.3,0,0
OPI_PE,D,20210122,000000,57.3,60.7,55.6,59.9,0,0
OPI_PE,D,20210125,000000,59.8,59.8,55.6,58.6,0,0
OPI_PE,D,20210126,000000,59.8,59.8,53.8,55.6,0,0
OPI_PE,D,20210127,000000,55.6,58.1,54.7,57.7,0,0
OPI_PE,D,20210128,000000,56.8,57.7,53.8,56.4,0,0
OPI_PE,D,20210129,000000,55.6,55.6,53.8,55.1,0,0
OPI_PE,D,20210201,000000,53.8,61.6,49.1,61.6,0,0
OPI_PE,D,20210202,000000,61.5,63.2,59.8,61.6,0,0
OPI_PE,D,20210203,000000,61.5,63.2,58.1,61.1,0,0
OPI_PE,D,20210204,000000,61.1,61.5,57.7,60.3,0,0
OPI_PE,D,20210205,000000,59.8,59.9,57.3,59.9,0,0
OPI_PE,D,20210208,000000,59.4,59.4,55.6,57.3,0,0
OPI_PE,D,20210209,000000,57.3,57.3,53,56,0,0
OPI_PE,D,20210210,000000,56.4,62.4,55.6,62.4,0,0
OPI_PE,D,20210211,000000,62,62,59.8,60.7,0,0
OPI_PE,D,20210212,000000,59,63.2,59,62.4,0,0
OPI_PE,D,20210215,000000,62.4,63.2,60.3,62,0,0
OPI_PE,D,20210216,000000,70.1,70.1,61.5,64.6,0,0
OPI_PE,D,20210217,000000,64.5,86.3,63.2,80.8,0,0
OPI_PE,D,20210218,000000,82.1,93.2,14.7,14.7,0,0
OPI_PE,D,20210219,000000,14.7,15.6,13.7,15,0,0
OPI_PE,D,20210222,000000,15.5,15.5,14.3,15,0,0
OPI_PE,D,20210223,000000,14.9,14.9,13.3,13.6,0,0
OPI_PE,D,20210224,000000,13.6,13.8,13.6,13.8,0,0
OPI_PE,D,20210225,000000,14,16.4,13.5,16.4,0,0
OPI_PE,D,20210226,000000,15.9,18.9,14.7,17.2,0,0
OPI_PE,D,20210301,000000,18.5,20,17.5,19.9,0,0
OPI_PE,D,20210302,000000,19.7,21.2,18.7,19.4,0,0
OPI_PE,D,20210303,000000,18.9,19.4,16.9,16.9,0,0
OPI_PE,D,20210304,000000,16.5,16.5,15.1,16.2,0,0
OPI_PE,D,20210305,000000,16.6,17.2,15.4,15.7,0,0
OPI_PE,D,20210308,000000,16.2,16.9,15.4,16,0,0
OPI_PE,D,20210309,000000,15.7,17.3,15.7,17.2,0,0
OPI_PE,D,20210310,000000,18.4,18.7,15.7,15.9,0,0
OPI_PE,D,20210311,000000,15.9,16.6,15.6,16.3,0,0
OPI_PE,D,20210312,000000,16.4,16.9,15.9,16.5,0,0
OPI_PE,D,20210315,000000,16.5,16.5,15,15,0,0
OPI_PE,D,20210316,000000,15.2,16.1,15.2,15.6,0,0
OPI_PE,D,20210317,000000,15.4,16.9,15.2,16.1,0,0
OPI_PE,D,20210318,000000,16.1,17.7,16,17.2,0,0
OPI_PE,D,20210319,000000,17.2,17.9,16.3,16.4,0,0
OPI_PE,D,20210322,000000,16.3,18.1,15.9,17.4,0,0
OPI_PE,D,20210323,000000,17.6,17.9,16.7,17,0,0
OPI_PE,D,20210324,000000,17,17,16,16.4,0,0
OPI_PE,D,20210325,000000,16.7,17.1,15.7,16.5,0,0
OPI_PE,D,20210326,000000,16.8,17,16.2,17,0,0
OPI_PE,D,20210329,000000,17,18.2,17,18.2,0,0
OPI_PE,D,20210330,000000,18.4,18.4,17.4,18,0,0
OPI_PE,D,20210331,000000,18,18.8,17.7,18.4,0,0
OPI_PE,D,20210401,000000,18.7,18.7,17.6,18.4,0,0
OPI_PE,D,20210406,000000,19.5,19.5,18.5,19.2,0,0
OPI_PE,D,20210407,000000,19.2,19.2,18.4,19.1,0,0
OPI_PE,D,20210408,000000,18.8,18.8,17.9,18,0,0
OPI_PE,D,20210409,000000,18.6,19.5,18.4,18.7,0,0
OPI_PE,D,20210412,000000,18.4,19.4,16.3,18.4,0,0
OPI_PE,D,20210413,000000,18.8,18.8,17.4,18.1,0,0
OPI_PE,D,20210414,000000,17.6,18.3,17.4,18,0,0
OPI_PE,D,20210415,000000,17.9,17.9,16.9,17.6,0,0
OPI_PE,D,20210416,000000,17.5,17.5,16.5,17.4,0,0
OPI_PE,D,20210419,000000,17.4,17.4,16.6,17.2,0,0
OPI_PE,D,20210420,000000,16.7,16.7,15.9,15.9,0,0
OPI_PE,D,20210421,000000,16.4,16.5,15.9,16.5,0,0
OPI_PE,D,20210422,000000,16.7,19.2,15.9,19.2,0,0
OPI_PE,D,20210423,000000,18.6,19.1,17.9,18.5,0,0
OPI_PE,D,20210426,000000,18.7,21.2,17.9,20.6,0,0
OPI_PE,D,20210427,000000,20.8,20.8,19.4,20.4,0,0
OPI_PE,D,20210428,000000,19.5,19.5,17.7,19,0,0
OPI_PE,D,20210429,000000,17.9,19.1,17.9,19.1,0,0
OPI_PE,D,20210430,000000,19.3,19.3,19.1,19.1,0,0
OPI_PE,D,20210504,000000,19.2,19.2,18.1,19,0,0
OPI_PE,D,20210505,000000,18.9,18.9,18.1,18.8,0,0
OPI_PE,D,20210506,000000,18.1,18.6,17.9,18.5,0,0
OPI_PE,D,20210507,000000,17.9,17.9,16.7,17.5,0,0
OPI_PE,D,20210510,000000,17.5,17.9,17.2,17.9,0,0
OPI_PE,D,20210511,000000,17,17.9,16.5,17.5,0,0
OPI_PE,D,20210512,000000,16.8,17.5,16.5,17.4,0,0
OPI_PE,D,20210513,000000,16.6,17.3,16.1,17.3,0,0
OPI_PE,D,20210514,000000,17,17.2,17,17.1,0,0
OPI_PE,D,20210517,000000,17,18.3,16.1,18.3,0,0
OPI_PE,D,20210518,000000,16,18.2,15.7,18.2,0,0
OPI_PE,D,20210519,000000,16.4,18,16.2,17.1,0,0
OPI_PE,D,20210520,000000,16.5,17.1,16.5,17.1,0,0
OPI_PE,D,20210521,000000,17.1,17.1,16.3,16.9,0,0
OPI_PE,D,20210524,000000,16.1,16.9,16.1,16.1,0,0
OPI_PE,D,20210525,000000,15.4,16.4,12.4,14.2,0,0
OPI_PE,D,20210526,000000,14.2,14.2,12.5,13.7,0,0
OPI_PE,D,20210527,000000,13.7,14.2,13.7,14,0,0
OPI_PE,D,20210528,000000,14,14.2,13.3,14.2,0,0
OPI_PE,D,20210531,000000,14.2,14.2,13.4,14,0,0
OPI_PE,D,20210601,000000,13.4,14,12.9,13.8,0,0
OPI_PE,D,20210602,000000,13.8,13.8,12.9,13.7,0,0
OPI_PE,D,20210604,000000,13.7,13.8,13.7,13.8,0,0
OPI_PE,D,20210607,000000,13.8,14.3,13.8,14.2,0,0
OPI_PE,D,20210608,000000,14.6,14.6,14.4,14.4,0,0
OPI_PE,D,20210609,000000,14.4,14.6,14.4,14.6,0,0
OPI_PE,D,20210610,000000,13.6,15.1,13.6,14.8,0,0
OPI_PE,D,20210614,000000,15,15,14,14.6,0,0
OPI_PE,D,20210615,000000,14.1,14.4,14.1,14.4,0,0
OPI_PE,D,20210616,000000,14.6,15.1,14.5,14.8,0,0
OPI_PE,D,20210617,000000,13.6,15,13.6,14.1,0,0
OPI_PE,D,20210618,000000,14.1,15,13.8,14.6,0,0
OPI_PE,D,20210621,000000,14.6,15,13.8,15,0,0
OPI_PE,D,20210622,000000,14.1,15.3,14.1,15.3,0,0
OPI_PE,D,20210623,000000,15.3,15.3,14.2,15.3,0,0
OPI_PE,D,20210624,000000,15.3,15.3,15.2,15.2,0,0
OPI_PE,D,20210625,000000,15.1,15.1,14.4,15,0,0
OPI_PE,D,20210628,000000,15,15,14.5,14.8,0,0
OPI_PE,D,20210629,000000,15.2,15.2,14.2,15,0,0
OPI_PE,D,20210630,000000,14.4,14.4,14,14.4,0,0
OPI_PE,D,20210701,000000,13.8,15,13.8,15,0,0
OPI_PE,D,20210702,000000,14.1,14.9,14.1,14.9,0,0
OPI_PE,D,20210705,000000,14.1,14.8,13.9,14.8,0,0
OPI_PE,D,20210706,000000,14.9,14.9,14,14.8,0,0
OPI_PE,D,20210707,000000,14,14.7,14,14.7,0,0
OPI_PE,D,20210708,000000,14.7,24.7,14.7,24.7,0,0
OPI_PE,D,20210709,000000,26.7,26.7,17.7,17.9,0,0
OPI_PE,D,20210712,000000,17.9,18.3,16,16.1,0,0
OPI_PE,D,20210713,000000,16.5,17,16,16.3,0,0
OPI_PE,D,20210714,000000,16.5,16.5,15.5,16.1,0,0
OPI_PE,D,20210715,000000,16.1,16.9,15,15.7,0,0
OPI_PE,D,20210716,000000,15.7,15.7,15.1,15.6,0,0
OPI_PE,D,20210719,000000,15.5,17.6,15.5,16,0,0
OPI_PE,D,20210720,000000,16,16.4,15.1,15.7,0,0
OPI_PE,D,20210721,000000,15.5,15.7,14.9,15.2,0,0
OPI_PE,D,20210722,000000,14.7,15.4,14.7,15.4,0,0
OPI_PE,D,20210723,000000,14.7,15.3,14.7,15,0,0
OPI_PE,D,20210726,000000,14.8,15.1,14.5,15,0,0
OPI_PE,D,20210727,000000,14.8,15.6,14.6,15.3,0,0
OPI_PE,D,20210728,000000,15,15,14.6,14.8,0,0
OPI_PE,D,20210729,000000,14.8,15.4,14.3,15.3,0,0
OPI_PE,D,20210730,000000,15.3,15.4,14.8,15.4,0,0
OPI_PE,D,20210802,000000,15.9,16.5,15.6,16.4,0,0
OPI_PE,D,20210803,000000,15.9,17.1,15.7,16.3,0,0
OPI_PE,D,20210804,000000,15.9,16.2,15.5,16.1,0,0
OPI_PE,D,20210805,000000,15.5,16.3,15.5,16.2,0,0
OPI_PE,D,20210806,000000,15.6,16.3,15.6,16.3,0,0
OPI_PE,D,20210809,000000,16.2,16.3,15.5,16.2,0,0
OPI_PE,D,20210810,000000,16.1,16.9,16.1,16.6,0,0
OPI_PE,D,20210811,000000,16.4,16.4,16.1,16.1,0,0
OPI_PE,D,20210812,000000,16.6,16.7,16.4,16.7,0,0
OPI_PE,D,20210813,000000,16.7,16.7,16.3,16.7,0,0
OPI_PE,D,20210816,000000,16.5,16.9,16.1,16.1,0,0
OPI_PE,D,20210817,000000,11.9,11.9,11.9,11.9,0,0
OPI_PE,D,20210818,000000,11.6,11.8,11.4,11.8,0,0
OPI_PE,D,20210819,000000,11.8,11.8,11,11.5,0,0
OPI_PE,D,20210820,000000,11.5,11.5,11,11.5,0,0
OPI_PE,D,20210823,000000,11.5,11.5,10.6,11.2,0,0
OPI_PE,D,20210824,000000,11.2,11.4,10.8,11.1,0,0
OPI_PE,D,20210825,000000,11.4,11.4,10.4,10.9,0,0
OPI_PE,D,20210826,000000,10.4,10.9,10.4,10.6,0,0
OPI_PE,D,20210827,000000,10.9,10.9,10.4,10.9,0,0
OPI_PE,D,20210830,000000,10.6,10.8,10.6,10.8,0,0
OPI_PE,D,20210831,000000,10.4,10.5,10.1,10.5,0,0
OPI_PE,D,20210901,000000,10.3,10.5,10.2,10.2,0,0
OPI_PE,D,20210902,000000,10.2,10.4,9.8,10.2,0,0
OPI_PE,D,20210903,000000,9.8,10.2,9.8,10.2,0,0
OPI_PE,D,20210906,000000,9.8,10.1,9.5,9.9,0,0
OPI_PE,D,20210907,000000,9.6,9.9,9.6,9.9,0,0
OPI_PE,D,20210908,000000,9.4,9.7,9.3,9.3,0,0
OPI_PE,D,20210909,000000,9.7,9.7,9.2,9.7,0,0
OPI_PE,D,20210910,000000,9.3,10,9.3,10,0,0
OPI_PE,D,20210913,000000,9.3,10,9.3,10,0,0
OPI_PE,D,20210914,000000,9.4,10,9.3,9.7,0,0
OPI_PE,D,20210915,000000,9.7,10,9.3,9.3,0,0
OPI_PE,D,20210916,000000,9.3,10,9,10,0,0
OPI_PE,D,20210917,000000,9.8,9.8,9.8,9.8,0,0
OPI_PE,D,20210920,000000,9,9.3,8.6,9.3,0,0
OPI_PE,D,20210921,000000,8.6,9.2,8.6,9,0,0
OPI_PE,D,20210922,000000,8.7,9,8.3,8.3,0,0
OPI_PE,D,20210923,000000,8.2,9,8.2,9,0,0
OPI_PE,D,20210924,000000,9,10.2,9,9.6,0,0
OPI_PE,D,20210927,000000,9.9,9.9,8.6,9,0,0
OPI_PE,D,20210928,000000,9.1,9.1,8.4,9.1,0,0
OPI_PE,D,20210929,000000,9.1,9.1,8,8.4,0,0
OPI_PE,D,20210930,000000,8.1,8.4,7.7,8.4,0,0
OPI_PE,D,20211001,000000,8.4,8.7,8,8.7,0,0
OPI_PE,D,20211004,000000,8.9,9,8.2,8.8,0,0
OPI_PE,D,20211005,000000,8.2,8.6,8.2,8.6,0,0
OPI_PE,D,20211006,000000,8.1,8.5,8,8.4,0,0
OPI_PE,D,20211007,000000,8.4,8.4,8,8.3,0,0
OPI_PE,D,20211008,000000,8.3,8.8,8.3,8.8,0,0
OPI_PE,D,20211011,000000,8.2,8.7,8.2,8.7,0,0
OPI_PE,D,20211012,000000,8.7,8.8,8.7,8.8,0,0
OPI_PE,D,20211013,000000,8.5,8.8,8.1,8.7,0,0
OPI_PE,D,20211014,000000,8.6,8.7,8.3,8.7,0,0
OPI_PE,D,20211015,000000,8.6,8.9,8.6,8.7,0,0
OPI_PE,D,20211018,000000,8.3,8.8,8.3,8.7,0,0
OPI_PE,D,20211019,000000,8.4,8.8,8.4,8.7,0,0
OPI_PE,D,20211020,000000,8.7,8.7,8.3,8.7,0,0
OPI_PE,D,20211021,000000,8.4,9.1,8.3,9,0,0
OPI_PE,D,20211022,000000,8.7,9,8.7,9,0,0
OPI_PE,D,20211025,000000,8.4,8.8,8.3,8.3,0,0
OPI_PE,D,20211026,000000,8.6,9,8.6,9,0,0
OPI_PE,D,20211027,000000,8.9,8.9,8.4,8.9,0,0
OPI_PE,D,20211028,000000,8.7,8.8,8.6,8.7,0,0
OPI_PE,D,20211029,000000,8.5,8.7,8.4,8.7,0,0
OPI_PE,D,20211102,000000,8.7,8.7,8.7,8.7,0,0
OPI_PE,D,20211103,000000,8.7,8.7,8.7,8.7,0,0
OPI_PE,D,20211104,000000,8.4,8.7,8.4,8.7,0,0
OPI_PE,D,20211105,000000,8.4,9.3,8.4,9,0,0
OPI_PE,D,20211108,000000,8.4,9,8.4,9,0,0
OPI_PE,D,20211109,000000,9,10.1,9,9.3,0,0
OPI_PE,D,20211110,000000,9.3,9.3,8.8,9,0,0
OPI_PE,D,20211112,000000,8.9,8.9,8.7,8.9,0,0
OPI_PE,D,20211115,000000,9.1,9.1,8.5,8.7,0,0
OPI_PE,D,20211116,000000,8.4,8.7,8.3,8.7,0,0
OPI_PE,D,20211117,000000,8.3,8.6,8.3,8.6,0,0
OPI_PE,D,20211118,000000,8.2,8.7,8.2,8.7,0,0
OPI_PE,D,20211119,000000,8.3,8.7,7.6,8.3,0,0
OPI_PE,D,20211122,000000,8,8.5,8,8.5,0,0
OPI_PE,D,20211123,000000,8.5,8.5,7.9,8.5,0,0
OPI_PE,D,20211124,000000,8.1,8.3,7.7,8.3,0,0
OPI_PE,D,20211125,000000,7.9,8.2,7.9,8.2,0,0
OPI_PE,D,20211126,000000,7.8,8,7.7,7.9,0,0
OPI_PE,D,20211129,000000,7.6,7.6,7.4,7.6,0,0
OPI_PE,D,20211130,000000,7.4,7.9,7.4,7.9,0,0
OPI_PE,D,20211201,000000,7.4,7.7,7.3,7.7,0,0
OPI_PE,D,20211202,000000,7.4,7.7,7.3,7.7,0,0
OPI_PE,D,20211203,000000,7.4,7.7,7.3,7.7,0,0
OPI_PE,D,20211206,000000,7.3,8.8,7.3,8.8,0,0
OPI_PE,D,20211207,000000,8.8,9.1,8.8,9.1,0,0
OPI_PE,D,20211208,000000,9.1,9.1,8.8,9.1,0,0
OPI_PE,D,20211209,000000,9.1,9.2,9.1,9.1,0,0
OPI_PE,D,20211210,000000,8.9,9.1,8.6,9.1,0,0
OPI_PE,D,20211213,000000,8.8,9.1,8.8,9.1,0,0
OPI_PE,D,20211214,000000,8.6,9,8.6,9,0,0
OPI_PE,D,20211215,000000,8.6,8.8,8.3,8.8,0,0
OPI_PE,D,20211216,000000,8.3,8.9,8.1,8.4,0,0
OPI_PE,D,20211217,000000,8.1,8.4,8,8.4,0,0
OPI_PE,D,20211220,000000,7.9,7.9,7.4,7.9,0,0
OPI_PE,D,20211221,000000,7.5,7.9,7.5,7.9,0,0
OPI_PE,D,20211222,000000,7.9,8.3,7.9,8.3,0,0
OPI_PE,D,20211223,000000,8.1,8.1,7.7,8.1,0,0
OPI_PE,D,20211227,000000,7.7,7.8,7.2,7.8,0,0
OPI_PE,D,20211228,000000,7.4,7.7,7.2,7.7,0,0
OPI_PE,D,20211229,000000,7.7,7.8,7.5,7.8,0,0
OPI_PE,D,20211230,000000,7.8,8.1,7.8,8.1,0,0
OPI_PE,D,20220103,000000,8.4,9,7.9,8.6,0,0
OPI_PE,D,20220104,000000,8.6,8.6,8.2,8.6,0,0
OPI_PE,D,20220105,000000,8,8.8,8,8.8,0,0
OPI_PE,D,20220107,000000,8.8,8.8,8.8,8.8,0,0
OPI_PE,D,20220110,000000,8.9,8.9,8.1,8.6,0,0
OPI_PE,D,20220111,000000,8.2,8.6,8.2,8.6,0,0
OPI_PE,D,20220112,000000,8.3,8.6,8.3,8.6,0,0
OPI_PE,D,20220113,000000,8.6,8.9,8.6,8.9,0,0
OPI_PE,D,20220114,000000,8.9,9,8.6,9,0,0
OPI_PE,D,20220117,000000,8.3,9.1,8.3,8.6,0,0
OPI_PE,D,20220118,000000,8.6,8.8,8.6,8.8,0,0
OPI_PE,D,20220119,000000,8.4,8.8,8.4,8.7,0,0
OPI_PE,D,20220120,000000,8.4,8.7,8.2,8.6,0,0
OPI_PE,D,20220121,000000,8.3,8.5,8.3,8.5,0,0
OPI_PE,D,20220124,000000,8.5,8.5,7.9,8.4,0,0
OPI_PE,D,20220125,000000,8.9,8.9,8.4,8.4,0,0
OPI_PE,D,20220126,000000,7.9,8.4,7.9,8.3,0,0
OPI_PE,D,20220127,000000,8.3,8.5,8,8.2,0,0
OPI_PE,D,20220128,000000,8.3,8.5,8.3,8.5,0,0
OPI_PE,D,20220201,000000,8.6,8.6,8.6,8.6,0,0
OPI_PE,D,20220202,000000,8.5,8.6,8.4,8.4,0,0
OPI_PE,D,20220203,000000,8.5,8.6,8.1,8.6,0,0
OPI_PE,D,20220204,000000,8.6,8.8,8.6,8.7,0,0
OPI_PE,D,20220207,000000,8.7,8.7,8.2,8.7,0,0
OPI_PE,D,20220208,000000,8.4,8.7,8.3,8.7,0,0
OPI_PE,D,20220209,000000,8.7,8.8,8.7,8.7,0,0
OPI_PE,D,20220210,000000,8.5,8.5,8.2,8.4,0,0
OPI_PE,D,20220211,000000,8.4,8.6,8.4,8.6,0,0
OPI_PE,D,20220214,000000,8.3,8.4,8.3,8.4,0,0
OPI_PE,D,20220216,000000,8.4,8.4,8.3,8.3,0,0
OPI_PE,D,20220217,000000,7.6,8.3,7.6,7.6,0,0
OPI_PE,D,20220218,000000,8.3,8.3,8.3,8.3,0,0
OPI_PE,D,20220221,000000,7.8,8.3,7.8,8.3,0,0
OPI_PE,D,20220223,000000,7.8,8.1,7.8,8.1,0,0
OPI_PE,D,20220224,000000,7.4,15.1,6.5,15.1,0,0
OPI_PE,D,20220225,000000,13.6,15.9,12.5,15.8,0,0
OPI_PE,D,20220228,000000,15.7,15.8,15.5,15.8,0,0
OPI_PE,D,20220301,000000,15.6,15.8,14.4,15.7,0,0
OPI_PE,D,20220302,000000,15.7,19.3,15.6,15.9,0,0
OPI_PE,D,20220303,000000,16,17.4,15.5,17.2,0,0
OPI_PE,D,20220304,000000,17.2,18.2,17.2,17.8,0,0
OPI_PE,D,20220307,000000,17.8,18.1,16.3,16.7,0,0
OPI_PE,D,20220308,000000,16.3,17.4,16.3,17.4,0,0
OPI_PE,D,20220310,000000,17,17.1,17,17.1,0,0
OPI_PE,D,20220311,000000,17.1,24.1,17.1,21,0,0
OPI_PE,D,20220314,000000,21.2,23.1,18.9,22.1,0,0
OPI_PE,D,20220315,000000,22,22,20.2,21.3,0,0
OPI_PE,D,20220316,000000,21.2,21.2,20.2,20.9,0,0
OPI_PE,D,20220317,000000,19.7,20.9,19.1,20.1,0,0
OPI_PE,D,20220318,000000,20,22.8,20,22,0,0
OPI_PE,D,20220321,000000,21.9,21.9,20.4,21.7,0,0
OPI_PE,D,20220322,000000,21.7,21.7,21.7,21.7,0,0
OPI_PE,D,20220323,000000,21.7,21.8,20.2,20.3,0,0
OPI_PE,D,20220324,000000,21,21,20.2,20.3,0,0
OPI_PE,D,20220325,000000,20.2,20.7,20.2,20.6,0,0
OPI_PE,D,20220328,000000,20.2,20.9,20,20.9,0,0
OPI_PE,D,20220329,000000,20.6,20.9,19.8,20.8,0,0
OPI_PE,D,20220330,000000,20.8,20.8,20.8,20.8,0,0
OPI_PE,D,20220331,000000,20.8,21.3,20.5,21.3,0,0
OPI_PE,D,20220401,000000,20.5,21.2,20.4,21.1,0,0
OPI_PE,D,20220404,000000,21.1,21.1,20.9,21,0,0
OPI_PE,D,20220405,000000,20.2,21,20.2,21,0,0
OPI_PE,D,20220406,000000,20.9,22,20.2,21.3,0,0
OPI_PE,D,20220407,000000,21.6,21.7,20.7,21.7,0,0
OPI_PE,D,20220408,000000,20.8,21.9,20.2,21.7,0,0
OPI_PE,D,20220411,000000,21.7,21.8,21.7,21.7,0,0
OPI_PE,D,20220412,000000,21.7,21.7,20.3,21.5,0,0
OPI_PE,D,20220413,000000,21.5,21.5,21.5,21.5,0,0
OPI_PE,D,20220414,000000,20.3,21.5,20.2,20.6,0,0
OPI_PE,D,20220419,000000,20.6,20.6,20.6,20.6,0,0
OPI_PE,D,20220420,000000,20.2,20.6,19.6,19.6,0,0
OPI_PE,D,20220421,000000,19.5,19.8,19.4,19.8,0,0
OPI_PE,D,20220422,000000,19.3,19.8,19,19.8,0,0
OPI_PE,D,20220425,000000,19.8,20.5,19.8,20.3,0,0
OPI_PE,D,20220426,000000,20.3,20.4,20.3,20.4,0,0
OPI_PE,D,20220427,000000,19.5,20.3,17,17,0,0
OPI_PE,D,20220428,000000,16.4,17.9,16.1,17.8,0,0
OPI_PE,D,20220429,000000,16.6,17.5,16.6,17.5,0,0
OPI_PE,D,20220502,000000,17.2,19,16.6,17.4,0,0
OPI_PE,D,20220504,000000,17.3,17.7,17.3,17.7,0,0
OPI_PE,D,20220505,000000,17.7,17.8,17.7,17.8,0,0
OPI_PE,D,20220506,000000,17.8,17.8,16.6,16.8,0,0
OPI_PE,D,20220509,000000,16.7,17.7,16.2,16.2,0,0
OPI_PE,D,20220511,000000,16.2,16.5,15.3,16.5,0,0
OPI_PE,D,20220512,000000,15.5,16.1,14.6,16.1,0,0
OPI_PE,D,20220513,000000,14.5,15.9,14.5,15.9,0,0
OPI_PE,D,20220516,000000,15.9,16.1,15.9,16.1,0,0
OPI_PE,D,20220518,000000,16,16,16,16,0,0
OPI_PE,D,20220519,000000,16.1,16.1,16.1,16.1,0,0
OPI_PE,D,20220520,000000,16.1,16.1,16.1,16.1,0,0
OPI_PE,D,20220523,000000,15.1,16,14.9,16,0,0
OPI_PE,D,20220525,000000,16,16,15,15.9,0,0
OPI_PE,D,20220526,000000,15.9,15.9,15.9,15.9,0,0
OPI_PE,D,20220530,000000,15,15,15,15,0,0
OPI_PE,D,20220531,000000,15,15.2,14.8,15.2,0,0
OPI_PE,D,20220601,000000,14.6,15.2,14.6,15.2,0,0
OPI_PE,D,20220602,000000,14.6,15.2,14.6,15.2,0,0
OPI_PE,D,20220606,000000,15.5,15.9,15.5,15.9,0,0
OPI_PE,D,20220607,000000,15.7,16,15.3,16,0,0
OPI_PE,D,20220608,000000,16,16,15.9,15.9,0,0
OPI_PE,D,20220610,000000,15.9,15.9,15,15.9,0,0
OPI_PE,D,20220613,000000,15,15.9,15,15.9,0,0
OPI_PE,D,20220614,000000,15.6,15.9,15.6,15.9,0,0
OPI_PE,D,20220617,000000,15.9,15.9,15.9,15.9,0,0
OPI_PE,D,20220620,000000,15,15.9,14.6,15.9,0,0
OPI_PE,D,20220622,000000,15.9,16,15.3,15.9,0,0
OPI_PE,D,20220623,000000,15.9,15.9,15.9,15.9,0,0
OPI_PE,D,20220624,000000,15.9,15.9,14.6,15.9,0,0
OPI_PE,D,20220628,000000,15.4,15.7,15.4,15.7,0,0
OPI_PE,D,20220629,000000,15.2,15.4,14.3,15.3,0,0
OPI_PE,D,20220630,000000,15.6,15.6,15.6,15.6,0,0
OPI_PE,D,20220701,000000,15.3,15.3,15.3,15.3,0,0
OPI_PE,D,20220704,000000,15.3,15.3,15.3,15.3,0,0
OPI_PE,D,20220705,000000,15.2,16,14.4,16,0,0
OPI_PE,D,20220706,000000,14.6,15.9,14.6,15.8,0,0
OPI_PE,D,20220708,000000,15.8,16,15.8,16,0,0
OPI_PE,D,20220712,000000,15.3,15.9,15.3,15.9,0,0
OPI_PE,D,20220713,000000,15.3,15.9,15.3,15.9,0,0
OPI_PE,D,20220718,000000,15.9,15.9,15.9,15.9,0,0
OPI_PE,D,20220720,000000,15,16,14.5,16,0,0
OPI_PE,D,20220721,000000,14.6,15.9,14.6,15.9,0,0
OPI_PE,D,20220722,000000,15.9,15.9,14.4,15.8,0,0
OPI_PE,D,20220725,000000,14.6,15.8,14.2,15.6,0,0
OPI_PE,D,20220726,000000,15.6,16.6,14.3,16.6,0,0
OPI_PE,D,20220727,000000,16.6,16.6,16.6,16.6,0,0
OPI_PE,D,20220728,000000,16.2,16.3,15.6,16.3,0,0
OPI_PE,D,20220801,000000,16.3,16.6,15.6,16.6,0,0
OPI_PE,D,20220802,000000,16.6,16.6,15.7,16.6,0,0
OPI_PE,D,20220803,000000,16.6,16.6,16.6,16.6,0,0
OPI_PE,D,20220804,000000,16.6,16.9,16,16.9,0,0
OPI_PE,D,20220805,000000,16.9,17,16.9,17,0,0
OPI_PE,D,20220808,000000,17,18.4,17,18.3,0,0
OPI_PE,D,20220810,000000,18.3,18.3,18.3,18.3,0,0
OPI_PE,D,20220811,000000,18.2,18.3,18.2,18.3,0,0
OPI_PE,D,20220816,000000,16.4,17.7,16.4,17.7,0,0
OPI_PE,D,20220817,000000,16.7,16.7,15.6,15.6,0,0
OPI_PE,D,20220818,000000,16.8,16.8,15.5,16.2,0,0
OPI_PE,D,20220819,000000,15.1,15.3,14.9,15.3,0,0
OPI_PE,D,20220823,000000,14.5,14.9,12.6,14.9,0,0
OPI_PE,D,20220825,000000,14.6,14.6,14.6,14.6,0,0
OPI_PE,D,20220826,000000,14.6,16.2,14.6,16.2,0,0
OPI_PE,D,20220905,000000,14.7,15.8,14.6,15.8,0,0
