<TICKER>,<PER>,<DATE>,<TIME>,<OPEN>,<HIGH>,<LOW>,<CLOSE>,<VOL>,<OPENINT>
OVI_PB,D,20200806,000000,46.1,46.1,37.24,38.96,0,0
OVI_PB,D,20200807,000000,38.96,38.96,28.37,29.5,0,0
OVI_PB,D,20200810,000000,27.54,34.46,27.48,29.55,0,0
OVI_PB,D,20200811,000000,31.57,31.62,26.6,28.64,0,0
OVI_PB,D,20200812,000000,28.96,28.96,23.17,24.83,0,0
OVI_PB,D,20200813,000000,24.83,24.83,20.1,20.1,0,0
OVI_PB,D,20200814,000000,20.1,23.05,20.1,22.81,0,0
OVI_PB,D,20200817,000000,23.05,23.05,21.81,22.46,0,0
OVI_PB,D,20200818,000000,21.63,22.34,20.69,21.57,0,0
OVI_PB,D,20200819,000000,20.98,21.8,19.62,21.57,0,0
OVI_PB,D,20200820,000000,20.81,21.69,20.15,20.15,0,0
OVI_PB,D,20200821,000000,20.39,22.45,19.95,22.4,0,0
OVI_PB,D,20200824,000000,22.29,22.99,20.93,21.87,0,0
OVI_PB,D,20200825,000000,21.81,21.81,20.7,20.75,0,0
OVI_PB,D,20200826,000000,21.75,21.75,20.7,21.28,0,0
OVI_PB,D,20200827,000000,21.57,22.7,21.28,22.04,0,0
OVI_PB,D,20200828,000000,22.58,22.76,21.37,22.76,0,0
OVI_PB,D,20200831,000000,22.82,22.98,21.58,22.46,0,0
OVI_PB,D,20200901,000000,21.4,21.57,19.8,20.39,0,0
OVI_PB,D,20200902,000000,20.81,20.81,20.1,20.1,0,0
OVI_PB,D,20200903,000000,20.69,20.92,19.98,19.98,0,0
OVI_PB,D,20200904,000000,18.97,19.5,18.38,19.33,0,0
OVI_PB,D,20200907,000000,19.38,19.38,16.79,16.79,0,0
OVI_PB,D,20200908,000000,16.85,16.85,14.32,15.66,0,0
OVI_PB,D,20200909,000000,14.96,17.14,14.96,17.08,0,0
OVI_PB,D,20200910,000000,17.14,19.2,17.08,17.64,0,0
OVI_PB,D,20200911,000000,17.64,17.73,17.5,17.64,0,0
OVI_PB,D,20200914,000000,18.02,18.32,17.44,17.91,0,0
OVI_PB,D,20200915,000000,17.44,20.63,17.03,20.01,0,0
OVI_PB,D,20200916,000000,20.56,20.56,18.38,19.5,0,0
OVI_PB,D,20200917,000000,18.92,20.09,17.14,18.56,0,0
OVI_PB,D,20200918,000000,18.56,19.15,17.44,19.15,0,0
OVI_PB,D,20200921,000000,19.15,19.15,16.85,17.64,0,0
OVI_PB,D,20200922,000000,17.68,18.56,17.14,18.27,0,0
OVI_PB,D,20200923,000000,17.61,18.32,16.62,18.32,0,0
OVI_PB,D,20200924,000000,18.15,18.26,17.38,18.26,0,0
OVI_PB,D,20200925,000000,17.67,17.91,17.67,17.91,0,0
OVI_PB,D,20200928,000000,17.91,19.05,17.91,18.57,0,0
OVI_PB,D,20200929,000000,17.97,18.33,17.79,17.96,0,0
OVI_PB,D,20200930,000000,17.97,19.05,17.87,18.57,0,0
OVI_PB,D,20201001,000000,19.23,19.23,17.85,18.45,0,0
OVI_PB,D,20201002,000000,19.18,19.67,17.61,19.36,0,0
OVI_PB,D,20201005,000000,19,19.61,17.3,19.11,0,0
OVI_PB,D,20201006,000000,18.21,18.21,16.94,17.61,0,0
OVI_PB,D,20201007,000000,17.48,17.6,16.94,17.6,0,0
OVI_PB,D,20201008,000000,16.99,17.6,16.99,17.42,0,0
OVI_PB,D,20201009,000000,17.3,17.73,16.99,17.73,0,0
OVI_PB,D,20201012,000000,17.11,18.15,16.9,17.54,0,0
OVI_PB,D,20201013,000000,17.42,17.42,17.24,17.3,0,0
OVI_PB,D,20201014,000000,17.06,17.42,17.06,17.3,0,0
OVI_PB,D,20201015,000000,17.42,17.42,16.2,16.69,0,0
OVI_PB,D,20201016,000000,15.54,16.45,15.54,16.15,0,0
OVI_PB,D,20201019,000000,15.6,16.36,15.3,16.27,0,0
OVI_PB,D,20201020,000000,15.3,16.27,15.3,16.27,0,0
OVI_PB,D,20201021,000000,15.29,16.27,15.18,15.84,0,0
OVI_PB,D,20201022,000000,15.78,15.78,15.78,15.78,0,0
OVI_PB,D,20201023,000000,15.84,16.99,15.51,16.27,0,0
OVI_PB,D,20201026,000000,17.42,17.42,15.57,15.57,0,0
OVI_PB,D,20201027,000000,15.78,16.39,15.54,16.04,0,0
OVI_PB,D,20201028,000000,16.04,16.04,12.9,14.68,0,0
OVI_PB,D,20201029,000000,13.33,14.19,12.9,14.19,0,0
OVI_PB,D,20201030,000000,13.57,14.19,13.2,14.13,0,0
OVI_PB,D,20201102,000000,13.89,14.18,12.96,14.13,0,0
OVI_PB,D,20201103,000000,14.01,15.43,14.01,15.12,0,0
OVI_PB,D,20201104,000000,15.31,15.31,13.89,14.81,0,0
OVI_PB,D,20201105,000000,14.56,15.12,14.56,15.12,0,0
OVI_PB,D,20201106,000000,15.12,15.12,14.62,15.12,0,0
OVI_PB,D,20201109,000000,15.12,15.73,14.7,15.43,0,0
OVI_PB,D,20201110,000000,14.69,15.43,14.69,15.43,0,0
OVI_PB,D,20201112,000000,15.36,15.36,14.81,15.12,0,0
OVI_PB,D,20201113,000000,15.43,16.66,14.81,14.81,0,0
OVI_PB,D,20201116,000000,14.81,24.77,13.82,24.77,0,0
OVI_PB,D,20201117,000000,24.77,25.46,23.58,25.37,0,0
OVI_PB,D,20201118,000000,25.97,25.97,23.67,24.47,0,0
OVI_PB,D,20201119,000000,23.87,24.97,23.87,24.97,0,0
OVI_PB,D,20201120,000000,24.97,26.87,24.97,25.95,0,0
OVI_PB,D,20201123,000000,26.87,28.54,26.87,28.36,0,0
OVI_PB,D,20201124,000000,28.46,28.76,27.16,28.46,0,0
OVI_PB,D,20201125,000000,28.46,29.36,28.16,28.97,0,0
OVI_PB,D,20201126,000000,28.76,29.96,28.76,29.46,0,0
OVI_PB,D,20201127,000000,29.36,29.36,27.97,29.36,0,0
OVI_PB,D,20201130,000000,29.36,29.36,27.37,28.46,0,0
OVI_PB,D,20201201,000000,27.37,28.41,25.97,27.92,0,0
OVI_PB,D,20201202,000000,27.11,27.96,25.46,27.96,0,0
OVI_PB,D,20201203,000000,27.97,27.97,25.77,27.97,0,0
OVI_PB,D,20201204,000000,27.97,27.97,26.97,27.97,0,0
OVI_PB,D,20201207,000000,27.97,32.96,27.97,30.96,0,0
OVI_PB,D,20201208,000000,31.46,32.96,28.97,30.96,0,0
OVI_PB,D,20201209,000000,31.96,34.71,31.96,32.66,0,0
OVI_PB,D,20201210,000000,32.66,32.66,28.36,29.96,0,0
OVI_PB,D,20201211,000000,28.76,29.96,27.97,29.87,0,0
OVI_PB,D,20201214,000000,28.97,32.96,27.28,32.96,0,0
OVI_PB,D,20201215,000000,33.26,33.45,30.98,30.98,0,0
OVI_PB,D,20201216,000000,32.06,33.05,30.07,31.99,0,0
OVI_PB,D,20201217,000000,31.81,31.81,29.57,30.57,0,0
OVI_PB,D,20201218,000000,30.73,31.35,28.97,30.76,0,0
OVI_PB,D,20201221,000000,29.16,31.35,28.06,31.35,0,0
OVI_PB,D,20201222,000000,31.31,31.31,29.12,29.16,0,0
OVI_PB,D,20201223,000000,31.35,31.35,29.16,29.16,0,0
OVI_PB,D,20201228,000000,29.16,31.46,29.16,29.96,0,0
OVI_PB,D,20201229,000000,31.06,31.75,30.06,31.46,0,0
OVI_PB,D,20201230,000000,31.86,31.86,29.96,29.96,0,0
OVI_PB,D,20210104,000000,32.96,33.14,29.97,31.46,0,0
OVI_PB,D,20210105,000000,31.45,32.66,29.61,32.36,0,0
OVI_PB,D,20210107,000000,31.16,32.13,29.99,31.16,0,0
OVI_PB,D,20210108,000000,31.95,32.36,29.98,32.36,0,0
OVI_PB,D,20210111,000000,31.96,31.96,30.67,31.96,0,0
OVI_PB,D,20210112,000000,31.36,31.56,29.79,29.96,0,0
OVI_PB,D,20210113,000000,30.75,30.75,29.52,29.96,0,0
OVI_PB,D,20210114,000000,29.96,29.96,25.09,29.76,0,0
OVI_PB,D,20210115,000000,29.46,29.46,25.67,25.97,0,0
OVI_PB,D,20210118,000000,26.76,27.27,26.16,26.16,0,0
OVI_PB,D,20210119,000000,26.16,27.25,25.97,25.97,0,0
OVI_PB,D,20210120,000000,25.98,27.67,24.97,27.67,0,0
OVI_PB,D,20210121,000000,27.67,28.46,26.97,26.97,0,0
OVI_PB,D,20210122,000000,28.46,28.46,26.68,26.68,0,0
OVI_PB,D,20210125,000000,26.68,27.43,25.67,27.43,0,0
OVI_PB,D,20210126,000000,27.41,28.95,27.16,27.16,0,0
OVI_PB,D,20210127,000000,28.94,28.94,25.98,25.98,0,0
OVI_PB,D,20210128,000000,26,28.87,26,28.46,0,0
OVI_PB,D,20210129,000000,27.27,27.46,26.01,27.46,0,0
OVI_PB,D,20210201,000000,26.22,27.46,26.22,26.27,0,0
OVI_PB,D,20210202,000000,26.97,26.97,25.97,25.97,0,0
OVI_PB,D,20210203,000000,25.67,25.97,25.67,25.97,0,0
OVI_PB,D,20210204,000000,25.57,25.97,25.46,25.77,0,0
OVI_PB,D,20210205,000000,25.97,26.46,25.97,26.16,0,0
OVI_PB,D,20210208,000000,26.75,27.44,25.97,26.67,0,0
OVI_PB,D,20210209,000000,25.46,27.76,25.18,26.57,0,0
OVI_PB,D,20210210,000000,26.57,26.85,25.97,25.97,0,0
OVI_PB,D,20210211,000000,26.82,26.82,25.53,25.97,0,0
OVI_PB,D,20210212,000000,26.76,27.76,25.6,25.87,0,0
OVI_PB,D,20210215,000000,26.89,33.14,25.97,33.14,0,0
OVI_PB,D,20210216,000000,34.2,34.42,32.75,34.14,0,0
OVI_PB,D,20210217,000000,34.38,35.05,32.17,33.88,0,0
OVI_PB,D,20210218,000000,33.14,34.42,33.03,34.39,0,0
OVI_PB,D,20210219,000000,32.89,34.01,32.89,32.89,0,0
OVI_PB,D,20210222,000000,32.93,33.91,32.93,33.01,0,0
OVI_PB,D,20210223,000000,33.03,33.91,32.89,32.91,0,0
OVI_PB,D,20210224,000000,32.91,33.14,32.91,33.01,0,0
OVI_PB,D,20210225,000000,33.76,33.76,32.71,32.74,0,0
OVI_PB,D,20210226,000000,33.14,33.7,32.17,32.18,0,0
OVI_PB,D,20210301,000000,32.63,33.08,32.25,33.08,0,0
OVI_PB,D,20210302,000000,32.18,33.88,32.17,33.88,0,0
OVI_PB,D,20210303,000000,33.14,33.86,32.5,33.14,0,0
OVI_PB,D,20210304,000000,32.5,32.5,32.18,32.18,0,0
OVI_PB,D,20210305,000000,32.5,33.13,32,33.13,0,0
OVI_PB,D,20210308,000000,31.88,33.01,31.87,31.87,0,0
OVI_PB,D,20210309,000000,32.99,33.64,32.5,33.58,0,0
OVI_PB,D,20210310,000000,32.51,33.66,32.51,33.66,0,0
OVI_PB,D,20210311,000000,33.14,33.88,33.14,33.88,0,0
OVI_PB,D,20210312,000000,33.16,33.88,33.14,33.88,0,0
OVI_PB,D,20210315,000000,33.28,34.37,33.14,33.14,0,0
OVI_PB,D,20210316,000000,34.12,34.12,33.14,33.14,0,0
OVI_PB,D,20210317,000000,33.14,34.04,32.51,33.14,0,0
OVI_PB,D,20210318,000000,32.5,32.5,32.25,32.25,0,0
OVI_PB,D,20210319,000000,33.13,33.14,32.5,33.12,0,0
OVI_PB,D,20210322,000000,32.51,33.14,32.13,32.13,0,0
OVI_PB,D,20210323,000000,33.14,34.16,32.54,32.63,0,0
OVI_PB,D,20210324,000000,33.64,33.64,33.64,33.64,0,0
OVI_PB,D,20210325,000000,33.64,33.64,31.8,31.8,0,0
OVI_PB,D,20210326,000000,33.01,33.01,32.12,32.12,0,0
OVI_PB,D,20210329,000000,32.12,32.49,31.75,31.88,0,0
OVI_PB,D,20210330,000000,32.34,32.34,31.64,31.87,0,0
OVI_PB,D,20210331,000000,31.64,32.89,31.49,31.63,0,0
OVI_PB,D,20210401,000000,32.38,32.38,32.38,32.38,0,0
OVI_PB,D,20210406,000000,31.74,31.87,31.49,31.87,0,0
OVI_PB,D,20210407,000000,32.25,32.25,31.49,31.62,0,0
OVI_PB,D,20210408,000000,31.36,32.76,31.36,32.76,0,0
OVI_PB,D,20210409,000000,32,36.58,32,36.58,0,0
OVI_PB,D,20210412,000000,36.71,37.22,34.54,36.84,0,0
OVI_PB,D,20210413,000000,36.33,36.33,35.18,35.18,0,0
OVI_PB,D,20210414,000000,33.91,35.7,32.5,32.5,0,0
OVI_PB,D,20210415,000000,33.53,36.33,33.39,35.7,0,0
OVI_PB,D,20210416,000000,35.7,39.51,35.7,38.88,0,0
OVI_PB,D,20210419,000000,31.87,36.2,31.87,34.42,0,0
OVI_PB,D,20210420,000000,33.14,34.8,33.14,33.14,0,0
OVI_PB,D,20210421,000000,34.42,34.42,32.63,33.78,0,0
OVI_PB,D,20210422,000000,33.66,33.66,32.25,33.66,0,0
OVI_PB,D,20210423,000000,32.5,33.66,32.38,32.38,0,0
OVI_PB,D,20210426,000000,32.38,32.38,32.12,32.12,0,0
OVI_PB,D,20210427,000000,33.66,34.54,32.12,33.14,0,0
OVI_PB,D,20210428,000000,32.38,34.04,32.38,34.04,0,0
OVI_PB,D,20210429,000000,33.14,33.14,33.14,33.14,0,0
OVI_PB,D,20210430,000000,33.14,34.42,33.14,34.42,0,0
OVI_PB,D,20210504,000000,34.42,35.43,33.28,35.43,0,0
OVI_PB,D,20210505,000000,38.12,38.12,34.67,36.08,0,0
OVI_PB,D,20210506,000000,34.8,36.08,34.67,34.67,0,0
OVI_PB,D,20210507,000000,34.67,35.7,34.04,35.43,0,0
OVI_PB,D,20210510,000000,34.93,39.39,34.93,37.47,0,0
OVI_PB,D,20210511,000000,36.08,38.75,34.42,37.99,0,0
OVI_PB,D,20210512,000000,37.99,38.37,36.08,36.2,0,0
OVI_PB,D,20210513,000000,34.29,39.67,33.66,39.67,0,0
OVI_PB,D,20210514,000000,37.01,41.21,36.87,39.25,0,0
OVI_PB,D,20210517,000000,38.55,40.66,38.55,40.66,0,0
OVI_PB,D,20210518,000000,37.99,39.25,37.14,39.25,0,0
OVI_PB,D,20210519,000000,39.25,39.25,38.55,38.55,0,0
OVI_PB,D,20210520,000000,38.55,40.66,13.94,13.94,0,0
OVI_PB,D,20210521,000000,13.54,14.04,13.44,14.04,0,0
OVI_PB,D,20210524,000000,13.44,13.84,13.24,13.84,0,0
OVI_PB,D,20210525,000000,13.14,13.59,12.94,13.59,0,0
OVI_PB,D,20210526,000000,13.14,13.34,12.94,13.34,0,0
OVI_PB,D,20210527,000000,13.29,13.94,12.55,13.84,0,0
OVI_PB,D,20210528,000000,13.84,14.19,13.54,14.19,0,0
OVI_PB,D,20210531,000000,13.59,14.34,13.59,14.24,0,0
OVI_PB,D,20210601,000000,13.59,15.29,13.59,14.74,0,0
OVI_PB,D,20210602,000000,14.24,14.69,14.24,14.69,0,0
OVI_PB,D,20210604,000000,13.94,14.24,13.79,14.24,0,0
OVI_PB,D,20210607,000000,14.54,15.18,14.14,14.69,0,0
OVI_PB,D,20210608,000000,14.19,14.69,14.19,14.69,0,0
OVI_PB,D,20210610,000000,14.19,14.64,14.14,14.64,0,0
OVI_PB,D,20210611,000000,14.29,14.64,14.29,14.64,0,0
OVI_PB,D,20210614,000000,14.79,14.79,14.44,14.44,0,0
OVI_PB,D,20210615,000000,14.44,14.44,14.44,14.44,0,0
OVI_PB,D,20210616,000000,14.24,14.64,14.24,14.64,0,0
OVI_PB,D,20210617,000000,14.34,14.69,14.34,14.59,0,0
OVI_PB,D,20210618,000000,14.74,14.84,14.44,14.84,0,0
OVI_PB,D,20210621,000000,14.69,14.69,14.14,14.69,0,0
OVI_PB,D,20210622,000000,14.69,14.84,14.69,14.84,0,0
OVI_PB,D,20210623,000000,14.79,14.79,13.94,14.69,0,0
OVI_PB,D,20210624,000000,13.94,13.94,13.84,13.94,0,0
OVI_PB,D,20210625,000000,13.94,13.94,13.59,13.94,0,0
OVI_PB,D,20210628,000000,13.89,13.94,13.89,13.94,0,0
OVI_PB,D,20210629,000000,13.59,13.59,13.59,13.59,0,0
OVI_PB,D,20210630,000000,13.54,14.19,13.54,14.19,0,0
OVI_PB,D,20210701,000000,14.19,14.44,13.44,14.34,0,0
OVI_PB,D,20210702,000000,13.94,14.19,13.59,14.09,0,0
OVI_PB,D,20210705,000000,13.44,14.09,13.29,13.59,0,0
OVI_PB,D,20210706,000000,14.14,14.14,13.54,13.54,0,0
OVI_PB,D,20210707,000000,13.44,14.04,13.24,13.79,0,0
OVI_PB,D,20210708,000000,13.84,13.84,13.19,13.74,0,0
OVI_PB,D,20210709,000000,13.24,13.74,13.24,13.74,0,0
OVI_PB,D,20210712,000000,13.44,13.84,13.44,13.84,0,0
OVI_PB,D,20210714,000000,13.34,13.64,13.34,13.64,0,0
OVI_PB,D,20210715,000000,13.59,13.84,13.54,13.84,0,0
OVI_PB,D,20210716,000000,13.59,13.69,13.44,13.69,0,0
OVI_PB,D,20210719,000000,13.69,13.84,13.59,13.59,0,0
OVI_PB,D,20210720,000000,13.59,13.69,13.44,13.69,0,0
OVI_PB,D,20210722,000000,13.44,13.64,13.44,13.64,0,0
OVI_PB,D,20210723,000000,13.69,13.79,13.39,13.79,0,0
OVI_PB,D,20210726,000000,13.39,13.79,13.39,13.79,0,0
OVI_PB,D,20210728,000000,13.39,13.69,13.39,13.64,0,0
OVI_PB,D,20210729,000000,13.39,13.64,13.24,13.64,0,0
OVI_PB,D,20210730,000000,13.24,13.64,13.24,13.64,0,0
OVI_PB,D,20210802,000000,13,13.59,13,13.59,0,0
OVI_PB,D,20210803,000000,13.04,13.44,13.04,13.44,0,0
OVI_PB,D,20210804,000000,13,13.39,13,13.09,0,0
OVI_PB,D,20210805,000000,13.34,13.34,12.59,13.04,0,0
OVI_PB,D,20210806,000000,12.64,13.04,12.64,13.04,0,0
OVI_PB,D,20210809,000000,12.94,13.14,12.25,12.94,0,0
OVI_PB,D,20210810,000000,12.45,12.89,12.25,12.89,0,0
OVI_PB,D,20210812,000000,12.25,12.85,12.25,12.85,0,0
OVI_PB,D,20210813,000000,12.79,13.24,12.2,13.19,0,0
OVI_PB,D,20210816,000000,12.7,13.24,12.1,13.24,0,0
OVI_PB,D,20210817,000000,12.7,13.24,12.7,12.94,0,0
OVI_PB,D,20210818,000000,13.24,13.24,12.85,13.24,0,0
OVI_PB,D,20210819,000000,12.94,12.94,12.7,12.94,0,0
OVI_PB,D,20210820,000000,12.35,12.89,12.2,12.79,0,0
OVI_PB,D,20210823,000000,12.79,12.79,12.79,12.79,0,0
OVI_PB,D,20210825,000000,12.64,24.95,12.59,24.95,0,0
OVI_PB,D,20210826,000000,25.92,27.84,25.92,26.01,0,0
OVI_PB,D,20210827,000000,27.55,27.64,25.92,27.64,0,0
OVI_PB,D,20210830,000000,26.77,27.55,26.68,26.68,0,0
OVI_PB,D,20210831,000000,26.68,27.45,26.21,27.26,0,0
OVI_PB,D,20210901,000000,25.92,27.74,25.72,27.74,0,0
OVI_PB,D,20210902,000000,26.97,27.74,26.97,27.74,0,0
OVI_PB,D,20210903,000000,27.64,28.41,27.26,28.41,0,0
OVI_PB,D,20210906,000000,28.5,28.5,27.84,27.84,0,0
OVI_PB,D,20210907,000000,27.84,28.22,27.45,28.22,0,0
OVI_PB,D,20210908,000000,27.55,28.32,27.55,28.32,0,0
OVI_PB,D,20210909,000000,26.97,26.97,26.21,26.21,0,0
OVI_PB,D,20210910,000000,26.21,27.35,26.21,26.68,0,0
OVI_PB,D,20210913,000000,26.21,27.06,26.11,27.06,0,0
OVI_PB,D,20210914,000000,26.01,26.11,25.72,26.11,0,0
OVI_PB,D,20210915,000000,25.82,26.87,25.82,25.82,0,0
OVI_PB,D,20210916,000000,25.82,26.87,25.72,25.92,0,0
OVI_PB,D,20210917,000000,25.82,26.87,25.82,26.87,0,0
OVI_PB,D,20210920,000000,26.3,26.3,25.63,26.11,0,0
OVI_PB,D,20210921,000000,24.38,26.21,24.38,24.86,0,0
OVI_PB,D,20210922,000000,24.57,25.92,24.48,25.9,0,0
OVI_PB,D,20210923,000000,25.7,25.8,25.41,25.51,0,0
OVI_PB,D,20210924,000000,25.9,26.28,25.9,26.28,0,0
OVI_PB,D,20210927,000000,25.13,26.48,24.84,26.48,0,0
OVI_PB,D,20210928,000000,25.32,26.58,25.13,26.58,0,0
OVI_PB,D,20210929,000000,25.51,26.48,24.84,26.48,0,0
OVI_PB,D,20210930,000000,26.48,27.73,26.48,27.64,0,0
OVI_PB,D,20211001,000000,26.09,26.58,26.09,26.58,0,0
OVI_PB,D,20211004,000000,25.41,26.58,25.41,26.58,0,0
OVI_PB,D,20211005,000000,25.13,26.28,24.64,26.28,0,0
OVI_PB,D,20211006,000000,25.13,26.48,25.13,26.28,0,0
OVI_PB,D,20211008,000000,25.99,25.99,25.99,25.99,0,0
OVI_PB,D,20211011,000000,25.13,25.99,24.93,25.99,0,0
OVI_PB,D,20211012,000000,25.9,25.99,25.13,25.99,0,0
OVI_PB,D,20211013,000000,25.13,25.13,25.13,25.13,0,0
OVI_PB,D,20211014,000000,25.13,25.13,25.13,25.13,0,0
OVI_PB,D,20211015,000000,25.13,25.99,22.8,24.84,0,0
OVI_PB,D,20211018,000000,24.84,24.93,24.84,24.93,0,0
OVI_PB,D,20211020,000000,24.84,25.03,23.68,25.03,0,0
OVI_PB,D,20211021,000000,23.96,25.03,23.39,25.03,0,0
OVI_PB,D,20211025,000000,24.93,24.93,24.93,24.93,0,0
OVI_PB,D,20211026,000000,24.93,24.93,24.93,24.93,0,0
OVI_PB,D,20211027,000000,24.06,28.12,24.06,26.96,0,0
OVI_PB,D,20211028,000000,26.96,26.96,23.29,23.48,0,0
OVI_PB,D,20211029,000000,25.03,25.51,23.96,24.45,0,0
OVI_PB,D,20211102,000000,23.86,23.96,23.86,23.96,0,0
OVI_PB,D,20211103,000000,22.8,23.96,22.8,23.96,0,0
OVI_PB,D,20211104,000000,23.96,23.96,23.96,23.96,0,0
OVI_PB,D,20211105,000000,22.8,23.86,22.8,23.86,0,0
OVI_PB,D,20211108,000000,23.86,23.86,23.86,23.86,0,0
OVI_PB,D,20211109,000000,22.8,23.86,22.8,23.86,0,0
OVI_PB,D,20211110,000000,23.86,23.86,23.86,23.86,0,0
OVI_PB,D,20211112,000000,23.86,23.86,23.86,23.86,0,0
OVI_PB,D,20211115,000000,22.9,23.86,22.9,23.86,0,0
OVI_PB,D,20211116,000000,23.86,23.86,21.26,23.58,0,0
OVI_PB,D,20211118,000000,23.58,23.58,23.58,23.58,0,0
OVI_PB,D,20211119,000000,23.48,23.48,16.02,16.02,0,0
OVI_PB,D,20211122,000000,15.89,16.42,15.89,16.42,0,0
OVI_PB,D,20211123,000000,15.89,15.89,15.23,15.49,0,0
OVI_PB,D,20211124,000000,15.49,15.49,14.57,15.16,0,0
OVI_PB,D,20211125,000000,15.3,15.3,15.23,15.23,0,0
OVI_PB,D,20211126,000000,15.23,15.3,15.23,15.23,0,0
OVI_PB,D,20211129,000000,15.23,15.43,15.23,15.43,0,0
OVI_PB,D,20211130,000000,15.43,15.43,15.36,15.36,0,0
OVI_PB,D,20211201,000000,14.57,15.36,14.43,15.36,0,0
OVI_PB,D,20211202,000000,14.43,15.36,14.43,15.36,0,0
OVI_PB,D,20211203,000000,14.57,15.36,14.57,15.36,0,0
OVI_PB,D,20211206,000000,14.43,15.36,14.43,15.36,0,0
OVI_PB,D,20211207,000000,14.63,15.36,14.63,15.36,0,0
OVI_PB,D,20211209,000000,15.36,15.43,15.36,15.36,0,0
OVI_PB,D,20211210,000000,14.5,14.83,14.43,14.7,0,0
OVI_PB,D,20211214,000000,13.9,14.57,13.9,14.57,0,0
OVI_PB,D,20211215,000000,14.57,15.89,13.97,15.89,0,0
OVI_PB,D,20211216,000000,15.89,16.15,15.89,16.02,0,0
OVI_PB,D,20211217,000000,15.1,15.16,12.12,14.57,0,0
OVI_PB,D,20211220,000000,14.43,15.83,14.43,15.83,0,0
OVI_PB,D,20211221,000000,14.96,15.89,14.96,15.83,0,0
OVI_PB,D,20211222,000000,15.83,15.89,14.96,15.89,0,0
OVI_PB,D,20211223,000000,15.83,15.89,15.83,15.89,0,0
OVI_PB,D,20211227,000000,15.03,15.69,15.03,15.23,0,0
OVI_PB,D,20211228,000000,14.9,16.15,14.57,15.89,0,0
OVI_PB,D,20211230,000000,16.02,16.02,16.02,16.02,0,0
OVI_PB,D,20220103,000000,18.8,18.8,16.22,17.08,0,0
OVI_PB,D,20220104,000000,16.95,17.02,16.95,17.02,0,0
OVI_PB,D,20220105,000000,17.22,18.34,15.03,16.15,0,0
OVI_PB,D,20220107,000000,16.02,17.88,16.02,17.81,0,0
OVI_PB,D,20220112,000000,17.54,17.81,17.54,17.54,0,0
OVI_PB,D,20220113,000000,17.88,17.88,17.88,17.88,0,0
OVI_PB,D,20220114,000000,16.69,17.81,16.69,17.81,0,0
OVI_PB,D,20220117,000000,17.81,17.88,17.81,17.88,0,0
OVI_PB,D,20220118,000000,17.81,18.27,17.81,18.27,0,0
OVI_PB,D,20220119,000000,17.35,18.14,17.35,18.14,0,0
OVI_PB,D,20220120,000000,17.35,18.01,17.35,18.01,0,0
OVI_PB,D,20220121,000000,17.35,17.54,16.56,17.22,0,0
OVI_PB,D,20220124,000000,15.56,16.49,15.49,15.49,0,0
OVI_PB,D,20220125,000000,15.49,16.22,15.49,16.22,0,0
OVI_PB,D,20220126,000000,15.56,16.49,15.56,16.49,0,0
OVI_PB,D,20220127,000000,15.43,16.49,15.43,16.49,0,0
OVI_PB,D,20220128,000000,16.49,18.01,16.49,17.61,0,0
OVI_PB,D,20220131,000000,17.22,17.94,17.22,17.94,0,0
OVI_PB,D,20220201,000000,17.88,17.94,17.68,17.75,0,0
OVI_PB,D,20220202,000000,17.81,17.81,17.81,17.81,0,0
OVI_PB,D,20220204,000000,17.81,17.81,17.81,17.81,0,0
OVI_PB,D,20220207,000000,16.95,17.61,16.95,17.61,0,0
OVI_PB,D,20220208,000000,17.81,17.81,16.95,17.61,0,0
OVI_PB,D,20220209,000000,17.61,17.75,17.61,17.68,0,0
OVI_PB,D,20220210,000000,17.68,17.68,17.61,17.61,0,0
OVI_PB,D,20220211,000000,17.61,17.61,17.61,17.61,0,0
OVI_PB,D,20220214,000000,16.95,17.02,15.56,15.83,0,0
OVI_PB,D,20220215,000000,15.69,15.83,15.43,15.83,0,0
OVI_PB,D,20220216,000000,15.83,17.41,15.83,17.41,0,0
OVI_PB,D,20220217,000000,17.41,17.41,14.63,16.29,0,0
OVI_PB,D,20220221,000000,15.16,16.29,14.9,16.29,0,0
OVI_PB,D,20220223,000000,17.01,18.42,17.01,18.42,0,0
OVI_PB,D,20220224,000000,16.42,16.42,14.06,15.46,0,0
OVI_PB,D,20220225,000000,15.53,17.39,12.43,16.64,0,0
OVI_PB,D,20220228,000000,14.79,16.34,14.79,16.34,0,0
OVI_PB,D,20220301,000000,15.17,16.28,15.17,16.28,0,0
OVI_PB,D,20220302,000000,15.39,16.28,13.65,16.28,0,0
OVI_PB,D,20220303,000000,15.98,15.98,15.53,15.53,0,0
OVI_PB,D,20220304,000000,15.98,16.42,15.53,15.53,0,0
OVI_PB,D,20220307,000000,14.79,17.61,14.79,16.79,0,0
OVI_PB,D,20220308,000000,17.61,18.2,15.24,17.01,0,0
OVI_PB,D,20220309,000000,17.01,17.01,15.17,16.79,0,0
OVI_PB,D,20220310,000000,16.64,16.72,15.24,15.9,0,0
OVI_PB,D,20220311,000000,14.87,15.83,14.87,15.83,0,0
OVI_PB,D,20220314,000000,15.83,15.98,15.83,15.9,0,0
OVI_PB,D,20220315,000000,15.53,15.53,14.79,14.79,0,0
OVI_PB,D,20220316,000000,15.39,15.83,15.39,15.83,0,0
OVI_PB,D,20220317,000000,15.24,16.2,14.5,15.46,0,0
OVI_PB,D,20220318,000000,14.79,15.31,14.79,15.31,0,0
OVI_PB,D,20220321,000000,15.17,15.17,15.17,15.17,0,0
OVI_PB,D,20220322,000000,15.24,15.31,14.79,14.94,0,0
OVI_PB,D,20220323,000000,14.57,14.94,14.57,14.94,0,0
OVI_PB,D,20220324,000000,14.5,14.79,14.5,14.79,0,0
OVI_PB,D,20220325,000000,13.68,14.43,13.32,14.43,0,0
OVI_PB,D,20220328,000000,14.06,14.2,14.06,14.2,0,0
OVI_PB,D,20220329,000000,14.13,14.79,14.13,14.79,0,0
OVI_PB,D,20220331,000000,14.13,15.17,13.17,14.06,0,0
OVI_PB,D,20220401,000000,13.68,14.06,13.68,14.06,0,0
OVI_PB,D,20220404,000000,13.98,14.28,12.83,13.61,0,0
OVI_PB,D,20220405,000000,12.98,13.98,12.98,13.98,0,0
OVI_PB,D,20220406,000000,12.98,14.5,12.98,14.5,0,0
OVI_PB,D,20220407,000000,14.5,14.5,14.5,14.5,0,0
OVI_PB,D,20220408,000000,14.5,14.72,14.5,14.72,0,0
OVI_PB,D,20220411,000000,14.72,14.79,14.72,14.79,0,0
OVI_PB,D,20220413,000000,14.79,15.17,14.2,14.87,0,0
OVI_PB,D,20220414,000000,14.87,14.87,14.06,14.87,0,0
OVI_PB,D,20220419,000000,13.9,14.06,13.9,13.9,0,0
OVI_PB,D,20220420,000000,14.06,14.79,14.06,14.79,0,0
OVI_PB,D,20220421,000000,13.32,14.06,13.21,14.06,0,0
OVI_PB,D,20220422,000000,14.02,14.02,12.5,13.32,0,0
OVI_PB,D,20220425,000000,12.8,13.32,11.39,12.35,0,0
OVI_PB,D,20220426,000000,12.35,13.32,12.21,12.57,0,0
OVI_PB,D,20220427,000000,12.35,13.32,11.47,11.47,0,0
OVI_PB,D,20220428,000000,13.21,13.21,13.21,13.21,0,0
OVI_PB,D,20220429,000000,12.76,12.94,12.76,12.94,0,0
OVI_PB,D,20220502,000000,12.94,14.57,12.94,14.57,0,0
OVI_PB,D,20220504,000000,13.68,15.31,13.68,15.31,0,0
OVI_PB,D,20220505,000000,15.01,15.01,14.79,14.79,0,0
OVI_PB,D,20220506,000000,13.98,14.79,13.1,13.1,0,0
OVI_PB,D,20220509,000000,13.32,14.2,12.72,13.1,0,0
OVI_PB,D,20220510,000000,13.1,13.1,13.1,13.1,0,0
OVI_PB,D,20220512,000000,12.72,13.32,12.21,13.32,0,0
OVI_PB,D,20220513,000000,12.21,13.28,11.32,13.28,0,0
OVI_PB,D,20220516,000000,12.21,13.98,12.21,13.98,0,0
OVI_PB,D,20220517,000000,13.1,13.1,11.47,12.76,0,0
OVI_PB,D,20220518,000000,11.8,12.69,11.8,12.69,0,0
OVI_PB,D,20220520,000000,12.76,12.76,11.99,12.76,0,0
OVI_PB,D,20220523,000000,12.06,13.54,12.06,13.54,0,0
OVI_PB,D,20220524,000000,13.54,13.9,13.54,13.83,0,0
OVI_PB,D,20220525,000000,13.61,13.61,12.83,13.39,0,0
OVI_PB,D,20220526,000000,13.32,13.83,13.32,13.83,0,0
OVI_PB,D,20220527,000000,13.83,14.5,11.1,13.32,0,0
OVI_PB,D,20220530,000000,13.1,13.1,11.17,11.83,0,0
OVI_PB,D,20220531,000000,12.28,13.28,12.28,13.28,0,0
OVI_PB,D,20220601,000000,13.28,13.28,12.21,13.28,0,0
OVI_PB,D,20220603,000000,12.18,12.99,11.31,11.67,0,0
OVI_PB,D,20220606,000000,12,12,12,12,0,0
OVI_PB,D,20220607,000000,11.89,12.18,11.89,12.15,0,0
OVI_PB,D,20220609,000000,12.15,12.18,12.15,12.18,0,0
OVI_PB,D,20220610,000000,12.04,12.84,12,12.77,0,0
OVI_PB,D,20220613,000000,12.4,13.5,11.38,13.5,0,0
OVI_PB,D,20220614,000000,13.06,13.06,13.06,13.06,0,0
OVI_PB,D,20220615,000000,13.06,13.1,11.38,12.77,0,0
OVI_PB,D,20220617,000000,10.87,10.87,8.76,10.14,0,0
OVI_PB,D,20220620,000000,8.03,9.12,7.73,9.12,0,0
OVI_PB,D,20220621,000000,9.82,9.82,8.54,8.54,0,0
OVI_PB,D,20220622,000000,8.57,9.12,8.03,9.12,0,0
OVI_PB,D,20220623,000000,8.76,9.48,8.76,9.48,0,0
OVI_PB,D,20220627,000000,9.37,9.37,7.37,7.37,0,0
OVI_PB,D,20220628,000000,7.95,7.95,7.15,7.81,0,0
OVI_PB,D,20220629,000000,6.65,7.59,6.5,7.3,0,0
OVI_PB,D,20220630,000000,7.3,7.73,7.3,7.66,0,0
OVI_PB,D,20220701,000000,8.57,8.57,7.3,8.24,0,0
OVI_PB,D,20220706,000000,7.66,7.84,7.3,7.3,0,0
OVI_PB,D,20220707,000000,8.17,8.17,6.56,7.84,0,0
OVI_PB,D,20220708,000000,6.5,7.73,5.91,7.37,0,0
OVI_PB,D,20220711,000000,6.56,7.3,5.53,5.76,0,0
OVI_PB,D,20220712,000000,6,6.12,5.54,6.05,0,0
OVI_PB,D,20220713,000000,5.69,5.84,5.69,5.84,0,0
OVI_PB,D,20220714,000000,5.84,5.84,5.62,5.84,0,0
OVI_PB,D,20220715,000000,5.84,6.42,5.84,6.42,0,0
OVI_PB,D,20220718,000000,6.42,6.86,6.42,6.8,0,0
OVI_PB,D,20220719,000000,6.8,6.86,6.79,6.79,0,0
OVI_PB,D,20220721,000000,6.79,6.79,6.79,6.79,0,0
OVI_PB,D,20220722,000000,6.79,7.44,6.79,7.44,0,0
OVI_PB,D,20220725,000000,7.44,7.63,7.01,7.59,0,0
OVI_PB,D,20220726,000000,7.01,7.59,6.93,7.59,0,0
OVI_PB,D,20220727,000000,6.93,7.52,6.07,7.52,0,0
OVI_PB,D,20220728,000000,7.3,7.59,7.3,7.59,0,0
OVI_PB,D,20220729,000000,6.6,7.52,6.6,7.3,0,0
OVI_PB,D,20220801,000000,7.3,8.03,7.3,7.99,0,0
OVI_PB,D,20220802,000000,7.37,7.92,7.3,7.66,0,0
OVI_PB,D,20220803,000000,8.1,8.65,8.1,8.65,0,0
OVI_PB,D,20220804,000000,8.65,9.31,8.61,9.31,0,0
OVI_PB,D,20220805,000000,9.08,9.12,8.76,9.05,0,0
OVI_PB,D,20220808,000000,9.05,9.05,6.97,7.33,0,0
OVI_PB,D,20220809,000000,7.22,7.92,7.22,7.84,0,0
OVI_PB,D,20220810,000000,7.88,7.88,7.66,7.88,0,0
OVI_PB,D,20220811,000000,7.95,8.39,7.44,8.39,0,0
OVI_PB,D,20220812,000000,8.17,8.61,8.17,8.61,0,0
OVI_PB,D,20220816,000000,8.57,8.57,8.43,8.43,0,0
OVI_PB,D,20220817,000000,8.21,8.43,7.3,8.14,0,0
OVI_PB,D,20220818,000000,8.24,8.24,7.3,7.99,0,0
OVI_PB,D,20220823,000000,7.59,8.35,7.59,8.28,0,0
OVI_PB,D,20220824,000000,8.24,8.24,8.1,8.1,0,0
OVI_PB,D,20220825,000000,7.73,9.73,7.66,9.73,0,0
OVI_PB,D,20220826,000000,9.9,10.03,9.52,10.03,0,0
OVI_PB,D,20220829,000000,9.86,10.03,9.77,9.86,0,0
OVI_PB,D,20220830,000000,9.81,10.29,9.81,10.29,0,0
OVI_PB,D,20220831,000000,10.29,11.98,9.13,11.51,0,0
OVI_PB,D,20220901,000000,11.51,11.51,11.51,11.51,0,0
OVI_PB,D,20220902,000000,10.38,10.38,8.32,8.32,0,0
OVI_PB,D,20220905,000000,8.73,9,7.99,8.78,0,0
