<TICKER>,<PER>,<DATE>,<TIME>,<OPEN>,<HIGH>,<LOW>,<CLOSE>,<VOL>,<OPENINT>
PLM_MV,D,20080208,000000,8.68,8.68,8.68,8.68,0,0
PLM_MV,D,20080211,000000,8.06,9.65,8.06,9.03,0,0
PLM_MV,D,20080212,000000,8.68,9.03,8.68,9.03,0,0
PLM_MV,D,20080213,000000,8.02,8.86,8.02,8.86,0,0
PLM_MV,D,20080214,000000,8.83,9.55,8.83,9.55,0,0
PLM_MV,D,20080215,000000,9.45,9.45,9.41,9.41,0,0
PLM_MV,D,20080218,000000,9.41,9.55,9.03,9.48,0,0
PLM_MV,D,20080220,000000,9.38,9.38,9.38,9.38,0,0
PLM_MV,D,20080221,000000,8.75,9.35,8.72,9.34,0,0
PLM_MV,D,20080222,000000,9.2,9.2,8.85,9.2,0,0
PLM_MV,D,20080225,000000,9.03,9.45,9.03,9.45,0,0
PLM_MV,D,20080226,000000,8.72,9.07,8.37,9.06,0,0
PLM_MV,D,20080227,000000,9.06,9.06,8.33,8.86,0,0
PLM_MV,D,20080229,000000,9.28,9.28,9.27,9.27,0,0
PLM_MV,D,20080304,000000,8.09,9.03,8.09,9.03,0,0
PLM_MV,D,20080305,000000,8.96,8.96,8.96,8.96,0,0
PLM_MV,D,20080307,000000,8.33,9.03,8.33,9.03,0,0
PLM_MV,D,20080311,000000,8.2,8.72,8.2,8.72,0,0
PLM_MV,D,20080312,000000,8.69,8.72,8.69,8.72,0,0
PLM_MV,D,20080313,000000,8.72,8.72,8.72,8.72,0,0
PLM_MV,D,20080314,000000,8.23,8.69,8.16,8.68,0,0
PLM_MV,D,20080317,000000,8.12,8.47,8.09,8.09,0,0
PLM_MV,D,20080318,000000,8.33,8.34,8.33,8.34,0,0
PLM_MV,D,20080319,000000,8.34,8.34,8.3,8.3,0,0
PLM_MV,D,20080320,000000,7.02,7.02,7.02,7.02,0,0
PLM_MV,D,20080325,000000,8.34,8.34,7.12,7.12,0,0
PLM_MV,D,20080326,000000,8.34,8.34,7.29,7.29,0,0
PLM_MV,D,20080327,000000,7.46,7.78,7.29,7.29,0,0
PLM_MV,D,20080328,000000,8.12,8.12,7.95,7.95,0,0
PLM_MV,D,20080402,000000,8.23,8.23,8.23,8.23,0,0
PLM_MV,D,20080404,000000,7.47,8.16,7.47,8.16,0,0
PLM_MV,D,20080407,000000,7.71,8.16,7.71,8.16,0,0
PLM_MV,D,20080410,000000,7.99,8.16,7.99,8.16,0,0
PLM_MV,D,20080411,000000,8.16,8.16,8.16,8.16,0,0
PLM_MV,D,20080414,000000,7.81,8.16,7.81,8.16,0,0
PLM_MV,D,20080415,000000,8.13,8.13,7.81,7.81,0,0
PLM_MV,D,20080416,000000,7.81,7.81,7.81,7.81,0,0
PLM_MV,D,20080421,000000,7.5,8.09,7.5,8.09,0,0
PLM_MV,D,20080422,000000,7.5,7.95,7.47,7.95,0,0
PLM_MV,D,20080423,000000,7.46,7.47,7.46,7.47,0,0
PLM_MV,D,20080424,000000,7.82,7.82,7.12,7.78,0,0
PLM_MV,D,20080429,000000,7.29,7.95,7.29,7.95,0,0
PLM_MV,D,20080505,000000,7.95,7.95,7.36,7.95,0,0
PLM_MV,D,20080506,000000,7.39,7.92,7.39,7.92,0,0
PLM_MV,D,20080507,000000,7.4,7.92,7.36,7.92,0,0
PLM_MV,D,20080509,000000,7.5,7.5,7.47,7.47,0,0
PLM_MV,D,20080513,000000,7.47,7.85,7.4,7.85,0,0
PLM_MV,D,20080516,000000,7.78,7.78,7.78,7.78,0,0
PLM_MV,D,20080519,000000,7.4,7.71,7.4,7.71,0,0
PLM_MV,D,20080520,000000,7.33,7.33,7.33,7.33,0,0
PLM_MV,D,20080521,000000,7.92,7.92,7.92,7.92,0,0
PLM_MV,D,20080528,000000,7.29,7.29,7.29,7.29,0,0
PLM_MV,D,20080529,000000,7.91,7.92,7.22,7.92,0,0
PLM_MV,D,20080530,000000,7.26,7.92,7.26,7.92,0,0
PLM_MV,D,20080602,000000,7.26,7.26,7.19,7.19,0,0
PLM_MV,D,20080603,000000,7.19,7.99,6.29,7.99,0,0
PLM_MV,D,20080604,000000,6.39,6.39,6.39,6.39,0,0
PLM_MV,D,20080605,000000,7.64,7.64,5.66,5.66,0,0
PLM_MV,D,20080606,000000,5.87,6.46,5.45,5.45,0,0
PLM_MV,D,20080609,000000,6.53,6.53,5.24,6.49,0,0
PLM_MV,D,20080610,000000,7.43,7.43,7.43,7.43,0,0
PLM_MV,D,20080623,000000,6.25,6.25,6.25,6.25,0,0
PLM_MV,D,20080624,000000,6.25,6.25,6.25,6.25,0,0
PLM_MV,D,20080626,000000,5.63,6.22,5.63,6.22,0,0
PLM_MV,D,20080630,000000,6.22,6.22,6.22,6.22,0,0
PLM_MV,D,20080704,000000,5.49,6.67,5.49,6.67,0,0
PLM_MV,D,20080717,000000,5.42,6.53,5.42,6.53,0,0
PLM_MV,D,20080721,000000,5.97,6.43,5.94,6.43,0,0
PLM_MV,D,20080723,000000,5.6,6.4,5.6,6.39,0,0
PLM_MV,D,20080724,000000,6.22,6.43,6.22,6.43,0,0
PLM_MV,D,20080725,000000,5.98,6.22,5.94,6.22,0,0
PLM_MV,D,20080728,000000,6.25,6.74,6.25,6.74,0,0
PLM_MV,D,20080729,000000,6.71,8.37,6.67,8.37,0,0
PLM_MV,D,20080730,000000,8.44,8.44,6.95,7.81,0,0
PLM_MV,D,20080731,000000,7.81,7.81,7.81,7.81,0,0
PLM_MV,D,20080801,000000,7.81,8.33,7.81,8.3,0,0
PLM_MV,D,20080805,000000,7.29,7.61,7.29,7.61,0,0
PLM_MV,D,20080806,000000,8.2,8.2,8.2,8.2,0,0
PLM_MV,D,20080808,000000,6.6,7.3,6.6,7.29,0,0
PLM_MV,D,20080811,000000,8.16,8.16,6.67,7.92,0,0
PLM_MV,D,20080812,000000,7.54,8.13,7.54,8.13,0,0
PLM_MV,D,20080814,000000,8.2,8.2,6.78,7.85,0,0
PLM_MV,D,20080818,000000,6.6,7.68,6.46,7.68,0,0
PLM_MV,D,20080819,000000,6.29,6.95,6.15,6.95,0,0
PLM_MV,D,20080821,000000,7.4,7.4,5.56,6.6,0,0
PLM_MV,D,20080822,000000,6.91,6.91,6.91,6.91,0,0
PLM_MV,D,20080825,000000,6.77,6.77,5.56,6.01,0,0
PLM_MV,D,20080826,000000,5.56,5.98,5.56,5.97,0,0
PLM_MV,D,20080827,000000,5.59,6.25,5.59,6.25,0,0
PLM_MV,D,20080828,000000,5.66,6.25,5.63,6.25,0,0
PLM_MV,D,20080901,000000,5.07,6.04,5.07,6.04,0,0
PLM_MV,D,20080902,000000,5.84,6.04,5.84,6.04,0,0
PLM_MV,D,20080904,000000,6.07,6.08,6.07,6.08,0,0
PLM_MV,D,20080905,000000,4.86,4.86,4.86,4.86,0,0
PLM_MV,D,20080908,000000,5.83,5.83,4.86,5.77,0,0
PLM_MV,D,20080909,000000,4.9,5.63,4.9,5.63,0,0
PLM_MV,D,20080911,000000,4.9,5.63,4.9,5.63,0,0
PLM_MV,D,20080912,000000,4.83,5.11,4.52,5.11,0,0
PLM_MV,D,20080915,000000,5.46,5.46,5.45,5.45,0,0
PLM_MV,D,20080916,000000,4.76,5,4.76,5,0,0
PLM_MV,D,20080917,000000,5.35,5.35,5.35,5.35,0,0
PLM_MV,D,20080918,000000,4.31,4.31,4.31,4.31,0,0
PLM_MV,D,20080919,000000,5.14,5.14,3.48,4.51,0,0
PLM_MV,D,20080922,000000,5.03,5.03,4.68,5,0,0
PLM_MV,D,20080924,000000,4.03,5,4.03,5,0,0
PLM_MV,D,20080929,000000,4.1,5,4.1,5,0,0
PLM_MV,D,20080930,000000,4.2,4.34,4.2,4.34,0,0
PLM_MV,D,20081002,000000,4.34,4.34,4.34,4.34,0,0
PLM_MV,D,20081007,000000,4.34,4.86,3.82,4.31,0,0
PLM_MV,D,20081008,000000,4,5.14,4,4.34,0,0
PLM_MV,D,20081009,000000,4.31,4.34,4.31,4.34,0,0
PLM_MV,D,20081010,000000,3.85,4.27,3.82,4.27,0,0
PLM_MV,D,20081013,000000,4.27,5.11,4.27,5.11,0,0
PLM_MV,D,20081022,000000,4.17,4.17,4.17,4.17,0,0
PLM_MV,D,20081027,000000,4.24,4.24,4.24,4.24,0,0
PLM_MV,D,20081103,000000,4.24,4.24,4.24,4.24,0,0
PLM_MV,D,20081104,000000,4.27,5.14,4.27,5.14,0,0
PLM_MV,D,20081105,000000,5.8,5.8,5.8,5.8,0,0
PLM_MV,D,20081106,000000,5.38,5.7,5.38,5.7,0,0
PLM_MV,D,20081110,000000,4.59,4.59,4.03,4.13,0,0
PLM_MV,D,20081112,000000,4.58,4.58,4.16,4.17,0,0
PLM_MV,D,20081114,000000,3.51,3.51,3.13,3.4,0,0
PLM_MV,D,20081117,000000,3.3,3.37,2.95,3.37,0,0
PLM_MV,D,20081118,000000,2.99,3.06,2.71,3.06,0,0
PLM_MV,D,20081119,000000,2.96,3.09,2.85,3.09,0,0
PLM_MV,D,20081120,000000,3.12,3.65,3.12,3.65,0,0
PLM_MV,D,20081124,000000,3.44,3.44,3.44,3.44,0,0
PLM_MV,D,20081203,000000,2.88,3.13,2.47,3.13,0,0
PLM_MV,D,20081211,000000,2.54,2.54,2.5,2.5,0,0
PLM_MV,D,20081212,000000,2.43,3.02,2.43,3.02,0,0
PLM_MV,D,20081215,000000,2.78,3.06,2.78,3.06,0,0
PLM_MV,D,20081219,000000,2.61,2.92,2.5,2.92,0,0
PLM_MV,D,20081223,000000,3.13,3.13,3.13,3.13,0,0
PLM_MV,D,20081231,000000,2.47,2.47,2.47,2.47,0,0
PLM_MV,D,20090107,000000,3.17,3.17,3.16,3.16,0,0
PLM_MV,D,20090112,000000,2.64,3.16,2.64,3.16,0,0
PLM_MV,D,20090113,000000,2.95,3.16,2.95,3.16,0,0
PLM_MV,D,20090116,000000,2.78,2.81,2.78,2.81,0,0
PLM_MV,D,20090119,000000,3.16,3.16,2.88,2.88,0,0
PLM_MV,D,20090120,000000,2.95,2.95,2.95,2.95,0,0
PLM_MV,D,20090121,000000,2.78,3.12,2.78,3.06,0,0
PLM_MV,D,20090122,000000,2.61,3.06,2.61,3.06,0,0
PLM_MV,D,20090126,000000,3.06,3.06,3.06,3.06,0,0
PLM_MV,D,20090127,000000,3.09,3.09,3.09,3.09,0,0
PLM_MV,D,20090130,000000,3.47,3.47,3.47,3.47,0,0
PLM_MV,D,20090216,000000,3.12,3.13,3.12,3.13,0,0
PLM_MV,D,20090218,000000,2.82,2.82,2.81,2.81,0,0
PLM_MV,D,20090220,000000,2.78,3.06,2.78,3.06,0,0
PLM_MV,D,20090224,000000,3.06,3.06,3.06,3.06,0,0
PLM_MV,D,20090302,000000,2.61,3.06,2.61,3.06,0,0
PLM_MV,D,20090305,000000,3.06,3.06,3.06,3.06,0,0
PLM_MV,D,20090306,000000,3.06,3.41,3.06,3.4,0,0
PLM_MV,D,20090309,000000,3.05,3.06,3.05,3.06,0,0
PLM_MV,D,20090310,000000,3.06,3.37,3.06,3.37,0,0
PLM_MV,D,20090320,000000,3.34,3.34,3.33,3.33,0,0
PLM_MV,D,20090326,000000,3.43,3.47,3.43,3.47,0,0
PLM_MV,D,20090330,000000,3.5,3.65,3.47,3.65,0,0
PLM_MV,D,20090331,000000,3.48,3.48,3.47,3.47,0,0
PLM_MV,D,20090402,000000,3.64,3.65,3.64,3.65,0,0
PLM_MV,D,20090407,000000,3.82,3.82,3.82,3.82,0,0
PLM_MV,D,20090408,000000,3.82,3.82,3.82,3.82,0,0
PLM_MV,D,20090409,000000,3.82,3.89,3.82,3.89,0,0
PLM_MV,D,20090414,000000,3.99,4.51,3.99,4.51,0,0
PLM_MV,D,20090415,000000,4.62,5.21,4.62,5.21,0,0
PLM_MV,D,20090416,000000,5.56,5.56,5.56,5.56,0,0
PLM_MV,D,20090417,000000,5.45,5.56,5.45,5.56,0,0
PLM_MV,D,20090420,000000,4.45,5.14,4.45,5.14,0,0
PLM_MV,D,20090422,000000,4.86,4.86,4.86,4.86,0,0
PLM_MV,D,20090430,000000,4.51,4.51,4.51,4.51,0,0
PLM_MV,D,20090504,000000,4.17,4.51,4.17,4.51,0,0
PLM_MV,D,20090512,000000,4.51,4.51,4.51,4.51,0,0
PLM_MV,D,20090513,000000,3.82,4.51,3.82,4.51,0,0
PLM_MV,D,20090520,000000,3.61,3.61,3.61,3.61,0,0
PLM_MV,D,20090521,000000,4.31,4.31,4.31,4.31,0,0
PLM_MV,D,20090526,000000,4.83,4.83,4.83,4.83,0,0
PLM_MV,D,20090604,000000,3.99,3.99,3.99,3.99,0,0
PLM_MV,D,20090615,000000,4.2,4.2,4.2,4.2,0,0
PLM_MV,D,20090616,000000,4.17,4.17,4.17,4.17,0,0
PLM_MV,D,20090622,000000,4.34,4.34,4.34,4.34,0,0
PLM_MV,D,20090630,000000,4.69,4.86,4.69,4.86,0,0
PLM_MV,D,20090721,000000,4.17,4.17,4.17,4.17,0,0
PLM_MV,D,20090724,000000,3.92,3.92,3.92,3.92,0,0
PLM_MV,D,20090727,000000,3.82,3.82,3.82,3.82,0,0
PLM_MV,D,20090730,000000,4.51,4.65,4.51,4.65,0,0
PLM_MV,D,20090731,000000,4.79,4.79,4.65,4.65,0,0
PLM_MV,D,20090804,000000,4.62,4.83,4.62,4.83,0,0
PLM_MV,D,20090810,000000,4.86,5.56,4.86,5.56,0,0
PLM_MV,D,20090811,000000,4.93,5.52,4.93,5.52,0,0
PLM_MV,D,20090813,000000,5.56,5.9,4.93,5.9,0,0
PLM_MV,D,20090814,000000,4.97,6.7,4.9,6.7,0,0
PLM_MV,D,20090818,000000,5.38,6.67,5.38,6.67,0,0
PLM_MV,D,20090819,000000,6.67,6.7,6.67,6.7,0,0
PLM_MV,D,20090820,000000,6.67,6.7,6.67,6.7,0,0
PLM_MV,D,20090821,000000,5.94,6.67,5.73,6.67,0,0
PLM_MV,D,20090824,000000,6.63,6.63,6.63,6.63,0,0
PLM_MV,D,20090825,000000,7.26,7.26,5.87,6.91,0,0
PLM_MV,D,20090826,000000,5.87,6.6,5.73,6.53,0,0
PLM_MV,D,20090828,000000,5.73,5.9,5.24,5.9,0,0
PLM_MV,D,20090903,000000,5.38,5.38,5.38,5.38,0,0
PLM_MV,D,20090921,000000,5.21,5.9,5.21,5.9,0,0
PLM_MV,D,20090922,000000,5.21,5.21,5.21,5.21,0,0
PLM_MV,D,20090924,000000,5.38,5.38,5.38,5.38,0,0
PLM_MV,D,20090928,000000,5.42,5.42,5.42,5.42,0,0
PLM_MV,D,20090929,000000,6.11,6.11,6.11,6.11,0,0
PLM_MV,D,20090930,000000,5.7,5.7,5.7,5.7,0,0
PLM_MV,D,20091001,000000,5.56,5.56,5.56,5.56,0,0
PLM_MV,D,20091002,000000,6.11,6.11,6.11,6.11,0,0
PLM_MV,D,20091005,000000,6.11,6.25,6.11,6.25,0,0
PLM_MV,D,20091007,000000,5.21,5.21,5.21,5.21,0,0
PLM_MV,D,20091009,000000,6.56,6.56,5.9,5.9,0,0
PLM_MV,D,20091021,000000,6.11,6.56,5.9,5.9,0,0
PLM_MV,D,20091030,000000,5.24,5.24,5.24,5.24,0,0
PLM_MV,D,20091102,000000,5.56,5.56,5.56,5.56,0,0
PLM_MV,D,20091103,000000,5.73,5.73,5.73,5.73,0,0
PLM_MV,D,20091104,000000,5.9,5.9,5.9,5.9,0,0
PLM_MV,D,20091105,000000,6.08,6.56,6.08,6.56,0,0
PLM_MV,D,20091106,000000,6.08,6.56,6.08,6.11,0,0
PLM_MV,D,20091110,000000,6.04,6.04,6.04,6.04,0,0
PLM_MV,D,20091112,000000,5.66,5.66,5.56,5.56,0,0
PLM_MV,D,20091113,000000,6.22,6.22,6.22,6.22,0,0
PLM_MV,D,20091120,000000,6.15,6.18,6.15,6.18,0,0
PLM_MV,D,20091127,000000,6.18,6.18,6.18,6.18,0,0
PLM_MV,D,20091202,000000,5.21,6.6,5.21,6.6,0,0
PLM_MV,D,20091217,000000,5.31,6.49,5.31,6.49,0,0
PLM_MV,D,20091222,000000,6.18,6.18,5.9,5.9,0,0
PLM_MV,D,20091230,000000,6.43,6.43,5.11,5.11,0,0
PLM_MV,D,20091231,000000,5.21,5.21,5.21,5.21,0,0
PLM_MV,D,20100106,000000,5.04,5.38,5.04,5.38,0,0
PLM_MV,D,20100107,000000,5.21,6.25,5.21,6.25,0,0
PLM_MV,D,20100114,000000,6.36,6.53,6.36,6.53,0,0
PLM_MV,D,20100115,000000,6.7,6.7,6.67,6.67,0,0
PLM_MV,D,20100118,000000,6.6,6.88,6.6,6.88,0,0
PLM_MV,D,20100119,000000,6.81,8.13,6.39,8.13,0,0
PLM_MV,D,20100120,000000,6.98,8.02,6.98,7.99,0,0
PLM_MV,D,20100121,000000,7.88,9.72,7.88,9.72,0,0
PLM_MV,D,20100122,000000,9.72,10.35,9.03,10.31,0,0
PLM_MV,D,20100125,000000,10.38,10.38,10.38,10.38,0,0
PLM_MV,D,20100126,000000,10.18,10.18,10.18,10.18,0,0
PLM_MV,D,20100128,000000,10.04,10.73,9.72,10.04,0,0
PLM_MV,D,20100201,000000,10.77,10.91,10.45,10.91,0,0
PLM_MV,D,20100202,000000,10.77,10.77,9.9,10.45,0,0
PLM_MV,D,20100203,000000,10.11,10.25,9.9,10.25,0,0
PLM_MV,D,20100204,000000,10.14,10.14,9.66,10.14,0,0
PLM_MV,D,20100205,000000,8.86,10.04,8.86,10.04,0,0
PLM_MV,D,20100208,000000,9.24,9.24,9.2,9.2,0,0
PLM_MV,D,20100210,000000,9.38,9.38,9.2,9.2,0,0
PLM_MV,D,20100211,000000,9.24,9.24,9.2,9.2,0,0
PLM_MV,D,20100215,000000,9.69,10.18,9.69,10.18,0,0
PLM_MV,D,20100219,000000,9.2,9.38,9.2,9.38,0,0
PLM_MV,D,20100222,000000,9.9,9.9,8.61,8.61,0,0
PLM_MV,D,20100223,000000,8.37,8.37,8.37,8.37,0,0
PLM_MV,D,20100224,000000,9.66,9.66,9.62,9.62,0,0
PLM_MV,D,20100226,000000,7.81,9.62,7.81,9.62,0,0
PLM_MV,D,20100301,000000,9.62,9.62,9.62,9.62,0,0
PLM_MV,D,20100303,000000,8.37,9.72,8.37,9.72,0,0
PLM_MV,D,20100304,000000,10.11,10.11,10.11,10.11,0,0
PLM_MV,D,20100305,000000,9.72,10.18,9.72,10.18,0,0
PLM_MV,D,20100309,000000,9.38,10.31,9.38,10.31,0,0
PLM_MV,D,20100311,000000,10.31,10.31,9.76,9.76,0,0
PLM_MV,D,20100316,000000,8.68,8.86,8.23,8.86,0,0
PLM_MV,D,20100317,000000,8.68,8.86,8.65,8.65,0,0
PLM_MV,D,20100318,000000,8.16,8.16,7.92,7.92,0,0
PLM_MV,D,20100319,000000,8.34,9.2,8.34,9.2,0,0
PLM_MV,D,20100322,000000,9.72,9.72,8.34,8.34,0,0
PLM_MV,D,20100324,000000,8.72,8.72,8.72,8.72,0,0
PLM_MV,D,20100326,000000,8.68,8.68,8.68,8.68,0,0
PLM_MV,D,20100330,000000,8.75,8.75,8.75,8.75,0,0
PLM_MV,D,20100331,000000,8.72,10.07,7.85,7.92,0,0
PLM_MV,D,20100401,000000,9.48,10.42,9.38,10.35,0,0
PLM_MV,D,20100406,000000,10.42,10.77,9.9,9.9,0,0
PLM_MV,D,20100407,000000,9.9,9.9,9.72,9.72,0,0
PLM_MV,D,20100408,000000,10.07,10.07,10.07,10.07,0,0
PLM_MV,D,20100409,000000,10.42,10.42,10.42,10.42,0,0
PLM_MV,D,20100416,000000,10.77,10.87,10.77,10.87,0,0
PLM_MV,D,20100419,000000,10.91,10.94,10.07,10.07,0,0
PLM_MV,D,20100420,000000,9.9,9.9,9.9,9.9,0,0
PLM_MV,D,20100421,000000,10.14,10.14,10.14,10.14,0,0
PLM_MV,D,20100428,000000,9.9,10.59,9.9,10.59,0,0
PLM_MV,D,20100429,000000,10.35,10.35,10.35,10.35,0,0
PLM_MV,D,20100505,000000,9.59,9.59,9.59,9.59,0,0
PLM_MV,D,20100506,000000,9.59,9.59,9.55,9.55,0,0
PLM_MV,D,20100514,000000,10.38,10.87,10.38,10.87,0,0
PLM_MV,D,20100517,000000,10.94,10.97,10.77,10.97,0,0
PLM_MV,D,20100518,000000,10.97,12.75,10.97,12.4,0,0
PLM_MV,D,20100519,000000,11.67,12.23,11.67,12.23,0,0
PLM_MV,D,20100520,000000,12.19,12.19,12.19,12.19,0,0
PLM_MV,D,20100521,000000,12.16,12.16,10.28,11.98,0,0
PLM_MV,D,20100526,000000,11.95,12.16,10.59,11.43,0,0
PLM_MV,D,20100527,000000,10.63,10.63,10.59,10.59,0,0
PLM_MV,D,20100528,000000,10.28,11.39,10.28,11.39,0,0
PLM_MV,D,20100531,000000,12.02,12.02,12.02,12.02,0,0
PLM_MV,D,20100601,000000,11.63,11.63,11.04,11.04,0,0
PLM_MV,D,20100602,000000,11.08,11.6,11.08,11.6,0,0
PLM_MV,D,20100608,000000,12.26,12.26,10.45,11.39,0,0
PLM_MV,D,20100614,000000,11.77,11.77,11.77,11.77,0,0
PLM_MV,D,20100622,000000,10.11,11.22,9.72,11.22,0,0
PLM_MV,D,20100623,000000,10.14,10.14,10.14,10.14,0,0
PLM_MV,D,20100624,000000,9.9,11.25,9.9,11.25,0,0
PLM_MV,D,20100628,000000,9.72,9.72,9.72,9.72,0,0
PLM_MV,D,20100629,000000,9.72,9.72,9.72,9.72,0,0
PLM_MV,D,20100630,000000,9.76,9.76,9.72,9.72,0,0
PLM_MV,D,20100701,000000,11.01,11.04,7.88,11.04,0,0
PLM_MV,D,20100707,000000,11.77,11.77,9.72,9.72,0,0
PLM_MV,D,20100708,000000,10.59,10.59,10.59,10.59,0,0
PLM_MV,D,20100712,000000,10.97,10.97,10.97,10.97,0,0
PLM_MV,D,20100719,000000,10.56,10.97,10.56,10.97,0,0
PLM_MV,D,20100722,000000,11.81,11.81,11.81,11.81,0,0
PLM_MV,D,20100723,000000,10.94,11.46,10.94,11.46,0,0
PLM_MV,D,20100726,000000,11.36,11.39,11.36,11.39,0,0
PLM_MV,D,20100727,000000,10.42,11.25,10.42,11.25,0,0
PLM_MV,D,20100802,000000,9.17,11.25,9.17,11.25,0,0
PLM_MV,D,20100803,000000,10.31,11.25,10.28,11.25,0,0
PLM_MV,D,20100805,000000,9.59,9.59,9.59,9.59,0,0
PLM_MV,D,20100806,000000,9.55,10.07,9.06,9.06,0,0
PLM_MV,D,20100809,000000,10.77,10.77,10.77,10.77,0,0
PLM_MV,D,20100810,000000,9.9,10.87,9.72,10.87,0,0
PLM_MV,D,20100813,000000,9.69,9.97,9.69,9.76,0,0
PLM_MV,D,20100818,000000,9.03,9.66,7.85,9.66,0,0
PLM_MV,D,20100819,000000,9.03,9.03,9.03,9.03,0,0
PLM_MV,D,20100820,000000,9.2,9.38,9.2,9.38,0,0
PLM_MV,D,20100824,000000,9.38,10.52,9.38,10.52,0,0
PLM_MV,D,20100830,000000,8.96,9.27,8.68,9.27,0,0
PLM_MV,D,20100831,000000,9.06,9.06,8.68,8.86,0,0
PLM_MV,D,20100901,000000,8.86,8.86,8.68,8.68,0,0
PLM_MV,D,20100902,000000,9.03,9.03,8.54,8.54,0,0
PLM_MV,D,20100903,000000,8.37,8.96,8.37,8.96,0,0
PLM_MV,D,20100906,000000,8.86,9.03,8.68,8.68,0,0
PLM_MV,D,20100907,000000,9,9.03,9,9.03,0,0
PLM_MV,D,20100908,000000,9.03,9.52,9.03,9.52,0,0
PLM_MV,D,20100909,000000,9.52,9.76,9.52,9.76,0,0
PLM_MV,D,20100910,000000,9.72,9.79,9.72,9.79,0,0
PLM_MV,D,20100913,000000,8.79,9.76,8.79,9.76,0,0
PLM_MV,D,20100914,000000,9.72,9.72,9.72,9.72,0,0
PLM_MV,D,20100915,000000,9.69,10.18,9.69,10.18,0,0
PLM_MV,D,20100916,000000,10.14,10.18,10.14,10.18,0,0
PLM_MV,D,20100917,000000,10.18,10.18,10.18,10.18,0,0
PLM_MV,D,20100920,000000,10.25,10.25,10.25,10.25,0,0
PLM_MV,D,20100922,000000,9.72,9.72,9.38,9.38,0,0
PLM_MV,D,20100924,000000,10.07,10.11,10.07,10.11,0,0
PLM_MV,D,20100928,000000,10.07,10.07,10.07,10.07,0,0
PLM_MV,D,20100930,000000,9.72,9.72,9.41,9.41,0,0
PLM_MV,D,20101008,000000,9.55,9.55,9.55,9.55,0,0
PLM_MV,D,20101011,000000,9.59,9.62,9.59,9.62,0,0
PLM_MV,D,20101018,000000,9.38,9.38,9.03,9.03,0,0
PLM_MV,D,20101019,000000,9.38,9.9,9.38,9.69,0,0
PLM_MV,D,20101020,000000,9.38,9.38,9.38,9.38,0,0
PLM_MV,D,20101022,000000,10.07,10.77,10.07,10.77,0,0
PLM_MV,D,20101025,000000,10.77,10.77,10.77,10.77,0,0
PLM_MV,D,20101027,000000,9.45,11.6,9.45,11.6,0,0
PLM_MV,D,20101028,000000,11.6,11.6,11.57,11.57,0,0
PLM_MV,D,20101102,000000,10.11,10.11,10.11,10.11,0,0
PLM_MV,D,20101104,000000,11.01,11.6,10.94,11.6,0,0
PLM_MV,D,20101105,000000,11.6,12.16,11.6,12.16,0,0
PLM_MV,D,20101108,000000,11.6,11.6,10.45,10.91,0,0
PLM_MV,D,20101109,000000,10.84,12.12,10.84,10.91,0,0
PLM_MV,D,20101110,000000,10.77,12.16,10.42,11.81,0,0
PLM_MV,D,20101112,000000,11.46,12.5,11.46,11.81,0,0
PLM_MV,D,20101115,000000,12.16,12.16,11.11,11.11,0,0
PLM_MV,D,20101116,000000,11.11,11.11,11.11,11.11,0,0
PLM_MV,D,20101117,000000,11.11,11.11,10.07,10.42,0,0
PLM_MV,D,20101118,000000,10.42,11.11,10.42,11.11,0,0
PLM_MV,D,20101119,000000,10.42,10.77,10.42,10.77,0,0
PLM_MV,D,20101123,000000,10.77,10.77,9.72,10.42,0,0
PLM_MV,D,20101124,000000,10.07,10.07,10.07,10.07,0,0
PLM_MV,D,20101125,000000,10.07,10.42,10.07,10.42,0,0
PLM_MV,D,20101126,000000,10.07,10.07,10.07,10.07,0,0
PLM_MV,D,20101129,000000,10.07,10.07,10.07,10.07,0,0
PLM_MV,D,20101201,000000,10.42,10.77,10.42,10.77,0,0
PLM_MV,D,20101203,000000,10.42,10.42,10.42,10.42,0,0
PLM_MV,D,20101207,000000,10.07,10.42,10.07,10.42,0,0
PLM_MV,D,20101208,000000,10.42,10.42,10.42,10.42,0,0
PLM_MV,D,20101209,000000,10.77,11.11,10.77,10.77,0,0
PLM_MV,D,20101210,000000,10.77,10.77,10.77,10.77,0,0
PLM_MV,D,20101213,000000,10.42,10.42,10.42,10.42,0,0
PLM_MV,D,20101214,000000,10.42,10.42,10.42,10.42,0,0
PLM_MV,D,20101215,000000,10.42,10.42,10.42,10.42,0,0
PLM_MV,D,20101216,000000,10.07,10.42,10.07,10.42,0,0
PLM_MV,D,20101217,000000,10.07,11.46,10.07,11.46,0,0
PLM_MV,D,20101220,000000,11.11,11.11,11.11,11.11,0,0
PLM_MV,D,20101221,000000,11.11,11.11,11.11,11.11,0,0
PLM_MV,D,20101222,000000,10.77,10.77,10.77,10.77,0,0
PLM_MV,D,20101223,000000,10.42,10.42,10.42,10.42,0,0
PLM_MV,D,20101227,000000,10.42,10.77,10.42,10.77,0,0
PLM_MV,D,20101228,000000,10.42,10.77,10.42,10.77,0,0
PLM_MV,D,20101229,000000,10.07,10.07,10.07,10.07,0,0
PLM_MV,D,20101230,000000,10.42,10.42,10.42,10.42,0,0
PLM_MV,D,20101231,000000,10.07,10.42,10.07,10.42,0,0
PLM_MV,D,20110103,000000,10.42,10.42,10.42,10.42,0,0
PLM_MV,D,20110104,000000,10.42,10.42,10.07,10.07,0,0
PLM_MV,D,20110107,000000,9.72,9.72,9.72,9.72,0,0
PLM_MV,D,20110110,000000,10.07,10.42,10.07,10.07,0,0
PLM_MV,D,20110111,000000,10.07,10.07,10.07,10.07,0,0
PLM_MV,D,20110113,000000,9.72,10.42,9.72,10.42,0,0
PLM_MV,D,20110114,000000,10.42,10.42,10.42,10.42,0,0
PLM_MV,D,20110117,000000,10.42,10.42,10.07,10.07,0,0
PLM_MV,D,20110118,000000,10.42,10.42,10.07,10.07,0,0
PLM_MV,D,20110119,000000,10.07,10.07,10.07,10.07,0,0
PLM_MV,D,20110120,000000,10.07,10.42,10.07,10.42,0,0
PLM_MV,D,20110124,000000,10.07,10.07,10.07,10.07,0,0
PLM_MV,D,20110126,000000,10.07,10.07,10.07,10.07,0,0
PLM_MV,D,20110127,000000,10.07,10.07,10.07,10.07,0,0
PLM_MV,D,20110201,000000,10.07,10.07,10.07,10.07,0,0
PLM_MV,D,20110202,000000,10.07,10.42,9.72,10.42,0,0
PLM_MV,D,20110207,000000,10.07,10.07,10.07,10.07,0,0
PLM_MV,D,20110208,000000,10.07,10.07,10.07,10.07,0,0
PLM_MV,D,20110209,000000,10.42,10.42,10.42,10.42,0,0
PLM_MV,D,20110210,000000,10.42,10.77,10.42,10.77,0,0
PLM_MV,D,20110214,000000,10.77,10.77,10.77,10.77,0,0
PLM_MV,D,20110215,000000,10.77,10.77,10.42,10.42,0,0
PLM_MV,D,20110216,000000,10.07,10.07,10.07,10.07,0,0
PLM_MV,D,20110217,000000,10.07,10.42,10.07,10.07,0,0
PLM_MV,D,20110218,000000,10.07,10.07,10.07,10.07,0,0
PLM_MV,D,20110221,000000,10.07,10.42,10.07,10.42,0,0
PLM_MV,D,20110222,000000,10.07,10.07,9.72,10.07,0,0
PLM_MV,D,20110223,000000,9.72,9.72,9.72,9.72,0,0
PLM_MV,D,20110224,000000,9.72,9.72,9.72,9.72,0,0
PLM_MV,D,20110225,000000,9.72,9.72,9.72,9.72,0,0
PLM_MV,D,20110301,000000,9.72,10.07,9.72,9.72,0,0
PLM_MV,D,20110302,000000,9.38,9.72,9.38,9.38,0,0
PLM_MV,D,20110304,000000,9.38,9.38,9.38,9.38,0,0
PLM_MV,D,20110307,000000,9.38,9.38,9.38,9.38,0,0
PLM_MV,D,20110308,000000,9.03,9.03,9.03,9.03,0,0
PLM_MV,D,20110309,000000,8.68,8.68,8.68,8.68,0,0
PLM_MV,D,20110310,000000,8.68,8.68,8.68,8.68,0,0
PLM_MV,D,20110311,000000,8.68,8.68,8.34,8.34,0,0
PLM_MV,D,20110314,000000,8.68,9.03,8.68,9.03,0,0
PLM_MV,D,20110315,000000,9.03,9.03,8.34,8.34,0,0
PLM_MV,D,20110316,000000,8.34,8.34,8.34,8.34,0,0
PLM_MV,D,20110318,000000,8.34,8.34,8.34,8.34,0,0
PLM_MV,D,20110322,000000,8.68,9.03,8.68,8.68,0,0
PLM_MV,D,20110323,000000,8.68,8.68,8.68,8.68,0,0
PLM_MV,D,20110324,000000,8.68,8.68,8.68,8.68,0,0
PLM_MV,D,20110325,000000,9.03,9.03,8.68,8.68,0,0
PLM_MV,D,20110329,000000,9.03,9.03,8.68,8.68,0,0
PLM_MV,D,20110331,000000,8.68,8.68,8.68,8.68,0,0
PLM_MV,D,20110407,000000,8.68,8.68,8.68,8.68,0,0
PLM_MV,D,20110408,000000,9.03,9.38,9.03,9.38,0,0
PLM_MV,D,20110412,000000,9.72,9.72,9.38,9.38,0,0
PLM_MV,D,20110415,000000,9.03,9.03,9.03,9.03,0,0
PLM_MV,D,20110418,000000,9.38,9.38,9.38,9.38,0,0
PLM_MV,D,20110427,000000,9.38,9.38,9.38,9.38,0,0
PLM_MV,D,20110428,000000,9.38,9.72,9.38,9.38,0,0
PLM_MV,D,20110429,000000,9.38,9.38,9.38,9.38,0,0
PLM_MV,D,20110502,000000,9.38,9.38,9.38,9.38,0,0
PLM_MV,D,20110504,000000,9.38,9.38,9.38,9.38,0,0
PLM_MV,D,20110506,000000,9.38,9.38,9.38,9.38,0,0
PLM_MV,D,20110510,000000,9.38,9.38,9.03,9.03,0,0
PLM_MV,D,20110511,000000,8.68,9.38,8.68,9.03,0,0
PLM_MV,D,20110512,000000,9.03,9.03,9.03,9.03,0,0
PLM_MV,D,20110517,000000,8.68,8.68,8.34,8.34,0,0
PLM_MV,D,20110518,000000,7.99,8.34,7.99,8.34,0,0
PLM_MV,D,20110523,000000,8.34,8.34,8.34,8.34,0,0
PLM_MV,D,20110524,000000,7.99,7.99,7.99,7.99,0,0
PLM_MV,D,20110525,000000,7.64,7.99,7.64,7.99,0,0
PLM_MV,D,20110527,000000,8.34,8.34,8.34,8.34,0,0
PLM_MV,D,20110530,000000,7.99,7.99,7.99,7.99,0,0
PLM_MV,D,20110531,000000,7.99,7.99,7.99,7.99,0,0
PLM_MV,D,20110603,000000,7.99,7.99,7.99,7.99,0,0
PLM_MV,D,20110606,000000,7.64,7.99,7.64,7.99,0,0
PLM_MV,D,20110607,000000,7.64,7.99,7.64,7.99,0,0
PLM_MV,D,20110616,000000,7.64,7.64,7.29,7.64,0,0
PLM_MV,D,20110627,000000,7.29,7.29,6.6,6.95,0,0
PLM_MV,D,20110628,000000,6.6,6.95,6.6,6.95,0,0
PLM_MV,D,20110629,000000,6.95,6.95,6.95,6.95,0,0
PLM_MV,D,20110701,000000,6.25,6.25,5.9,5.9,0,0
PLM_MV,D,20110704,000000,6.25,6.6,6.25,6.25,0,0
PLM_MV,D,20110705,000000,6.25,6.25,6.25,6.25,0,0
PLM_MV,D,20110706,000000,6.25,6.6,6.25,6.6,0,0
PLM_MV,D,20110707,000000,6.6,6.6,6.6,6.6,0,0
PLM_MV,D,20110708,000000,6.6,6.6,6.6,6.6,0,0
PLM_MV,D,20110711,000000,6.95,6.95,6.6,6.6,0,0
PLM_MV,D,20110714,000000,6.6,6.95,6.6,6.6,0,0
PLM_MV,D,20110715,000000,6.6,6.6,6.6,6.6,0,0
PLM_MV,D,20110719,000000,6.6,9.03,6.6,9.03,0,0
PLM_MV,D,20110720,000000,7.64,9.38,7.64,8.34,0,0
PLM_MV,D,20110721,000000,7.64,8.34,7.64,8.34,0,0
PLM_MV,D,20110722,000000,7.64,7.64,6.95,6.95,0,0
PLM_MV,D,20110725,000000,6.95,7.99,6.95,7.99,0,0
PLM_MV,D,20110726,000000,7.29,7.64,7.29,7.64,0,0
PLM_MV,D,20110727,000000,7.29,7.99,7.29,7.99,0,0
PLM_MV,D,20110728,000000,7.29,7.99,7.29,7.99,0,0
PLM_MV,D,20110729,000000,7.29,7.99,7.29,7.99,0,0
PLM_MV,D,20110802,000000,6.95,6.95,6.95,6.95,0,0
PLM_MV,D,20110803,000000,6.6,6.6,6.25,6.25,0,0
PLM_MV,D,20110804,000000,6.25,6.25,6.25,6.25,0,0
PLM_MV,D,20110805,000000,5.9,6.6,5.9,6.6,0,0
PLM_MV,D,20110808,000000,6.25,6.25,6.25,6.25,0,0
PLM_MV,D,20110809,000000,6.25,6.25,5.9,5.9,0,0
PLM_MV,D,20110811,000000,6.25,6.25,6.25,6.25,0,0
PLM_MV,D,20110816,000000,6.25,6.25,6.25,6.25,0,0
PLM_MV,D,20110817,000000,5.9,6.6,5.9,6.6,0,0
PLM_MV,D,20110822,000000,6.25,6.25,6.25,6.25,0,0
PLM_MV,D,20110823,000000,6.25,6.6,5.9,6.25,0,0
PLM_MV,D,20110824,000000,6.25,6.25,5.21,5.56,0,0
PLM_MV,D,20110826,000000,5.21,5.56,5.21,5.21,0,0
PLM_MV,D,20110829,000000,5.21,5.56,5.21,5.56,0,0
PLM_MV,D,20110830,000000,5.56,5.56,5.21,5.21,0,0
PLM_MV,D,20110831,000000,5.56,5.56,5.21,5.21,0,0
PLM_MV,D,20110902,000000,5.56,5.56,5.56,5.56,0,0
PLM_MV,D,20110906,000000,5.56,5.56,5.56,5.56,0,0
PLM_MV,D,20110907,000000,5.56,5.56,5.21,5.56,0,0
PLM_MV,D,20110908,000000,5.56,5.56,5.21,5.56,0,0
PLM_MV,D,20110909,000000,5.56,5.56,5.21,5.21,0,0
PLM_MV,D,20110912,000000,5.21,5.21,4.86,4.86,0,0
PLM_MV,D,20110913,000000,5.21,5.21,5.21,5.21,0,0
PLM_MV,D,20110914,000000,5.21,5.21,5.21,5.21,0,0
PLM_MV,D,20110915,000000,5.21,5.21,5.21,5.21,0,0
PLM_MV,D,20110916,000000,5.21,5.21,5.21,5.21,0,0
PLM_MV,D,20110919,000000,5.56,5.56,5.56,5.56,0,0
PLM_MV,D,20110920,000000,5.56,5.56,4.86,4.86,0,0
PLM_MV,D,20110923,000000,5.21,5.21,5.21,5.21,0,0
PLM_MV,D,20110926,000000,5.21,5.56,5.21,5.56,0,0
PLM_MV,D,20110927,000000,5.56,5.56,5.21,5.21,0,0
PLM_MV,D,20110930,000000,5.56,5.56,5.21,5.21,0,0
PLM_MV,D,20111004,000000,5.56,5.56,5.56,5.56,0,0
PLM_MV,D,20111005,000000,5.9,5.9,5.9,5.9,0,0
PLM_MV,D,20111006,000000,5.9,5.9,5.56,5.9,0,0
PLM_MV,D,20111007,000000,5.9,5.9,5.56,5.56,0,0
PLM_MV,D,20111010,000000,5.9,5.9,5.9,5.9,0,0
PLM_MV,D,20111012,000000,6.25,6.25,6.25,6.25,0,0
PLM_MV,D,20111013,000000,6.25,6.25,5.56,6.25,0,0
PLM_MV,D,20111014,000000,5.9,5.9,5.9,5.9,0,0
PLM_MV,D,20111017,000000,6.25,6.25,6.25,6.25,0,0
PLM_MV,D,20111018,000000,6.25,6.25,6.25,6.25,0,0
PLM_MV,D,20111019,000000,6.25,6.25,6.25,6.25,0,0
PLM_MV,D,20111020,000000,6.25,6.25,6.25,6.25,0,0
PLM_MV,D,20111021,000000,6.25,6.25,6.25,6.25,0,0
PLM_MV,D,20111024,000000,6.25,6.25,5.9,5.9,0,0
PLM_MV,D,20111025,000000,6.25,6.25,6.25,6.25,0,0
PLM_MV,D,20111026,000000,6.25,6.25,6.25,6.25,0,0
PLM_MV,D,20111027,000000,6.25,6.25,6.25,6.25,0,0
PLM_MV,D,20111028,000000,6.25,6.25,5.9,5.9,0,0
PLM_MV,D,20111031,000000,6.25,6.25,6.25,6.25,0,0
PLM_MV,D,20111102,000000,6.25,6.25,6.25,6.25,0,0
PLM_MV,D,20111107,000000,6.25,6.25,6.25,6.25,0,0
PLM_MV,D,20111108,000000,6.25,6.25,6.25,6.25,0,0
PLM_MV,D,20111109,000000,6.25,6.25,6.25,6.25,0,0
PLM_MV,D,20111110,000000,6.25,6.6,6.25,6.6,0,0
PLM_MV,D,20111114,000000,6.6,6.6,6.6,6.6,0,0
PLM_MV,D,20111115,000000,6.6,6.6,6.6,6.6,0,0
PLM_MV,D,20111116,000000,6.6,6.6,6.6,6.6,0,0
PLM_MV,D,20111117,000000,6.6,6.6,6.6,6.6,0,0
PLM_MV,D,20111118,000000,6.6,6.6,6.6,6.6,0,0
PLM_MV,D,20111121,000000,6.6,6.6,6.6,6.6,0,0
PLM_MV,D,20111122,000000,6.6,6.6,6.6,6.6,0,0
PLM_MV,D,20111123,000000,6.6,6.6,6.25,6.25,0,0
PLM_MV,D,20111124,000000,6.25,6.6,5.9,6.6,0,0
PLM_MV,D,20111125,000000,6.25,6.25,6.25,6.25,0,0
PLM_MV,D,20111128,000000,6.25,6.25,6.25,6.25,0,0
PLM_MV,D,20111129,000000,6.6,6.6,6.6,6.6,0,0
PLM_MV,D,20111130,000000,6.6,6.6,6.6,6.6,0,0
PLM_MV,D,20111201,000000,6.95,6.95,6.95,6.95,0,0
PLM_MV,D,20111202,000000,6.95,6.95,6.6,6.6,0,0
PLM_MV,D,20111205,000000,6.25,6.25,6.25,6.25,0,0
PLM_MV,D,20111207,000000,6.6,6.6,6.6,6.6,0,0
PLM_MV,D,20111208,000000,6.6,6.6,6.25,6.25,0,0
PLM_MV,D,20111209,000000,6.6,6.6,6.6,6.6,0,0
PLM_MV,D,20111212,000000,6.6,6.6,6.25,6.25,0,0
PLM_MV,D,20111213,000000,6.25,6.25,6.25,6.25,0,0
PLM_MV,D,20111214,000000,6.25,6.25,6.25,6.25,0,0
PLM_MV,D,20111215,000000,6.25,6.25,6.25,6.25,0,0
PLM_MV,D,20111220,000000,6.25,6.25,6.25,6.25,0,0
PLM_MV,D,20111221,000000,6.25,6.6,6.25,6.6,0,0
PLM_MV,D,20111222,000000,6.6,6.6,6.6,6.6,0,0
PLM_MV,D,20111223,000000,6.6,6.6,6.25,6.25,0,0
PLM_MV,D,20111227,000000,5.9,5.9,5.9,5.9,0,0
PLM_MV,D,20111228,000000,6.25,6.25,6.25,6.25,0,0
PLM_MV,D,20111229,000000,6.6,6.6,6.6,6.6,0,0
PLM_MV,D,20120102,000000,6.25,6.95,6.25,6.95,0,0
PLM_MV,D,20120103,000000,7.29,7.64,6.6,6.95,0,0
PLM_MV,D,20120104,000000,7.64,7.64,7.64,7.64,0,0
PLM_MV,D,20120105,000000,6.95,6.95,6.95,6.95,0,0
PLM_MV,D,20120109,000000,6.6,6.6,6.6,6.6,0,0
PLM_MV,D,20120111,000000,6.95,6.95,6.95,6.95,0,0
PLM_MV,D,20120113,000000,6.95,6.95,6.95,6.95,0,0
PLM_MV,D,20120116,000000,6.95,6.95,6.95,6.95,0,0
PLM_MV,D,20120117,000000,6.95,6.95,6.95,6.95,0,0
PLM_MV,D,20120119,000000,6.95,6.95,6.95,6.95,0,0
PLM_MV,D,20120120,000000,6.95,7.29,6.95,7.29,0,0
PLM_MV,D,20120123,000000,6.95,6.95,6.95,6.95,0,0
PLM_MV,D,20120125,000000,7.29,7.29,7.29,7.29,0,0
PLM_MV,D,20120127,000000,6.95,6.95,6.95,6.95,0,0
PLM_MV,D,20120130,000000,6.95,6.95,6.95,6.95,0,0
PLM_MV,D,20120131,000000,6.95,6.95,6.95,6.95,0,0
PLM_MV,D,20120201,000000,7.29,7.29,7.29,7.29,0,0
PLM_MV,D,20120206,000000,7.29,7.29,7.29,7.29,0,0
PLM_MV,D,20120208,000000,7.29,7.64,7.29,7.64,0,0
PLM_MV,D,20120209,000000,7.99,7.99,7.99,7.99,0,0
PLM_MV,D,20120210,000000,7.99,7.99,7.99,7.99,0,0
PLM_MV,D,20120213,000000,7.99,7.99,7.99,7.99,0,0
PLM_MV,D,20120214,000000,7.99,8.68,7.29,7.29,0,0
PLM_MV,D,20120216,000000,7.99,7.99,7.99,7.99,0,0
PLM_MV,D,20120217,000000,7.64,7.64,7.64,7.64,0,0
PLM_MV,D,20120222,000000,8.34,8.34,8.34,8.34,0,0
PLM_MV,D,20120223,000000,8.68,9.03,8.68,9.03,0,0
PLM_MV,D,20120224,000000,9.03,9.38,9.03,9.38,0,0
PLM_MV,D,20120227,000000,9.38,9.38,9.38,9.38,0,0
PLM_MV,D,20120228,000000,9.03,9.03,9.03,9.03,0,0
PLM_MV,D,20120229,000000,9.03,9.03,9.03,9.03,0,0
PLM_MV,D,20120301,000000,9.38,9.38,9.38,9.38,0,0
PLM_MV,D,20120302,000000,9.03,9.03,9.03,9.03,0,0
PLM_MV,D,20120305,000000,9.03,9.03,9.03,9.03,0,0
PLM_MV,D,20120306,000000,9.03,9.03,9.03,9.03,0,0
PLM_MV,D,20120307,000000,8.68,8.68,8.68,8.68,0,0
PLM_MV,D,20120308,000000,9.03,9.03,9.03,9.03,0,0
PLM_MV,D,20120309,000000,9.03,9.03,9.03,9.03,0,0
PLM_MV,D,20120312,000000,9.03,9.03,9.03,9.03,0,0
PLM_MV,D,20120313,000000,9.03,9.03,9.03,9.03,0,0
PLM_MV,D,20120314,000000,8.68,8.68,8.68,8.68,0,0
PLM_MV,D,20120315,000000,8.68,8.68,8.68,8.68,0,0
PLM_MV,D,20120316,000000,8.68,8.68,8.68,8.68,0,0
PLM_MV,D,20120319,000000,8.34,8.34,8.34,8.34,0,0
PLM_MV,D,20120320,000000,8.34,8.34,8.34,8.34,0,0
PLM_MV,D,20120321,000000,8.34,8.34,8.34,8.34,0,0
PLM_MV,D,20120322,000000,8.34,8.34,8.34,8.34,0,0
PLM_MV,D,20120323,000000,8.68,8.68,8.68,8.68,0,0
PLM_MV,D,20120326,000000,8.68,8.68,8.68,8.68,0,0
PLM_MV,D,20120327,000000,8.68,8.68,8.68,8.68,0,0
PLM_MV,D,20120328,000000,8.34,8.34,8.34,8.34,0,0
PLM_MV,D,20120329,000000,8.34,8.68,8.34,8.68,0,0
PLM_MV,D,20120330,000000,8.68,9.03,8.68,9.03,0,0
PLM_MV,D,20120402,000000,9.38,9.38,9.38,9.38,0,0
PLM_MV,D,20120403,000000,9.03,9.03,9.03,9.03,0,0
PLM_MV,D,20120404,000000,9.03,9.03,9.03,9.03,0,0
PLM_MV,D,20120405,000000,9.03,9.03,9.03,9.03,0,0
PLM_MV,D,20120410,000000,9.03,9.03,9.03,9.03,0,0
PLM_MV,D,20120411,000000,8.68,8.68,8.68,8.68,0,0
PLM_MV,D,20120412,000000,8.68,8.68,8.68,8.68,0,0
PLM_MV,D,20120413,000000,8.68,8.68,8.68,8.68,0,0
PLM_MV,D,20120416,000000,8.68,8.68,8.34,8.34,0,0
PLM_MV,D,20120417,000000,8.34,8.34,8.34,8.34,0,0
PLM_MV,D,20120418,000000,8.34,8.34,8.34,8.34,0,0
PLM_MV,D,20120419,000000,8.34,8.34,8.34,8.34,0,0
PLM_MV,D,20120420,000000,8.68,8.68,8.68,8.68,0,0
PLM_MV,D,20120424,000000,9.38,9.38,9.38,9.38,0,0
PLM_MV,D,20120425,000000,9.38,9.38,9.38,9.38,0,0
PLM_MV,D,20120426,000000,9.72,9.72,9.38,9.38,0,0
PLM_MV,D,20120430,000000,9.38,9.38,9.38,9.38,0,0
PLM_MV,D,20120502,000000,9.38,11.11,9.38,10.07,0,0
PLM_MV,D,20120504,000000,10.07,10.07,10.07,10.07,0,0
PLM_MV,D,20120507,000000,10.07,10.07,10.07,10.07,0,0
PLM_MV,D,20120508,000000,10.07,10.07,10.07,10.07,0,0
PLM_MV,D,20120509,000000,9.38,9.38,9.38,9.38,0,0
PLM_MV,D,20120511,000000,9.38,9.38,9.38,9.38,0,0
PLM_MV,D,20120514,000000,9.38,9.38,9.38,9.38,0,0
PLM_MV,D,20120516,000000,9.72,10.42,9.72,10.42,0,0
PLM_MV,D,20120517,000000,10.42,10.42,10.42,10.42,0,0
PLM_MV,D,20120518,000000,10.42,10.42,10.42,10.42,0,0
PLM_MV,D,20120521,000000,10.07,10.07,10.07,10.07,0,0
PLM_MV,D,20120522,000000,10.07,10.42,10.07,10.42,0,0
PLM_MV,D,20120523,000000,10.42,10.42,10.42,10.42,0,0
PLM_MV,D,20120524,000000,10.42,10.42,10.42,10.42,0,0
PLM_MV,D,20120525,000000,10.07,10.42,10.07,10.42,0,0
PLM_MV,D,20120528,000000,10.42,10.42,10.42,10.42,0,0
PLM_MV,D,20120529,000000,10.42,10.42,10.42,10.42,0,0
PLM_MV,D,20120530,000000,10.42,10.42,10.42,10.42,0,0
PLM_MV,D,20120531,000000,10.42,10.42,10.42,10.42,0,0
PLM_MV,D,20120601,000000,10.42,10.42,10.42,10.42,0,0
PLM_MV,D,20120604,000000,10.07,10.42,10.07,10.42,0,0
PLM_MV,D,20120605,000000,10.42,10.42,10.42,10.42,0,0
PLM_MV,D,20120606,000000,10.42,10.42,10.42,10.42,0,0
PLM_MV,D,20120608,000000,10.42,10.42,10.42,10.42,0,0
PLM_MV,D,20120611,000000,10.42,10.42,10.42,10.42,0,0
PLM_MV,D,20120612,000000,10.07,10.42,9.72,10.42,0,0
PLM_MV,D,20120613,000000,10.07,10.07,9.72,10.07,0,0
PLM_MV,D,20120614,000000,10.07,10.07,10.07,10.07,0,0
PLM_MV,D,20120615,000000,10.07,10.07,10.07,10.07,0,0
PLM_MV,D,20120618,000000,9.72,10.07,9.72,10.07,0,0
PLM_MV,D,20120619,000000,9.72,10.07,9.72,10.07,0,0
PLM_MV,D,20120620,000000,9.72,10.07,9.72,10.07,0,0
PLM_MV,D,20120621,000000,9.72,9.72,9.72,9.72,0,0
PLM_MV,D,20120625,000000,10.42,10.42,10.42,10.42,0,0
PLM_MV,D,20120626,000000,10.07,10.07,10.07,10.07,0,0
PLM_MV,D,20120627,000000,9.72,9.72,9.72,9.72,0,0
PLM_MV,D,20120629,000000,9.72,10.42,9.72,10.42,0,0
PLM_MV,D,20120702,000000,10.07,10.07,10.07,10.07,0,0
PLM_MV,D,20120703,000000,10.07,10.07,10.07,10.07,0,0
PLM_MV,D,20120704,000000,10.07,10.07,10.07,10.07,0,0
PLM_MV,D,20120705,000000,10.07,10.07,10.07,10.07,0,0
PLM_MV,D,20120706,000000,10.07,10.07,10.07,10.07,0,0
PLM_MV,D,20120709,000000,9.72,9.72,9.72,9.72,0,0
PLM_MV,D,20120710,000000,9.72,9.72,9.72,9.72,0,0
PLM_MV,D,20120711,000000,9.72,9.72,9.72,9.72,0,0
PLM_MV,D,20120712,000000,8.34,10.42,8.34,10.42,0,0
PLM_MV,D,20120713,000000,10.42,10.42,10.07,10.07,0,0
PLM_MV,D,20120716,000000,10.07,10.07,10.07,10.07,0,0
PLM_MV,D,20120717,000000,10.07,10.07,10.07,10.07,0,0
PLM_MV,D,20120718,000000,10.07,10.07,10.07,10.07,0,0
PLM_MV,D,20120719,000000,10.07,10.07,10.07,10.07,0,0
PLM_MV,D,20120720,000000,10.07,10.07,10.07,10.07,0,0
PLM_MV,D,20120723,000000,10.07,10.07,10.07,10.07,0,0
PLM_MV,D,20120724,000000,10.07,10.07,10.07,10.07,0,0
PLM_MV,D,20120725,000000,10.07,10.07,10.07,10.07,0,0
PLM_MV,D,20120809,000000,8.68,8.68,8.68,8.68,0,0
PLM_MV,D,20120829,000000,8.68,8.68,8.68,8.68,0,0
PLM_MV,D,20120830,000000,8.68,8.68,8.68,8.68,0,0
PLM_MV,D,20120831,000000,8.68,9.03,8.68,9.03,0,0
PLM_MV,D,20120903,000000,8.68,8.68,8.68,8.68,0,0
PLM_MV,D,20120904,000000,8.68,10.07,8.68,10.07,0,0
PLM_MV,D,20120906,000000,9.38,10.07,9.38,9.72,0,0
PLM_MV,D,20120907,000000,9.38,12.16,9.38,11.81,0,0
PLM_MV,D,20120910,000000,10.42,10.42,10.42,10.42,0,0
PLM_MV,D,20120911,000000,11.11,11.11,11.11,11.11,0,0
PLM_MV,D,20120912,000000,11.11,11.11,11.11,11.11,0,0
PLM_MV,D,20120913,000000,11.11,11.11,11.11,11.11,0,0
PLM_MV,D,20120914,000000,11.11,11.11,11.11,11.11,0,0
PLM_MV,D,20120917,000000,11.11,11.11,11.11,11.11,0,0
PLM_MV,D,20120918,000000,11.81,11.81,11.81,11.81,0,0
PLM_MV,D,20120919,000000,11.81,11.81,11.81,11.81,0,0
PLM_MV,D,20120920,000000,11.81,11.81,11.81,11.81,0,0
PLM_MV,D,20120921,000000,11.81,11.81,11.81,11.81,0,0
PLM_MV,D,20120924,000000,11.81,11.81,11.81,11.81,0,0
PLM_MV,D,20120925,000000,11.81,11.81,11.81,11.81,0,0
PLM_MV,D,20120926,000000,11.46,11.46,11.46,11.46,0,0
PLM_MV,D,20120928,000000,11.46,12.5,11.46,12.5,0,0
PLM_MV,D,20121001,000000,12.5,13.2,12.5,13.2,0,0
PLM_MV,D,20121002,000000,12.85,12.85,12.85,12.85,0,0
PLM_MV,D,20121004,000000,12.85,12.85,11.81,11.81,0,0
PLM_MV,D,20121005,000000,11.81,11.81,11.81,11.81,0,0
PLM_MV,D,20121009,000000,11.81,11.81,11.81,11.81,0,0
PLM_MV,D,20121010,000000,10.42,11.81,10.42,11.81,0,0
PLM_MV,D,20121011,000000,10.42,10.42,10.42,10.42,0,0
PLM_MV,D,20121012,000000,10.07,10.42,9.38,10.42,0,0
PLM_MV,D,20121015,000000,10.42,10.42,10.42,10.42,0,0
PLM_MV,D,20121016,000000,10.42,10.42,10.07,10.07,0,0
PLM_MV,D,20121017,000000,9.72,11.46,9.72,11.46,0,0
PLM_MV,D,20121018,000000,9.72,9.72,9.72,9.72,0,0
PLM_MV,D,20121019,000000,9.38,9.38,9.38,9.38,0,0
PLM_MV,D,20121022,000000,9.38,9.38,9.38,9.38,0,0
PLM_MV,D,20121023,000000,9.38,9.38,9.38,9.38,0,0
PLM_MV,D,20121024,000000,9.38,9.38,9.38,9.38,0,0
PLM_MV,D,20121025,000000,9.38,9.38,9.38,9.38,0,0
PLM_MV,D,20121026,000000,9.38,9.38,9.38,9.38,0,0
PLM_MV,D,20121029,000000,9.38,9.38,9.38,9.38,0,0
PLM_MV,D,20121030,000000,9.38,9.38,9.38,9.38,0,0
PLM_MV,D,20121031,000000,9.38,9.38,9.38,9.38,0,0
PLM_MV,D,20121102,000000,9.72,9.72,9.72,9.72,0,0
PLM_MV,D,20121105,000000,9.72,9.72,9.72,9.72,0,0
PLM_MV,D,20121106,000000,9.72,9.72,9.72,9.72,0,0
PLM_MV,D,20121107,000000,9.72,9.72,9.72,9.72,0,0
PLM_MV,D,20121108,000000,9.72,9.72,9.72,9.72,0,0
PLM_MV,D,20121109,000000,9.72,9.72,9.72,9.72,0,0
PLM_MV,D,20121112,000000,9.72,9.72,9.72,9.72,0,0
PLM_MV,D,20121113,000000,9.72,9.72,9.72,9.72,0,0
PLM_MV,D,20121114,000000,9.72,9.72,9.72,9.72,0,0
PLM_MV,D,20121115,000000,9.72,9.72,9.72,9.72,0,0
PLM_MV,D,20121116,000000,9.72,9.72,9.72,9.72,0,0
PLM_MV,D,20121119,000000,9.72,9.72,9.72,9.72,0,0
PLM_MV,D,20121120,000000,9.72,9.72,9.72,9.72,0,0
PLM_MV,D,20121121,000000,9.72,9.72,9.72,9.72,0,0
PLM_MV,D,20121122,000000,9.72,9.72,9.72,9.72,0,0
PLM_MV,D,20121123,000000,10.07,10.07,10.07,10.07,0,0
PLM_MV,D,20121126,000000,9.72,9.72,9.72,9.72,0,0
PLM_MV,D,20121127,000000,10.07,10.07,10.07,10.07,0,0
PLM_MV,D,20121128,000000,10.07,10.07,10.07,10.07,0,0
PLM_MV,D,20121129,000000,10.07,10.07,10.07,10.07,0,0
PLM_MV,D,20121130,000000,10.07,10.07,10.07,10.07,0,0
PLM_MV,D,20121203,000000,10.07,10.07,10.07,10.07,0,0
PLM_MV,D,20121205,000000,9.72,10.07,9.72,10.07,0,0
PLM_MV,D,20121206,000000,9.38,10.42,9.38,10.42,0,0
PLM_MV,D,20121211,000000,9.72,10.42,9.72,10.42,0,0
PLM_MV,D,20121212,000000,9.72,10.42,9.72,10.42,0,0
PLM_MV,D,20121214,000000,9.72,12.5,9.72,11.11,0,0
PLM_MV,D,20121217,000000,11.11,11.11,11.11,11.11,0,0
PLM_MV,D,20121228,000000,10.77,10.77,10.77,10.77,0,0
PLM_MV,D,20130102,000000,11.81,11.81,11.81,11.81,0,0
PLM_MV,D,20130205,000000,9.72,10.77,9.72,10.77,0,0
PLM_MV,D,20130327,000000,10.07,10.42,10.07,10.42,0,0
PLM_MV,D,20130513,000000,10.07,10.07,10.07,10.07,0,0
PLM_MV,D,20130527,000000,8.34,9.72,7.99,9.72,0,0
PLM_MV,D,20131015,000000,7.99,7.99,7.99,7.99,0,0
PLM_MV,D,20131105,000000,6.6,6.6,6.6,6.6,0,0
PLM_MV,D,20131106,000000,7.64,7.64,7.64,7.64,0,0
PLM_MV,D,20131122,000000,7.64,7.64,7.64,7.64,0,0
PLM_MV,D,20140107,000000,7.99,7.99,7.99,7.99,0,0
PLM_MV,D,20140212,000000,7.64,7.64,7.64,7.64,0,0
PLM_MV,D,20140213,000000,6.25,7.29,5.9,7.29,0,0
PLM_MV,D,20140214,000000,5.9,5.9,5.9,5.9,0,0
PLM_MV,D,20140305,000000,5.56,5.56,5.56,5.56,0,0
PLM_MV,D,20140325,000000,4.51,4.51,4.17,4.17,0,0
PLM_MV,D,20140328,000000,4.17,4.17,4.17,4.17,0,0
PLM_MV,D,20140410,000000,4.17,4.17,4.17,4.17,0,0
PLM_MV,D,20140411,000000,4.17,4.17,4.17,4.17,0,0
PLM_MV,D,20140417,000000,4.51,4.51,4.51,4.51,0,0
PLM_MV,D,20140422,000000,4.51,4.51,4.51,4.51,0,0
PLM_MV,D,20140512,000000,4.17,4.17,4.17,4.17,0,0
PLM_MV,D,20140523,000000,4.17,4.17,3.47,3.47,0,0
PLM_MV,D,20140604,000000,3.47,3.47,3.47,3.47,0,0
PLM_MV,D,20140617,000000,4.17,4.17,4.17,4.17,0,0
PLM_MV,D,20140618,000000,4.17,4.51,4.17,4.51,0,0
PLM_MV,D,20140714,000000,4.29,4.29,4.29,4.29,0,0
PLM_MV,D,20140822,000000,4.29,4.29,4.29,4.29,0,0
PLM_MV,D,20141107,000000,2.64,2.64,2.64,2.64,0,0
PLM_MV,D,20141128,000000,3.96,3.96,3.96,3.96,0,0
PLM_MV,D,20141201,000000,3.96,4.29,3.96,3.96,0,0
PLM_MV,D,20141202,000000,3.96,3.96,3.96,3.96,0,0
PLM_MV,D,20141205,000000,4.29,4.29,4.29,4.29,0,0
PLM_MV,D,20141210,000000,4.95,4.95,4.95,4.95,0,0
PLM_MV,D,20141222,000000,5.28,5.28,4.29,4.29,0,0
PLM_MV,D,20141223,000000,4.29,4.95,3.96,4.95,0,0
PLM_MV,D,20141230,000000,5.61,5.61,5.61,5.61,0,0
PLM_MV,D,20150109,000000,6.6,6.6,6.6,6.6,0,0
PLM_MV,D,20150128,000000,6.6,6.6,6.6,6.6,0,0
PLM_MV,D,20150204,000000,5.28,5.28,4.29,4.29,0,0
PLM_MV,D,20150205,000000,3.63,3.63,3.63,3.63,0,0
PLM_MV,D,20150211,000000,4.29,4.29,4.29,4.29,0,0
PLM_MV,D,20150217,000000,3.96,3.96,3.96,3.96,0,0
PLM_MV,D,20150224,000000,4.62,4.62,4.62,4.62,0,0
PLM_MV,D,20150225,000000,5.28,5.28,5.28,5.28,0,0
PLM_MV,D,20150311,000000,5.94,5.94,5.94,5.94,0,0
PLM_MV,D,20150318,000000,6.6,6.6,6.6,6.6,0,0
PLM_MV,D,20150331,000000,6.6,6.6,6.6,6.6,0,0
PLM_MV,D,20150401,000000,6.6,6.6,6.6,6.6,0,0
PLM_MV,D,20150402,000000,6.6,6.6,6.6,6.6,0,0
PLM_MV,D,20150525,000000,6.93,6.93,6.93,6.93,0,0
PLM_MV,D,20150526,000000,6.93,6.93,6.93,6.93,0,0
PLM_MV,D,20150528,000000,6.93,6.93,6.93,6.93,0,0
PLM_MV,D,20150813,000000,7.26,7.26,7.26,7.26,0,0
PLM_MV,D,20150814,000000,7.59,7.59,7.59,7.59,0,0
PLM_MV,D,20150902,000000,7.59,7.59,7.59,7.59,0,0
PLM_MV,D,20150921,000000,7.92,7.92,7.92,7.92,0,0
PLM_MV,D,20150924,000000,7.92,7.92,7.92,7.92,0,0
PLM_MV,D,20151005,000000,7.26,7.26,7.26,7.26,0,0
PLM_MV,D,20151008,000000,6.93,6.93,6.93,6.93,0,0
PLM_MV,D,20151109,000000,6.93,6.93,6.6,6.6,0,0
PLM_MV,D,20151110,000000,5.61,5.61,5.61,5.61,0,0
PLM_MV,D,20151221,000000,6.27,6.27,5.61,5.61,0,0
PLM_MV,D,20151222,000000,6.27,6.27,6.27,6.27,0,0
PLM_MV,D,20160104,000000,7.26,8.58,7.26,8.58,0,0
PLM_MV,D,20160105,000000,7.92,7.92,7.92,7.92,0,0
PLM_MV,D,20160111,000000,7.26,7.92,7.26,7.92,0,0
PLM_MV,D,20160115,000000,7.92,7.92,7.92,7.92,0,0
PLM_MV,D,20160119,000000,7.92,7.92,7.92,7.92,0,0
PLM_MV,D,20160120,000000,7.26,7.26,7.26,7.26,0,0
PLM_MV,D,20160208,000000,7.26,7.26,7.26,7.26,0,0
PLM_MV,D,20160217,000000,5.94,5.94,5.94,5.94,0,0
PLM_MV,D,20160222,000000,5.61,5.61,5.61,5.61,0,0
PLM_MV,D,20160513,000000,5.61,5.61,5.61,5.61,0,0
PLM_MV,D,20160613,000000,4.95,4.95,4.95,4.95,0,0
PLM_MV,D,20160630,000000,4.95,4.95,4.95,4.95,0,0
PLM_MV,D,20160802,000000,6.93,6.93,6.93,6.93,0,0
PLM_MV,D,20160803,000000,6.93,7.92,6.93,7.59,0,0
PLM_MV,D,20160804,000000,7.59,7.92,7.59,7.92,0,0
PLM_MV,D,20160805,000000,7.92,7.92,7.92,7.92,0,0
PLM_MV,D,20160808,000000,6.93,6.93,6.93,6.93,0,0
PLM_MV,D,20160809,000000,6.93,7.92,6.93,7.92,0,0
PLM_MV,D,20160810,000000,7.92,9.9,7.92,8.91,0,0
PLM_MV,D,20160811,000000,8.91,9.57,8.25,9.57,0,0
PLM_MV,D,20160812,000000,9.57,10.89,9.57,10.56,0,0
PLM_MV,D,20160816,000000,10.56,10.89,9.57,9.9,0,0
PLM_MV,D,20160818,000000,9.57,9.57,8.91,9.57,0,0
PLM_MV,D,20160822,000000,8.25,10.23,7.92,10.23,0,0
PLM_MV,D,20160823,000000,10.56,11.22,10.56,10.89,0,0
PLM_MV,D,20160825,000000,10.56,10.89,9.24,9.24,0,0
PLM_MV,D,20160826,000000,9.24,10.56,9.24,10.56,0,0
PLM_MV,D,20160830,000000,9.24,9.24,8.91,8.91,0,0
PLM_MV,D,20160831,000000,8.25,9.9,7.92,9.9,0,0
PLM_MV,D,20160901,000000,7.92,8.58,6.93,6.93,0,0
PLM_MV,D,20160902,000000,7.92,8.58,7.92,8.58,0,0
PLM_MV,D,20160905,000000,9.57,10.56,8.58,8.58,0,0
PLM_MV,D,20160907,000000,10.23,10.23,10.23,10.23,0,0
PLM_MV,D,20160908,000000,10.56,12.21,10.56,11.55,0,0
PLM_MV,D,20160909,000000,11.55,11.55,11.55,11.55,0,0
PLM_MV,D,20160913,000000,11.55,11.55,11.55,11.55,0,0
PLM_MV,D,20160914,000000,10.56,11.55,10.56,11.55,0,0
PLM_MV,D,20160915,000000,11.55,11.55,9.24,11.55,0,0
PLM_MV,D,20160916,000000,11.22,11.55,10.89,11.55,0,0
PLM_MV,D,20160921,000000,11.22,11.22,11.22,11.22,0,0
PLM_MV,D,20160922,000000,11.55,11.55,11.55,11.55,0,0
PLM_MV,D,20160923,000000,11.55,11.55,11.55,11.55,0,0
PLM_MV,D,20160926,000000,11.55,11.55,11.55,11.55,0,0
PLM_MV,D,20160927,000000,11.55,11.55,11.55,11.55,0,0
PLM_MV,D,20160928,000000,11.55,11.55,11.55,11.55,0,0
PLM_MV,D,20160929,000000,9.24,9.24,9.24,9.24,0,0
PLM_MV,D,20161003,000000,10.89,10.89,10.89,10.89,0,0
PLM_MV,D,20161005,000000,11.22,11.22,11.22,11.22,0,0
PLM_MV,D,20161006,000000,9.57,10.89,9.57,10.89,0,0
PLM_MV,D,20161010,000000,11.22,11.55,11.22,11.55,0,0
PLM_MV,D,20161012,000000,11.55,11.55,11.55,11.55,0,0
PLM_MV,D,20161020,000000,10.56,10.56,10.56,10.56,0,0
PLM_MV,D,20161021,000000,10.89,10.89,10.89,10.89,0,0
PLM_MV,D,20161025,000000,10.89,10.89,10.89,10.89,0,0
PLM_MV,D,20161026,000000,10.89,10.89,10.89,10.89,0,0
PLM_MV,D,20161027,000000,9.24,10.89,9.24,10.89,0,0
PLM_MV,D,20161031,000000,9.24,9.24,9.24,9.24,0,0
PLM_MV,D,20161102,000000,9.9,9.9,9.9,9.9,0,0
PLM_MV,D,20161103,000000,8.58,9.57,8.58,9.57,0,0
PLM_MV,D,20161107,000000,9.24,9.24,9.24,9.24,0,0
PLM_MV,D,20161108,000000,8.91,8.91,8.91,8.91,0,0
PLM_MV,D,20161115,000000,9.57,9.57,9.24,9.24,0,0
PLM_MV,D,20161116,000000,9.57,10.56,9.57,10.56,0,0
PLM_MV,D,20161118,000000,11.22,11.22,11.22,11.22,0,0
PLM_MV,D,20161121,000000,9.57,9.57,9.57,9.57,0,0
PLM_MV,D,20161123,000000,8.25,9.57,8.25,9.57,0,0
PLM_MV,D,20161124,000000,8.91,8.91,8.91,8.91,0,0
PLM_MV,D,20161128,000000,7.59,8.25,6.93,8.25,0,0
PLM_MV,D,20161129,000000,8.25,8.25,8.25,8.25,0,0
PLM_MV,D,20161202,000000,8.58,8.58,8.58,8.58,0,0
PLM_MV,D,20161212,000000,8.25,8.25,8.25,8.25,0,0
PLM_MV,D,20161214,000000,7.92,7.92,7.92,7.92,0,0
PLM_MV,D,20161216,000000,6.6,7.59,6.6,7.59,0,0
PLM_MV,D,20161222,000000,7.92,7.92,6.6,6.6,0,0
PLM_MV,D,20161223,000000,7.92,7.92,7.92,7.92,0,0
PLM_MV,D,20161228,000000,7.26,7.26,7.26,7.26,0,0
PLM_MV,D,20161229,000000,8.25,8.91,8.25,8.91,0,0
PLM_MV,D,20170102,000000,9.57,9.57,9.57,9.57,0,0
PLM_MV,D,20170109,000000,9.24,9.24,9.24,9.24,0,0
PLM_MV,D,20170112,000000,7.59,8.91,7.59,8.91,0,0
PLM_MV,D,20170113,000000,7.59,8.91,7.59,8.91,0,0
PLM_MV,D,20170117,000000,8.58,8.58,8.58,8.58,0,0
PLM_MV,D,20170202,000000,8.91,8.91,8.91,8.91,0,0
PLM_MV,D,20170207,000000,8.91,9.57,8.91,9.57,0,0
PLM_MV,D,20170208,000000,9.57,9.57,9.57,9.57,0,0
PLM_MV,D,20170209,000000,9.57,9.57,9.57,9.57,0,0
PLM_MV,D,20170210,000000,9.57,10.56,9.57,10.56,0,0
PLM_MV,D,20170216,000000,9.24,10.56,9.24,10.56,0,0
PLM_MV,D,20170221,000000,10.23,10.56,9.24,10.56,0,0
PLM_MV,D,20170224,000000,9.24,9.24,8.91,8.91,0,0
PLM_MV,D,20170227,000000,8.91,8.91,8.91,8.91,0,0
PLM_MV,D,20170228,000000,9.57,9.57,9.57,9.57,0,0
PLM_MV,D,20170301,000000,8.91,8.91,8.91,8.91,0,0
PLM_MV,D,20170302,000000,9.57,9.57,9.57,9.57,0,0
PLM_MV,D,20170307,000000,9.57,10.56,9.57,10.56,0,0
PLM_MV,D,20170310,000000,9.24,9.24,9.24,9.24,0,0
PLM_MV,D,20170316,000000,8.58,9.9,8.58,9.9,0,0
PLM_MV,D,20170321,000000,9.57,10.56,9.57,9.57,0,0
PLM_MV,D,20170322,000000,8.91,9.57,8.91,8.91,0,0
PLM_MV,D,20170328,000000,8.91,10.23,8.58,10.23,0,0
PLM_MV,D,20170329,000000,10.23,10.23,9.9,10.23,0,0
PLM_MV,D,20170330,000000,9.9,10.56,9.9,10.56,0,0
PLM_MV,D,20170331,000000,10.23,12.87,10.23,12.21,0,0
PLM_MV,D,20170403,000000,12.21,12.21,10.23,11.22,0,0
PLM_MV,D,20170404,000000,10.23,11.55,10.23,11.55,0,0
PLM_MV,D,20170405,000000,10.89,11.55,10.23,11.55,0,0
PLM_MV,D,20170406,000000,11.55,11.55,9.9,10.56,0,0
PLM_MV,D,20170407,000000,9.9,9.9,9.9,9.9,0,0
PLM_MV,D,20170410,000000,9.9,10.56,9.9,10.56,0,0
PLM_MV,D,20170411,000000,10.56,10.56,10.23,10.23,0,0
PLM_MV,D,20170412,000000,9.57,11.22,9.57,11.22,0,0
PLM_MV,D,20170413,000000,11.22,11.55,11.22,11.55,0,0
PLM_MV,D,20170418,000000,11.55,11.55,11.22,11.22,0,0
PLM_MV,D,20170419,000000,10.56,10.56,10.23,10.23,0,0
PLM_MV,D,20170420,000000,10.89,12.87,10.89,12.21,0,0
PLM_MV,D,20170421,000000,12.21,12.54,11.55,12.54,0,0
PLM_MV,D,20170424,000000,12.21,12.54,12.21,12.54,0,0
PLM_MV,D,20170425,000000,12.54,12.54,12.54,12.54,0,0
PLM_MV,D,20170426,000000,12.54,12.54,10.56,10.89,0,0
PLM_MV,D,20170427,000000,12.21,12.21,12.21,12.21,0,0
PLM_MV,D,20170504,000000,10.89,11.55,10.56,11.55,0,0
PLM_MV,D,20170505,000000,11.55,11.55,11.55,11.55,0,0
PLM_MV,D,20170508,000000,10.89,11.55,10.23,11.55,0,0
PLM_MV,D,20170509,000000,9.24,10.23,7.92,9.57,0,0
PLM_MV,D,20170510,000000,8.91,8.91,8.91,8.91,0,0
PLM_MV,D,20170511,000000,8.91,9.24,8.25,9.24,0,0
PLM_MV,D,20170512,000000,8.91,9.24,8.91,9.24,0,0
PLM_MV,D,20170515,000000,9.9,9.9,9.9,9.9,0,0
PLM_MV,D,20170518,000000,9.57,9.57,9.57,9.57,0,0
PLM_MV,D,20170519,000000,8.91,8.91,8.91,8.91,0,0
PLM_MV,D,20170522,000000,8.25,8.91,8.25,8.91,0,0
PLM_MV,D,20170523,000000,8.25,9.24,8.25,9.24,0,0
PLM_MV,D,20170525,000000,8.91,8.91,8.91,8.91,0,0
PLM_MV,D,20170526,000000,8.25,9.24,8.25,9.24,0,0
PLM_MV,D,20170529,000000,8.91,8.91,8.91,8.91,0,0
PLM_MV,D,20170530,000000,8.91,8.91,8.91,8.91,0,0
PLM_MV,D,20170531,000000,8.91,8.91,8.91,8.91,0,0
PLM_MV,D,20170607,000000,8.91,8.91,8.25,8.25,0,0
PLM_MV,D,20170608,000000,8.25,8.25,8.25,8.25,0,0
PLM_MV,D,20170609,000000,9.24,9.24,9.24,9.24,0,0
PLM_MV,D,20170612,000000,9.24,9.57,9.24,9.57,0,0
PLM_MV,D,20170613,000000,8.25,9.24,8.25,9.24,0,0
PLM_MV,D,20170614,000000,8.25,8.25,8.25,8.25,0,0
PLM_MV,D,20170619,000000,8.25,8.25,8.25,8.25,0,0
PLM_MV,D,20170620,000000,9.57,9.57,9.57,9.57,0,0
PLM_MV,D,20170621,000000,8.25,8.25,7.92,8.25,0,0
PLM_MV,D,20170626,000000,8.58,9.57,8.58,9.57,0,0
PLM_MV,D,20170627,000000,8.58,9.24,8.58,9.24,0,0
PLM_MV,D,20170629,000000,8.58,8.58,7.92,7.92,0,0
PLM_MV,D,20170630,000000,8.58,8.58,8.58,8.58,0,0
PLM_MV,D,20170705,000000,9.24,9.9,8.91,9.57,0,0
PLM_MV,D,20170706,000000,9.57,9.57,9.57,9.57,0,0
PLM_MV,D,20170707,000000,8.91,8.91,8.91,8.91,0,0
PLM_MV,D,20170711,000000,9.24,9.24,9.24,9.24,0,0
PLM_MV,D,20170717,000000,9.24,9.9,9.24,9.9,0,0
PLM_MV,D,20170801,000000,9.24,9.24,8.91,8.91,0,0
PLM_MV,D,20170802,000000,9.57,9.9,9.57,9.9,0,0
PLM_MV,D,20170803,000000,9.9,10.56,9.9,10.23,0,0
PLM_MV,D,20170808,000000,10.23,10.23,10.23,10.23,0,0
PLM_MV,D,20170816,000000,9.57,9.57,9.57,9.57,0,0
PLM_MV,D,20170817,000000,9.9,9.9,9.9,9.9,0,0
PLM_MV,D,20170828,000000,9.9,9.9,9.9,9.9,0,0
PLM_MV,D,20170901,000000,8.91,9.57,8.58,9.57,0,0
PLM_MV,D,20170904,000000,9.57,9.57,9.57,9.57,0,0
PLM_MV,D,20170913,000000,8.91,8.91,8.91,8.91,0,0
PLM_MV,D,20170914,000000,8.25,8.91,7.59,8.91,0,0
PLM_MV,D,20170926,000000,8.91,8.91,8.91,8.91,0,0
PLM_MV,D,20170928,000000,8.91,8.91,8.91,8.91,0,0
PLM_MV,D,20171012,000000,8.58,8.58,8.58,8.58,0,0
PLM_MV,D,20171019,000000,8.58,8.58,7.26,8.58,0,0
PLM_MV,D,20171026,000000,8.58,8.58,8.58,8.58,0,0
PLM_MV,D,20171031,000000,7.26,8.58,7.26,8.58,0,0
PLM_MV,D,20171108,000000,8.25,8.25,8.25,8.25,0,0
PLM_MV,D,20171113,000000,7.26,8.58,5.94,7.26,0,0
PLM_MV,D,20171115,000000,7.26,8.25,7.26,8.25,0,0
PLM_MV,D,20171128,000000,8.25,10.56,8.25,10.56,0,0
PLM_MV,D,20171129,000000,10.56,10.56,10.56,10.56,0,0
PLM_MV,D,20171201,000000,8.58,10.23,8.58,10.23,0,0
PLM_MV,D,20171205,000000,8.25,10.23,7.92,10.23,0,0
PLM_MV,D,20171206,000000,8.58,10.23,8.58,10.23,0,0
PLM_MV,D,20171212,000000,10.23,10.23,10.23,10.23,0,0
PLM_MV,D,20171218,000000,10.23,10.23,10.23,10.23,0,0
PLM_MV,D,20171222,000000,7.59,8.91,7.59,8.25,0,0
PLM_MV,D,20171227,000000,9.9,9.9,9.9,9.9,0,0
PLM_MV,D,20171228,000000,9.9,9.9,9.9,9.9,0,0
PLM_MV,D,20180103,000000,10.56,10.56,10.56,10.56,0,0
PLM_MV,D,20180104,000000,10.56,10.56,10.56,10.56,0,0
PLM_MV,D,20180109,000000,9.9,10.23,9.9,10.23,0,0
PLM_MV,D,20180110,000000,10.23,10.89,10.23,10.89,0,0
PLM_MV,D,20180111,000000,9.9,10.56,9.9,10.56,0,0
PLM_MV,D,20180112,000000,10.56,10.56,10.56,10.56,0,0
PLM_MV,D,20180124,000000,10.56,10.56,10.56,10.56,0,0
PLM_MV,D,20180206,000000,8.91,10.56,8.91,10.56,0,0
PLM_MV,D,20180212,000000,10.56,12.54,10.56,10.89,0,0
PLM_MV,D,20180213,000000,10.89,10.89,10.89,10.89,0,0
PLM_MV,D,20180214,000000,10.56,10.89,10.56,10.89,0,0
PLM_MV,D,20180215,000000,10.89,11.88,10.89,11.55,0,0
PLM_MV,D,20180216,000000,10.89,11.55,10.89,11.55,0,0
PLM_MV,D,20180219,000000,11.55,11.55,11.55,11.55,0,0
PLM_MV,D,20180220,000000,10.89,11.55,10.89,11.55,0,0
PLM_MV,D,20180221,000000,11.55,11.55,11.55,11.55,0,0
PLM_MV,D,20180226,000000,10.56,11.55,9.9,11.55,0,0
PLM_MV,D,20180227,000000,9.9,10.89,9.57,10.89,0,0
PLM_MV,D,20180228,000000,11.22,11.22,11.22,11.22,0,0
PLM_MV,D,20180302,000000,10.56,11.55,10.56,11.22,0,0
PLM_MV,D,20180305,000000,10.89,11.22,10.89,11.22,0,0
PLM_MV,D,20180306,000000,10.89,11.55,10.89,11.55,0,0
PLM_MV,D,20180307,000000,10.89,11.55,10.89,11.55,0,0
PLM_MV,D,20180308,000000,11.55,11.55,11.55,11.55,0,0
PLM_MV,D,20180309,000000,11.55,11.55,11.55,11.55,0,0
PLM_MV,D,20180314,000000,9.9,11.55,9.9,11.55,0,0
PLM_MV,D,20180328,000000,9.24,11.55,8.91,11.55,0,0
PLM_MV,D,20180329,000000,11.55,11.55,11.22,11.55,0,0
PLM_MV,D,20180403,000000,9.9,11.22,9.9,11.22,0,0
PLM_MV,D,20180404,000000,9.9,11.22,9.9,11.22,0,0
PLM_MV,D,20180405,000000,9.9,11.22,9.9,11.22,0,0
PLM_MV,D,20180406,000000,9.9,11.55,9.9,11.55,0,0
PLM_MV,D,20180504,000000,9.24,9.24,9.24,9.24,0,0
PLM_MV,D,20180507,000000,10.56,10.56,10.56,10.56,0,0
PLM_MV,D,20180509,000000,10.56,11.55,10.56,11.55,0,0
PLM_MV,D,20180605,000000,9.9,10.89,9.9,10.89,0,0
PLM_MV,D,20180606,000000,8.91,10.56,8.91,10.56,0,0
PLM_MV,D,20180613,000000,9.57,10.56,9.57,10.56,0,0
PLM_MV,D,20180710,000000,10.23,10.23,10.23,10.23,0,0
PLM_MV,D,20180712,000000,8.91,8.91,8.91,8.91,0,0
PLM_MV,D,20180713,000000,7.26,9.24,7.26,9.24,0,0
PLM_MV,D,20180717,000000,9.24,10.23,9.24,10.23,0,0
PLM_MV,D,20180726,000000,8.58,10.23,8.58,10.23,0,0
PLM_MV,D,20181217,000000,7.59,7.59,7.59,7.59,0,0
PLM_MV,D,20181218,000000,7.59,7.92,7.59,7.92,0,0
PLM_MV,D,20181221,000000,7.92,7.92,7.92,7.92,0,0
PLM_MV,D,20190102,000000,8.58,8.58,8.58,8.58,0,0
PLM_MV,D,20190111,000000,7.92,8.58,7.92,8.58,0,0
PLM_MV,D,20190122,000000,8.58,9.57,8.58,9.57,0,0
PLM_MV,D,20190129,000000,9.24,9.57,9.24,9.57,0,0
PLM_MV,D,20190207,000000,7.92,9.24,7.92,9.24,0,0
PLM_MV,D,20190208,000000,6.6,7.92,5.94,7.92,0,0
PLM_MV,D,20190211,000000,6.27,6.6,5.94,6.6,0,0
PLM_MV,D,20190212,000000,5.94,5.94,5.94,5.94,0,0
PLM_MV,D,20190213,000000,6.27,6.27,6.27,6.27,0,0
PLM_MV,D,20190215,000000,6.27,7.26,6.27,7.26,0,0
PLM_MV,D,20190218,000000,7.92,8.25,7.92,8.25,0,0
PLM_MV,D,20190228,000000,6.27,7.26,6.27,7.26,0,0
PLM_MV,D,20190301,000000,7.92,7.92,7.92,7.92,0,0
PLM_MV,D,20190304,000000,8.25,8.25,8.25,8.25,0,0
PLM_MV,D,20190318,000000,7.59,7.59,7.59,7.59,0,0
PLM_MV,D,20190322,000000,7.59,8.25,7.59,8.25,0,0
PLM_MV,D,20190325,000000,8.25,9.57,6.93,9.24,0,0
PLM_MV,D,20190326,000000,9.24,9.57,9.24,9.57,0,0
PLM_MV,D,20190327,000000,9.17,10.82,9.17,10.82,0,0
PLM_MV,D,20190328,000000,10.23,10.3,10.1,10.3,0,0
PLM_MV,D,20190401,000000,9.5,9.5,9.5,9.5,0,0
PLM_MV,D,20190402,000000,9.57,10.16,9.57,10.16,0,0
PLM_MV,D,20190404,000000,8.25,9.9,8.25,9.9,0,0
PLM_MV,D,20190405,000000,8.58,9.5,8.58,9.5,0,0
PLM_MV,D,20190410,000000,8.58,9.5,7.66,9.5,0,0
PLM_MV,D,20190411,000000,9.11,9.17,7.92,9.17,0,0
PLM_MV,D,20190412,000000,7.92,8.91,7.92,8.91,0,0
PLM_MV,D,20190415,000000,8.84,9.9,8.84,9.9,0,0
PLM_MV,D,20190416,000000,9.57,9.57,8.58,9.57,0,0
PLM_MV,D,20190417,000000,8.58,9.5,8.58,9.5,0,0
PLM_MV,D,20190418,000000,9.44,9.5,9.44,9.5,0,0
PLM_MV,D,20190423,000000,9.5,9.97,9.5,9.97,0,0
PLM_MV,D,20190425,000000,9.97,10.1,9.24,9.9,0,0
PLM_MV,D,20190426,000000,9.83,9.9,9.83,9.9,0,0
PLM_MV,D,20190429,000000,9.83,9.97,9.83,9.97,0,0
PLM_MV,D,20190430,000000,9.9,10.23,9.9,10.23,0,0
PLM_MV,D,20190506,000000,10.16,10.16,9.9,9.9,0,0
PLM_MV,D,20190507,000000,8.58,9.83,8.58,9.83,0,0
PLM_MV,D,20190510,000000,8.91,9.83,8.91,9.83,0,0
PLM_MV,D,20190513,000000,9.77,9.83,9.77,9.83,0,0
PLM_MV,D,20190514,000000,9.77,9.83,9.77,9.83,0,0
PLM_MV,D,20190515,000000,9.77,9.77,9.7,9.7,0,0
PLM_MV,D,20190517,000000,7.92,9.11,7.92,9.11,0,0
PLM_MV,D,20190520,000000,8.98,9.37,8.98,9.37,0,0
PLM_MV,D,20190522,000000,9.17,9.57,9.17,9.57,0,0
PLM_MV,D,20190523,000000,9.5,9.57,9.5,9.57,0,0
PLM_MV,D,20190524,000000,8.38,9.5,8.38,9.5,0,0
PLM_MV,D,20190528,000000,9.44,9.44,9.44,9.44,0,0
PLM_MV,D,20190529,000000,9.44,9.5,9.44,9.5,0,0
PLM_MV,D,20190611,000000,9.37,9.57,9.37,9.57,0,0
PLM_MV,D,20190614,000000,9.5,9.77,9.5,9.77,0,0
PLM_MV,D,20190617,000000,8.91,9.64,8.91,9.64,0,0
PLM_MV,D,20190621,000000,8.25,9.7,8.25,9.7,0,0
PLM_MV,D,20190625,000000,8.45,9.64,8.45,8.91,0,0
PLM_MV,D,20190711,000000,8.65,8.65,8.65,8.65,0,0
PLM_MV,D,20190715,000000,8.65,9.64,8.65,9.57,0,0
PLM_MV,D,20190719,000000,8.58,8.84,8.58,8.84,0,0
PLM_MV,D,20190726,000000,7.92,8.65,7.92,8.38,0,0
PLM_MV,D,20190731,000000,7.59,8.51,7.59,8.38,0,0
PLM_MV,D,20190801,000000,8.38,8.58,8.38,8.58,0,0
PLM_MV,D,20190806,000000,8.51,8.91,8.51,8.91,0,0
PLM_MV,D,20190807,000000,8.84,8.84,8.84,8.84,0,0
PLM_MV,D,20190808,000000,8.91,8.91,8.91,8.91,0,0
PLM_MV,D,20190826,000000,8.58,8.58,8.58,8.58,0,0
PLM_MV,D,20190827,000000,8.25,8.84,8.25,8.84,0,0
PLM_MV,D,20190828,000000,8.84,8.84,8.84,8.84,0,0
PLM_MV,D,20190903,000000,8.78,8.84,8.78,8.84,0,0
PLM_MV,D,20190910,000000,8.25,8.91,8.25,8.91,0,0
PLM_MV,D,20190916,000000,8.25,8.84,8.25,8.84,0,0
PLM_MV,D,20190919,000000,8.25,8.84,8.25,8.84,0,0
PLM_MV,D,20191001,000000,8.84,8.84,8.84,8.84,0,0
PLM_MV,D,20191010,000000,7.92,8.84,7.92,8.84,0,0
PLM_MV,D,20191011,000000,7.85,8.84,7.85,8.84,0,0
PLM_MV,D,20191017,000000,7.85,8.84,7.85,8.84,0,0
PLM_MV,D,20191104,000000,7.79,8.84,7.79,8.84,0,0
PLM_MV,D,20191105,000000,8.91,8.91,8.91,8.91,0,0
PLM_MV,D,20191106,000000,8.91,9.24,8.91,9.24,0,0
PLM_MV,D,20191115,000000,8.25,9.24,8.25,9.24,0,0
PLM_MV,D,20191125,000000,9.17,9.17,9.17,9.17,0,0
PLM_MV,D,20191126,000000,8.25,9.17,8.25,9.17,0,0
PLM_MV,D,20191127,000000,9.17,9.44,9.17,9.44,0,0
PLM_MV,D,20191128,000000,9.44,9.44,9.44,9.44,0,0
PLM_MV,D,20191204,000000,8.32,9.44,8.32,9.44,0,0
PLM_MV,D,20191210,000000,8.32,9.44,8.25,9.44,0,0
PLM_MV,D,20191227,000000,9.44,9.44,9.44,9.44,0,0
PLM_MV,D,20200103,000000,8.38,9.37,8.32,9.37,0,0
PLM_MV,D,20200110,000000,8.38,9.17,8.25,9.17,0,0
PLM_MV,D,20200113,000000,8.38,9.37,8.38,9.37,0,0
PLM_MV,D,20200115,000000,8.32,9.17,8.25,9.17,0,0
PLM_MV,D,20200117,000000,9.17,9.44,9.17,9.44,0,0
PLM_MV,D,20200120,000000,8.51,9.37,8.51,9.37,0,0
PLM_MV,D,20200121,000000,9.37,9.64,9.37,9.64,0,0
PLM_MV,D,20200124,000000,8.51,9.9,8.45,9.9,0,0
PLM_MV,D,20200128,000000,9.7,9.7,9.7,9.7,0,0
PLM_MV,D,20200131,000000,9.04,9.57,8.91,9.57,0,0
PLM_MV,D,20200203,000000,8.91,9.64,8.91,9.57,0,0
PLM_MV,D,20200204,000000,8.91,9.57,8.51,9.57,0,0
PLM_MV,D,20200206,000000,8.78,9.57,8.78,9.57,0,0
PLM_MV,D,20200207,000000,8.91,10.23,8.91,10.23,0,0
PLM_MV,D,20200210,000000,10.23,10.56,9.9,10.36,0,0
PLM_MV,D,20200211,000000,10.76,10.76,9.24,10.16,0,0
PLM_MV,D,20200212,000000,10.3,10.3,10.3,10.3,0,0
PLM_MV,D,20200213,000000,9.57,10.23,9.57,10.23,0,0
PLM_MV,D,20200214,000000,9.31,10.03,9.24,10.03,0,0
PLM_MV,D,20200217,000000,9.24,10.03,9.24,10.03,0,0
PLM_MV,D,20200218,000000,10.03,10.23,10.03,10.23,0,0
PLM_MV,D,20200219,000000,9.24,10.1,9.24,10.1,0,0
PLM_MV,D,20200220,000000,9.57,10.1,9.57,10.1,0,0
PLM_MV,D,20200225,000000,10.03,10.03,10.03,10.03,0,0
PLM_MV,D,20200226,000000,8.84,9.57,8.84,9.57,0,0
PLM_MV,D,20200227,000000,8.84,8.84,8.84,8.84,0,0
PLM_MV,D,20200228,000000,9.57,9.57,8.78,8.78,0,0
PLM_MV,D,20200302,000000,9.57,9.57,9.57,9.57,0,0
PLM_MV,D,20200304,000000,9.57,9.9,9.57,9.9,0,0
PLM_MV,D,20200305,000000,9.83,9.83,9.83,9.83,0,0
PLM_MV,D,20200309,000000,9.97,9.97,8.38,9.24,0,0
PLM_MV,D,20200311,000000,9.17,9.24,9.17,9.17,0,0
PLM_MV,D,20200312,000000,8.78,8.78,8.38,8.78,0,0
PLM_MV,D,20200313,000000,8.78,10.03,8.78,10.03,0,0
PLM_MV,D,20200316,000000,9.57,10.36,9.57,10.36,0,0
PLM_MV,D,20200317,000000,10.36,11.15,10.3,10.82,0,0
PLM_MV,D,20200318,000000,10.89,11.15,10.89,11.09,0,0
PLM_MV,D,20200319,000000,11.09,11.15,10.56,10.56,0,0
PLM_MV,D,20200320,000000,10.89,11.15,9.5,11.09,0,0
PLM_MV,D,20200323,000000,11.15,13.2,10.89,13.2,0,0
PLM_MV,D,20200324,000000,19.14,24.92,19.14,24.42,0,0
PLM_MV,D,20200325,000000,25.58,26.73,22.11,23.1,0,0
PLM_MV,D,20200326,000000,23.43,24.59,20.79,24.59,0,0
PLM_MV,D,20200327,000000,22.44,23.1,19.97,20.46,0,0
PLM_MV,D,20200330,000000,19.47,19.47,14.52,15.84,0,0
PLM_MV,D,20200331,000000,15.84,19.47,14.52,18.32,0,0
PLM_MV,D,20200401,000000,18.98,19.14,16.67,18.98,0,0
PLM_MV,D,20200402,000000,18.48,18.48,15.18,16.17,0,0
PLM_MV,D,20200403,000000,16.5,19.47,15.84,18.48,0,0
PLM_MV,D,20200406,000000,18.15,18.98,17,17.82,0,0
PLM_MV,D,20200407,000000,17.82,18.81,17.16,17.16,0,0
PLM_MV,D,20200408,000000,17.16,17.82,17,17.82,0,0
PLM_MV,D,20200409,000000,17.82,17.82,16.17,16.67,0,0
PLM_MV,D,20200414,000000,17,23.1,17,22.94,0,0
PLM_MV,D,20200415,000000,22.94,22.94,19.47,20.3,0,0
PLM_MV,D,20200416,000000,21.12,21.95,19.14,20.3,0,0
PLM_MV,D,20200417,000000,18.98,21.12,18.81,21.12,0,0
PLM_MV,D,20200420,000000,21.12,23.93,20.79,23.43,0,0
PLM_MV,D,20200421,000000,22.77,23.1,19.97,21.29,0,0
PLM_MV,D,20200422,000000,20.46,21.12,19.8,21.12,0,0
PLM_MV,D,20200423,000000,21.62,21.62,20.13,20.79,0,0
PLM_MV,D,20200424,000000,20.3,20.46,19.14,19.8,0,0
PLM_MV,D,20200427,000000,19.31,20.96,18.81,19.14,0,0
PLM_MV,D,20200428,000000,19.8,20.96,18.98,20.96,0,0
PLM_MV,D,20200429,000000,19.8,21.45,19.31,21.45,0,0
PLM_MV,D,20200430,000000,21.78,22.11,20.13,21.12,0,0
PLM_MV,D,20200504,000000,21.29,23.1,19.8,22.61,0,0
PLM_MV,D,20200505,000000,22.61,24.26,22.44,23.43,0,0
PLM_MV,D,20200506,000000,22.77,24.26,22.11,23.6,0,0
PLM_MV,D,20200507,000000,23.1,23.27,23.1,23.27,0,0
PLM_MV,D,20200508,000000,22.44,23.76,22.44,22.44,0,0
PLM_MV,D,20200511,000000,22.44,33.99,22.44,33.99,0,0
PLM_MV,D,20200512,000000,36.96,40.26,31.52,33.33,0,0
PLM_MV,D,20200513,000000,33.99,33.99,29.37,30.2,0,0
PLM_MV,D,20200514,000000,30.69,32.67,27.39,30.36,0,0
PLM_MV,D,20200515,000000,30.03,31.02,28.05,28.71,0,0
PLM_MV,D,20200518,000000,30.03,31.02,28.71,31.02,0,0
PLM_MV,D,20200519,000000,32.84,32.84,31.35,32.34,0,0
PLM_MV,D,20200520,000000,32.01,45.87,31.35,42.57,0,0
PLM_MV,D,20200521,000000,41.91,42.57,38.61,39.27,0,0
PLM_MV,D,20200522,000000,39.27,39.6,36.3,38.28,0,0
PLM_MV,D,20200525,000000,38.28,39.93,36.63,39.27,0,0
PLM_MV,D,20200526,000000,39.27,41.91,38.61,41.58,0,0
PLM_MV,D,20200527,000000,41.58,46.53,41.25,41.91,0,0
PLM_MV,D,20200528,000000,43.56,43.56,38.94,41.91,0,0
PLM_MV,D,20200529,000000,41.91,42.9,38.94,42.57,0,0
PLM_MV,D,20200601,000000,43.23,43.23,40.92,42.57,0,0
PLM_MV,D,20200602,000000,42.57,42.9,40.59,42.57,0,0
PLM_MV,D,20200603,000000,42.57,42.57,39.93,41.25,0,0
PLM_MV,D,20200604,000000,40.59,42.24,38.61,40.26,0,0
PLM_MV,D,20200605,000000,38.28,39.93,37.95,39.93,0,0
PLM_MV,D,20200608,000000,39.93,39.93,37.62,38.28,0,0
PLM_MV,D,20200609,000000,38.28,39.93,37.62,39.93,0,0
PLM_MV,D,20200610,000000,39.6,39.6,36.96,38.61,0,0
PLM_MV,D,20200612,000000,33.66,38.28,33.66,38.28,0,0
PLM_MV,D,20200615,000000,36.63,36.63,34.65,36.3,0,0
PLM_MV,D,20200616,000000,36.63,39.6,34.65,37.62,0,0
PLM_MV,D,20200617,000000,37.62,37.62,35.64,36.96,0,0
PLM_MV,D,20200618,000000,36.96,36.96,34.65,35.64,0,0
PLM_MV,D,20200619,000000,35.64,37.95,35.64,37.95,0,0
PLM_MV,D,20200622,000000,36.3,39.93,35.64,39.93,0,0
PLM_MV,D,20200623,000000,41.58,41.58,37.95,39.6,0,0
PLM_MV,D,20200624,000000,38.94,39.6,37.29,39.27,0,0
PLM_MV,D,20200625,000000,37.95,38.61,37.29,38.61,0,0
PLM_MV,D,20200626,000000,38.61,39.27,37.62,38.94,0,0
PLM_MV,D,20200629,000000,39.6,39.6,37.95,38.94,0,0
PLM_MV,D,20200630,000000,37.95,38.94,37.62,38.61,0,0
PLM_MV,D,20200701,000000,38.61,38.94,36.63,37.29,0,0
PLM_MV,D,20200702,000000,36.96,39.27,36.3,38.61,0,0
PLM_MV,D,20200703,000000,37.95,37.95,36.96,37.62,0,0
PLM_MV,D,20200706,000000,37.62,39.6,36.96,38.28,0,0
PLM_MV,D,20200707,000000,38.94,38.94,37.29,37.62,0,0
PLM_MV,D,20200708,000000,38.61,41.58,36.96,40.59,0,0
PLM_MV,D,20200709,000000,40.59,40.92,38.94,40.26,0,0
PLM_MV,D,20200710,000000,39.27,40.59,37.95,39.6,0,0
PLM_MV,D,20200713,000000,40.26,40.26,37.95,38.61,0,0
PLM_MV,D,20200714,000000,38.94,38.94,37.29,38.28,0,0
PLM_MV,D,20200715,000000,37.62,38.28,36.3,37.29,0,0
PLM_MV,D,20200716,000000,37.29,37.29,36.3,37.29,0,0
PLM_MV,D,20200717,000000,37.29,39.6,36.3,38.94,0,0
PLM_MV,D,20200720,000000,39.93,45.87,39.93,44.88,0,0
PLM_MV,D,20200721,000000,46.2,46.53,43.56,45.54,0,0
PLM_MV,D,20200722,000000,46.2,46.2,41.58,42.9,0,0
PLM_MV,D,20200723,000000,42.9,44.55,41.25,44.22,0,0
PLM_MV,D,20200724,000000,44.22,44.22,39.6,40.92,0,0
PLM_MV,D,20200727,000000,45.87,53.79,45.87,53.13,0,0
PLM_MV,D,20200728,000000,53.79,60.06,50.82,54.78,0,0
PLM_MV,D,20200729,000000,55.44,55.77,51.15,52.14,0,0
PLM_MV,D,20200730,000000,53.79,53.79,39.6,42.9,0,0
PLM_MV,D,20200731,000000,43.89,50.16,43.89,48.51,0,0
PLM_MV,D,20200803,000000,54.45,54.45,49.83,50.82,0,0
PLM_MV,D,20200804,000000,51.48,51.48,46.86,49.5,0,0
PLM_MV,D,20200805,000000,50.16,50.16,46.86,48.84,0,0
PLM_MV,D,20200806,000000,49.17,56.1,46.2,55.44,0,0
PLM_MV,D,20200807,000000,57.42,57.42,50.16,52.47,0,0
PLM_MV,D,20200810,000000,52.8,52.8,49.5,51.15,0,0
PLM_MV,D,20200811,000000,51.15,53.13,47.19,50.49,0,0
PLM_MV,D,20200812,000000,51.15,59.4,48.84,58.08,0,0
PLM_MV,D,20200813,000000,57.75,57.75,44.22,47.52,0,0
PLM_MV,D,20200814,000000,48.51,48.51,44.88,46.53,0,0
PLM_MV,D,20200817,000000,46.86,48.51,43.23,47.85,0,0
PLM_MV,D,20200818,000000,45.54,47.19,43.23,44.88,0,0
PLM_MV,D,20200819,000000,42.9,43.56,41.58,43.23,0,0
PLM_MV,D,20200820,000000,41.91,42.9,41.25,42.9,0,0
PLM_MV,D,20200821,000000,41.91,42.57,40.92,42.57,0,0
PLM_MV,D,20200824,000000,44.55,44.55,42.9,43.23,0,0
PLM_MV,D,20200825,000000,43.23,44.22,41.91,43.89,0,0
PLM_MV,D,20200826,000000,43.89,43.89,40.92,43.23,0,0
PLM_MV,D,20200827,000000,43.56,43.56,41.58,42.9,0,0
PLM_MV,D,20200828,000000,41.91,42.57,40.92,42.24,0,0
PLM_MV,D,20200831,000000,42.57,42.57,40.92,42.24,0,0
PLM_MV,D,20200901,000000,42.24,42.57,39.6,40.59,0,0
PLM_MV,D,20200902,000000,39.6,41.25,37.62,40.59,0,0
PLM_MV,D,20200903,000000,39.27,40.59,37.95,37.95,0,0
PLM_MV,D,20200904,000000,36.3,37.95,36.3,37.95,0,0
PLM_MV,D,20200907,000000,36.63,36.63,32.18,32.18,0,0
PLM_MV,D,20200908,000000,32.34,32.67,26.73,29.37,0,0
PLM_MV,D,20200909,000000,26.73,33.66,26.73,32.67,0,0
PLM_MV,D,20200910,000000,32.34,33.33,30.36,31.35,0,0
PLM_MV,D,20200911,000000,30.69,35.31,30.69,34.32,0,0
PLM_MV,D,20200914,000000,33.33,33.99,32.18,33.99,0,0
PLM_MV,D,20200915,000000,34.32,37.29,33.99,36.3,0,0
PLM_MV,D,20200916,000000,36.3,37.62,35.64,36.63,0,0
PLM_MV,D,20200917,000000,36.96,36.96,33.66,35.64,0,0
PLM_MV,D,20200918,000000,35.97,35.97,33.33,35.31,0,0
PLM_MV,D,20200921,000000,33.33,35.97,32.67,33,0,0
PLM_MV,D,20200922,000000,32.34,33,32.01,32.67,0,0
PLM_MV,D,20200923,000000,32.67,33.66,30.36,31.35,0,0
PLM_MV,D,20200924,000000,30.03,32.34,29.7,32.34,0,0
PLM_MV,D,20200925,000000,30.69,31.35,29.37,31.35,0,0
PLM_MV,D,20200928,000000,31.02,31.02,29.87,31.02,0,0
PLM_MV,D,20200929,000000,30.36,31.68,29.7,31.68,0,0
PLM_MV,D,20200930,000000,31.68,31.68,28.38,30.2,0,0
PLM_MV,D,20201001,000000,30.2,35.31,29.7,35.31,0,0
PLM_MV,D,20201002,000000,35.31,38.61,34.32,36.96,0,0
PLM_MV,D,20201005,000000,36.63,38.61,35.31,35.31,0,0
PLM_MV,D,20201006,000000,34.65,35.64,33.99,34.98,0,0
PLM_MV,D,20201007,000000,35.31,35.97,33,34.65,0,0
PLM_MV,D,20201008,000000,34.65,37.95,33,36.3,0,0
PLM_MV,D,20201009,000000,33.99,34.32,33,34.32,0,0
PLM_MV,D,20201012,000000,34.65,34.98,33.66,33.66,0,0
PLM_MV,D,20201013,000000,34.65,34.65,32.34,33.99,0,0
PLM_MV,D,20201014,000000,33.99,35.97,31.35,32.84,0,0
PLM_MV,D,20201015,000000,33,33,31.35,31.35,0,0
PLM_MV,D,20201016,000000,32.34,32.34,31.02,31.68,0,0
PLM_MV,D,20201019,000000,32.01,36.3,32.01,34.65,0,0
PLM_MV,D,20201020,000000,35.64,35.64,32.34,34.32,0,0
PLM_MV,D,20201021,000000,33.99,34.32,32.67,34.32,0,0
PLM_MV,D,20201022,000000,32.67,34.32,32.34,34.32,0,0
PLM_MV,D,20201023,000000,32.51,34.32,32.51,33.66,0,0
PLM_MV,D,20201026,000000,32.01,35.97,30.03,33.66,0,0
PLM_MV,D,20201027,000000,31.35,33.66,31.35,31.85,0,0
PLM_MV,D,20201028,000000,32.01,37.95,28.22,32.01,0,0
PLM_MV,D,20201029,000000,29.7,31.19,28.05,29.7,0,0
PLM_MV,D,20201030,000000,30.03,31.02,29.7,29.7,0,0
PLM_MV,D,20201102,000000,29.7,31.35,29.7,31.35,0,0
PLM_MV,D,20201103,000000,31.35,32.67,30.03,30.53,0,0
PLM_MV,D,20201104,000000,30.36,32.34,28.88,32.18,0,0
PLM_MV,D,20201105,000000,32.18,33.66,32.18,33,0,0
PLM_MV,D,20201106,000000,33,34.32,31.35,33.66,0,0
PLM_MV,D,20201109,000000,33.66,33.66,32.67,33,0,0
PLM_MV,D,20201110,000000,33,33.99,32.01,33,0,0
PLM_MV,D,20201112,000000,32.34,35.97,32.34,35.97,0,0
PLM_MV,D,20201113,000000,36.3,36.3,33.66,35.97,0,0
PLM_MV,D,20201116,000000,29.7,31.35,28.05,28.05,0,0
PLM_MV,D,20201117,000000,28.05,29.04,27.72,28.38,0,0
PLM_MV,D,20201118,000000,28.88,28.88,28.22,28.88,0,0
PLM_MV,D,20201119,000000,28.38,29.54,27.72,27.89,0,0
PLM_MV,D,20201120,000000,27.56,28.71,26.9,28.55,0,0
PLM_MV,D,20201123,000000,27.72,28.05,27.06,27.23,0,0
PLM_MV,D,20201124,000000,27.56,28.55,27.06,27.72,0,0
PLM_MV,D,20201125,000000,26.9,27.89,26.07,26.73,0,0
PLM_MV,D,20201126,000000,27.23,27.39,25.58,27.39,0,0
PLM_MV,D,20201127,000000,26.73,27.23,25.91,26.57,0,0
PLM_MV,D,20201130,000000,26.4,27.06,25.41,26.4,0,0
PLM_MV,D,20201201,000000,25.41,26.4,25.08,25.08,0,0
PLM_MV,D,20201202,000000,26.4,26.4,24.92,26.07,0,0
PLM_MV,D,20201203,000000,26.24,26.24,24.75,25.08,0,0
PLM_MV,D,20201204,000000,25.08,25.41,24.09,25.41,0,0
PLM_MV,D,20201207,000000,24.09,24.92,24.09,24.42,0,0
PLM_MV,D,20201208,000000,24.92,25.08,24.42,25.08,0,0
PLM_MV,D,20201209,000000,25.08,25.08,24.42,25.08,0,0
PLM_MV,D,20201210,000000,24.42,27.56,24.42,26.4,0,0
PLM_MV,D,20201211,000000,25.74,26.07,24.75,25.74,0,0
PLM_MV,D,20201214,000000,26.07,26.07,24.42,25.08,0,0
PLM_MV,D,20201215,000000,24.59,25.41,24.59,25.41,0,0
PLM_MV,D,20201216,000000,25.41,25.41,24.59,25.41,0,0
PLM_MV,D,20201217,000000,25.08,25.41,24.09,24.59,0,0
PLM_MV,D,20201218,000000,24.75,24.75,23.43,24.42,0,0
PLM_MV,D,20201221,000000,23.76,23.76,22.44,23.43,0,0
PLM_MV,D,20201222,000000,23.43,23.43,21.45,21.62,0,0
PLM_MV,D,20201223,000000,21.95,21.95,20.79,21.45,0,0
PLM_MV,D,20201228,000000,21.62,23.1,20.46,22.77,0,0
PLM_MV,D,20201229,000000,22.44,24.75,22.44,24.26,0,0
PLM_MV,D,20201230,000000,24.59,24.59,23.6,24.09,0,0
PLM_MV,D,20210104,000000,23.1,25.74,23.1,25.08,0,0
PLM_MV,D,20210105,000000,25.08,26.4,24.09,26.07,0,0
PLM_MV,D,20210107,000000,24.92,26.73,24.92,26.57,0,0
PLM_MV,D,20210108,000000,26.73,26.73,25.08,26.57,0,0
PLM_MV,D,20210111,000000,25.41,25.58,24.42,24.75,0,0
PLM_MV,D,20210112,000000,24.75,24.75,23.93,24.59,0,0
PLM_MV,D,20210113,000000,24.59,24.59,24.26,24.42,0,0
PLM_MV,D,20210114,000000,24.75,24.75,24.09,24.75,0,0
PLM_MV,D,20210115,000000,24.09,24.09,24.09,24.09,0,0
PLM_MV,D,20210118,000000,24.26,25.08,24.26,25.08,0,0
PLM_MV,D,20210119,000000,25.58,25.74,25.58,25.58,0,0
PLM_MV,D,20210120,000000,24.75,25.58,24.59,25.08,0,0
PLM_MV,D,20210121,000000,24.75,25.08,24.26,24.26,0,0
PLM_MV,D,20210122,000000,24.09,25.41,24.09,24.92,0,0
PLM_MV,D,20210125,000000,24.92,26.73,24.09,25.74,0,0
PLM_MV,D,20210126,000000,26.07,35.31,26.07,32.67,0,0
PLM_MV,D,20210127,000000,32.67,33,29.04,31.35,0,0
PLM_MV,D,20210128,000000,29.7,32.84,28.71,29.7,0,0
PLM_MV,D,20210129,000000,31.68,32.34,28.71,30.03,0,0
PLM_MV,D,20210201,000000,31.02,31.52,30.03,31.02,0,0
PLM_MV,D,20210202,000000,29.7,32.67,28.71,32.01,0,0
PLM_MV,D,20210203,000000,32.01,33.99,30.69,33.66,0,0
PLM_MV,D,20210204,000000,34.32,36.3,32.01,33.33,0,0
PLM_MV,D,20210205,000000,33.99,34.32,31.68,31.68,0,0
PLM_MV,D,20210208,000000,32.67,32.84,31.35,32.67,0,0
PLM_MV,D,20210209,000000,31.85,32.67,31.68,32.01,0,0
PLM_MV,D,20210210,000000,32.51,32.51,31.35,31.68,0,0
PLM_MV,D,20210211,000000,32.34,32.34,31.35,32.34,0,0
PLM_MV,D,20210212,000000,32.01,32.01,31.19,32.01,0,0
PLM_MV,D,20210215,000000,31.02,33,31.02,32.01,0,0
PLM_MV,D,20210216,000000,32.01,33.66,31.68,33.33,0,0
PLM_MV,D,20210217,000000,32.34,32.51,31.85,32.01,0,0
PLM_MV,D,20210218,000000,32.51,32.51,31.68,32.34,0,0
PLM_MV,D,20210219,000000,31.52,32.34,30.69,31.68,0,0
PLM_MV,D,20210222,000000,31.68,31.68,31.02,31.02,0,0
PLM_MV,D,20210223,000000,31.02,31.35,29.7,30.03,0,0
PLM_MV,D,20210224,000000,29.37,31.68,29.21,29.21,0,0
PLM_MV,D,20210225,000000,30.36,31.02,29.7,30.86,0,0
PLM_MV,D,20210226,000000,29.7,30.36,28.71,29.37,0,0
PLM_MV,D,20210301,000000,28.71,30.69,28.38,29.7,0,0
PLM_MV,D,20210302,000000,29.04,29.37,27.72,29.04,0,0
PLM_MV,D,20210303,000000,29.04,29.04,28.22,29.04,0,0
PLM_MV,D,20210304,000000,28.22,29.54,27.39,29.37,0,0
PLM_MV,D,20210305,000000,28.38,29.7,28.38,29.37,0,0
PLM_MV,D,20210308,000000,29.37,29.87,29.21,29.54,0,0
PLM_MV,D,20210309,000000,29.54,29.87,29.21,29.21,0,0
PLM_MV,D,20210310,000000,29.7,29.7,29.7,29.7,0,0
PLM_MV,D,20210311,000000,29.7,30.36,29.21,30.36,0,0
PLM_MV,D,20210312,000000,29.04,30.03,28.71,28.71,0,0
PLM_MV,D,20210315,000000,28.71,28.71,28.05,28.22,0,0
PLM_MV,D,20210316,000000,29.21,29.21,27.39,28.38,0,0
PLM_MV,D,20210317,000000,28.38,28.38,27.39,28.22,0,0
PLM_MV,D,20210318,000000,27.06,28.22,27.06,28.22,0,0
PLM_MV,D,20210319,000000,28.38,28.71,26.73,27.72,0,0
PLM_MV,D,20210322,000000,25.41,26.9,25.41,26.24,0,0
PLM_MV,D,20210323,000000,25.25,26.4,25.25,25.74,0,0
PLM_MV,D,20210324,000000,25.74,26.4,24.75,25.41,0,0
PLM_MV,D,20210325,000000,25.58,25.91,24.09,24.92,0,0
PLM_MV,D,20210326,000000,24.42,24.92,23.76,24.26,0,0
PLM_MV,D,20210329,000000,24.26,25.91,24.26,25.08,0,0
PLM_MV,D,20210330,000000,24.75,25.74,24.75,25.74,0,0
PLM_MV,D,20210331,000000,25.41,25.58,25.41,25.58,0,0
PLM_MV,D,20210401,000000,25.41,27.39,24.75,27.23,0,0
PLM_MV,D,20210406,000000,25.08,27.23,25.08,27.23,0,0
PLM_MV,D,20210407,000000,27.06,27.06,25.41,26.73,0,0
PLM_MV,D,20210408,000000,25.11,26.73,25.11,26.73,0,0
PLM_MV,D,20210409,000000,25.41,26.73,25.41,26.73,0,0
PLM_MV,D,20210412,000000,25.58,25.58,25.54,25.58,0,0
PLM_MV,D,20210413,000000,25.74,26.4,25.28,25.28,0,0
PLM_MV,D,20210415,000000,26.4,26.4,24.92,25.71,0,0
PLM_MV,D,20210416,000000,25.74,25.74,24.75,25.08,0,0
PLM_MV,D,20210419,000000,24.75,25.58,24.75,24.75,0,0
PLM_MV,D,20210420,000000,24.42,25.01,23.79,24.95,0,0
PLM_MV,D,20210421,000000,23.86,24.95,23.36,23.36,0,0
PLM_MV,D,20210422,000000,23.43,23.43,23.1,23.1,0,0
PLM_MV,D,20210423,000000,23.6,23.63,22.44,23.53,0,0
PLM_MV,D,20210426,000000,23.5,23.5,22.77,22.77,0,0
PLM_MV,D,20210427,000000,23.1,23.43,22.44,23.43,0,0
PLM_MV,D,20210428,000000,22.44,23.4,21.15,23.36,0,0
PLM_MV,D,20210429,000000,23.4,23.4,22.28,22.28,0,0
PLM_MV,D,20210430,000000,22.28,23.43,21.52,23.43,0,0
PLM_MV,D,20210504,000000,22.77,23.43,21.81,23.43,0,0
PLM_MV,D,20210505,000000,23.36,23.36,22.44,23.1,0,0
PLM_MV,D,20210506,000000,22.44,23.27,21.81,22.77,0,0
PLM_MV,D,20210507,000000,21.81,23.1,21.81,22.77,0,0
PLM_MV,D,20210510,000000,23.1,23.1,23.1,23.1,0,0
PLM_MV,D,20210511,000000,23.23,23.23,23.1,23.1,0,0
PLM_MV,D,20210512,000000,21.85,23.1,21.85,23.1,0,0
PLM_MV,D,20210513,000000,21.85,21.85,20.06,20.96,0,0
PLM_MV,D,20210514,000000,20.46,21.05,20.46,21.05,0,0
PLM_MV,D,20210517,000000,20.3,21.12,20.13,20.3,0,0
PLM_MV,D,20210518,000000,20.76,20.76,18.48,19.67,0,0
PLM_MV,D,20210519,000000,19.64,20.13,18.81,19.47,0,0
PLM_MV,D,20210520,000000,19.6,19.6,18.28,19.31,0,0
PLM_MV,D,20210521,000000,19.6,19.6,19.6,19.6,0,0
PLM_MV,D,20210524,000000,19.6,19.64,18.28,19.6,0,0
PLM_MV,D,20210525,000000,19.64,19.8,18.48,19.6,0,0
PLM_MV,D,20210526,000000,19.8,20.03,18.81,18.81,0,0
PLM_MV,D,20210527,000000,18.88,19.8,18.81,19.8,0,0
PLM_MV,D,20210528,000000,19.8,20.03,18.81,18.94,0,0
PLM_MV,D,20210531,000000,18.94,19.77,18.94,19.77,0,0
PLM_MV,D,20210601,000000,19.21,19.47,18.32,19.47,0,0
PLM_MV,D,20210602,000000,19.47,19.47,18.28,19.47,0,0
PLM_MV,D,20210604,000000,18.28,19.31,17.99,19.14,0,0
PLM_MV,D,20210608,000000,19.14,19.54,19.14,19.54,0,0
PLM_MV,D,20210609,000000,19.47,19.47,19.47,19.47,0,0
PLM_MV,D,20210610,000000,19.54,19.54,18.48,19.47,0,0
PLM_MV,D,20210611,000000,19.54,19.8,19.54,19.77,0,0
PLM_MV,D,20210614,000000,19.77,19.77,19.77,19.77,0,0
PLM_MV,D,20210615,000000,19.73,19.77,19.14,19.77,0,0
PLM_MV,D,20210616,000000,18.88,19.34,18.15,19.31,0,0
PLM_MV,D,20210617,000000,18.25,19.31,18.25,19.31,0,0
PLM_MV,D,20210618,000000,18.35,19.31,18.35,19.31,0,0
PLM_MV,D,20210621,000000,18.35,19.21,18.18,19.21,0,0
PLM_MV,D,20210622,000000,18.32,19.27,18.18,18.74,0,0
PLM_MV,D,20210623,000000,18.18,18.68,18.15,18.35,0,0
PLM_MV,D,20210624,000000,18.15,18.65,18.15,18.61,0,0
PLM_MV,D,20210625,000000,18.55,18.55,18.55,18.55,0,0
PLM_MV,D,20210628,000000,18.22,18.88,18.22,18.88,0,0
PLM_MV,D,20210629,000000,19.14,19.14,18.48,19.14,0,0
PLM_MV,D,20210630,000000,19.14,19.14,19.14,19.14,0,0
PLM_MV,D,20210701,000000,18.22,18.94,18.15,18.94,0,0
PLM_MV,D,20210705,000000,18.05,18.71,18.05,18.71,0,0
PLM_MV,D,20210706,000000,18.68,19.21,18.68,19.21,0,0
PLM_MV,D,20210707,000000,19.11,19.14,18.48,19.07,0,0
PLM_MV,D,20210708,000000,18.81,18.81,18.48,18.48,0,0
PLM_MV,D,20210709,000000,18.48,18.81,17.99,18.81,0,0
PLM_MV,D,20210712,000000,18.15,18.74,17.95,17.95,0,0
PLM_MV,D,20210713,000000,17.99,18.74,17.89,18.74,0,0
PLM_MV,D,20210714,000000,17.89,18.15,17.16,18.15,0,0
PLM_MV,D,20210715,000000,18.15,18.15,18.15,18.15,0,0
PLM_MV,D,20210716,000000,18.74,18.74,18.74,18.74,0,0
PLM_MV,D,20210719,000000,18.48,18.48,17.82,17.82,0,0
PLM_MV,D,20210720,000000,17.82,18.12,17.29,18.12,0,0
PLM_MV,D,20210722,000000,18.15,18.41,17.89,18.41,0,0
PLM_MV,D,20210723,000000,18.02,18.02,17.82,17.82,0,0
PLM_MV,D,20210726,000000,17.52,18.15,17.52,17.82,0,0
PLM_MV,D,20210727,000000,17.82,17.82,17.52,17.52,0,0
PLM_MV,D,20210728,000000,17.52,17.52,17.09,17.09,0,0
PLM_MV,D,20210729,000000,17.49,18.15,17.49,18.15,0,0
PLM_MV,D,20210730,000000,17.19,17.49,17.19,17.49,0,0
PLM_MV,D,20210802,000000,18.15,18.81,17.49,18.08,0,0
PLM_MV,D,20210803,000000,17.49,17.49,16.6,17.49,0,0
PLM_MV,D,20210804,000000,16.83,17.62,16.83,17.56,0,0
PLM_MV,D,20210805,000000,16.5,17.95,16.5,17.95,0,0
PLM_MV,D,20210806,000000,18.05,18.08,16.83,17.79,0,0
PLM_MV,D,20210809,000000,17.16,17.85,17.16,17.82,0,0
PLM_MV,D,20210810,000000,17.09,17.92,16.96,17.23,0,0
PLM_MV,D,20210811,000000,17.66,17.66,17,17.49,0,0
PLM_MV,D,20210812,000000,17.49,19.47,17.49,19.14,0,0
PLM_MV,D,20210813,000000,19.4,21.45,19.4,20.76,0,0
PLM_MV,D,20210816,000000,20.79,20.79,19.27,20.06,0,0
PLM_MV,D,20210817,000000,20.06,20.13,18.91,19.8,0,0
PLM_MV,D,20210818,000000,20.1,20.1,18.84,19.8,0,0
PLM_MV,D,20210819,000000,19.01,19.73,18.15,19.73,0,0
PLM_MV,D,20210820,000000,17.69,18.41,16.9,17.62,0,0
PLM_MV,D,20210823,000000,17.49,19.47,17.49,19.47,0,0
PLM_MV,D,20210824,000000,18.84,19.01,18.02,18.94,0,0
PLM_MV,D,20210825,000000,18.48,18.84,18.02,18.84,0,0
PLM_MV,D,20210826,000000,18.02,18.02,17.95,17.95,0,0
PLM_MV,D,20210827,000000,18.84,19.34,18.15,19.34,0,0
PLM_MV,D,20210830,000000,19.27,20.13,19.01,19.01,0,0
PLM_MV,D,20210831,000000,18.98,19.64,18.25,19.4,0,0
PLM_MV,D,20210901,000000,18.25,19.4,18.25,19.37,0,0
PLM_MV,D,20210902,000000,19.34,19.34,19.34,19.34,0,0
PLM_MV,D,20210903,000000,18.32,18.32,18.32,18.32,0,0
PLM_MV,D,20210906,000000,18.32,19.17,18.22,19.17,0,0
PLM_MV,D,20210907,000000,19.21,19.8,18.22,18.35,0,0
PLM_MV,D,20210908,000000,19.37,19.37,18.32,18.32,0,0
PLM_MV,D,20210909,000000,18.38,18.81,18.38,18.81,0,0
PLM_MV,D,20210910,000000,19.4,19.8,18.41,18.98,0,0
PLM_MV,D,20210913,000000,18.81,21.38,18.81,19.64,0,0
PLM_MV,D,20210914,000000,21.12,22.94,20.23,21.81,0,0
PLM_MV,D,20210915,000000,22.31,23.03,20.63,22.11,0,0
PLM_MV,D,20210916,000000,22.9,23.76,20.96,23.69,0,0
PLM_MV,D,20210917,000000,23.69,24.75,23.1,24.68,0,0
PLM_MV,D,20210920,000000,24.49,24.49,22.14,22.14,0,0
PLM_MV,D,20210921,000000,22.24,24.49,21.55,24.32,0,0
PLM_MV,D,20210922,000000,22.44,23.1,22.44,23.1,0,0
PLM_MV,D,20210923,000000,22.44,23.03,22.44,23.03,0,0
PLM_MV,D,20210924,000000,21.45,23.07,21.45,23.07,0,0
PLM_MV,D,20210928,000000,22.94,22.94,22.94,22.94,0,0
PLM_MV,D,20210929,000000,20.99,20.99,20.23,20.23,0,0
PLM_MV,D,20210930,000000,19.8,21.12,19.54,20.46,0,0
PLM_MV,D,20211001,000000,20.46,20.46,20.46,20.46,0,0
PLM_MV,D,20211005,000000,20.46,23.03,20.46,21.45,0,0
PLM_MV,D,20211006,000000,22.28,22.28,19.47,22.28,0,0
PLM_MV,D,20211007,000000,22.28,22.28,22.11,22.11,0,0
PLM_MV,D,20211008,000000,22.11,22.11,20.13,21.12,0,0
PLM_MV,D,20211011,000000,20.79,20.79,20.79,20.79,0,0
PLM_MV,D,20211012,000000,20.79,20.79,20.46,20.46,0,0
PLM_MV,D,20211013,000000,20.79,20.79,20.79,20.79,0,0
PLM_MV,D,20211014,000000,21.05,21.05,19.47,19.47,0,0
PLM_MV,D,20211015,000000,19.47,19.47,18.81,19.47,0,0
PLM_MV,D,20211018,000000,18.88,19.8,18.84,19.8,0,0
PLM_MV,D,20211019,000000,18.84,19.8,18.81,19.8,0,0
PLM_MV,D,20211020,000000,18.84,19.7,18.71,19.7,0,0
PLM_MV,D,20211021,000000,18.81,19.64,18.81,19.64,0,0
PLM_MV,D,20211022,000000,18.74,18.81,18.22,18.22,0,0
PLM_MV,D,20211025,000000,19.47,19.47,18.25,19.47,0,0
PLM_MV,D,20211026,000000,19.47,19.47,18.25,19.47,0,0
PLM_MV,D,20211027,000000,18.15,18.51,17.82,17.95,0,0
PLM_MV,D,20211028,000000,18.08,19.4,18.08,19.4,0,0
PLM_MV,D,20211029,000000,18.12,18.98,18.08,18.08,0,0
PLM_MV,D,20211102,000000,18.12,19.14,18.12,19.07,0,0
PLM_MV,D,20211103,000000,18.15,19.07,18.15,19.07,0,0
PLM_MV,D,20211104,000000,19.07,19.07,19.07,19.07,0,0
PLM_MV,D,20211105,000000,18.22,19.47,17.95,19.17,0,0
PLM_MV,D,20211109,000000,18.02,19.14,17.82,18.32,0,0
PLM_MV,D,20211110,000000,18.32,18.32,17.89,18.32,0,0
PLM_MV,D,20211112,000000,18.32,19.47,18.32,19.4,0,0
PLM_MV,D,20211115,000000,17.82,17.82,17.03,17.59,0,0
PLM_MV,D,20211116,000000,17.49,17.49,16.53,17.42,0,0
PLM_MV,D,20211117,000000,17.33,19.7,16.53,18.81,0,0
PLM_MV,D,20211118,000000,18.74,18.74,17.39,17.75,0,0
PLM_MV,D,20211119,000000,17.46,17.49,16.83,17.49,0,0
PLM_MV,D,20211122,000000,16.76,17.16,16.6,17.16,0,0
PLM_MV,D,20211123,000000,17.39,17.49,16.17,17.42,0,0
PLM_MV,D,20211124,000000,17.36,17.36,17.16,17.16,0,0
PLM_MV,D,20211125,000000,17.06,17.06,15.91,16.01,0,0
PLM_MV,D,20211126,000000,16.5,16.5,15.84,15.84,0,0
PLM_MV,D,20211129,000000,15.84,15.84,14.95,15.84,0,0
PLM_MV,D,20211130,000000,16.17,16.17,15.08,15.08,0,0
PLM_MV,D,20211201,000000,16.1,16.17,16.1,16.17,0,0
PLM_MV,D,20211202,000000,15.51,16.04,15.51,15.51,0,0
PLM_MV,D,20211203,000000,15.51,16.04,15.51,16.04,0,0
PLM_MV,D,20211206,000000,16.15,16.34,16.14,16.34,0,0
PLM_MV,D,20211207,000000,16.5,16.83,16.43,16.83,0,0
PLM_MV,D,20211208,000000,16.5,16.8,16.19,16.8,0,0
PLM_MV,D,20211209,000000,16.8,17.79,16.17,17.79,0,0
PLM_MV,D,20211210,000000,17.49,17.49,16.83,17.06,0,0
PLM_MV,D,20211213,000000,17.62,17.62,17.16,17.16,0,0
PLM_MV,D,20211214,000000,17,17,16.5,16.8,0,0
PLM_MV,D,20211215,000000,16.5,16.5,15.81,16.5,0,0
PLM_MV,D,20211216,000000,15.91,16.5,15.84,16.5,0,0
PLM_MV,D,20211217,000000,16.5,16.76,16.5,16.5,0,0
PLM_MV,D,20211220,000000,16.17,16.17,14.92,15.18,0,0
PLM_MV,D,20211221,000000,16.5,17.03,15.51,16.5,0,0
PLM_MV,D,20211222,000000,16.5,16.5,15.54,16.47,0,0
PLM_MV,D,20211223,000000,15.54,15.84,15.25,15.38,0,0
PLM_MV,D,20211227,000000,15.2,15.2,14.57,15.2,0,0
PLM_MV,D,20211228,000000,15.51,15.66,14.52,14.52,0,0
PLM_MV,D,20211229,000000,15.3,15.3,15.28,15.3,0,0
PLM_MV,D,20211230,000000,15.84,16.5,15.84,16.5,0,0
PLM_MV,D,20220103,000000,14.88,17.85,14.88,17.79,0,0
PLM_MV,D,20220104,000000,17.79,17.79,17.79,17.79,0,0
PLM_MV,D,20220105,000000,15.84,17.69,15.84,17.69,0,0
PLM_MV,D,20220107,000000,17.69,17.69,17.69,17.69,0,0
PLM_MV,D,20220110,000000,17.69,17.69,17.69,17.69,0,0
PLM_MV,D,20220111,000000,16.5,18.41,16.5,17.16,0,0
PLM_MV,D,20220112,000000,17.82,17.82,17.82,17.82,0,0
PLM_MV,D,20220113,000000,17.82,17.82,17.82,17.82,0,0
PLM_MV,D,20220117,000000,16.53,17.79,16.53,17.79,0,0
PLM_MV,D,20220118,000000,17.79,17.79,17.79,17.79,0,0
PLM_MV,D,20220120,000000,16.53,17.79,16.5,17.79,0,0
PLM_MV,D,20220121,000000,17.79,17.82,16.5,17.75,0,0
PLM_MV,D,20220124,000000,15.38,16.34,15.38,16.34,0,0
PLM_MV,D,20220125,000000,17.59,17.72,17.59,17.72,0,0
PLM_MV,D,20220127,000000,15.38,17.09,15.38,17.09,0,0
PLM_MV,D,20220128,000000,17.09,17.09,15.18,15.18,0,0
PLM_MV,D,20220131,000000,15.84,15.84,15.51,15.84,0,0
PLM_MV,D,20220202,000000,15.84,15.84,15.84,15.84,0,0
PLM_MV,D,20220204,000000,14.88,15.84,14.85,15.84,0,0
PLM_MV,D,20220207,000000,15.18,15.77,15.18,15.77,0,0
PLM_MV,D,20220208,000000,15.77,15.77,15.77,15.77,0,0
PLM_MV,D,20220209,000000,15.77,15.77,15.77,15.77,0,0
PLM_MV,D,20220210,000000,15.77,15.77,14.16,15.58,0,0
PLM_MV,D,20220211,000000,14.52,15.71,14.52,15.71,0,0
PLM_MV,D,20220214,000000,15.71,15.71,13.91,15.71,0,0
PLM_MV,D,20220216,000000,15.18,15.61,15.18,15.61,0,0
PLM_MV,D,20220217,000000,15.58,15.58,15.48,15.48,0,0
PLM_MV,D,20220218,000000,15.61,15.61,15.61,15.61,0,0
PLM_MV,D,20220221,000000,15.61,15.71,13.91,15.71,0,0
PLM_MV,D,20220222,000000,12.94,15.51,12.94,13.86,0,0
PLM_MV,D,20220223,000000,13.94,15.05,13.6,13.86,0,0
PLM_MV,D,20220224,000000,13.53,13.53,11.06,12.54,0,0
PLM_MV,D,20220225,000000,14.98,14.98,12.01,14.16,0,0
PLM_MV,D,20220228,000000,14.16,14.16,13.2,14.09,0,0
PLM_MV,D,20220302,000000,12.54,12.95,11.88,12.38,0,0
PLM_MV,D,20220303,000000,12.54,12.87,10.49,12.18,0,0
PLM_MV,D,20220304,000000,12.18,12.18,10.53,11.39,0,0
PLM_MV,D,20220307,000000,10.56,11.15,9.9,11.15,0,0
PLM_MV,D,20220308,000000,11.19,12.18,10.89,11.86,0,0
PLM_MV,D,20220309,000000,12.16,12.16,10.56,11.22,0,0
PLM_MV,D,20220310,000000,12.05,12.05,11.22,12.01,0,0
PLM_MV,D,20220311,000000,12.01,14.39,12.01,14.09,0,0
PLM_MV,D,20220314,000000,12.31,13.99,12.31,13.99,0,0
PLM_MV,D,20220315,000000,13.99,13.99,13.99,13.99,0,0
PLM_MV,D,20220316,000000,13.99,13.99,12.34,13.2,0,0
PLM_MV,D,20220317,000000,12.57,13.2,12.57,13.2,0,0
PLM_MV,D,20220318,000000,13.2,13.7,13.2,13.53,0,0
PLM_MV,D,20220321,000000,12.21,12.47,11.58,11.68,0,0
PLM_MV,D,20220322,000000,11.68,12.54,11.68,12.54,0,0
PLM_MV,D,20220323,000000,12.54,12.54,12.54,12.54,0,0
PLM_MV,D,20220324,000000,12.54,12.54,12.54,12.54,0,0
PLM_MV,D,20220325,000000,12.67,12.67,11.91,12.21,0,0
PLM_MV,D,20220328,000000,12.8,12.8,12.8,12.8,0,0
PLM_MV,D,20220329,000000,12.8,12.8,12.05,12.8,0,0
PLM_MV,D,20220330,000000,12.8,12.8,11.88,12.11,0,0
PLM_MV,D,20220331,000000,12.11,12.11,11.65,12.11,0,0
PLM_MV,D,20220401,000000,11.68,11.9,10.59,11.85,0,0
PLM_MV,D,20220404,000000,11.85,11.88,11.85,11.88,0,0
PLM_MV,D,20220405,000000,10.94,11.95,10.94,11.95,0,0
PLM_MV,D,20220406,000000,11.22,12.21,11.22,12.21,0,0
PLM_MV,D,20220407,000000,12.18,13.53,11.91,12.87,0,0
PLM_MV,D,20220408,000000,11.9,12.87,11.22,11.85,0,0
PLM_MV,D,20220411,000000,11.67,12.18,11.39,12.18,0,0
PLM_MV,D,20220412,000000,12.18,12.18,12.18,12.18,0,0
PLM_MV,D,20220413,000000,13.13,13.13,11.88,12.05,0,0
PLM_MV,D,20220414,000000,12.21,12.21,11.45,11.58,0,0
PLM_MV,D,20220419,000000,11.55,11.62,11.25,11.62,0,0
PLM_MV,D,20220420,000000,11.62,12.14,11.22,12.11,0,0
PLM_MV,D,20220421,000000,12.05,12.05,11.98,11.98,0,0
PLM_MV,D,20220422,000000,11.22,11.88,11.22,11.88,0,0
PLM_MV,D,20220425,000000,11.22,11.85,11.22,11.85,0,0
PLM_MV,D,20220426,000000,11.68,12.21,11.29,11.29,0,0
PLM_MV,D,20220427,000000,12.14,12.14,10.56,11.35,0,0
PLM_MV,D,20220429,000000,11.35,11.35,11.35,11.35,0,0
PLM_MV,D,20220502,000000,11.35,12.18,10.56,12.18,0,0
PLM_MV,D,20220504,000000,12.18,12.18,12.18,12.18,0,0
PLM_MV,D,20220505,000000,12.18,12.18,12.18,12.18,0,0
PLM_MV,D,20220506,000000,12.14,12.14,10.59,12.11,0,0
PLM_MV,D,20220509,000000,10.63,12.11,10.63,12.11,0,0
PLM_MV,D,20220513,000000,12.11,12.11,10.59,11.55,0,0
PLM_MV,D,20220520,000000,10.76,11.52,10.76,11.52,0,0
PLM_MV,D,20220526,000000,10.59,11.55,10.56,11.55,0,0
PLM_MV,D,20220601,000000,12.11,12.11,12.11,12.11,0,0
PLM_MV,D,20220603,000000,11.55,11.55,11.55,11.55,0,0
PLM_MV,D,20220607,000000,10.1,10.1,9.93,9.93,0,0
PLM_MV,D,20220608,000000,10.07,11.29,10.07,11.29,0,0
PLM_MV,D,20220610,000000,10,10.96,9.44,10.92,0,0
PLM_MV,D,20220613,000000,10.53,10.53,10.53,10.53,0,0
PLM_MV,D,20220614,000000,9.87,9.9,9.87,9.9,0,0
PLM_MV,D,20220615,000000,9.64,9.64,9.64,9.64,0,0
PLM_MV,D,20220620,000000,9.64,10.56,9.64,10.56,0,0
PLM_MV,D,20220622,000000,10.23,10.23,10.23,10.23,0,0
PLM_MV,D,20220628,000000,10.4,10.4,10.4,10.4,0,0
PLM_MV,D,20220629,000000,10.4,10.4,10.4,10.4,0,0
PLM_MV,D,20220701,000000,10.4,10.4,10.4,10.4,0,0
PLM_MV,D,20220706,000000,10.4,10.4,10.4,10.4,0,0
PLM_MV,D,20220707,000000,10.4,10.4,10.4,10.4,0,0
PLM_MV,D,20220711,000000,10.4,10.4,10.4,10.4,0,0
PLM_MV,D,20220713,000000,9.74,9.74,9.74,9.74,0,0
PLM_MV,D,20220714,000000,9.74,10.4,9.74,10.4,0,0
PLM_MV,D,20220718,000000,9.74,10.4,9.74,10.4,0,0
PLM_MV,D,20220719,000000,9.57,10.4,9.57,10.4,0,0
PLM_MV,D,20220720,000000,10.4,10.43,10.4,10.43,0,0
PLM_MV,D,20220728,000000,9.57,10.23,8.94,10.23,0,0
PLM_MV,D,20220729,000000,8.98,10.23,8.91,10.23,0,0
PLM_MV,D,20220801,000000,10.23,11.45,10.23,11.45,0,0
PLM_MV,D,20220802,000000,11.42,11.42,11.42,11.42,0,0
PLM_MV,D,20220803,000000,11.15,11.19,11.15,11.19,0,0
PLM_MV,D,20220804,000000,11.19,11.19,11.19,11.19,0,0
PLM_MV,D,20220811,000000,11.19,11.19,11.19,11.19,0,0
PLM_MV,D,20220812,000000,11.22,11.45,11.22,11.45,0,0
PLM_MV,D,20220816,000000,11.45,11.45,11.45,11.45,0,0
PLM_MV,D,20220818,000000,11.45,19.8,11.45,19.8,0,0
PLM_MV,D,20220819,000000,21.38,21.45,19.21,20,0,0
PLM_MV,D,20220822,000000,20,23.03,20,23.03,0,0
PLM_MV,D,20220823,000000,23.43,24.55,21.12,22.18,0,0
PLM_MV,D,20220824,000000,22.64,22.64,16.76,16.76,0,0
PLM_MV,D,20220825,000000,18.28,19.67,15.25,15.94,0,0
PLM_MV,D,20220826,000000,16.14,16.14,14.88,15.84,0,0
PLM_MV,D,20220829,000000,14.92,15.84,14.59,15.68,0,0
PLM_MV,D,20220830,000000,15.74,17.49,15.74,16.57,0,0
PLM_MV,D,20220831,000000,16.5,16.5,15.44,16.17,0,0
PLM_MV,D,20220901,000000,16.4,16.4,14.26,15.44,0,0
PLM_MV,D,20220902,000000,15.31,17.16,15.18,16.34,0,0
PLM_MV,D,20220905,000000,16.34,16.43,15.61,16.14,0,0
