<TICKER>,<PER>,<DATE>,<TIME>,<OPEN>,<HIGH>,<LOW>,<CLOSE>,<VOL>,<OPENINT>
UNV_MV,D,20120220,000000,5.9,5.9,5.88,5.88,0,0
UNV_MV,D,20120222,000000,4.93,7.02,4.93,7.02,0,0
UNV_MV,D,20120224,000000,7.1,7.1,7.1,7.1,0,0
UNV_MV,D,20120227,000000,8.48,8.48,8.48,8.48,0,0
UNV_MV,D,20120301,000000,8.22,8.22,7.85,7.85,0,0
UNV_MV,D,20120305,000000,6.63,6.74,6.63,6.74,0,0
UNV_MV,D,20120306,000000,5.62,6.51,5.62,6.51,0,0
UNV_MV,D,20120307,000000,7.36,7.36,7.36,7.36,0,0
UNV_MV,D,20120308,000000,5.9,6.74,5.62,5.62,0,0
UNV_MV,D,20120312,000000,6.74,6.74,5.81,5.81,0,0
UNV_MV,D,20120313,000000,6.74,6.74,5.64,5.64,0,0
UNV_MV,D,20120314,000000,6.74,6.74,6.74,6.74,0,0
UNV_MV,D,20120319,000000,6.73,6.73,6.63,6.63,0,0
UNV_MV,D,20120323,000000,5.31,6.63,5.31,6.63,0,0
UNV_MV,D,20120326,000000,6.63,6.63,6.63,6.63,0,0
UNV_MV,D,20120330,000000,6.52,6.52,6.52,6.52,0,0
UNV_MV,D,20120402,000000,5.26,5.54,5.26,5.54,0,0
UNV_MV,D,20120403,000000,5.25,5.56,5.25,5.56,0,0
UNV_MV,D,20120404,000000,4.8,5.56,4.8,5.51,0,0
UNV_MV,D,20120405,000000,5.54,5.54,5.54,5.54,0,0
UNV_MV,D,20120410,000000,6.52,6.52,6.07,6.07,0,0
UNV_MV,D,20120411,000000,6.52,6.52,6.52,6.52,0,0
UNV_MV,D,20120412,000000,6.52,6.52,6.52,6.52,0,0
UNV_MV,D,20120413,000000,6.52,6.52,6.52,6.52,0,0
UNV_MV,D,20120416,000000,5.22,5.22,5.22,5.22,0,0
UNV_MV,D,20120417,000000,5.22,5.22,4.46,4.46,0,0
UNV_MV,D,20120418,000000,4.37,4.37,4.37,4.37,0,0
UNV_MV,D,20120425,000000,3.6,4.48,3.6,4.48,0,0
UNV_MV,D,20120426,000000,4.48,4.48,4.48,4.48,0,0
UNV_MV,D,20120427,000000,4.48,4.48,4.48,4.48,0,0
UNV_MV,D,20120430,000000,4.48,4.48,4.48,4.48,0,0
UNV_MV,D,20120502,000000,4.48,4.48,4.48,4.48,0,0
UNV_MV,D,20120504,000000,4.48,4.48,4.04,4.48,0,0
UNV_MV,D,20120507,000000,4.48,4.48,4.06,4.06,0,0
UNV_MV,D,20120508,000000,4.48,4.48,4.48,4.48,0,0
UNV_MV,D,20120524,000000,5.36,5.36,5.36,5.36,0,0
UNV_MV,D,20120604,000000,4.28,4.39,4.28,4.39,0,0
UNV_MV,D,20120605,000000,5.27,5.27,5.27,5.27,0,0
UNV_MV,D,20120606,000000,5.36,5.36,4.28,4.38,0,0
UNV_MV,D,20120608,000000,5.26,5.26,5.26,5.26,0,0
UNV_MV,D,20120611,000000,5.36,5.36,4.49,4.49,0,0
UNV_MV,D,20120625,000000,3.61,4.3,3.61,4.3,0,0
UNV_MV,D,20120626,000000,4.27,4.27,4.27,4.27,0,0
UNV_MV,D,20120627,000000,4.29,4.29,4.29,4.29,0,0
UNV_MV,D,20120628,000000,4.27,4.27,3.48,3.48,0,0
UNV_MV,D,20120629,000000,3.47,4.11,3.47,3.48,0,0
UNV_MV,D,20120702,000000,4.18,4.18,4.18,4.18,0,0
UNV_MV,D,20120703,000000,4.29,4.29,4.29,4.29,0,0
UNV_MV,D,20120704,000000,4.28,4.28,4.28,4.28,0,0
UNV_MV,D,20120705,000000,4.28,4.28,4.28,4.28,0,0
UNV_MV,D,20120706,000000,4.29,4.29,4.29,4.29,0,0
UNV_MV,D,20120710,000000,4.98,4.98,4.98,4.98,0,0
UNV_MV,D,20120718,000000,4.89,5,3.99,3.99,0,0
UNV_MV,D,20120720,000000,4.49,4.79,4.49,4.79,0,0
UNV_MV,D,20120723,000000,4.91,4.91,4.91,4.91,0,0
UNV_MV,D,20120731,000000,4.78,4.85,4.78,4.85,0,0
UNV_MV,D,20120801,000000,4.71,4.71,4.71,4.71,0,0
UNV_MV,D,20120808,000000,4.65,4.65,3.75,3.75,0,0
UNV_MV,D,20120809,000000,4.49,4.49,3.62,3.62,0,0
UNV_MV,D,20120813,000000,3.93,3.93,3.93,3.93,0,0
UNV_MV,D,20120814,000000,4.71,4.71,4.71,4.71,0,0
UNV_MV,D,20120821,000000,4.61,4.61,4.61,4.61,0,0
UNV_MV,D,20120829,000000,4.66,4.66,4.66,4.66,0,0
UNV_MV,D,20120905,000000,4.66,4.7,4.66,4.7,0,0
UNV_MV,D,20120907,000000,4.81,4.81,4.81,4.81,0,0
UNV_MV,D,20120910,000000,4.61,4.78,4.36,4.36,0,0
UNV_MV,D,20120911,000000,4.54,4.54,4.49,4.49,0,0
UNV_MV,D,20120912,000000,3.6,4.16,3.6,4.16,0,0
UNV_MV,D,20120917,000000,4.66,4.66,4.66,4.66,0,0
UNV_MV,D,20120919,000000,4.49,4.49,3.73,4.48,0,0
UNV_MV,D,20120926,000000,2.81,2.81,2.81,2.81,0,0
UNV_MV,D,20120927,000000,2.25,2.81,2.25,2.25,0,0
UNV_MV,D,20120928,000000,2.25,2.81,2.08,2.81,0,0
UNV_MV,D,20121001,000000,2.79,2.79,2.24,2.24,0,0
UNV_MV,D,20121002,000000,2.25,2.25,2.25,2.25,0,0
UNV_MV,D,20121003,000000,2.25,2.25,2.25,2.25,0,0
UNV_MV,D,20121004,000000,2.25,2.25,2.25,2.25,0,0
UNV_MV,D,20121005,000000,2.25,2.25,2.22,2.22,0,0
UNV_MV,D,20121008,000000,2.22,2.22,2.22,2.22,0,0
UNV_MV,D,20121009,000000,2.22,2.22,2.22,2.22,0,0
UNV_MV,D,20121010,000000,2.22,2.22,2.22,2.22,0,0
UNV_MV,D,20121011,000000,2.22,2.22,2.22,2.22,0,0
UNV_MV,D,20121012,000000,2.22,2.22,2.22,2.22,0,0
UNV_MV,D,20121015,000000,1.69,1.69,1.69,1.69,0,0
UNV_MV,D,20121016,000000,1.8,2.02,1.35,1.63,0,0
UNV_MV,D,20121017,000000,1.13,1.13,0.91,1,0,0
UNV_MV,D,20121018,000000,1.01,1.01,0.81,0.81,0,0
UNV_MV,D,20121019,000000,0.79,0.84,0.74,0.84,0,0
UNV_MV,D,20121022,000000,0.84,1,0.84,0.9,0,0
UNV_MV,D,20121023,000000,0.87,0.97,0.87,0.97,0,0
UNV_MV,D,20121024,000000,1.1,1.1,1.1,1.1,0,0
UNV_MV,D,20121025,000000,1.21,1.21,1.15,1.15,0,0
UNV_MV,D,20121026,000000,1.17,1.17,1.17,1.17,0,0
UNV_MV,D,20121029,000000,1.16,1.16,1.15,1.16,0,0
UNV_MV,D,20121030,000000,1.16,1.17,1.16,1.17,0,0
UNV_MV,D,20121031,000000,1.15,1.46,1.15,1.3,0,0
UNV_MV,D,20121102,000000,1.34,1.45,1.13,1.21,0,0
UNV_MV,D,20121105,000000,1.27,1.27,1.27,1.27,0,0
UNV_MV,D,20121106,000000,1.2,1.2,1.2,1.2,0,0
UNV_MV,D,20121107,000000,1.18,1.18,0.79,0.91,0,0
UNV_MV,D,20121108,000000,0.79,0.91,0.73,0.82,0,0
UNV_MV,D,20121109,000000,0.82,0.97,0.82,0.97,0,0
UNV_MV,D,20121112,000000,1,1,1,1,0,0
UNV_MV,D,20121113,000000,0.98,1.01,0.81,0.97,0,0
UNV_MV,D,20121114,000000,0.97,1.16,0.94,1.12,0,0
UNV_MV,D,20121115,000000,1.12,1.28,0.96,1.01,0,0
UNV_MV,D,20121116,000000,1.19,1.19,1.19,1.19,0,0
UNV_MV,D,20121119,000000,1.19,1.19,1.19,1.19,0,0
UNV_MV,D,20121120,000000,1.1,1.1,1.1,1.1,0,0
UNV_MV,D,20121121,000000,1.1,1.1,1.1,1.1,0,0
UNV_MV,D,20121122,000000,1.04,1.04,1.04,1.04,0,0
UNV_MV,D,20121123,000000,1.09,1.09,0.84,1.07,0,0
UNV_MV,D,20121126,000000,1.07,1.07,1.07,1.07,0,0
UNV_MV,D,20121127,000000,1.1,1.1,0.85,1.04,0,0
UNV_MV,D,20121128,000000,1.09,1.09,1.04,1.09,0,0
UNV_MV,D,20121129,000000,1.03,1.03,1.03,1.03,0,0
UNV_MV,D,20121130,000000,1.03,1.03,1.03,1.03,0,0
UNV_MV,D,20121203,000000,1.03,1.03,0.9,0.9,0,0
UNV_MV,D,20121204,000000,0.8,0.92,0.72,0.88,0,0
UNV_MV,D,20121205,000000,0.92,0.92,0.92,0.92,0,0
UNV_MV,D,20121206,000000,0.91,0.91,0.74,0.9,0,0
UNV_MV,D,20121207,000000,0.9,0.92,0.9,0.92,0,0
UNV_MV,D,20121210,000000,0.79,0.91,0.79,0.91,0,0
UNV_MV,D,20121211,000000,0.91,0.91,0.64,0.84,0,0
UNV_MV,D,20121212,000000,0.84,0.91,0.67,0.78,0,0
UNV_MV,D,20121213,000000,0.82,0.82,0.64,0.82,0,0
UNV_MV,D,20121214,000000,0.82,0.83,0.82,0.83,0,0
UNV_MV,D,20121217,000000,0.79,0.79,0.79,0.79,0,0
UNV_MV,D,20121218,000000,0.82,0.82,0.82,0.82,0,0
UNV_MV,D,20121219,000000,0.83,0.84,0.7,0.7,0,0
UNV_MV,D,20121220,000000,0.82,0.83,0.57,0.62,0,0
UNV_MV,D,20121221,000000,0.72,0.72,0.62,0.72,0,0
UNV_MV,D,20121227,000000,0.73,0.79,0.64,0.79,0,0
UNV_MV,D,20121228,000000,0.79,0.79,0.79,0.79,0,0
UNV_MV,D,20130102,000000,0.94,0.94,0.93,0.93,0,0
UNV_MV,D,20130103,000000,0.87,0.87,0.87,0.87,0,0
UNV_MV,D,20130104,000000,0.87,1.03,0.87,1.01,0,0
UNV_MV,D,20130107,000000,1,1.07,0.81,1.07,0,0
UNV_MV,D,20130108,000000,0.94,0.94,0.81,0.9,0,0
UNV_MV,D,20130109,000000,0.9,0.9,0.9,0.9,0,0
UNV_MV,D,20130110,000000,0.74,0.92,0.74,0.92,0,0
UNV_MV,D,20130111,000000,0.9,0.9,0.9,0.9,0,0
UNV_MV,D,20130114,000000,0.89,0.92,0.72,0.88,0,0
UNV_MV,D,20130115,000000,0.88,0.88,0.88,0.88,0,0
UNV_MV,D,20130117,000000,0.87,0.87,0.73,0.79,0,0
UNV_MV,D,20130118,000000,0.84,0.84,0.73,0.84,0,0
UNV_MV,D,20130121,000000,0.79,1.01,0.79,1.01,0,0
UNV_MV,D,20130122,000000,1.08,1.22,1.08,1.22,0,0
UNV_MV,D,20130123,000000,1.42,1.42,1.13,1.28,0,0
UNV_MV,D,20130124,000000,1.42,1.42,1.13,1.29,0,0
UNV_MV,D,20130125,000000,1.29,1.29,1.27,1.27,0,0
UNV_MV,D,20130128,000000,1.26,1.42,1.26,1.42,0,0
UNV_MV,D,20130129,000000,1.64,1.67,1.64,1.66,0,0
UNV_MV,D,20130130,000000,1.65,1.65,1.28,1.35,0,0
UNV_MV,D,20130131,000000,1.35,1.35,0.96,1.22,0,0
UNV_MV,D,20130201,000000,1.35,1.35,1.35,1.35,0,0
UNV_MV,D,20130204,000000,1.34,1.35,1.09,1.22,0,0
UNV_MV,D,20130205,000000,1.03,1.26,1.03,1.12,0,0
UNV_MV,D,20130206,000000,1.18,1.18,1.15,1.15,0,0
UNV_MV,D,20130207,000000,1.07,1.15,0.92,1.11,0,0
UNV_MV,D,20130208,000000,1.08,1.26,0.9,1.12,0,0
UNV_MV,D,20130211,000000,0.91,1.24,0.91,1.24,0,0
UNV_MV,D,20130212,000000,1.11,1.11,1.1,1.1,0,0
UNV_MV,D,20130213,000000,0.97,1.07,0.88,0.88,0,0
UNV_MV,D,20130214,000000,1.04,1.04,0.87,1.02,0,0
UNV_MV,D,20130215,000000,1.02,1.02,0.84,0.84,0,0
UNV_MV,D,20130218,000000,0.84,0.99,0.8,0.84,0,0
UNV_MV,D,20130219,000000,0.93,0.93,0.93,0.93,0,0
UNV_MV,D,20130220,000000,0.92,0.93,0.88,0.9,0,0
UNV_MV,D,20130221,000000,0.89,0.89,0.74,0.87,0,0
UNV_MV,D,20130222,000000,0.74,1.01,0.74,1,0,0
UNV_MV,D,20130225,000000,1.18,1.18,1.15,1.15,0,0
UNV_MV,D,20130226,000000,1.15,1.16,1,1.13,0,0
UNV_MV,D,20130227,000000,1.12,1.13,0.94,1.13,0,0
UNV_MV,D,20130228,000000,0.99,1.11,0.98,1.09,0,0
UNV_MV,D,20130301,000000,1.08,1.08,1.07,1.07,0,0
UNV_MV,D,20130304,000000,1.01,1.06,1.01,1.06,0,0
UNV_MV,D,20130305,000000,1.04,1.08,0.92,1.06,0,0
UNV_MV,D,20130306,000000,1.03,1.03,0.87,0.99,0,0
UNV_MV,D,20130307,000000,0.84,0.98,0.82,0.98,0,0
UNV_MV,D,20130308,000000,0.98,1.1,0.98,1.1,0,0
UNV_MV,D,20130311,000000,1.11,1.58,1.11,1.58,0,0
UNV_MV,D,20130312,000000,1.7,1.73,1.36,1.52,0,0
UNV_MV,D,20130313,000000,1.57,1.57,1.28,1.3,0,0
UNV_MV,D,20130314,000000,1.26,1.26,1.08,1.26,0,0
UNV_MV,D,20130315,000000,1.21,1.22,1.09,1.21,0,0
UNV_MV,D,20130318,000000,1.18,1.18,0.98,1.1,0,0
UNV_MV,D,20130319,000000,1.11,1.11,1.1,1.1,0,0
UNV_MV,D,20130320,000000,1.04,1.12,1.01,1.11,0,0
UNV_MV,D,20130321,000000,1.11,1.11,0.99,1.11,0,0
UNV_MV,D,20130322,000000,1.12,1.2,1.12,1.19,0,0
UNV_MV,D,20130325,000000,1.27,1.27,1.16,1.26,0,0
UNV_MV,D,20130326,000000,1.26,1.26,1.26,1.26,0,0
UNV_MV,D,20130327,000000,1.26,1.26,1.25,1.26,0,0
UNV_MV,D,20130328,000000,1.12,1.24,1.01,1.24,0,0
UNV_MV,D,20130402,000000,1.19,1.19,1.11,1.19,0,0
UNV_MV,D,20130403,000000,1.18,1.18,1.04,1.18,0,0
UNV_MV,D,20130404,000000,1.01,1.17,0.99,1.16,0,0
UNV_MV,D,20130405,000000,1.15,1.15,1.01,1.11,0,0
UNV_MV,D,20130408,000000,1.1,1.1,1.1,1.1,0,0
UNV_MV,D,20130409,000000,1.1,1.1,1.1,1.1,0,0
UNV_MV,D,20130410,000000,1.15,1.15,1.15,1.15,0,0
UNV_MV,D,20130411,000000,1.15,1.15,0.96,1.15,0,0
UNV_MV,D,20130412,000000,1.11,1.11,0.96,1.11,0,0
UNV_MV,D,20130415,000000,1.1,1.1,1.1,1.1,0,0
UNV_MV,D,20130417,000000,1.1,1.1,1.1,1.1,0,0
UNV_MV,D,20130418,000000,1.1,1.1,0.96,1.1,0,0
UNV_MV,D,20130419,000000,1.07,1.07,1.07,1.07,0,0
UNV_MV,D,20130422,000000,1.04,1.04,0.98,1.04,0,0
UNV_MV,D,20130423,000000,1.03,1.03,0.9,0.99,0,0
UNV_MV,D,20130424,000000,0.99,1,0.99,1,0,0
UNV_MV,D,20130425,000000,1,1.1,0.96,1.1,0,0
UNV_MV,D,20130426,000000,1.07,1.09,1.07,1.09,0,0
UNV_MV,D,20130429,000000,1.06,1.09,1.01,1.07,0,0
UNV_MV,D,20130430,000000,1.06,1.09,0.9,1.06,0,0
UNV_MV,D,20130502,000000,1.01,1.06,1.01,1.06,0,0
UNV_MV,D,20130506,000000,1.06,1.06,1.06,1.06,0,0
UNV_MV,D,20130507,000000,1.06,1.06,1.06,1.06,0,0
UNV_MV,D,20130508,000000,1.06,1.06,0.91,0.99,0,0
UNV_MV,D,20130509,000000,1.01,1.01,0.9,1.01,0,0
UNV_MV,D,20130510,000000,1,1,1,1,0,0
UNV_MV,D,20130513,000000,1,1,1,1,0,0
UNV_MV,D,20130514,000000,0.98,1.01,0.93,1.01,0,0
UNV_MV,D,20130515,000000,1,1,0.91,1,0,0
UNV_MV,D,20130516,000000,1,1,0.92,1,0,0
UNV_MV,D,20130517,000000,1,1,1,1,0,0
UNV_MV,D,20130520,000000,0.98,0.98,0.9,0.98,0,0
UNV_MV,D,20130521,000000,0.96,0.96,0.93,0.96,0,0
UNV_MV,D,20130522,000000,0.94,0.94,0.94,0.94,0,0
UNV_MV,D,20130523,000000,0.94,0.94,0.94,0.94,0,0
UNV_MV,D,20130524,000000,0.93,0.94,0.93,0.94,0,0
UNV_MV,D,20130527,000000,0.94,1.11,0.94,1.09,0,0
UNV_MV,D,20130528,000000,1.03,1.21,1.03,1.15,0,0
UNV_MV,D,20130529,000000,1.02,1.17,1.01,1.15,0,0
UNV_MV,D,20130531,000000,1.12,1.31,0.98,1.3,0,0
UNV_MV,D,20130603,000000,1.3,1.31,1.21,1.27,0,0
UNV_MV,D,20130604,000000,1.1,1.26,1.09,1.15,0,0
UNV_MV,D,20130605,000000,1.22,1.24,1.01,1.24,0,0
UNV_MV,D,20130606,000000,1.24,1.24,1.24,1.24,0,0
UNV_MV,D,20130607,000000,1.24,1.3,1.24,1.3,0,0
UNV_MV,D,20130610,000000,1.31,1.33,1.31,1.33,0,0
UNV_MV,D,20130611,000000,1.33,1.4,1.33,1.4,0,0
UNV_MV,D,20130612,000000,1.4,1.4,1.4,1.4,0,0
UNV_MV,D,20130613,000000,1.39,1.39,1.29,1.39,0,0
UNV_MV,D,20130614,000000,1.35,1.35,1.35,1.35,0,0
UNV_MV,D,20130617,000000,1.35,1.35,1.35,1.35,0,0
UNV_MV,D,20130618,000000,1.35,1.35,1.34,1.34,0,0
UNV_MV,D,20130619,000000,1.33,1.33,1.33,1.33,0,0
UNV_MV,D,20130620,000000,1.33,1.33,1.33,1.33,0,0
UNV_MV,D,20130621,000000,1.33,1.33,1.33,1.33,0,0
UNV_MV,D,20130624,000000,1.07,1.28,1.07,1.28,0,0
UNV_MV,D,20130625,000000,1.08,1.29,1.08,1.29,0,0
UNV_MV,D,20130626,000000,1.33,1.33,1.33,1.33,0,0
UNV_MV,D,20130627,000000,1.33,1.33,1.33,1.33,0,0
UNV_MV,D,20130628,000000,1.33,1.33,1.1,1.33,0,0
UNV_MV,D,20130701,000000,1.33,1.33,1.33,1.33,0,0
UNV_MV,D,20130702,000000,1.07,1.28,1.07,1.28,0,0
UNV_MV,D,20130703,000000,1.33,1.33,1.33,1.33,0,0
UNV_MV,D,20130704,000000,1.33,1.33,1.33,1.33,0,0
UNV_MV,D,20130705,000000,1.31,1.31,1.31,1.31,0,0
UNV_MV,D,20130708,000000,1.31,1.31,1.31,1.31,0,0
UNV_MV,D,20130709,000000,1.29,1.29,1.29,1.29,0,0
UNV_MV,D,20130710,000000,1.29,1.29,1.29,1.29,0,0
UNV_MV,D,20130711,000000,1.29,1.29,1.29,1.29,0,0
UNV_MV,D,20130712,000000,1.25,1.25,1.25,1.25,0,0
UNV_MV,D,20130715,000000,1.25,1.25,1.24,1.25,0,0
UNV_MV,D,20130717,000000,1.18,1.18,1.18,1.18,0,0
UNV_MV,D,20130719,000000,1.18,1.18,1.18,1.18,0,0
UNV_MV,D,20130722,000000,1.18,1.18,1.18,1.18,0,0
UNV_MV,D,20130723,000000,1.18,1.18,1.18,1.18,0,0
UNV_MV,D,20130724,000000,1.18,1.18,1.18,1.18,0,0
UNV_MV,D,20130725,000000,1.18,1.18,1.18,1.18,0,0
UNV_MV,D,20130726,000000,1.18,1.18,1.18,1.18,0,0
UNV_MV,D,20130729,000000,1.29,1.29,1.29,1.29,0,0
UNV_MV,D,20130730,000000,1.21,1.21,1.21,1.21,0,0
UNV_MV,D,20130731,000000,1.21,1.21,1.21,1.21,0,0
UNV_MV,D,20130801,000000,1.21,1.21,1.21,1.21,0,0
UNV_MV,D,20130802,000000,1.21,1.21,1.21,1.21,0,0
UNV_MV,D,20130805,000000,1.21,1.21,1.21,1.21,0,0
UNV_MV,D,20130806,000000,1.06,1.21,1.06,1.21,0,0
UNV_MV,D,20130807,000000,1.21,1.21,1.21,1.21,0,0
UNV_MV,D,20130808,000000,1.21,1.21,1.21,1.21,0,0
UNV_MV,D,20130809,000000,1.04,1.21,1.04,1.21,0,0
UNV_MV,D,20130812,000000,1.21,1.21,1.21,1.21,0,0
UNV_MV,D,20130813,000000,1.21,1.21,1.21,1.21,0,0
UNV_MV,D,20130814,000000,1.21,1.21,1.21,1.21,0,0
UNV_MV,D,20130816,000000,1.21,1.21,1.21,1.21,0,0
UNV_MV,D,20130819,000000,1.21,1.21,1.21,1.21,0,0
UNV_MV,D,20130820,000000,1.21,1.21,1.21,1.21,0,0
UNV_MV,D,20130821,000000,1.21,1.21,1.21,1.21,0,0
UNV_MV,D,20130822,000000,1.21,1.21,1.21,1.21,0,0
UNV_MV,D,20130826,000000,1.13,1.21,1.13,1.21,0,0
UNV_MV,D,20130827,000000,1.21,1.21,1.21,1.21,0,0
UNV_MV,D,20130828,000000,1.21,1.21,1.21,1.21,0,0
UNV_MV,D,20130829,000000,1.21,1.21,1.21,1.21,0,0
UNV_MV,D,20130830,000000,1.21,1.21,1.21,1.21,0,0
UNV_MV,D,20130902,000000,1.21,1.21,1.21,1.21,0,0
UNV_MV,D,20130903,000000,1.21,1.21,1.04,1.18,0,0
UNV_MV,D,20130904,000000,1.18,1.18,1.18,1.18,0,0
UNV_MV,D,20130905,000000,1.18,1.19,1.04,1.19,0,0
UNV_MV,D,20130906,000000,1.21,1.21,1.21,1.21,0,0
UNV_MV,D,20130909,000000,1.21,1.21,1.21,1.21,0,0
UNV_MV,D,20130910,000000,1.21,1.21,1.21,1.21,0,0
UNV_MV,D,20130911,000000,1.2,1.2,1.2,1.2,0,0
UNV_MV,D,20130912,000000,1.2,1.2,1.2,1.2,0,0
UNV_MV,D,20130913,000000,1.2,1.2,1.2,1.2,0,0
UNV_MV,D,20130916,000000,1.2,1.2,1.04,1.04,0,0
UNV_MV,D,20130917,000000,1.2,1.2,1.2,1.2,0,0
UNV_MV,D,20130918,000000,1.19,1.19,1.19,1.19,0,0
UNV_MV,D,20130919,000000,1.19,1.19,1.19,1.19,0,0
UNV_MV,D,20130920,000000,1.19,1.19,1.19,1.19,0,0
UNV_MV,D,20130923,000000,1.19,1.19,1.19,1.19,0,0
UNV_MV,D,20130924,000000,1.19,1.19,1.19,1.19,0,0
UNV_MV,D,20130925,000000,1.19,1.19,1.19,1.19,0,0
UNV_MV,D,20130926,000000,1.19,1.19,1.19,1.19,0,0
UNV_MV,D,20130927,000000,1.19,1.19,1.19,1.19,0,0
UNV_MV,D,20130930,000000,1.19,1.19,1.19,1.19,0,0
UNV_MV,D,20131001,000000,1.19,1.19,1.19,1.19,0,0
UNV_MV,D,20131002,000000,1.19,1.19,1.19,1.19,0,0
UNV_MV,D,20131003,000000,1.19,1.19,1.19,1.19,0,0
UNV_MV,D,20131004,000000,1.19,1.19,1.19,1.19,0,0
UNV_MV,D,20131007,000000,1.19,1.19,1.19,1.19,0,0
UNV_MV,D,20131008,000000,1.19,1.19,1.19,1.19,0,0
UNV_MV,D,20131009,000000,1.17,1.17,1.17,1.17,0,0
UNV_MV,D,20131010,000000,1.17,1.17,1.17,1.17,0,0
UNV_MV,D,20131011,000000,1.17,1.17,1.17,1.17,0,0
UNV_MV,D,20131014,000000,1.17,1.17,1.17,1.17,0,0
UNV_MV,D,20131015,000000,1.17,1.17,1.17,1.17,0,0
UNV_MV,D,20131016,000000,1.19,1.19,1.19,1.19,0,0
UNV_MV,D,20131017,000000,1.19,1.19,1.19,1.19,0,0
UNV_MV,D,20131018,000000,1.19,1.19,1.19,1.19,0,0
UNV_MV,D,20131021,000000,1.16,1.16,1.16,1.16,0,0
UNV_MV,D,20131022,000000,1.16,1.16,1.16,1.16,0,0
UNV_MV,D,20131023,000000,1.11,1.11,1.11,1.11,0,0
UNV_MV,D,20131024,000000,1.11,1.11,0.98,1.11,0,0
UNV_MV,D,20131025,000000,1.11,1.11,0.99,1.1,0,0
UNV_MV,D,20131028,000000,1.11,1.11,0.98,1.11,0,0
UNV_MV,D,20131029,000000,1.11,1.11,1.11,1.11,0,0
UNV_MV,D,20131030,000000,1.11,1.11,1.11,1.11,0,0
UNV_MV,D,20131031,000000,1.11,1.11,0.98,1.11,0,0
UNV_MV,D,20131104,000000,1.11,1.11,0.96,1.11,0,0
UNV_MV,D,20131105,000000,1.11,1.11,1.11,1.11,0,0
UNV_MV,D,20131106,000000,1.19,1.19,1.15,1.15,0,0
UNV_MV,D,20131107,000000,1.15,1.15,1.15,1.15,0,0
UNV_MV,D,20131108,000000,1.15,1.15,1.15,1.15,0,0
UNV_MV,D,20131112,000000,1.15,1.15,1.15,1.15,0,0
UNV_MV,D,20131113,000000,1.15,1.15,1.15,1.15,0,0
UNV_MV,D,20131114,000000,1.12,1.15,1.12,1.15,0,0
UNV_MV,D,20131115,000000,1.15,1.15,1.15,1.15,0,0
UNV_MV,D,20131118,000000,1.15,1.15,0.92,1.15,0,0
UNV_MV,D,20131119,000000,1.15,1.15,1.15,1.15,0,0
UNV_MV,D,20131120,000000,1.15,1.15,1.15,1.15,0,0
UNV_MV,D,20131121,000000,1.15,1.15,1.15,1.15,0,0
UNV_MV,D,20131125,000000,1.12,1.12,1.12,1.12,0,0
UNV_MV,D,20131126,000000,1.12,1.12,1.12,1.12,0,0
UNV_MV,D,20131127,000000,1.12,1.12,1.12,1.12,0,0
UNV_MV,D,20131128,000000,1.12,1.12,1.12,1.12,0,0
UNV_MV,D,20131129,000000,1.12,1.12,1.12,1.12,0,0
UNV_MV,D,20131202,000000,1.11,1.11,1.11,1.11,0,0
UNV_MV,D,20131203,000000,1.11,1.11,0.76,1.08,0,0
UNV_MV,D,20131204,000000,1.1,1.1,1.1,1.1,0,0
UNV_MV,D,20131205,000000,1.1,1.1,1.1,1.1,0,0
UNV_MV,D,20131206,000000,1.1,1.17,0.99,1.17,0,0
UNV_MV,D,20131209,000000,1.2,1.29,1.18,1.29,0,0
UNV_MV,D,20131210,000000,1.29,1.29,1.29,1.29,0,0
UNV_MV,D,20131211,000000,1.29,1.29,1.24,1.28,0,0
UNV_MV,D,20131216,000000,1.03,1.24,1.03,1.24,0,0
UNV_MV,D,20131217,000000,1.28,1.28,1.27,1.27,0,0
UNV_MV,D,20131218,000000,1.28,1.28,1.27,1.27,0,0
UNV_MV,D,20131219,000000,1.29,1.29,1.27,1.29,0,0
UNV_MV,D,20131220,000000,1.29,1.29,1.29,1.29,0,0
UNV_MV,D,20131223,000000,1.29,1.29,1.29,1.29,0,0
UNV_MV,D,20131227,000000,1.29,1.33,1.24,1.33,0,0
UNV_MV,D,20131230,000000,1.33,1.33,1.31,1.31,0,0
UNV_MV,D,20140102,000000,1.52,1.52,1.49,1.49,0,0
UNV_MV,D,20140103,000000,1.46,1.46,1.46,1.46,0,0
UNV_MV,D,20140107,000000,1.46,1.46,1.46,1.46,0,0
UNV_MV,D,20140108,000000,1.46,1.46,1.46,1.46,0,0
UNV_MV,D,20140109,000000,1.46,1.46,1.46,1.46,0,0
UNV_MV,D,20140110,000000,1.46,1.46,1.46,1.46,0,0
UNV_MV,D,20140113,000000,1.45,1.45,0.96,1.18,0,0
UNV_MV,D,20140114,000000,1.18,1.22,0.94,1.22,0,0
UNV_MV,D,20140115,000000,1.17,1.17,0.93,1.08,0,0
UNV_MV,D,20140116,000000,1.08,1.08,1.07,1.07,0,0
UNV_MV,D,20140117,000000,1.07,1.07,1.07,1.07,0,0
UNV_MV,D,20140120,000000,1.08,1.08,1.08,1.08,0,0
UNV_MV,D,20140121,000000,1.08,1.08,1.08,1.08,0,0
UNV_MV,D,20140122,000000,1.09,1.09,1.08,1.08,0,0
UNV_MV,D,20140123,000000,1.08,1.08,0.87,1.08,0,0
UNV_MV,D,20140124,000000,1.08,1.24,1.08,1.24,0,0
UNV_MV,D,20140127,000000,1.4,1.4,1.4,1.4,0,0
UNV_MV,D,20140128,000000,1.35,1.45,1.09,1.45,0,0
UNV_MV,D,20140129,000000,1.46,1.46,1.46,1.46,0,0
UNV_MV,D,20140130,000000,1.45,1.45,1.45,1.45,0,0
UNV_MV,D,20140131,000000,1.45,1.45,1.45,1.45,0,0
UNV_MV,D,20140203,000000,1.46,1.46,1.46,1.46,0,0
UNV_MV,D,20140204,000000,1.46,1.46,1.46,1.46,0,0
UNV_MV,D,20140205,000000,1.46,1.46,1.46,1.46,0,0
UNV_MV,D,20140206,000000,1.44,1.44,1.44,1.44,0,0
UNV_MV,D,20140207,000000,1.44,1.44,1.44,1.44,0,0
UNV_MV,D,20140210,000000,1.46,1.46,1.46,1.46,0,0
UNV_MV,D,20140211,000000,1.46,1.46,1.46,1.46,0,0
UNV_MV,D,20140212,000000,1.45,1.45,1.45,1.45,0,0
UNV_MV,D,20140213,000000,1.45,1.45,1.45,1.45,0,0
UNV_MV,D,20140214,000000,1.45,1.45,1.45,1.45,0,0
UNV_MV,D,20140217,000000,1.45,1.45,1.45,1.45,0,0
UNV_MV,D,20140218,000000,1.45,1.45,1.45,1.45,0,0
UNV_MV,D,20140219,000000,1.45,1.45,1.45,1.45,0,0
UNV_MV,D,20140220,000000,1.45,1.45,1.45,1.45,0,0
UNV_MV,D,20140221,000000,1.45,1.45,1.45,1.45,0,0
UNV_MV,D,20140224,000000,1.45,1.45,1.45,1.45,0,0
UNV_MV,D,20140225,000000,1.45,1.45,1.45,1.45,0,0
UNV_MV,D,20140226,000000,1.45,1.45,1.45,1.45,0,0
UNV_MV,D,20140227,000000,1.45,1.45,1.44,1.45,0,0
UNV_MV,D,20140228,000000,1.45,1.45,1.04,1.39,0,0
UNV_MV,D,20140303,000000,1.45,1.45,1.17,1.44,0,0
UNV_MV,D,20140304,000000,1.44,1.44,1.43,1.43,0,0
UNV_MV,D,20140305,000000,1.43,1.43,1.43,1.43,0,0
UNV_MV,D,20140306,000000,1.43,1.43,1.43,1.43,0,0
UNV_MV,D,20140307,000000,1.43,1.43,1.43,1.43,0,0
UNV_MV,D,20140310,000000,1.43,1.43,1.43,1.43,0,0
UNV_MV,D,20140311,000000,1.43,1.43,1.42,1.42,0,0
UNV_MV,D,20140312,000000,1.42,1.42,1.42,1.42,0,0
UNV_MV,D,20140313,000000,1.37,1.37,1.37,1.37,0,0
UNV_MV,D,20140314,000000,1.37,1.37,1.37,1.37,0,0
UNV_MV,D,20140317,000000,1.37,1.37,1.37,1.37,0,0
UNV_MV,D,20140318,000000,1.37,1.37,1.37,1.37,0,0
UNV_MV,D,20140319,000000,1.37,1.37,1,1.33,0,0
UNV_MV,D,20140320,000000,1.33,1.33,1.33,1.33,0,0
UNV_MV,D,20140321,000000,1.33,1.33,1.33,1.33,0,0
UNV_MV,D,20140324,000000,1.33,1.33,1.33,1.33,0,0
UNV_MV,D,20140325,000000,1.33,1.33,1.33,1.33,0,0
UNV_MV,D,20140326,000000,1.33,1.33,1.33,1.33,0,0
UNV_MV,D,20140327,000000,1.29,1.29,1.29,1.29,0,0
UNV_MV,D,20140328,000000,1.28,1.37,1.28,1.37,0,0
UNV_MV,D,20140331,000000,1.37,1.37,1.37,1.37,0,0
UNV_MV,D,20140401,000000,1.37,1.37,1.37,1.37,0,0
UNV_MV,D,20140402,000000,1.37,1.37,1.37,1.37,0,0
UNV_MV,D,20140403,000000,1.37,1.37,1.37,1.37,0,0
UNV_MV,D,20140404,000000,1.37,1.37,1.37,1.37,0,0
UNV_MV,D,20140407,000000,1.37,1.37,1.37,1.37,0,0
UNV_MV,D,20140408,000000,1.37,1.37,1.37,1.37,0,0
UNV_MV,D,20140409,000000,1.37,1.37,1.37,1.37,0,0
UNV_MV,D,20140410,000000,1.02,1.22,1.02,1.22,0,0
UNV_MV,D,20140414,000000,1.21,1.21,1.21,1.21,0,0
UNV_MV,D,20140415,000000,1.21,1.21,1.21,1.21,0,0
UNV_MV,D,20140416,000000,1.21,1.21,1.21,1.21,0,0
UNV_MV,D,20140417,000000,1.21,1.21,1.21,1.21,0,0
UNV_MV,D,20140422,000000,1.21,1.21,1.21,1.21,0,0
UNV_MV,D,20140423,000000,1.21,1.21,1.21,1.21,0,0
UNV_MV,D,20140424,000000,1.21,1.21,1.21,1.21,0,0
UNV_MV,D,20140425,000000,1.29,1.29,1.29,1.29,0,0
UNV_MV,D,20140428,000000,1.29,1.29,1.24,1.24,0,0
UNV_MV,D,20140429,000000,1.24,1.24,1.24,1.24,0,0
UNV_MV,D,20140430,000000,1.24,1.29,1.12,1.29,0,0
UNV_MV,D,20140502,000000,1.29,1.29,1.29,1.29,0,0
UNV_MV,D,20140505,000000,1.29,1.29,1.29,1.29,0,0
UNV_MV,D,20140506,000000,1.29,1.29,1.29,1.29,0,0
UNV_MV,D,20140507,000000,1.29,1.29,1.29,1.29,0,0
UNV_MV,D,20140508,000000,1.29,1.29,1.29,1.29,0,0
UNV_MV,D,20140509,000000,1.29,1.29,1.29,1.29,0,0
UNV_MV,D,20140512,000000,1.28,1.28,1.28,1.28,0,0
UNV_MV,D,20140513,000000,1.28,1.28,1.28,1.28,0,0
UNV_MV,D,20140514,000000,1.07,1.28,1.07,1.28,0,0
UNV_MV,D,20140515,000000,1.28,1.28,1.28,1.28,0,0
UNV_MV,D,20140516,000000,1.28,1.28,1.28,1.28,0,0
UNV_MV,D,20140519,000000,1.28,1.28,1.28,1.28,0,0
UNV_MV,D,20140520,000000,1.28,1.28,1.28,1.28,0,0
UNV_MV,D,20140521,000000,1.28,1.28,1.28,1.28,0,0
UNV_MV,D,20140522,000000,1.28,1.28,1.28,1.28,0,0
UNV_MV,D,20140523,000000,1.28,1.28,1.28,1.28,0,0
UNV_MV,D,20140526,000000,1.28,1.28,1.28,1.28,0,0
UNV_MV,D,20140527,000000,1.28,1.28,1.28,1.28,0,0
UNV_MV,D,20140528,000000,1.28,1.28,1.28,1.28,0,0
UNV_MV,D,20140529,000000,1.28,1.28,1.28,1.28,0,0
UNV_MV,D,20140530,000000,1.28,1.28,1.28,1.28,0,0
UNV_MV,D,20140602,000000,1.28,1.28,1.28,1.28,0,0
UNV_MV,D,20140603,000000,1.28,1.28,1.28,1.28,0,0
UNV_MV,D,20140604,000000,1.28,1.28,1.28,1.28,0,0
UNV_MV,D,20140605,000000,1.28,1.28,1.28,1.28,0,0
UNV_MV,D,20140606,000000,1.28,1.28,1.28,1.28,0,0
UNV_MV,D,20140609,000000,1.28,1.28,1.27,1.27,0,0
UNV_MV,D,20140610,000000,1.27,1.27,1.27,1.27,0,0
UNV_MV,D,20140611,000000,1.27,1.27,1.27,1.27,0,0
UNV_MV,D,20140612,000000,1.26,1.26,1.26,1.26,0,0
UNV_MV,D,20140613,000000,1.26,1.26,1.26,1.26,0,0
UNV_MV,D,20140616,000000,1.28,1.28,1.28,1.28,0,0
UNV_MV,D,20140617,000000,1.24,1.28,1.24,1.28,0,0
UNV_MV,D,20140618,000000,1.28,1.28,1.28,1.28,0,0
UNV_MV,D,20140620,000000,1.28,1.28,1.28,1.28,0,0
UNV_MV,D,20140623,000000,1.28,1.28,1.28,1.28,0,0
UNV_MV,D,20140624,000000,1.28,1.28,1.03,1.08,0,0
UNV_MV,D,20140625,000000,1.26,1.26,1.26,1.26,0,0
UNV_MV,D,20140626,000000,1.26,1.26,1.26,1.26,0,0
UNV_MV,D,20140627,000000,1.26,1.26,1.26,1.26,0,0
UNV_MV,D,20140630,000000,1.26,1.26,0.94,1.26,0,0
UNV_MV,D,20140701,000000,1.26,1.26,1.26,1.26,0,0
UNV_MV,D,20140702,000000,1.26,1.26,1.26,1.26,0,0
UNV_MV,D,20140703,000000,1.26,1.26,1.26,1.26,0,0
UNV_MV,D,20140704,000000,1.26,1.26,1.26,1.26,0,0
UNV_MV,D,20140707,000000,1.26,1.26,1.26,1.26,0,0
UNV_MV,D,20140708,000000,1.26,1.26,1.26,1.26,0,0
UNV_MV,D,20140709,000000,1.26,1.26,1.26,1.26,0,0
UNV_MV,D,20140710,000000,1.26,1.26,1.26,1.26,0,0
UNV_MV,D,20140711,000000,1.26,1.26,1.26,1.26,0,0
UNV_MV,D,20140714,000000,1.26,1.26,1.26,1.26,0,0
UNV_MV,D,20140715,000000,1.25,1.25,1.25,1.25,0,0
UNV_MV,D,20140716,000000,1.26,1.26,1.26,1.26,0,0
UNV_MV,D,20140717,000000,1.26,1.26,1.26,1.26,0,0
UNV_MV,D,20140718,000000,1.26,1.26,1.26,1.26,0,0
UNV_MV,D,20140721,000000,1.26,1.26,1.26,1.26,0,0
UNV_MV,D,20140722,000000,1.25,1.25,1.25,1.25,0,0
UNV_MV,D,20140723,000000,1.24,1.24,1.24,1.24,0,0
UNV_MV,D,20140724,000000,1.24,1.24,1.24,1.24,0,0
UNV_MV,D,20140725,000000,1.24,1.24,1.24,1.24,0,0
UNV_MV,D,20140728,000000,1.24,1.24,1.24,1.24,0,0
UNV_MV,D,20140729,000000,1.24,1.24,1.24,1.24,0,0
UNV_MV,D,20140730,000000,1.24,1.24,1.24,1.24,0,0
UNV_MV,D,20140731,000000,1.24,1.24,1.24,1.24,0,0
UNV_MV,D,20140801,000000,1.24,1.24,1.24,1.24,0,0
UNV_MV,D,20140804,000000,1.24,1.24,1.24,1.24,0,0
UNV_MV,D,20140805,000000,1.24,1.24,1.24,1.24,0,0
UNV_MV,D,20140806,000000,1.24,1.24,1.24,1.24,0,0
UNV_MV,D,20140807,000000,1.24,1.24,1.24,1.24,0,0
UNV_MV,D,20140808,000000,1.24,1.24,1.24,1.24,0,0
UNV_MV,D,20140811,000000,1.24,1.24,1.24,1.24,0,0
UNV_MV,D,20140812,000000,1.24,1.24,1.24,1.24,0,0
UNV_MV,D,20140813,000000,1.24,1.24,1.24,1.24,0,0
UNV_MV,D,20140814,000000,1.24,1.24,1.24,1.24,0,0
UNV_MV,D,20140818,000000,1.24,1.24,1.24,1.24,0,0
UNV_MV,D,20140819,000000,1.24,1.24,1.24,1.24,0,0
UNV_MV,D,20140820,000000,1.24,1.24,1.24,1.24,0,0
UNV_MV,D,20140821,000000,1.24,1.24,1.24,1.24,0,0
UNV_MV,D,20140822,000000,1.24,1.24,1.24,1.24,0,0
UNV_MV,D,20140825,000000,1.24,1.24,0.99,1.24,0,0
UNV_MV,D,20140826,000000,1.24,1.24,1.24,1.24,0,0
UNV_MV,D,20140827,000000,1.24,1.24,1.24,1.24,0,0
UNV_MV,D,20140828,000000,1.24,1.24,1.24,1.24,0,0
UNV_MV,D,20140829,000000,1.24,1.24,1.24,1.24,0,0
UNV_MV,D,20140901,000000,1.24,1.24,1.24,1.24,0,0
UNV_MV,D,20140902,000000,1.24,1.24,1.24,1.24,0,0
UNV_MV,D,20140903,000000,1.24,1.24,1.24,1.24,0,0
UNV_MV,D,20140904,000000,1.24,1.24,1.24,1.24,0,0
UNV_MV,D,20140905,000000,1.24,1.24,1.24,1.24,0,0
UNV_MV,D,20140908,000000,1.24,1.24,1.24,1.24,0,0
UNV_MV,D,20140909,000000,1.24,1.24,1.24,1.24,0,0
UNV_MV,D,20140910,000000,1.24,1.24,1.24,1.24,0,0
UNV_MV,D,20140911,000000,1.18,1.28,0.94,1.28,0,0
UNV_MV,D,20140912,000000,1.28,1.28,1.08,1.28,0,0
UNV_MV,D,20140915,000000,1.28,1.28,1.27,1.27,0,0
UNV_MV,D,20140916,000000,1.27,1.27,1.27,1.27,0,0
UNV_MV,D,20140917,000000,1.27,1.27,1.27,1.27,0,0
UNV_MV,D,20140918,000000,1.27,1.27,1.27,1.27,0,0
UNV_MV,D,20140919,000000,1.27,1.27,1.27,1.27,0,0
UNV_MV,D,20140922,000000,1.27,1.27,1.27,1.27,0,0
UNV_MV,D,20140923,000000,1.26,1.26,1.26,1.26,0,0
UNV_MV,D,20140924,000000,1.26,1.26,1.26,1.26,0,0
UNV_MV,D,20140925,000000,1.24,1.24,1.24,1.24,0,0
UNV_MV,D,20140926,000000,1.26,1.26,1.26,1.26,0,0
UNV_MV,D,20140929,000000,1.26,1.48,1.26,1.48,0,0
UNV_MV,D,20140930,000000,1.52,1.78,1.46,1.78,0,0
UNV_MV,D,20141001,000000,1.69,1.69,1.57,1.69,0,0
UNV_MV,D,20141002,000000,1.69,2.01,1.69,2.01,0,0
UNV_MV,D,20141003,000000,2,2,1.71,2,0,0
UNV_MV,D,20141006,000000,2,2.35,2,2.35,0,0
UNV_MV,D,20141007,000000,2.35,2.35,2.35,2.35,0,0
UNV_MV,D,20141008,000000,2.24,2.49,2.24,2.49,0,0
UNV_MV,D,20141009,000000,2.42,2.42,1.93,2.35,0,0
UNV_MV,D,20141010,000000,2.31,2.31,2.31,2.31,0,0
UNV_MV,D,20141013,000000,2.22,2.22,2.22,2.22,0,0
UNV_MV,D,20141014,000000,2.09,2.24,2.09,2.24,0,0
UNV_MV,D,20141015,000000,2.22,2.22,2.22,2.22,0,0
UNV_MV,D,20141016,000000,2.22,2.22,2.22,2.22,0,0
UNV_MV,D,20141017,000000,2.22,2.22,2.22,2.22,0,0
UNV_MV,D,20141020,000000,2.22,2.22,2.22,2.22,0,0
UNV_MV,D,20141021,000000,2.22,2.47,1.79,2.24,0,0
UNV_MV,D,20141022,000000,2.47,2.47,2.47,2.47,0,0
UNV_MV,D,20141023,000000,2.47,2.47,2.47,2.47,0,0
UNV_MV,D,20141024,000000,2.47,2.47,2.47,2.47,0,0
UNV_MV,D,20141027,000000,2.35,2.35,2.35,2.35,0,0
UNV_MV,D,20141029,000000,2.47,2.47,2.47,2.47,0,0
UNV_MV,D,20141030,000000,2.26,2.71,2.26,2.71,0,0
UNV_MV,D,20141031,000000,3.25,3.35,2.19,2.19,0,0
UNV_MV,D,20141103,000000,2.24,2.67,2.24,2.67,0,0
UNV_MV,D,20141104,000000,2.79,2.79,2.79,2.79,0,0
UNV_MV,D,20141106,000000,3.34,3.34,3.34,3.34,0,0
UNV_MV,D,20141107,000000,3.3,3.3,2.65,2.65,0,0
UNV_MV,D,20141110,000000,3.09,3.09,3.09,3.09,0,0
UNV_MV,D,20141113,000000,2.47,2.47,2.47,2.47,0,0
UNV_MV,D,20141114,000000,2.97,3.08,2.97,3.08,0,0
UNV_MV,D,20141118,000000,3.08,3.08,3.08,3.08,0,0
UNV_MV,D,20141121,000000,2.47,2.47,2.47,2.47,0,0
UNV_MV,D,20141124,000000,2.47,2.96,2.02,2.96,0,0
UNV_MV,D,20141125,000000,2.96,2.96,2.94,2.94,0,0
UNV_MV,D,20141126,000000,2.93,2.93,2.93,2.93,0,0
UNV_MV,D,20141127,000000,2.9,2.9,2.9,2.9,0,0
UNV_MV,D,20141128,000000,2.9,2.9,2.9,2.9,0,0
UNV_MV,D,20141201,000000,2.9,2.9,2.9,2.9,0,0
UNV_MV,D,20141202,000000,2.8,2.8,2.8,2.8,0,0
UNV_MV,D,20141203,000000,2.93,2.93,2.93,2.93,0,0
UNV_MV,D,20141204,000000,2.93,2.93,2.93,2.93,0,0
UNV_MV,D,20141209,000000,2.93,3.31,2.93,3.31,0,0
UNV_MV,D,20150109,000000,2.65,2.65,2.65,2.65,0,0
UNV_MV,D,20150113,000000,2.57,3.08,2.57,3.08,0,0
UNV_MV,D,20150114,000000,2.8,3.26,2.8,3.08,0,0
UNV_MV,D,20150120,000000,3.15,3.15,3.15,3.15,0,0
UNV_MV,D,20150121,000000,2.91,2.91,2.91,2.91,0,0
UNV_MV,D,20150122,000000,2.2,2.63,2.2,2.63,0,0
UNV_MV,D,20150123,000000,2.58,3.1,2.58,3.1,0,0
UNV_MV,D,20150126,000000,3.13,3.15,2.58,3.15,0,0
UNV_MV,D,20150127,000000,3.15,3.15,3.15,3.15,0,0
UNV_MV,D,20150128,000000,3.02,3.02,3.02,3.02,0,0
UNV_MV,D,20150129,000000,2.43,2.91,2.43,2.91,0,0
UNV_MV,D,20150130,000000,3.26,3.26,3.26,3.26,0,0
UNV_MV,D,20150202,000000,3.15,3.15,2.98,2.98,0,0
UNV_MV,D,20150203,000000,3.15,3.15,3.15,3.15,0,0
UNV_MV,D,20150204,000000,3.15,3.15,2.98,3.15,0,0
UNV_MV,D,20150205,000000,3.15,3.15,3.15,3.15,0,0
UNV_MV,D,20150206,000000,3.15,3.15,3.15,3.15,0,0
UNV_MV,D,20150209,000000,2.98,2.98,2.98,2.98,0,0
UNV_MV,D,20150210,000000,3.26,3.26,3.26,3.26,0,0
UNV_MV,D,20150211,000000,3.07,3.07,3.07,3.07,0,0
UNV_MV,D,20150212,000000,3.2,3.2,3.2,3.2,0,0
UNV_MV,D,20150213,000000,3.2,3.2,3.2,3.2,0,0
UNV_MV,D,20150216,000000,3.2,3.2,3.2,3.2,0,0
UNV_MV,D,20150217,000000,3.2,3.2,3.2,3.2,0,0
UNV_MV,D,20150218,000000,3.2,3.2,3.2,3.2,0,0
UNV_MV,D,20150219,000000,3.2,3.2,3.2,3.2,0,0
UNV_MV,D,20150220,000000,3.2,3.2,3.2,3.2,0,0
UNV_MV,D,20150223,000000,3.25,3.25,3.25,3.25,0,0
UNV_MV,D,20150224,000000,3.21,3.21,3.21,3.21,0,0
UNV_MV,D,20150225,000000,3.24,3.24,3.24,3.24,0,0
UNV_MV,D,20150226,000000,3.17,3.17,3.17,3.17,0,0
UNV_MV,D,20150227,000000,3.15,3.2,3.15,3.2,0,0
UNV_MV,D,20150302,000000,2.57,3.07,2.57,3.07,0,0
UNV_MV,D,20150303,000000,3.07,3.15,3.07,3.15,0,0
UNV_MV,D,20150304,000000,3.19,3.19,3.19,3.19,0,0
UNV_MV,D,20150305,000000,3.19,3.19,3.19,3.19,0,0
UNV_MV,D,20150306,000000,3.19,3.19,3.19,3.19,0,0
UNV_MV,D,20150309,000000,2.81,2.81,2.81,2.81,0,0
UNV_MV,D,20150310,000000,3.19,3.19,3.19,3.19,0,0
UNV_MV,D,20150311,000000,3.19,3.82,3.19,3.82,0,0
UNV_MV,D,20150312,000000,3.71,3.71,3.36,3.36,0,0
UNV_MV,D,20150313,000000,2.87,2.87,2.26,2.72,0,0
UNV_MV,D,20150316,000000,2.7,2.7,2.7,2.7,0,0
UNV_MV,D,20150317,000000,2.7,2.7,2.7,2.7,0,0
UNV_MV,D,20150319,000000,2.7,3.03,2.7,3.03,0,0
UNV_MV,D,20150320,000000,3.6,3.6,3.6,3.6,0,0
UNV_MV,D,20150323,000000,3.36,3.36,3.25,3.36,0,0
UNV_MV,D,20150324,000000,3.75,3.75,3.75,3.75,0,0
UNV_MV,D,20150325,000000,3.74,3.74,3.74,3.74,0,0
UNV_MV,D,20150326,000000,3.75,3.93,3.75,3.93,0,0
UNV_MV,D,20150327,000000,3.15,3.37,2.52,2.52,0,0
UNV_MV,D,20150330,000000,2.31,2.76,2.31,2.76,0,0
UNV_MV,D,20150331,000000,2.81,2.98,2.81,2.98,0,0
UNV_MV,D,20150401,000000,2.91,2.91,2.91,2.91,0,0
UNV_MV,D,20150407,000000,2.82,2.91,2.82,2.91,0,0
UNV_MV,D,20150408,000000,2.91,2.91,2.91,2.91,0,0
UNV_MV,D,20150409,000000,2.91,2.91,2.91,2.91,0,0
UNV_MV,D,20150410,000000,2.87,2.87,2.87,2.87,0,0
UNV_MV,D,20150413,000000,2.87,2.87,2.87,2.87,0,0
UNV_MV,D,20150414,000000,2.87,3.43,2.87,3.43,0,0
UNV_MV,D,20150417,000000,3.43,3.48,3.43,3.48,0,0
UNV_MV,D,20150421,000000,3.36,3.36,3.36,3.36,0,0
UNV_MV,D,20150422,000000,3.36,3.36,3.26,3.26,0,0
UNV_MV,D,20150423,000000,3.36,3.36,3.09,3.09,0,0
UNV_MV,D,20150424,000000,3.36,3.36,3.36,3.36,0,0
UNV_MV,D,20150427,000000,3.37,3.37,3.37,3.37,0,0
UNV_MV,D,20150429,000000,3.37,3.37,3.37,3.37,0,0
UNV_MV,D,20150430,000000,3.37,3.37,3.37,3.37,0,0
UNV_MV,D,20150504,000000,3.37,3.42,3.37,3.42,0,0
UNV_MV,D,20150506,000000,3.15,3.74,3.15,3.74,0,0
UNV_MV,D,20150507,000000,3.37,3.93,2.64,3.12,0,0
UNV_MV,D,20150508,000000,3.06,3.53,2.58,3.09,0,0
UNV_MV,D,20150511,000000,3.03,3.03,3.03,3.03,0,0
UNV_MV,D,20150513,000000,3.03,3.54,2.6,3.03,0,0
UNV_MV,D,20150514,000000,3.08,3.08,3.08,3.08,0,0
UNV_MV,D,20150515,000000,3.13,3.54,2.98,3.02,0,0
UNV_MV,D,20150518,000000,3.02,3.22,3.02,3.22,0,0
UNV_MV,D,20150519,000000,3.02,3.03,2.52,3.03,0,0
UNV_MV,D,20150520,000000,3.1,3.1,2.42,2.42,0,0
UNV_MV,D,20150522,000000,2.9,3.25,2.9,3.25,0,0
UNV_MV,D,20150525,000000,3.16,3.16,3.13,3.16,0,0
UNV_MV,D,20150526,000000,3.08,3.08,2.47,2.97,0,0
UNV_MV,D,20150527,000000,2.47,2.8,2.25,2.8,0,0
UNV_MV,D,20150528,000000,2.8,2.87,2.06,2.06,0,0
UNV_MV,D,20150529,000000,2.42,2.42,1.96,2.39,0,0
UNV_MV,D,20150601,000000,2.37,2.37,1.65,2.04,0,0
UNV_MV,D,20150602,000000,2.04,2.22,2.04,2.22,0,0
UNV_MV,D,20150603,000000,1.79,2,1.79,2,0,0
UNV_MV,D,20150608,000000,2,2,2,2,0,0
UNV_MV,D,20150609,000000,2,2,2,2,0,0
UNV_MV,D,20150610,000000,2,2,1.81,1.87,0,0
UNV_MV,D,20150611,000000,1.87,1.87,1.57,1.57,0,0
UNV_MV,D,20150612,000000,1.84,1.84,1.84,1.84,0,0
UNV_MV,D,20150615,000000,1.84,1.84,1.84,1.84,0,0
UNV_MV,D,20150616,000000,1.84,1.84,1.84,1.84,0,0
UNV_MV,D,20150617,000000,1.84,1.84,1.84,1.84,0,0
UNV_MV,D,20150618,000000,1.84,1.84,1.84,1.84,0,0
UNV_MV,D,20150619,000000,1.84,1.84,1.84,1.84,0,0
UNV_MV,D,20150622,000000,1.52,1.52,1.52,1.52,0,0
UNV_MV,D,20150623,000000,1.55,1.55,1.35,1.46,0,0
UNV_MV,D,20150625,000000,1.55,1.55,1.55,1.55,0,0
UNV_MV,D,20150629,000000,1.55,1.55,1.35,1.54,0,0
UNV_MV,D,20150630,000000,1.53,2.2,1.53,2.2,0,0
UNV_MV,D,20150701,000000,2.2,2.2,2.2,2.2,0,0
UNV_MV,D,20150702,000000,2.25,2.25,1.8,1.8,0,0
UNV_MV,D,20150703,000000,1.99,1.99,1.59,1.99,0,0
UNV_MV,D,20150706,000000,1.99,1.99,1.78,1.99,0,0
UNV_MV,D,20150707,000000,1.99,1.99,1.99,1.99,0,0
UNV_MV,D,20150708,000000,1.99,1.99,1.99,1.99,0,0
UNV_MV,D,20150709,000000,1.98,1.99,1.98,1.99,0,0
UNV_MV,D,20150710,000000,2.39,2.39,2.39,2.39,0,0
UNV_MV,D,20150713,000000,2.37,2.37,2.07,2.37,0,0
UNV_MV,D,20150714,000000,2.77,2.79,2.39,2.66,0,0
UNV_MV,D,20150715,000000,2.65,2.65,2.2,2.36,0,0
UNV_MV,D,20150716,000000,2.6,2.6,2.6,2.6,0,0
UNV_MV,D,20150717,000000,2.6,2.6,2.6,2.6,0,0
UNV_MV,D,20150720,000000,2.52,2.52,2.52,2.52,0,0
UNV_MV,D,20150721,000000,2.58,2.58,2.47,2.47,0,0
UNV_MV,D,20150722,000000,2.47,2.47,2.47,2.47,0,0
UNV_MV,D,20150723,000000,2.55,2.55,2.47,2.47,0,0
UNV_MV,D,20150724,000000,2.55,2.55,2.52,2.52,0,0
UNV_MV,D,20150727,000000,2.53,2.53,2.47,2.47,0,0
UNV_MV,D,20150728,000000,2.47,2.47,2.34,2.47,0,0
UNV_MV,D,20150729,000000,2.52,2.52,2.37,2.39,0,0
UNV_MV,D,20150730,000000,2.52,2.52,2.52,2.52,0,0
UNV_MV,D,20150731,000000,2.53,2.53,2.39,2.39,0,0
UNV_MV,D,20150803,000000,2.31,2.31,2.31,2.31,0,0
UNV_MV,D,20150804,000000,2.52,2.52,2.42,2.42,0,0
UNV_MV,D,20150805,000000,2.42,2.42,2.42,2.42,0,0
UNV_MV,D,20150806,000000,2.39,2.39,2.39,2.39,0,0
UNV_MV,D,20150807,000000,2.57,2.58,2.31,2.31,0,0
UNV_MV,D,20150810,000000,2.31,2.31,2.31,2.31,0,0
UNV_MV,D,20150811,000000,2.22,2.22,2.22,2.22,0,0
UNV_MV,D,20150812,000000,2.5,2.5,2.07,2.07,0,0
UNV_MV,D,20150813,000000,2.15,2.15,2.15,2.15,0,0
UNV_MV,D,20150814,000000,2.5,2.52,2.5,2.52,0,0
UNV_MV,D,20150817,000000,2.5,2.5,2.5,2.5,0,0
UNV_MV,D,20150818,000000,2.53,2.53,2.53,2.53,0,0
UNV_MV,D,20150819,000000,2.42,2.55,2.31,2.55,0,0
UNV_MV,D,20150820,000000,2.37,2.55,2.37,2.55,0,0
UNV_MV,D,20150821,000000,2.55,2.74,2.55,2.74,0,0
UNV_MV,D,20150824,000000,2.74,2.74,2.74,2.74,0,0
UNV_MV,D,20150825,000000,2.66,2.66,2.66,2.66,0,0
UNV_MV,D,20150826,000000,2.74,2.74,2.74,2.74,0,0
UNV_MV,D,20150827,000000,2.71,2.71,2.71,2.71,0,0
UNV_MV,D,20150828,000000,2.47,2.47,2.47,2.47,0,0
UNV_MV,D,20150831,000000,2.69,2.71,2.47,2.71,0,0
UNV_MV,D,20150901,000000,2.61,2.61,2.61,2.61,0,0
UNV_MV,D,20150902,000000,2.41,2.41,2.41,2.41,0,0
UNV_MV,D,20150903,000000,2.41,2.41,2.41,2.41,0,0
UNV_MV,D,20150904,000000,2.41,2.45,2.41,2.45,0,0
UNV_MV,D,20150907,000000,2.53,2.53,1.75,2.39,0,0
UNV_MV,D,20150908,000000,2.36,2.36,2.36,2.36,0,0
UNV_MV,D,20150909,000000,2.33,2.33,2.33,2.33,0,0
UNV_MV,D,20150910,000000,2.28,2.28,1.99,1.99,0,0
UNV_MV,D,20150911,000000,1.99,1.99,1.99,1.99,0,0
UNV_MV,D,20150914,000000,1.96,2.34,1.85,2.34,0,0
UNV_MV,D,20150915,000000,2.34,2.34,2.31,2.31,0,0
UNV_MV,D,20150916,000000,2.28,2.28,2.28,2.28,0,0
UNV_MV,D,20150917,000000,2.26,2.26,2.26,2.26,0,0
UNV_MV,D,20150918,000000,2.26,2.5,2.23,2.5,0,0
UNV_MV,D,20150921,000000,2.39,2.39,2.39,2.39,0,0
UNV_MV,D,20150922,000000,2.53,2.53,2.41,2.41,0,0
UNV_MV,D,20150923,000000,2.5,2.5,2.26,2.26,0,0
UNV_MV,D,20150924,000000,2.31,2.31,2.31,2.31,0,0
UNV_MV,D,20150925,000000,2.31,2.31,2.31,2.31,0,0
UNV_MV,D,20150928,000000,2.31,2.31,2.31,2.31,0,0
UNV_MV,D,20150929,000000,2.23,2.23,2.23,2.23,0,0
UNV_MV,D,20150930,000000,2.31,2.31,2.31,2.31,0,0
UNV_MV,D,20151001,000000,2.47,2.47,2.47,2.47,0,0
UNV_MV,D,20151002,000000,2.45,2.45,2.45,2.45,0,0
UNV_MV,D,20151005,000000,2.45,2.45,2.45,2.45,0,0
UNV_MV,D,20151006,000000,2.39,2.39,2.39,2.39,0,0
UNV_MV,D,20151007,000000,2.42,2.42,2.42,2.42,0,0
UNV_MV,D,20151008,000000,2.42,2.42,2.42,2.42,0,0
UNV_MV,D,20151009,000000,2.33,2.33,2.33,2.33,0,0
UNV_MV,D,20151012,000000,2.34,2.34,2.34,2.34,0,0
UNV_MV,D,20151013,000000,2.34,2.34,2.34,2.34,0,0
UNV_MV,D,20151014,000000,1.91,2.29,1.91,2.29,0,0
UNV_MV,D,20151015,000000,2.33,2.33,2.33,2.33,0,0
UNV_MV,D,20151016,000000,2.37,2.37,2.23,2.37,0,0
UNV_MV,D,20151019,000000,2.34,2.34,2.34,2.34,0,0
UNV_MV,D,20151020,000000,2.23,2.23,2.15,2.15,0,0
UNV_MV,D,20151021,000000,2.34,2.34,2.34,2.34,0,0
UNV_MV,D,20151022,000000,2.34,2.34,2.34,2.34,0,0
UNV_MV,D,20151023,000000,2.34,2.34,2.34,2.34,0,0
UNV_MV,D,20151026,000000,2.33,2.33,2.33,2.33,0,0
UNV_MV,D,20151027,000000,2.33,2.33,2.31,2.31,0,0
UNV_MV,D,20151028,000000,2.31,2.31,2.31,2.31,0,0
UNV_MV,D,20151029,000000,2.39,2.39,2.39,2.39,0,0
UNV_MV,D,20151030,000000,2.39,2.39,2.39,2.39,0,0
UNV_MV,D,20151102,000000,2.36,2.42,2.07,2.12,0,0
UNV_MV,D,20151103,000000,2.34,2.34,2.26,2.34,0,0
UNV_MV,D,20151104,000000,2.34,2.34,2.29,2.31,0,0
UNV_MV,D,20151105,000000,2.31,2.31,2.31,2.31,0,0
UNV_MV,D,20151106,000000,2.34,2.44,2.33,2.44,0,0
UNV_MV,D,20151109,000000,2.42,2.42,2.42,2.42,0,0
UNV_MV,D,20151110,000000,2.42,2.73,2.42,2.73,0,0
UNV_MV,D,20151112,000000,2.98,2.98,2.47,2.77,0,0
UNV_MV,D,20151113,000000,2.8,3,2.8,3,0,0
UNV_MV,D,20151116,000000,3,3,2.55,2.55,0,0
UNV_MV,D,20151117,000000,2.53,2.55,2.53,2.55,0,0
UNV_MV,D,20151118,000000,2.55,3.06,2.55,2.71,0,0
UNV_MV,D,20151119,000000,3.17,3.17,2.58,3.16,0,0
UNV_MV,D,20151120,000000,3.16,3.16,2.88,3.14,0,0
UNV_MV,D,20151123,000000,3.14,3.14,2.79,2.9,0,0
UNV_MV,D,20151124,000000,3.14,3.14,2.84,2.84,0,0
UNV_MV,D,20151125,000000,3.14,3.14,3.14,3.14,0,0
UNV_MV,D,20151126,000000,3.12,3.12,2.85,3.12,0,0
UNV_MV,D,20151127,000000,3.12,3.12,3.12,3.12,0,0
UNV_MV,D,20151130,000000,3.12,3.12,3.12,3.12,0,0
UNV_MV,D,20151201,000000,3.2,3.2,3.2,3.2,0,0
UNV_MV,D,20151202,000000,3.19,3.19,2.55,3.09,0,0
UNV_MV,D,20151203,000000,3.08,3.08,2.39,2.39,0,0
UNV_MV,D,20151204,000000,2.82,2.96,2.82,2.96,0,0
UNV_MV,D,20151207,000000,2.93,2.93,2.53,2.53,0,0
UNV_MV,D,20151208,000000,3.03,3.03,2.5,2.55,0,0
UNV_MV,D,20151209,000000,3.06,3.06,2.84,2.84,0,0
UNV_MV,D,20151210,000000,3.03,3.03,2.52,2.8,0,0
UNV_MV,D,20151211,000000,2.93,2.93,2.39,2.65,0,0
UNV_MV,D,20151214,000000,3.11,3.11,2.49,2.63,0,0
UNV_MV,D,20151215,000000,2.93,2.93,2.93,2.93,0,0
UNV_MV,D,20151216,000000,2.9,2.9,2.39,2.85,0,0
UNV_MV,D,20151217,000000,3.01,3.01,3.01,3.01,0,0
UNV_MV,D,20151221,000000,2.79,2.79,2.79,2.79,0,0
UNV_MV,D,20151222,000000,2.79,2.79,2.23,2.23,0,0
UNV_MV,D,20151223,000000,2.65,2.65,2.65,2.65,0,0
UNV_MV,D,20151228,000000,2.82,2.82,2.23,2.23,0,0
UNV_MV,D,20151229,000000,2.31,2.31,2.31,2.31,0,0
UNV_MV,D,20151230,000000,2.37,2.37,2.37,2.37,0,0
UNV_MV,D,20160104,000000,2.77,2.77,2.73,2.73,0,0
UNV_MV,D,20160107,000000,2.71,2.71,2.15,2.15,0,0
UNV_MV,D,20160113,000000,2.23,2.66,2.23,2.6,0,0
UNV_MV,D,20160114,000000,2.6,2.6,2.55,2.6,0,0
UNV_MV,D,20160115,000000,2.57,2.57,2.57,2.57,0,0
UNV_MV,D,20160118,000000,2.55,2.55,2.55,2.55,0,0
UNV_MV,D,20160119,000000,2.55,2.55,2.53,2.53,0,0
UNV_MV,D,20160120,000000,2.55,2.55,2.55,2.55,0,0
UNV_MV,D,20160121,000000,2.55,2.55,2.55,2.55,0,0
UNV_MV,D,20160122,000000,2.55,2.55,2.41,2.55,0,0
UNV_MV,D,20160125,000000,2.55,2.55,2.33,2.55,0,0
UNV_MV,D,20160126,000000,2.55,2.55,2.55,2.55,0,0
UNV_MV,D,20160127,000000,2.55,2.55,2.47,2.47,0,0
UNV_MV,D,20160128,000000,2.53,2.53,2.41,2.41,0,0
UNV_MV,D,20160129,000000,2.53,2.53,2.53,2.53,0,0
UNV_MV,D,20160202,000000,2.52,2.52,2.52,2.52,0,0
UNV_MV,D,20160203,000000,2.52,2.52,2.52,2.52,0,0
UNV_MV,D,20160204,000000,2.52,2.52,2.44,2.44,0,0
UNV_MV,D,20160205,000000,2.52,2.52,2.52,2.52,0,0
UNV_MV,D,20160208,000000,2.52,2.52,2.52,2.52,0,0
UNV_MV,D,20160209,000000,2.52,2.52,2.52,2.52,0,0
UNV_MV,D,20160210,000000,2.65,2.65,2.65,2.65,0,0
UNV_MV,D,20160211,000000,2.65,2.65,2.65,2.65,0,0
UNV_MV,D,20160212,000000,2.65,2.65,2.65,2.65,0,0
UNV_MV,D,20160215,000000,2.65,2.65,2.23,2.65,0,0
UNV_MV,D,20160216,000000,2.65,2.65,2.31,2.53,0,0
UNV_MV,D,20160217,000000,2.53,2.53,2.31,2.5,0,0
UNV_MV,D,20160218,000000,2.68,2.68,2.68,2.68,0,0
UNV_MV,D,20160219,000000,2.61,2.65,2.31,2.65,0,0
UNV_MV,D,20160222,000000,2.65,2.65,2.23,2.23,0,0
UNV_MV,D,20160223,000000,2.66,2.66,2.17,2.17,0,0
UNV_MV,D,20160224,000000,2.41,2.41,2.18,2.41,0,0
UNV_MV,D,20160225,000000,2.41,2.41,2.41,2.41,0,0
UNV_MV,D,20160226,000000,2.37,2.55,2.37,2.55,0,0
UNV_MV,D,20160229,000000,2.55,2.55,2.55,2.55,0,0
UNV_MV,D,20160301,000000,2.55,2.55,2.55,2.55,0,0
UNV_MV,D,20160302,000000,2.55,2.55,2.31,2.31,0,0
UNV_MV,D,20160303,000000,2.55,2.55,2.2,2.39,0,0
UNV_MV,D,20160304,000000,2.55,2.55,2.55,2.55,0,0
UNV_MV,D,20160307,000000,2.55,2.55,2.55,2.55,0,0
UNV_MV,D,20160308,000000,2.55,2.55,2.55,2.55,0,0
UNV_MV,D,20160309,000000,2.55,2.55,2.18,2.55,0,0
UNV_MV,D,20160310,000000,2.55,2.55,2.07,2.23,0,0
UNV_MV,D,20160311,000000,2.53,2.53,2.53,2.53,0,0
UNV_MV,D,20160314,000000,2.52,2.52,2.02,2.02,0,0
UNV_MV,D,20160315,000000,2.25,2.52,2.25,2.52,0,0
UNV_MV,D,20160316,000000,2.5,2.5,2.5,2.5,0,0
UNV_MV,D,20160317,000000,2.49,2.49,2.49,2.49,0,0
UNV_MV,D,20160318,000000,2.49,2.49,2.49,2.49,0,0
UNV_MV,D,20160321,000000,2.6,2.6,2.39,2.57,0,0
UNV_MV,D,20160322,000000,2.55,2.61,2.23,2.23,0,0
UNV_MV,D,20160323,000000,2.52,2.52,2.52,2.52,0,0
UNV_MV,D,20160329,000000,2.63,2.73,2.63,2.73,0,0
UNV_MV,D,20160330,000000,2.71,2.71,2.39,2.39,0,0
UNV_MV,D,20160331,000000,2.52,2.52,2.23,2.42,0,0
UNV_MV,D,20160401,000000,2.52,2.52,2.23,2.23,0,0
UNV_MV,D,20160404,000000,2.45,2.45,2.39,2.39,0,0
UNV_MV,D,20160405,000000,2.45,2.45,2.1,2.37,0,0
UNV_MV,D,20160406,000000,2.37,2.37,2.23,2.37,0,0
UNV_MV,D,20160407,000000,2.45,2.45,2.37,2.37,0,0
UNV_MV,D,20160408,000000,2.45,2.45,2.23,2.28,0,0
UNV_MV,D,20160411,000000,2.44,2.44,2.44,2.44,0,0
UNV_MV,D,20160412,000000,2.44,2.44,2.44,2.44,0,0
UNV_MV,D,20160413,000000,2.44,2.69,2.25,2.69,0,0
UNV_MV,D,20160414,000000,2.63,2.63,2.41,2.41,0,0
UNV_MV,D,20160415,000000,2.53,2.53,2.52,2.52,0,0
UNV_MV,D,20160418,000000,2.5,2.5,2.49,2.49,0,0
UNV_MV,D,20160419,000000,2.69,2.69,2.69,2.69,0,0
UNV_MV,D,20160420,000000,2.6,2.61,2.6,2.61,0,0
UNV_MV,D,20160421,000000,2.6,2.6,2.6,2.6,0,0
UNV_MV,D,20160422,000000,2.6,2.6,2.6,2.6,0,0
UNV_MV,D,20160425,000000,2.58,2.58,2.23,2.47,0,0
UNV_MV,D,20160426,000000,2.68,2.68,2.23,2.23,0,0
UNV_MV,D,20160427,000000,2.2,2.37,2.18,2.37,0,0
UNV_MV,D,20160428,000000,2.37,2.37,2.37,2.37,0,0
UNV_MV,D,20160429,000000,2.6,2.87,2.17,2.87,0,0
UNV_MV,D,20160502,000000,2.85,3.11,2.85,2.87,0,0
UNV_MV,D,20160504,000000,3.06,3.08,2.71,2.71,0,0
UNV_MV,D,20160505,000000,3,3,3,3,0,0
UNV_MV,D,20160506,000000,3,3,2.55,3,0,0
UNV_MV,D,20160509,000000,3,3.22,3,3.22,0,0
UNV_MV,D,20160510,000000,3.22,3.22,3.2,3.2,0,0
UNV_MV,D,20160511,000000,3.19,3.19,2.57,3.01,0,0
UNV_MV,D,20160512,000000,3.04,3.04,2.47,2.47,0,0
UNV_MV,D,20160513,000000,2.85,2.85,2.29,2.39,0,0
UNV_MV,D,20160516,000000,2.77,2.77,2.47,2.71,0,0
UNV_MV,D,20160517,000000,2.77,2.77,2.77,2.77,0,0
UNV_MV,D,20160518,000000,2.53,2.53,2.53,2.53,0,0
UNV_MV,D,20160519,000000,2.53,2.53,2.36,2.53,0,0
UNV_MV,D,20160520,000000,2.53,2.53,2.53,2.53,0,0
UNV_MV,D,20160523,000000,2.65,2.65,2.65,2.65,0,0
UNV_MV,D,20160524,000000,2.65,2.65,2.65,2.65,0,0
UNV_MV,D,20160525,000000,2.66,2.66,2.66,2.66,0,0
UNV_MV,D,20160527,000000,2.65,2.65,2.65,2.65,0,0
UNV_MV,D,20160530,000000,2.65,2.65,2.65,2.65,0,0
UNV_MV,D,20160531,000000,2.73,2.73,2.53,2.55,0,0
UNV_MV,D,20160601,000000,2.58,2.58,2.58,2.58,0,0
UNV_MV,D,20160602,000000,2.69,2.69,2.44,2.44,0,0
UNV_MV,D,20160603,000000,2.5,2.69,2.5,2.69,0,0
UNV_MV,D,20160606,000000,2.79,2.79,2.71,2.71,0,0
UNV_MV,D,20160607,000000,2.79,2.79,2.69,2.74,0,0
UNV_MV,D,20160608,000000,2.74,2.76,2.73,2.76,0,0
UNV_MV,D,20160609,000000,2.77,2.77,2.77,2.77,0,0
UNV_MV,D,20160610,000000,2.71,2.71,2.71,2.71,0,0
UNV_MV,D,20160613,000000,2.79,2.79,2.79,2.79,0,0
UNV_MV,D,20160614,000000,2.79,2.79,2.79,2.79,0,0
UNV_MV,D,20160615,000000,2.79,2.79,2.79,2.79,0,0
UNV_MV,D,20160616,000000,2.79,2.79,2.79,2.79,0,0
UNV_MV,D,20160617,000000,2.79,2.79,2.79,2.79,0,0
UNV_MV,D,20160620,000000,2.79,2.79,2.79,2.79,0,0
UNV_MV,D,20160621,000000,2.79,2.79,2.79,2.79,0,0
UNV_MV,D,20160622,000000,2.79,2.79,2.41,2.69,0,0
UNV_MV,D,20160623,000000,2.79,2.79,2.79,2.79,0,0
UNV_MV,D,20160624,000000,2.79,2.79,2.79,2.79,0,0
UNV_MV,D,20160627,000000,2.79,2.79,2.79,2.79,0,0
UNV_MV,D,20160628,000000,2.79,2.79,2.23,2.79,0,0
UNV_MV,D,20160629,000000,2.77,2.77,2.77,2.77,0,0
UNV_MV,D,20160630,000000,2.76,2.76,2.76,2.76,0,0
UNV_MV,D,20160701,000000,2.76,2.76,2.76,2.76,0,0
UNV_MV,D,20160704,000000,2.34,2.69,2.34,2.69,0,0
UNV_MV,D,20160705,000000,2.68,2.68,2.47,2.47,0,0
UNV_MV,D,20160712,000000,2.63,2.63,2.63,2.63,0,0
UNV_MV,D,20160713,000000,2.68,2.68,2.68,2.68,0,0
UNV_MV,D,20160714,000000,2.68,2.68,2.68,2.68,0,0
UNV_MV,D,20160715,000000,2.53,2.66,2.47,2.65,0,0
UNV_MV,D,20160718,000000,2.68,2.68,2.68,2.68,0,0
UNV_MV,D,20160719,000000,2.68,2.68,2.68,2.68,0,0
UNV_MV,D,20160720,000000,2.53,2.53,2.53,2.53,0,0
UNV_MV,D,20160721,000000,2.65,2.65,2.65,2.65,0,0
UNV_MV,D,20160722,000000,2.65,2.68,2.65,2.68,0,0
UNV_MV,D,20160725,000000,2.68,2.68,2.68,2.68,0,0
UNV_MV,D,20160726,000000,2.68,2.68,2.68,2.68,0,0
UNV_MV,D,20160727,000000,2.49,2.5,2.49,2.5,0,0
UNV_MV,D,20160728,000000,2.42,2.5,2.42,2.5,0,0
UNV_MV,D,20160801,000000,2.53,2.53,2.53,2.53,0,0
UNV_MV,D,20160802,000000,2.53,2.53,2.53,2.53,0,0
UNV_MV,D,20160803,000000,2.53,2.53,2.47,2.52,0,0
UNV_MV,D,20160804,000000,2.53,2.53,2.53,2.53,0,0
UNV_MV,D,20160805,000000,2.61,2.61,2.57,2.57,0,0
UNV_MV,D,20160808,000000,2.57,2.57,2.53,2.53,0,0
UNV_MV,D,20160809,000000,2.53,2.53,2.41,2.49,0,0
UNV_MV,D,20160810,000000,2.49,2.76,2.49,2.68,0,0
UNV_MV,D,20160811,000000,2.68,2.68,2.66,2.66,0,0
UNV_MV,D,20160812,000000,2.65,2.65,2.61,2.61,0,0
UNV_MV,D,20160816,000000,2.61,2.61,2.61,2.61,0,0
UNV_MV,D,20160817,000000,2.6,2.6,2.55,2.55,0,0
UNV_MV,D,20160818,000000,2.53,2.53,2.52,2.52,0,0
UNV_MV,D,20160819,000000,2.52,2.52,2.52,2.52,0,0
UNV_MV,D,20160822,000000,2.5,2.5,2.49,2.49,0,0
UNV_MV,D,20160823,000000,2.49,2.49,2.47,2.47,0,0
UNV_MV,D,20160824,000000,2.47,2.47,2.47,2.47,0,0
UNV_MV,D,20160825,000000,2.47,2.47,2.47,2.47,0,0
UNV_MV,D,20160826,000000,2.47,2.47,2.47,2.47,0,0
UNV_MV,D,20160829,000000,2.47,2.47,2.28,2.47,0,0
UNV_MV,D,20160830,000000,2.47,2.49,2.47,2.49,0,0
UNV_MV,D,20160831,000000,2.47,2.47,2.47,2.47,0,0
UNV_MV,D,20160901,000000,2.47,2.47,2.47,2.47,0,0
UNV_MV,D,20160902,000000,2.44,2.44,2.28,2.44,0,0
UNV_MV,D,20160905,000000,2.44,2.44,2.44,2.44,0,0
UNV_MV,D,20160906,000000,2.44,2.44,2.44,2.44,0,0
UNV_MV,D,20160907,000000,2.44,2.44,2.44,2.44,0,0
UNV_MV,D,20160908,000000,2.44,2.44,2.44,2.44,0,0
UNV_MV,D,20160909,000000,2.44,2.44,2.44,2.44,0,0
UNV_MV,D,20160912,000000,2.44,2.44,2.07,2.44,0,0
UNV_MV,D,20160913,000000,2.44,2.44,2.44,2.44,0,0
UNV_MV,D,20160914,000000,2.44,2.44,2.44,2.44,0,0
UNV_MV,D,20160915,000000,2.44,2.44,2.44,2.44,0,0
UNV_MV,D,20160916,000000,2.44,2.44,2.44,2.44,0,0
UNV_MV,D,20160919,000000,2.44,2.44,2.44,2.44,0,0
UNV_MV,D,20160920,000000,2.52,2.52,2.33,2.33,0,0
UNV_MV,D,20160921,000000,2.33,2.33,2.33,2.33,0,0
UNV_MV,D,20160922,000000,2.33,2.33,2.33,2.33,0,0
UNV_MV,D,20160923,000000,2.33,2.33,2.33,2.33,0,0
UNV_MV,D,20160926,000000,2.33,2.33,2.33,2.33,0,0
UNV_MV,D,20160927,000000,2.33,2.33,2.33,2.33,0,0
UNV_MV,D,20160928,000000,2.31,2.31,2.31,2.31,0,0
UNV_MV,D,20160929,000000,2.33,2.36,2.31,2.36,0,0
UNV_MV,D,20160930,000000,2.36,2.36,2.36,2.36,0,0
UNV_MV,D,20161003,000000,2.33,2.34,2.26,2.34,0,0
UNV_MV,D,20161004,000000,2.34,2.36,2.34,2.36,0,0
UNV_MV,D,20161005,000000,2.36,2.36,2.28,2.34,0,0
UNV_MV,D,20161006,000000,2.34,2.34,2.23,2.26,0,0
UNV_MV,D,20161007,000000,2.34,2.34,2.34,2.34,0,0
UNV_MV,D,20161010,000000,2.31,2.31,2.31,2.31,0,0
UNV_MV,D,20161011,000000,2.31,2.31,2.31,2.31,0,0
UNV_MV,D,20161012,000000,2.31,2.31,2.31,2.31,0,0
UNV_MV,D,20161014,000000,2.31,2.31,2.31,2.31,0,0
UNV_MV,D,20161017,000000,2.31,2.31,2.31,2.31,0,0
UNV_MV,D,20161018,000000,2.31,2.31,2.31,2.31,0,0
UNV_MV,D,20161019,000000,2.31,2.31,2.31,2.31,0,0
UNV_MV,D,20161020,000000,2.31,2.31,2.18,2.18,0,0
UNV_MV,D,20161021,000000,2.23,2.23,2.23,2.23,0,0
UNV_MV,D,20161024,000000,2.23,2.31,2.23,2.31,0,0
UNV_MV,D,20161025,000000,2.25,2.25,2.25,2.25,0,0
UNV_MV,D,20161026,000000,2.25,2.25,2.25,2.25,0,0
UNV_MV,D,20161027,000000,2.25,2.41,2.25,2.37,0,0
UNV_MV,D,20161028,000000,2.37,2.37,1.93,2.36,0,0
UNV_MV,D,20161031,000000,2.36,2.36,2.22,2.23,0,0
UNV_MV,D,20161102,000000,2.29,2.29,2.26,2.28,0,0
UNV_MV,D,20161103,000000,2.28,2.28,2.28,2.28,0,0
UNV_MV,D,20161104,000000,2.28,2.28,2.28,2.28,0,0
UNV_MV,D,20161107,000000,2.26,2.26,2.26,2.26,0,0
UNV_MV,D,20161108,000000,2.26,2.26,2.23,2.23,0,0
UNV_MV,D,20161109,000000,2.23,2.23,2.23,2.23,0,0
UNV_MV,D,20161110,000000,2.23,2.23,2.23,2.23,0,0
UNV_MV,D,20161114,000000,2.23,2.23,2.23,2.23,0,0
UNV_MV,D,20161115,000000,2.23,2.23,2.18,2.2,0,0
UNV_MV,D,20161116,000000,2.2,2.2,2.2,2.2,0,0
UNV_MV,D,20161117,000000,2.2,2.2,2.2,2.2,0,0
UNV_MV,D,20161118,000000,2.2,2.39,2.2,2.39,0,0
UNV_MV,D,20161121,000000,2.39,2.39,2.37,2.37,0,0
UNV_MV,D,20161122,000000,2.37,2.37,2.36,2.36,0,0
UNV_MV,D,20161123,000000,2.34,2.34,2.34,2.34,0,0
UNV_MV,D,20161124,000000,2.34,2.34,2.34,2.34,0,0
UNV_MV,D,20161125,000000,2.31,2.31,2.23,2.28,0,0
UNV_MV,D,20161128,000000,2.28,2.28,2.23,2.28,0,0
UNV_MV,D,20161129,000000,2.28,2.28,2.23,2.23,0,0
UNV_MV,D,20161130,000000,2.28,2.28,2.22,2.22,0,0
UNV_MV,D,20161201,000000,2.22,2.22,2.22,2.22,0,0
UNV_MV,D,20161202,000000,2.22,2.22,2.22,2.22,0,0
UNV_MV,D,20161205,000000,2.22,2.22,2.2,2.2,0,0
UNV_MV,D,20161206,000000,2.18,2.18,2.18,2.18,0,0
UNV_MV,D,20161207,000000,2.18,2.2,2.18,2.2,0,0
UNV_MV,D,20161208,000000,2.18,2.18,2.18,2.18,0,0
UNV_MV,D,20161209,000000,2.18,2.18,2.18,2.18,0,0
UNV_MV,D,20161212,000000,2.18,2.18,2.18,2.18,0,0
UNV_MV,D,20161213,000000,2.18,2.18,2.06,2.06,0,0
UNV_MV,D,20161214,000000,2.18,2.18,2.18,2.18,0,0
UNV_MV,D,20161215,000000,2.18,2.18,2.09,2.15,0,0
UNV_MV,D,20161216,000000,2.15,2.15,2.15,2.15,0,0
UNV_MV,D,20161219,000000,2.15,2.15,2.15,2.15,0,0
UNV_MV,D,20161220,000000,2.15,2.15,2.15,2.15,0,0
UNV_MV,D,20161221,000000,2.15,2.15,2.06,2.06,0,0
UNV_MV,D,20161222,000000,2.06,2.06,2.06,2.06,0,0
UNV_MV,D,20161227,000000,2.06,2.06,2.06,2.06,0,0
UNV_MV,D,20161228,000000,2.06,2.06,2.06,2.06,0,0
UNV_MV,D,20161229,000000,2.06,2.06,2.06,2.06,0,0
UNV_MV,D,20161230,000000,2.06,2.39,2.06,2.39,0,0
UNV_MV,D,20170102,000000,2.33,2.33,2.33,2.33,0,0
UNV_MV,D,20170103,000000,2.31,2.31,2.31,2.31,0,0
UNV_MV,D,20170104,000000,2.25,2.28,2.23,2.28,0,0
UNV_MV,D,20170105,000000,2.22,2.23,2.17,2.22,0,0
UNV_MV,D,20170109,000000,2.22,2.22,2.06,2.06,0,0
UNV_MV,D,20170110,000000,2.06,2.23,1.91,2.07,0,0
UNV_MV,D,20170111,000000,2.07,2.07,2.07,2.07,0,0
UNV_MV,D,20170112,000000,2.07,2.23,2.07,2.12,0,0
UNV_MV,D,20170113,000000,2.22,2.23,2.22,2.22,0,0
UNV_MV,D,20170116,000000,2.2,2.34,2.01,2.14,0,0
UNV_MV,D,20170117,000000,2.34,2.34,2.15,2.29,0,0
UNV_MV,D,20170118,000000,2.29,2.36,2.29,2.36,0,0
UNV_MV,D,20170119,000000,2.36,2.69,2.36,2.69,0,0
UNV_MV,D,20170120,000000,3.17,3.17,3.16,3.16,0,0
UNV_MV,D,20170123,000000,3.17,3.17,3.03,3.03,0,0
UNV_MV,D,20170124,000000,3,3,2.82,3,0,0
UNV_MV,D,20170125,000000,3,3,3,3,0,0
UNV_MV,D,20170126,000000,3,3,3,3,0,0
UNV_MV,D,20170127,000000,3,3,3,3,0,0
UNV_MV,D,20170130,000000,3.17,3.17,2.79,2.79,0,0
UNV_MV,D,20170131,000000,3,3,3,3,0,0
UNV_MV,D,20170201,000000,3,3,3,3,0,0
UNV_MV,D,20170202,000000,3,3,2.85,2.85,0,0
UNV_MV,D,20170203,000000,2.85,2.85,2.85,2.85,0,0
UNV_MV,D,20170206,000000,2.85,2.85,2.85,2.85,0,0
UNV_MV,D,20170208,000000,2.85,2.85,2.85,2.85,0,0
UNV_MV,D,20170213,000000,3,3,2.79,2.98,0,0
UNV_MV,D,20170214,000000,2.98,2.98,2.98,2.98,0,0
UNV_MV,D,20170215,000000,2.98,2.98,2.74,2.74,0,0
UNV_MV,D,20170217,000000,2.95,2.95,2.93,2.93,0,0
UNV_MV,D,20170220,000000,2.93,2.93,2.93,2.93,0,0
UNV_MV,D,20170221,000000,2.93,2.93,2.93,2.93,0,0
UNV_MV,D,20170222,000000,2.93,2.93,2.93,2.93,0,0
UNV_MV,D,20170223,000000,2.93,2.93,2.65,2.65,0,0
UNV_MV,D,20170224,000000,2.93,2.93,2.69,2.93,0,0
UNV_MV,D,20170227,000000,2.93,2.93,2.68,2.93,0,0
UNV_MV,D,20170228,000000,2.93,2.93,2.93,2.93,0,0
UNV_MV,D,20170301,000000,2.87,2.87,2.87,2.87,0,0
UNV_MV,D,20170302,000000,2.87,2.87,2.65,2.87,0,0
UNV_MV,D,20170303,000000,2.87,2.87,2.87,2.87,0,0
UNV_MV,D,20170306,000000,2.87,2.87,2.87,2.87,0,0
UNV_MV,D,20170307,000000,2.85,2.87,2.76,2.87,0,0
UNV_MV,D,20170308,000000,2.82,2.82,2.82,2.82,0,0
UNV_MV,D,20170309,000000,2.93,2.93,2.93,2.93,0,0
UNV_MV,D,20170310,000000,2.93,2.93,2.93,2.93,0,0
UNV_MV,D,20170313,000000,2.93,2.93,2.93,2.93,0,0
UNV_MV,D,20170314,000000,2.93,2.93,2.93,2.93,0,0
UNV_MV,D,20170315,000000,2.92,2.92,2.92,2.92,0,0
UNV_MV,D,20170316,000000,2.9,2.9,2.9,2.9,0,0
UNV_MV,D,20170317,000000,2.85,2.85,2.85,2.85,0,0
UNV_MV,D,20170320,000000,2.9,2.9,2.9,2.9,0,0
UNV_MV,D,20170321,000000,2.92,2.92,2.92,2.92,0,0
UNV_MV,D,20170322,000000,2.88,2.93,2.88,2.93,0,0
UNV_MV,D,20170323,000000,2.93,2.93,2.93,2.93,0,0
UNV_MV,D,20170324,000000,2.95,2.95,2.88,2.93,0,0
UNV_MV,D,20170327,000000,2.95,2.95,2.95,2.95,0,0
UNV_MV,D,20170328,000000,2.95,2.95,2.95,2.95,0,0
UNV_MV,D,20170329,000000,2.95,2.95,2.93,2.93,0,0
UNV_MV,D,20170330,000000,2.93,2.93,2.87,2.93,0,0
UNV_MV,D,20170331,000000,2.93,2.93,2.93,2.93,0,0
UNV_MV,D,20170403,000000,2.93,2.95,2.93,2.95,0,0
UNV_MV,D,20170404,000000,2.95,2.95,2.95,2.95,0,0
UNV_MV,D,20170405,000000,2.95,2.95,2.95,2.95,0,0
UNV_MV,D,20170406,000000,2.95,2.95,2.95,2.95,0,0
UNV_MV,D,20170407,000000,2.95,2.95,2.95,2.95,0,0
UNV_MV,D,20170410,000000,2.95,2.95,2.95,2.95,0,0
UNV_MV,D,20170411,000000,2.95,2.95,2.95,2.95,0,0
UNV_MV,D,20170412,000000,2.95,2.95,2.95,2.95,0,0
UNV_MV,D,20170413,000000,2.95,2.95,2.95,2.95,0,0
UNV_MV,D,20170418,000000,2.95,2.95,2.95,2.95,0,0
UNV_MV,D,20170419,000000,2.95,2.95,2.95,2.95,0,0
UNV_MV,D,20170420,000000,2.95,2.95,2.95,2.95,0,0
UNV_MV,D,20170421,000000,2.95,2.95,2.95,2.95,0,0
UNV_MV,D,20170424,000000,2.95,2.95,2.95,2.95,0,0
UNV_MV,D,20170425,000000,2.95,2.95,2.95,2.95,0,0
UNV_MV,D,20170426,000000,2.95,2.95,2.95,2.95,0,0
UNV_MV,D,20170427,000000,2.95,2.95,2.95,2.95,0,0
UNV_MV,D,20170428,000000,2.95,2.95,2.95,2.95,0,0
UNV_MV,D,20170502,000000,2.95,2.95,2.95,2.95,0,0
UNV_MV,D,20170504,000000,2.95,2.95,2.95,2.95,0,0
UNV_MV,D,20170505,000000,2.95,2.95,2.95,2.95,0,0
UNV_MV,D,20170508,000000,2.95,2.95,2.95,2.95,0,0
UNV_MV,D,20170509,000000,2.95,2.95,2.95,2.95,0,0
UNV_MV,D,20170510,000000,2.95,2.95,2.95,2.95,0,0
UNV_MV,D,20170511,000000,2.95,2.95,2.95,2.95,0,0
UNV_MV,D,20170512,000000,2.95,2.95,2.95,2.95,0,0
UNV_MV,D,20170515,000000,2.95,2.95,2.95,2.95,0,0
UNV_MV,D,20170516,000000,2.93,2.93,2.93,2.93,0,0
UNV_MV,D,20170517,000000,2.93,2.93,2.93,2.93,0,0
UNV_MV,D,20170518,000000,2.93,2.93,2.93,2.93,0,0
UNV_MV,D,20170519,000000,2.93,2.93,2.93,2.93,0,0
UNV_MV,D,20170522,000000,2.93,2.93,2.93,2.93,0,0
UNV_MV,D,20170523,000000,2.93,2.93,2.93,2.93,0,0
UNV_MV,D,20170524,000000,2.93,2.93,2.93,2.93,0,0
UNV_MV,D,20170525,000000,2.93,2.93,2.93,2.93,0,0
UNV_MV,D,20170529,000000,2.93,2.93,2.93,2.93,0,0
UNV_MV,D,20170530,000000,2.93,2.93,2.93,2.93,0,0
UNV_MV,D,20170531,000000,2.93,2.93,2.68,2.68,0,0
UNV_MV,D,20170601,000000,2.41,2.68,2.41,2.68,0,0
UNV_MV,D,20170602,000000,2.68,2.68,2.68,2.68,0,0
UNV_MV,D,20170605,000000,2.68,2.68,2.66,2.66,0,0
UNV_MV,D,20170606,000000,2.66,2.66,2.66,2.66,0,0
UNV_MV,D,20170607,000000,2.66,2.66,2.66,2.66,0,0
UNV_MV,D,20170608,000000,2.66,2.66,2.66,2.66,0,0
UNV_MV,D,20170609,000000,2.66,2.66,2.66,2.66,0,0
UNV_MV,D,20170612,000000,2.66,2.66,2.66,2.66,0,0
UNV_MV,D,20170613,000000,2.66,2.66,2.66,2.66,0,0
UNV_MV,D,20170614,000000,2.66,2.66,2.66,2.66,0,0
UNV_MV,D,20170616,000000,2.66,2.66,2.66,2.66,0,0
UNV_MV,D,20170619,000000,2.66,2.66,2.66,2.66,0,0
UNV_MV,D,20170620,000000,2.68,2.68,2.68,2.68,0,0
UNV_MV,D,20170621,000000,2.68,2.68,2.68,2.68,0,0
UNV_MV,D,20170622,000000,2.68,2.68,2.68,2.68,0,0
UNV_MV,D,20170623,000000,2.68,2.68,2.68,2.68,0,0
UNV_MV,D,20170626,000000,2.68,2.68,2.68,2.68,0,0
UNV_MV,D,20170627,000000,2.68,2.68,2.68,2.68,0,0
UNV_MV,D,20170628,000000,2.68,2.68,2.68,2.68,0,0
UNV_MV,D,20170629,000000,2.68,2.68,2.68,2.68,0,0
UNV_MV,D,20170630,000000,2.68,2.68,2.68,2.68,0,0
UNV_MV,D,20170706,000000,2.95,2.95,2.95,2.95,0,0
UNV_MV,D,20170707,000000,2.95,2.95,2.95,2.95,0,0
UNV_MV,D,20170717,000000,2.85,2.87,2.85,2.87,0,0
UNV_MV,D,20170718,000000,2.87,2.87,2.87,2.87,0,0
UNV_MV,D,20170719,000000,2.85,2.85,2.85,2.85,0,0
UNV_MV,D,20170720,000000,2.85,2.85,2.85,2.85,0,0
UNV_MV,D,20170721,000000,2.85,2.85,2.85,2.85,0,0
UNV_MV,D,20170724,000000,2.85,2.85,2.85,2.85,0,0
UNV_MV,D,20170725,000000,2.85,2.85,2.85,2.85,0,0
UNV_MV,D,20170726,000000,2.85,2.85,2.85,2.85,0,0
UNV_MV,D,20170727,000000,2.85,2.85,2.85,2.85,0,0
UNV_MV,D,20170728,000000,2.85,2.85,2.85,2.85,0,0
UNV_MV,D,20170731,000000,2.85,2.85,2.85,2.85,0,0
UNV_MV,D,20170801,000000,2.85,2.85,2.69,2.85,0,0
UNV_MV,D,20170802,000000,2.84,2.85,2.84,2.85,0,0
UNV_MV,D,20170803,000000,2.85,2.85,2.85,2.85,0,0
UNV_MV,D,20170804,000000,2.85,2.85,2.85,2.85,0,0
UNV_MV,D,20170807,000000,2.84,2.85,2.71,2.85,0,0
UNV_MV,D,20170808,000000,2.85,2.85,2.85,2.85,0,0
UNV_MV,D,20170809,000000,2.85,2.85,2.73,2.85,0,0
UNV_MV,D,20170810,000000,2.85,2.85,2.85,2.85,0,0
UNV_MV,D,20170811,000000,2.87,2.87,2.87,2.87,0,0
UNV_MV,D,20170814,000000,2.85,2.85,2.85,2.85,0,0
UNV_MV,D,20170816,000000,2.85,2.85,2.85,2.85,0,0
UNV_MV,D,20170817,000000,2.85,2.85,2.85,2.85,0,0
UNV_MV,D,20170818,000000,2.85,2.85,2.85,2.85,0,0
UNV_MV,D,20170821,000000,2.85,2.85,2.85,2.85,0,0
UNV_MV,D,20170822,000000,2.85,2.85,2.85,2.85,0,0
UNV_MV,D,20170823,000000,2.74,2.74,2.74,2.74,0,0
UNV_MV,D,20170824,000000,2.85,2.85,2.85,2.85,0,0
UNV_MV,D,20170825,000000,2.85,2.85,2.85,2.85,0,0
UNV_MV,D,20170828,000000,2.85,2.85,2.85,2.85,0,0
UNV_MV,D,20170829,000000,2.85,2.96,2.85,2.93,0,0
UNV_MV,D,20170830,000000,2.93,2.93,2.87,2.92,0,0
UNV_MV,D,20170831,000000,2.92,2.92,2.92,2.92,0,0
UNV_MV,D,20170901,000000,2.92,2.92,2.92,2.92,0,0
UNV_MV,D,20170904,000000,2.93,2.93,2.93,2.93,0,0
UNV_MV,D,20170905,000000,2.93,2.93,2.87,2.93,0,0
UNV_MV,D,20170906,000000,3.19,3.2,2.98,3,0,0
UNV_MV,D,20170907,000000,3.11,3.2,3.11,3.2,0,0
UNV_MV,D,20170908,000000,3.2,3.2,3.2,3.2,0,0
UNV_MV,D,20170911,000000,3.19,3.19,3.19,3.19,0,0
UNV_MV,D,20170912,000000,3.19,3.19,3.19,3.19,0,0
UNV_MV,D,20170913,000000,3.19,3.19,3.19,3.19,0,0
UNV_MV,D,20170914,000000,3.19,3.19,3.19,3.19,0,0
UNV_MV,D,20170915,000000,3.19,3.19,3.19,3.19,0,0
UNV_MV,D,20170918,000000,3.19,3.2,3.19,3.2,0,0
UNV_MV,D,20170919,000000,3.2,3.2,3.2,3.2,0,0
UNV_MV,D,20170920,000000,3.2,3.2,3.2,3.2,0,0
UNV_MV,D,20170921,000000,3.2,3.2,3.2,3.2,0,0
UNV_MV,D,20170922,000000,3.2,3.2,3.2,3.2,0,0
UNV_MV,D,20170925,000000,3.2,3.2,3.2,3.2,0,0
UNV_MV,D,20170926,000000,3.2,3.2,3.2,3.2,0,0
UNV_MV,D,20170927,000000,3.2,3.24,3.19,3.19,0,0
UNV_MV,D,20170928,000000,3.19,3.19,3.19,3.19,0,0
UNV_MV,D,20170929,000000,3.54,3.54,3.54,3.54,0,0
UNV_MV,D,20171002,000000,3.54,3.89,3.39,3.89,0,0
UNV_MV,D,20171003,000000,3.89,4.06,3.89,4.06,0,0
UNV_MV,D,20171004,000000,4.06,4.06,3.98,3.98,0,0
UNV_MV,D,20171005,000000,4.05,4.05,3.31,4.05,0,0
UNV_MV,D,20171006,000000,3.97,3.97,3.97,3.97,0,0
UNV_MV,D,20171009,000000,3.95,3.95,3.55,3.71,0,0
UNV_MV,D,20171010,000000,3.95,3.95,3.94,3.94,0,0
UNV_MV,D,20171011,000000,3.95,3.95,3.95,3.95,0,0
UNV_MV,D,20171012,000000,3.95,3.95,3.95,3.95,0,0
UNV_MV,D,20171013,000000,3.82,3.95,3.82,3.95,0,0
UNV_MV,D,20171016,000000,3.82,3.82,3.82,3.82,0,0
UNV_MV,D,20171017,000000,3.82,3.82,3.82,3.82,0,0
UNV_MV,D,20171018,000000,3.82,3.82,3.19,3.19,0,0
UNV_MV,D,20171019,000000,2.93,2.93,2.93,2.93,0,0
UNV_MV,D,20171020,000000,2.95,3.24,2.95,3.06,0,0
UNV_MV,D,20171023,000000,3.06,3.06,3.06,3.06,0,0
UNV_MV,D,20171024,000000,3.06,3.06,3.06,3.06,0,0
UNV_MV,D,20171025,000000,3.49,3.49,3.49,3.49,0,0
UNV_MV,D,20171026,000000,3.79,3.79,3.79,3.79,0,0
UNV_MV,D,20171027,000000,3.79,3.79,3.79,3.79,0,0
UNV_MV,D,20171030,000000,3.78,3.78,3.78,3.78,0,0
UNV_MV,D,20171031,000000,3.78,3.78,3.78,3.78,0,0
UNV_MV,D,20171102,000000,3.81,3.81,3.22,3.41,0,0
UNV_MV,D,20171103,000000,3.39,3.51,3.39,3.51,0,0
UNV_MV,D,20171106,000000,3.52,3.52,3.51,3.51,0,0
UNV_MV,D,20171107,000000,3.59,3.59,3.59,3.59,0,0
UNV_MV,D,20171108,000000,3.98,3.98,3.92,3.92,0,0
UNV_MV,D,20171109,000000,4.45,4.45,4.03,4.03,0,0
UNV_MV,D,20171110,000000,4.45,4.45,3.98,3.98,0,0
UNV_MV,D,20171113,000000,4.45,4.45,3.95,3.95,0,0
UNV_MV,D,20171114,000000,4.38,4.38,3.76,3.76,0,0
UNV_MV,D,20171115,000000,4.32,4.32,4.32,4.32,0,0
UNV_MV,D,20171116,000000,4.32,4.32,4.32,4.32,0,0
UNV_MV,D,20171120,000000,4.32,4.32,4.32,4.32,0,0
UNV_MV,D,20171121,000000,4.32,4.32,3.55,3.55,0,0
UNV_MV,D,20171127,000000,3.63,3.63,3.63,3.63,0,0
UNV_MV,D,20171128,000000,4.32,4.32,4.32,4.32,0,0
UNV_MV,D,20171129,000000,4.32,4.32,4.32,4.32,0,0
UNV_MV,D,20171130,000000,4.3,4.3,4.3,4.3,0,0
UNV_MV,D,20171201,000000,4.3,4.3,4.3,4.3,0,0
UNV_MV,D,20171204,000000,4.3,4.3,4.3,4.3,0,0
UNV_MV,D,20171205,000000,4.3,4.3,4.3,4.3,0,0
UNV_MV,D,20171206,000000,4.3,4.3,4.3,4.3,0,0
UNV_MV,D,20171207,000000,4.3,4.3,4.3,4.3,0,0
UNV_MV,D,20171208,000000,4.3,4.3,3.51,4.29,0,0
UNV_MV,D,20171211,000000,4.29,4.3,3.57,3.98,0,0
UNV_MV,D,20171212,000000,4.06,4.06,4.06,4.06,0,0
UNV_MV,D,20171213,000000,4.29,4.29,4.29,4.29,0,0
UNV_MV,D,20171214,000000,4.29,4.29,4.29,4.29,0,0
UNV_MV,D,20171215,000000,4.29,4.29,4.29,4.29,0,0
UNV_MV,D,20171218,000000,4.29,4.29,3.67,4.27,0,0
UNV_MV,D,20171219,000000,4.27,4.27,4.27,4.27,0,0
UNV_MV,D,20171220,000000,4.27,4.27,4.27,4.27,0,0
UNV_MV,D,20171221,000000,4.27,4.27,3.67,4.13,0,0
UNV_MV,D,20171222,000000,4.25,4.25,3.39,3.97,0,0
UNV_MV,D,20171227,000000,4.03,4.03,4.03,4.03,0,0
UNV_MV,D,20171228,000000,3.98,3.98,3.98,3.98,0,0
UNV_MV,D,20171229,000000,3.98,3.98,3.59,3.59,0,0
UNV_MV,D,20180103,000000,3.41,3.41,3.41,3.41,0,0
UNV_MV,D,20180104,000000,3.41,3.6,3.41,3.6,0,0
UNV_MV,D,20180108,000000,3.79,3.79,3.79,3.79,0,0
UNV_MV,D,20180109,000000,3.76,3.76,3.76,3.76,0,0
UNV_MV,D,20180110,000000,3.76,3.76,3.76,3.76,0,0
UNV_MV,D,20180111,000000,3.76,3.76,3.76,3.76,0,0
UNV_MV,D,20180112,000000,3.73,3.73,3.73,3.73,0,0
UNV_MV,D,20180115,000000,3.73,3.73,3.73,3.73,0,0
UNV_MV,D,20180116,000000,3.7,3.7,3.7,3.7,0,0
UNV_MV,D,20180117,000000,3.7,3.7,3.7,3.7,0,0
UNV_MV,D,20180118,000000,3.7,3.7,3.7,3.7,0,0
UNV_MV,D,20180119,000000,3.7,3.7,3.31,3.31,0,0
UNV_MV,D,20180122,000000,3.7,3.7,3.7,3.7,0,0
UNV_MV,D,20180123,000000,3.7,3.7,3.22,3.22,0,0
UNV_MV,D,20180124,000000,3.76,3.76,3.76,3.76,0,0
UNV_MV,D,20180125,000000,3.73,3.73,3.08,3.08,0,0
UNV_MV,D,20180131,000000,3.08,3.08,3.08,3.08,0,0
UNV_MV,D,20180202,000000,3.11,3.14,3.11,3.14,0,0
UNV_MV,D,20180206,000000,3.14,3.14,3.14,3.14,0,0
UNV_MV,D,20180208,000000,3.14,3.14,3.14,3.14,0,0
UNV_MV,D,20180212,000000,3.14,3.14,3.14,3.14,0,0
UNV_MV,D,20180213,000000,3.14,3.14,3.14,3.14,0,0
UNV_MV,D,20180214,000000,3.17,3.17,3.17,3.17,0,0
UNV_MV,D,20180215,000000,3.7,3.7,3.19,3.19,0,0
UNV_MV,D,20180216,000000,3.17,3.51,3.17,3.51,0,0
UNV_MV,D,20180219,000000,3.51,3.51,3.51,3.51,0,0
UNV_MV,D,20180221,000000,3.17,3.17,3.17,3.17,0,0
UNV_MV,D,20180226,000000,3.31,3.31,3.25,3.25,0,0
UNV_MV,D,20180227,000000,3.25,3.25,3.25,3.25,0,0
UNV_MV,D,20180228,000000,3.25,3.47,3.25,3.47,0,0
UNV_MV,D,20180301,000000,3.47,3.47,3.09,3.09,0,0
UNV_MV,D,20180302,000000,3.47,3.47,3.47,3.47,0,0
UNV_MV,D,20180305,000000,3.44,3.44,3.44,3.44,0,0
UNV_MV,D,20180306,000000,3.44,3.44,3.44,3.44,0,0
UNV_MV,D,20180307,000000,3.44,3.44,3.44,3.44,0,0
UNV_MV,D,20180308,000000,3.44,3.44,3.44,3.44,0,0
UNV_MV,D,20180309,000000,3.44,3.44,3.44,3.44,0,0
UNV_MV,D,20180312,000000,3.41,3.41,3.41,3.41,0,0
UNV_MV,D,20180313,000000,3.41,3.41,3.41,3.41,0,0
UNV_MV,D,20180314,000000,3.41,3.41,3.41,3.41,0,0
UNV_MV,D,20180319,000000,3.35,4.45,3.09,4.45,0,0
UNV_MV,D,20180320,000000,4.82,4.82,4.82,4.82,0,0
UNV_MV,D,20180321,000000,4.82,4.82,4.82,4.82,0,0
UNV_MV,D,20180322,000000,4.82,4.82,4.82,4.82,0,0
UNV_MV,D,20180323,000000,4.82,4.82,4.82,4.82,0,0
UNV_MV,D,20180326,000000,4.82,4.82,4.82,4.82,0,0
UNV_MV,D,20180327,000000,4.82,4.82,4.82,4.82,0,0
UNV_MV,D,20180328,000000,4.82,4.82,4.82,4.82,0,0
UNV_MV,D,20180329,000000,4.82,4.82,4.59,4.82,0,0
UNV_MV,D,20180403,000000,4.82,4.82,4.82,4.82,0,0
UNV_MV,D,20180404,000000,4.82,4.82,4.82,4.82,0,0
UNV_MV,D,20180405,000000,4.82,4.82,4.82,4.82,0,0
UNV_MV,D,20180406,000000,4.82,4.82,4.82,4.82,0,0
UNV_MV,D,20180409,000000,4.82,4.82,4.82,4.82,0,0
UNV_MV,D,20180410,000000,4.82,4.82,4.82,4.82,0,0
UNV_MV,D,20180411,000000,4.82,5.5,4.72,5.5,0,0
UNV_MV,D,20180412,000000,5.5,5.5,5.5,5.5,0,0
UNV_MV,D,20180413,000000,5.5,5.5,5.5,5.5,0,0
UNV_MV,D,20180416,000000,5.5,5.5,5.5,5.5,0,0
UNV_MV,D,20180417,000000,5.5,5.5,5.5,5.5,0,0
UNV_MV,D,20180418,000000,5.5,5.5,5.5,5.5,0,0
UNV_MV,D,20180419,000000,5.5,5.5,5.5,5.5,0,0
UNV_MV,D,20180420,000000,5.5,5.5,5.5,5.5,0,0
UNV_MV,D,20180423,000000,5.5,5.5,5.5,5.5,0,0
UNV_MV,D,20180424,000000,5.5,5.5,5.5,5.5,0,0
UNV_MV,D,20180425,000000,5.5,5.5,5.5,5.5,0,0
UNV_MV,D,20180426,000000,5.5,5.5,5.5,5.5,0,0
UNV_MV,D,20180427,000000,5.5,5.5,5.5,5.5,0,0
UNV_MV,D,20180430,000000,5.5,5.5,5.5,5.5,0,0
UNV_MV,D,20180502,000000,5.5,5.5,5.5,5.5,0,0
UNV_MV,D,20180504,000000,5.87,5.87,5.87,5.87,0,0
UNV_MV,D,20180507,000000,5.83,5.83,5.83,5.83,0,0
UNV_MV,D,20180508,000000,5.83,5.83,5.83,5.83,0,0
UNV_MV,D,20180509,000000,5.83,5.83,5.83,5.83,0,0
UNV_MV,D,20180510,000000,4.91,5.78,4.91,5.78,0,0
UNV_MV,D,20180511,000000,5.78,5.78,5.78,5.78,0,0
UNV_MV,D,20180514,000000,4.82,4.82,4.82,4.82,0,0
UNV_MV,D,20180515,000000,5.78,5.78,5.78,5.78,0,0
UNV_MV,D,20180516,000000,5.78,5.78,5.78,5.78,0,0
UNV_MV,D,20180517,000000,5.73,5.73,5.73,5.73,0,0
UNV_MV,D,20180518,000000,5.69,5.69,5.69,5.69,0,0
UNV_MV,D,20180521,000000,5.69,5.69,5.69,5.69,0,0
UNV_MV,D,20180522,000000,5.69,5.69,5.69,5.69,0,0
UNV_MV,D,20180523,000000,5.69,5.69,5.69,5.69,0,0
UNV_MV,D,20180524,000000,5.69,5.69,5.69,5.69,0,0
UNV_MV,D,20180525,000000,5.69,5.69,5.69,5.69,0,0
UNV_MV,D,20180528,000000,5.69,5.69,5.69,5.69,0,0
UNV_MV,D,20180529,000000,5.5,5.5,5.5,5.5,0,0
UNV_MV,D,20180604,000000,5.28,5.28,4.59,4.59,0,0
UNV_MV,D,20180605,000000,4.45,5.05,4.45,5.05,0,0
UNV_MV,D,20180606,000000,5.05,5.05,5.05,5.05,0,0
UNV_MV,D,20180607,000000,5.05,5.05,5.05,5.05,0,0
UNV_MV,D,20180608,000000,5.05,5.05,4.54,5.05,0,0
UNV_MV,D,20180611,000000,5.05,5.05,5.05,5.05,0,0
UNV_MV,D,20180612,000000,5,5,5,5,0,0
UNV_MV,D,20180613,000000,4.95,4.95,4.95,4.95,0,0
UNV_MV,D,20180614,000000,4.95,4.95,4.95,4.95,0,0
UNV_MV,D,20180615,000000,4.95,4.95,4.82,4.95,0,0
UNV_MV,D,20180618,000000,4.95,4.95,4.95,4.95,0,0
UNV_MV,D,20180619,000000,4.86,4.86,4.86,4.86,0,0
UNV_MV,D,20180620,000000,4.86,4.86,4.86,4.86,0,0
UNV_MV,D,20180621,000000,4.86,4.86,4.86,4.86,0,0
UNV_MV,D,20180622,000000,4.86,4.86,4.63,4.63,0,0
UNV_MV,D,20180625,000000,5.05,5.05,5.05,5.05,0,0
UNV_MV,D,20180626,000000,5,5,5,5,0,0
UNV_MV,D,20180627,000000,5,5,5,5,0,0
UNV_MV,D,20180628,000000,5,5,5,5,0,0
UNV_MV,D,20180629,000000,5,5.73,5,5.73,0,0
UNV_MV,D,20180702,000000,5.69,5.69,4.77,5.05,0,0
UNV_MV,D,20180703,000000,5.05,5.05,5.05,5.05,0,0
UNV_MV,D,20180704,000000,5.05,5.05,5.05,5.05,0,0
UNV_MV,D,20180705,000000,5.05,5.05,5.05,5.05,0,0
UNV_MV,D,20180706,000000,5.05,5.05,5.05,5.05,0,0
UNV_MV,D,20180709,000000,5.05,5.05,5.05,5.05,0,0
UNV_MV,D,20180710,000000,4.82,4.82,4.82,4.82,0,0
UNV_MV,D,20180711,000000,4.82,4.82,4.82,4.82,0,0
UNV_MV,D,20180712,000000,4.82,4.82,4.82,4.82,0,0
UNV_MV,D,20180713,000000,4.95,4.95,4.95,4.95,0,0
UNV_MV,D,20180716,000000,5,5,5,5,0,0
UNV_MV,D,20180717,000000,5,5,5,5,0,0
UNV_MV,D,20180718,000000,5,5,5,5,0,0
UNV_MV,D,20180719,000000,5,5,5,5,0,0
UNV_MV,D,20180720,000000,5.6,5.6,4.59,5.55,0,0
UNV_MV,D,20180723,000000,5.55,5.55,5.55,5.55,0,0
UNV_MV,D,20180724,000000,5.5,5.5,5.5,5.5,0,0
UNV_MV,D,20180725,000000,5.05,5.05,5.05,5.05,0,0
UNV_MV,D,20180726,000000,5.05,5.05,5.05,5.05,0,0
UNV_MV,D,20180727,000000,5.05,5.05,5.05,5.05,0,0
UNV_MV,D,20180730,000000,5.05,5.05,5.05,5.05,0,0
UNV_MV,D,20180731,000000,5.05,5.05,5.05,5.05,0,0
UNV_MV,D,20180801,000000,5.05,5.05,4.59,4.59,0,0
UNV_MV,D,20180802,000000,5.05,5.05,5.05,5.05,0,0
UNV_MV,D,20180803,000000,5.05,5.05,5.05,5.05,0,0
UNV_MV,D,20180806,000000,5.05,5.05,5.05,5.05,0,0
UNV_MV,D,20180807,000000,5,5,5,5,0,0
UNV_MV,D,20180808,000000,5,5,5,5,0,0
UNV_MV,D,20180809,000000,5,5,5,5,0,0
UNV_MV,D,20180810,000000,5,5,5,5,0,0
UNV_MV,D,20180813,000000,5,5,5,5,0,0
UNV_MV,D,20180814,000000,5,5,5,5,0,0
UNV_MV,D,20180816,000000,5,5,5,5,0,0
UNV_MV,D,20180817,000000,5,5,5,5,0,0
UNV_MV,D,20180820,000000,5,5,5,5,0,0
UNV_MV,D,20180821,000000,5,5,5,5,0,0
UNV_MV,D,20180822,000000,5,5,5,5,0,0
UNV_MV,D,20180823,000000,5,5,5,5,0,0
UNV_MV,D,20180824,000000,5,5,5,5,0,0
UNV_MV,D,20180827,000000,5,5,5,5,0,0
UNV_MV,D,20180828,000000,5,5.28,5,5.28,0,0
UNV_MV,D,20180829,000000,5,5,5,5,0,0
UNV_MV,D,20180903,000000,4.95,4.95,4.95,4.95,0,0
UNV_MV,D,20180904,000000,4.95,4.95,4.95,4.95,0,0
UNV_MV,D,20180905,000000,4.95,4.95,4.95,4.95,0,0
UNV_MV,D,20180906,000000,4.95,4.95,4.95,4.95,0,0
UNV_MV,D,20180907,000000,4.95,4.95,4.95,4.95,0,0
UNV_MV,D,20180910,000000,4.95,4.95,4.95,4.95,0,0
UNV_MV,D,20180911,000000,4.95,4.95,4.95,4.95,0,0
UNV_MV,D,20180912,000000,5,5,5,5,0,0
UNV_MV,D,20180913,000000,5,5,5,5,0,0
UNV_MV,D,20180914,000000,5,5,5,5,0,0
UNV_MV,D,20180917,000000,5,5,5,5,0,0
UNV_MV,D,20180918,000000,5,5,5,5,0,0
UNV_MV,D,20180919,000000,5,5,5,5,0,0
UNV_MV,D,20180920,000000,5,5,5,5,0,0
UNV_MV,D,20180921,000000,5,5,5,5,0,0
UNV_MV,D,20180924,000000,5,5,5,5,0,0
UNV_MV,D,20180925,000000,5,5,5,5,0,0
UNV_MV,D,20180926,000000,5,5,5,5,0,0
UNV_MV,D,20180927,000000,5,5,5,5,0,0
UNV_MV,D,20180928,000000,5,5,5,5,0,0
UNV_MV,D,20181001,000000,5,5,5,5,0,0
UNV_MV,D,20181002,000000,5,5,5,5,0,0
UNV_MV,D,20181003,000000,5,5,5,5,0,0
UNV_MV,D,20181004,000000,5,5,5,5,0,0
UNV_MV,D,20181005,000000,5,5,5,5,0,0
UNV_MV,D,20181008,000000,5,5,5,5,0,0
UNV_MV,D,20181009,000000,5,5,5,5,0,0
UNV_MV,D,20181010,000000,5,5,5,5,0,0
UNV_MV,D,20181011,000000,5,5,5,5,0,0
UNV_MV,D,20181012,000000,5,5,5,5,0,0
UNV_MV,D,20181015,000000,5,5,5,5,0,0
UNV_MV,D,20181016,000000,5,5,5,5,0,0
UNV_MV,D,20181017,000000,5,5,5,5,0,0
UNV_MV,D,20181018,000000,5,5,5,5,0,0
UNV_MV,D,20181019,000000,5,5,5,5,0,0
UNV_MV,D,20181022,000000,5,5,5,5,0,0
UNV_MV,D,20181023,000000,5,5,5,5,0,0
UNV_MV,D,20181024,000000,5,5,5,5,0,0
UNV_MV,D,20181025,000000,5,5,5,5,0,0
UNV_MV,D,20181026,000000,5,5,5,5,0,0
UNV_MV,D,20181029,000000,5,5,5,5,0,0
UNV_MV,D,20181030,000000,5,5,5,5,0,0
UNV_MV,D,20181031,000000,5,5,5,5,0,0
UNV_MV,D,20181102,000000,5,5,5,5,0,0
UNV_MV,D,20181105,000000,5,5,5,5,0,0
UNV_MV,D,20181106,000000,5,5,5,5,0,0
UNV_MV,D,20181107,000000,5,5,5,5,0,0
UNV_MV,D,20181108,000000,5,5,5,5,0,0
UNV_MV,D,20181109,000000,5,5,4.82,5,0,0
UNV_MV,D,20181113,000000,5,5,5,5,0,0
UNV_MV,D,20181114,000000,5,5,5,5,0,0
UNV_MV,D,20181115,000000,5,5,5,5,0,0
UNV_MV,D,20181116,000000,5,5,5,5,0,0
UNV_MV,D,20181119,000000,5,5,5,5,0,0
UNV_MV,D,20181120,000000,5,5,5,5,0,0
UNV_MV,D,20181121,000000,5,5,5,5,0,0
UNV_MV,D,20181122,000000,5,5,5,5,0,0
UNV_MV,D,20181123,000000,5,5,5,5,0,0
UNV_MV,D,20181126,000000,5,5,5,5,0,0
UNV_MV,D,20181127,000000,5,5,5,5,0,0
UNV_MV,D,20181128,000000,5,5,5,5,0,0
UNV_MV,D,20181129,000000,5,5,5,5,0,0
UNV_MV,D,20181130,000000,5,5,5,5,0,0
UNV_MV,D,20181203,000000,5,5,5,5,0,0
UNV_MV,D,20181204,000000,5,5,5,5,0,0
UNV_MV,D,20181205,000000,5,5,5,5,0,0
UNV_MV,D,20181206,000000,5.05,5.05,5.05,5.05,0,0
UNV_MV,D,20181207,000000,5.05,5.05,5.05,5.05,0,0
UNV_MV,D,20181210,000000,5,5.78,4.59,5.5,0,0
UNV_MV,D,20181211,000000,5.73,5.73,5.73,5.73,0,0
UNV_MV,D,20181212,000000,5.73,5.73,5.73,5.73,0,0
UNV_MV,D,20181218,000000,5.87,5.87,5.87,5.87,0,0
UNV_MV,D,20181219,000000,5.87,5.87,5.87,5.87,0,0
UNV_MV,D,20181220,000000,5.87,5.87,5.87,5.87,0,0
UNV_MV,D,20181221,000000,5.87,5.87,5.87,5.87,0,0
UNV_MV,D,20181227,000000,5.87,5.87,5.87,5.87,0,0
UNV_MV,D,20181228,000000,5.87,5.87,5.87,5.87,0,0
UNV_MV,D,20190102,000000,6.15,6.15,5.46,6.1,0,0
UNV_MV,D,20190103,000000,6.1,6.1,5.14,6.1,0,0
UNV_MV,D,20190104,000000,6.1,6.1,6.06,6.06,0,0
UNV_MV,D,20190107,000000,6.01,6.01,6.01,6.01,0,0
UNV_MV,D,20190108,000000,6.01,6.01,6.01,6.01,0,0
UNV_MV,D,20190109,000000,6.01,6.01,6.01,6.01,0,0
UNV_MV,D,20190110,000000,6.01,6.01,6.01,6.01,0,0
UNV_MV,D,20190111,000000,6.01,6.01,6.01,6.01,0,0
UNV_MV,D,20190114,000000,6.01,6.01,6.01,6.01,0,0
UNV_MV,D,20190115,000000,6.01,6.01,6.01,6.01,0,0
UNV_MV,D,20190117,000000,5.83,5.83,5.83,5.83,0,0
UNV_MV,D,20190118,000000,5.92,5.92,5.92,5.92,0,0
UNV_MV,D,20190121,000000,5.92,5.92,5.92,5.92,0,0
UNV_MV,D,20190122,000000,5.92,5.92,5.92,5.92,0,0
UNV_MV,D,20190123,000000,5.92,5.92,5.92,5.92,0,0
UNV_MV,D,20190124,000000,5.92,5.92,5.92,5.92,0,0
UNV_MV,D,20190125,000000,5.92,5.92,5.92,5.92,0,0
UNV_MV,D,20190128,000000,5.92,5.92,5.92,5.92,0,0
UNV_MV,D,20190129,000000,5.92,5.92,5.92,5.92,0,0
UNV_MV,D,20190130,000000,5.92,5.92,5.92,5.92,0,0
UNV_MV,D,20190131,000000,5.92,5.92,5.92,5.92,0,0
UNV_MV,D,20190201,000000,5.92,5.92,5.92,5.92,0,0
UNV_MV,D,20190204,000000,5.92,5.92,5.55,5.92,0,0
UNV_MV,D,20190205,000000,5.92,5.92,5.64,5.92,0,0
UNV_MV,D,20190206,000000,5.92,5.92,5.92,5.92,0,0
UNV_MV,D,20190207,000000,5.92,5.92,5.92,5.92,0,0
UNV_MV,D,20190208,000000,5.92,5.92,5.92,5.92,0,0
UNV_MV,D,20190211,000000,5.92,5.92,5.92,5.92,0,0
UNV_MV,D,20190212,000000,5.92,5.92,5.87,5.92,0,0
UNV_MV,D,20190213,000000,5.92,5.92,5.92,5.92,0,0
UNV_MV,D,20190214,000000,5.92,5.92,5.92,5.92,0,0
UNV_MV,D,20190215,000000,5.92,6.38,5.92,6.38,0,0
UNV_MV,D,20190218,000000,6.38,6.74,6.33,6.42,0,0
UNV_MV,D,20190220,000000,6.79,6.79,6.79,6.79,0,0
UNV_MV,D,20190221,000000,6.79,6.79,6.79,6.79,0,0
UNV_MV,D,20190222,000000,6.79,6.79,6.79,6.79,0,0
UNV_MV,D,20190225,000000,6.79,6.79,6.79,6.79,0,0
UNV_MV,D,20190226,000000,6.79,6.79,6.79,6.79,0,0
UNV_MV,D,20190227,000000,6.79,6.79,6.79,6.79,0,0
UNV_MV,D,20190228,000000,6.79,6.79,6.79,6.79,0,0
UNV_MV,D,20190301,000000,6.79,6.88,6.79,6.88,0,0
UNV_MV,D,20190306,000000,6.7,6.7,6.7,6.7,0,0
UNV_MV,D,20190312,000000,6.79,6.83,6.79,6.83,0,0
UNV_MV,D,20190314,000000,6.79,6.79,6.7,6.7,0,0
UNV_MV,D,20190315,000000,5.92,6.42,5.92,6.42,0,0
UNV_MV,D,20190318,000000,6.65,6.65,6.65,6.65,0,0
UNV_MV,D,20190319,000000,6.79,6.79,6.79,6.79,0,0
UNV_MV,D,20190328,000000,7.11,7.11,7.11,7.11,0,0
UNV_MV,D,20190401,000000,7.11,7.11,7.11,7.11,0,0
UNV_MV,D,20190403,000000,7.11,7.11,7.11,7.11,0,0
UNV_MV,D,20190405,000000,7.11,7.11,7.11,7.11,0,0
UNV_MV,D,20190408,000000,5.73,5.73,5.73,5.73,0,0
UNV_MV,D,20190417,000000,6.01,6.01,6.01,6.01,0,0
UNV_MV,D,20190606,000000,5.96,5.96,5.96,5.96,0,0
UNV_MV,D,20190607,000000,6.01,7.11,6.01,7.11,0,0
UNV_MV,D,20190610,000000,7.11,7.11,7.11,7.11,0,0
UNV_MV,D,20190611,000000,7.11,7.11,7.11,7.11,0,0
UNV_MV,D,20190612,000000,7.2,7.2,7.2,7.2,0,0
UNV_MV,D,20190613,000000,7.34,7.34,6.42,6.42,0,0
UNV_MV,D,20190618,000000,6.83,6.83,6.83,6.83,0,0
UNV_MV,D,20190626,000000,6.56,6.56,6.56,6.56,0,0
UNV_MV,D,20190807,000000,6.61,6.61,6.61,6.61,0,0
UNV_MV,D,20190822,000000,6.61,6.61,6.61,6.61,0,0
UNV_MV,D,20190823,000000,6.61,6.61,6.61,6.61,0,0
UNV_MV,D,20190826,000000,6.61,6.61,6.61,6.61,0,0
UNV_MV,D,20190827,000000,6.61,6.61,6.61,6.61,0,0
UNV_MV,D,20190905,000000,6.79,6.79,6.79,6.79,0,0
UNV_MV,D,20190906,000000,6.79,6.79,6.79,6.79,0,0
UNV_MV,D,20190909,000000,6.79,6.79,6.79,6.79,0,0
UNV_MV,D,20190910,000000,6.79,6.79,6.79,6.79,0,0
UNV_MV,D,20190911,000000,6.79,6.79,6.79,6.79,0,0
UNV_MV,D,20190912,000000,6.79,6.79,6.79,6.79,0,0
UNV_MV,D,20190913,000000,6.83,6.83,5.92,5.92,0,0
UNV_MV,D,20190917,000000,5.87,5.87,5.87,5.87,0,0
UNV_MV,D,20190920,000000,6.01,6.01,6.01,6.01,0,0
UNV_MV,D,20190923,000000,6.01,6.01,6.01,6.01,0,0
UNV_MV,D,20190927,000000,6.24,6.24,6.24,6.24,0,0
UNV_MV,D,20191029,000000,6.19,6.19,6.19,6.19,0,0
UNV_MV,D,20191030,000000,6.24,6.24,5.37,5.37,0,0
UNV_MV,D,20191031,000000,5.73,5.73,5.73,5.73,0,0
UNV_MV,D,20191105,000000,5.96,5.96,5.96,5.96,0,0
UNV_MV,D,20191126,000000,6.24,6.24,6.24,6.24,0,0
UNV_MV,D,20191129,000000,6.24,6.24,5.69,5.69,0,0
UNV_MV,D,20191202,000000,6.19,6.19,6.19,6.19,0,0
UNV_MV,D,20191203,000000,6.19,6.19,6.19,6.19,0,0
UNV_MV,D,20191204,000000,6.19,6.19,6.19,6.19,0,0
UNV_MV,D,20191205,000000,6.19,6.19,6.19,6.19,0,0
UNV_MV,D,20191206,000000,6.19,6.19,6.19,6.19,0,0
UNV_MV,D,20191209,000000,6.19,6.19,6.19,6.19,0,0
UNV_MV,D,20191210,000000,6.19,6.19,6.19,6.19,0,0
UNV_MV,D,20191227,000000,6.19,6.19,5.28,5.96,0,0
UNV_MV,D,20191230,000000,6.19,6.19,6.19,6.19,0,0
UNV_MV,D,20200102,000000,6.24,6.24,4.59,5.69,0,0
UNV_MV,D,20200103,000000,5.69,6.24,5.69,6.24,0,0
UNV_MV,D,20200107,000000,6.28,6.28,5.18,5.41,0,0
UNV_MV,D,20200109,000000,5.5,6.61,5.5,6.38,0,0
UNV_MV,D,20200110,000000,6.19,6.19,6.06,6.06,0,0
UNV_MV,D,20200114,000000,5.96,6.06,5.96,6.06,0,0
UNV_MV,D,20200116,000000,6.15,6.15,5.96,6.06,0,0
UNV_MV,D,20200120,000000,5.73,5.73,5.73,5.73,0,0
UNV_MV,D,20200131,000000,5.46,5.46,4.54,4.54,0,0
UNV_MV,D,20200203,000000,4.54,4.54,4.54,4.54,0,0
UNV_MV,D,20200210,000000,4.24,4.27,4.22,4.27,0,0
UNV_MV,D,20200212,000000,4.06,4.06,4.06,4.06,0,0
UNV_MV,D,20200213,000000,4.11,4.82,4.11,4.82,0,0
UNV_MV,D,20200217,000000,4.59,4.59,4.59,4.59,0,0
UNV_MV,D,20200218,000000,4.86,4.86,4.86,4.86,0,0
UNV_MV,D,20200219,000000,4.54,4.54,4.54,4.54,0,0
UNV_MV,D,20200312,000000,4.13,4.13,4.13,4.13,0,0
UNV_MV,D,20200313,000000,3.9,3.9,3.9,3.9,0,0
UNV_MV,D,20200316,000000,3.67,3.67,3.67,3.67,0,0
UNV_MV,D,20200317,000000,3.9,3.9,3.9,3.9,0,0
UNV_MV,D,20200324,000000,3.67,4.36,3.67,4.36,0,0
UNV_MV,D,20200325,000000,4.54,4.54,4.54,4.54,0,0
UNV_MV,D,20200326,000000,5.46,5.46,5.46,5.46,0,0
UNV_MV,D,20200327,000000,5.37,5.37,5.37,5.37,0,0
UNV_MV,D,20200401,000000,4.36,4.36,4.36,4.36,0,0
UNV_MV,D,20200403,000000,4.59,4.59,4.59,4.59,0,0
UNV_MV,D,20200415,000000,4.59,4.82,4.59,4.82,0,0
UNV_MV,D,20200417,000000,4.59,4.59,3.67,4.13,0,0
UNV_MV,D,20200420,000000,4.36,5,4.36,4.47,0,0
UNV_MV,D,20200421,000000,4.59,4.59,4.59,4.59,0,0
UNV_MV,D,20200422,000000,4.36,4.82,3.67,4.82,0,0
UNV_MV,D,20200423,000000,4.13,4.13,4.13,4.13,0,0
UNV_MV,D,20200424,000000,4.11,4.11,4.11,4.11,0,0
UNV_MV,D,20200427,000000,3.9,3.9,3.67,3.67,0,0
UNV_MV,D,20200428,000000,3.9,4.54,3.9,4.54,0,0
UNV_MV,D,20200429,000000,4.59,4.59,4.59,4.59,0,0
UNV_MV,D,20200504,000000,4.13,4.54,3.62,4.54,0,0
UNV_MV,D,20200512,000000,3.9,4.31,3.67,4.31,0,0
UNV_MV,D,20200514,000000,4.36,4.4,3.9,4.13,0,0
UNV_MV,D,20200515,000000,4.13,4.36,4.13,4.36,0,0
UNV_MV,D,20200518,000000,4.13,4.13,4.13,4.13,0,0
UNV_MV,D,20200520,000000,4.36,4.36,4.36,4.36,0,0
UNV_MV,D,20200521,000000,4.4,4.4,4.4,4.4,0,0
UNV_MV,D,20200525,000000,4.13,4.13,3.9,3.9,0,0
UNV_MV,D,20200526,000000,4.13,4.4,3.9,4.13,0,0
UNV_MV,D,20200528,000000,4.36,4.36,4.36,4.36,0,0
UNV_MV,D,20200608,000000,4.36,4.36,4.36,4.36,0,0
UNV_MV,D,20200609,000000,4.13,4.4,4.13,4.4,0,0
UNV_MV,D,20200622,000000,4.38,4.4,4.38,4.4,0,0
UNV_MV,D,20200624,000000,4.13,4.13,3.67,3.67,0,0
UNV_MV,D,20200625,000000,3.9,4.36,3.9,4.36,0,0
UNV_MV,D,20200721,000000,4.31,4.4,4.31,4.4,0,0
UNV_MV,D,20200722,000000,4.36,4.82,4.13,4.82,0,0
UNV_MV,D,20200723,000000,4.91,5.78,4.91,5.78,0,0
UNV_MV,D,20200724,000000,5.78,5.78,4.77,5.69,0,0
UNV_MV,D,20200728,000000,4.68,5.05,4.68,5.05,0,0
UNV_MV,D,20200729,000000,5.09,5.09,5.05,5.05,0,0
UNV_MV,D,20200730,000000,4.59,4.82,4.59,4.82,0,0
UNV_MV,D,20200731,000000,4.82,4.82,4.82,4.82,0,0
UNV_MV,D,20200803,000000,5,5,4.95,4.95,0,0
UNV_MV,D,20200804,000000,5,5.73,4.59,4.59,0,0
UNV_MV,D,20200806,000000,4.59,4.59,4.59,4.59,0,0
UNV_MV,D,20200811,000000,5.05,5.05,4.63,4.63,0,0
UNV_MV,D,20200812,000000,4.63,4.63,4.63,4.63,0,0
UNV_MV,D,20200818,000000,4.59,4.59,3.67,4.24,0,0
UNV_MV,D,20200820,000000,3.9,3.9,2.94,3.21,0,0
UNV_MV,D,20200821,000000,3.44,3.67,3.44,3.44,0,0
UNV_MV,D,20200824,000000,3.67,3.67,3.67,3.67,0,0
UNV_MV,D,20200825,000000,3.21,3.85,3.21,3.23,0,0
UNV_MV,D,20200826,000000,3.28,3.85,3.28,3.85,0,0
UNV_MV,D,20200828,000000,3.85,3.85,3.85,3.85,0,0
UNV_MV,D,20200910,000000,3.21,3.21,2.61,3.21,0,0
UNV_MV,D,20200911,000000,3.44,3.44,3.44,3.44,0,0
UNV_MV,D,20200914,000000,3.21,3.21,2.75,2.75,0,0
UNV_MV,D,20200915,000000,3.21,3.21,3.21,3.21,0,0
UNV_MV,D,20200916,000000,3.1,3.44,3.1,3.44,0,0
UNV_MV,D,20201005,000000,3.44,3.44,3.44,3.44,0,0
UNV_MV,D,20201006,000000,3.21,3.21,3.21,3.21,0,0
UNV_MV,D,20201007,000000,3.44,3.67,3.44,3.67,0,0
UNV_MV,D,20201015,000000,3.44,3.44,2.98,3.33,0,0
UNV_MV,D,20201016,000000,3.33,3.62,3.33,3.62,0,0
UNV_MV,D,20201110,000000,3.21,3.67,3.21,3.21,0,0
UNV_MV,D,20201112,000000,3.21,3.39,2.98,3.39,0,0
UNV_MV,D,20201120,000000,3.23,3.26,3.23,3.26,0,0
UNV_MV,D,20201123,000000,3.44,3.85,3.44,3.85,0,0
UNV_MV,D,20201201,000000,3.85,4.36,3.85,4.33,0,0
UNV_MV,D,20201208,000000,4.13,4.13,4.13,4.13,0,0
UNV_MV,D,20201211,000000,4.27,4.27,3.49,4.27,0,0
UNV_MV,D,20201215,000000,3.9,4.08,3.9,4.08,0,0
UNV_MV,D,20201217,000000,4.13,4.82,3.9,3.9,0,0
UNV_MV,D,20201218,000000,4.13,4.13,4.13,4.13,0,0
UNV_MV,D,20201221,000000,4.17,5,4.17,5,0,0
UNV_MV,D,20201223,000000,5.96,7.16,5.96,7.16,0,0
UNV_MV,D,20201228,000000,8.58,10.09,8.17,10.05,0,0
UNV_MV,D,20201229,000000,10.09,11.47,10.09,11.01,0,0
UNV_MV,D,20201230,000000,11.47,12.39,11.47,12.16,0,0
UNV_MV,D,20210104,000000,11.47,13.76,11.47,13.65,0,0
UNV_MV,D,20210105,000000,13.65,13.76,11.01,13.53,0,0
UNV_MV,D,20210107,000000,13.53,13.53,13.53,13.53,0,0
UNV_MV,D,20210108,000000,13.53,13.53,13.53,13.53,0,0
UNV_MV,D,20210111,000000,13.65,16.06,13.65,15.94,0,0
UNV_MV,D,20210112,000000,15.94,17.2,15.02,17.2,0,0
UNV_MV,D,20210113,000000,18,21.56,18,21.56,0,0
UNV_MV,D,20210114,000000,25.23,27.29,24.77,24.77,0,0
UNV_MV,D,20210115,000000,27.29,31.88,26.38,29.82,0,0
UNV_MV,D,20210118,000000,29.82,30.05,26.61,28.67,0,0
UNV_MV,D,20210119,000000,30.05,30.05,26.15,29.36,0,0
UNV_MV,D,20210120,000000,29.59,29.82,29.59,29.59,0,0
UNV_MV,D,20210121,000000,29.59,35.32,29.59,35.32,0,0
UNV_MV,D,20210122,000000,39.45,45.87,37.16,40.6,0,0
UNV_MV,D,20210125,000000,34.4,41.28,34.4,41.28,0,0
UNV_MV,D,20210126,000000,38.99,45.41,35.78,45.41,0,0
UNV_MV,D,20210127,000000,45.41,45.64,38.99,42.66,0,0
UNV_MV,D,20210128,000000,41.97,48.17,41.97,47.71,0,0
UNV_MV,D,20210129,000000,48.17,50.46,46.33,50,0,0
UNV_MV,D,20210201,000000,50,50.92,48.17,49.54,0,0
UNV_MV,D,20210202,000000,49.08,49.08,39.68,42.66,0,0
UNV_MV,D,20210203,000000,38.99,42.2,31.19,41.06,0,0
UNV_MV,D,20210204,000000,41.06,41.06,41.06,41.06,0,0
UNV_MV,D,20210205,000000,40.83,41.74,39.45,39.45,0,0
UNV_MV,D,20210208,000000,34.4,40.37,32.57,40.14,0,0
UNV_MV,D,20210209,000000,40.37,40.83,34.63,36.7,0,0
UNV_MV,D,20210210,000000,32.8,38.07,32.57,38.07,0,0
UNV_MV,D,20210211,000000,38.99,38.99,32.57,37.16,0,0
UNV_MV,D,20210212,000000,35.55,35.55,35.55,35.55,0,0
UNV_MV,D,20210215,000000,33.49,38.99,29.82,38.99,0,0
UNV_MV,D,20210216,000000,34.4,34.4,32.34,33.72,0,0
UNV_MV,D,20210217,000000,36.7,36.7,36.7,36.7,0,0
UNV_MV,D,20210218,000000,36.7,37.62,36.7,37.62,0,0
UNV_MV,D,20210222,000000,37.62,37.84,36.7,36.7,0,0
UNV_MV,D,20210223,000000,37.62,37.62,37.62,37.62,0,0
UNV_MV,D,20210224,000000,33.26,33.26,31.42,31.65,0,0
UNV_MV,D,20210225,000000,31.42,31.42,31.42,31.42,0,0
UNV_MV,D,20210226,000000,32.57,33.26,32.57,33.26,0,0
UNV_MV,D,20210301,000000,32.57,36.24,32.57,36.24,0,0
UNV_MV,D,20210302,000000,33.49,34.4,33.49,34.17,0,0
UNV_MV,D,20210303,000000,34.17,36.24,34.17,35.78,0,0
UNV_MV,D,20210304,000000,32.11,34.17,22.94,25.69,0,0
UNV_MV,D,20210305,000000,27.52,27.52,20.64,25,0,0
UNV_MV,D,20210308,000000,21.56,27.06,20.64,26.38,0,0
UNV_MV,D,20210310,000000,26.38,27.52,26.38,27.52,0,0
UNV_MV,D,20210311,000000,29.36,29.36,29.36,29.36,0,0
UNV_MV,D,20210312,000000,29.36,29.36,27.52,27.52,0,0
UNV_MV,D,20210315,000000,24.08,27.52,24.08,27.52,0,0
UNV_MV,D,20210316,000000,27.52,27.52,27.52,27.52,0,0
UNV_MV,D,20210317,000000,27.29,29.13,27.29,29.13,0,0
UNV_MV,D,20210318,000000,25.23,28.67,24.08,28.67,0,0
UNV_MV,D,20210322,000000,28.44,28.44,25,27.98,0,0
UNV_MV,D,20210324,000000,25.46,27.52,25.46,27.52,0,0
UNV_MV,D,20210326,000000,25.23,27.52,25.23,27.52,0,0
UNV_MV,D,20210331,000000,27.52,27.52,27.52,27.52,0,0
UNV_MV,D,20210401,000000,25.69,25.69,24.08,24.31,0,0
UNV_MV,D,20210406,000000,26.38,27.52,25.23,27.52,0,0
UNV_MV,D,20210407,000000,27.52,33.26,27.06,32.11,0,0
UNV_MV,D,20210408,000000,30.28,33.26,30.28,32.11,0,0
UNV_MV,D,20210409,000000,33.03,34.63,27.52,29.82,0,0
UNV_MV,D,20210412,000000,29.82,34.63,29.82,34.63,0,0
UNV_MV,D,20210413,000000,33.72,33.72,33.72,33.72,0,0
UNV_MV,D,20210414,000000,33.72,33.72,32.11,32.11,0,0
UNV_MV,D,20210415,000000,33.26,33.26,33.26,33.26,0,0
UNV_MV,D,20210416,000000,34.17,34.17,34.17,34.17,0,0
UNV_MV,D,20210419,000000,30.96,30.96,24.31,26.38,0,0
UNV_MV,D,20210420,000000,24.31,25,22.94,25,0,0
UNV_MV,D,20210422,000000,22.94,22.94,18.35,22.94,0,0
UNV_MV,D,20210423,000000,24.31,24.31,20.64,22.94,0,0
UNV_MV,D,20210426,000000,24.31,24.54,22.94,24.54,0,0
UNV_MV,D,20210427,000000,22.94,24.31,22.94,24.31,0,0
UNV_MV,D,20210428,000000,22.94,22.94,22.94,22.94,0,0
UNV_MV,D,20210430,000000,20.87,23.85,20.87,23.85,0,0
UNV_MV,D,20210505,000000,22.94,25,21.22,23.85,0,0
UNV_MV,D,20210510,000000,20.64,22.94,18.92,22.94,0,0
UNV_MV,D,20210511,000000,19.04,22.71,19.04,22.71,0,0
UNV_MV,D,20210512,000000,18.92,20.64,18.81,18.81,0,0
UNV_MV,D,20210513,000000,16.28,18.81,16.17,18.81,0,0
UNV_MV,D,20210519,000000,16.51,18,13.76,15.37,0,0
UNV_MV,D,20210520,000000,14.45,15.94,14.45,15.94,0,0
UNV_MV,D,20210521,000000,13.76,16.28,13.76,16.06,0,0
UNV_MV,D,20210527,000000,14.91,16.06,14.91,16.06,0,0
UNV_MV,D,20210528,000000,14.91,14.91,14.91,14.91,0,0
UNV_MV,D,20210531,000000,17.89,19.72,14.56,16.06,0,0
UNV_MV,D,20210601,000000,19.27,19.27,16.06,18.12,0,0
UNV_MV,D,20210602,000000,19.61,19.61,17.2,17.2,0,0
UNV_MV,D,20210604,000000,18.35,19.72,18.35,19.72,0,0
UNV_MV,D,20210607,000000,20.64,29.36,20.64,28.67,0,0
UNV_MV,D,20210608,000000,29.36,33.26,25.46,33.26,0,0
UNV_MV,D,20210609,000000,33.26,33.26,22.94,26.38,0,0
UNV_MV,D,20210610,000000,29.13,29.13,24.54,28.44,0,0
UNV_MV,D,20210615,000000,23.39,23.39,21.45,22.94,0,0
UNV_MV,D,20210618,000000,22.94,25.69,22.94,25.69,0,0
UNV_MV,D,20210623,000000,24.77,25.46,23.17,25,0,0
UNV_MV,D,20210625,000000,24.77,26.61,24.77,26.61,0,0
UNV_MV,D,20210628,000000,25.23,28.67,22.94,28.44,0,0
UNV_MV,D,20210629,000000,28.67,28.67,22.94,22.94,0,0
UNV_MV,D,20210630,000000,23.85,26.15,20.64,26.15,0,0
UNV_MV,D,20210701,000000,25.69,25.69,23.17,25.23,0,0
UNV_MV,D,20210702,000000,25.69,25.69,25.23,25.23,0,0
UNV_MV,D,20210706,000000,22.94,25.46,22.94,25.46,0,0
UNV_MV,D,20210707,000000,24.08,25.69,23.39,25.69,0,0
UNV_MV,D,20210709,000000,22.94,25.69,22.94,25.23,0,0
UNV_MV,D,20210712,000000,22.94,25,22.94,25,0,0
UNV_MV,D,20210713,000000,21.79,23.85,19.5,21.79,0,0
UNV_MV,D,20210715,000000,18.69,21.79,16.06,20.18,0,0
UNV_MV,D,20210716,000000,20.18,20.18,20.18,20.18,0,0
UNV_MV,D,20210721,000000,20.64,20.64,20.64,20.64,0,0
UNV_MV,D,20210726,000000,17.55,20.3,17.43,20.3,0,0
UNV_MV,D,20210730,000000,17.32,19.27,17.2,19.27,0,0
UNV_MV,D,20210803,000000,17.2,17.2,16.17,16.17,0,0
UNV_MV,D,20210804,000000,17.32,17.32,17.2,17.2,0,0
UNV_MV,D,20210809,000000,17.2,18.23,16.4,18.23,0,0
UNV_MV,D,20210810,000000,18.23,21.22,18.23,20.64,0,0
UNV_MV,D,20210811,000000,19.61,20.41,17.32,20.41,0,0
UNV_MV,D,20210812,000000,20.41,20.41,17.32,20.18,0,0
UNV_MV,D,20210816,000000,17.43,20.53,17.43,20.53,0,0
UNV_MV,D,20210817,000000,20.41,22.59,20.41,22.59,0,0
UNV_MV,D,20210818,000000,22.59,22.59,18.81,22.48,0,0
UNV_MV,D,20210819,000000,18.23,22.36,18.23,22.36,0,0
UNV_MV,D,20210820,000000,20.64,22.36,20.64,22.02,0,0
UNV_MV,D,20210824,000000,21.9,22.02,18.35,18.35,0,0
UNV_MV,D,20210825,000000,21.1,21.1,17.43,20.41,0,0
UNV_MV,D,20210830,000000,19.95,19.95,19.95,19.95,0,0
UNV_MV,D,20210831,000000,19.84,19.84,19.84,19.84,0,0
UNV_MV,D,20210901,000000,19.84,19.95,19.84,19.95,0,0
UNV_MV,D,20210902,000000,19.95,20.41,19.95,20.41,0,0
UNV_MV,D,20210903,000000,20.41,20.41,20.41,20.41,0,0
UNV_MV,D,20210907,000000,20.3,20.3,20.3,20.3,0,0
UNV_MV,D,20210908,000000,20.3,20.3,20.3,20.3,0,0
UNV_MV,D,20210909,000000,20.3,20.3,20.3,20.3,0,0
UNV_MV,D,20210910,000000,20.3,20.3,20.3,20.3,0,0
UNV_MV,D,20210913,000000,20.3,20.3,20.3,20.3,0,0
UNV_MV,D,20210914,000000,20.3,20.3,20.3,20.3,0,0
UNV_MV,D,20210915,000000,20.3,20.3,20.3,20.3,0,0
UNV_MV,D,20210916,000000,17.55,20.3,17.32,20.3,0,0
UNV_MV,D,20210917,000000,20.3,20.3,16.28,16.28,0,0
UNV_MV,D,20210920,000000,17.2,19.15,16.17,19.15,0,0
UNV_MV,D,20210921,000000,16.17,19.38,16.17,19.38,0,0
UNV_MV,D,20210922,000000,19.27,19.27,16.17,18.35,0,0
UNV_MV,D,20210923,000000,16.97,17.43,15.02,16.74,0,0
UNV_MV,D,20210924,000000,16.97,17.09,15.37,15.37,0,0
UNV_MV,D,20210927,000000,17.2,17.2,17.2,17.2,0,0
UNV_MV,D,20210928,000000,16.97,17.78,16.97,17.78,0,0
UNV_MV,D,20210929,000000,17.89,17.89,17.89,17.89,0,0
UNV_MV,D,20211001,000000,15.6,17.32,15.6,17.2,0,0
UNV_MV,D,20211004,000000,17.2,17.2,15.94,16.97,0,0
UNV_MV,D,20211005,000000,17.09,17.09,17.09,17.09,0,0
UNV_MV,D,20211007,000000,16.06,16.63,15.37,16.63,0,0
UNV_MV,D,20211008,000000,16.63,17.2,16.63,17.2,0,0
UNV_MV,D,20211012,000000,17.2,17.43,17.2,17.43,0,0
UNV_MV,D,20211019,000000,15.48,15.48,15.48,15.48,0,0
UNV_MV,D,20211020,000000,15.48,16.97,15.48,16.97,0,0
UNV_MV,D,20211021,000000,15.6,16.28,15.37,16.28,0,0
UNV_MV,D,20211022,000000,16.4,16.4,16.4,16.4,0,0
UNV_MV,D,20211102,000000,14.91,14.91,14.91,14.91,0,0
UNV_MV,D,20211103,000000,13.99,15.94,13.88,15.94,0,0
UNV_MV,D,20211104,000000,13.88,13.88,13.76,13.76,0,0
UNV_MV,D,20211105,000000,14.45,15.25,14.45,15.25,0,0
UNV_MV,D,20211109,000000,14.34,14.34,11.24,12.27,0,0
UNV_MV,D,20211110,000000,12.16,12.27,11.33,12.27,0,0
UNV_MV,D,20211112,000000,10.32,10.32,8.81,9.54,0,0
UNV_MV,D,20211115,000000,9.63,10.23,9.63,10.09,0,0
UNV_MV,D,20211116,000000,10.09,14.45,10.09,14.22,0,0
UNV_MV,D,20211117,000000,14.45,15.83,12.39,14.91,0,0
UNV_MV,D,20211118,000000,14.91,15.48,14.91,15.48,0,0
UNV_MV,D,20211119,000000,15.02,15.48,15.02,15.48,0,0
UNV_MV,D,20211122,000000,12.61,14.91,12.61,14.91,0,0
UNV_MV,D,20211123,000000,12.61,12.61,12.16,12.16,0,0
UNV_MV,D,20211124,000000,12.04,13.99,10.32,13.99,0,0
UNV_MV,D,20211125,000000,11.47,13.76,10.32,12.61,0,0
UNV_MV,D,20211126,000000,10.73,12.61,10.73,12.61,0,0
UNV_MV,D,20211129,000000,12.61,12.61,10.87,10.87,0,0
UNV_MV,D,20211130,000000,12.61,13.3,12.61,12.61,0,0
UNV_MV,D,20211201,000000,12.39,13.42,12.39,13.42,0,0
UNV_MV,D,20211202,000000,13.07,13.88,11.58,12.96,0,0
UNV_MV,D,20211203,000000,12.84,13.76,11.47,13.76,0,0
UNV_MV,D,20211206,000000,13.76,13.76,11.58,13.53,0,0
UNV_MV,D,20211207,000000,13.3,14.91,12.27,14.68,0,0
UNV_MV,D,20211208,000000,14.68,17.2,13.99,16.97,0,0
UNV_MV,D,20211210,000000,16.97,17.2,16.97,17.2,0,0
UNV_MV,D,20211213,000000,17.2,17.2,15.48,16.97,0,0
UNV_MV,D,20211214,000000,16.97,18.12,16.97,18.12,0,0
UNV_MV,D,20211215,000000,15.37,18.35,15.37,18.35,0,0
UNV_MV,D,20211216,000000,17.2,18.35,14.91,18.23,0,0
UNV_MV,D,20211217,000000,18.23,18.23,15.14,17.09,0,0
UNV_MV,D,20211220,000000,18.23,18.23,18.23,18.23,0,0
UNV_MV,D,20211221,000000,18.23,18.23,15.25,18,0,0
UNV_MV,D,20211222,000000,17.89,18,17.89,18,0,0
UNV_MV,D,20211223,000000,15.25,17.89,15.25,17.89,0,0
UNV_MV,D,20211227,000000,15.37,17.55,15.25,17.43,0,0
UNV_MV,D,20211228,000000,17.43,18.23,17.2,18,0,0
UNV_MV,D,20211229,000000,18,18.12,15.37,18.12,0,0
UNV_MV,D,20211230,000000,18.12,18.23,15.37,17.2,0,0
UNV_MV,D,20220103,000000,16.06,17.09,16.06,17.09,0,0
UNV_MV,D,20220104,000000,15.6,16.97,15.6,16.97,0,0
UNV_MV,D,20220105,000000,15.6,16.97,15.6,16.97,0,0
UNV_MV,D,20220107,000000,17.09,17.09,15.14,17.09,0,0
UNV_MV,D,20220110,000000,15.25,16.51,13.76,16.51,0,0
UNV_MV,D,20220111,000000,16.4,17.2,14.22,15.94,0,0
UNV_MV,D,20220112,000000,16.97,16.97,16.97,16.97,0,0
UNV_MV,D,20220113,000000,15.94,16.63,14.45,16.63,0,0
UNV_MV,D,20220119,000000,14.56,15.02,13.76,15.02,0,0
UNV_MV,D,20220120,000000,15.83,15.94,13.76,14.91,0,0
UNV_MV,D,20220121,000000,13.76,15.6,13.76,15.6,0,0
UNV_MV,D,20220124,000000,12.73,15.02,12.73,15.02,0,0
UNV_MV,D,20220125,000000,14.79,14.91,14.79,14.91,0,0
UNV_MV,D,20220127,000000,12.96,14.79,12.61,14.79,0,0
UNV_MV,D,20220201,000000,13.76,14.11,13.76,14.11,0,0
UNV_MV,D,20220204,000000,13.99,13.99,11.93,13.65,0,0
UNV_MV,D,20220208,000000,11.7,13.19,11.01,11.47,0,0
UNV_MV,D,20220210,000000,13.19,13.19,13.19,13.19,0,0
UNV_MV,D,20220211,000000,13.07,13.07,11.47,11.47,0,0
UNV_MV,D,20220214,000000,12.61,12.61,12.61,12.61,0,0
UNV_MV,D,20220216,000000,11.1,11.93,11.06,11.93,0,0
UNV_MV,D,20220221,000000,11.28,11.7,11.28,11.7,0,0
UNV_MV,D,20220222,000000,11.28,11.28,10.55,10.64,0,0
UNV_MV,D,20220223,000000,11.42,11.42,11.42,11.42,0,0
UNV_MV,D,20220224,000000,10.6,12.04,10.55,12.04,0,0
UNV_MV,D,20220301,000000,10.78,10.78,10.78,10.78,0,0
UNV_MV,D,20220302,000000,11.81,11.81,11.81,11.81,0,0
UNV_MV,D,20220307,000000,11.58,11.58,11.58,11.58,0,0
UNV_MV,D,20220308,000000,11.01,11.01,11.01,11.01,0,0
UNV_MV,D,20220309,000000,10.55,11.47,9.63,11.47,0,0
UNV_MV,D,20220311,000000,9.31,9.31,9.31,9.31,0,0
UNV_MV,D,20220314,000000,11.15,11.15,10.18,10.18,0,0
UNV_MV,D,20220315,000000,10.18,10.18,10.18,10.18,0,0
UNV_MV,D,20220316,000000,10.73,10.73,10.73,10.73,0,0
UNV_MV,D,20220317,000000,10.69,10.69,10.69,10.69,0,0
UNV_MV,D,20220318,000000,10.32,10.69,10.32,10.69,0,0
UNV_MV,D,20220329,000000,10.73,12.73,10.73,12.73,0,0
UNV_MV,D,20220330,000000,12.84,15.14,12.84,14.91,0,0
UNV_MV,D,20220401,000000,12.04,14.11,12.04,14.11,0,0
UNV_MV,D,20220404,000000,12.39,14.79,11.01,12.84,0,0
UNV_MV,D,20220406,000000,12.96,14.22,11.47,11.47,0,0
UNV_MV,D,20220407,000000,11.93,13.53,11.93,13.53,0,0
UNV_MV,D,20220408,000000,13.53,13.53,13.53,13.53,0,0
UNV_MV,D,20220413,000000,12.5,12.73,12.5,12.73,0,0
UNV_MV,D,20220420,000000,11.93,12.5,11.93,12.5,0,0
UNV_MV,D,20220421,000000,12.16,12.16,12.16,12.16,0,0
UNV_MV,D,20220422,000000,12.61,12.73,12.61,12.73,0,0
UNV_MV,D,20220426,000000,12.16,12.27,12.16,12.27,0,0
UNV_MV,D,20220428,000000,12.39,12.5,12.39,12.5,0,0
UNV_MV,D,20220429,000000,12.27,12.27,12.27,12.27,0,0
UNV_MV,D,20220502,000000,10.87,10.87,10.83,10.83,0,0
UNV_MV,D,20220504,000000,12.39,12.39,12.39,12.39,0,0
UNV_MV,D,20220505,000000,12.73,12.73,12.73,12.73,0,0
UNV_MV,D,20220510,000000,10.55,10.55,10.55,10.55,0,0
UNV_MV,D,20220511,000000,12.39,12.39,12.39,12.39,0,0
UNV_MV,D,20220512,000000,10.69,12.04,10.64,12.04,0,0
UNV_MV,D,20220519,000000,11.7,13.76,10.32,13.3,0,0
UNV_MV,D,20220520,000000,12.96,14.11,12.73,14.11,0,0
UNV_MV,D,20220523,000000,13.99,13.99,11.33,13.76,0,0
UNV_MV,D,20220524,000000,11.58,13.07,11.58,13.07,0,0
UNV_MV,D,20220526,000000,13.19,14.56,13.19,14.56,0,0
UNV_MV,D,20220531,000000,14.11,14.11,11.81,11.81,0,0
UNV_MV,D,20220601,000000,13.99,13.99,13.99,13.99,0,0
UNV_MV,D,20220602,000000,13.99,13.99,13.99,13.99,0,0
UNV_MV,D,20220610,000000,13.76,13.88,13.76,13.88,0,0
UNV_MV,D,20220613,000000,13.88,15.71,13.88,15.71,0,0
UNV_MV,D,20220617,000000,15.02,15.02,12.27,12.27,0,0
UNV_MV,D,20220620,000000,13.76,13.76,12.61,13.65,0,0
UNV_MV,D,20220623,000000,11.7,13.53,11.7,13.53,0,0
UNV_MV,D,20220624,000000,13.53,13.76,13.53,13.76,0,0
UNV_MV,D,20220629,000000,13.53,14.79,13.53,13.76,0,0
UNV_MV,D,20220630,000000,14.68,14.68,14.56,14.56,0,0
UNV_MV,D,20220701,000000,14.56,14.56,10.14,10.73,0,0
UNV_MV,D,20220704,000000,11.01,11.01,8.81,8.99,0,0
UNV_MV,D,20220705,000000,9.13,9.17,9.13,9.17,0,0
UNV_MV,D,20220707,000000,9.54,9.54,9.54,9.54,0,0
UNV_MV,D,20220708,000000,9.45,9.45,9.45,9.45,0,0
UNV_MV,D,20220712,000000,9.17,9.17,8.44,9.17,0,0
UNV_MV,D,20220713,000000,9.4,9.4,9.4,9.4,0,0
UNV_MV,D,20220714,000000,9.45,9.5,9.45,9.5,0,0
UNV_MV,D,20220721,000000,9.5,10.73,9.5,10.73,0,0
UNV_MV,D,20220725,000000,10.46,10.64,10.46,10.64,0,0
UNV_MV,D,20220726,000000,10.6,10.6,10.6,10.6,0,0
UNV_MV,D,20220802,000000,9.63,9.63,9.63,9.63,0,0
UNV_MV,D,20220803,000000,10.55,12.61,10.55,12.61,0,0
UNV_MV,D,20220804,000000,12.73,14.91,12.73,14.91,0,0
UNV_MV,D,20220805,000000,13.76,13.76,11.47,13.07,0,0
UNV_MV,D,20220808,000000,13.07,13.65,13.07,13.65,0,0
UNV_MV,D,20220809,000000,14.22,14.45,14.22,14.45,0,0
UNV_MV,D,20220811,000000,13.07,13.07,13.07,13.07,0,0
UNV_MV,D,20220812,000000,12.61,12.61,12.61,12.61,0,0
UNV_MV,D,20220816,000000,12.73,12.73,9.72,10.55,0,0
UNV_MV,D,20220817,000000,9.91,11.33,9.91,11.33,0,0
UNV_MV,D,20220819,000000,11.24,11.28,11.24,11.28,0,0
UNV_MV,D,20220822,000000,11.28,11.28,11.28,11.28,0,0
UNV_MV,D,20220823,000000,11.28,13.53,11.28,13.53,0,0
UNV_MV,D,20220824,000000,12.73,12.73,12.73,12.73,0,0
UNV_MV,D,20220829,000000,12.61,13.99,12.61,13.99,0,0
