<TICKER>,<PER>,<DATE>,<TIME>,<OPEN>,<HIGH>,<LOW>,<CLOSE>,<VOL>,<OPENINT>
1655.N,D,20151110,000000,98.42,98.42,98.42,98.42,0,0
1655.N,D,20151112,000000,98.08,98.08,98.08,98.08,0,0
1655.N,D,20151113,000000,97.42,97.42,97.42,97.42,0,0
1655.N,D,20151116,000000,97.19,97.19,97.19,97.19,0,0
1655.N,D,20151117,000000,97.67,97.67,97.67,97.67,0,0
1655.N,D,20151118,000000,97.38,97.38,97.38,97.38,0,0
1655.N,D,20151119,000000,97.75,97.75,97.75,97.75,0,0
1655.N,D,20151120,000000,98.15,98.15,98.15,98.15,0,0
1655.N,D,20151123,000000,96.87,96.87,96.87,96.87,0,0
1655.N,D,20151124,000000,96.47,96.47,96.47,96.47,0,0
1655.N,D,20151125,000000,96.69,96.69,96.69,96.69,0,0
1655.N,D,20151126,000000,97.65,97.65,97.65,97.65,0,0
1655.N,D,20151127,000000,97.64,97.64,97.64,97.64,0,0
1655.N,D,20151130,000000,98.16,98.16,98.16,98.16,0,0
1655.N,D,20151201,000000,97.71,97.71,97.71,97.71,0,0
1655.N,D,20151202,000000,96.33,96.33,96.33,96.33,0,0
1655.N,D,20151203,000000,96.47,96.47,96.47,96.47,0,0
1655.N,D,20151204,000000,95.54,95.54,95.54,95.54,0,0
1655.N,D,20151207,000000,95.85,95.85,95.85,95.85,0,0
1655.N,D,20151208,000000,95.16,95.16,95.16,95.16,0,0
1655.N,D,20151209,000000,93.32,93.32,93.32,93.32,0,0
1655.N,D,20151210,000000,93.34,93.34,93.34,93.34,0,0
1655.N,D,20151211,000000,92.12,92.12,92.12,92.12,0,0
1655.N,D,20151214,000000,90.61,90.61,90.61,90.61,0,0
1655.N,D,20151215,000000,91.54,91.54,91.54,91.54,0,0
1655.N,D,20151216,000000,92.03,92.03,92.03,92.03,0,0
1655.N,D,20151217,000000,93.41,93.41,93.41,93.41,0,0
1655.N,D,20151218,000000,93.41,93.41,93.41,93.41,0,0
1655.N,D,20151221,000000,94.67,94.67,94.67,94.67,0,0
1655.N,D,20151222,000000,94.94,94.94,94.94,94.94,0,0
1655.N,D,20151223,000000,95.06,95.06,95.06,95.06,0,0
1655.N,D,20151228,000000,95.29,95.29,95.29,95.29,0,0
1655.N,D,20151229,000000,96.55,96.55,96.55,96.55,0,0
1655.N,D,20151230,000000,95.68,95.68,95.68,95.68,0,0
1655.N,D,20160104,000000,94.14,94.14,94.14,94.14,0,0
1655.N,D,20160105,000000,94.63,94.63,94.63,94.63,0,0
1655.N,D,20160107,000000,93.12,93.12,93.12,93.12,0,0
1655.N,D,20160108,000000,92.13,92.13,92.13,92.13,0,0
1655.N,D,20160111,000000,90.81,90.81,90.81,90.81,0,0
1655.N,D,20160112,000000,92.65,92.65,92.65,92.65,0,0
1655.N,D,20160113,000000,93.82,93.82,93.82,93.82,0,0
1655.N,D,20160114,000000,92.75,92.75,92.75,92.75,0,0
1655.N,D,20160115,000000,91.23,91.23,91.23,91.23,0,0
1655.N,D,20160118,000000,88.95,88.95,88.95,88.95,0,0
1655.N,D,20160119,000000,89.28,89.28,89.28,89.28,0,0
1655.N,D,20160120,000000,87.56,87.56,87.56,87.56,0,0
1655.N,D,20160121,000000,86.66,86.66,86.66,86.66,0,0
1655.N,D,20160122,000000,87.69,87.69,87.69,87.69,0,0
1655.N,D,20160125,000000,88.51,88.51,88.51,88.51,0,0
1655.N,D,20160126,000000,88.36,88.36,88.36,88.36,0,0
1655.N,D,20160127,000000,88.96,88.96,88.96,88.96,0,0
1655.N,D,20160128,000000,89.68,89.68,89.68,89.68,0,0
1655.N,D,20160129,000000,90.29,90.29,90.29,90.29,0,0
1655.N,D,20160201,000000,90.73,90.73,90.73,90.73,0,0
1655.N,D,20160202,000000,90.76,90.76,90.76,90.76,0,0
1655.N,D,20160203,000000,90.64,90.64,90.64,90.64,0,0
1655.N,D,20160204,000000,91.68,91.68,91.68,91.68,0,0
1655.N,D,20160205,000000,92.38,92.38,92.38,92.38,0,0
1655.N,D,20160208,000000,90.87,90.87,90.87,90.87,0,0
1655.N,D,20160209,000000,90.31,90.31,90.31,90.31,0,0
1655.N,D,20160210,000000,89.83,89.83,89.83,89.83,0,0
1655.N,D,20160211,000000,89.16,89.16,89.16,89.16,0,0
1655.N,D,20160212,000000,89.17,89.17,89.17,89.17,0,0
1655.N,D,20160215,000000,90.37,90.37,90.37,90.37,0,0
1655.N,D,20160216,000000,90.28,90.28,90.28,90.28,0,0
1655.N,D,20160217,000000,92.82,92.82,92.82,92.82,0,0
1655.N,D,20160218,000000,93.49,93.49,93.49,93.49,0,0
1655.N,D,20160219,000000,91.99,91.99,91.99,91.99,0,0
1655.N,D,20160222,000000,93.06,93.06,93.06,93.06,0,0
1655.N,D,20160223,000000,93.7,93.7,93.7,93.7,0,0
1655.N,D,20160224,000000,92.76,92.76,92.76,92.76,0,0
1655.N,D,20160225,000000,92.53,92.53,92.53,92.53,0,0
1655.N,D,20160226,000000,93.63,93.63,93.63,93.63,0,0
1655.N,D,20160229,000000,93.32,93.32,93.32,93.32,0,0
1655.N,D,20160301,000000,92.54,92.54,92.54,92.54,0,0
1655.N,D,20160302,000000,92.6,92.6,92.6,92.6,0,0
1655.N,D,20160303,000000,94.44,94.44,94.44,94.44,0,0
1655.N,D,20160304,000000,94.41,94.41,94.41,94.41,0,0
1655.N,D,20160307,000000,95.04,95.04,95.04,95.04,0,0
1655.N,D,20160308,000000,95.03,95.03,95.03,95.03,0,0
1655.N,D,20160309,000000,94.22,94.22,94.22,94.22,0,0
1655.N,D,20160310,000000,94.66,94.66,94.66,94.66,0,0
1655.N,D,20160311,000000,95.4,95.4,95.4,95.4,0,0
1655.N,D,20160314,000000,95.79,95.79,95.79,95.79,0,0
1655.N,D,20160315,000000,95.32,95.32,95.32,95.32,0,0
1655.N,D,20160316,000000,95.02,95.02,95.02,95.02,0,0
1655.N,D,20160317,000000,95.85,95.85,95.85,95.85,0,0
1655.N,D,20160318,000000,96.12,96.12,96.12,96.12,0,0
1655.N,D,20160321,000000,96,96,96,96,0,0
1655.N,D,20160322,000000,95.47,95.47,95.47,95.47,0,0
1655.N,D,20160323,000000,95.43,95.43,95.43,95.43,0,0
1655.N,D,20160324,000000,95.61,95.61,95.61,95.61,0,0
1655.N,D,20160329,000000,95.92,95.92,95.92,95.92,0,0
1655.N,D,20160330,000000,96.64,96.64,96.64,96.64,0,0
1655.N,D,20160331,000000,96.91,96.91,96.91,96.91,0,0
1655.N,D,20160401,000000,96.04,96.04,96.04,96.04,0,0
1655.N,D,20160404,000000,96.73,96.73,96.73,96.73,0,0
1655.N,D,20160405,000000,95.33,95.33,95.33,95.33,0,0
1655.N,D,20160406,000000,93.83,93.83,93.83,93.83,0,0
1655.N,D,20160407,000000,94.47,94.47,94.47,94.47,0,0
1655.N,D,20160408,000000,95.28,95.28,95.28,95.28,0,0
1655.N,D,20160411,000000,95.34,95.34,95.34,95.34,0,0
1655.N,D,20160412,000000,95.25,95.25,95.25,95.25,0,0
1655.N,D,20160413,000000,96.58,96.58,96.58,96.58,0,0
1655.N,D,20160414,000000,96.76,96.76,96.76,96.76,0,0
1655.N,D,20160415,000000,96.61,96.61,96.61,96.61,0,0
1655.N,D,20160418,000000,96.58,96.58,96.58,96.58,0,0
1655.N,D,20160419,000000,97.11,97.11,97.11,97.11,0,0
1655.N,D,20160420,000000,97.65,97.65,97.65,97.65,0,0
1655.N,D,20160421,000000,98.28,98.28,98.28,98.28,0,0
1655.N,D,20160422,000000,98.56,98.56,98.56,98.56,0,0
1655.N,D,20160425,000000,98.33,98.33,98.33,98.33,0,0
1655.N,D,20160426,000000,97.61,97.61,97.61,97.61,0,0
1655.N,D,20160427,000000,97.42,97.42,97.42,97.42,0,0
1655.N,D,20160428,000000,97.3,97.3,97.3,97.3,0,0
1655.N,D,20160429,000000,97.28,97.28,97.28,97.28,0,0
1655.N,D,20160502,000000,97.4,97.4,97.4,97.4,0,0
1655.N,D,20160504,000000,96.39,96.39,96.39,96.39,0,0
1655.N,D,20160505,000000,95.43,95.43,95.43,95.43,0,0
1655.N,D,20160506,000000,95.43,95.43,95.43,95.43,0,0
1655.N,D,20160509,000000,95.67,95.67,95.67,95.67,0,0
1655.N,D,20160510,000000,95.01,95.01,95.01,95.01,0,0
1655.N,D,20160511,000000,94.95,94.95,94.95,94.95,0,0
1655.N,D,20160512,000000,94.99,94.99,94.99,94.99,0,0
1655.N,D,20160513,000000,94.8,94.8,94.8,94.8,0,0
1655.N,D,20160516,000000,95.69,95.69,95.69,95.69,0,0
1655.N,D,20160517,000000,95.84,95.84,95.84,95.84,0,0
1655.N,D,20160518,000000,95.77,95.77,95.77,95.77,0,0
1655.N,D,20160519,000000,94.65,94.65,94.65,94.65,0,0
1655.N,D,20160520,000000,94.21,94.21,94.21,94.21,0,0
1655.N,D,20160523,000000,94.56,94.56,94.56,94.56,0,0
1655.N,D,20160524,000000,94.93,94.93,94.93,94.93,0,0
1655.N,D,20160525,000000,95.72,95.72,95.72,95.72,0,0
1655.N,D,20160527,000000,96.31,96.31,96.31,96.31,0,0
1655.N,D,20160530,000000,95.56,95.56,95.56,95.56,0,0
1655.N,D,20160531,000000,94.21,94.21,94.21,94.21,0,0
1655.N,D,20160601,000000,92.19,92.19,92.19,92.19,0,0
1655.N,D,20160602,000000,92.57,92.57,92.57,92.57,0,0
1655.N,D,20160603,000000,94.3,94.3,94.3,94.3,0,0
1655.N,D,20160606,000000,94.28,94.28,94.28,94.28,0,0
1655.N,D,20160607,000000,95.84,95.84,95.84,95.84,0,0
1655.N,D,20160608,000000,95.99,95.99,95.99,95.99,0,0
1655.N,D,20160609,000000,95.06,95.06,95.06,95.06,0,0
1655.N,D,20160610,000000,94.58,94.58,94.58,94.58,0,0
1655.N,D,20160613,000000,93.49,93.49,93.49,93.49,0,0
1655.N,D,20160614,000000,92.88,92.88,92.88,92.88,0,0
1655.N,D,20160615,000000,93.01,93.01,93.01,93.01,0,0
1655.N,D,20160616,000000,91.27,91.27,91.27,91.27,0,0
1655.N,D,20160617,000000,92.99,92.99,92.99,92.99,0,0
1655.N,D,20160620,000000,93.7,93.7,93.7,93.7,0,0
1655.N,D,20160621,000000,93.85,93.85,93.85,93.85,0,0
1655.N,D,20160622,000000,94.51,94.51,94.51,94.51,0,0
1655.N,D,20160623,000000,95.66,95.66,95.66,95.66,0,0
1655.N,D,20160624,000000,90.82,90.82,90.82,90.82,0,0
1655.N,D,20160627,000000,90.05,90.05,90.05,90.05,0,0
1655.N,D,20160628,000000,91.85,91.85,91.85,91.85,0,0
1655.N,D,20160629,000000,92.24,92.24,92.24,92.24,0,0
1655.N,D,20160630,000000,92.2,92.2,92.2,92.2,0,0
1655.N,D,20160701,000000,92.51,92.51,92.51,92.51,0,0
1655.N,D,20160704,000000,91.89,91.89,91.89,91.89,0,0
1655.N,D,20160705,000000,91.79,91.79,91.79,91.79,0,0
1655.N,D,20160706,000000,90.7,90.7,90.7,90.7,0,0
1655.N,D,20160707,000000,91.88,91.88,91.88,91.88,0,0
1655.N,D,20160708,000000,92.27,92.27,92.27,92.27,0,0
1655.N,D,20160711,000000,93.71,93.71,93.71,93.71,0,0
1655.N,D,20160712,000000,94.48,94.48,94.48,94.48,0,0
1655.N,D,20160713,000000,94.92,94.92,94.92,94.92,0,0
1655.N,D,20160714,000000,95.3,95.3,95.3,95.3,0,0
1655.N,D,20160715,000000,95.75,95.75,95.75,95.75,0,0
1655.N,D,20160718,000000,96.59,96.59,96.59,96.59,0,0
1655.N,D,20160719,000000,96.56,96.56,96.56,96.56,0,0
1655.N,D,20160720,000000,97.34,97.34,97.34,97.34,0,0
1655.N,D,20160721,000000,98.05,98.05,98.05,98.05,0,0
1655.N,D,20160722,000000,98.56,98.56,98.56,98.56,0,0
1655.N,D,20160725,000000,99.34,99.34,99.34,99.34,0,0
1655.N,D,20160726,000000,99.61,99.61,99.61,99.61,0,0
1655.N,D,20160727,000000,99.53,99.53,99.53,99.53,0,0
1655.N,D,20160728,000000,99.91,99.91,99.91,99.91,0,0
1655.N,D,20160729,000000,99.32,99.32,99.32,99.32,0,0
1655.N,D,20160801,000000,99.6,99.6,99.6,99.6,0,0
1655.N,D,20160802,000000,100.79,100.79,100.79,100.79,0,0
1655.N,D,20160803,000000,100.35,100.35,100.35,100.35,0,0
1655.N,D,20160804,000000,101.23,101.23,101.23,101.23,0,0
1655.N,D,20160805,000000,102.01,102.01,102.01,102.01,0,0
1655.N,D,20160808,000000,102.71,102.71,102.71,102.71,0,0
1655.N,D,20160809,000000,104.11,104.11,104.11,104.11,0,0
1655.N,D,20160810,000000,104.45,104.45,104.45,104.45,0,0
1655.N,D,20160811,000000,104.94,104.94,104.94,104.94,0,0
1655.N,D,20160812,000000,105.42,105.42,105.42,105.42,0,0
1655.N,D,20160816,000000,105.58,105.58,105.58,105.58,0,0
1655.N,D,20160817,000000,105.03,105.03,105.03,105.03,0,0
1655.N,D,20160818,000000,105.12,105.12,105.12,105.12,0,0
1655.N,D,20160819,000000,104.67,104.67,104.67,104.67,0,0
1655.N,D,20160822,000000,105.34,105.34,105.34,105.34,0,0
1655.N,D,20160823,000000,105.83,105.83,105.83,105.83,0,0
1655.N,D,20160824,000000,105.81,105.81,105.81,105.81,0,0
1655.N,D,20160825,000000,106.16,106.16,106.16,106.16,0,0
1655.N,D,20160826,000000,106.72,106.72,106.72,106.72,0,0
1655.N,D,20160829,000000,106.23,106.23,106.23,106.23,0,0
1655.N,D,20160830,000000,107.98,107.98,107.98,107.98,0,0
1655.N,D,20160831,000000,108.02,108.02,108.02,108.02,0,0
1655.N,D,20160901,000000,106.85,106.85,106.85,106.85,0,0
1655.N,D,20160902,000000,107.37,107.37,107.37,107.37,0,0
1655.N,D,20160905,000000,109.24,109.24,109.24,109.24,0,0
1655.N,D,20160906,000000,109.77,109.77,109.77,109.77,0,0
1655.N,D,20160907,000000,110.25,110.25,110.25,110.25,0,0
1655.N,D,20160908,000000,109.77,109.77,109.77,109.77,0,0
1655.N,D,20160909,000000,108.79,108.79,108.79,108.79,0,0
1655.N,D,20160912,000000,107.4,107.4,107.4,107.4,0,0
1655.N,D,20160913,000000,108.15,108.15,108.15,108.15,0,0
1655.N,D,20160914,000000,108.6,108.6,108.6,108.6,0,0
1655.N,D,20160915,000000,109.22,109.22,109.22,109.22,0,0
1655.N,D,20160916,000000,110.44,110.44,110.44,110.44,0,0
1655.N,D,20160919,000000,110.36,110.36,110.36,110.36,0,0
1655.N,D,20160920,000000,110.2,110.2,110.2,110.2,0,0
1655.N,D,20160921,000000,110.82,110.82,110.82,110.82,0,0
1655.N,D,20160922,000000,112.39,112.39,112.39,112.39,0,0
1655.N,D,20160923,000000,111.79,111.79,111.79,111.79,0,0
1655.N,D,20160926,000000,111.52,111.52,111.52,111.52,0,0
1655.N,D,20160927,000000,111.16,111.16,111.16,111.16,0,0
1655.N,D,20160928,000000,111.1,111.1,111.1,111.1,0,0
1655.N,D,20160929,000000,111.29,111.29,111.29,111.29,0,0
1655.N,D,20160930,000000,110.46,110.46,110.46,110.46,0,0
1655.N,D,20161003,000000,110.69,110.69,110.69,110.69,0,0
1655.N,D,20161004,000000,110.85,110.85,110.85,110.85,0,0
1655.N,D,20161005,000000,110.71,110.71,110.71,110.71,0,0
1655.N,D,20161006,000000,110.65,110.65,110.65,110.65,0,0
1655.N,D,20161007,000000,109.91,109.91,109.91,109.91,0,0
1655.N,D,20161010,000000,110,110,110,110,0,0
1655.N,D,20161011,000000,110.44,110.44,110.44,110.44,0,0
1655.N,D,20161012,000000,110.15,110.15,110.15,110.15,0,0
1655.N,D,20161013,000000,109.6,109.6,109.6,109.6,0,0
1655.N,D,20161014,000000,110.59,110.59,110.59,110.59,0,0
1655.N,D,20161017,000000,111.26,111.26,111.26,111.26,0,0
1655.N,D,20161018,000000,111.85,111.85,111.85,111.85,0,0
1655.N,D,20161019,000000,112.33,112.33,112.33,112.33,0,0
1655.N,D,20161020,000000,111.83,111.83,111.83,111.83,0,0
1655.N,D,20161021,000000,111.75,111.75,111.75,111.75,0,0
1655.N,D,20161024,000000,112.36,112.36,112.36,112.36,0,0
1655.N,D,20161025,000000,111.52,111.52,111.52,111.52,0,0
1655.N,D,20161026,000000,111.66,111.66,111.66,111.66,0,0
1655.N,D,20161027,000000,111.6,111.6,111.6,111.6,0,0
1655.N,D,20161028,000000,111.7,111.7,111.7,111.7,0,0
1655.N,D,20161031,000000,112.68,112.68,112.68,112.68,0,0
1655.N,D,20161102,000000,109.69,109.69,109.69,109.69,0,0
1655.N,D,20161103,000000,109.81,109.81,109.81,109.81,0,0
1655.N,D,20161104,000000,108.69,108.69,108.69,108.69,0,0
1655.N,D,20161107,000000,109.03,109.03,109.03,109.03,0,0
1655.N,D,20161108,000000,109.47,109.47,109.47,109.47,0,0
1655.N,D,20161109,000000,109.17,109.17,109.17,109.17,0,0
1655.N,D,20161110,000000,110.27,110.27,110.27,110.27,0,0
1655.N,D,20161114,000000,109.11,109.11,109.11,109.11,0,0
1655.N,D,20161115,000000,109.46,109.46,109.46,109.46,0,0
1655.N,D,20161116,000000,109.68,109.68,109.68,109.68,0,0
1655.N,D,20161117,000000,108.88,108.88,108.88,108.88,0,0
1655.N,D,20161118,000000,108.22,108.22,108.22,108.22,0,0
1655.N,D,20161121,000000,109.19,109.19,109.19,109.19,0,0
1655.N,D,20161122,000000,110.66,110.66,110.66,110.66,0,0
1655.N,D,20161123,000000,111.83,111.83,111.83,111.83,0,0
1655.N,D,20161124,000000,112.56,112.56,112.56,112.56,0,0
1655.N,D,20161125,000000,112.22,112.22,112.22,112.22,0,0
1655.N,D,20161128,000000,112.27,112.27,112.27,112.27,0,0
1655.N,D,20161129,000000,111.6,111.6,111.6,111.6,0,0
1655.N,D,20161130,000000,112.44,112.44,112.44,112.44,0,0
1655.N,D,20161201,000000,112.76,112.76,112.76,112.76,0,0
1655.N,D,20161202,000000,113.33,113.33,113.33,113.33,0,0
1655.N,D,20161205,000000,114.62,114.62,114.62,114.62,0,0
1655.N,D,20161206,000000,115.28,115.28,115.28,115.28,0,0
1655.N,D,20161207,000000,114.2,114.2,114.2,114.2,0,0
1655.N,D,20161208,000000,115.86,115.86,115.86,115.86,0,0
1655.N,D,20161209,000000,115.26,115.26,115.26,115.26,0,0
1655.N,D,20161212,000000,115.47,115.47,115.47,115.47,0,0
1655.N,D,20161213,000000,116.16,116.16,116.16,116.16,0,0
1655.N,D,20161214,000000,115.68,115.68,115.68,115.68,0,0
1655.N,D,20161215,000000,114.96,114.96,114.96,114.96,0,0
1655.N,D,20161216,000000,115.52,115.52,115.52,115.52,0,0
1655.N,D,20161219,000000,114.69,114.69,114.69,114.69,0,0
1655.N,D,20161220,000000,115.39,115.39,115.39,115.39,0,0
1655.N,D,20161221,000000,114.96,114.96,114.96,114.96,0,0
1655.N,D,20161222,000000,114.46,114.46,114.46,114.46,0,0
1655.N,D,20161223,000000,114.68,114.68,114.68,114.68,0,0
1655.N,D,20161227,000000,114.96,114.96,114.96,114.96,0,0
1655.N,D,20161228,000000,115.22,115.22,115.22,115.22,0,0
1655.N,D,20161229,000000,115.97,115.97,115.97,115.97,0,0
1655.N,D,20161230,000000,116.05,116.05,116.05,116.05,0,0
1655.N,D,20170102,000000,115.63,115.63,115.63,115.63,0,0
1655.N,D,20170103,000000,116.07,116.07,116.07,116.07,0,0
1655.N,D,20170104,000000,116.55,116.55,116.55,116.55,0,0
1655.N,D,20170105,000000,116.39,116.39,116.39,116.39,0,0
1655.N,D,20170109,000000,117.31,117.31,117.31,117.31,0,0
1655.N,D,20170110,000000,118.95,118.95,118.95,118.95,0,0
1655.N,D,20170111,000000,120.69,120.69,120.69,120.69,0,0
1655.N,D,20170112,000000,121.09,121.09,121.09,121.09,0,0
1655.N,D,20170113,000000,120.68,120.68,120.68,120.68,0,0
1655.N,D,20170116,000000,120.98,120.98,120.98,120.98,0,0
1655.N,D,20170117,000000,121.12,121.12,121.12,121.12,0,0
1655.N,D,20170118,000000,121.24,121.24,121.24,121.24,0,0
1655.N,D,20170119,000000,121.86,121.86,121.86,121.86,0,0
1655.N,D,20170120,000000,122.33,122.33,122.33,122.33,0,0
1655.N,D,20170123,000000,122.99,122.99,122.99,122.99,0,0
1655.N,D,20170124,000000,124.3,124.3,124.3,124.3,0,0
1655.N,D,20170125,000000,127.42,127.42,127.42,127.42,0,0
1655.N,D,20170126,000000,127.76,127.76,127.76,127.76,0,0
1655.N,D,20170127,000000,127.85,127.85,127.85,127.85,0,0
1655.N,D,20170130,000000,127.25,127.25,127.25,127.25,0,0
1655.N,D,20170131,000000,127.69,127.69,127.69,127.69,0,0
1655.N,D,20170201,000000,128.1,128.1,128.1,128.1,0,0
1655.N,D,20170202,000000,127.25,127.25,127.25,127.25,0,0
1655.N,D,20170203,000000,126.66,126.66,126.66,126.66,0,0
1655.N,D,20170206,000000,126.55,126.55,126.55,126.55,0,0
1655.N,D,20170207,000000,126.8,126.8,126.8,126.8,0,0
1655.N,D,20170208,000000,127.55,127.55,127.55,127.55,0,0
1655.N,D,20170209,000000,130.28,130.28,130.28,130.28,0,0
1655.N,D,20170210,000000,131.98,131.98,131.98,131.98,0,0
1655.N,D,20170213,000000,132.31,132.31,132.31,132.31,0,0
1655.N,D,20170214,000000,131.99,131.99,131.99,131.99,0,0
1655.N,D,20170215,000000,131.9,131.9,131.9,131.9,0,0
1655.N,D,20170216,000000,132.96,132.96,132.96,132.96,0,0
1655.N,D,20170217,000000,131.71,131.71,131.71,131.71,0,0
1655.N,D,20170220,000000,131.99,131.99,131.99,131.99,0,0
1655.N,D,20170221,000000,134.32,134.32,134.32,134.32,0,0
1655.N,D,20170222,000000,134.72,134.72,134.72,134.72,0,0
1655.N,D,20170223,000000,134.87,134.87,134.87,134.87,0,0
1655.N,D,20170224,000000,133.5,133.5,133.5,133.5,0,0
1655.N,D,20170227,000000,133.75,133.75,133.75,133.75,0,0
1655.N,D,20170228,000000,132.95,132.95,132.95,132.95,0,0
1655.N,D,20170301,000000,135.15,135.15,135.15,135.15,0,0
1655.N,D,20170302,000000,135.53,135.53,135.53,135.53,0,0
1655.N,D,20170303,000000,134.6,134.6,134.6,134.6,0,0
1655.N,D,20170306,000000,133.68,133.68,133.68,133.68,0,0
1655.N,D,20170307,000000,132.73,132.73,132.73,132.73,0,0
1655.N,D,20170308,000000,131.51,131.51,131.51,131.51,0,0
1655.N,D,20170309,000000,130.17,130.17,130.17,130.17,0,0
1655.N,D,20170310,000000,131.1,131.1,131.1,131.1,0,0
1655.N,D,20170313,000000,133.09,133.09,133.09,133.09,0,0
1655.N,D,20170314,000000,133.55,133.55,133.55,133.55,0,0
1655.N,D,20170315,000000,133.19,133.19,133.19,133.19,0,0
1655.N,D,20170316,000000,134.8,134.8,134.8,134.8,0,0
1655.N,D,20170317,000000,134.54,134.54,134.54,134.54,0,0
1655.N,D,20170320,000000,134.28,134.28,134.28,134.28,0,0
1655.N,D,20170321,000000,132.56,132.56,132.56,132.56,0,0
1655.N,D,20170322,000000,131.03,131.03,131.03,131.03,0,0
1655.N,D,20170323,000000,132.07,132.07,132.07,132.07,0,0
1655.N,D,20170324,000000,131.83,131.83,131.83,131.83,0,0
1655.N,D,20170327,000000,130.42,130.42,130.42,130.42,0,0
1655.N,D,20170328,000000,131.83,131.83,131.83,131.83,0,0
1655.N,D,20170329,000000,131.52,131.52,131.52,131.52,0,0
1655.N,D,20170330,000000,131.03,131.03,131.03,131.03,0,0
1655.N,D,20170331,000000,130.46,130.46,130.46,130.46,0,0
1655.N,D,20170403,000000,130.24,130.24,130.24,130.24,0,0
1655.N,D,20170404,000000,130.64,130.64,130.64,130.64,0,0
1655.N,D,20170405,000000,131.54,131.54,131.54,131.54,0,0
1655.N,D,20170406,000000,131.8,131.8,131.8,131.8,0,0
1655.N,D,20170407,000000,131.4,131.4,131.4,131.4,0,0
1655.N,D,20170410,000000,130.42,130.42,130.42,130.42,0,0
1655.N,D,20170411,000000,128.56,128.56,128.56,128.56,0,0
1655.N,D,20170412,000000,128.74,128.74,128.74,128.74,0,0
1655.N,D,20170413,000000,128.76,128.76,128.76,128.76,0,0
1655.N,D,20170418,000000,128.77,128.77,128.77,128.77,0,0
1655.N,D,20170419,000000,130.06,130.06,130.06,130.06,0,0
1655.N,D,20170420,000000,129.91,129.91,129.91,129.91,0,0
1655.N,D,20170421,000000,129.42,129.42,129.42,129.42,0,0
1655.N,D,20170424,000000,131.81,131.81,131.81,131.81,0,0
1655.N,D,20170425,000000,134.13,134.13,134.13,134.13,0,0
1655.N,D,20170426,000000,134.27,134.27,134.27,134.27,0,0
1655.N,D,20170427,000000,134.72,134.72,134.72,134.72,0,0
1655.N,D,20170428,000000,134.52,134.52,134.52,134.52,0,0
1655.N,D,20170502,000000,136.19,136.19,136.19,136.19,0,0
1655.N,D,20170504,000000,135.87,135.87,135.87,135.87,0,0
1655.N,D,20170505,000000,135.56,135.56,135.56,135.56,0,0
1655.N,D,20170508,000000,135.4,135.4,135.4,135.4,0,0
1655.N,D,20170509,000000,135.71,135.71,135.71,135.71,0,0
1655.N,D,20170510,000000,136.07,136.07,136.07,136.07,0,0
1655.N,D,20170511,000000,136.01,136.01,136.01,136.01,0,0
1655.N,D,20170512,000000,135.19,135.19,135.19,135.19,0,0
1655.N,D,20170515,000000,135.15,135.15,135.15,135.15,0,0
1655.N,D,20170516,000000,133.51,133.51,133.51,133.51,0,0
1655.N,D,20170517,000000,131.46,131.46,131.46,131.46,0,0
1655.N,D,20170518,000000,130.71,130.71,130.71,130.71,0,0
1655.N,D,20170519,000000,132.85,132.85,132.85,132.85,0,0
1655.N,D,20170522,000000,133.19,133.19,133.19,133.19,0,0
1655.N,D,20170523,000000,132.81,132.81,132.81,132.81,0,0
1655.N,D,20170524,000000,133.85,133.85,133.85,133.85,0,0
1655.N,D,20170525,000000,135.39,135.39,135.39,135.39,0,0
1655.N,D,20170526,000000,134.47,134.47,134.47,134.47,0,0
1655.N,D,20170529,000000,134.43,134.43,134.43,134.43,0,0
1655.N,D,20170530,000000,134.06,134.06,134.06,134.06,0,0
1655.N,D,20170531,000000,133.29,133.29,133.29,133.29,0,0
1655.N,D,20170601,000000,134.75,134.75,134.75,134.75,0,0
1655.N,D,20170602,000000,136.21,136.21,136.21,136.21,0,0
1655.N,D,20170605,000000,135.18,135.18,135.18,135.18,0,0
1655.N,D,20170606,000000,136.01,136.01,136.01,136.01,0,0
1655.N,D,20170607,000000,135.38,135.38,135.38,135.38,0,0
1655.N,D,20170608,000000,135.67,135.67,135.67,135.67,0,0
1655.N,D,20170609,000000,135.82,135.82,135.82,135.82,0,0
1655.N,D,20170612,000000,134.34,134.34,134.34,134.34,0,0
1655.N,D,20170613,000000,134.52,134.52,134.52,134.52,0,0
1655.N,D,20170614,000000,134.39,134.39,134.39,134.39,0,0
1655.N,D,20170616,000000,133.96,133.96,133.96,133.96,0,0
1655.N,D,20170619,000000,134.77,134.77,134.77,134.77,0,0
1655.N,D,20170620,000000,135.33,135.33,135.33,135.33,0,0
1655.N,D,20170621,000000,135.81,135.81,135.81,135.81,0,0
1655.N,D,20170622,000000,135.84,135.84,135.84,135.84,0,0
1655.N,D,20170623,000000,136.45,136.45,136.45,136.45,0,0
1655.N,D,20170626,000000,137.66,137.66,137.66,137.66,0,0
1655.N,D,20170627,000000,138.48,138.48,138.48,138.48,0,0
1655.N,D,20170628,000000,136.63,136.63,136.63,136.63,0,0
1655.N,D,20170629,000000,136.84,136.84,136.84,136.84,0,0
1655.N,D,20170630,000000,136.89,136.89,136.89,136.89,0,0
1655.N,D,20170703,000000,136.88,136.88,136.88,136.88,0,0
1655.N,D,20170704,000000,136.33,136.33,136.33,136.33,0,0
1655.N,D,20170705,000000,136.34,136.34,136.34,136.34,0,0
1655.N,D,20170706,000000,136.37,136.37,136.37,136.37,0,0
1655.N,D,20170707,000000,135.93,135.93,135.93,135.93,0,0
1655.N,D,20170710,000000,136.29,136.29,136.29,136.29,0,0
1655.N,D,20170711,000000,136.1,136.1,136.1,136.1,0,0
1655.N,D,20170712,000000,136.52,136.52,136.52,136.52,0,0
1655.N,D,20170713,000000,136.64,136.64,136.64,136.64,0,0
1655.N,D,20170714,000000,136.88,136.88,136.88,136.88,0,0
1655.N,D,20170717,000000,137.1,137.1,137.1,137.1,0,0
1655.N,D,20170718,000000,137.36,137.36,137.36,137.36,0,0
1655.N,D,20170719,000000,137.21,137.21,137.21,137.21,0,0
1655.N,D,20170720,000000,137.73,137.73,137.73,137.73,0,0
1655.N,D,20170721,000000,137.92,137.92,137.92,137.92,0,0
1655.N,D,20170724,000000,137.86,137.86,137.86,137.86,0,0
1655.N,D,20170725,000000,138,138,138,138,0,0
1655.N,D,20170726,000000,137.97,137.97,137.97,137.97,0,0
1655.N,D,20170727,000000,138.76,138.76,138.76,138.76,0,0
1655.N,D,20170728,000000,138.8,138.8,138.8,138.8,0,0
1655.N,D,20170731,000000,138.8,138.8,138.8,138.8,0,0
1655.N,D,20170801,000000,138.94,138.94,138.94,138.94,0,0
1655.N,D,20170802,000000,138.68,138.68,138.68,138.68,0,0
1655.N,D,20170803,000000,138.52,138.52,138.52,138.52,0,0
1655.N,D,20170804,000000,138.38,138.38,138.38,138.38,0,0
1655.N,D,20170807,000000,138.46,138.46,138.46,138.46,0,0
1655.N,D,20170808,000000,138.71,138.71,138.71,138.71,0,0
1655.N,D,20170809,000000,138.49,138.49,138.49,138.49,0,0
1655.N,D,20170810,000000,138.28,138.28,138.28,138.28,0,0
1655.N,D,20170811,000000,138,138,138,138,0,0
1655.N,D,20170814,000000,138.1,138.1,138.1,138.1,0,0
1655.N,D,20170816,000000,138.33,138.33,138.33,138.33,0,0
1655.N,D,20170817,000000,138.14,138.14,138.14,138.14,0,0
1655.N,D,20170818,000000,138.25,138.25,138.25,138.25,0,0
1655.N,D,20170821,000000,138.44,138.44,138.44,138.44,0,0
1655.N,D,20170822,000000,138.72,138.72,138.72,138.72,0,0
1655.N,D,20170823,000000,138.89,138.89,138.89,138.89,0,0
1655.N,D,20170824,000000,139.56,139.56,139.56,139.56,0,0
1655.N,D,20170825,000000,139.58,139.58,139.58,139.58,0,0
1655.N,D,20170828,000000,140.31,140.31,140.31,140.31,0,0
1655.N,D,20170829,000000,139.7,139.7,139.7,139.7,0,0
1655.N,D,20170830,000000,140,140,140,140,0,0
1655.N,D,20170831,000000,140.1,140.1,140.1,140.1,0,0
1655.N,D,20170901,000000,140.25,140.25,140.25,140.25,0,0
1655.N,D,20170904,000000,140.29,140.29,140.29,140.29,0,0
1655.N,D,20170905,000000,140.41,140.41,140.41,140.41,0,0
1655.N,D,20170906,000000,140.4,140.4,140.4,140.4,0,0
1655.N,D,20170907,000000,140.19,140.19,140.19,140.19,0,0
1655.N,D,20170908,000000,140.17,140.17,140.17,140.17,0,0
1655.N,D,20170911,000000,140.55,140.55,140.55,140.55,0,0
1655.N,D,20170912,000000,140.35,140.35,140.35,140.35,0,0
1655.N,D,20170913,000000,140.24,140.24,140.24,140.24,0,0
1655.N,D,20170914,000000,140.21,140.21,140.21,140.21,0,0
1655.N,D,20170915,000000,140.12,140.12,140.12,140.12,0,0
1655.N,D,20170918,000000,140.15,140.15,140.15,140.15,0,0
1655.N,D,20170919,000000,140.01,140.01,140.01,140.01,0,0
1655.N,D,20170920,000000,139.95,139.95,139.95,139.95,0,0
1655.N,D,20170921,000000,139.37,139.37,139.37,139.37,0,0
1655.N,D,20170922,000000,139.65,139.65,139.65,139.65,0,0
1655.N,D,20170925,000000,139.65,139.65,139.65,139.65,0,0
1655.N,D,20170926,000000,139.53,139.53,139.53,139.53,0,0
1655.N,D,20170927,000000,139.38,139.38,139.38,139.38,0,0
1655.N,D,20170928,000000,139.63,139.63,139.63,139.63,0,0
1655.N,D,20170929,000000,140.01,140.01,140.01,140.01,0,0
1655.N,D,20171002,000000,139.89,139.89,139.89,139.89,0,0
1655.N,D,20171003,000000,139.83,139.83,139.83,139.83,0,0
1655.N,D,20171004,000000,139.48,139.48,139.48,139.48,0,0
1655.N,D,20171005,000000,139.73,139.73,139.73,139.73,0,0
1655.N,D,20171006,000000,139.5,139.5,139.5,139.5,0,0
1655.N,D,20171009,000000,139.56,139.56,139.56,139.56,0,0
1655.N,D,20171010,000000,139.77,139.77,139.77,139.77,0,0
1655.N,D,20171011,000000,140.34,140.34,140.34,140.34,0,0
1655.N,D,20171012,000000,140.26,140.26,140.26,140.26,0,0
1655.N,D,20171013,000000,140.3,140.3,140.3,140.3,0,0
1655.N,D,20171016,000000,140.52,140.52,140.52,140.52,0,0
1655.N,D,20171017,000000,140.03,140.03,140.03,140.03,0,0
1655.N,D,20171018,000000,139.71,139.71,139.71,139.71,0,0
1655.N,D,20171019,000000,139.17,139.17,139.17,139.17,0,0
1655.N,D,20171020,000000,138.99,138.99,138.99,138.99,0,0
1655.N,D,20171023,000000,138.88,138.88,138.88,138.88,0,0
1655.N,D,20171024,000000,138.26,138.26,138.26,138.26,0,0
1655.N,D,20171025,000000,138.52,138.52,138.52,138.52,0,0
1655.N,D,20171026,000000,138.63,138.63,138.63,138.63,0,0
1655.N,D,20171027,000000,139.17,139.17,139.17,139.17,0,0
1655.N,D,20171030,000000,139.51,139.51,139.51,139.51,0,0
1655.N,D,20171031,000000,139.69,139.69,139.69,139.69,0,0
1655.N,D,20171102,000000,139.27,139.27,139.27,139.27,0,0
1655.N,D,20171103,000000,139.21,139.21,139.21,139.21,0,0
1655.N,D,20171106,000000,139.52,139.52,139.52,139.52,0,0
1655.N,D,20171107,000000,139.84,139.84,139.84,139.84,0,0
1655.N,D,20171108,000000,139.53,139.53,139.53,139.53,0,0
1655.N,D,20171109,000000,139.14,139.14,139.14,139.14,0,0
1655.N,D,20171110,000000,138.87,138.87,138.87,138.87,0,0
1655.N,D,20171113,000000,138.56,138.56,138.56,138.56,0,0
1655.N,D,20171114,000000,138.6,138.6,138.6,138.6,0,0
1655.N,D,20171115,000000,138.1,138.1,138.1,138.1,0,0
1655.N,D,20171116,000000,138.28,138.28,138.28,138.28,0,0
1655.N,D,20171117,000000,138.83,138.83,138.83,138.83,0,0
1655.N,D,20171120,000000,139.09,139.09,139.09,139.09,0,0
1655.N,D,20171121,000000,139.52,139.52,139.52,139.52,0,0
1655.N,D,20171122,000000,139.79,139.79,139.79,139.79,0,0
1655.N,D,20171123,000000,140.3,140.3,140.3,140.3,0,0
1655.N,D,20171124,000000,140.15,140.15,140.15,140.15,0,0
1655.N,D,20171127,000000,140.4,140.4,140.4,140.4,0,0
1655.N,D,20171128,000000,140.26,140.26,140.26,140.26,0,0
1655.N,D,20171129,000000,139.57,139.57,139.57,139.57,0,0
1655.N,D,20171130,000000,139.2,139.2,139.2,139.2,0,0
1655.N,D,20171201,000000,138.73,138.73,138.73,138.73,0,0
1655.N,D,20171204,000000,139.09,139.09,139.09,139.09,0,0
1655.N,D,20171205,000000,139.26,139.26,139.26,139.26,0,0
1655.N,D,20171206,000000,139.04,139.04,139.04,139.04,0,0
1655.N,D,20171207,000000,138.99,138.99,138.99,138.99,0,0
1655.N,D,20171208,000000,139.23,139.23,139.23,139.23,0,0
1655.N,D,20171211,000000,139.21,139.21,139.21,139.21,0,0
1655.N,D,20171212,000000,139.56,139.56,139.56,139.56,0,0
1655.N,D,20171213,000000,139.62,139.62,139.62,139.62,0,0
1655.N,D,20171214,000000,139.97,139.97,139.97,139.97,0,0
1655.N,D,20171215,000000,139.88,139.88,139.88,139.88,0,0
1655.N,D,20171218,000000,140.46,140.46,140.46,140.46,0,0
1655.N,D,20171219,000000,140.01,140.01,140.01,140.01,0,0
1655.N,D,20171220,000000,139.8,139.8,139.8,139.8,0,0
1655.N,D,20171221,000000,139.91,139.91,139.91,139.91,0,0
1655.N,D,20171222,000000,139.85,139.85,139.85,139.85,0,0
1655.N,D,20171227,000000,140.54,140.54,140.54,140.54,0,0
1655.N,D,20171228,000000,140.83,140.83,140.83,140.83,0,0
1655.N,D,20171229,000000,140.67,140.67,140.67,140.67,0,0
1655.N,D,20180103,000000,140.9,140.9,140.9,140.9,0,0
1655.N,D,20180104,000000,141.98,141.98,141.98,141.98,0,0
1655.N,D,20180105,000000,142.14,142.14,142.14,142.14,0,0
1655.N,D,20180108,000000,142.42,142.42,142.42,142.42,0,0
1655.N,D,20180109,000000,142.16,142.16,142.16,142.16,0,0
1655.N,D,20180110,000000,141.71,141.71,141.71,141.71,0,0
1655.N,D,20180111,000000,142,142,142,142,0,0
1655.N,D,20180112,000000,142.11,142.11,142.11,142.11,0,0
1655.N,D,20180115,000000,142.31,142.31,142.31,142.31,0,0
1655.N,D,20180116,000000,143,143,143,143,0,0
1655.N,D,20180117,000000,143.17,143.17,143.17,143.17,0,0
1655.N,D,20180118,000000,143.19,143.19,143.19,143.19,0,0
1655.N,D,20180119,000000,143.44,143.44,143.44,143.44,0,0
1655.N,D,20180122,000000,143.78,143.78,143.78,143.78,0,0
1655.N,D,20180123,000000,144.04,144.04,144.04,144.04,0,0
1655.N,D,20180124,000000,143.9,143.9,143.9,143.9,0,0
1655.N,D,20180125,000000,143.42,143.42,143.42,143.42,0,0
1655.N,D,20180126,000000,143.57,143.57,143.57,143.57,0,0
1655.N,D,20180129,000000,143.36,143.36,143.36,143.36,0,0
1655.N,D,20180130,000000,142.95,142.95,142.95,142.95,0,0
1655.N,D,20180131,000000,142.96,142.96,142.96,142.96,0,0
1655.N,D,20180201,000000,142.49,142.49,142.49,142.49,0,0
1655.N,D,20180202,000000,142.12,142.12,142.12,142.12,0,0
1655.N,D,20180205,000000,141.86,141.86,141.86,141.86,0,0
1655.N,D,20180206,000000,140.19,140.19,140.19,140.19,0,0
1655.N,D,20180207,000000,140.72,140.72,140.72,140.72,0,0
1655.N,D,20180208,000000,140.12,140.12,140.12,140.12,0,0
1655.N,D,20180209,000000,139.6,139.6,139.6,139.6,0,0
1655.N,D,20180212,000000,140.28,140.28,140.28,140.28,0,0
1655.N,D,20180213,000000,140.72,140.72,140.72,140.72,0,0
1655.N,D,20180214,000000,141.14,141.14,141.14,141.14,0,0
1655.N,D,20180215,000000,140.77,140.77,140.77,140.77,0,0
1655.N,D,20180216,000000,140.79,140.79,140.79,140.79,0,0
1655.N,D,20180219,000000,140.74,140.74,140.74,140.74,0,0
1655.N,D,20180220,000000,140.89,140.89,140.89,140.89,0,0
1655.N,D,20180221,000000,140.84,140.84,140.84,140.84,0,0
1655.N,D,20180222,000000,141.01,141.01,141.01,141.01,0,0
1655.N,D,20180223,000000,141.09,141.09,141.09,141.09,0,0
1655.N,D,20180226,000000,141.23,141.23,141.23,141.23,0,0
1655.N,D,20180227,000000,141.48,141.48,141.48,141.48,0,0
1655.N,D,20180228,000000,140.62,140.62,140.62,140.62,0,0
1655.N,D,20180301,000000,140.41,140.41,140.41,140.41,0,0
1655.N,D,20180302,000000,140.11,140.11,140.11,140.11,0,0
1655.N,D,20180305,000000,140.17,140.17,140.17,140.17,0,0
1655.N,D,20180306,000000,140.39,140.39,140.39,140.39,0,0
1655.N,D,20180307,000000,140.88,140.88,140.88,140.88,0,0
1655.N,D,20180308,000000,140.65,140.65,140.65,140.65,0,0
1655.N,D,20180309,000000,141.14,141.14,141.14,141.14,0,0
1655.N,D,20180312,000000,141.51,141.51,141.51,141.51,0,0
1655.N,D,20180313,000000,141.01,141.01,141.01,141.01,0,0
1655.N,D,20180314,000000,140.82,140.82,140.82,140.82,0,0
1655.N,D,20180315,000000,140.77,140.77,140.77,140.77,0,0
1655.N,D,20180316,000000,140.04,140.04,140.04,140.04,0,0
1655.N,D,20180319,000000,139.44,139.44,139.44,139.44,0,0
1655.N,D,20180320,000000,139.44,139.44,139.44,139.44,0,0
1655.N,D,20180321,000000,140.13,140.13,140.13,140.13,0,0
1655.N,D,20180322,000000,139.48,139.48,139.48,139.48,0,0
1655.N,D,20180323,000000,139.34,139.34,139.34,139.34,0,0
1655.N,D,20180326,000000,139.01,139.01,139.01,139.01,0,0
1655.N,D,20180327,000000,138.99,138.99,138.99,138.99,0,0
1655.N,D,20180328,000000,138.23,138.23,138.23,138.23,0,0
1655.N,D,20180329,000000,138.74,138.74,138.74,138.74,0,0
1655.N,D,20180403,000000,139.2,139.2,139.2,139.2,0,0
1655.N,D,20180404,000000,138.72,138.72,138.72,138.72,0,0
1655.N,D,20180405,000000,139.65,139.65,139.65,139.65,0,0
1655.N,D,20180406,000000,139.77,139.77,139.77,139.77,0,0
1655.N,D,20180409,000000,140.23,140.23,140.23,140.23,0,0
1655.N,D,20180410,000000,140.68,140.68,140.68,140.68,0,0
1655.N,D,20180411,000000,140.7,140.7,140.7,140.7,0,0
1655.N,D,20180412,000000,141.39,141.39,141.39,141.39,0,0
1655.N,D,20180413,000000,141.18,141.18,141.18,141.18,0,0
1655.N,D,20180416,000000,140.82,140.82,140.82,140.82,0,0
1655.N,D,20180417,000000,141.05,141.05,141.05,141.05,0,0
1655.N,D,20180418,000000,141.31,141.31,141.31,141.31,0,0
1655.N,D,20180419,000000,141.53,141.53,141.53,141.53,0,0
1655.N,D,20180420,000000,140.94,140.94,140.94,140.94,0,0
1655.N,D,20180423,000000,140.81,140.81,140.81,140.81,0,0
1655.N,D,20180424,000000,140.59,140.59,140.59,140.59,0,0
1655.N,D,20180425,000000,140.15,140.15,140.15,140.15,0,0
1655.N,D,20180426,000000,140.61,140.61,140.61,140.61,0,0
1655.N,D,20180427,000000,140.49,140.49,140.49,140.49,0,0
1655.N,D,20180430,000000,140.68,140.68,140.68,140.68,0,0
1655.N,D,20180502,000000,140.54,140.54,140.54,140.54,0,0
1655.N,D,20180504,000000,139.65,139.65,139.65,139.65,0,0
1655.N,D,20180507,000000,139.59,139.59,139.59,139.59,0,0
1655.N,D,20180508,000000,139.44,139.44,139.44,139.44,0,0
1655.N,D,20180509,000000,139.91,139.91,139.91,139.91,0,0
1655.N,D,20180510,000000,140.38,140.38,140.38,140.38,0,0
1655.N,D,20180511,000000,141.04,141.04,141.04,141.04,0,0
1655.N,D,20180514,000000,141.04,141.04,141.04,141.04,0,0
1655.N,D,20180515,000000,140.17,140.17,140.17,140.17,0,0
1655.N,D,20180516,000000,140.43,140.43,140.43,140.43,0,0
1655.N,D,20180517,000000,139.89,139.89,139.89,139.89,0,0
1655.N,D,20180518,000000,139.35,139.35,139.35,139.35,0,0
1655.N,D,20180521,000000,139.96,139.96,139.96,139.96,0,0
1655.N,D,20180522,000000,139.91,139.91,139.91,139.91,0,0
1655.N,D,20180523,000000,139.2,139.2,139.2,139.2,0,0
1655.N,D,20180524,000000,139.34,139.34,139.34,139.34,0,0
1655.N,D,20180525,000000,139.44,139.44,139.44,139.44,0,0
1655.N,D,20180528,000000,139.61,139.61,139.61,139.61,0,0
1655.N,D,20180529,000000,138.62,138.62,138.62,138.62,0,0
1655.N,D,20180530,000000,138.21,138.21,138.21,138.21,0,0
1655.N,D,20180601,000000,139.11,139.11,139.11,139.11,0,0
1655.N,D,20180604,000000,139.76,139.76,139.76,139.76,0,0
1655.N,D,20180605,000000,140.48,140.48,140.48,140.48,0,0
1655.N,D,20180606,000000,140.5,140.5,140.5,140.5,0,0
1655.N,D,20180607,000000,140.7,140.7,140.7,140.7,0,0
1655.N,D,20180608,000000,140.17,140.17,140.17,140.17,0,0
1655.N,D,20180611,000000,139.96,139.96,139.96,139.96,0,0
1655.N,D,20180612,000000,140.23,140.23,140.23,140.23,0,0
1655.N,D,20180613,000000,139.99,139.99,139.99,139.99,0,0
1655.N,D,20180614,000000,140.08,140.08,140.08,140.08,0,0
1655.N,D,20180615,000000,139.21,139.21,139.21,139.21,0,0
1655.N,D,20180618,000000,138.21,138.21,138.21,138.21,0,0
1655.N,D,20180619,000000,137.65,137.65,137.65,137.65,0,0
1655.N,D,20180620,000000,138.38,138.38,138.38,138.38,0,0
1655.N,D,20180621,000000,138.28,138.28,138.28,138.28,0,0
1655.N,D,20180622,000000,138.27,138.27,138.27,138.27,0,0
1655.N,D,20180625,000000,137.98,137.98,137.98,137.98,0,0
1655.N,D,20180626,000000,137.7,137.7,137.7,137.7,0,0
1655.N,D,20180627,000000,137.72,137.72,137.72,137.72,0,0
1655.N,D,20180628,000000,136.88,136.88,136.88,136.88,0,0
1655.N,D,20180629,000000,137.83,137.83,137.83,137.83,0,0
1655.N,D,20180702,000000,137.59,137.59,137.59,137.59,0,0
1655.N,D,20180703,000000,137.87,137.87,137.87,137.87,0,0
1655.N,D,20180704,000000,138.62,138.62,138.62,138.62,0,0
1655.N,D,20180705,000000,138.69,138.69,138.69,138.69,0,0
1655.N,D,20180706,000000,138.54,138.54,138.54,138.54,0,0
1655.N,D,20180709,000000,138.56,138.56,138.56,138.56,0,0
1655.N,D,20180710,000000,139.2,139.2,139.2,139.2,0,0
1655.N,D,20180711,000000,138.82,138.82,138.82,138.82,0,0
1655.N,D,20180712,000000,138.97,138.97,138.97,138.97,0,0
1655.N,D,20180713,000000,138.96,138.96,138.96,138.96,0,0
1655.N,D,20180716,000000,138.73,138.73,138.73,138.73,0,0
1655.N,D,20180717,000000,139.12,139.12,139.12,139.12,0,0
1655.N,D,20180718,000000,138.98,138.98,138.98,138.98,0,0
1655.N,D,20180719,000000,139.08,139.08,139.08,139.08,0,0
1655.N,D,20180720,000000,139.56,139.56,139.56,139.56,0,0
1655.N,D,20180723,000000,140.01,140.01,140.01,140.01,0,0
1655.N,D,20180724,000000,140.82,140.82,140.82,140.82,0,0
1655.N,D,20180725,000000,141.28,141.28,141.28,141.28,0,0
1655.N,D,20180726,000000,142.05,142.05,142.05,142.05,0,0
1655.N,D,20180727,000000,141.86,141.86,141.86,141.86,0,0
1655.N,D,20180730,000000,142.35,142.35,142.35,142.35,0,0
1655.N,D,20180731,000000,142.12,142.12,142.12,142.12,0,0
1655.N,D,20180801,000000,142.38,142.38,142.38,142.38,0,0
1655.N,D,20180802,000000,141.79,141.79,141.79,141.79,0,0
1655.N,D,20180803,000000,142,142,142,142,0,0
1655.N,D,20180806,000000,142.14,142.14,142.14,142.14,0,0
1655.N,D,20180807,000000,142.35,142.35,142.35,142.35,0,0
1655.N,D,20180808,000000,142.59,142.59,142.59,142.59,0,0
1655.N,D,20180809,000000,142.98,142.98,142.98,142.98,0,0
1655.N,D,20180810,000000,141.34,141.34,141.34,141.34,0,0
1655.N,D,20180813,000000,141.27,141.27,141.27,141.27,0,0
1655.N,D,20180814,000000,141.46,141.46,141.46,141.46,0,0
1655.N,D,20180816,000000,141.19,141.19,141.19,141.19,0,0
1655.N,D,20180817,000000,140.55,140.55,140.55,140.55,0,0
1655.N,D,20180820,000000,140.96,140.96,140.96,140.96,0,0
1655.N,D,20180821,000000,141.74,141.74,141.74,141.74,0,0
1655.N,D,20180822,000000,141.92,141.92,141.92,141.92,0,0
1655.N,D,20180823,000000,142.23,142.23,142.23,142.23,0,0
1655.N,D,20180824,000000,142.11,142.11,142.11,142.11,0,0
1655.N,D,20180827,000000,143.31,143.31,143.31,143.31,0,0
1655.N,D,20180828,000000,143.57,143.57,143.57,143.57,0,0
1655.N,D,20180829,000000,143.37,143.37,143.37,143.37,0,0
1655.N,D,20180830,000000,142.9,142.9,142.9,142.9,0,0
1655.N,D,20180831,000000,142.4,142.4,142.4,142.4,0,0
1655.N,D,20180903,000000,142.34,142.34,142.34,142.34,0,0
1655.N,D,20180904,000000,141.63,141.63,141.63,141.63,0,0
1655.N,D,20180905,000000,140.97,140.97,140.97,140.97,0,0
1655.N,D,20180906,000000,140.53,140.53,140.53,140.53,0,0
1655.N,D,20180907,000000,139.77,139.77,139.77,139.77,0,0
1655.N,D,20180910,000000,139.97,139.97,139.97,139.97,0,0
1655.N,D,20180911,000000,139.79,139.79,139.79,139.79,0,0
1655.N,D,20180912,000000,139.29,139.29,139.29,139.29,0,0
1655.N,D,20180913,000000,140.03,140.03,140.03,140.03,0,0
1655.N,D,20180914,000000,140.18,140.18,140.18,140.18,0,0
1655.N,D,20180917,000000,139.7,139.7,139.7,139.7,0,0
1655.N,D,20180918,000000,140.17,140.17,140.17,140.17,0,0
1655.N,D,20180919,000000,140.78,140.78,140.78,140.78,0,0
1655.N,D,20180920,000000,141.02,141.02,141.02,141.02,0,0
1655.N,D,20180921,000000,140.96,140.96,140.96,140.96,0,0
1655.N,D,20180924,000000,141.42,141.42,141.42,141.42,0,0
1655.N,D,20180925,000000,141.54,141.54,141.54,141.54,0,0
1655.N,D,20180926,000000,141.97,141.97,141.97,141.97,0,0
1655.N,D,20180927,000000,142.11,142.11,142.11,142.11,0,0
1655.N,D,20180928,000000,141.74,141.74,141.74,141.74,0,0
1655.N,D,20181001,000000,141.73,141.73,141.73,141.73,0,0
1655.N,D,20181002,000000,141.64,141.64,141.64,141.64,0,0
1655.N,D,20181003,000000,141.99,141.99,141.99,141.99,0,0
1655.N,D,20181004,000000,141.43,141.43,141.43,141.43,0,0
1655.N,D,20181005,000000,141.12,141.12,141.12,141.12,0,0
1655.N,D,20181008,000000,140.3,140.3,140.3,140.3,0,0
1655.N,D,20181009,000000,140.73,140.73,140.73,140.73,0,0
1655.N,D,20181010,000000,139.71,139.71,139.71,139.71,0,0
1655.N,D,20181011,000000,139.2,139.2,139.2,139.2,0,0
1655.N,D,20181012,000000,139.79,139.79,139.79,139.79,0,0
1655.N,D,20181015,000000,139.68,139.68,139.68,139.68,0,0
1655.N,D,20181016,000000,140.65,140.65,140.65,140.65,0,0
1655.N,D,20181017,000000,140.54,140.54,140.54,140.54,0,0
1655.N,D,20181018,000000,140.19,140.19,140.19,140.19,0,0
1655.N,D,20181019,000000,140.2,140.2,140.2,140.2,0,0
1655.N,D,20181022,000000,140.11,140.11,140.11,140.11,0,0
1655.N,D,20181023,000000,139.33,139.33,139.33,139.33,0,0
1655.N,D,20181024,000000,139.33,139.33,139.33,139.33,0,0
1655.N,D,20181025,000000,139.21,139.21,139.21,139.21,0,0
1655.N,D,20181026,000000,138.19,138.19,138.19,138.19,0,0
1655.N,D,20181029,000000,138.32,138.32,138.32,138.32,0,0
1655.N,D,20181030,000000,138.46,138.46,138.46,138.46,0,0
1655.N,D,20181031,000000,139.12,139.12,139.12,139.12,0,0
1655.N,D,20181102,000000,140.09,140.09,140.09,140.09,0,0
1655.N,D,20181105,000000,140.83,140.83,140.83,140.83,0,0
1655.N,D,20181106,000000,140.76,140.76,140.76,140.76,0,0
1655.N,D,20181107,000000,141.71,141.71,141.71,141.71,0,0
1655.N,D,20181108,000000,141.56,141.56,141.56,141.56,0,0
1655.N,D,20181109,000000,140.89,140.89,140.89,140.89,0,0
1655.N,D,20181113,000000,140.55,140.55,140.55,140.55,0,0
1655.N,D,20181114,000000,140.73,140.73,140.73,140.73,0,0
1655.N,D,20181115,000000,140.17,140.17,140.17,140.17,0,0
1655.N,D,20181116,000000,139.08,139.08,139.08,139.08,0,0
1655.N,D,20181119,000000,139.62,139.62,139.62,139.62,0,0
1655.N,D,20181120,000000,138.95,138.95,138.95,138.95,0,0
1655.N,D,20181121,000000,140.1,140.1,140.1,140.1,0,0
1655.N,D,20181122,000000,140.4,140.4,140.4,140.4,0,0
1655.N,D,20181123,000000,140.52,140.52,140.52,140.52,0,0
1655.N,D,20181126,000000,140.4,140.4,140.4,140.4,0,0
1655.N,D,20181127,000000,140.79,140.79,140.79,140.79,0,0
1655.N,D,20181128,000000,141.61,141.61,141.61,141.61,0,0
1655.N,D,20181129,000000,142.5,142.5,142.5,142.5,0,0
1655.N,D,20181130,000000,142.47,142.47,142.47,142.47,0,0
1655.N,D,20181203,000000,143.59,143.59,143.59,143.59,0,0
1655.N,D,20181204,000000,143.87,143.87,143.87,143.87,0,0
1655.N,D,20181205,000000,143.88,143.88,143.88,143.88,0,0
1655.N,D,20181206,000000,142.85,142.85,142.85,142.85,0,0
1655.N,D,20181207,000000,142.64,142.64,142.64,142.64,0,0
1655.N,D,20181210,000000,142.06,142.06,142.06,142.06,0,0
1655.N,D,20181211,000000,141.68,141.68,141.68,141.68,0,0
1655.N,D,20181212,000000,142.72,142.72,142.72,142.72,0,0
1655.N,D,20181213,000000,143.53,143.53,143.53,143.53,0,0
1655.N,D,20181214,000000,143.55,143.55,143.55,143.55,0,0
1655.N,D,20181217,000000,143.11,143.11,143.11,143.11,0,0
1655.N,D,20181218,000000,143.74,143.74,143.74,143.74,0,0
1655.N,D,20181219,000000,144.17,144.17,144.17,144.17,0,0
1655.N,D,20181220,000000,143.52,143.52,143.52,143.52,0,0
1655.N,D,20181221,000000,142.8,142.8,142.8,142.8,0,0
1655.N,D,20181227,000000,142.63,142.63,142.63,142.63,0,0
1655.N,D,20181228,000000,142.98,142.98,142.98,142.98,0,0
1655.N,D,20190102,000000,143.66,143.66,143.66,143.66,0,0
1655.N,D,20190103,000000,142.62,142.62,142.62,142.62,0,0
1655.N,D,20190104,000000,143.29,143.29,143.29,143.29,0,0
1655.N,D,20190107,000000,144.15,144.15,144.15,144.15,0,0
1655.N,D,20190108,000000,144.04,144.04,144.04,144.04,0,0
1655.N,D,20190109,000000,144.44,144.44,144.44,144.44,0,0
1655.N,D,20190110,000000,144.5,144.5,144.5,144.5,0,0
1655.N,D,20190111,000000,144.74,144.74,144.74,144.74,0,0
1655.N,D,20190114,000000,144.66,144.66,144.66,144.66,0,0
1655.N,D,20190115,000000,144.97,144.97,144.97,144.97,0,0
1655.N,D,20190116,000000,145.42,145.42,145.42,145.42,0,0
1655.N,D,20190117,000000,145.37,145.37,145.37,145.37,0,0
1655.N,D,20190118,000000,145.64,145.64,145.64,145.64,0,0
1655.N,D,20190121,000000,145.39,145.39,145.39,145.39,0,0
1655.N,D,20190122,000000,145.19,145.19,145.19,145.19,0,0
1655.N,D,20190123,000000,146.22,146.22,146.22,146.22,0,0
1655.N,D,20190124,000000,146.3,146.3,146.3,146.3,0,0
1655.N,D,20190125,000000,146.21,146.21,146.21,146.21,0,0
1655.N,D,20190128,000000,145.89,145.89,145.89,145.89,0,0
1655.N,D,20190129,000000,146,146,146,146,0,0
1655.N,D,20190130,000000,145.76,145.76,145.76,145.76,0,0
1655.N,D,20190131,000000,146.29,146.29,146.29,146.29,0,0
1655.N,D,20190201,000000,146.63,146.63,146.63,146.63,0,0
1655.N,D,20190204,000000,146.69,146.69,146.69,146.69,0,0
1655.N,D,20190205,000000,147.19,147.19,147.19,147.19,0,0
1655.N,D,20190206,000000,147.31,147.31,147.31,147.31,0,0
1655.N,D,20190207,000000,146.57,146.57,146.57,146.57,0,0
1655.N,D,20190208,000000,146.55,146.55,146.55,146.55,0,0
1655.N,D,20190211,000000,146.46,146.46,146.46,146.46,0,0
1655.N,D,20190212,000000,146.68,146.68,146.68,146.68,0,0
1655.N,D,20190213,000000,146.26,146.26,146.26,146.26,0,0
1655.N,D,20190214,000000,145.73,145.73,145.73,145.73,0,0
1655.N,D,20190215,000000,146.09,146.09,146.09,146.09,0,0
1655.N,D,20190218,000000,146.01,146.01,146.01,146.01,0,0
1655.N,D,20190219,000000,145.97,145.97,145.97,145.97,0,0
1655.N,D,20190220,000000,146.74,146.74,146.74,146.74,0,0
1655.N,D,20190221,000000,146.31,146.31,146.31,146.31,0,0
1655.N,D,20190222,000000,146.53,146.53,146.53,146.53,0,0
1655.N,D,20190225,000000,146.68,146.68,146.68,146.68,0,0
1655.N,D,20190226,000000,146.64,146.64,146.64,146.64,0,0
1655.N,D,20190227,000000,146.14,146.14,146.14,146.14,0,0
1655.N,D,20190228,000000,145.95,145.95,145.95,145.95,0,0
1655.N,D,20190301,000000,146.05,146.05,146.05,146.05,0,0
1655.N,D,20190304,000000,145.95,145.95,145.95,145.95,0,0
1655.N,D,20190305,000000,145.89,145.89,145.89,145.89,0,0
1655.N,D,20190306,000000,146.14,146.14,146.14,146.14,0,0
1655.N,D,20190307,000000,146.04,146.04,146.04,146.04,0,0
1655.N,D,20190308,000000,145.87,145.87,145.87,145.87,0,0
1655.N,D,20190311,000000,145.9,145.9,145.9,145.9,0,0
1655.N,D,20190312,000000,146.03,146.03,146.03,146.03,0,0
1655.N,D,20190313,000000,146.28,146.28,146.28,146.28,0,0
1655.N,D,20190314,000000,146.32,146.32,146.32,146.32,0,0
1655.N,D,20190315,000000,147.07,147.07,147.07,147.07,0,0
1655.N,D,20190318,000000,147.15,147.15,147.15,147.15,0,0
1655.N,D,20190319,000000,147.2,147.2,147.2,147.2,0,0
1655.N,D,20190320,000000,147.24,147.24,147.24,147.24,0,0
1655.N,D,20190321,000000,147.43,147.43,147.43,147.43,0,0
1655.N,D,20190322,000000,146.87,146.87,146.87,146.87,0,0
1655.N,D,20190325,000000,146.56,146.56,146.56,146.56,0,0
1655.N,D,20190326,000000,146.79,146.79,146.79,146.79,0,0
1655.N,D,20190327,000000,146.76,146.76,146.76,146.76,0,0
1655.N,D,20190328,000000,146.87,146.87,146.87,146.87,0,0
1655.N,D,20190329,000000,146.81,146.81,146.81,146.81,0,0
1655.N,D,20190401,000000,147.29,147.29,147.29,147.29,0,0
1655.N,D,20190402,000000,147.91,147.91,147.91,147.91,0,0
1655.N,D,20190403,000000,148.57,148.57,148.57,148.57,0,0
1655.N,D,20190404,000000,148.3,148.3,148.3,148.3,0,0
1655.N,D,20190405,000000,147.65,147.65,147.65,147.65,0,0
1655.N,D,20190408,000000,147.78,147.78,147.78,147.78,0,0
1655.N,D,20190409,000000,148.05,148.05,148.05,148.05,0,0
1655.N,D,20190410,000000,148.47,148.47,148.47,148.47,0,0
1655.N,D,20190411,000000,148.09,148.09,148.09,148.09,0,0
1655.N,D,20190412,000000,147.87,147.87,147.87,147.87,0,0
1655.N,D,20190415,000000,147.87,147.87,147.87,147.87,0,0
1655.N,D,20190416,000000,148.12,148.12,148.12,148.12,0,0
1655.N,D,20190417,000000,148.2,148.2,148.2,148.2,0,0
1655.N,D,20190418,000000,147.95,147.95,147.95,147.95,0,0
1655.N,D,20190423,000000,147.99,147.99,147.99,147.99,0,0
1655.N,D,20190424,000000,148.06,148.06,148.06,148.06,0,0
1655.N,D,20190425,000000,147.69,147.69,147.69,147.69,0,0
1655.N,D,20190426,000000,147.92,147.92,147.92,147.92,0,0
1655.N,D,20190429,000000,147.97,147.97,147.97,147.97,0,0
1655.N,D,20190430,000000,146.91,146.91,146.91,146.91,0,0
1655.N,D,20190502,000000,146.65,146.65,146.65,146.65,0,0
1655.N,D,20190506,000000,146.33,146.33,146.33,146.33,0,0
1655.N,D,20190507,000000,145.51,145.51,145.51,145.51,0,0
1655.N,D,20190508,000000,145.45,145.45,145.45,145.45,0,0
1655.N,D,20190509,000000,144.82,144.82,144.82,144.82,0,0
1655.N,D,20190510,000000,145.06,145.06,145.06,145.06,0,0
1655.N,D,20190513,000000,144.85,144.85,144.85,144.85,0,0
1655.N,D,20190514,000000,144.81,144.81,144.81,144.81,0,0
1655.N,D,20190515,000000,145.01,145.01,145.01,145.01,0,0
1655.N,D,20190516,000000,145.07,145.07,145.07,145.07,0,0
1655.N,D,20190517,000000,144.95,144.95,144.95,144.95,0,0
1655.N,D,20190520,000000,144.75,144.75,144.75,144.75,0,0
1655.N,D,20190521,000000,145.12,145.12,145.12,145.12,0,0
1655.N,D,20190522,000000,145.72,145.72,145.72,145.72,0,0
1655.N,D,20190523,000000,145.12,145.12,145.12,145.12,0,0
1655.N,D,20190524,000000,145.44,145.44,145.44,145.44,0,0
1655.N,D,20190527,000000,145.52,145.52,145.52,145.52,0,0
1655.N,D,20190528,000000,145.62,145.62,145.62,145.62,0,0
1655.N,D,20190529,000000,145.56,145.56,145.56,145.56,0,0
1655.N,D,20190530,000000,146.13,146.13,146.13,146.13,0,0
1655.N,D,20190531,000000,146.72,146.72,146.72,146.72,0,0
1655.N,D,20190603,000000,146.67,146.67,146.67,146.67,0,0
1655.N,D,20190604,000000,146.72,146.72,146.72,146.72,0,0
1655.N,D,20190605,000000,146.69,146.69,146.69,146.69,0,0
1655.N,D,20190606,000000,147.47,147.47,147.47,147.47,0,0
1655.N,D,20190607,000000,148.06,148.06,148.06,148.06,0,0
1655.N,D,20190610,000000,148.03,148.03,148.03,148.03,0,0
1655.N,D,20190611,000000,148.16,148.16,148.16,148.16,0,0
1655.N,D,20190612,000000,147.77,147.77,147.77,147.77,0,0
1655.N,D,20190613,000000,148.36,148.36,148.36,148.36,0,0
1655.N,D,20190614,000000,148.29,148.29,148.29,148.29,0,0
1655.N,D,20190617,000000,147.99,147.99,147.99,147.99,0,0
1655.N,D,20190618,000000,149.03,149.03,149.03,149.03,0,0
1655.N,D,20190619,000000,148.82,148.82,148.82,148.82,0,0
1655.N,D,20190621,000000,148.51,148.51,148.51,148.51,0,0
1655.N,D,20190624,000000,149.11,149.11,149.11,149.11,0,0
1655.N,D,20190625,000000,148.74,148.74,148.74,148.74,0,0
1655.N,D,20190626,000000,149.13,149.13,149.13,149.13,0,0
1655.N,D,20190627,000000,149.5,149.5,149.5,149.5,0,0
1655.N,D,20190628,000000,149.49,149.49,149.49,149.49,0,0
1655.N,D,20190701,000000,149.64,149.64,149.64,149.64,0,0
1655.N,D,20190702,000000,149.95,149.95,149.95,149.95,0,0
1655.N,D,20190703,000000,150.16,150.16,150.16,150.16,0,0
1655.N,D,20190704,000000,150.37,150.37,150.37,150.37,0,0
1655.N,D,20190705,000000,150.19,150.19,150.19,150.19,0,0
1655.N,D,20190708,000000,150.34,150.34,150.34,150.34,0,0
1655.N,D,20190709,000000,150.14,150.14,150.14,150.14,0,0
1655.N,D,20190710,000000,150.13,150.13,150.13,150.13,0,0
1655.N,D,20190711,000000,150.3,150.3,150.3,150.3,0,0
1655.N,D,20190712,000000,150.1,150.1,150.1,150.1,0,0
1655.N,D,20190715,000000,150.37,150.37,150.37,150.37,0,0
1655.N,D,20190716,000000,150.16,150.16,150.16,150.16,0,0
1655.N,D,20190717,000000,149.92,149.92,149.92,149.92,0,0
1655.N,D,20190718,000000,150.2,150.2,150.2,150.2,0,0
1655.N,D,20190719,000000,150.76,150.76,150.76,150.76,0,0
1655.N,D,20190722,000000,150.84,150.84,150.84,150.84,0,0
1655.N,D,20190723,000000,150.83,150.83,150.83,150.83,0,0
1655.N,D,20190724,000000,151.06,151.06,151.06,151.06,0,0
1655.N,D,20190725,000000,150.7,150.7,150.7,150.7,0,0
1655.N,D,20190726,000000,150.59,150.59,150.59,150.59,0,0
1655.N,D,20190729,000000,150.28,150.28,150.28,150.28,0,0
1655.N,D,20190730,000000,150.09,150.09,150.09,150.09,0,0
1655.N,D,20190731,000000,150.37,150.37,150.37,150.37,0,0
1655.N,D,20190801,000000,149.76,149.76,149.76,149.76,0,0
1655.N,D,20190802,000000,149.56,149.56,149.56,149.56,0,0
1655.N,D,20190805,000000,148.62,148.62,148.62,148.62,0,0
1655.N,D,20190806,000000,148.6,148.6,148.6,148.6,0,0
1655.N,D,20190807,000000,148.32,148.32,148.32,148.32,0,0
1655.N,D,20190808,000000,148.81,148.81,148.81,148.81,0,0
1655.N,D,20190809,000000,148.18,148.18,148.18,148.18,0,0
1655.N,D,20190812,000000,147.95,147.95,147.95,147.95,0,0
1655.N,D,20190813,000000,149.06,149.06,149.06,149.06,0,0
1655.N,D,20190814,000000,147.92,147.92,147.92,147.92,0,0
1655.N,D,20190816,000000,147.89,147.89,147.89,147.89,0,0
1655.N,D,20190819,000000,148.26,148.26,148.26,148.26,0,0
1655.N,D,20190820,000000,148.34,148.34,148.34,148.34,0,0
1655.N,D,20190821,000000,148.16,148.16,148.16,148.16,0,0
1655.N,D,20190822,000000,148.01,148.01,148.01,148.01,0,0
1655.N,D,20190823,000000,148.05,148.05,148.05,148.05,0,0
1655.N,D,20190826,000000,148.36,148.36,148.36,148.36,0,0
1655.N,D,20190827,000000,148.62,148.62,148.62,148.62,0,0
1655.N,D,20190828,000000,147.57,147.57,147.57,147.57,0,0
1655.N,D,20190829,000000,147.82,147.82,147.82,147.82,0,0
1655.N,D,20190830,000000,149.34,149.34,149.34,149.34,0,0
1655.N,D,20190902,000000,149.68,149.68,149.68,149.68,0,0
1655.N,D,20190905,000000,148.85,148.85,148.85,148.85,0,0
1655.N,D,20190906,000000,148.89,148.89,148.89,148.89,0,0
1655.N,D,20190910,000000,149.74,149.74,149.74,149.74,0,0
1655.N,D,20190911,000000,149.61,149.61,149.61,149.61,0,0
1655.N,D,20190912,000000,149.85,149.85,149.85,149.85,0,0
1655.N,D,20190913,000000,149.95,149.95,149.95,149.95,0,0
1655.N,D,20190916,000000,150.31,150.31,150.31,150.31,0,0
1655.N,D,20190918,000000,150.42,150.42,150.42,150.42,0,0
1655.N,D,20190919,000000,150.42,150.42,150.42,150.42,0,0
1655.N,D,20190920,000000,149.94,149.94,149.94,149.94,0,0
1655.N,D,20190923,000000,149.58,149.58,149.58,149.58,0,0
1655.N,D,20190924,000000,150.03,150.03,150.03,150.03,0,0
1655.N,D,20190926,000000,149.96,149.96,149.96,149.96,0,0
1655.N,D,20190930,000000,149.9,149.9,149.9,149.9,0,0
1655.N,D,20191002,000000,148.55,148.55,148.55,148.55,0,0
1655.N,D,20191003,000000,148.57,148.57,148.57,148.57,0,0
1655.N,D,20191004,000000,148.92,148.92,148.92,148.92,0,0
1655.N,D,20191007,000000,148.86,148.86,148.86,148.86,0,0
1655.N,D,20191008,000000,149.15,149.15,149.15,149.15,0,0
1655.N,D,20191009,000000,149.18,149.18,149.18,149.18,0,0
1655.N,D,20191010,000000,148.82,148.82,148.82,148.82,0,0
1655.N,D,20191011,000000,149.38,149.38,149.38,149.38,0,0
1655.N,D,20191014,000000,149.4,149.4,149.4,149.4,0,0
1655.N,D,20191015,000000,149.5,149.5,149.5,149.5,0,0
1655.N,D,20191016,000000,149.57,149.57,149.57,149.57,0,0
1655.N,D,20191017,000000,149.8,149.8,149.8,149.8,0,0
1655.N,D,20191018,000000,149.57,149.57,149.57,149.57,0,0
1655.N,D,20191021,000000,149.86,149.86,149.86,149.86,0,0
1655.N,D,20191022,000000,150.6,150.6,150.6,150.6,0,0
1655.N,D,20191023,000000,150.66,150.66,150.66,150.66,0,0
1655.N,D,20191024,000000,150.7,150.7,150.7,150.7,0,0
1655.N,D,20191025,000000,149.93,149.93,149.93,149.93,0,0
1655.N,D,20191028,000000,150.35,150.35,150.35,150.35,0,0
1655.N,D,20191029,000000,150.64,150.64,150.64,150.64,0,0
1655.N,D,20191030,000000,150.68,150.68,150.68,150.68,0,0
1655.N,D,20191031,000000,150.51,150.51,150.51,150.51,0,0
1655.N,D,20191104,000000,151.53,151.53,151.53,151.53,0,0
1655.N,D,20191105,000000,151.52,151.52,151.52,151.52,0,0
1655.N,D,20191106,000000,151.25,151.25,151.25,151.25,0,0
1655.N,D,20191107,000000,151.18,151.18,151.18,151.18,0,0
1655.N,D,20191108,000000,150.52,150.52,150.52,150.52,0,0
1655.N,D,20191112,000000,150.65,150.65,150.65,150.65,0,0
1655.N,D,20191113,000000,150.75,150.75,150.75,150.75,0,0
1655.N,D,20191114,000000,150.68,150.68,150.68,150.68,0,0
1655.N,D,20191115,000000,150.59,150.59,150.59,150.59,0,0
1655.N,D,20191118,000000,150.81,150.81,150.81,150.81,0,0
1655.N,D,20191119,000000,150.57,150.57,150.57,150.57,0,0
1655.N,D,20191120,000000,150.46,150.46,150.46,150.46,0,0
1655.N,D,20191121,000000,150.14,150.14,150.14,150.14,0,0
1655.N,D,20191122,000000,150.49,150.49,150.49,150.49,0,0
1655.N,D,20191125,000000,150.82,150.82,150.82,150.82,0,0
1655.N,D,20191126,000000,151.03,151.03,151.03,151.03,0,0
1655.N,D,20191127,000000,150.98,150.98,150.98,150.98,0,0
1655.N,D,20191128,000000,150.94,150.94,150.94,150.94,0,0
1655.N,D,20191129,000000,150.95,150.95,150.95,150.95,0,0
1655.N,D,20191202,000000,150.61,150.61,150.61,150.61,0,0
1655.N,D,20191203,000000,150.25,150.25,150.25,150.25,0,0
1655.N,D,20191204,000000,150.12,150.12,150.12,150.12,0,0
1655.N,D,20191206,000000,150.07,150.07,150.07,150.07,0,0
1655.N,D,20191209,000000,150.04,150.04,150.04,150.04,0,0
1655.N,D,20191210,000000,149.85,149.85,149.85,149.85,0,0
1655.N,D,20191211,000000,149.95,149.95,149.95,149.95,0,0
1655.N,D,20191212,000000,150.93,150.93,150.93,150.93,0,0
1655.N,D,20191213,000000,151,151,151,151,0,0
1655.N,D,20191216,000000,151.08,151.08,151.08,151.08,0,0
1655.N,D,20191217,000000,151.48,151.48,151.48,151.48,0,0
1655.N,D,20191218,000000,151.49,151.49,151.49,151.49,0,0
1655.N,D,20191219,000000,151.62,151.62,151.62,151.62,0,0
1655.N,D,20191220,000000,151.56,151.56,151.56,151.56,0,0
1655.N,D,20191223,000000,151.89,151.89,151.89,151.89,0,0
1655.N,D,20191227,000000,152.05,152.05,152.05,152.05,0,0
1655.N,D,20191230,000000,151.98,151.98,151.98,151.98,0,0
1655.N,D,20200102,000000,153.35,153.35,153.35,153.35,0,0
1655.N,D,20200103,000000,153.08,153.08,153.08,153.08,0,0
1655.N,D,20200107,000000,152.71,152.71,152.71,152.71,0,0
1655.N,D,20200108,000000,151.96,151.96,151.96,151.96,0,0
1655.N,D,20200109,000000,152.75,152.75,152.75,152.75,0,0
1655.N,D,20200110,000000,153.05,153.05,153.05,153.05,0,0
1655.N,D,20200113,000000,153.5,153.5,153.5,153.5,0,0
1655.N,D,20200114,000000,153.39,153.39,153.39,153.39,0,0
1655.N,D,20200115,000000,153.14,153.14,153.14,153.14,0,0
1655.N,D,20200116,000000,153.26,153.26,153.26,153.26,0,0
1655.N,D,20200117,000000,153.07,153.07,153.07,153.07,0,0
1655.N,D,20200120,000000,153.41,153.41,153.41,153.41,0,0
1655.N,D,20200121,000000,153.23,153.23,153.23,153.23,0,0
1655.N,D,20200122,000000,153.34,153.34,153.34,153.34,0,0
1655.N,D,20200123,000000,153.38,153.38,153.38,153.38,0,0
1655.N,D,20200124,000000,153.65,153.65,153.65,153.65,0,0
1655.N,D,20200127,000000,152.48,152.48,152.48,152.48,0,0
1655.N,D,20200128,000000,152.68,152.68,152.68,152.68,0,0
1655.N,D,20200129,000000,152.78,152.78,152.78,152.78,0,0
1655.N,D,20200130,000000,152.49,152.49,152.49,152.49,0,0
1655.N,D,20200131,000000,152.49,152.49,152.49,152.49,0,0
1655.N,D,20200203,000000,152.74,152.74,152.74,152.74,0,0
1655.N,D,20200204,000000,153.52,153.52,153.52,153.52,0,0
1655.N,D,20200205,000000,154.04,154.04,154.04,154.04,0,0
1655.N,D,20200206,000000,153.95,153.95,153.95,153.95,0,0
1655.N,D,20200207,000000,154.13,154.13,154.13,154.13,0,0
1655.N,D,20200210,000000,154.06,154.06,154.06,154.06,0,0
1655.N,D,20200211,000000,154.31,154.31,154.31,154.31,0,0
1655.N,D,20200212,000000,154.39,154.39,154.39,154.39,0,0
1655.N,D,20200213,000000,154.19,154.19,154.19,154.19,0,0
1655.N,D,20200214,000000,154.43,154.43,154.43,154.43,0,0
1655.N,D,20200217,000000,154.59,154.59,154.59,154.59,0,0
1655.N,D,20200218,000000,154.55,154.55,154.55,154.55,0,0
1655.N,D,20200219,000000,154.96,154.96,154.96,154.96,0,0
1655.N,D,20200220,000000,154.72,154.72,154.72,154.72,0,0
1655.N,D,20200221,000000,154.95,154.95,154.95,154.95,0,0
1655.N,D,20200224,000000,153.01,153.01,153.01,153.01,0,0
1655.N,D,20200225,000000,152.08,152.08,152.08,152.08,0,0
1655.N,D,20200226,000000,151.96,151.96,151.96,151.96,0,0
1655.N,D,20200227,000000,149.98,149.98,149.98,149.98,0,0
1655.N,D,20200228,000000,147.85,147.85,147.85,147.85,0,0
1655.N,D,20200302,000000,149.46,149.46,149.46,149.46,0,0
1655.N,D,20200303,000000,151.82,151.82,151.82,151.82,0,0
1655.N,D,20200304,000000,151.41,151.41,151.41,151.41,0,0
1655.N,D,20200305,000000,150.68,150.68,150.68,150.68,0,0
1655.N,D,20200306,000000,149.47,149.47,149.47,149.47,0,0
1655.N,D,20200309,000000,145.64,145.64,145.64,145.64,0,0
1655.N,D,20200310,000000,144.85,144.85,144.85,144.85,0,0
1655.N,D,20200311,000000,141.42,141.42,141.42,141.42,0,0
1655.N,D,20200312,000000,134.3,134.3,134.3,134.3,0,0
1655.N,D,20200313,000000,135.08,135.08,135.08,135.08,0,0
1655.N,D,20200316,000000,133.69,133.69,133.69,133.69,0,0
1655.N,D,20200317,000000,137.14,137.14,137.14,137.14,0,0
1655.N,D,20200318,000000,135.54,135.54,135.54,135.54,0,0
1655.N,D,20200319,000000,136.51,136.51,136.51,136.51,0,0
1655.N,D,20200320,000000,137.2,137.2,137.2,137.2,0,0
1655.N,D,20200323,000000,135.44,135.44,135.44,135.44,0,0
1655.N,D,20200324,000000,137.31,137.31,137.31,137.31,0,0
1655.N,D,20200325,000000,137.23,137.23,137.23,137.23,0,0
1655.N,D,20200326,000000,138.73,138.73,138.73,138.73,0,0
1655.N,D,20200327,000000,138.43,138.43,138.43,138.43,0,0
1655.N,D,20200330,000000,138.6,138.6,138.6,138.6,0,0
1655.N,D,20200331,000000,140.03,140.03,140.03,140.03,0,0
1655.N,D,20200401,000000,138.72,138.72,138.72,138.72,0,0
1655.N,D,20200402,000000,138.62,138.62,138.62,138.62,0,0
1655.N,D,20200403,000000,139.41,139.41,139.41,139.41,0,0
1655.N,D,20200406,000000,141.82,141.82,141.82,141.82,0,0
1655.N,D,20200407,000000,142.5,142.5,142.5,142.5,0,0
1655.N,D,20200408,000000,142.31,142.31,142.31,142.31,0,0
1655.N,D,20200409,000000,143.53,143.53,143.53,143.53,0,0
1655.N,D,20200414,000000,145.9,145.9,145.9,145.9,0,0
1655.N,D,20200415,000000,144.53,144.53,144.53,144.53,0,0
1655.N,D,20200416,000000,145.35,145.35,145.35,145.35,0,0
1655.N,D,20200417,000000,146.1,146.1,146.1,146.1,0,0
1655.N,D,20200420,000000,146.46,146.46,146.46,146.46,0,0
1655.N,D,20200421,000000,145.08,145.08,145.08,145.08,0,0
1655.N,D,20200422,000000,146.04,146.04,146.04,146.04,0,0
1655.N,D,20200423,000000,146.31,146.31,146.31,146.31,0,0
1655.N,D,20200424,000000,145.9,145.9,145.9,145.9,0,0
1655.N,D,20200427,000000,146.04,146.04,146.04,146.04,0,0
1655.N,D,20200428,000000,146.04,146.04,146.04,146.04,0,0
1655.N,D,20200429,000000,147.43,147.43,147.43,147.43,0,0
1655.N,D,20200430,000000,147.41,147.41,147.41,147.41,0,0
1655.N,D,20200504,000000,146.29,146.29,146.29,146.29,0,0
1655.N,D,20200505,000000,146.53,146.53,146.53,146.53,0,0
1655.N,D,20200506,000000,145.77,145.77,145.77,145.77,0,0
1655.N,D,20200507,000000,146.55,146.55,146.55,146.55,0,0
1655.N,D,20200508,000000,146.85,146.85,146.85,146.85,0,0
1655.N,D,20200511,000000,146.7,146.7,146.7,146.7,0,0
1655.N,D,20200512,000000,147.98,147.98,147.98,147.98,0,0
1655.N,D,20200513,000000,148.26,148.26,148.26,148.26,0,0
1655.N,D,20200514,000000,147.07,147.07,147.07,147.07,0,0
1655.N,D,20200515,000000,147.01,147.01,147.01,147.01,0,0
1655.N,D,20200518,000000,148.22,148.22,148.22,148.22,0,0
1655.N,D,20200519,000000,148.13,148.13,148.13,148.13,0,0
1655.N,D,20200520,000000,148.67,148.67,148.67,148.67,0,0
1655.N,D,20200521,000000,148.37,148.37,148.37,148.37,0,0
1655.N,D,20200522,000000,148.22,148.22,148.22,148.22,0,0
1655.N,D,20200525,000000,148.81,148.81,148.81,148.81,0,0
1655.N,D,20200526,000000,150.36,150.36,150.36,150.36,0,0
1655.N,D,20200527,000000,150.3,150.3,150.3,150.3,0,0
1655.N,D,20200528,000000,151.57,151.57,151.57,151.57,0,0
1655.N,D,20200529,000000,151.85,151.85,151.85,151.85,0,0
1655.N,D,20200601,000000,152.19,152.19,152.19,152.19,0,0
1655.N,D,20200602,000000,152.37,152.37,152.37,152.37,0,0
1655.N,D,20200603,000000,153.37,153.37,153.37,153.37,0,0
1655.N,D,20200604,000000,153.76,153.76,153.76,153.76,0,0
1655.N,D,20200605,000000,154.72,154.72,154.72,154.72,0,0
1655.N,D,20200608,000000,154.53,154.53,154.53,154.53,0,0
1655.N,D,20200609,000000,154.31,154.31,154.31,154.31,0,0
1655.N,D,20200610,000000,154.25,154.25,154.25,154.25,0,0
1655.N,D,20200612,000000,153.03,153.03,153.03,153.03,0,0
1655.N,D,20200615,000000,151.82,151.82,151.82,151.82,0,0
1655.N,D,20200616,000000,153.34,153.34,153.34,153.34,0,0
1655.N,D,20200617,000000,153.32,153.32,153.32,153.32,0,0
1655.N,D,20200618,000000,153.39,153.39,153.39,153.39,0,0
1655.N,D,20200619,000000,153.72,153.72,153.72,153.72,0,0
1655.N,D,20200622,000000,154.07,154.07,154.07,154.07,0,0
1655.N,D,20200623,000000,154.96,154.96,154.96,154.96,0,0
1655.N,D,20200624,000000,154.23,154.23,154.23,154.23,0,0
1655.N,D,20200625,000000,154.54,154.54,154.54,154.54,0,0
1655.N,D,20200626,000000,153.46,153.46,153.46,153.46,0,0
1655.N,D,20200629,000000,153.94,153.94,153.94,153.94,0,0
1655.N,D,20200630,000000,153.81,153.81,153.81,153.81,0,0
1655.N,D,20200701,000000,154.39,154.39,154.39,154.39,0,0
1655.N,D,20200702,000000,155.2,155.2,155.2,155.2,0,0
1655.N,D,20200703,000000,155.29,155.29,155.29,155.29,0,0
1655.N,D,20200706,000000,155.87,155.87,155.87,155.87,0,0
1655.N,D,20200707,000000,155.38,155.38,155.38,155.38,0,0
1655.N,D,20200708,000000,155.16,155.16,155.16,155.16,0,0
1655.N,D,20200709,000000,155.13,155.13,155.13,155.13,0,0
1655.N,D,20200710,000000,154.97,154.97,154.97,154.97,0,0
1655.N,D,20200713,000000,155.06,155.06,155.06,155.06,0,0
1655.N,D,20200714,000000,154.4,154.4,154.4,154.4,0,0
1655.N,D,20200715,000000,154.98,154.98,154.98,154.98,0,0
1655.N,D,20200716,000000,154.92,154.92,154.92,154.92,0,0
1655.N,D,20200717,000000,154.77,154.77,154.77,154.77,0,0
1655.N,D,20200720,000000,155.65,155.65,155.65,155.65,0,0
1655.N,D,20200721,000000,156.13,156.13,156.13,156.13,0,0
1655.N,D,20200722,000000,155.88,155.88,155.88,155.88,0,0
1655.N,D,20200723,000000,155.72,155.72,155.72,155.72,0,0
1655.N,D,20200724,000000,155.25,155.25,155.25,155.25,0,0
1655.N,D,20200727,000000,155.74,155.74,155.74,155.74,0,0
1655.N,D,20200728,000000,156.11,156.11,156.11,156.11,0,0
1655.N,D,20200729,000000,156.05,156.05,156.05,156.05,0,0
1655.N,D,20200730,000000,154.06,154.06,154.06,154.06,0,0
1655.N,D,20200731,000000,154.64,154.64,154.64,154.64,0,0
1655.N,D,20200803,000000,155.52,155.52,155.52,155.52,0,0
1655.N,D,20200804,000000,155.9,155.9,155.9,155.9,0,0
1655.N,D,20200805,000000,156.3,156.3,156.3,156.3,0,0
1655.N,D,20200806,000000,155.96,155.96,155.96,155.96,0,0
1655.N,D,20200807,000000,155.96,155.96,155.96,155.96,0,0
1655.N,D,20200810,000000,155.92,155.92,155.92,155.92,0,0
1655.N,D,20200811,000000,156.66,156.66,156.66,156.66,0,0
1655.N,D,20200812,000000,156.71,156.71,156.71,156.71,0,0
1655.N,D,20200813,000000,156.84,156.84,156.84,156.84,0,0
1655.N,D,20200814,000000,156.78,156.78,156.78,156.78,0,0
1655.N,D,20200817,000000,156.97,156.97,156.97,156.97,0,0
1655.N,D,20200818,000000,156.81,156.81,156.81,156.81,0,0
1655.N,D,20200819,000000,156.67,156.67,156.67,156.67,0,0
1655.N,D,20200820,000000,156.44,156.44,156.44,156.44,0,0
1655.N,D,20200821,000000,156.4,156.4,156.4,156.4,0,0
1655.N,D,20200824,000000,156.92,156.92,156.92,156.92,0,0
1655.N,D,20200825,000000,156.38,156.38,156.38,156.38,0,0
1655.N,D,20200826,000000,156.99,156.99,156.99,156.99,0,0
1655.N,D,20200827,000000,157.06,157.06,157.06,157.06,0,0
1655.N,D,20200828,000000,156.81,156.81,156.81,156.81,0,0
1655.N,D,20200831,000000,156.32,156.32,156.32,156.32,0,0
1655.N,D,20200901,000000,155.83,155.83,155.83,155.83,0,0
1655.N,D,20200902,000000,156.19,156.19,156.19,156.19,0,0
1655.N,D,20200903,000000,155.65,155.65,155.65,155.65,0,0
1655.N,D,20200904,000000,155.2,155.2,155.2,155.2,0,0
1655.N,D,20200907,000000,155.38,155.38,155.38,155.38,0,0
1655.N,D,20200908,000000,154.16,154.16,154.16,154.16,0,0
1655.N,D,20200909,000000,155.35,155.35,155.35,155.35,0,0
1655.N,D,20200910,000000,155.13,155.13,155.13,155.13,0,0
1655.N,D,20200911,000000,155.3,155.3,155.3,155.3,0,0
1655.N,D,20200914,000000,155.16,155.16,155.16,155.16,0,0
1655.N,D,20200915,000000,154.8,154.8,154.8,154.8,0,0
1655.N,D,20200916,000000,154.73,154.73,154.73,154.73,0,0
1655.N,D,20200917,000000,154.88,154.88,154.88,154.88,0,0
1655.N,D,20200918,000000,154.75,154.75,154.75,154.75,0,0
1655.N,D,20200921,000000,153.17,153.17,153.17,153.17,0,0
1655.N,D,20200922,000000,153.47,153.47,153.47,153.47,0,0
1655.N,D,20200923,000000,153.04,153.04,153.04,153.04,0,0
1655.N,D,20200924,000000,152.5,152.5,152.5,152.5,0,0
1655.N,D,20200925,000000,153.16,153.16,153.16,153.16,0,0
1655.N,D,20200928,000000,154.74,154.74,154.74,154.74,0,0
1655.N,D,20200929,000000,154.43,154.43,154.43,154.43,0,0
1655.N,D,20200930,000000,154.32,154.32,154.32,154.32,0,0
1655.N,D,20201001,000000,153.84,153.84,153.84,153.84,0,0
1655.N,D,20201002,000000,153.82,153.82,153.82,153.82,0,0
1655.N,D,20201005,000000,154.77,154.77,154.77,154.77,0,0
1655.N,D,20201006,000000,154.86,154.86,154.86,154.86,0,0
1655.N,D,20201007,000000,154.94,154.94,154.94,154.94,0,0
1655.N,D,20201008,000000,154.6,154.6,154.6,154.6,0,0
1655.N,D,20201009,000000,154.05,154.05,154.05,154.05,0,0
1655.N,D,20201012,000000,155.42,155.42,155.42,155.42,0,0
1655.N,D,20201013,000000,155.94,155.94,155.94,155.94,0,0
1655.N,D,20201014,000000,155.71,155.71,155.71,155.71,0,0
1655.N,D,20201015,000000,154.55,154.55,154.55,154.55,0,0
1655.N,D,20201016,000000,155.44,155.44,155.44,155.44,0,0
1655.N,D,20201019,000000,155.7,155.7,155.7,155.7,0,0
1655.N,D,20201020,000000,156.04,156.04,156.04,156.04,0,0
1655.N,D,20201021,000000,155.32,155.32,155.32,155.32,0,0
1655.N,D,20201022,000000,155.44,155.44,155.44,155.44,0,0
1655.N,D,20201023,000000,155.43,155.43,155.43,155.43,0,0
1655.N,D,20201026,000000,154.96,154.96,154.96,154.96,0,0
1655.N,D,20201027,000000,154.88,154.88,154.88,154.88,0,0
1655.N,D,20201028,000000,152.25,152.25,152.25,152.25,0,0
1655.N,D,20201029,000000,152.34,152.34,152.34,152.34,0,0
1655.N,D,20201030,000000,151.33,151.33,151.33,151.33,0,0
1655.N,D,20201102,000000,152.72,152.72,152.72,152.72,0,0
1655.N,D,20201103,000000,154.7,154.7,154.7,154.7,0,0
1655.N,D,20201104,000000,155.34,155.34,155.34,155.34,0,0
1655.N,D,20201105,000000,156.54,156.54,156.54,156.54,0,0
1655.N,D,20201106,000000,157.36,157.36,157.36,157.36,0,0
1655.N,D,20201109,000000,159.14,159.14,159.14,159.14,0,0
1655.N,D,20201110,000000,159.24,159.24,159.24,159.24,0,0
1655.N,D,20201112,000000,158.98,158.98,158.98,158.98,0,0
1655.N,D,20201113,000000,158.29,158.29,158.29,158.29,0,0
1655.N,D,20201116,000000,159.76,159.76,159.76,159.76,0,0
1655.N,D,20201117,000000,159.55,159.55,159.55,159.55,0,0
1655.N,D,20201118,000000,160.16,160.16,160.16,160.16,0,0
1655.N,D,20201119,000000,159.73,159.73,159.73,159.73,0,0
1655.N,D,20201120,000000,160.69,160.69,160.69,160.69,0,0
1655.N,D,20201123,000000,160.99,160.99,160.99,160.99,0,0
1655.N,D,20201124,000000,161.74,161.74,161.74,161.74,0,0
1655.N,D,20201125,000000,161.72,161.72,161.72,161.72,0,0
1655.N,D,20201126,000000,161.38,161.38,161.38,161.38,0,0
1655.N,D,20201127,000000,161.59,161.59,161.59,161.59,0,0
1655.N,D,20201130,000000,161.4,161.4,161.4,161.4,0,0
1655.N,D,20201201,000000,161.29,161.29,161.29,161.29,0,0
1655.N,D,20201202,000000,162.48,162.48,162.48,162.48,0,0
1655.N,D,20201203,000000,162.23,162.23,162.23,162.23,0,0
1655.N,D,20201204,000000,163.43,163.43,163.43,163.43,0,0
1655.N,D,20201207,000000,163.64,163.64,163.64,163.64,0,0
1655.N,D,20201208,000000,164.01,164.01,164.01,164.01,0,0
1655.N,D,20201209,000000,164.41,164.41,164.41,164.41,0,0
1655.N,D,20201210,000000,163.98,163.98,163.98,163.98,0,0
1655.N,D,20201211,000000,163.39,163.39,163.39,163.39,0,0
1655.N,D,20201214,000000,163.31,163.31,163.31,163.31,0,0
1655.N,D,20201215,000000,163.73,163.73,163.73,163.73,0,0
1655.N,D,20201216,000000,164.68,164.68,164.68,164.68,0,0
1655.N,D,20201217,000000,164.55,164.55,164.55,164.55,0,0
1655.N,D,20201218,000000,164.27,164.27,164.27,164.27,0,0
1655.N,D,20201221,000000,162.96,162.96,162.96,162.96,0,0
1655.N,D,20201222,000000,164.17,164.17,164.17,164.17,0,0
1655.N,D,20201223,000000,165.04,165.04,165.04,165.04,0,0
1655.N,D,20201228,000000,166.61,166.61,166.61,166.61,0,0
1655.N,D,20201229,000000,167.29,167.29,167.29,167.29,0,0
1655.N,D,20201230,000000,166.81,166.81,166.81,166.81,0,0
1655.N,D,20210104,000000,167.7,167.7,167.7,167.7,0,0
1655.N,D,20210105,000000,167.76,167.76,167.76,167.76,0,0
1655.N,D,20210107,000000,169.12,169.12,169.12,169.12,0,0
1655.N,D,20210108,000000,169.57,169.57,169.57,169.57,0,0
1655.N,D,20210111,000000,169.63,169.63,169.63,169.63,0,0
1655.N,D,20210112,000000,168.85,168.85,168.85,168.85,0,0
1655.N,D,20210113,000000,168.18,168.18,168.18,168.18,0,0
1655.N,D,20210114,000000,168.55,168.55,168.55,168.55,0,0
1655.N,D,20210115,000000,167.54,167.54,167.54,167.54,0,0
1655.N,D,20210118,000000,168.8,168.8,168.8,168.8,0,0
1655.N,D,20210119,000000,168.29,168.29,168.29,168.29,0,0
1655.N,D,20210120,000000,168.36,168.36,168.36,168.36,0,0
1655.N,D,20210121,000000,167.3,167.3,167.3,167.3,0,0
1655.N,D,20210122,000000,167.53,167.53,167.53,167.53,0,0
1655.N,D,20210125,000000,167.07,167.07,167.07,167.07,0,0
1655.N,D,20210126,000000,167.9,167.9,167.9,167.9,0,0
1655.N,D,20210127,000000,166.43,166.43,166.43,166.43,0,0
1655.N,D,20210128,000000,167.67,167.67,167.67,167.67,0,0
1655.N,D,20210129,000000,167.01,167.01,167.01,167.01,0,0
1655.N,D,20210201,000000,167.89,167.89,167.89,167.89,0,0
1655.N,D,20210202,000000,168.02,168.02,168.02,168.02,0,0
1655.N,D,20210203,000000,167.67,167.67,167.67,167.67,0,0
1655.N,D,20210204,000000,167.54,167.54,167.54,167.54,0,0
1655.N,D,20210205,000000,168.09,168.09,168.09,168.09,0,0
1655.N,D,20210208,000000,168.02,168.02,168.02,168.02,0,0
1655.N,D,20210209,000000,167.66,167.66,167.66,167.66,0,0
1655.N,D,20210210,000000,167.15,167.15,167.15,167.15,0,0
1655.N,D,20210211,000000,168.5,168.5,168.5,168.5,0,0
1655.N,D,20210212,000000,168.05,168.05,168.05,168.05,0,0
1655.N,D,20210215,000000,169.03,169.03,169.03,169.03,0,0
1655.N,D,20210216,000000,170.14,170.14,170.14,170.14,0,0
1655.N,D,20210217,000000,169.72,169.72,169.72,169.72,0,0
1655.N,D,20210218,000000,169.33,169.33,169.33,169.33,0,0
1655.N,D,20210219,000000,169.12,169.12,169.12,169.12,0,0
1655.N,D,20210222,000000,168.58,168.58,168.58,168.58,0,0
1655.N,D,20210223,000000,167.15,167.15,167.15,167.15,0,0
1655.N,D,20210224,000000,167.82,167.82,167.82,167.82,0,0
1655.N,D,20210225,000000,167.63,167.63,167.63,167.63,0,0
1655.N,D,20210226,000000,166.71,166.71,166.71,166.71,0,0
1655.N,D,20210301,000000,168.06,168.06,168.06,168.06,0,0
1655.N,D,20210302,000000,168.36,168.36,168.36,168.36,0,0
1655.N,D,20210303,000000,167.55,167.55,167.55,167.55,0,0
1655.N,D,20210304,000000,167.42,167.42,167.42,167.42,0,0
1655.N,D,20210305,000000,167.07,167.07,167.07,167.07,0,0
1655.N,D,20210308,000000,167.81,167.81,167.81,167.81,0,0
1655.N,D,20210309,000000,168.64,168.64,168.64,168.64,0,0
1655.N,D,20210310,000000,169.09,169.09,169.09,169.09,0,0
1655.N,D,20210311,000000,169.14,169.14,169.14,169.14,0,0
1655.N,D,20210312,000000,169.31,169.31,169.31,169.31,0,0
1655.N,D,20210315,000000,169.8,169.8,169.8,169.8,0,0
1655.N,D,20210316,000000,169.21,169.21,169.21,169.21,0,0
1655.N,D,20210317,000000,168.11,168.11,168.11,168.11,0,0
1655.N,D,20210318,000000,168.51,168.51,168.51,168.51,0,0
1655.N,D,20210319,000000,167.82,167.82,167.82,167.82,0,0
1655.N,D,20210322,000000,167.99,167.99,167.99,167.99,0,0
1655.N,D,20210323,000000,168.08,168.08,168.08,168.08,0,0
1655.N,D,20210324,000000,167.45,167.45,167.45,167.45,0,0
1655.N,D,20210325,000000,166.91,166.91,166.91,166.91,0,0
1655.N,D,20210326,000000,168.03,168.03,168.03,168.03,0,0
1655.N,D,20210329,000000,168.71,168.71,168.71,168.71,0,0
1655.N,D,20210330,000000,168.32,168.32,168.32,168.32,0,0
1655.N,D,20210331,000000,168.19,168.19,168.19,168.19,0,0
1655.N,D,20210401,000000,168.51,168.51,168.51,168.51,0,0
1655.N,D,20210406,000000,170.18,170.18,170.18,170.18,0,0
1655.N,D,20210407,000000,169.96,169.96,169.96,169.96,0,0
1655.N,D,20210408,000000,169.88,169.88,169.88,169.88,0,0
1655.N,D,20210409,000000,169.93,169.93,169.93,169.93,0,0
1655.N,D,20210412,000000,170.22,170.22,170.22,170.22,0,0
1655.N,D,20210413,000000,170.18,170.18,170.18,170.18,0,0
1655.N,D,20210414,000000,171,171,171,171,0,0
1655.N,D,20210415,000000,171.1,171.1,171.1,171.1,0,0
1655.N,D,20210416,000000,170.96,170.96,170.96,170.96,0,0
1655.N,D,20210419,000000,170.51,170.51,170.51,170.51,0,0
1655.N,D,20210420,000000,169.82,169.82,169.82,169.82,0,0
1655.N,D,20210421,000000,169.37,169.37,169.37,169.37,0,0
1655.N,D,20210422,000000,169.84,169.84,169.84,169.84,0,0
1655.N,D,20210423,000000,170.1,170.1,170.1,170.1,0,0
1655.N,D,20210426,000000,170.48,170.48,170.48,170.48,0,0
1655.N,D,20210427,000000,170.54,170.54,170.54,170.54,0,0
1655.N,D,20210428,000000,171.23,171.23,171.23,171.23,0,0
1655.N,D,20210429,000000,171.73,171.73,171.73,171.73,0,0
1655.N,D,20210430,000000,171.34,171.34,171.34,171.34,0,0
1655.N,D,20210504,000000,170.51,170.51,170.51,170.51,0,0
1655.N,D,20210505,000000,171.2,171.2,171.2,171.2,0,0
1655.N,D,20210506,000000,171.25,171.25,171.25,171.25,0,0
1655.N,D,20210507,000000,172.61,172.61,172.61,172.61,0,0
1655.N,D,20210510,000000,173.15,173.15,173.15,173.15,0,0
1655.N,D,20210511,000000,172.38,172.38,172.38,172.38,0,0
1655.N,D,20210512,000000,171.88,171.88,171.88,171.88,0,0
1655.N,D,20210513,000000,171.07,171.07,171.07,171.07,0,0
1655.N,D,20210514,000000,171.66,171.66,171.66,171.66,0,0
1655.N,D,20210517,000000,172.1,172.1,172.1,172.1,0,0
1655.N,D,20210518,000000,172.71,172.71,172.71,172.71,0,0
1655.N,D,20210519,000000,172.31,172.31,172.31,172.31,0,0
1655.N,D,20210520,000000,173.1,173.1,173.1,173.1,0,0
1655.N,D,20210521,000000,173.67,173.67,173.67,173.67,0,0
1655.N,D,20210524,000000,173.64,173.64,173.64,173.64,0,0
1655.N,D,20210525,000000,173.96,173.96,173.96,173.96,0,0
1655.N,D,20210526,000000,174.47,174.47,174.47,174.47,0,0
1655.N,D,20210527,000000,174.86,174.86,174.86,174.86,0,0
1655.N,D,20210528,000000,175.67,175.67,175.67,175.67,0,0
1655.N,D,20210531,000000,176.04,176.04,176.04,176.04,0,0
1655.N,D,20210601,000000,176.08,176.08,176.08,176.08,0,0
1655.N,D,20210602,000000,176.56,176.56,176.56,176.56,0,0
1655.N,D,20210604,000000,176.67,176.67,176.67,176.67,0,0
1655.N,D,20210607,000000,176.64,176.64,176.64,176.64,0,0
1655.N,D,20210608,000000,176.42,176.42,176.42,176.42,0,0
1655.N,D,20210609,000000,176.36,176.36,176.36,176.36,0,0
1655.N,D,20210610,000000,176.68,176.68,176.68,176.68,0,0
1655.N,D,20210611,000000,176.77,176.77,176.77,176.77,0,0
1655.N,D,20210614,000000,177.49,177.49,177.49,177.49,0,0
1655.N,D,20210615,000000,176.91,176.91,176.91,176.91,0,0
1655.N,D,20210616,000000,176.8,176.8,176.8,176.8,0,0
1655.N,D,20210617,000000,176.16,176.16,176.16,176.16,0,0
1655.N,D,20210618,000000,176.83,176.83,176.83,176.83,0,0
1655.N,D,20210621,000000,176.7,176.7,176.7,176.7,0,0
1655.N,D,20210622,000000,177.02,177.02,177.02,177.02,0,0
1655.N,D,20210623,000000,177.61,177.61,177.61,177.61,0,0
1655.N,D,20210624,000000,178.7,178.7,178.7,178.7,0,0
1655.N,D,20210625,000000,178.59,178.59,178.59,178.59,0,0
1655.N,D,20210628,000000,178.77,178.77,178.77,178.77,0,0
1655.N,D,20210629,000000,178.27,178.27,178.27,178.27,0,0
1655.N,D,20210630,000000,177.3,177.3,177.3,177.3,0,0
1655.N,D,20210701,000000,177.51,177.51,177.51,177.51,0,0
1655.N,D,20210702,000000,177.45,177.45,177.45,177.45,0,0
1655.N,D,20210705,000000,177.53,177.53,177.53,177.53,0,0
1655.N,D,20210706,000000,177.28,177.28,177.28,177.28,0,0
1655.N,D,20210707,000000,178.56,178.56,178.56,178.56,0,0
1655.N,D,20210708,000000,177.18,177.18,177.18,177.18,0,0
1655.N,D,20210709,000000,177.7,177.7,177.7,177.7,0,0
1655.N,D,20210712,000000,176.53,176.53,176.53,176.53,0,0
1655.N,D,20210713,000000,176.9,176.9,176.9,176.9,0,0
1655.N,D,20210714,000000,177.09,177.09,177.09,177.09,0,0
1655.N,D,20210715,000000,176.87,176.87,176.87,176.87,0,0
1655.N,D,20210716,000000,176.99,176.99,176.99,176.99,0,0
1655.N,D,20210719,000000,176.11,176.11,176.11,176.11,0,0
1655.N,D,20210720,000000,176.44,176.44,176.44,176.44,0,0
1655.N,D,20210721,000000,177.42,177.42,177.42,177.42,0,0
1655.N,D,20210722,000000,177.3,177.3,177.3,177.3,0,0
1655.N,D,20210723,000000,177.99,177.99,177.99,177.99,0,0
1655.N,D,20210726,000000,178.08,178.08,178.08,178.08,0,0
1655.N,D,20210727,000000,177.83,177.83,177.83,177.83,0,0
1655.N,D,20210728,000000,178.42,178.42,178.42,178.42,0,0
1655.N,D,20210729,000000,178.67,178.67,178.67,178.67,0,0
1655.N,D,20210730,000000,178.13,178.13,178.13,178.13,0,0
1655.N,D,20210802,000000,178.56,178.56,178.56,178.56,0,0
1655.N,D,20210803,000000,178.26,178.26,178.26,178.26,0,0
1655.N,D,20210804,000000,178.74,178.74,178.74,178.74,0,0
1655.N,D,20210805,000000,178.87,178.87,178.87,178.87,0,0
1655.N,D,20210806,000000,178.65,178.65,178.65,178.65,0,0
1655.N,D,20210809,000000,178.83,178.83,178.83,178.83,0,0
1655.N,D,20210810,000000,178.57,178.57,178.57,178.57,0,0
1655.N,D,20210811,000000,178.79,178.79,178.79,178.79,0,0
1655.N,D,20210812,000000,178.96,178.96,178.96,178.96,0,0
1655.N,D,20210813,000000,179.37,179.37,179.37,179.37,0,0
1655.N,D,20210816,000000,179.25,179.25,179.25,179.25,0,0
1655.N,D,20210817,000000,179.7,179.7,179.7,179.7,0,0
1655.N,D,20210818,000000,179.38,179.38,179.38,179.38,0,0
1655.N,D,20210819,000000,178.73,178.73,178.73,178.73,0,0
1655.N,D,20210820,000000,178.82,178.82,178.82,178.82,0,0
1655.N,D,20210823,000000,179.51,179.51,179.51,179.51,0,0
1655.N,D,20210824,000000,179.77,179.77,179.77,179.77,0,0
1655.N,D,20210825,000000,180.47,180.47,180.47,180.47,0,0
1655.N,D,20210826,000000,180.2,180.2,180.2,180.2,0,0
1655.N,D,20210827,000000,180.6,180.6,180.6,180.6,0,0
1655.N,D,20210830,000000,181.14,181.14,181.14,181.14,0,0
1655.N,D,20210831,000000,181.53,181.53,181.53,181.53,0,0
1655.N,D,20210901,000000,181.5,181.5,181.5,181.5,0,0
1655.N,D,20210902,000000,181.69,181.69,181.69,181.69,0,0
1655.N,D,20210903,000000,181.27,181.27,181.27,181.27,0,0
1655.N,D,20210906,000000,182.39,182.39,182.39,182.39,0,0
1655.N,D,20210907,000000,181.82,181.82,181.82,181.82,0,0
1655.N,D,20210908,000000,181.08,181.08,181.08,181.08,0,0
1655.N,D,20210909,000000,181.47,181.47,181.47,181.47,0,0
1655.N,D,20210910,000000,181.24,181.24,181.24,181.24,0,0
1655.N,D,20210913,000000,181.69,181.69,181.69,181.69,0,0
1655.N,D,20210914,000000,181.91,181.91,181.91,181.91,0,0
1655.N,D,20210915,000000,181.55,181.55,181.55,181.55,0,0
1655.N,D,20210916,000000,181.55,181.55,181.55,181.55,0,0
1655.N,D,20210917,000000,181.19,181.19,181.19,181.19,0,0
1655.N,D,20210920,000000,179.64,179.64,179.64,179.64,0,0
1655.N,D,20210921,000000,180.11,180.11,180.11,180.11,0,0
1655.N,D,20210922,000000,181.21,181.21,181.21,181.21,0,0
1655.N,D,20210923,000000,180.73,180.73,180.73,180.73,0,0
1655.N,D,20210924,000000,179.88,179.88,179.88,179.88,0,0
1655.N,D,20210927,000000,179.95,179.95,179.95,179.95,0,0
1655.N,D,20210928,000000,179.09,179.09,179.09,179.09,0,0
1655.N,D,20210929,000000,179.53,179.53,179.53,179.53,0,0
1655.N,D,20210930,000000,179.59,179.59,179.59,179.59,0,0
1655.N,D,20211001,000000,179.59,179.59,179.59,179.59,0,0
1655.N,D,20211004,000000,179.46,179.46,179.46,179.46,0,0
1655.N,D,20211005,000000,179.9,179.9,179.9,179.9,0,0
1655.N,D,20211006,000000,179.3,179.3,179.3,179.3,0,0
1655.N,D,20211007,000000,179.66,179.66,179.66,179.66,0,0
1655.N,D,20211008,000000,180.49,180.49,180.49,180.49,0,0
1655.N,D,20211011,000000,180.89,180.89,180.89,180.89,0,0
1655.N,D,20211012,000000,180.18,180.18,180.18,180.18,0,0
1655.N,D,20211013,000000,179.17,179.17,179.17,179.17,0,0
1655.N,D,20211014,000000,180.15,180.15,180.15,180.15,0,0
1655.N,D,20211015,000000,179.88,179.88,179.88,179.88,0,0
1655.N,D,20211018,000000,179.72,179.72,179.72,179.72,0,0
1655.N,D,20211019,000000,179.48,179.48,179.48,179.48,0,0
1655.N,D,20211020,000000,179.46,179.46,179.46,179.46,0,0
1655.N,D,20211021,000000,179.05,179.05,179.05,179.05,0,0
1655.N,D,20211022,000000,178.68,178.68,178.68,178.68,0,0
1655.N,D,20211025,000000,178.5,178.5,178.5,178.5,0,0
1655.N,D,20211026,000000,178.97,178.97,178.97,178.97,0,0
1655.N,D,20211027,000000,178.77,178.77,178.77,178.77,0,0
1655.N,D,20211028,000000,178.34,178.34,178.34,178.34,0,0
1655.N,D,20211029,000000,178.59,178.59,178.59,178.59,0,0
1655.N,D,20211102,000000,178.42,178.42,178.42,178.42,0,0
1655.N,D,20211103,000000,177.1,177.1,177.1,177.1,0,0
1655.N,D,20211104,000000,177.77,177.77,177.77,177.77,0,0
1655.N,D,20211105,000000,178.25,178.25,178.25,178.25,0,0
1655.N,D,20211108,000000,177.44,177.44,177.44,177.44,0,0
1655.N,D,20211109,000000,176.53,176.53,176.53,176.53,0,0
1655.N,D,20211110,000000,175.38,175.38,175.38,175.38,0,0
1655.N,D,20211112,000000,174.84,174.84,174.84,174.84,0,0
1655.N,D,20211115,000000,174.39,174.39,174.39,174.39,0,0
1655.N,D,20211116,000000,174.78,174.78,174.78,174.78,0,0
1655.N,D,20211117,000000,173.41,173.41,173.41,173.41,0,0
1655.N,D,20211118,000000,171.02,171.02,171.02,171.02,0,0
1655.N,D,20211119,000000,170.29,170.29,170.29,170.29,0,0
1655.N,D,20211122,000000,169.78,169.78,169.78,169.78,0,0
1655.N,D,20211123,000000,169.25,169.25,169.25,169.25,0,0
1655.N,D,20211124,000000,169.15,169.15,169.15,169.15,0,0
1655.N,D,20211125,000000,168.83,168.83,168.83,168.83,0,0
1655.N,D,20211126,000000,167.63,167.63,167.63,167.63,0,0
1655.N,D,20211129,000000,167.45,167.45,167.45,167.45,0,0
1655.N,D,20211130,000000,168.99,168.99,168.99,168.99,0,0
1655.N,D,20211201,000000,168.65,168.65,168.65,168.65,0,0
1655.N,D,20211202,000000,168.53,168.53,168.53,168.53,0,0
1655.N,D,20211203,000000,168.14,168.14,168.14,168.14,0,0
1655.N,D,20211206,000000,168.48,168.48,168.48,168.48,0,0
1655.N,D,20211207,000000,169.42,169.42,169.42,169.42,0,0
1655.N,D,20211208,000000,169.85,169.85,169.85,169.85,0,0
1655.N,D,20211209,000000,169.04,169.04,169.04,169.04,0,0
1655.N,D,20211210,000000,168.91,168.91,168.91,168.91,0,0
1655.N,D,20211213,000000,168.9,168.9,168.9,168.9,0,0
1655.N,D,20211214,000000,168.16,168.16,168.16,168.16,0,0
1655.N,D,20211215,000000,166.27,166.27,166.27,166.27,0,0
1655.N,D,20211216,000000,167.69,167.69,167.69,167.69,0,0
1655.N,D,20211217,000000,166.59,166.59,166.59,166.59,0,0
1655.N,D,20211220,000000,165.63,165.63,165.63,165.63,0,0
1655.N,D,20211221,000000,165.91,165.91,165.91,165.91,0,0
1655.N,D,20211222,000000,166.15,166.15,166.15,166.15,0,0
1655.N,D,20211223,000000,166.45,166.45,166.45,166.45,0,0
1655.N,D,20211227,000000,166.42,166.42,166.42,166.42,0,0
1655.N,D,20211228,000000,167.32,167.32,167.32,167.32,0,0
1655.N,D,20211229,000000,167.2,167.2,167.2,167.2,0,0
1655.N,D,20211230,000000,167.11,167.11,167.11,167.11,0,0
1655.N,D,20220103,000000,168.44,168.44,168.44,168.44,0,0
1655.N,D,20220104,000000,168.94,168.94,168.94,168.94,0,0
1655.N,D,20220105,000000,168.72,168.72,168.72,168.72,0,0
1655.N,D,20220107,000000,168.97,168.97,168.97,168.97,0,0
1655.N,D,20220110,000000,169.18,169.18,169.18,169.18,0,0
1655.N,D,20220111,000000,170.55,170.55,170.55,170.55,0,0
1655.N,D,20220112,000000,172.72,172.72,172.72,172.72,0,0
1655.N,D,20220113,000000,172.5,172.5,172.5,172.5,0,0
1655.N,D,20220114,000000,171.55,171.55,171.55,171.55,0,0
1655.N,D,20220117,000000,171.11,171.11,171.11,171.11,0,0
1655.N,D,20220118,000000,169.72,169.72,169.72,169.72,0,0
1655.N,D,20220119,000000,169.74,169.74,169.74,169.74,0,0
1655.N,D,20220120,000000,169.52,169.52,169.52,169.52,0,0
1655.N,D,20220121,000000,168.55,168.55,168.55,168.55,0,0
1655.N,D,20220124,000000,165.26,165.26,165.26,165.26,0,0
1655.N,D,20220125,000000,166.65,166.65,166.65,166.65,0,0
1655.N,D,20220126,000000,166.68,166.68,166.68,166.68,0,0
1655.N,D,20220127,000000,166.57,166.57,166.57,166.57,0,0
1655.N,D,20220128,000000,165.38,165.38,165.38,165.38,0,0
1655.N,D,20220131,000000,165.6,165.6,165.6,165.6,0,0
1655.N,D,20220201,000000,166.36,166.36,166.36,166.36,0,0
1655.N,D,20220202,000000,167.17,167.17,167.17,167.17,0,0
1655.N,D,20220203,000000,166.64,166.64,166.64,166.64,0,0
1655.N,D,20220204,000000,165.9,165.9,165.9,165.9,0,0
1655.N,D,20220207,000000,165.85,165.85,165.85,165.85,0,0
1655.N,D,20220208,000000,166.82,166.82,166.82,166.82,0,0
1655.N,D,20220209,000000,167.11,167.11,167.11,167.11,0,0
1655.N,D,20220210,000000,166.45,166.45,166.45,166.45,0,0
1655.N,D,20220211,000000,166.07,166.07,166.07,166.07,0,0
1655.N,D,20220214,000000,164.01,164.01,164.01,164.01,0,0
1655.N,D,20220215,000000,165.64,165.64,165.64,165.64,0,0
1655.N,D,20220216,000000,165.79,165.79,165.79,165.79,0,0
1655.N,D,20220217,000000,164.82,164.82,164.82,164.82,0,0
1655.N,D,20220218,000000,164.75,164.75,164.75,164.75,0,0
1655.N,D,20220221,000000,162.61,162.61,162.61,162.61,0,0
1655.N,D,20220222,000000,163.15,163.15,163.15,163.15,0,0
1655.N,D,20220223,000000,161.83,161.83,161.83,161.83,0,0
1655.N,D,20220224,000000,154.64,154.64,154.64,154.64,0,0
1655.N,D,20220225,000000,158.63,158.63,158.63,158.63,0,0
1655.N,D,20220228,000000,158.47,158.47,158.47,158.47,0,0
1655.N,D,20220301,000000,156.97,156.97,156.97,156.97,0,0
1655.N,D,20220302,000000,157.33,157.33,157.33,157.33,0,0
1655.N,D,20220303,000000,156.43,156.43,156.43,156.43,0,0
1655.N,D,20220304,000000,152.87,152.87,152.87,152.87,0,0
1655.N,D,20220307,000000,151.47,151.47,151.47,151.47,0,0
1655.N,D,20220308,000000,151.64,151.64,151.64,151.64,0,0
1655.N,D,20220309,000000,151.56,151.56,151.56,151.56,0,0
1655.N,D,20220310,000000,151.08,151.08,151.08,151.08,0,0
1655.N,D,20220311,000000,151.79,151.79,151.79,151.79,0,0
1655.N,D,20220314,000000,150.28,150.28,150.28,150.28,0,0
1655.N,D,20220315,000000,150.94,150.94,150.94,150.94,0,0
1655.N,D,20220316,000000,153.05,153.05,153.05,153.05,0,0
1655.N,D,20220317,000000,154.66,154.66,154.66,154.66,0,0
1655.N,D,20220318,000000,154.6,154.6,154.6,154.6,0,0
1655.N,D,20220321,000000,154.01,154.01,154.01,154.01,0,0
1655.N,D,20220322,000000,154.1,154.1,154.1,154.1,0,0
1655.N,D,20220323,000000,153.43,153.43,153.43,153.43,0,0
1655.N,D,20220324,000000,153.86,153.86,153.86,153.86,0,0
1655.N,D,20220325,000000,152.65,152.65,152.65,152.65,0,0
1655.N,D,20220328,000000,152.26,152.26,152.26,152.26,0,0
1655.N,D,20220329,000000,153.72,153.72,153.72,153.72,0,0
1655.N,D,20220330,000000,154.03,154.03,154.03,154.03,0,0
1655.N,D,20220331,000000,153.98,153.98,153.98,153.98,0,0
1655.N,D,20220401,000000,154.18,154.18,154.18,154.18,0,0
1655.N,D,20220404,000000,154.65,154.65,154.65,154.65,0,0
1655.N,D,20220405,000000,153.72,153.72,153.72,153.72,0,0
1655.N,D,20220406,000000,152.41,152.41,152.41,152.41,0,0
1655.N,D,20220407,000000,151.29,151.29,151.29,151.29,0,0
1655.N,D,20220408,000000,150.24,150.24,150.24,150.24,0,0
1655.N,D,20220411,000000,149.63,149.63,149.63,149.63,0,0
1655.N,D,20220412,000000,149.73,149.73,149.73,149.73,0,0
1655.N,D,20220413,000000,150.93,150.93,150.93,150.93,0,0
1655.N,D,20220414,000000,150.44,150.44,150.44,150.44,0,0
1655.N,D,20220419,000000,149.8,149.8,149.8,149.8,0,0
1655.N,D,20220420,000000,150.01,150.01,150.01,150.01,0,0
1655.N,D,20220421,000000,149.89,149.89,149.89,149.89,0,0
1655.N,D,20220422,000000,148.53,148.53,148.53,148.53,0,0
1655.N,D,20220425,000000,147.39,147.39,147.39,147.39,0,0
1655.N,D,20220426,000000,146.96,146.96,146.96,146.96,0,0
1655.N,D,20220427,000000,145.73,145.73,145.73,145.73,0,0
1655.N,D,20220428,000000,145.68,145.68,145.68,145.68,0,0
1655.N,D,20220429,000000,145.4,145.4,145.4,145.4,0,0
1655.N,D,20220502,000000,144.73,144.73,144.73,144.73,0,0
1655.N,D,20220504,000000,144.3,144.3,144.3,144.3,0,0
1655.N,D,20220505,000000,143.48,143.48,143.48,143.48,0,0
1655.N,D,20220506,000000,142.37,142.37,142.37,142.37,0,0
1655.N,D,20220509,000000,141.15,141.15,141.15,141.15,0,0
1655.N,D,20220510,000000,141.08,141.08,141.08,141.08,0,0
1655.N,D,20220511,000000,140.86,140.86,140.86,140.86,0,0
1655.N,D,20220512,000000,140.36,140.36,140.36,140.36,0,0
1655.N,D,20220513,000000,141.99,141.99,141.99,141.99,0,0
1655.N,D,20220516,000000,142.67,142.67,142.67,142.67,0,0
1655.N,D,20220517,000000,143.56,143.56,143.56,143.56,0,0
1655.N,D,20220518,000000,143.42,143.42,143.42,143.42,0,0
1655.N,D,20220519,000000,143.1,143.1,143.1,143.1,0,0
1655.N,D,20220520,000000,143.21,143.21,143.21,143.21,0,0
1655.N,D,20220523,000000,144.62,144.62,144.62,144.62,0,0
1655.N,D,20220524,000000,144.13,144.13,144.13,144.13,0,0
1655.N,D,20220525,000000,144.03,144.03,144.03,144.03,0,0
1655.N,D,20220526,000000,144.35,144.35,144.35,144.35,0,0
1655.N,D,20220527,000000,144.12,144.12,144.12,144.12,0,0
1655.N,D,20220530,000000,145.26,145.26,145.26,145.26,0,0
1655.N,D,20220531,000000,144.93,144.93,144.93,144.93,0,0
1655.N,D,20220601,000000,145.07,145.07,145.07,145.07,0,0
1655.N,D,20220602,000000,144.65,144.65,144.65,144.65,0,0
1655.N,D,20220603,000000,144.12,144.12,144.12,144.12,0,0
1655.N,D,20220606,000000,144.68,144.68,144.68,144.68,0,0
1655.N,D,20220607,000000,144.59,144.59,144.59,144.59,0,0
1655.N,D,20220608,000000,143.24,143.24,143.24,143.24,0,0
1655.N,D,20220609,000000,142.27,142.27,142.27,142.27,0,0
1655.N,D,20220610,000000,140.9,140.9,140.9,140.9,0,0
1655.N,D,20220613,000000,137.99,137.99,137.99,137.99,0,0
1655.N,D,20220614,000000,137.83,137.83,137.83,137.83,0,0
1655.N,D,20220615,000000,137.75,137.75,137.75,137.75,0,0
1655.N,D,20220617,000000,137.05,137.05,137.05,137.05,0,0
1655.N,D,20220620,000000,137.87,137.87,137.87,137.87,0,0
1655.N,D,20220621,000000,139.77,139.77,139.77,139.77,0,0
1655.N,D,20220622,000000,139.79,139.79,139.79,139.79,0,0
1655.N,D,20220623,000000,140.01,140.01,140.01,140.01,0,0
1655.N,D,20220624,000000,140.48,140.48,140.48,140.48,0,0
1655.N,D,20220627,000000,139.83,139.83,139.83,139.83,0,0
1655.N,D,20220628,000000,140.7,140.7,140.7,140.7,0,0
1655.N,D,20220629,000000,141.4,141.4,141.4,141.4,0,0
1655.N,D,20220630,000000,140.29,140.29,140.29,140.29,0,0
1655.N,D,20220701,000000,141.1,141.1,141.1,141.1,0,0
1655.N,D,20220704,000000,140.56,140.56,140.56,140.56,0,0
1655.N,D,20220705,000000,138.99,138.99,138.99,138.99,0,0
1655.N,D,20220706,000000,138.73,138.73,138.73,138.73,0,0
1655.N,D,20220707,000000,140.09,140.09,140.09,140.09,0,0
1655.N,D,20220708,000000,141.39,141.39,141.39,141.39,0,0
1655.N,D,20220711,000000,141.53,141.53,141.53,141.53,0,0
1655.N,D,20220712,000000,140.24,140.24,140.24,140.24,0,0
1655.N,D,20220713,000000,139.28,139.28,139.28,139.28,0,0
1655.N,D,20220714,000000,138.53,138.53,138.53,138.53,0,0
1655.N,D,20220715,000000,139.33,139.33,139.33,139.33,0,0
1655.N,D,20220718,000000,140.98,140.98,140.98,140.98,0,0
1655.N,D,20220719,000000,141.24,141.24,141.24,141.24,0,0
1655.N,D,20220720,000000,141.96,141.96,141.96,141.96,0,0
1655.N,D,20220721,000000,143.48,143.48,143.48,143.48,0,0
1655.N,D,20220722,000000,145.12,145.12,145.12,145.12,0,0
1655.N,D,20220725,000000,144.52,144.52,144.52,144.52,0,0
1655.N,D,20220726,000000,143.94,143.94,143.94,143.94,0,0
1655.N,D,20220727,000000,143.4,143.4,143.4,143.4,0,0
1655.N,D,20220728,000000,143.67,143.67,143.67,143.67,0,0
1655.N,D,20220729,000000,145.75,145.75,145.75,145.75,0,0
1655.N,D,20220801,000000,145.54,145.54,145.54,145.54,0,0
1655.N,D,20220802,000000,144.94,144.94,144.94,144.94,0,0
1655.N,D,20220803,000000,144.25,144.25,144.25,144.25,0,0
1655.N,D,20220804,000000,144.44,144.44,144.44,144.44,0,0
1655.N,D,20220805,000000,144.8,144.8,144.8,144.8,0,0
1655.N,D,20220808,000000,146.51,146.51,146.51,146.51,0,0
1655.N,D,20220809,000000,146.04,146.04,146.04,146.04,0,0
1655.N,D,20220810,000000,146.66,146.66,146.66,146.66,0,0
1655.N,D,20220811,000000,147.49,147.49,147.49,147.49,0,0
1655.N,D,20220812,000000,148.15,148.15,148.15,148.15,0,0
1655.N,D,20220816,000000,148.71,148.71,148.71,148.71,0,0
1655.N,D,20220817,000000,147.08,147.08,147.08,147.08,0,0
1655.N,D,20220818,000000,147.05,147.05,147.05,147.05,0,0
1655.N,D,20220819,000000,146.25,146.25,146.25,146.25,0,0
1655.N,D,20220822,000000,144.23,144.23,144.23,144.23,0,0
1655.N,D,20220823,000000,143.75,143.75,143.75,143.75,0,0
1655.N,D,20220824,000000,142.77,142.77,142.77,142.77,0,0
1655.N,D,20220825,000000,143.32,143.32,143.32,143.32,0,0
1655.N,D,20220826,000000,142.47,142.47,142.47,142.47,0,0
1655.N,D,20220829,000000,141.92,141.92,141.92,141.92,0,0
1655.N,D,20220830,000000,141.98,141.98,141.98,141.98,0,0
1655.N,D,20220831,000000,142.28,142.28,142.28,142.28,0,0
1655.N,D,20220901,000000,141.22,141.22,141.22,141.22,0,0
1655.N,D,20220902,000000,143.01,143.01,143.01,143.01,0,0
