<TICKER>,<PER>,<DATE>,<TIME>,<OPEN>,<HIGH>,<LOW>,<CLOSE>,<VOL>,<OPENINT>
ARH_PE,D,20160509,000000,7.56137,7.56137,7.56137,7.56137,0,0
ARH_PE,D,20160510,000000,7.56137,7.61638,7.56137,7.61638,0,0
ARH_PE,D,20160511,000000,7.61638,7.83805,7.61638,7.83805,0,0
ARH_PE,D,20160512,000000,7.83805,7.83805,7.72712,7.78372,0,0
ARH_PE,D,20160513,000000,7.78372,7.78372,7.78372,7.78372,0,0
ARH_PE,D,20160516,000000,7.83805,7.83805,7.78372,7.83805,0,0
ARH_PE,D,20160517,000000,7.83805,7.83805,7.78372,7.78372,0,0
ARH_PE,D,20160518,000000,7.78372,7.78372,7.78372,7.78372,0,0
ARH_PE,D,20160519,000000,7.72712,7.83805,7.72712,7.83805,0,0
ARH_PE,D,20160520,000000,7.89376,11.3963,7.89376,11.3963,0,0
ARH_PE,D,20160523,000000,11.2308,11.2308,11.1743,11.1743,0,0
ARH_PE,D,20160524,000000,11.3408,11.3963,11.3408,11.3408,0,0
ARH_PE,D,20160525,000000,11.3963,11.3963,11.3963,11.3963,0,0
ARH_PE,D,20160530,000000,11.3408,11.3408,11.1743,11.3408,0,0
ARH_PE,D,20160531,000000,11.2853,11.3408,11.1743,11.3408,0,0
ARH_PE,D,20160601,000000,11.2308,11.2308,11.0077,11.0077,0,0
ARH_PE,D,20160602,000000,11.0077,11.3963,10.9512,11.3963,0,0
ARH_PE,D,20160603,000000,11.3963,11.3963,11.3963,11.3963,0,0
ARH_PE,D,20160606,000000,11.3963,11.3963,11.1188,11.1188,0,0
ARH_PE,D,20160607,000000,11.1188,11.3963,11.1188,11.3963,0,0
ARH_PE,D,20160608,000000,11.0632,11.1743,11.0632,11.1743,0,0
ARH_PE,D,20160609,000000,11.1743,11.1743,11.1743,11.1743,0,0
ARH_PE,D,20160610,000000,11.1188,11.1188,11.1188,11.1188,0,0
ARH_PE,D,20160614,000000,11.1188,11.1188,10.9512,10.9512,0,0
ARH_PE,D,20160615,000000,10.9512,10.9512,10.9512,10.9512,0,0
ARH_PE,D,20160616,000000,10.8977,10.8977,10.7302,10.7302,0,0
ARH_PE,D,20160620,000000,10.7302,10.7302,10.7302,10.7302,0,0
ARH_PE,D,20160621,000000,10.4526,10.4526,10.4526,10.4526,0,0
ARH_PE,D,20160622,000000,10.7302,10.8977,10.7302,10.8977,0,0
ARH_PE,D,20160624,000000,10.4526,10.6191,9.89545,10.5626,0,0
ARH_PE,D,20160627,000000,10.9254,10.9254,10.866,10.9254,0,0
ARH_PE,D,20160628,000000,10.9254,10.9254,10.9254,10.9254,0,0
ARH_PE,D,20160629,000000,10.866,11.2823,10.866,11.2823,0,0
ARH_PE,D,20160630,000000,11.0434,11.1039,11.0434,11.1039,0,0
ARH_PE,D,20160701,000000,11.0434,11.0434,10.9849,10.9849,0,0
ARH_PE,D,20160704,000000,11.0434,11.0434,10.747,10.747,0,0
ARH_PE,D,20160705,000000,10.8075,10.8075,10.3891,10.3891,0,0
ARH_PE,D,20160706,000000,10.3326,10.3891,10.3326,10.3891,0,0
ARH_PE,D,20160707,000000,10.3891,10.4506,10.3891,10.4506,0,0
ARH_PE,D,20160712,000000,10.5101,10.5101,10.5101,10.5101,0,0
ARH_PE,D,20160713,000000,10.4506,10.4506,10.4506,10.4506,0,0
ARH_PE,D,20160714,000000,10.2712,10.3326,10.2712,10.3326,0,0
ARH_PE,D,20160715,000000,10.5686,10.5686,10.5686,10.5686,0,0
ARH_PE,D,20160718,000000,10.5686,10.5686,10.3891,10.3891,0,0
ARH_PE,D,20160719,000000,10.3891,10.3891,10.3326,10.3326,0,0
ARH_PE,D,20160720,000000,10.3326,10.628,10.3326,10.628,0,0
ARH_PE,D,20160721,000000,10.628,10.628,10.3326,10.3326,0,0
ARH_PE,D,20160722,000000,10.747,10.747,10.747,10.747,0,0
ARH_PE,D,20160725,000000,10.9254,11.3408,10.5101,11.3408,0,0
ARH_PE,D,20160726,000000,11.3408,11.4608,11.3408,11.4608,0,0
ARH_PE,D,20160727,000000,11.4608,11.4608,11.4608,11.4608,0,0
ARH_PE,D,20160728,000000,11.3408,11.3408,11.3408,11.3408,0,0
ARH_PE,D,20160729,000000,11.3408,11.6977,11.3408,11.6977,0,0
ARH_PE,D,20160801,000000,11.2823,11.2823,11.2823,11.2823,0,0
ARH_PE,D,20160804,000000,11.5797,11.5797,11.5797,11.5797,0,0
ARH_PE,D,20160808,000000,11.2823,11.2823,11.2823,11.2823,0,0
ARH_PE,D,20160809,000000,11.3408,11.3408,11.2823,11.2823,0,0
ARH_PE,D,20160810,000000,11.2823,11.2823,11.2218,11.2823,0,0
ARH_PE,D,20160811,000000,11.3408,11.3408,11.3408,11.3408,0,0
ARH_PE,D,20160812,000000,11.4003,11.6977,11.4003,11.6977,0,0
ARH_PE,D,20160816,000000,11.3408,11.6977,11.2823,11.6977,0,0
ARH_PE,D,20160817,000000,11.2823,11.6977,11.2823,11.6977,0,0
ARH_PE,D,20160818,000000,11.6977,11.6977,11.6977,11.6977,0,0
ARH_PE,D,20160824,000000,11.5797,11.5797,11.2218,11.5183,0,0
ARH_PE,D,20160829,000000,11.2218,11.4608,11.2218,11.4608,0,0
ARH_PE,D,20160830,000000,11.2823,11.2823,11.2218,11.2218,0,0
ARH_PE,D,20160831,000000,11.4608,11.7562,11.2823,11.6977,0,0
ARH_PE,D,20160901,000000,11.6977,11.6977,11.6977,11.6977,0,0
ARH_PE,D,20160902,000000,11.6977,11.6977,11.2823,11.6372,0,0
ARH_PE,D,20160905,000000,11.6372,11.6372,6.05643,6.05643,0,0
ARH_PE,D,20160906,000000,5.93757,6.11591,5.93757,6.11591,0,0
ARH_PE,D,20160907,000000,6.11591,6.17539,6.11591,6.17539,0,0
ARH_PE,D,20160908,000000,6.17539,6.23487,6.11591,6.23487,0,0
ARH_PE,D,20160909,000000,6.17539,6.35323,6.17539,6.23487,0,0
ARH_PE,D,20160912,000000,6.11591,6.11591,6.05643,6.05643,0,0
ARH_PE,D,20160913,000000,6.05643,6.05643,6.05643,6.05643,0,0
ARH_PE,D,20160914,000000,5.99735,5.99735,5.99735,5.99735,0,0
ARH_PE,D,20160915,000000,5.99735,6.29425,5.99735,6.29425,0,0
ARH_PE,D,20160916,000000,6.29425,6.29425,6.29425,6.29425,0,0
ARH_PE,D,20160919,000000,6.29425,6.29425,6.29425,6.29425,0,0
ARH_PE,D,20160920,000000,6.23487,6.29425,6.17539,6.17539,0,0
ARH_PE,D,20160921,000000,6.17539,6.29425,6.17539,6.29425,0,0
ARH_PE,D,20160923,000000,6.29425,6.29425,6.29425,6.29425,0,0
ARH_PE,D,20160926,000000,6.29425,6.35323,6.11591,6.35323,0,0
ARH_PE,D,20160927,000000,6.23487,6.35323,6.23487,6.35323,0,0
ARH_PE,D,20160928,000000,6.23487,6.35323,6.17539,6.35323,0,0
ARH_PE,D,20160929,000000,6.35323,6.41261,6.35323,6.41261,0,0
ARH_PE,D,20160930,000000,6.41261,6.47209,6.41261,6.41261,0,0
ARH_PE,D,20161003,000000,6.41261,6.41261,6.35323,6.41261,0,0
ARH_PE,D,20161004,000000,6.41261,6.47209,6.29425,6.35323,0,0
ARH_PE,D,20161006,000000,6.29425,6.35323,6.29425,6.35323,0,0
ARH_PE,D,20161007,000000,6.35323,6.41261,6.35323,6.41261,0,0
ARH_PE,D,20161010,000000,6.41261,6.41261,6.29425,6.35323,0,0
ARH_PE,D,20161011,000000,6.35323,6.35323,6.35323,6.35323,0,0
ARH_PE,D,20161012,000000,6.35323,6.35323,6.29425,6.29425,0,0
ARH_PE,D,20161013,000000,6.29425,6.41261,6.29425,6.41261,0,0
ARH_PE,D,20161014,000000,6.35323,6.35323,6.35323,6.35323,0,0
ARH_PE,D,20161017,000000,6.29425,6.41261,6.29425,6.35323,0,0
ARH_PE,D,20161018,000000,6.35323,6.35323,6.35323,6.35323,0,0
ARH_PE,D,20161019,000000,6.41261,6.41261,6.41261,6.41261,0,0
ARH_PE,D,20161021,000000,6.35323,6.35323,6.35323,6.35323,0,0
ARH_PE,D,20161024,000000,6.35323,6.35323,6.29425,6.29425,0,0
ARH_PE,D,20161025,000000,6.41261,6.41261,6.41261,6.41261,0,0
ARH_PE,D,20161027,000000,6.29425,6.35323,6.17539,6.23487,0,0
ARH_PE,D,20161028,000000,6.23487,6.23487,6.23487,6.23487,0,0
ARH_PE,D,20161031,000000,6.23487,6.35323,6.23487,6.35323,0,0
ARH_PE,D,20161103,000000,6.11591,6.17539,6.11591,6.17539,0,0
ARH_PE,D,20161104,000000,6.17539,6.29425,6.17539,6.29425,0,0
ARH_PE,D,20161107,000000,6.11591,6.17539,6.11591,6.17539,0,0
ARH_PE,D,20161109,000000,6.23487,6.35323,6.23487,6.35323,0,0
ARH_PE,D,20161110,000000,6.17539,6.29425,6.17539,6.17539,0,0
ARH_PE,D,20161114,000000,6.11591,6.23487,6.11591,6.17539,0,0
ARH_PE,D,20161115,000000,6.17539,6.23487,6.17539,6.17539,0,0
ARH_PE,D,20161116,000000,6.11591,6.11591,6.11591,6.11591,0,0
ARH_PE,D,20161117,000000,6.23487,6.23487,6.23487,6.23487,0,0
ARH_PE,D,20161118,000000,6.23487,6.29425,5.58148,5.58148,0,0
ARH_PE,D,20161121,000000,5.64096,5.64096,5.64096,5.64096,0,0
ARH_PE,D,20161122,000000,5.522,5.64096,5.522,5.64096,0,0
ARH_PE,D,20161123,000000,5.64096,5.70024,5.64096,5.64096,0,0
ARH_PE,D,20161124,000000,5.64096,5.64096,5.522,5.522,0,0
ARH_PE,D,20161125,000000,5.522,5.522,5.522,5.522,0,0
ARH_PE,D,20161128,000000,5.46262,5.64096,5.46262,5.64096,0,0
ARH_PE,D,20161129,000000,5.64096,5.64096,5.64096,5.64096,0,0
ARH_PE,D,20161130,000000,5.64096,5.64096,5.522,5.64096,0,0
ARH_PE,D,20161201,000000,5.64096,5.64096,5.64096,5.64096,0,0
ARH_PE,D,20161202,000000,5.64096,5.64096,5.522,5.522,0,0
ARH_PE,D,20161205,000000,5.64096,5.64096,5.522,5.522,0,0
ARH_PE,D,20161206,000000,5.522,5.522,5.46262,5.522,0,0
ARH_PE,D,20161207,000000,5.46262,5.46262,5.34386,5.46262,0,0
ARH_PE,D,20161208,000000,5.46262,5.46262,5.46262,5.46262,0,0
ARH_PE,D,20161212,000000,5.2251,5.46262,5.2251,5.46262,0,0
ARH_PE,D,20161213,000000,5.58148,5.64096,5.58148,5.64096,0,0
ARH_PE,D,20161214,000000,5.64096,5.75953,5.64096,5.75953,0,0
ARH_PE,D,20161215,000000,5.75953,5.87848,5.75953,5.87848,0,0
ARH_PE,D,20161216,000000,5.87848,5.99735,5.87848,5.93757,0,0
ARH_PE,D,20161219,000000,5.93757,5.93757,5.64096,5.93757,0,0
ARH_PE,D,20161220,000000,5.87848,5.87848,5.819,5.819,0,0
ARH_PE,D,20161221,000000,5.87848,5.87848,5.70024,5.819,0,0
ARH_PE,D,20161223,000000,5.87848,5.87848,5.87848,5.87848,0,0
ARH_PE,D,20161227,000000,5.87848,5.87848,5.87848,5.87848,0,0
ARH_PE,D,20161228,000000,5.819,5.819,5.819,5.819,0,0
ARH_PE,D,20161229,000000,5.819,5.819,5.70024,5.75953,0,0
ARH_PE,D,20161230,000000,5.70024,5.70024,5.70024,5.70024,0,0
ARH_PE,D,20170102,000000,5.70024,5.75953,5.70024,5.75953,0,0
ARH_PE,D,20170103,000000,5.87848,5.99735,5.64096,5.75953,0,0
ARH_PE,D,20170104,000000,5.75953,5.75953,5.64096,5.64096,0,0
ARH_PE,D,20170105,000000,5.64096,5.64096,5.46262,5.522,0,0
ARH_PE,D,20170109,000000,5.70024,5.75953,5.70024,5.75953,0,0
ARH_PE,D,20170110,000000,5.64096,5.64096,5.64096,5.64096,0,0
ARH_PE,D,20170111,000000,5.75953,5.75953,5.75953,5.75953,0,0
ARH_PE,D,20170112,000000,5.75953,5.87848,5.75953,5.87848,0,0
ARH_PE,D,20170113,000000,5.87848,5.87848,5.70024,5.75953,0,0
ARH_PE,D,20170116,000000,5.87848,5.87848,5.75953,5.75953,0,0
ARH_PE,D,20170117,000000,5.819,5.87848,5.819,5.87848,0,0
ARH_PE,D,20170118,000000,5.87848,5.87848,5.819,5.819,0,0
ARH_PE,D,20170119,000000,5.819,5.819,5.70024,5.75953,0,0
ARH_PE,D,20170120,000000,5.70024,5.819,5.64096,5.64096,0,0
ARH_PE,D,20170123,000000,5.58148,5.819,5.58148,5.819,0,0
ARH_PE,D,20170124,000000,5.819,5.87848,5.64096,5.87848,0,0
ARH_PE,D,20170125,000000,5.87848,5.87848,5.64096,5.87848,0,0
ARH_PE,D,20170126,000000,5.819,5.819,5.819,5.819,0,0
ARH_PE,D,20170127,000000,5.819,5.819,5.819,5.819,0,0
ARH_PE,D,20170130,000000,5.87848,5.93757,5.87848,5.93757,0,0
ARH_PE,D,20170131,000000,5.93757,5.93757,5.87848,5.87848,0,0
ARH_PE,D,20170201,000000,5.87848,5.87848,5.87848,5.87848,0,0
ARH_PE,D,20170202,000000,5.819,5.819,5.64096,5.64096,0,0
ARH_PE,D,20170203,000000,5.87848,5.87848,5.819,5.819,0,0
ARH_PE,D,20170207,000000,5.819,5.87848,5.819,5.87848,0,0
ARH_PE,D,20170208,000000,5.819,5.819,5.819,5.819,0,0
ARH_PE,D,20170209,000000,5.87848,5.87848,5.819,5.819,0,0
ARH_PE,D,20170210,000000,5.75953,5.87848,5.75953,5.87848,0,0
ARH_PE,D,20170213,000000,5.75953,5.87848,5.75953,5.87848,0,0
ARH_PE,D,20170214,000000,5.64096,5.64096,5.64096,5.64096,0,0
ARH_PE,D,20170215,000000,5.64096,5.64096,5.64096,5.64096,0,0
ARH_PE,D,20170216,000000,5.64096,5.64096,5.64096,5.64096,0,0
ARH_PE,D,20170217,000000,5.64096,5.70024,5.40334,5.40334,0,0
ARH_PE,D,20170220,000000,5.64096,5.64096,5.46262,5.64096,0,0
ARH_PE,D,20170221,000000,5.64096,5.64096,5.64096,5.64096,0,0
ARH_PE,D,20170222,000000,5.64096,5.64096,5.64096,5.64096,0,0
ARH_PE,D,20170223,000000,5.522,5.64096,5.522,5.64096,0,0
ARH_PE,D,20170224,000000,5.64096,5.64096,5.522,5.522,0,0
ARH_PE,D,20170227,000000,5.64096,5.64096,5.58148,5.64096,0,0
ARH_PE,D,20170228,000000,5.70024,5.70024,5.64096,5.64096,0,0
ARH_PE,D,20170301,000000,5.64096,5.64096,5.64096,5.64096,0,0
ARH_PE,D,20170302,000000,5.64096,5.64096,5.64096,5.64096,0,0
ARH_PE,D,20170303,000000,5.64096,5.70024,5.64096,5.70024,0,0
ARH_PE,D,20170306,000000,5.64096,5.75953,5.522,5.75953,0,0
ARH_PE,D,20170307,000000,5.70024,5.70024,5.64096,5.64096,0,0
ARH_PE,D,20170308,000000,5.58148,5.58148,5.58148,5.58148,0,0
ARH_PE,D,20170309,000000,5.64096,5.64096,5.64096,5.64096,0,0
ARH_PE,D,20170310,000000,5.64096,5.64096,5.64096,5.64096,0,0
ARH_PE,D,20170313,000000,5.70024,5.70024,5.64096,5.64096,0,0
ARH_PE,D,20170314,000000,5.70024,5.70024,5.70024,5.70024,0,0
ARH_PE,D,20170315,000000,5.70024,5.70024,5.58148,5.58148,0,0
ARH_PE,D,20170316,000000,5.70024,5.70024,5.522,5.64096,0,0
ARH_PE,D,20170317,000000,5.64096,5.70024,5.64096,5.70024,0,0
ARH_PE,D,20170320,000000,5.70024,5.75953,5.58148,5.75953,0,0
ARH_PE,D,20170322,000000,5.58148,5.75953,5.58148,5.70024,0,0
ARH_PE,D,20170323,000000,5.64096,5.70024,5.64096,5.70024,0,0
ARH_PE,D,20170324,000000,5.70024,5.70024,5.64096,5.64096,0,0
ARH_PE,D,20170327,000000,5.64096,5.64096,5.64096,5.64096,0,0
ARH_PE,D,20170328,000000,5.64096,5.64096,5.58148,5.64096,0,0
ARH_PE,D,20170329,000000,5.70024,5.70024,5.70024,5.70024,0,0
ARH_PE,D,20170330,000000,5.70024,5.70024,5.70024,5.70024,0,0
ARH_PE,D,20170331,000000,5.70024,5.75953,5.70024,5.75953,0,0
ARH_PE,D,20170404,000000,5.75953,5.87848,5.75953,5.87848,0,0
ARH_PE,D,20170405,000000,5.819,5.819,5.75953,5.75953,0,0
ARH_PE,D,20170406,000000,5.87848,5.87848,5.87848,5.87848,0,0
ARH_PE,D,20170407,000000,5.87848,5.93757,5.87848,5.87848,0,0
ARH_PE,D,20170410,000000,5.93757,5.93757,5.93757,5.93757,0,0
ARH_PE,D,20170411,000000,5.87848,5.93757,5.87848,5.93757,0,0
ARH_PE,D,20170412,000000,5.93757,6.23487,5.93757,5.93757,0,0
ARH_PE,D,20170413,000000,6.11591,6.11591,5.75953,5.99735,0,0
ARH_PE,D,20170418,000000,5.87848,5.99735,5.87848,5.99735,0,0
ARH_PE,D,20170419,000000,5.93757,5.99735,5.93757,5.99735,0,0
ARH_PE,D,20170420,000000,5.99735,6.11591,5.99735,6.11591,0,0
ARH_PE,D,20170421,000000,6.23487,6.23487,6.17539,6.17539,0,0
ARH_PE,D,20170424,000000,6.23487,6.29425,6.23487,6.29425,0,0
ARH_PE,D,20170425,000000,6.29425,6.29425,6.23487,6.29425,0,0
ARH_PE,D,20170426,000000,6.29425,6.29425,6.17539,6.29425,0,0
ARH_PE,D,20170427,000000,6.29425,6.29425,6.23487,6.23487,0,0
ARH_PE,D,20170428,000000,6.05643,6.23487,5.93757,6.23487,0,0
ARH_PE,D,20170502,000000,6.11591,6.23487,6.11591,6.23487,0,0
ARH_PE,D,20170504,000000,6.23487,6.23487,6.23487,6.23487,0,0
ARH_PE,D,20170505,000000,6.11591,6.23487,5.99735,6.05643,0,0
ARH_PE,D,20170508,000000,6.05643,6.05643,5.99735,5.99735,0,0
ARH_PE,D,20170509,000000,6.05643,6.05643,5.75953,5.75953,0,0
ARH_PE,D,20170510,000000,5.75953,5.75953,5.70024,5.70024,0,0
ARH_PE,D,20170511,000000,5.70024,5.87848,5.70024,5.819,0,0
ARH_PE,D,20170512,000000,5.819,5.819,5.819,5.819,0,0
ARH_PE,D,20170515,000000,5.75953,5.87848,5.64096,5.87848,0,0
ARH_PE,D,20170516,000000,5.75953,5.75953,5.75953,5.75953,0,0
ARH_PE,D,20170517,000000,5.87848,5.87848,5.75953,5.87848,0,0
ARH_PE,D,20170518,000000,5.75953,5.75953,5.75953,5.75953,0,0
ARH_PE,D,20170519,000000,5.99735,5.99735,5.75953,5.93757,0,0
ARH_PE,D,20170522,000000,5.93757,6.05643,5.87848,5.87848,0,0
ARH_PE,D,20170523,000000,6.11591,6.17539,5.87848,6.11591,0,0
ARH_PE,D,20170524,000000,6.11591,6.17539,6.05643,6.05643,0,0
ARH_PE,D,20170525,000000,6.05643,6.23487,6.05643,6.23487,0,0
ARH_PE,D,20170526,000000,6.17539,6.23487,6.17539,6.17539,0,0
ARH_PE,D,20170529,000000,6.29425,6.29425,6.23487,6.29425,0,0
ARH_PE,D,20170530,000000,6.29425,6.29425,6.17539,6.17539,0,0
ARH_PE,D,20170601,000000,6.36017,6.36017,5.86143,5.86143,0,0
ARH_PE,D,20170602,000000,5.67447,5.73672,5.61192,5.67447,0,0
ARH_PE,D,20170605,000000,5.73672,5.79908,5.73672,5.79908,0,0
ARH_PE,D,20170606,000000,5.79908,5.79908,5.73672,5.79908,0,0
ARH_PE,D,20170607,000000,5.86143,5.86143,5.73672,5.73672,0,0
ARH_PE,D,20170608,000000,5.67447,5.92379,5.61192,5.92379,0,0
ARH_PE,D,20170609,000000,5.92379,5.98614,5.79908,5.92379,0,0
ARH_PE,D,20170612,000000,5.92379,5.92379,5.79908,5.79908,0,0
ARH_PE,D,20170613,000000,5.73672,5.79908,5.73672,5.79908,0,0
ARH_PE,D,20170614,000000,5.73672,5.79908,5.67447,5.73672,0,0
ARH_PE,D,20170616,000000,5.73672,5.79908,5.73672,5.79908,0,0
ARH_PE,D,20170619,000000,5.79908,5.79908,5.73672,5.73672,0,0
ARH_PE,D,20170620,000000,5.73672,5.73672,5.67447,5.67447,0,0
ARH_PE,D,20170621,000000,5.67447,5.67447,5.67447,5.67447,0,0
ARH_PE,D,20170622,000000,5.67447,5.67447,5.67447,5.67447,0,0
ARH_PE,D,20170626,000000,5.67447,5.73672,5.67447,5.67447,0,0
ARH_PE,D,20170627,000000,5.67447,5.67447,5.67447,5.67447,0,0
ARH_PE,D,20170628,000000,5.67447,5.67447,5.67447,5.67447,0,0
ARH_PE,D,20170629,000000,5.61192,5.67447,5.61192,5.67447,0,0
ARH_PE,D,20170630,000000,5.67447,5.67447,5.61192,5.67447,0,0
ARH_PE,D,20170703,000000,5.61192,5.61192,5.54956,5.54956,0,0
ARH_PE,D,20170704,000000,5.54956,5.54956,5.54956,5.54956,0,0
ARH_PE,D,20170705,000000,5.3625,5.61192,5.3625,5.61192,0,0
ARH_PE,D,20170707,000000,5.54956,5.54956,5.54956,5.54956,0,0
ARH_PE,D,20170710,000000,5.54956,5.54956,5.48731,5.48731,0,0
ARH_PE,D,20170711,000000,5.54956,5.54956,5.48731,5.48731,0,0
ARH_PE,D,20170712,000000,5.48731,5.48731,5.3625,5.42485,0,0
ARH_PE,D,20170713,000000,5.61192,5.61192,5.54956,5.54956,0,0
ARH_PE,D,20170714,000000,5.54956,5.54956,5.54956,5.54956,0,0
ARH_PE,D,20170718,000000,5.61192,5.67447,5.61192,5.67447,0,0
ARH_PE,D,20170719,000000,5.67447,5.73672,5.67447,5.73672,0,0
ARH_PE,D,20170720,000000,5.48731,5.73672,5.48731,5.73672,0,0
ARH_PE,D,20170721,000000,5.48731,5.61192,4.98837,5.61192,0,0
ARH_PE,D,20170724,000000,5.48731,5.67447,5.48731,5.61192,0,0
ARH_PE,D,20170725,000000,5.42485,5.61192,5.42485,5.61192,0,0
ARH_PE,D,20170727,000000,5.67447,5.67447,5.61192,5.61192,0,0
ARH_PE,D,20170728,000000,5.61192,5.61192,5.54956,5.61192,0,0
ARH_PE,D,20170731,000000,5.48731,5.61192,5.48731,5.61192,0,0
ARH_PE,D,20170801,000000,5.61192,5.67447,5.61192,5.67447,0,0
ARH_PE,D,20170804,000000,5.61192,5.61192,5.54956,5.54956,0,0
ARH_PE,D,20170807,000000,5.42485,5.42485,5.42485,5.42485,0,0
ARH_PE,D,20170808,000000,5.3625,5.42485,5.30014,5.42485,0,0
ARH_PE,D,20170809,000000,5.30014,5.42485,5.30014,5.42485,0,0
ARH_PE,D,20170810,000000,5.42485,5.42485,5.42485,5.42485,0,0
ARH_PE,D,20170811,000000,5.42485,5.42485,5.23789,5.42485,0,0
ARH_PE,D,20170814,000000,5.48731,5.48731,5.48731,5.48731,0,0
ARH_PE,D,20170816,000000,5.48731,5.48731,5.48731,5.48731,0,0
ARH_PE,D,20170817,000000,5.30014,5.48731,5.30014,5.48731,0,0
ARH_PE,D,20170818,000000,5.48731,5.48731,5.48731,5.48731,0,0
ARH_PE,D,20170822,000000,5.48731,5.48731,5.42485,5.42485,0,0
ARH_PE,D,20170824,000000,5.42485,5.42485,5.42485,5.42485,0,0
ARH_PE,D,20170825,000000,5.42485,5.42485,5.42485,5.42485,0,0
ARH_PE,D,20170828,000000,5.30014,5.48731,5.30014,5.48731,0,0
ARH_PE,D,20170829,000000,5.30014,5.3625,5.30014,5.3625,0,0
ARH_PE,D,20170830,000000,5.42485,5.42485,5.42485,5.42485,0,0
ARH_PE,D,20170831,000000,5.48731,5.48731,5.3625,5.3625,0,0
ARH_PE,D,20170901,000000,5.3625,5.3625,5.3625,5.3625,0,0
ARH_PE,D,20170904,000000,5.42485,5.48731,5.42485,5.48731,0,0
ARH_PE,D,20170905,000000,5.48731,5.48731,5.42485,5.42485,0,0
ARH_PE,D,20170906,000000,5.3625,5.3625,5.30014,5.30014,0,0
ARH_PE,D,20170907,000000,5.30014,5.30014,5.23789,5.23789,0,0
ARH_PE,D,20170908,000000,5.23789,5.23789,5.23789,5.23789,0,0
ARH_PE,D,20170911,000000,5.23789,5.23789,5.05082,5.23789,0,0
ARH_PE,D,20170912,000000,5.23789,5.23789,5.23789,5.23789,0,0
ARH_PE,D,20170913,000000,5.05082,5.17543,5.05082,5.05082,0,0
ARH_PE,D,20170914,000000,5.11328,5.23789,5.11328,5.23789,0,0
ARH_PE,D,20170915,000000,5.23789,6.11085,5.23789,6.11085,0,0
ARH_PE,D,20170918,000000,6.11085,6.11085,6.11085,6.11085,0,0
ARH_PE,D,20170919,000000,6.11085,6.11085,6.11085,6.11085,0,0
ARH_PE,D,20170920,000000,6.11085,6.11085,5.98614,6.11085,0,0
ARH_PE,D,20170921,000000,6.11085,6.1735,6.11085,6.1735,0,0
ARH_PE,D,20170922,000000,6.1735,6.1735,5.86143,5.92379,0,0
ARH_PE,D,20170925,000000,5.92379,5.92379,5.92379,5.92379,0,0
ARH_PE,D,20170926,000000,5.92379,5.92379,5.79908,5.86143,0,0
ARH_PE,D,20170927,000000,5.92379,6.11085,5.92379,6.11085,0,0
ARH_PE,D,20170928,000000,6.11085,6.11085,6.11085,6.11085,0,0
ARH_PE,D,20170929,000000,5.98614,5.98614,5.98614,5.98614,0,0
ARH_PE,D,20171004,000000,5.98614,5.98614,5.98614,5.98614,0,0
ARH_PE,D,20171005,000000,6.0487,6.0487,6.0487,6.0487,0,0
ARH_PE,D,20171006,000000,6.11085,6.11085,6.11085,6.11085,0,0
ARH_PE,D,20171009,000000,6.1735,6.1735,6.1735,6.1735,0,0
ARH_PE,D,20171010,000000,6.29811,6.29811,6.23556,6.23556,0,0
ARH_PE,D,20171011,000000,6.29811,6.29811,6.29811,6.29811,0,0
ARH_PE,D,20171012,000000,6.29811,6.29811,6.29811,6.29811,0,0
ARH_PE,D,20171013,000000,6.29811,6.29811,6.23556,6.23556,0,0
ARH_PE,D,20171016,000000,6.23556,6.23556,6.23556,6.23556,0,0
ARH_PE,D,20171017,000000,6.23556,6.29811,6.23556,6.29811,0,0
ARH_PE,D,20171018,000000,6.23556,6.23556,6.23556,6.23556,0,0
ARH_PE,D,20171019,000000,6.23556,6.23556,6.0487,6.0487,0,0
ARH_PE,D,20171020,000000,6.11085,6.11085,6.11085,6.11085,0,0
ARH_PE,D,20171023,000000,6.11085,6.11085,6.11085,6.11085,0,0
ARH_PE,D,20171024,000000,6.11085,6.11085,6.11085,6.11085,0,0
ARH_PE,D,20171025,000000,6.11085,6.11085,5.98614,6.0487,0,0
ARH_PE,D,20171026,000000,6.0487,6.0487,6.0487,6.0487,0,0
ARH_PE,D,20171027,000000,6.0487,6.11085,6.0487,6.11085,0,0
ARH_PE,D,20171030,000000,6.0487,6.11085,6.0487,6.0487,0,0
ARH_PE,D,20171031,000000,6.23556,6.79715,6.0487,6.79715,0,0
ARH_PE,D,20171102,000000,6.7343,6.7343,6.60949,6.7343,0,0
ARH_PE,D,20171108,000000,6.60949,6.7343,6.60949,6.60949,0,0
ARH_PE,D,20171109,000000,6.60949,6.60949,6.48498,6.60949,0,0
ARH_PE,D,20171110,000000,6.54743,6.54743,6.48498,6.48498,0,0
ARH_PE,D,20171113,000000,6.54743,6.54743,6.48498,6.48498,0,0
ARH_PE,D,20171114,000000,6.48498,6.48498,6.48498,6.48498,0,0
ARH_PE,D,20171115,000000,6.42282,6.48498,6.42282,6.48498,0,0
ARH_PE,D,20171116,000000,6.42282,6.60949,6.42282,6.60949,0,0
ARH_PE,D,20171117,000000,6.54743,6.60949,6.42282,6.60949,0,0
ARH_PE,D,20171120,000000,6.67244,6.67244,6.42282,6.42282,0,0
ARH_PE,D,20171121,000000,6.42282,6.48498,6.42282,6.48498,0,0
ARH_PE,D,20171122,000000,6.48498,6.54743,6.48498,6.48498,0,0
ARH_PE,D,20171123,000000,6.48498,6.48498,6.42282,6.48498,0,0
ARH_PE,D,20171124,000000,6.48498,6.48498,6.42282,6.48498,0,0
ARH_PE,D,20171127,000000,6.67244,6.67244,6.42282,6.42282,0,0
ARH_PE,D,20171128,000000,6.42282,6.67244,6.42282,6.60949,0,0
ARH_PE,D,20171129,000000,6.36017,6.48498,6.36017,6.42282,0,0
ARH_PE,D,20171130,000000,6.58163,6.89797,3.98703,3.98703,0,0
ARH_PE,D,20171201,000000,4.05027,4.11362,4.05027,4.11362,0,0
ARH_PE,D,20171204,000000,4.11362,4.24002,4.11362,4.24002,0,0
ARH_PE,D,20171205,000000,4.17687,4.17687,4.17687,4.17687,0,0
ARH_PE,D,20171206,000000,4.17687,4.24002,4.17687,4.24002,0,0
ARH_PE,D,20171207,000000,4.24002,4.24002,4.24002,4.24002,0,0
ARH_PE,D,20171208,000000,4.24002,4.24002,4.24002,4.24002,0,0
ARH_PE,D,20171211,000000,4.24002,4.24002,4.17687,4.17687,0,0
ARH_PE,D,20171212,000000,4.17687,4.17687,4.17687,4.17687,0,0
ARH_PE,D,20171213,000000,4.17687,4.17687,4.17687,4.17687,0,0
ARH_PE,D,20171214,000000,4.17687,4.30336,4.17687,4.30336,0,0
ARH_PE,D,20171215,000000,4.30336,4.4932,4.30336,4.4932,0,0
ARH_PE,D,20171218,000000,4.4932,4.61979,4.4932,4.55655,0,0
ARH_PE,D,20171219,000000,4.42985,4.55655,4.42985,4.55655,0,0
ARH_PE,D,20171220,000000,4.42985,4.61979,4.42985,4.4932,0,0
ARH_PE,D,20171221,000000,4.36661,4.4932,4.36661,4.42985,0,0
ARH_PE,D,20171222,000000,4.42985,4.4932,4.42985,4.4932,0,0
ARH_PE,D,20171227,000000,4.36661,4.36661,4.36661,4.36661,0,0
ARH_PE,D,20171228,000000,4.36661,4.42985,4.24002,4.42985,0,0
ARH_PE,D,20171229,000000,4.30336,4.4932,4.30336,4.4932,0,0
ARH_PE,D,20180103,000000,4.42985,4.4932,4.36661,4.4932,0,0
ARH_PE,D,20180104,000000,4.42985,4.42985,4.36661,4.36661,0,0
ARH_PE,D,20180105,000000,4.36661,4.36661,4.36661,4.36661,0,0
ARH_PE,D,20180108,000000,4.36661,4.36661,4.30336,4.36661,0,0
ARH_PE,D,20180109,000000,4.42985,4.42985,4.36661,4.36661,0,0
ARH_PE,D,20180110,000000,4.36661,4.36661,4.36661,4.36661,0,0
ARH_PE,D,20180111,000000,4.36661,4.42985,4.36661,4.42985,0,0
ARH_PE,D,20180112,000000,4.42985,4.42985,4.30336,4.42985,0,0
ARH_PE,D,20180115,000000,4.42985,4.42985,4.42985,4.42985,0,0
ARH_PE,D,20180116,000000,4.42985,4.42985,4.36661,4.42985,0,0
ARH_PE,D,20180117,000000,4.36661,4.42985,4.36661,4.36661,0,0
ARH_PE,D,20180118,000000,4.36661,4.36661,4.30336,4.30336,0,0
ARH_PE,D,20180119,000000,4.30336,4.30336,4.30336,4.30336,0,0
ARH_PE,D,20180122,000000,4.30336,4.30336,4.24002,4.24002,0,0
ARH_PE,D,20180123,000000,4.24002,4.30336,4.24002,4.30336,0,0
ARH_PE,D,20180124,000000,4.24002,4.30336,4.24002,4.30336,0,0
ARH_PE,D,20180125,000000,4.30336,4.30336,4.24002,4.30336,0,0
ARH_PE,D,20180126,000000,4.30336,4.30336,4.30336,4.30336,0,0
ARH_PE,D,20180129,000000,4.30336,4.30336,4.30336,4.30336,0,0
ARH_PE,D,20180130,000000,4.30336,4.30336,4.24002,4.24002,0,0
ARH_PE,D,20180131,000000,4.24002,4.24002,4.11362,4.24002,0,0
ARH_PE,D,20180201,000000,4.24002,4.24002,4.24002,4.24002,0,0
ARH_PE,D,20180202,000000,4.24002,4.24002,4.17687,4.17687,0,0
ARH_PE,D,20180205,000000,4.17687,4.17687,4.17687,4.17687,0,0
ARH_PE,D,20180206,000000,4.11362,4.24002,3.98703,4.24002,0,0
ARH_PE,D,20180207,000000,4.24002,4.30336,4.11362,4.24002,0,0
ARH_PE,D,20180208,000000,4.17687,4.30336,4.17687,4.30336,0,0
ARH_PE,D,20180209,000000,4.30336,4.30336,4.24002,4.30336,0,0
ARH_PE,D,20180212,000000,4.30336,4.30336,4.17687,4.24002,0,0
ARH_PE,D,20180213,000000,4.24002,4.24002,4.24002,4.24002,0,0
ARH_PE,D,20180214,000000,4.11362,4.24002,4.11362,4.24002,0,0
ARH_PE,D,20180215,000000,4.24002,4.24002,4.24002,4.24002,0,0
ARH_PE,D,20180216,000000,4.24002,4.24002,4.24002,4.24002,0,0
ARH_PE,D,20180219,000000,4.24002,4.24002,4.24002,4.24002,0,0
ARH_PE,D,20180220,000000,4.24002,4.24002,4.24002,4.24002,0,0
ARH_PE,D,20180221,000000,4.24002,4.24002,4.24002,4.24002,0,0
ARH_PE,D,20180222,000000,4.24002,4.24002,4.24002,4.24002,0,0
ARH_PE,D,20180223,000000,4.24002,4.36661,4.24002,4.30336,0,0
ARH_PE,D,20180226,000000,4.17687,4.42985,4.17687,4.42985,0,0
ARH_PE,D,20180227,000000,4.42985,4.42985,4.36661,4.36661,0,0
ARH_PE,D,20180228,000000,4.36661,4.36661,4.24002,4.36661,0,0
ARH_PE,D,20180301,000000,4.36661,4.36661,4.24002,4.36661,0,0
ARH_PE,D,20180302,000000,4.36661,4.36661,4.30336,4.30336,0,0
ARH_PE,D,20180305,000000,4.30336,4.30336,4.30336,4.30336,0,0
ARH_PE,D,20180306,000000,4.30336,4.30336,4.17687,4.30336,0,0
ARH_PE,D,20180307,000000,4.17687,4.30336,4.11362,4.24002,0,0
ARH_PE,D,20180308,000000,4.30336,4.30336,4.24002,4.30336,0,0
ARH_PE,D,20180309,000000,4.30336,4.30336,4.30336,4.30336,0,0
ARH_PE,D,20180312,000000,4.30336,4.30336,4.24002,4.30336,0,0
ARH_PE,D,20180314,000000,4.30336,4.30336,4.30336,4.30336,0,0
ARH_PE,D,20180315,000000,4.30336,4.30336,4.24002,4.30336,0,0
ARH_PE,D,20180319,000000,4.24002,4.30336,4.24002,4.30336,0,0
ARH_PE,D,20180320,000000,4.24002,4.30336,4.24002,4.30336,0,0
ARH_PE,D,20180321,000000,4.24002,4.36661,4.24002,4.36661,0,0
ARH_PE,D,20180322,000000,4.36661,4.36661,4.30336,4.36661,0,0
ARH_PE,D,20180323,000000,4.30336,4.36661,4.30336,4.30336,0,0
ARH_PE,D,20180326,000000,4.30336,4.36661,4.24002,4.36661,0,0
ARH_PE,D,20180327,000000,4.36661,4.36661,4.24002,4.36661,0,0
ARH_PE,D,20180328,000000,4.36661,4.36661,4.30336,4.30336,0,0
ARH_PE,D,20180329,000000,4.24002,4.36661,4.24002,4.36661,0,0
ARH_PE,D,20180403,000000,4.36661,4.36661,4.17687,4.24002,0,0
ARH_PE,D,20180404,000000,4.24002,4.24002,4.17687,4.24002,0,0
ARH_PE,D,20180406,000000,4.17687,4.42985,4.11362,4.42985,0,0
ARH_PE,D,20180410,000000,4.30336,4.42985,4.30336,4.42985,0,0
ARH_PE,D,20180411,000000,4.42985,4.42985,4.42985,4.42985,0,0
ARH_PE,D,20180412,000000,4.42985,4.42985,4.42985,4.42985,0,0
ARH_PE,D,20180413,000000,4.42985,4.42985,4.30336,4.36661,0,0
ARH_PE,D,20180416,000000,4.30336,4.42985,4.30336,4.42985,0,0
ARH_PE,D,20180417,000000,4.36661,4.36661,4.36661,4.36661,0,0
ARH_PE,D,20180418,000000,4.36661,4.36661,4.30336,4.30336,0,0
ARH_PE,D,20180419,000000,4.30336,4.30336,4.11362,4.30336,0,0
ARH_PE,D,20180420,000000,4.30336,4.42985,4.30336,4.42985,0,0
ARH_PE,D,20180423,000000,4.30336,4.30336,4.24002,4.30336,0,0
ARH_PE,D,20180424,000000,4.42985,4.42985,4.30336,4.36661,0,0
ARH_PE,D,20180425,000000,4.30336,4.42985,4.30336,4.36661,0,0
ARH_PE,D,20180426,000000,4.36661,4.36661,4.36661,4.36661,0,0
ARH_PE,D,20180427,000000,4.36661,4.36661,4.30336,4.30336,0,0
ARH_PE,D,20180430,000000,4.30336,4.36661,4.30336,4.36661,0,0
ARH_PE,D,20180502,000000,4.36661,4.36661,4.36661,4.36661,0,0
ARH_PE,D,20180504,000000,4.36661,4.36661,4.36661,4.36661,0,0
ARH_PE,D,20180507,000000,4.36661,4.36661,4.36661,4.36661,0,0
ARH_PE,D,20180508,000000,4.36661,4.36661,4.36661,4.36661,0,0
ARH_PE,D,20180509,000000,4.36661,4.36661,4.36661,4.36661,0,0
ARH_PE,D,20180511,000000,4.36661,4.36661,4.30336,4.36661,0,0
ARH_PE,D,20180514,000000,4.36661,4.42985,4.36661,4.42985,0,0
ARH_PE,D,20180515,000000,4.42985,4.4932,4.36661,4.4932,0,0
ARH_PE,D,20180516,000000,4.4932,4.55655,4.42985,4.55655,0,0
ARH_PE,D,20180517,000000,4.55655,4.55655,4.4932,4.55655,0,0
ARH_PE,D,20180518,000000,4.36661,4.55655,4.36661,4.55655,0,0
ARH_PE,D,20180521,000000,4.36661,4.55655,4.36661,4.55655,0,0
ARH_PE,D,20180523,000000,4.42985,4.55655,4.36661,4.55655,0,0
ARH_PE,D,20180524,000000,4.42985,4.4932,4.42985,4.42985,0,0
ARH_PE,D,20180525,000000,4.42985,4.55655,4.42985,4.55655,0,0
ARH_PE,D,20180528,000000,4.4932,4.61979,4.4932,4.55655,0,0
ARH_PE,D,20180529,000000,4.55655,4.55655,4.55655,4.55655,0,0
ARH_PE,D,20180530,000000,4.4932,4.55655,4.30336,4.30336,0,0
ARH_PE,D,20180601,000000,4.30336,4.30336,4.24002,4.30336,0,0
ARH_PE,D,20180604,000000,4.52492,4.52492,4.24646,4.31605,0,0
ARH_PE,D,20180605,000000,4.38564,4.38564,4.31605,4.31605,0,0
ARH_PE,D,20180606,000000,4.31605,4.31605,4.17687,4.24646,0,0
ARH_PE,D,20180607,000000,4.24646,4.24646,4.24646,4.24646,0,0
ARH_PE,D,20180608,000000,4.24646,4.24646,4.24646,4.24646,0,0
ARH_PE,D,20180611,000000,4.24646,4.45533,4.24646,4.45533,0,0
ARH_PE,D,20180612,000000,4.45533,4.59442,4.31605,4.59442,0,0
ARH_PE,D,20180613,000000,4.59442,4.59442,4.45533,4.59442,0,0
ARH_PE,D,20180618,000000,4.45533,4.59442,4.45533,4.59442,0,0
ARH_PE,D,20180619,000000,4.38564,4.59442,4.38564,4.59442,0,0
ARH_PE,D,20180620,000000,4.59442,4.59442,4.59442,4.59442,0,0
ARH_PE,D,20180621,000000,4.59442,4.59442,4.45533,4.45533,0,0
ARH_PE,D,20180622,000000,4.52492,4.59442,4.52492,4.59442,0,0
ARH_PE,D,20180626,000000,4.59442,4.59442,4.45533,4.52492,0,0
ARH_PE,D,20180627,000000,4.52492,4.52492,4.45533,4.52492,0,0
ARH_PE,D,20180628,000000,4.52492,4.52492,4.52492,4.52492,0,0
ARH_PE,D,20180629,000000,4.52492,4.52492,4.52492,4.52492,0,0
ARH_PE,D,20180702,000000,4.52492,4.52492,4.52492,4.52492,0,0
ARH_PE,D,20180703,000000,4.52492,4.52492,4.52492,4.52492,0,0
ARH_PE,D,20180704,000000,4.52492,4.52492,4.52492,4.52492,0,0
ARH_PE,D,20180705,000000,4.52492,4.52492,4.45533,4.45533,0,0
ARH_PE,D,20180706,000000,4.52492,4.52492,4.52492,4.52492,0,0
ARH_PE,D,20180709,000000,4.52492,4.52492,4.38564,4.52492,0,0
ARH_PE,D,20180710,000000,4.31605,4.52492,4.31605,4.52492,0,0
ARH_PE,D,20180712,000000,4.45533,4.45533,4.45533,4.45533,0,0
ARH_PE,D,20180713,000000,4.45533,4.45533,4.45533,4.45533,0,0
ARH_PE,D,20180716,000000,4.45533,4.52492,4.38564,4.45533,0,0
ARH_PE,D,20180717,000000,4.45533,4.45533,4.45533,4.45533,0,0
ARH_PE,D,20180718,000000,4.45533,4.45533,4.45533,4.45533,0,0
ARH_PE,D,20180719,000000,4.45533,4.45533,4.45533,4.45533,0,0
ARH_PE,D,20180720,000000,4.45533,4.45533,4.45533,4.45533,0,0
ARH_PE,D,20180723,000000,4.38564,4.45533,4.38564,4.38564,0,0
ARH_PE,D,20180724,000000,4.45533,4.45533,4.38564,4.38564,0,0
ARH_PE,D,20180725,000000,4.45533,4.45533,4.38564,4.45533,0,0
ARH_PE,D,20180726,000000,4.38564,4.38564,4.31605,4.31605,0,0
ARH_PE,D,20180727,000000,4.31605,4.38564,4.31605,4.38564,0,0
ARH_PE,D,20180730,000000,4.38564,4.38564,4.38564,4.38564,0,0
ARH_PE,D,20180731,000000,4.38564,4.45533,4.38564,4.45533,0,0
ARH_PE,D,20180801,000000,4.45533,4.45533,4.45533,4.45533,0,0
ARH_PE,D,20180802,000000,4.45533,4.45533,4.45533,4.45533,0,0
ARH_PE,D,20180803,000000,4.45533,4.45533,4.38564,4.38564,0,0
ARH_PE,D,20180806,000000,4.38564,4.38564,4.31605,4.31605,0,0
ARH_PE,D,20180807,000000,4.31605,4.31605,4.31605,4.31605,0,0
ARH_PE,D,20180808,000000,4.31605,4.31605,4.10718,4.31605,0,0
ARH_PE,D,20180809,000000,4.31605,4.31605,4.17687,4.24646,0,0
ARH_PE,D,20180810,000000,4.17687,4.24646,4.10718,4.17687,0,0
ARH_PE,D,20180813,000000,4.17687,4.17687,4.10718,4.10718,0,0
ARH_PE,D,20180814,000000,4.10718,4.10718,4.10718,4.10718,0,0
ARH_PE,D,20180816,000000,4.10718,4.10718,4.10718,4.10718,0,0
ARH_PE,D,20180821,000000,4.10718,4.10718,4.10718,4.10718,0,0
ARH_PE,D,20180822,000000,4.10718,4.17687,4.10718,4.17687,0,0
ARH_PE,D,20180827,000000,4.03759,4.17687,4.03759,4.17687,0,0
ARH_PE,D,20180828,000000,4.03759,4.03759,3.82871,3.8983,0,0
ARH_PE,D,20180829,000000,3.8983,3.8983,3.8983,3.8983,0,0
ARH_PE,D,20180830,000000,3.96799,3.96799,3.96799,3.96799,0,0
ARH_PE,D,20180831,000000,3.96799,3.96799,3.96799,3.96799,0,0
ARH_PE,D,20180903,000000,3.96799,3.96799,3.96799,3.96799,0,0
ARH_PE,D,20180905,000000,3.96799,3.96799,3.96799,3.96799,0,0
ARH_PE,D,20180906,000000,3.96799,3.96799,3.96799,3.96799,0,0
ARH_PE,D,20180907,000000,3.96799,3.96799,3.96799,3.96799,0,0
ARH_PE,D,20180910,000000,3.96799,3.96799,3.96799,3.96799,0,0
ARH_PE,D,20180911,000000,3.96799,3.96799,3.96799,3.96799,0,0
ARH_PE,D,20180912,000000,3.96799,3.96799,3.96799,3.96799,0,0
ARH_PE,D,20180914,000000,3.96799,4.52492,3.82871,4.52492,0,0
ARH_PE,D,20180917,000000,4.38564,4.52492,4.38564,4.52492,0,0
ARH_PE,D,20180918,000000,4.52492,4.52492,4.52492,4.52492,0,0
ARH_PE,D,20180919,000000,4.45533,4.52492,4.45533,4.52492,0,0
ARH_PE,D,20180920,000000,4.52492,4.52492,4.45533,4.45533,0,0
ARH_PE,D,20180921,000000,4.45533,4.45533,4.45533,4.45533,0,0
ARH_PE,D,20180924,000000,4.45533,4.45533,4.38564,4.38564,0,0
ARH_PE,D,20180925,000000,4.38564,4.38564,4.31605,4.31605,0,0
ARH_PE,D,20180927,000000,4.45533,4.45533,4.38564,4.45533,0,0
ARH_PE,D,20180928,000000,4.45533,4.52492,4.45533,4.45533,0,0
ARH_PE,D,20181001,000000,4.45533,4.45533,4.45533,4.45533,0,0
ARH_PE,D,20181002,000000,4.31605,4.31605,4.24646,4.31605,0,0
ARH_PE,D,20181003,000000,4.31605,4.31605,4.10718,4.10718,0,0
ARH_PE,D,20181008,000000,4.10718,4.10718,3.96799,4.03759,0,0
ARH_PE,D,20181009,000000,4.03759,4.03759,3.96799,3.96799,0,0
ARH_PE,D,20181010,000000,3.96799,3.96799,3.96799,3.96799,0,0
ARH_PE,D,20181011,000000,3.96799,3.96799,3.82871,3.82871,0,0
ARH_PE,D,20181012,000000,3.82871,3.82871,3.82871,3.82871,0,0
ARH_PE,D,20181015,000000,3.96799,3.96799,3.8983,3.8983,0,0
ARH_PE,D,20181016,000000,3.8983,3.8983,3.82871,3.82871,0,0
ARH_PE,D,20181018,000000,3.8983,3.8983,3.8983,3.8983,0,0
ARH_PE,D,20181019,000000,3.8983,3.8983,3.8983,3.8983,0,0
ARH_PE,D,20181022,000000,3.8983,3.8983,3.8983,3.8983,0,0
ARH_PE,D,20181023,000000,3.8983,3.8983,3.8983,3.8983,0,0
ARH_PE,D,20181024,000000,3.8983,3.8983,3.8983,3.8983,0,0
ARH_PE,D,20181025,000000,3.8983,3.96799,3.8983,3.96799,0,0
ARH_PE,D,20181026,000000,3.8983,3.8983,3.75912,3.82871,0,0
ARH_PE,D,20181029,000000,3.96799,3.96799,3.82871,3.96799,0,0
ARH_PE,D,20181030,000000,3.96799,3.96799,3.96799,3.96799,0,0
ARH_PE,D,20181031,000000,3.8983,3.96799,3.82871,3.82871,0,0
ARH_PE,D,20181102,000000,3.82871,3.82871,3.82871,3.82871,0,0
ARH_PE,D,20181105,000000,3.8983,3.8983,3.8983,3.8983,0,0
ARH_PE,D,20181106,000000,3.82871,3.82871,3.82871,3.82871,0,0
ARH_PE,D,20181107,000000,3.96799,3.96799,3.8983,3.8983,0,0
ARH_PE,D,20181108,000000,3.96799,3.96799,3.96799,3.96799,0,0
ARH_PE,D,20181114,000000,3.96799,3.96799,3.96799,3.96799,0,0
ARH_PE,D,20181116,000000,3.96799,3.96799,3.96799,3.96799,0,0
ARH_PE,D,20181119,000000,3.96799,4.03759,3.96799,4.03759,0,0
ARH_PE,D,20181120,000000,4.10718,4.24646,4.10718,4.24646,0,0
ARH_PE,D,20181122,000000,4.24646,4.24646,4.24646,4.24646,0,0
ARH_PE,D,20181123,000000,4.17687,4.17687,4.10718,4.10718,0,0
ARH_PE,D,20181128,000000,4.10718,4.24646,4.03759,4.24646,0,0
ARH_PE,D,20181129,000000,4.03759,9.18923,4.03759,9.18923,0,0
ARH_PE,D,20181130,000000,9.18923,9.25941,9.18923,9.25941,0,0
ARH_PE,D,20181203,000000,9.25941,9.25941,9.25941,9.25941,0,0
ARH_PE,D,20181204,000000,9.25941,9.25941,9.18923,9.18923,0,0
ARH_PE,D,20181205,000000,9.18923,9.18923,9.18923,9.18923,0,0
ARH_PE,D,20181206,000000,9.18923,9.18923,9.12003,9.12003,0,0
ARH_PE,D,20181207,000000,9.18923,9.18923,9.18923,9.18923,0,0
ARH_PE,D,20181210,000000,9.18923,9.18923,8.91047,8.91047,0,0
ARH_PE,D,20181211,000000,8.98065,8.98065,8.98065,8.98065,0,0
ARH_PE,D,20181212,000000,9.18923,9.18923,9.18923,9.18923,0,0
ARH_PE,D,20181213,000000,9.18923,9.18923,9.12003,9.18923,0,0
ARH_PE,D,20181214,000000,9.18923,9.18923,9.04985,9.04985,0,0
ARH_PE,D,20181217,000000,8.91047,9.12003,8.91047,9.12003,0,0
ARH_PE,D,20181218,000000,9.04985,9.04985,8.84048,8.84048,0,0
ARH_PE,D,20181219,000000,8.77128,8.77128,8.56201,8.632,0,0
ARH_PE,D,20181220,000000,8.632,8.632,8.49272,8.632,0,0
ARH_PE,D,20181221,000000,8.49272,8.632,8.35354,8.632,0,0
ARH_PE,D,20181227,000000,8.632,8.632,8.632,8.632,0,0
ARH_PE,D,20181228,000000,8.632,8.91047,8.56201,8.91047,0,0
ARH_PE,D,20190102,000000,9.18923,9.18923,8.84048,8.84048,0,0
ARH_PE,D,20190103,000000,8.632,8.70209,8.632,8.70209,0,0
ARH_PE,D,20190104,000000,8.84048,8.84048,8.84048,8.84048,0,0
ARH_PE,D,20190107,000000,8.70209,8.70209,8.70209,8.70209,0,0
ARH_PE,D,20190108,000000,8.70209,8.70209,8.49272,8.49272,0,0
ARH_PE,D,20190109,000000,8.49272,9.12003,8.49272,9.12003,0,0
ARH_PE,D,20190110,000000,9.12003,9.12003,9.12003,9.12003,0,0
ARH_PE,D,20190111,000000,8.77128,9.12003,8.77128,9.12003,0,0
ARH_PE,D,20190114,000000,8.70209,9.12003,8.70209,9.12003,0,0
ARH_PE,D,20190115,000000,8.70209,9.04985,8.70209,9.04985,0,0
ARH_PE,D,20190116,000000,8.91047,8.98065,8.91047,8.98065,0,0
ARH_PE,D,20190117,000000,8.98065,9.04985,8.98065,9.04985,0,0
ARH_PE,D,20190118,000000,9.04985,9.04985,9.04985,9.04985,0,0
ARH_PE,D,20190121,000000,8.98065,9.18923,8.98065,9.18923,0,0
ARH_PE,D,20190122,000000,8.91047,9.25941,8.91047,9.18923,0,0
ARH_PE,D,20190123,000000,8.91047,9.18923,8.91047,9.12003,0,0
ARH_PE,D,20190124,000000,9.12003,9.12003,8.98065,8.98065,0,0
ARH_PE,D,20190125,000000,8.91047,9.12003,8.70209,8.91047,0,0
ARH_PE,D,20190128,000000,8.98065,9.32861,8.84048,9.32861,0,0
ARH_PE,D,20190129,000000,9.32861,9.67538,9.32861,9.60598,0,0
ARH_PE,D,20190130,000000,9.4672,9.67538,9.4672,9.67538,0,0
ARH_PE,D,20190131,000000,9.67538,10.3713,9.67538,10.0243,0,0
ARH_PE,D,20190201,000000,10.0243,10.0243,9.74576,10.0243,0,0
ARH_PE,D,20190204,000000,10.0243,10.2335,10.0243,10.1641,0,0
ARH_PE,D,20190205,000000,10.1641,10.1641,10.1641,10.1641,0,0
ARH_PE,D,20190206,000000,10.1641,10.6508,10.1641,10.4417,0,0
ARH_PE,D,20190207,000000,10.4417,10.4417,10.1641,10.4417,0,0
ARH_PE,D,20190208,000000,10.4417,10.4417,10.1641,10.4417,0,0
ARH_PE,D,20190213,000000,10.3713,10.3713,10.3713,10.3713,0,0
ARH_PE,D,20190214,000000,10.1641,10.1641,10.1641,10.1641,0,0
ARH_PE,D,20190215,000000,10.2335,10.2335,10.2335,10.2335,0,0
ARH_PE,D,20190218,000000,10.2335,10.2335,10.2335,10.2335,0,0
ARH_PE,D,20190219,000000,10.3029,10.3029,10.2335,10.2335,0,0
ARH_PE,D,20190220,000000,10.2335,10.2335,10.2335,10.2335,0,0
ARH_PE,D,20190222,000000,9.88554,10.2335,9.88554,10.2335,0,0
ARH_PE,D,20190225,000000,10.2335,10.2335,10.2335,10.2335,0,0
ARH_PE,D,20190226,000000,10.2335,10.2335,10.2335,10.2335,0,0
ARH_PE,D,20190301,000000,10.2335,10.3713,10.0243,10.3713,0,0
ARH_PE,D,20190304,000000,10.3029,10.3029,10.2335,10.3029,0,0
ARH_PE,D,20190305,000000,10.4417,10.4417,10.4417,10.4417,0,0
ARH_PE,D,20190306,000000,10.0243,10.0243,10.0243,10.0243,0,0
ARH_PE,D,20190307,000000,10.0243,10.0937,10.0243,10.0243,0,0
ARH_PE,D,20190308,000000,10.0243,10.0243,9.60598,9.74576,0,0
ARH_PE,D,20190311,000000,9.74576,9.74576,9.74576,9.74576,0,0
ARH_PE,D,20190312,000000,9.53758,9.74576,9.53758,9.74576,0,0
ARH_PE,D,20190313,000000,9.67538,9.74576,9.67538,9.74576,0,0
ARH_PE,D,20190314,000000,9.4672,9.60598,9.32861,9.60598,0,0
ARH_PE,D,20190315,000000,9.60598,9.88554,9.4672,9.88554,0,0
ARH_PE,D,20190318,000000,9.88554,9.88554,9.67538,9.88554,0,0
ARH_PE,D,20190319,000000,9.95493,9.95493,9.88554,9.88554,0,0
ARH_PE,D,20190320,000000,9.81515,9.88554,9.81515,9.81515,0,0
ARH_PE,D,20190321,000000,9.81515,9.88554,9.81515,9.88554,0,0
ARH_PE,D,20190322,000000,9.67538,10.1641,9.60598,10.1641,0,0
ARH_PE,D,20190325,000000,9.60598,10.1641,9.60598,10.1641,0,0
ARH_PE,D,20190326,000000,10.1641,10.3029,10.0937,10.0937,0,0
ARH_PE,D,20190327,000000,10.0937,10.4417,10.0937,10.3029,0,0
ARH_PE,D,20190328,000000,10.3029,10.5815,10.3029,10.5815,0,0
ARH_PE,D,20190329,000000,10.7906,10.86,10.5815,10.86,0,0
ARH_PE,D,20190401,000000,10.86,11.1386,10.86,11.1386,0,0
ARH_PE,D,20190402,000000,11.1386,11.1386,11.1386,11.1386,0,0
ARH_PE,D,20190403,000000,11.1386,11.1386,10.7906,10.7906,0,0
ARH_PE,D,20190404,000000,10.7906,10.86,10.7906,10.86,0,0
ARH_PE,D,20190405,000000,10.5815,10.5815,10.5111,10.5111,0,0
ARH_PE,D,20190408,000000,10.5111,10.5111,10.5111,10.5111,0,0
ARH_PE,D,20190409,000000,10.7202,10.9304,4.80329,4.80329,0,0
ARH_PE,D,20190410,000000,4.80329,4.80329,4.80329,4.80329,0,0
ARH_PE,D,20190411,000000,4.7336,4.7336,4.66411,4.7336,0,0
ARH_PE,D,20190412,000000,4.7336,4.7336,4.7336,4.7336,0,0
ARH_PE,D,20190415,000000,4.7336,4.7336,4.7336,4.7336,0,0
ARH_PE,D,20190417,000000,4.7336,4.7336,4.66411,4.7336,0,0
ARH_PE,D,20190423,000000,4.66411,4.66411,4.66411,4.66411,0,0
ARH_PE,D,20190425,000000,4.59442,4.7336,4.59442,4.7336,0,0
ARH_PE,D,20190426,000000,4.7336,4.87298,4.7336,4.87298,0,0
ARH_PE,D,20190429,000000,4.66411,4.94257,4.66411,4.87298,0,0
ARH_PE,D,20190430,000000,4.66411,4.87298,4.66411,4.87298,0,0
ARH_PE,D,20190502,000000,4.59442,4.87298,4.59442,4.87298,0,0
ARH_PE,D,20190507,000000,4.66411,4.87298,4.66411,4.87298,0,0
ARH_PE,D,20190508,000000,4.66411,4.66411,4.66411,4.66411,0,0
ARH_PE,D,20190509,000000,4.66411,4.66411,4.66411,4.66411,0,0
ARH_PE,D,20190514,000000,4.87298,4.87298,4.87298,4.87298,0,0
ARH_PE,D,20190515,000000,4.87298,4.87298,4.7336,4.7336,0,0
ARH_PE,D,20190517,000000,4.7336,4.7336,4.66411,4.66411,0,0
ARH_PE,D,20190520,000000,4.7336,4.7336,4.66411,4.7336,0,0
ARH_PE,D,20190521,000000,4.7336,4.7336,4.66411,4.66411,0,0
ARH_PE,D,20190522,000000,4.7336,4.7336,4.7336,4.7336,0,0
ARH_PE,D,20190523,000000,4.80329,4.80329,4.80329,4.80329,0,0
ARH_PE,D,20190524,000000,4.80329,4.87298,4.80329,4.87298,0,0
ARH_PE,D,20190527,000000,4.87298,5.01216,4.87298,5.01216,0,0
ARH_PE,D,20190529,000000,4.80329,5.29073,4.80329,5.29073,0,0
ARH_PE,D,20190530,000000,5.08175,5.29073,5.08175,5.15144,0,0
ARH_PE,D,20190531,000000,5.36022,5.36022,5.36022,5.36022,0,0
ARH_PE,D,20190603,000000,5.36022,5.42991,5.36022,5.36022,0,0
ARH_PE,D,20190606,000000,5.4995,5.4995,5.42991,5.42991,0,0
ARH_PE,D,20190612,000000,5.4995,5.4995,5.42991,5.42991,0,0
ARH_PE,D,20190614,000000,5.42991,5.42991,5.42991,5.42991,0,0
ARH_PE,D,20190617,000000,5.42991,5.42991,5.42991,5.42991,0,0
ARH_PE,D,20190618,000000,5.42991,5.42991,5.42991,5.42991,0,0
ARH_PE,D,20190619,000000,5.4995,5.4995,5.42991,5.42991,0,0
ARH_PE,D,20190621,000000,5.42991,5.42991,5.42991,5.42991,0,0
ARH_PE,D,20190624,000000,5.56899,5.56899,5.4995,5.4995,0,0
ARH_PE,D,20190625,000000,5.4995,5.70827,5.4995,5.63858,0,0
ARH_PE,D,20190626,000000,5.56899,5.56899,5.4995,5.56899,0,0
ARH_PE,D,20190627,000000,5.56899,5.70827,5.56899,5.56899,0,0
ARH_PE,D,20190628,000000,5.49187,5.79273,5.49187,5.71759,0,0
ARH_PE,D,20190701,000000,5.49187,5.49187,5.34138,5.34138,0,0
ARH_PE,D,20190702,000000,5.56711,5.56711,5.56711,5.56711,0,0
ARH_PE,D,20190703,000000,5.64235,5.64235,5.56711,5.56711,0,0
ARH_PE,D,20190704,000000,5.64235,5.64235,5.49187,5.49187,0,0
ARH_PE,D,20190705,000000,5.41662,5.41662,5.41662,5.41662,0,0
ARH_PE,D,20190708,000000,5.41662,5.41662,5.41662,5.41662,0,0
ARH_PE,D,20190709,000000,5.41662,5.41662,5.41662,5.41662,0,0
ARH_PE,D,20190710,000000,5.41662,5.56711,5.41662,5.56711,0,0
ARH_PE,D,20190711,000000,5.64235,5.64235,5.64235,5.64235,0,0
ARH_PE,D,20190712,000000,5.64235,5.64235,5.64235,5.64235,0,0
ARH_PE,D,20190715,000000,5.64235,5.64235,5.56711,5.56711,0,0
ARH_PE,D,20190716,000000,5.56711,5.56711,5.56711,5.56711,0,0
ARH_PE,D,20190717,000000,5.49187,5.49187,5.49187,5.49187,0,0
ARH_PE,D,20190718,000000,5.49187,5.49187,5.41662,5.41662,0,0
ARH_PE,D,20190719,000000,5.26624,5.26624,5.26624,5.26624,0,0
ARH_PE,D,20190722,000000,5.11576,5.26624,5.11576,5.1909,0,0
ARH_PE,D,20190723,000000,5.11576,5.11576,5.04051,5.04051,0,0
ARH_PE,D,20190724,000000,5.04051,5.04051,4.96537,5.04051,0,0
ARH_PE,D,20190725,000000,5.04051,5.34138,5.04051,5.34138,0,0
ARH_PE,D,20190726,000000,5.34138,5.34138,5.34138,5.34138,0,0
ARH_PE,D,20190729,000000,5.34138,5.34138,5.34138,5.34138,0,0
ARH_PE,D,20190730,000000,5.11576,5.34138,5.11576,5.34138,0,0
ARH_PE,D,20190731,000000,5.11576,5.11576,5.11576,5.11576,0,0
ARH_PE,D,20190801,000000,5.34138,5.41662,5.34138,5.41662,0,0
ARH_PE,D,20190802,000000,5.41662,5.41662,5.41662,5.41662,0,0
ARH_PE,D,20190805,000000,5.41662,5.41662,5.41662,5.41662,0,0
ARH_PE,D,20190806,000000,5.41662,5.41662,5.41662,5.41662,0,0
ARH_PE,D,20190808,000000,5.34138,5.41662,5.34138,5.41662,0,0
ARH_PE,D,20190809,000000,5.41662,5.41662,5.41662,5.41662,0,0
ARH_PE,D,20190812,000000,5.41662,5.41662,5.34138,5.34138,0,0
ARH_PE,D,20190813,000000,5.26624,5.34138,5.26624,5.34138,0,0
ARH_PE,D,20190819,000000,5.34138,5.34138,5.26624,5.26624,0,0
ARH_PE,D,20190820,000000,5.1909,5.26624,5.1909,5.26624,0,0
ARH_PE,D,20190821,000000,5.26624,5.26624,5.26624,5.26624,0,0
ARH_PE,D,20190822,000000,5.41662,5.49187,5.41662,5.49187,0,0
ARH_PE,D,20190823,000000,5.34138,5.41662,5.34138,5.41662,0,0
ARH_PE,D,20190826,000000,5.26624,5.41662,5.26624,5.41662,0,0
ARH_PE,D,20190828,000000,5.26624,5.26624,5.1909,5.1909,0,0
ARH_PE,D,20190902,000000,5.1909,5.1909,5.1909,5.1909,0,0
ARH_PE,D,20190903,000000,5.1909,5.1909,5.1909,5.1909,0,0
ARH_PE,D,20190906,000000,5.1909,5.1909,5.11576,5.11576,0,0
ARH_PE,D,20190909,000000,5.1909,5.1909,5.11576,5.11576,0,0
ARH_PE,D,20190910,000000,5.11576,5.26624,5.04051,5.1909,0,0
ARH_PE,D,20190911,000000,4.96537,5.1909,4.96537,5.11576,0,0
ARH_PE,D,20190912,000000,5.04051,5.26624,5.04051,5.26624,0,0
ARH_PE,D,20190913,000000,5.49187,5.64235,2.78365,2.78365,0,0
ARH_PE,D,20190916,000000,2.78365,2.8588,2.70841,2.8588,0,0
ARH_PE,D,20190917,000000,2.8588,2.93394,2.78365,2.8588,0,0
ARH_PE,D,20190918,000000,2.8588,2.8588,2.8588,2.8588,0,0
ARH_PE,D,20190919,000000,2.8588,2.8588,2.8588,2.8588,0,0
ARH_PE,D,20190920,000000,2.8588,2.8588,2.8588,2.8588,0,0
ARH_PE,D,20190923,000000,2.78365,2.8588,2.78365,2.8588,0,0
ARH_PE,D,20190924,000000,2.8588,2.8588,2.8588,2.8588,0,0
ARH_PE,D,20190926,000000,2.8588,2.8588,2.8588,2.8588,0,0
ARH_PE,D,20190927,000000,2.8588,2.8588,2.78365,2.8588,0,0
ARH_PE,D,20190930,000000,2.8588,2.8588,2.8588,2.8588,0,0
ARH_PE,D,20191001,000000,2.8588,2.8588,2.8588,2.8588,0,0
ARH_PE,D,20191002,000000,2.8588,2.8588,2.78365,2.78365,0,0
ARH_PE,D,20191003,000000,2.8588,2.8588,2.78365,2.8588,0,0
ARH_PE,D,20191004,000000,2.8588,2.8588,2.8588,2.8588,0,0
ARH_PE,D,20191007,000000,2.8588,2.8588,2.8588,2.8588,0,0
ARH_PE,D,20191008,000000,2.8588,2.8588,2.8588,2.8588,0,0
ARH_PE,D,20191009,000000,2.8588,2.8588,2.8588,2.8588,0,0
ARH_PE,D,20191010,000000,2.8588,2.8588,2.8588,2.8588,0,0
ARH_PE,D,20191011,000000,2.8588,2.8588,2.8588,2.8588,0,0
ARH_PE,D,20191014,000000,2.8588,2.8588,2.8588,2.8588,0,0
ARH_PE,D,20191015,000000,2.8588,2.8588,2.8588,2.8588,0,0
ARH_PE,D,20191016,000000,2.8588,2.8588,2.8588,2.8588,0,0
ARH_PE,D,20191017,000000,2.8588,2.93394,2.8588,2.8588,0,0
ARH_PE,D,20191018,000000,2.8588,2.93394,2.8588,2.8588,0,0
ARH_PE,D,20191021,000000,2.8588,2.8588,2.8588,2.8588,0,0
ARH_PE,D,20191022,000000,2.8588,2.8588,2.8588,2.8588,0,0
ARH_PE,D,20191023,000000,2.93394,2.93394,2.93394,2.93394,0,0
ARH_PE,D,20191024,000000,2.93394,2.93394,2.93394,2.93394,0,0
ARH_PE,D,20191025,000000,2.93394,2.93394,2.8588,2.93394,0,0
ARH_PE,D,20191028,000000,2.93394,2.93394,2.8588,2.8588,0,0
ARH_PE,D,20191029,000000,2.90797,2.90797,2.90797,2.90797,0,0
ARH_PE,D,20191030,000000,2.90797,2.98648,2.90797,2.98648,0,0
ARH_PE,D,20191031,000000,3.06509,3.06509,2.98648,2.98648,0,0
ARH_PE,D,20191104,000000,2.98648,2.98648,2.90797,2.90797,0,0
ARH_PE,D,20191105,000000,2.98648,2.98648,2.98648,2.98648,0,0
ARH_PE,D,20191106,000000,2.98648,2.98648,2.90797,2.98648,0,0
ARH_PE,D,20191107,000000,2.98648,2.98648,2.90797,2.98648,0,0
ARH_PE,D,20191108,000000,2.98648,2.98648,2.98648,2.98648,0,0
ARH_PE,D,20191112,000000,2.98648,2.98648,2.98648,2.98648,0,0
ARH_PE,D,20191113,000000,2.98648,3.06509,2.98648,2.98648,0,0
ARH_PE,D,20191114,000000,2.98648,2.98648,2.98648,2.98648,0,0
ARH_PE,D,20191115,000000,2.98648,2.98648,2.98648,2.98648,0,0
ARH_PE,D,20191118,000000,2.98648,2.98648,2.98648,2.98648,0,0
ARH_PE,D,20191120,000000,3.06509,3.06509,2.98648,2.98648,0,0
ARH_PE,D,20191122,000000,3.06509,3.06509,2.98648,2.98648,0,0
ARH_PE,D,20191125,000000,2.98648,2.98648,2.98648,2.98648,0,0
ARH_PE,D,20191126,000000,2.98648,2.98648,2.98648,2.98648,0,0
ARH_PE,D,20191127,000000,3.06509,3.06509,2.98648,2.98648,0,0
ARH_PE,D,20191128,000000,3.06509,3.06509,2.5149,2.5149,0,0
ARH_PE,D,20191129,000000,2.5149,2.5149,2.5149,2.5149,0,0
ARH_PE,D,20191202,000000,2.5149,2.5149,2.5149,2.5149,0,0
ARH_PE,D,20191203,000000,2.5149,2.5149,2.5149,2.5149,0,0
ARH_PE,D,20191204,000000,2.5149,2.5149,2.5149,2.5149,0,0
ARH_PE,D,20191205,000000,2.5149,2.5149,2.5149,2.5149,0,0
ARH_PE,D,20191206,000000,2.5149,2.59352,2.5149,2.59352,0,0
ARH_PE,D,20191209,000000,2.59352,2.67213,2.5149,2.59352,0,0
ARH_PE,D,20191210,000000,2.59352,2.75074,2.59352,2.75074,0,0
ARH_PE,D,20191211,000000,2.75074,2.82935,2.75074,2.82935,0,0
ARH_PE,D,20191212,000000,2.82935,2.82935,2.75074,2.75074,0,0
ARH_PE,D,20191213,000000,2.82935,2.82935,2.75074,2.82935,0,0
ARH_PE,D,20191216,000000,2.82935,2.82935,2.82935,2.82935,0,0
ARH_PE,D,20191217,000000,2.82935,2.82935,2.75074,2.82935,0,0
ARH_PE,D,20191218,000000,2.82935,2.82935,2.82935,2.82935,0,0
ARH_PE,D,20191219,000000,2.82935,2.82935,2.75074,2.75074,0,0
ARH_PE,D,20191220,000000,2.75074,2.75074,2.75074,2.75074,0,0
ARH_PE,D,20191223,000000,2.75074,2.82935,2.75074,2.75074,0,0
ARH_PE,D,20191227,000000,2.75074,2.82935,2.75074,2.82935,0,0
ARH_PE,D,20191230,000000,2.82935,2.90797,2.82935,2.90797,0,0
ARH_PE,D,20200102,000000,2.90797,3.1437,2.90797,3.06509,0,0
ARH_PE,D,20200103,000000,3.06509,3.06509,2.98648,3.06509,0,0
ARH_PE,D,20200107,000000,3.06509,3.06509,2.98648,3.06509,0,0
ARH_PE,D,20200108,000000,3.06509,3.06509,2.98648,2.98648,0,0
ARH_PE,D,20200109,000000,2.98648,3.06509,2.98648,2.98648,0,0
ARH_PE,D,20200110,000000,2.98648,3.06509,2.98648,3.06509,0,0
ARH_PE,D,20200113,000000,3.06509,3.06509,3.06509,3.06509,0,0
ARH_PE,D,20200114,000000,3.06509,3.1437,3.06509,3.06509,0,0
ARH_PE,D,20200115,000000,3.06509,3.1437,3.06509,3.06509,0,0
ARH_PE,D,20200116,000000,3.1437,3.1437,3.06509,3.06509,0,0
ARH_PE,D,20200117,000000,3.06509,3.1437,3.06509,3.06509,0,0
ARH_PE,D,20200120,000000,2.98648,3.1437,2.98648,3.06509,0,0
ARH_PE,D,20200121,000000,3.1437,3.22232,3.1437,3.1437,0,0
ARH_PE,D,20200122,000000,3.1437,3.30093,3.1437,3.22232,0,0
ARH_PE,D,20200123,000000,3.22232,3.30093,3.1437,3.1437,0,0
ARH_PE,D,20200124,000000,3.1437,3.30093,3.1437,3.22232,0,0
ARH_PE,D,20200127,000000,3.22232,3.22232,2.98648,3.06509,0,0
ARH_PE,D,20200128,000000,3.06509,3.30093,3.06509,3.1437,0,0
ARH_PE,D,20200129,000000,3.1437,3.1437,3.1437,3.1437,0,0
ARH_PE,D,20200130,000000,3.22232,3.22232,3.1437,3.22232,0,0
ARH_PE,D,20200131,000000,3.22232,3.22232,3.1437,3.1437,0,0
ARH_PE,D,20200203,000000,3.1437,3.30093,3.1437,3.30093,0,0
ARH_PE,D,20200204,000000,3.30093,3.30093,3.22232,3.22232,0,0
ARH_PE,D,20200205,000000,3.1437,3.30093,3.1437,3.30093,0,0
ARH_PE,D,20200206,000000,3.30093,3.30093,3.22232,3.22232,0,0
ARH_PE,D,20200207,000000,3.22232,3.22232,3.1437,3.1437,0,0
ARH_PE,D,20200210,000000,3.1437,3.22232,3.1437,3.22232,0,0
ARH_PE,D,20200211,000000,3.22232,3.30093,3.22232,3.22232,0,0
ARH_PE,D,20200212,000000,3.30093,3.30093,3.22232,3.30093,0,0
ARH_PE,D,20200213,000000,3.30093,3.30093,3.22232,3.22232,0,0
ARH_PE,D,20200214,000000,3.22232,3.30093,3.22232,3.30093,0,0
ARH_PE,D,20200217,000000,3.30093,3.30093,3.30093,3.30093,0,0
ARH_PE,D,20200218,000000,3.30093,3.30093,3.30093,3.30093,0,0
ARH_PE,D,20200219,000000,3.30093,3.30093,3.1437,3.22232,0,0
ARH_PE,D,20200220,000000,3.22232,3.30093,3.22232,3.22232,0,0
ARH_PE,D,20200221,000000,3.22232,3.22232,3.22232,3.22232,0,0
ARH_PE,D,20200224,000000,3.22232,3.22232,3.1437,3.1437,0,0
ARH_PE,D,20200225,000000,3.1437,3.1437,3.06509,3.06509,0,0
ARH_PE,D,20200226,000000,2.98648,3.06509,2.90797,3.06509,0,0
ARH_PE,D,20200227,000000,3.06509,3.06509,2.90797,2.90797,0,0
ARH_PE,D,20200228,000000,2.82935,2.90797,2.5149,2.82935,0,0
ARH_PE,D,20200302,000000,2.67213,3.06509,2.67213,2.82935,0,0
ARH_PE,D,20200303,000000,2.98648,2.98648,2.98648,2.98648,0,0
ARH_PE,D,20200304,000000,2.98648,3.06509,2.82935,3.06509,0,0
ARH_PE,D,20200305,000000,3.06509,3.22232,2.98648,2.98648,0,0
ARH_PE,D,20200306,000000,2.98648,2.98648,2.82935,2.90797,0,0
ARH_PE,D,20200309,000000,2.82935,2.82935,2.67213,2.75074,0,0
ARH_PE,D,20200310,000000,2.75074,2.82935,2.75074,2.75074,0,0
ARH_PE,D,20200311,000000,2.82935,2.82935,2.59352,2.59352,0,0
ARH_PE,D,20200312,000000,2.5149,2.5149,2.27917,2.27917,0,0
ARH_PE,D,20200313,000000,2.5149,2.5149,2.04333,2.04333,0,0
ARH_PE,D,20200316,000000,1.8862,2.04333,1.80759,1.80759,0,0
ARH_PE,D,20200317,000000,1.96482,2.20055,1.96482,2.12194,0,0
ARH_PE,D,20200318,000000,2.27917,2.27917,2.04333,2.20055,0,0
ARH_PE,D,20200319,000000,2.04333,2.59352,2.04333,2.59352,0,0
ARH_PE,D,20200320,000000,2.43639,2.59352,2.35778,2.43639,0,0
ARH_PE,D,20200323,000000,2.35778,2.35778,2.35778,2.35778,0,0
ARH_PE,D,20200324,000000,2.35778,2.35778,2.12194,2.12194,0,0
ARH_PE,D,20200325,000000,2.12194,2.20055,2.12194,2.20055,0,0
ARH_PE,D,20200326,000000,2.20055,2.35778,2.12194,2.35778,0,0
ARH_PE,D,20200327,000000,2.27917,2.27917,2.27917,2.27917,0,0
ARH_PE,D,20200330,000000,2.35778,2.35778,2.12194,2.20055,0,0
ARH_PE,D,20200331,000000,2.20055,2.27917,2.20055,2.20055,0,0
ARH_PE,D,20200401,000000,2.20055,2.20055,2.12194,2.20055,0,0
ARH_PE,D,20200402,000000,2.12194,2.20055,2.12194,2.12194,0,0
ARH_PE,D,20200403,000000,2.12194,2.12194,2.12194,2.12194,0,0
ARH_PE,D,20200406,000000,2.12194,2.12194,1.96482,1.96482,0,0
ARH_PE,D,20200407,000000,2.12194,2.5149,1.96482,2.5149,0,0
ARH_PE,D,20200408,000000,2.5149,2.5149,2.43639,2.5149,0,0
ARH_PE,D,20200409,000000,2.5149,2.5149,2.5149,2.5149,0,0
ARH_PE,D,20200414,000000,2.5149,2.67213,2.43639,2.59352,0,0
ARH_PE,D,20200415,000000,2.67213,2.75074,2.59352,2.67213,0,0
ARH_PE,D,20200416,000000,2.75074,2.75074,2.75074,2.75074,0,0
ARH_PE,D,20200417,000000,2.75074,2.82935,2.75074,2.75074,0,0
ARH_PE,D,20200420,000000,2.75074,2.82935,2.75074,2.82935,0,0
ARH_PE,D,20200421,000000,2.90797,2.90797,2.67213,2.75074,0,0
ARH_PE,D,20200422,000000,2.75074,2.75074,2.75074,2.75074,0,0
ARH_PE,D,20200423,000000,2.75074,2.75074,2.67213,2.75074,0,0
ARH_PE,D,20200424,000000,2.67213,2.67213,2.67213,2.67213,0,0
ARH_PE,D,20200427,000000,2.67213,2.67213,2.59352,2.67213,0,0
ARH_PE,D,20200428,000000,2.59352,2.67213,2.59352,2.67213,0,0
ARH_PE,D,20200429,000000,2.67213,2.67213,2.59352,2.67213,0,0
ARH_PE,D,20200430,000000,2.67213,2.75074,2.67213,2.67213,0,0
ARH_PE,D,20200504,000000,2.59352,2.59352,2.5149,2.5149,0,0
ARH_PE,D,20200505,000000,2.5149,2.59352,2.5149,2.59352,0,0
ARH_PE,D,20200506,000000,2.59352,2.59352,2.5149,2.5149,0,0
ARH_PE,D,20200507,000000,2.59352,2.75074,2.5149,2.67213,0,0
ARH_PE,D,20200508,000000,2.59352,2.67213,2.59352,2.67213,0,0
ARH_PE,D,20200511,000000,2.67213,2.75074,2.67213,2.67213,0,0
ARH_PE,D,20200512,000000,2.67213,3.1437,2.67213,2.90797,0,0
ARH_PE,D,20200513,000000,3.06509,3.06509,2.90797,2.98648,0,0
ARH_PE,D,20200514,000000,2.98648,2.98648,2.90797,2.98648,0,0
ARH_PE,D,20200515,000000,2.98648,2.98648,2.90797,2.98648,0,0
ARH_PE,D,20200518,000000,2.98648,2.98648,2.90797,2.90797,0,0
ARH_PE,D,20200519,000000,2.90797,2.90797,2.82935,2.90797,0,0
ARH_PE,D,20200520,000000,2.98648,2.98648,2.82935,2.82935,0,0
ARH_PE,D,20200521,000000,2.82935,2.98648,2.82935,2.98648,0,0
ARH_PE,D,20200522,000000,2.98648,3.06509,2.98648,3.06509,0,0
ARH_PE,D,20200525,000000,3.06509,3.1437,3.06509,3.06509,0,0
ARH_PE,D,20200526,000000,3.06509,3.22232,2.98648,3.1437,0,0
ARH_PE,D,20200527,000000,3.1437,3.22232,3.1437,3.1437,0,0
ARH_PE,D,20200528,000000,3.22232,3.30093,3.22232,3.22232,0,0
ARH_PE,D,20200529,000000,3.30093,3.30093,2.59352,2.59352,0,0
ARH_PE,D,20200601,000000,2.59352,2.75074,2.59352,2.75074,0,0
ARH_PE,D,20200602,000000,2.5149,2.82935,2.5149,2.82935,0,0
ARH_PE,D,20200603,000000,2.82935,2.98648,2.82935,2.98648,0,0
ARH_PE,D,20200604,000000,2.98648,3.1437,2.98648,2.98648,0,0
ARH_PE,D,20200605,000000,2.98648,3.06509,2.90797,3.06509,0,0
ARH_PE,D,20200608,000000,3.06509,3.06509,2.98648,2.98648,0,0
ARH_PE,D,20200609,000000,2.90797,2.98648,2.82935,2.98648,0,0
ARH_PE,D,20200610,000000,2.90797,2.90797,2.75074,2.82935,0,0
ARH_PE,D,20200612,000000,2.75074,2.75074,2.67213,2.75074,0,0
ARH_PE,D,20200615,000000,2.75074,2.75074,2.67213,2.75074,0,0
ARH_PE,D,20200616,000000,2.75074,2.90797,2.75074,2.90797,0,0
ARH_PE,D,20200617,000000,2.90797,2.90797,2.90797,2.90797,0,0
ARH_PE,D,20200618,000000,2.90797,2.90797,2.82935,2.90797,0,0
ARH_PE,D,20200619,000000,2.82935,2.90797,2.75074,2.82935,0,0
ARH_PE,D,20200622,000000,2.82935,2.98648,2.75074,2.98648,0,0
ARH_PE,D,20200623,000000,2.90797,2.98648,2.90797,2.90797,0,0
ARH_PE,D,20200624,000000,2.98648,3.06509,2.90797,2.98648,0,0
ARH_PE,D,20200625,000000,2.98648,2.98648,2.90797,2.90797,0,0
ARH_PE,D,20200626,000000,2.90797,2.90797,2.82935,2.82935,0,0
ARH_PE,D,20200629,000000,2.75074,2.82935,2.75074,2.82935,0,0
ARH_PE,D,20200630,000000,2.82935,2.90797,2.82935,2.90797,0,0
ARH_PE,D,20200701,000000,2.90797,2.90797,2.82935,2.90797,0,0
ARH_PE,D,20200702,000000,2.82935,2.90797,2.82935,2.82935,0,0
ARH_PE,D,20200703,000000,2.75074,2.82935,2.75074,2.82935,0,0
ARH_PE,D,20200706,000000,2.82935,2.82935,2.75074,2.82935,0,0
ARH_PE,D,20200707,000000,2.82935,2.82935,2.82935,2.82935,0,0
ARH_PE,D,20200708,000000,2.82935,2.82935,2.75074,2.82935,0,0
ARH_PE,D,20200709,000000,2.75074,2.98648,2.75074,2.98648,0,0
ARH_PE,D,20200710,000000,2.98648,2.98648,2.90797,2.90797,0,0
ARH_PE,D,20200713,000000,2.75074,2.90797,2.75074,2.82935,0,0
ARH_PE,D,20200714,000000,2.75074,2.82935,2.75074,2.82935,0,0
ARH_PE,D,20200715,000000,2.82935,2.82935,2.75074,2.82935,0,0
ARH_PE,D,20200716,000000,2.82935,2.82935,2.75074,2.75074,0,0
ARH_PE,D,20200717,000000,2.75074,2.75074,2.67213,2.75074,0,0
ARH_PE,D,20200720,000000,2.75074,3.06509,2.59352,3.06509,0,0
ARH_PE,D,20200721,000000,3.06509,3.1437,2.98648,3.1437,0,0
ARH_PE,D,20200722,000000,3.1437,3.1437,3.06509,3.06509,0,0
ARH_PE,D,20200723,000000,3.1437,3.1437,3.06509,3.06509,0,0
ARH_PE,D,20200724,000000,3.06509,3.06509,2.98648,3.06509,0,0
ARH_PE,D,20200727,000000,3.06509,3.1437,2.98648,2.98648,0,0
ARH_PE,D,20200728,000000,2.98648,3.06509,2.82935,2.98648,0,0
ARH_PE,D,20200729,000000,2.98648,2.98648,2.75074,2.90797,0,0
ARH_PE,D,20200730,000000,2.82935,2.82935,2.67213,2.82935,0,0
ARH_PE,D,20200731,000000,2.75074,2.98648,2.67213,2.98648,0,0
ARH_PE,D,20200803,000000,2.98648,3.06509,2.98648,2.98648,0,0
ARH_PE,D,20200804,000000,2.98648,3.06509,2.98648,3.06509,0,0
ARH_PE,D,20200805,000000,3.1437,3.1437,3.1437,3.1437,0,0
ARH_PE,D,20200806,000000,3.1437,3.30093,3.06509,3.22232,0,0
ARH_PE,D,20200807,000000,3.22232,3.22232,3.1437,3.22232,0,0
ARH_PE,D,20200810,000000,3.1437,3.30093,3.1437,3.22232,0,0
ARH_PE,D,20200811,000000,3.22232,3.22232,3.22232,3.22232,0,0
ARH_PE,D,20200812,000000,3.22232,3.22232,3.1437,3.1437,0,0
ARH_PE,D,20200813,000000,3.1437,3.1437,3.06509,3.06509,0,0
ARH_PE,D,20200814,000000,3.06509,3.06509,3.06509,3.06509,0,0
ARH_PE,D,20200817,000000,3.06509,3.1437,3.06509,3.06509,0,0
ARH_PE,D,20200818,000000,3.06509,3.06509,3.06509,3.06509,0,0
ARH_PE,D,20200819,000000,3.06509,3.06509,3.06509,3.06509,0,0
ARH_PE,D,20200820,000000,3.06509,3.1437,3.06509,3.06509,0,0
ARH_PE,D,20200821,000000,3.06509,3.06509,3.06509,3.06509,0,0
ARH_PE,D,20200824,000000,3.06509,3.1437,3.06509,3.1437,0,0
ARH_PE,D,20200825,000000,3.1437,3.1437,3.06509,3.06509,0,0
ARH_PE,D,20200826,000000,3.06509,3.1437,2.98648,3.1437,0,0
ARH_PE,D,20200827,000000,3.1437,3.1437,3.06509,3.1437,0,0
ARH_PE,D,20200828,000000,3.1437,3.1437,3.06509,3.06509,0,0
ARH_PE,D,20200831,000000,3.06509,3.06509,2.98648,3.06509,0,0
ARH_PE,D,20200901,000000,2.98648,3.06509,2.98648,3.06509,0,0
ARH_PE,D,20200902,000000,3.06509,3.06509,2.98648,2.98648,0,0
ARH_PE,D,20200903,000000,2.90797,2.90797,2.82935,2.90797,0,0
ARH_PE,D,20200904,000000,2.90797,2.90797,2.90797,2.90797,0,0
ARH_PE,D,20200907,000000,2.90797,2.90797,2.90797,2.90797,0,0
ARH_PE,D,20200908,000000,2.82935,2.98648,2.82935,2.82935,0,0
ARH_PE,D,20200909,000000,2.75074,2.82935,2.75074,2.82935,0,0
ARH_PE,D,20200910,000000,2.82935,2.82935,2.82935,2.82935,0,0
ARH_PE,D,20200911,000000,2.82935,2.82935,2.75074,2.82935,0,0
ARH_PE,D,20200914,000000,2.82935,2.82935,2.75074,2.82935,0,0
ARH_PE,D,20200915,000000,2.82935,2.82935,2.75074,2.82935,0,0
ARH_PE,D,20200916,000000,2.75074,2.82935,2.75074,2.82935,0,0
ARH_PE,D,20200917,000000,2.82935,3.53657,2.82935,3.53657,0,0
ARH_PE,D,20200918,000000,3.53657,3.61518,3.45796,3.53657,0,0
ARH_PE,D,20200921,000000,3.53657,3.53657,3.37954,3.53657,0,0
ARH_PE,D,20200922,000000,3.53657,3.53657,3.53657,3.53657,0,0
ARH_PE,D,20200923,000000,3.45796,3.53657,3.37954,3.37954,0,0
ARH_PE,D,20200924,000000,3.30093,3.30093,3.22232,3.30093,0,0
ARH_PE,D,20200925,000000,3.30093,3.37954,3.30093,3.37954,0,0
ARH_PE,D,20200928,000000,3.37954,3.45796,3.30093,3.45796,0,0
ARH_PE,D,20200929,000000,3.45796,3.45796,3.45796,3.45796,0,0
ARH_PE,D,20200930,000000,3.45796,3.45796,3.45796,3.45796,0,0
ARH_PE,D,20201001,000000,3.45796,3.45796,3.45796,3.45796,0,0
ARH_PE,D,20201002,000000,3.45796,3.45796,3.37954,3.37954,0,0
ARH_PE,D,20201005,000000,3.30093,3.37954,3.30093,3.30093,0,0
ARH_PE,D,20201006,000000,3.30093,3.37954,3.22232,3.22232,0,0
ARH_PE,D,20201007,000000,3.30093,3.30093,3.1437,3.1437,0,0
ARH_PE,D,20201008,000000,3.1437,3.30093,3.1437,3.30093,0,0
ARH_PE,D,20201009,000000,3.45796,3.53657,3.37954,3.53657,0,0
ARH_PE,D,20201012,000000,3.53657,3.61518,3.53657,3.61518,0,0
ARH_PE,D,20201013,000000,3.61518,3.61518,3.53657,3.53657,0,0
ARH_PE,D,20201014,000000,3.53657,3.53657,3.53657,3.53657,0,0
ARH_PE,D,20201015,000000,3.53657,3.53657,3.45796,3.53657,0,0
ARH_PE,D,20201016,000000,3.53657,3.61518,3.53657,3.61518,0,0
ARH_PE,D,20201019,000000,3.61518,3.61518,3.61518,3.61518,0,0
ARH_PE,D,20201020,000000,3.61518,3.61518,3.61518,3.61518,0,0
ARH_PE,D,20201021,000000,3.61518,3.61518,3.53657,3.61518,0,0
ARH_PE,D,20201022,000000,3.61518,3.61518,3.53657,3.53657,0,0
ARH_PE,D,20201023,000000,3.53657,3.61518,3.53657,3.61518,0,0
ARH_PE,D,20201026,000000,3.61518,3.61518,3.53657,3.53657,0,0
ARH_PE,D,20201027,000000,3.53657,3.53657,3.53657,3.53657,0,0
ARH_PE,D,20201028,000000,3.53657,3.53657,3.30093,3.37954,0,0
ARH_PE,D,20201029,000000,3.37954,3.37954,3.22232,3.30093,0,0
ARH_PE,D,20201030,000000,3.30093,3.45796,3.30093,3.45796,0,0
ARH_PE,D,20201102,000000,3.53657,3.61518,3.45796,3.53657,0,0
ARH_PE,D,20201103,000000,3.61518,3.61518,3.45796,3.45796,0,0
ARH_PE,D,20201104,000000,3.45796,3.61518,3.45796,3.61518,0,0
ARH_PE,D,20201105,000000,3.61518,3.61518,3.61518,3.61518,0,0
ARH_PE,D,20201106,000000,3.61518,3.61518,3.61518,3.61518,0,0
ARH_PE,D,20201109,000000,3.61518,3.92953,3.61518,3.77241,0,0
ARH_PE,D,20201110,000000,3.77241,3.85102,3.77241,3.85102,0,0
ARH_PE,D,20201112,000000,3.85102,3.85102,3.85102,3.85102,0,0
ARH_PE,D,20201113,000000,3.85102,3.85102,3.85102,3.85102,0,0
ARH_PE,D,20201116,000000,3.85102,4.08676,3.85102,4.08676,0,0
ARH_PE,D,20201117,000000,4.08676,4.24398,4.08676,4.24398,0,0
ARH_PE,D,20201118,000000,4.32259,4.32259,4.16537,4.16537,0,0
ARH_PE,D,20201119,000000,4.16834,4.87784,3.99099,4.25697,0,0
ARH_PE,D,20201120,000000,4.34579,4.34579,4.16834,4.25697,0,0
ARH_PE,D,20201123,000000,4.16834,4.34579,4.07962,4.34579,0,0
ARH_PE,D,20201124,000000,4.34579,4.34579,4.25697,4.34579,0,0
ARH_PE,D,20201125,000000,4.34579,4.34579,4.25697,4.34579,0,0
ARH_PE,D,20201126,000000,4.25697,4.34579,4.25697,4.25697,0,0
ARH_PE,D,20201127,000000,4.25697,4.34579,4.25697,4.34579,0,0
ARH_PE,D,20201130,000000,4.34579,4.34579,4.25697,4.25697,0,0
ARH_PE,D,20201201,000000,4.25697,4.25697,4.07962,4.25697,0,0
ARH_PE,D,20201202,000000,4.25697,4.25697,4.25697,4.25697,0,0
ARH_PE,D,20201203,000000,4.25697,4.25697,4.16834,4.25697,0,0
ARH_PE,D,20201204,000000,4.25697,4.34579,4.25697,4.34579,0,0
ARH_PE,D,20201207,000000,4.34579,4.34579,4.25697,4.25697,0,0
ARH_PE,D,20201208,000000,4.16834,4.34579,4.16834,4.34579,0,0
ARH_PE,D,20201209,000000,4.34579,4.34579,4.34579,4.34579,0,0
ARH_PE,D,20201210,000000,4.34579,4.34579,4.25697,4.34579,0,0
ARH_PE,D,20201211,000000,4.34579,4.34579,4.25697,4.25697,0,0
ARH_PE,D,20201214,000000,4.16834,4.34579,4.16834,4.34579,0,0
ARH_PE,D,20201215,000000,4.34579,4.34579,4.25697,4.34579,0,0
ARH_PE,D,20201216,000000,4.34579,4.61186,4.34579,4.43442,0,0
ARH_PE,D,20201217,000000,4.52314,4.52314,4.43442,4.52314,0,0
ARH_PE,D,20201218,000000,4.52314,4.61186,4.52314,4.61186,0,0
ARH_PE,D,20201221,000000,4.52314,4.61186,4.43442,4.61186,0,0
ARH_PE,D,20201222,000000,4.61186,4.61186,4.61186,4.61186,0,0
ARH_PE,D,20201223,000000,4.61186,4.61186,4.61186,4.61186,0,0
ARH_PE,D,20201228,000000,4.61186,4.87784,4.61186,4.87784,0,0
ARH_PE,D,20201229,000000,4.96656,4.96656,4.87784,4.96656,0,0
ARH_PE,D,20201230,000000,4.87784,4.96656,4.87784,4.87784,0,0
ARH_PE,D,20210104,000000,4.96656,4.96656,4.78921,4.78921,0,0
ARH_PE,D,20210105,000000,4.78921,4.78921,4.78921,4.78921,0,0
ARH_PE,D,20210107,000000,4.78921,4.87784,4.78921,4.87784,0,0
ARH_PE,D,20210108,000000,4.87784,5.05528,4.78921,5.05528,0,0
ARH_PE,D,20210111,000000,5.05528,5.49871,5.05528,5.23263,0,0
ARH_PE,D,20210112,000000,5.23263,5.23263,4.96656,5.14391,0,0
ARH_PE,D,20210113,000000,5.14391,5.14391,4.78921,4.96656,0,0
ARH_PE,D,20210114,000000,4.96656,5.14391,4.96656,5.05528,0,0
ARH_PE,D,20210115,000000,5.14391,5.14391,4.87784,4.87784,0,0
ARH_PE,D,20210118,000000,4.87784,5.14391,4.87784,5.14391,0,0
ARH_PE,D,20210119,000000,5.14391,5.14391,5.05528,5.05528,0,0
ARH_PE,D,20210120,000000,4.96656,5.05528,4.96656,5.05528,0,0
ARH_PE,D,20210121,000000,5.14391,5.14391,5.05528,5.05528,0,0
ARH_PE,D,20210122,000000,5.05528,5.14391,5.05528,5.14391,0,0
ARH_PE,D,20210125,000000,5.14391,5.23263,5.05528,5.05528,0,0
ARH_PE,D,20210126,000000,5.05528,5.05528,5.05528,5.05528,0,0
ARH_PE,D,20210127,000000,5.05528,5.05528,4.78921,4.87784,0,0
ARH_PE,D,20210128,000000,4.78921,4.96656,4.61186,4.78921,0,0
ARH_PE,D,20210129,000000,4.70049,4.78921,4.61186,4.78921,0,0
ARH_PE,D,20210201,000000,4.78921,4.87784,4.78921,4.87784,0,0
ARH_PE,D,20210202,000000,4.87784,4.96656,4.78921,4.87784,0,0
ARH_PE,D,20210203,000000,4.87784,4.87784,4.78921,4.87784,0,0
ARH_PE,D,20210204,000000,4.78921,4.87784,4.78921,4.87784,0,0
ARH_PE,D,20210205,000000,4.87784,4.96656,4.87784,4.96656,0,0
ARH_PE,D,20210208,000000,4.96656,5.14391,4.96656,5.05528,0,0
ARH_PE,D,20210209,000000,5.05528,5.14391,5.05528,5.14391,0,0
ARH_PE,D,20210210,000000,5.14391,5.23263,5.05528,5.05528,0,0
ARH_PE,D,20210211,000000,4.96656,5.14391,4.96656,5.14391,0,0
ARH_PE,D,20210212,000000,5.05528,5.14391,4.96656,5.14391,0,0
ARH_PE,D,20210215,000000,5.14391,5.14391,4.96656,5.14391,0,0
ARH_PE,D,20210216,000000,5.23263,5.23263,5.14391,5.14391,0,0
ARH_PE,D,20210217,000000,5.14391,5.14391,5.05528,5.14391,0,0
ARH_PE,D,20210218,000000,5.14391,5.14391,4.87784,4.96656,0,0
ARH_PE,D,20210219,000000,4.87784,4.96656,4.70049,4.70049,0,0
ARH_PE,D,20210222,000000,4.70049,4.78921,4.70049,4.78921,0,0
ARH_PE,D,20210223,000000,4.78921,4.87784,4.70049,4.87784,0,0
ARH_PE,D,20210224,000000,4.78921,5.05528,4.78921,5.05528,0,0
ARH_PE,D,20210225,000000,5.05528,5.05528,4.96656,5.05528,0,0
ARH_PE,D,20210226,000000,4.87784,4.96656,4.78921,4.87784,0,0
ARH_PE,D,20210301,000000,4.78921,4.87784,4.70049,4.78921,0,0
ARH_PE,D,20210302,000000,4.78921,4.87784,4.70049,4.87784,0,0
ARH_PE,D,20210303,000000,4.87784,4.87784,4.78921,4.78921,0,0
ARH_PE,D,20210304,000000,4.78921,4.78921,4.70049,4.78921,0,0
ARH_PE,D,20210305,000000,4.78921,4.78921,4.70049,4.70049,0,0
ARH_PE,D,20210308,000000,4.70049,4.96656,4.70049,4.96656,0,0
ARH_PE,D,20210309,000000,4.96656,4.96656,4.78921,4.87784,0,0
ARH_PE,D,20210310,000000,4.78921,4.87784,4.78921,4.87784,0,0
ARH_PE,D,20210311,000000,4.87784,4.87784,4.70049,4.78921,0,0
ARH_PE,D,20210312,000000,4.70049,4.87784,4.70049,4.87784,0,0
ARH_PE,D,20210315,000000,4.87784,4.96656,4.87784,4.96656,0,0
ARH_PE,D,20210316,000000,4.96656,4.96656,4.96656,4.96656,0,0
ARH_PE,D,20210317,000000,4.96656,4.96656,4.78921,4.87784,0,0
ARH_PE,D,20210318,000000,4.96656,4.96656,4.87784,4.96656,0,0
ARH_PE,D,20210319,000000,4.87784,4.96656,4.87784,4.87784,0,0
ARH_PE,D,20210322,000000,4.87784,4.87784,4.78921,4.87784,0,0
ARH_PE,D,20210323,000000,4.87784,4.87784,4.78921,4.87784,0,0
ARH_PE,D,20210324,000000,4.87784,4.87784,4.61186,4.87784,0,0
ARH_PE,D,20210325,000000,4.70049,4.87784,4.70049,4.78921,0,0
ARH_PE,D,20210326,000000,4.78921,4.78921,4.70049,4.78921,0,0
ARH_PE,D,20210329,000000,4.78921,4.78921,4.70049,4.70049,0,0
ARH_PE,D,20210330,000000,4.61186,4.70049,4.61186,4.70049,0,0
ARH_PE,D,20210331,000000,4.78921,4.78921,4.70049,4.70049,0,0
ARH_PE,D,20210401,000000,4.70049,4.70049,4.61186,4.70049,0,0
ARH_PE,D,20210406,000000,4.61186,4.61186,4.25697,4.52314,0,0
ARH_PE,D,20210407,000000,4.52314,4.61186,4.52314,4.52314,0,0
ARH_PE,D,20210408,000000,4.52314,4.61186,4.52314,4.61186,0,0
ARH_PE,D,20210409,000000,4.61186,4.61186,4.52314,4.52314,0,0
ARH_PE,D,20210412,000000,4.61186,4.61186,4.52314,4.61186,0,0
ARH_PE,D,20210413,000000,4.61186,4.61186,4.61186,4.61186,0,0
ARH_PE,D,20210414,000000,4.61186,4.87784,3.90227,3.90227,0,0
ARH_PE,D,20210415,000000,3.90227,3.90227,3.90227,3.90227,0,0
ARH_PE,D,20210416,000000,3.90227,3.90227,3.90227,3.90227,0,0
ARH_PE,D,20210419,000000,3.90227,3.99099,3.90227,3.90227,0,0
ARH_PE,D,20210420,000000,3.90227,3.90227,3.81355,3.81355,0,0
ARH_PE,D,20210421,000000,3.81355,3.90227,3.81355,3.81355,0,0
ARH_PE,D,20210422,000000,3.81355,3.90227,3.81355,3.90227,0,0
ARH_PE,D,20210423,000000,3.90227,3.90227,3.90227,3.90227,0,0
ARH_PE,D,20210426,000000,3.90227,3.90227,3.90227,3.90227,0,0
ARH_PE,D,20210427,000000,3.90227,3.90227,3.81355,3.90227,0,0
ARH_PE,D,20210428,000000,3.90227,3.90227,3.81355,3.90227,0,0
ARH_PE,D,20210429,000000,3.90227,3.90227,3.90227,3.90227,0,0
ARH_PE,D,20210430,000000,3.90227,3.99099,3.90227,3.99099,0,0
ARH_PE,D,20210504,000000,3.99099,3.99099,3.6362,3.81355,0,0
ARH_PE,D,20210505,000000,3.81355,3.90227,3.81355,3.90227,0,0
ARH_PE,D,20210506,000000,3.90227,3.90227,3.81355,3.90227,0,0
ARH_PE,D,20210507,000000,3.90227,3.99099,3.90227,3.90227,0,0
ARH_PE,D,20210510,000000,3.90227,4.07962,3.81355,3.90227,0,0
ARH_PE,D,20210511,000000,3.81355,3.90227,3.81355,3.81355,0,0
ARH_PE,D,20210512,000000,3.90227,3.99099,3.90227,3.99099,0,0
ARH_PE,D,20210513,000000,3.99099,3.99099,3.90227,3.99099,0,0
ARH_PE,D,20210514,000000,3.99099,4.07962,3.99099,4.07962,0,0
ARH_PE,D,20210517,000000,4.16834,4.34579,4.16834,4.25697,0,0
ARH_PE,D,20210518,000000,4.25697,4.25697,4.16834,4.25697,0,0
ARH_PE,D,20210519,000000,4.25697,4.25697,4.07962,4.07962,0,0
ARH_PE,D,20210520,000000,4.07962,4.16834,4.07962,4.16834,0,0
ARH_PE,D,20210521,000000,4.16834,4.34579,4.07962,4.25697,0,0
ARH_PE,D,20210524,000000,4.25697,4.34579,4.07962,4.07962,0,0
ARH_PE,D,20210525,000000,4.07962,4.16834,4.07962,4.16834,0,0
ARH_PE,D,20210526,000000,4.16834,4.96656,3.99099,4.96656,0,0
ARH_PE,D,20210527,000000,4.96656,4.96656,4.87784,4.87784,0,0
ARH_PE,D,20210528,000000,4.87784,5.23263,4.87784,5.05528,0,0
ARH_PE,D,20210531,000000,5.05528,5.23263,5.05528,5.14391,0,0
ARH_PE,D,20210601,000000,5.14391,5.14391,5.05528,5.14391,0,0
ARH_PE,D,20210602,000000,5.14391,5.14391,5.05528,5.05528,0,0
ARH_PE,D,20210604,000000,5.05528,5.14391,5.05528,5.05528,0,0
ARH_PE,D,20210607,000000,5.05528,5.05528,4.96656,5.05528,0,0
ARH_PE,D,20210608,000000,5.05528,5.05528,4.87784,5.05528,0,0
ARH_PE,D,20210609,000000,5.05528,5.05528,4.96656,5.05528,0,0
ARH_PE,D,20210610,000000,5.05528,5.05528,4.87784,5.05528,0,0
ARH_PE,D,20210611,000000,5.05528,5.05528,4.87784,4.96656,0,0
ARH_PE,D,20210614,000000,4.96656,4.96656,4.96656,4.96656,0,0
ARH_PE,D,20210615,000000,4.87784,4.96656,4.78921,4.87784,0,0
ARH_PE,D,20210616,000000,4.87784,4.87784,4.78921,4.87784,0,0
ARH_PE,D,20210617,000000,4.87784,5.05528,4.78921,4.87784,0,0
ARH_PE,D,20210618,000000,4.87784,4.96656,4.78921,4.96656,0,0
ARH_PE,D,20210621,000000,4.96656,4.96656,4.87784,4.96656,0,0
ARH_PE,D,20210622,000000,4.96656,4.96656,4.87784,4.96656,0,0
ARH_PE,D,20210623,000000,4.96656,4.96656,4.96656,4.96656,0,0
ARH_PE,D,20210624,000000,4.96656,4.96656,4.87784,4.87784,0,0
ARH_PE,D,20210625,000000,4.87784,5.05528,4.87784,4.96656,0,0
ARH_PE,D,20210628,000000,4.96656,5.14391,4.96656,5.05528,0,0
ARH_PE,D,20210629,000000,5.05528,5.05528,5.05528,5.05528,0,0
ARH_PE,D,20210630,000000,5.05528,5.14391,5.05528,5.14391,0,0
ARH_PE,D,20210701,000000,5.14391,5.14391,5.14391,5.14391,0,0
ARH_PE,D,20210702,000000,5.14391,5.14391,5.05528,5.05528,0,0
ARH_PE,D,20210705,000000,5.05528,5.14391,4.78921,5.05528,0,0
ARH_PE,D,20210706,000000,5.05528,5.05528,4.96656,4.96656,0,0
ARH_PE,D,20210707,000000,4.96656,4.96656,4.96656,4.96656,0,0
ARH_PE,D,20210708,000000,4.96656,5.05528,4.87784,4.87784,0,0
ARH_PE,D,20210709,000000,5.1451,5.33226,4.95804,4.95804,0,0
ARH_PE,D,20210712,000000,4.86445,4.95804,4.86445,4.95804,0,0
ARH_PE,D,20210713,000000,4.95804,5.05162,4.95804,5.05162,0,0
ARH_PE,D,20210714,000000,4.95804,5.05162,4.95804,5.05162,0,0
ARH_PE,D,20210715,000000,5.05162,5.05162,5.05162,5.05162,0,0
ARH_PE,D,20210716,000000,5.05162,5.05162,4.95804,5.05162,0,0
ARH_PE,D,20210719,000000,5.05162,5.05162,4.95804,4.95804,0,0
ARH_PE,D,20210720,000000,4.95804,4.95804,4.95804,4.95804,0,0
ARH_PE,D,20210721,000000,4.95804,4.95804,4.95804,4.95804,0,0
ARH_PE,D,20210722,000000,4.95804,4.95804,4.95804,4.95804,0,0
ARH_PE,D,20210723,000000,4.95804,4.95804,4.95804,4.95804,0,0
ARH_PE,D,20210726,000000,4.95804,4.95804,4.95804,4.95804,0,0
ARH_PE,D,20210727,000000,4.95804,4.95804,4.95804,4.95804,0,0
ARH_PE,D,20210728,000000,4.95804,4.95804,4.95804,4.95804,0,0
ARH_PE,D,20210729,000000,4.95804,5.05162,4.95804,5.05162,0,0
ARH_PE,D,20210730,000000,5.05162,5.05162,4.95804,4.95804,0,0
ARH_PE,D,20210802,000000,4.95804,4.95804,4.95804,4.95804,0,0
ARH_PE,D,20210803,000000,4.95804,4.95804,4.95804,4.95804,0,0
ARH_PE,D,20210804,000000,4.95804,4.95804,4.86445,4.86445,0,0
ARH_PE,D,20210805,000000,4.86445,4.95804,4.86445,4.95804,0,0
ARH_PE,D,20210806,000000,4.95804,4.95804,4.95804,4.95804,0,0
ARH_PE,D,20210809,000000,4.95804,4.95804,4.95804,4.95804,0,0
ARH_PE,D,20210810,000000,4.95804,4.95804,4.95804,4.95804,0,0
ARH_PE,D,20210811,000000,4.95804,4.95804,4.95804,4.95804,0,0
ARH_PE,D,20210812,000000,4.95804,4.95804,4.95804,4.95804,0,0
ARH_PE,D,20210813,000000,4.95804,4.95804,4.95804,4.95804,0,0
ARH_PE,D,20210816,000000,4.95804,4.95804,4.95804,4.95804,0,0
ARH_PE,D,20210817,000000,4.95804,4.95804,4.95804,4.95804,0,0
ARH_PE,D,20210818,000000,4.95804,4.95804,4.95804,4.95804,0,0
ARH_PE,D,20210819,000000,4.95804,4.95804,4.86445,4.86445,0,0
ARH_PE,D,20210820,000000,4.86445,4.95804,4.86445,4.86445,0,0
ARH_PE,D,20210823,000000,4.86445,4.95804,4.86445,4.95804,0,0
ARH_PE,D,20210824,000000,4.95804,4.95804,4.95804,4.95804,0,0
ARH_PE,D,20210825,000000,4.95804,4.95804,4.95804,4.95804,0,0
ARH_PE,D,20210826,000000,4.95804,5.05162,4.95804,5.05162,0,0
ARH_PE,D,20210827,000000,5.05162,5.05162,5.05162,5.05162,0,0
ARH_PE,D,20210830,000000,5.05162,5.05162,4.95804,4.95804,0,0
ARH_PE,D,20210831,000000,4.95804,4.95804,4.86445,4.86445,0,0
ARH_PE,D,20210901,000000,4.86445,4.95804,4.77097,4.86445,0,0
ARH_PE,D,20210902,000000,4.86445,4.86445,4.77097,4.77097,0,0
ARH_PE,D,20210903,000000,4.86445,4.86445,4.58381,4.58381,0,0
ARH_PE,D,20210906,000000,4.67739,4.77097,4.67739,4.67739,0,0
ARH_PE,D,20210907,000000,4.67739,4.67739,4.49033,4.67739,0,0
ARH_PE,D,20210908,000000,4.67739,4.67739,4.58381,4.58381,0,0
ARH_PE,D,20210909,000000,4.58381,4.58381,4.49033,4.58381,0,0
ARH_PE,D,20210910,000000,4.58381,4.58381,4.49033,4.58381,0,0
ARH_PE,D,20210913,000000,4.49033,4.58381,4.49033,4.58381,0,0
ARH_PE,D,20210914,000000,4.58381,4.58381,4.58381,4.58381,0,0
ARH_PE,D,20210915,000000,4.58381,4.58381,4.58381,4.58381,0,0
ARH_PE,D,20210916,000000,4.58381,4.58381,4.39674,4.58381,0,0
ARH_PE,D,20210917,000000,4.67739,7.29678,4.58381,7.29678,0,0
ARH_PE,D,20210920,000000,7.29678,7.29678,7.10962,7.29678,0,0
ARH_PE,D,20210921,000000,7.2032,7.39026,7.2032,7.39026,0,0
ARH_PE,D,20210922,000000,7.29678,7.39026,7.29678,7.29678,0,0
ARH_PE,D,20210923,000000,7.39026,7.48384,7.29678,7.48384,0,0
ARH_PE,D,20210924,000000,7.48384,7.57743,7.39026,7.57743,0,0
ARH_PE,D,20210927,000000,7.48384,7.48384,7.48384,7.48384,0,0
ARH_PE,D,20210928,000000,7.48384,7.48384,7.29678,7.29678,0,0
ARH_PE,D,20210929,000000,7.39026,7.48384,7.29678,7.48384,0,0
ARH_PE,D,20210930,000000,7.48384,7.48384,7.2032,7.48384,0,0
ARH_PE,D,20211001,000000,7.39026,7.48384,7.29678,7.29678,0,0
ARH_PE,D,20211004,000000,7.39026,7.48384,7.29678,7.39026,0,0
ARH_PE,D,20211005,000000,7.39026,7.39026,7.29678,7.39026,0,0
ARH_PE,D,20211006,000000,7.39026,7.39026,7.29678,7.29678,0,0
ARH_PE,D,20211007,000000,7.29678,7.29678,7.2032,7.2032,0,0
ARH_PE,D,20211008,000000,7.39026,7.57743,7.39026,7.48384,0,0
ARH_PE,D,20211011,000000,7.48384,7.48384,7.48384,7.48384,0,0
ARH_PE,D,20211012,000000,7.48384,7.48384,7.29678,7.39026,0,0
ARH_PE,D,20211013,000000,7.48384,7.57743,7.48384,7.48384,0,0
ARH_PE,D,20211014,000000,7.48384,7.57743,7.48384,7.48384,0,0
ARH_PE,D,20211015,000000,7.57743,7.57743,7.48384,7.57743,0,0
ARH_PE,D,20211018,000000,7.57743,7.85807,7.48384,7.67091,0,0
ARH_PE,D,20211019,000000,7.76449,7.85807,7.67091,7.76449,0,0
ARH_PE,D,20211020,000000,7.76449,7.85807,7.48384,7.67091,0,0
ARH_PE,D,20211021,000000,7.67091,7.85807,7.67091,7.85807,0,0
ARH_PE,D,20211022,000000,7.85807,8.13872,7.85807,8.04513,0,0
ARH_PE,D,20211025,000000,8.04513,8.32578,7.95155,8.32578,0,0
ARH_PE,D,20211026,000000,8.32578,8.41936,8.2322,8.32578,0,0
ARH_PE,D,20211027,000000,8.32578,8.32578,8.04513,8.13872,0,0
ARH_PE,D,20211028,000000,8.13872,8.13872,8.04513,8.04513,0,0
ARH_PE,D,20211029,000000,8.04513,8.04513,7.95155,7.95155,0,0
ARH_PE,D,20211102,000000,8.13872,8.2322,8.04513,8.04513,0,0
ARH_PE,D,20211103,000000,8.04513,8.13872,7.95155,7.95155,0,0
ARH_PE,D,20211104,000000,8.04513,8.04513,7.95155,7.95155,0,0
ARH_PE,D,20211105,000000,7.95155,7.95155,7.67091,7.85807,0,0
ARH_PE,D,20211108,000000,7.95155,7.95155,7.76449,7.85807,0,0
ARH_PE,D,20211109,000000,7.85807,7.95155,7.76449,7.76449,0,0
ARH_PE,D,20211110,000000,7.85807,7.85807,7.48384,7.48384,0,0
ARH_PE,D,20211112,000000,7.57743,8.13872,7.48384,7.57743,0,0
ARH_PE,D,20211115,000000,7.85807,7.85807,7.48384,7.57743,0,0
ARH_PE,D,20211116,000000,7.57743,7.67091,7.29678,7.29678,0,0
ARH_PE,D,20211117,000000,7.29678,7.29678,7.2032,7.29678,0,0
ARH_PE,D,20211118,000000,7.93064,7.93064,7.23671,7.23671,0,0
ARH_PE,D,20211119,000000,7.33584,7.33584,7.13757,7.23671,0,0
ARH_PE,D,20211122,000000,7.23671,7.23671,6.74104,6.93931,0,0
ARH_PE,D,20211123,000000,7.03844,7.03844,6.84017,6.84017,0,0
ARH_PE,D,20211124,000000,6.84017,6.93931,6.34451,6.34451,0,0
ARH_PE,D,20211125,000000,6.34451,6.44364,6.24538,6.34451,0,0
ARH_PE,D,20211126,000000,6.34451,6.44364,6.34451,6.34451,0,0
ARH_PE,D,20211129,000000,6.34451,6.34451,5.94798,6.34451,0,0
ARH_PE,D,20211130,000000,6.34451,6.34451,6.04711,6.24538,0,0
ARH_PE,D,20211201,000000,6.24538,6.54277,6.14624,6.34451,0,0
ARH_PE,D,20211202,000000,6.44364,6.64191,6.24538,6.64191,0,0
ARH_PE,D,20211203,000000,6.64191,6.74104,6.64191,6.64191,0,0
ARH_PE,D,20211206,000000,6.74104,6.84017,6.74104,6.74104,0,0
ARH_PE,D,20211207,000000,6.84017,6.84017,6.64191,6.84017,0,0
ARH_PE,D,20211208,000000,6.84017,6.84017,6.74104,6.74104,0,0
ARH_PE,D,20211209,000000,6.74104,6.93931,6.74104,6.74104,0,0
ARH_PE,D,20211210,000000,6.93931,6.93931,6.74104,6.74104,0,0
ARH_PE,D,20211213,000000,6.84017,6.84017,6.74104,6.74104,0,0
ARH_PE,D,20211214,000000,6.84017,6.84017,6.24538,6.64191,0,0
ARH_PE,D,20211215,000000,6.64191,6.64191,6.54277,6.54277,0,0
ARH_PE,D,20211216,000000,6.54277,6.54277,6.44364,6.44364,0,0
ARH_PE,D,20211217,000000,6.44364,6.44364,6.44364,6.44364,0,0
ARH_PE,D,20211220,000000,6.44364,6.54277,6.14624,6.54277,0,0
ARH_PE,D,20211221,000000,6.54277,6.74104,6.54277,6.64191,0,0
ARH_PE,D,20211222,000000,6.74104,6.84017,6.74104,6.84017,0,0
ARH_PE,D,20211223,000000,6.84017,6.93931,6.74104,6.93931,0,0
ARH_PE,D,20211227,000000,6.93931,6.93931,6.84017,6.93931,0,0
ARH_PE,D,20211228,000000,7.03844,7.43497,6.93931,7.23671,0,0
ARH_PE,D,20211229,000000,7.33584,7.43497,7.33584,7.43497,0,0
ARH_PE,D,20211230,000000,7.43497,7.43497,7.23671,7.23671,0,0
ARH_PE,D,20220103,000000,7.33584,7.43497,7.23671,7.23671,0,0
ARH_PE,D,20220104,000000,7.33584,7.33584,7.23671,7.33584,0,0
ARH_PE,D,20220105,000000,7.33584,7.43497,7.33584,7.33584,0,0
ARH_PE,D,20220107,000000,7.33584,7.33584,7.23671,7.23671,0,0
ARH_PE,D,20220110,000000,7.23671,7.43497,7.13757,7.23671,0,0
ARH_PE,D,20220111,000000,7.23671,7.33584,7.03844,7.33584,0,0
ARH_PE,D,20220112,000000,7.43497,7.5341,7.33584,7.33584,0,0
ARH_PE,D,20220113,000000,7.43497,7.43497,7.23671,7.33584,0,0
ARH_PE,D,20220114,000000,7.33584,7.33584,7.13757,7.23671,0,0
ARH_PE,D,20220117,000000,7.23671,7.23671,7.13757,7.13757,0,0
ARH_PE,D,20220118,000000,7.13757,7.33584,7.13757,7.23671,0,0
ARH_PE,D,20220119,000000,7.23671,7.33584,7.23671,7.33584,0,0
ARH_PE,D,20220120,000000,7.43497,7.43497,7.23671,7.33584,0,0
ARH_PE,D,20220121,000000,7.33584,7.43497,7.13757,7.33584,0,0
ARH_PE,D,20220124,000000,7.23671,7.43497,6.84017,6.84017,0,0
ARH_PE,D,20220125,000000,6.84017,6.93931,6.64191,6.84017,0,0
ARH_PE,D,20220126,000000,6.84017,6.84017,6.74104,6.74104,0,0
ARH_PE,D,20220127,000000,6.74104,6.74104,6.64191,6.74104,0,0
ARH_PE,D,20220128,000000,6.74104,6.93931,6.54277,6.54277,0,0
ARH_PE,D,20220131,000000,6.64191,6.74104,6.44364,6.54277,0,0
ARH_PE,D,20220201,000000,6.64191,6.74104,6.64191,6.74104,0,0
ARH_PE,D,20220202,000000,6.84017,6.93931,6.84017,6.93931,0,0
ARH_PE,D,20220203,000000,6.93931,6.93931,6.74104,6.84017,0,0
ARH_PE,D,20220204,000000,6.84017,7.03844,6.74104,6.93931,0,0
ARH_PE,D,20220207,000000,6.93931,6.93931,6.54277,6.84017,0,0
ARH_PE,D,20220208,000000,6.84017,7.03844,6.64191,6.74104,0,0
ARH_PE,D,20220209,000000,6.84017,6.84017,6.74104,6.74104,0,0
ARH_PE,D,20220210,000000,6.84017,6.93931,6.54277,6.54277,0,0
ARH_PE,D,20220211,000000,6.54277,6.54277,6.24538,6.44364,0,0
ARH_PE,D,20220214,000000,6.54277,6.54277,6.24538,6.34451,0,0
ARH_PE,D,20220215,000000,6.34451,6.34451,6.24538,6.34451,0,0
ARH_PE,D,20220216,000000,6.54277,6.54277,6.24538,6.24538,0,0
ARH_PE,D,20220217,000000,6.34451,6.34451,6.34451,6.34451,0,0
ARH_PE,D,20220218,000000,6.34451,6.54277,6.34451,6.44364,0,0
ARH_PE,D,20220221,000000,6.44364,6.44364,6.24538,6.24538,0,0
ARH_PE,D,20220222,000000,6.14624,6.24538,6.14624,6.14624,0,0
ARH_PE,D,20220223,000000,6.34451,6.34451,6.14624,6.34451,0,0
ARH_PE,D,20220224,000000,6.14624,6.34451,6.04711,6.04711,0,0
ARH_PE,D,20220225,000000,6.04711,6.24538,6.04711,6.24538,0,0
ARH_PE,D,20220228,000000,6.34451,6.34451,6.34451,6.34451,0,0
ARH_PE,D,20220301,000000,6.44364,6.54277,6.34451,6.54277,0,0
ARH_PE,D,20220302,000000,6.54277,6.64191,6.44364,6.54277,0,0
ARH_PE,D,20220303,000000,6.54277,6.74104,6.34451,6.74104,0,0
ARH_PE,D,20220304,000000,6.74104,6.74104,6.64191,6.64191,0,0
ARH_PE,D,20220307,000000,6.64191,6.74104,6.44364,6.54277,0,0
ARH_PE,D,20220308,000000,6.64191,6.64191,6.24538,6.24538,0,0
ARH_PE,D,20220309,000000,6.24538,6.34451,6.24538,6.34451,0,0
ARH_PE,D,20220310,000000,6.34451,6.34451,6.24538,6.34451,0,0
ARH_PE,D,20220311,000000,6.44364,6.74104,6.14624,6.44364,0,0
ARH_PE,D,20220314,000000,6.44364,6.64191,6.44364,6.44364,0,0
ARH_PE,D,20220315,000000,6.44364,6.44364,6.24538,6.44364,0,0
ARH_PE,D,20220316,000000,6.44364,6.54277,6.34451,6.54277,0,0
ARH_PE,D,20220317,000000,6.54277,6.54277,6.44364,6.44364,0,0
ARH_PE,D,20220318,000000,6.64191,6.64191,6.44364,6.44364,0,0
ARH_PE,D,20220321,000000,6.34451,6.54277,6.34451,6.34451,0,0
ARH_PE,D,20220322,000000,6.44364,6.54277,6.44364,6.44364,0,0
ARH_PE,D,20220323,000000,6.54277,6.54277,6.34451,6.54277,0,0
ARH_PE,D,20220324,000000,6.54277,6.54277,6.34451,6.54277,0,0
ARH_PE,D,20220325,000000,6.54277,6.54277,6.44364,6.44364,0,0
ARH_PE,D,20220328,000000,6.54277,6.54277,6.44364,6.44364,0,0
ARH_PE,D,20220329,000000,6.54277,6.64191,6.44364,6.44364,0,0
ARH_PE,D,20220331,000000,4.36185,4.46098,4.26272,4.36185,0,0
ARH_PE,D,20220401,000000,4.36185,4.36185,4.26272,4.36185,0,0
ARH_PE,D,20220404,000000,4.36185,4.36185,4.36185,4.36185,0,0
ARH_PE,D,20220405,000000,4.36185,4.46098,4.36185,4.46098,0,0
ARH_PE,D,20220406,000000,4.46098,4.46098,4.46098,4.46098,0,0
ARH_PE,D,20220407,000000,4.46098,4.56012,4.36185,4.46098,0,0
ARH_PE,D,20220408,000000,4.36185,4.46098,4.36185,4.36185,0,0
ARH_PE,D,20220411,000000,4.36185,4.56012,4.36185,4.56012,0,0
ARH_PE,D,20220412,000000,4.46098,4.56012,4.46098,4.46098,0,0
ARH_PE,D,20220413,000000,4.46098,4.56012,4.46098,4.56012,0,0
ARH_PE,D,20220414,000000,4.56012,4.75838,4.56012,4.65925,0,0
ARH_PE,D,20220419,000000,4.65925,4.65925,4.56012,4.56012,0,0
ARH_PE,D,20220420,000000,4.56012,4.56012,4.36185,4.36185,0,0
ARH_PE,D,20220421,000000,4.46098,4.46098,4.36185,4.36185,0,0
ARH_PE,D,20220422,000000,4.36185,4.36185,4.36185,4.36185,0,0
ARH_PE,D,20220425,000000,4.26272,4.26272,4.26272,4.26272,0,0
ARH_PE,D,20220426,000000,4.16358,4.36185,4.16358,4.36185,0,0
ARH_PE,D,20220427,000000,4.36185,4.36185,4.26272,4.26272,0,0
ARH_PE,D,20220428,000000,4.26272,4.36185,4.16358,4.36185,0,0
ARH_PE,D,20220429,000000,4.16358,4.36185,4.16358,4.26272,0,0
ARH_PE,D,20220502,000000,4.26272,4.26272,4.26272,4.26272,0,0
ARH_PE,D,20220504,000000,4.26272,4.26272,4.26272,4.26272,0,0
ARH_PE,D,20220505,000000,4.26272,4.26272,4.26272,4.26272,0,0
ARH_PE,D,20220506,000000,4.26272,4.26272,4.26272,4.26272,0,0
ARH_PE,D,20220509,000000,4.26272,4.26272,3.96532,4.06445,0,0
ARH_PE,D,20220510,000000,3.96532,4.16358,3.96532,3.96532,0,0
ARH_PE,D,20220511,000000,3.96532,3.96532,3.86618,3.96532,0,0
ARH_PE,D,20220512,000000,4.16358,4.16358,3.96532,4.06445,0,0
ARH_PE,D,20220513,000000,4.06445,4.06445,3.86618,3.96532,0,0
ARH_PE,D,20220516,000000,3.96532,3.96532,3.86618,3.86618,0,0
ARH_PE,D,20220517,000000,3.86618,4.16358,3.86618,4.16358,0,0
ARH_PE,D,20220518,000000,4.06445,4.06445,3.96532,3.96532,0,0
ARH_PE,D,20220519,000000,3.96532,3.96532,3.86618,3.86618,0,0
ARH_PE,D,20220520,000000,3.86618,3.96532,3.76705,3.86618,0,0
ARH_PE,D,20220523,000000,3.86618,3.96532,3.86618,3.96532,0,0
ARH_PE,D,20220524,000000,4.06445,4.16358,3.27139,3.27139,0,0
ARH_PE,D,20220525,000000,3.27139,3.27139,3.17225,3.27139,0,0
ARH_PE,D,20220526,000000,3.17225,3.17225,3.17225,3.17225,0,0
ARH_PE,D,20220527,000000,3.17225,3.27139,3.17225,3.27139,0,0
ARH_PE,D,20220530,000000,3.17225,3.27139,3.17225,3.17225,0,0
ARH_PE,D,20220531,000000,3.17225,3.17225,3.17225,3.17225,0,0
ARH_PE,D,20220601,000000,3.17225,3.17225,3.17225,3.17225,0,0
ARH_PE,D,20220602,000000,3.17225,3.17225,3.07312,3.17225,0,0
ARH_PE,D,20220603,000000,3.07312,3.17225,3.07312,3.07312,0,0
ARH_PE,D,20220606,000000,3.07312,3.17225,3.07312,3.17225,0,0
ARH_PE,D,20220607,000000,3.07312,3.17225,3.07312,3.07312,0,0
ARH_PE,D,20220608,000000,3.17225,3.17225,3.17225,3.17225,0,0
ARH_PE,D,20220609,000000,3.07312,3.17225,3.07312,3.17225,0,0
ARH_PE,D,20220610,000000,3.17225,3.17225,3.07312,3.07312,0,0
ARH_PE,D,20220613,000000,2.97399,3.07312,2.87486,3.07312,0,0
ARH_PE,D,20220614,000000,3.07312,3.27139,3.07312,3.27139,0,0
ARH_PE,D,20220615,000000,3.17225,3.46965,3.17225,3.46965,0,0
ARH_PE,D,20220617,000000,3.37052,3.37052,3.37052,3.37052,0,0
ARH_PE,D,20220620,000000,3.37052,3.37052,3.27139,3.27139,0,0
ARH_PE,D,20220622,000000,3.27139,3.27139,3.07312,3.17225,0,0
ARH_PE,D,20220623,000000,3.17225,3.17225,3.17225,3.17225,0,0
ARH_PE,D,20220624,000000,3.17225,3.17225,3.17225,3.17225,0,0
ARH_PE,D,20220627,000000,3.17225,3.17225,3.17225,3.17225,0,0
ARH_PE,D,20220628,000000,3.27139,3.27139,3.17225,3.17225,0,0
ARH_PE,D,20220629,000000,3.17225,3.17225,3.07312,3.07312,0,0
ARH_PE,D,20220630,000000,3.17225,3.17225,3.07312,3.07312,0,0
ARH_PE,D,20220701,000000,3.07312,3.17225,3.07312,3.17225,0,0
ARH_PE,D,20220704,000000,3.07312,3.17225,3.07312,3.17225,0,0
ARH_PE,D,20220705,000000,3.17225,3.17225,3.17225,3.17225,0,0
ARH_PE,D,20220706,000000,3.17225,3.17225,3.07312,3.07312,0,0
ARH_PE,D,20220707,000000,3.07312,3.17225,3.07312,3.17225,0,0
ARH_PE,D,20220708,000000,3.17225,3.27139,3.17225,3.27139,0,0
ARH_PE,D,20220711,000000,3.27139,3.27139,3.17225,3.17225,0,0
ARH_PE,D,20220712,000000,3.17225,3.27139,3.07312,3.07312,0,0
ARH_PE,D,20220713,000000,3.1,3.1,3,3,0,0
ARH_PE,D,20220714,000000,3,3,3,3,0,0
ARH_PE,D,20220715,000000,3,3,3,3,0,0
ARH_PE,D,20220718,000000,3,3,3,3,0,0
ARH_PE,D,20220719,000000,3,3,3,3,0,0
ARH_PE,D,20220720,000000,3.1,3.1,3,3,0,0
ARH_PE,D,20220722,000000,3,3,2.9,3,0,0
ARH_PE,D,20220725,000000,3,3,3,3,0,0
ARH_PE,D,20220727,000000,3.2,3.2,3.2,3.2,0,0
ARH_PE,D,20220728,000000,3.2,3.2,3.2,3.2,0,0
ARH_PE,D,20220729,000000,3.2,3.3,3.2,3.3,0,0
ARH_PE,D,20220801,000000,3.3,3.3,3.2,3.3,0,0
ARH_PE,D,20220802,000000,3.3,3.3,3.3,3.3,0,0
ARH_PE,D,20220803,000000,3.2,3.3,3.2,3.3,0,0
ARH_PE,D,20220804,000000,3.3,3.3,3.3,3.3,0,0
ARH_PE,D,20220805,000000,3.3,3.3,3.3,3.3,0,0
ARH_PE,D,20220808,000000,3.3,3.3,3.2,3.2,0,0
ARH_PE,D,20220809,000000,3.2,3.3,3.2,3.3,0,0
ARH_PE,D,20220810,000000,3.3,3.3,3.3,3.3,0,0
ARH_PE,D,20220811,000000,3.3,3.3,3.3,3.3,0,0
ARH_PE,D,20220812,000000,3.3,3.3,3.3,3.3,0,0
ARH_PE,D,20220816,000000,3.3,3.3,3.3,3.3,0,0
ARH_PE,D,20220817,000000,3.3,3.3,3.3,3.3,0,0
ARH_PE,D,20220818,000000,3.3,3.3,3.3,3.3,0,0
ARH_PE,D,20220819,000000,3.3,3.3,3.3,3.3,0,0
ARH_PE,D,20220822,000000,3.3,3.3,3.3,3.3,0,0
ARH_PE,D,20220823,000000,3.3,3.4,3.3,3.3,0,0
ARH_PE,D,20220824,000000,3.3,3.3,3.2,3.3,0,0
ARH_PE,D,20220825,000000,3.3,3.3,3.3,3.3,0,0
ARH_PE,D,20220826,000000,3.3,3.3,3.3,3.3,0,0
ARH_PE,D,20220829,000000,3.3,3.3,3.3,3.3,0,0
ARH_PE,D,20220830,000000,3.3,3.3,3.3,3.3,0,0
ARH_PE,D,20220831,000000,3.3,3.3,3.3,3.3,0,0
ARH_PE,D,20220901,000000,3.3,3.3,3.3,3.3,0,0
ARH_PE,D,20220902,000000,3.3,3.3,3.3,3.3,0,0
ARH_PE,D,20220905,000000,3.3,3.3,3.3,3.3,0,0
