<TICKER>,<PER>,<DATE>,<TIME>,<OPEN>,<HIGH>,<LOW>,<CLOSE>,<VOL>,<OPENINT>
ART_PE,D,20161117,000000,37.3,37.3,37.3,37.3,0,0
ART_PE,D,20161118,000000,38.7,39.1,37.2,37.2,0,0
ART_PE,D,20161121,000000,36.5,38.3,36.5,38.3,0,0
ART_PE,D,20161122,000000,38.5,38.5,37.9,38.3,0,0
ART_PE,D,20161123,000000,38.3,38.3,37.2,38.2,0,0
ART_PE,D,20161124,000000,37.4,40.1,37.4,39.9,0,0
ART_PE,D,20161125,000000,40.1,40.1,38.6,38.6,0,0
ART_PE,D,20161128,000000,38.4,38.4,38.2,38.2,0,0
ART_PE,D,20161129,000000,38.8,38.8,37.3,37.3,0,0
ART_PE,D,20161130,000000,38.1,38.2,37.3,38.2,0,0
ART_PE,D,20161201,000000,38.4,38.4,38,38.3,0,0
ART_PE,D,20161202,000000,38.4,38.4,37.4,38.2,0,0
ART_PE,D,20161205,000000,38.2,38.2,34.1,34.1,0,0
ART_PE,D,20161206,000000,34.5,34.5,32.6,32.6,0,0
ART_PE,D,20161207,000000,32.8,32.8,32.3,32.3,0,0
ART_PE,D,20161208,000000,32.3,33.6,30.4,33.6,0,0
ART_PE,D,20161209,000000,33.6,33.6,32.5,33,0,0
ART_PE,D,20161212,000000,32.8,33.6,32.1,33.6,0,0
ART_PE,D,20161213,000000,33.6,34.4,33,34.2,0,0
ART_PE,D,20161214,000000,34.3,34.3,33.7,34.2,0,0
ART_PE,D,20161215,000000,33.9,34.3,33.7,34.2,0,0
ART_PE,D,20161216,000000,34.3,34.3,32.3,33.8,0,0
ART_PE,D,20161219,000000,34,34,33.8,34,0,0
ART_PE,D,20161220,000000,34,34,33.4,33.8,0,0
ART_PE,D,20161221,000000,33.8,35.5,33.1,35.5,0,0
ART_PE,D,20161222,000000,34.7,36.9,34.7,35.5,0,0
ART_PE,D,20161223,000000,35.5,35.5,35.5,35.5,0,0
ART_PE,D,20161227,000000,35.5,35.5,35.2,35.5,0,0
ART_PE,D,20161228,000000,35.5,36.3,35.2,35.5,0,0
ART_PE,D,20161229,000000,35.5,36.3,35.5,36.1,0,0
ART_PE,D,20161230,000000,36.2,36.2,35.3,36.2,0,0
ART_PE,D,20170102,000000,36.2,36.2,35.5,36.2,0,0
ART_PE,D,20170103,000000,36.2,36.2,35.8,35.9,0,0
ART_PE,D,20170104,000000,36.2,36.3,34.5,36.3,0,0
ART_PE,D,20170105,000000,36.3,36.3,35.3,35.3,0,0
ART_PE,D,20170109,000000,35.3,35.5,35.3,35.5,0,0
ART_PE,D,20170110,000000,35.4,35.4,34.4,34.5,0,0
ART_PE,D,20170111,000000,35.3,35.3,35.1,35.1,0,0
ART_PE,D,20170112,000000,35.1,35.3,34.3,34.5,0,0
ART_PE,D,20170113,000000,35.1,35.1,35.1,35.1,0,0
ART_PE,D,20170116,000000,35,35,34.8,34.8,0,0
ART_PE,D,20170117,000000,35,35,34.6,34.7,0,0
ART_PE,D,20170118,000000,34.1,34.3,34.1,34.3,0,0
ART_PE,D,20170119,000000,34.7,34.7,33.3,34,0,0
ART_PE,D,20170120,000000,34.2,34.4,31.1,33.1,0,0
ART_PE,D,20170123,000000,33.1,33.9,33.1,33.8,0,0
ART_PE,D,20170124,000000,33,33.8,33,33.8,0,0
ART_PE,D,20170125,000000,33.8,35.4,32.9,35.4,0,0
ART_PE,D,20170126,000000,34.1,35.1,34.1,35.1,0,0
ART_PE,D,20170127,000000,35.4,35.4,33.8,33.8,0,0
ART_PE,D,20170130,000000,35.2,35.2,34.5,34.8,0,0
ART_PE,D,20170131,000000,34.8,34.8,33.2,33.2,0,0
ART_PE,D,20170201,000000,33,34.5,33,34.5,0,0
ART_PE,D,20170202,000000,35.3,35.3,33.8,33.9,0,0
ART_PE,D,20170203,000000,35,35,33.5,33.5,0,0
ART_PE,D,20170206,000000,34.9,34.9,34.3,34.3,0,0
ART_PE,D,20170207,000000,34,34,33.9,33.9,0,0
ART_PE,D,20170208,000000,34.9,34.9,33,33.7,0,0
ART_PE,D,20170209,000000,33.7,33.7,33.1,33.5,0,0
ART_PE,D,20170210,000000,33.5,33.8,33,33.7,0,0
ART_PE,D,20170213,000000,33.7,33.7,33,33.7,0,0
ART_PE,D,20170214,000000,33.7,33.9,33.2,33.8,0,0
ART_PE,D,20170215,000000,33.8,34.6,33.3,34.6,0,0
ART_PE,D,20170216,000000,34.5,34.5,33.9,34.3,0,0
ART_PE,D,20170217,000000,34.3,34.3,33.2,33.4,0,0
ART_PE,D,20170220,000000,33.1,34.3,33.1,33.9,0,0
ART_PE,D,20170221,000000,34.4,36.6,33.9,36.3,0,0
ART_PE,D,20170222,000000,35.5,37.9,35.5,37.9,0,0
ART_PE,D,20170223,000000,38,38.4,37.3,38.3,0,0
ART_PE,D,20170224,000000,38.2,38.3,36.4,37.1,0,0
ART_PE,D,20170227,000000,37.1,37.3,36.5,36.9,0,0
ART_PE,D,20170228,000000,36.9,36.9,36.3,36.5,0,0
ART_PE,D,20170301,000000,36.5,36.6,36,36.4,0,0
ART_PE,D,20170302,000000,36.9,36.9,36.4,36.4,0,0
ART_PE,D,20170303,000000,36.6,36.8,36.6,36.6,0,0
ART_PE,D,20170306,000000,36.6,36.6,35.5,36.6,0,0
ART_PE,D,20170307,000000,36.3,36.3,34.9,35.5,0,0
ART_PE,D,20170308,000000,35.5,35.5,35,35.5,0,0
ART_PE,D,20170309,000000,35,35.5,35,35.5,0,0
ART_PE,D,20170310,000000,35.5,35.5,34.5,35.4,0,0
ART_PE,D,20170313,000000,35.4,35.4,33.6,33.7,0,0
ART_PE,D,20170314,000000,33.7,33.7,32.2,32.2,0,0
ART_PE,D,20170315,000000,32.2,32.6,31.3,31.9,0,0
ART_PE,D,20170316,000000,34.1,34.1,32,33.4,0,0
ART_PE,D,20170317,000000,33.4,33.4,32.3,32.6,0,0
ART_PE,D,20170320,000000,33.3,33.3,32.2,32.7,0,0
ART_PE,D,20170321,000000,33.2,33.2,31.8,31.8,0,0
ART_PE,D,20170322,000000,31.9,31.9,31.9,31.9,0,0
ART_PE,D,20170323,000000,32.9,32.9,31.7,32.2,0,0
ART_PE,D,20170324,000000,32.6,32.6,31.8,32.6,0,0
ART_PE,D,20170327,000000,32.6,32.6,32.5,32.5,0,0
ART_PE,D,20170328,000000,32.5,32.8,31.9,32.2,0,0
ART_PE,D,20170329,000000,32.7,32.7,32.2,32.2,0,0
ART_PE,D,20170330,000000,33.1,33.1,32,32.2,0,0
ART_PE,D,20170331,000000,33,33,31.8,32.9,0,0
ART_PE,D,20170403,000000,32.9,33.1,32.1,33.1,0,0
ART_PE,D,20170404,000000,33.1,33.1,33,33.1,0,0
ART_PE,D,20170405,000000,33.1,33.1,33,33.1,0,0
ART_PE,D,20170406,000000,32.3,35.7,30,35.7,0,0
ART_PE,D,20170407,000000,36.6,36.6,35.7,36.5,0,0
ART_PE,D,20170410,000000,36.9,36.9,35.2,35.7,0,0
ART_PE,D,20170411,000000,35.7,35.7,33.2,33.8,0,0
ART_PE,D,20170412,000000,35.6,35.6,32.3,33.5,0,0
ART_PE,D,20170413,000000,33.5,33.8,33.5,33.8,0,0
ART_PE,D,20170418,000000,33.8,33.8,33.1,33.8,0,0
ART_PE,D,20170419,000000,33.8,33.8,32.2,32.8,0,0
ART_PE,D,20170420,000000,32.2,32.9,31.9,32.9,0,0
ART_PE,D,20170421,000000,34.4,34.4,32,32.3,0,0
ART_PE,D,20170424,000000,32.1,33.8,32.1,33.8,0,0
ART_PE,D,20170425,000000,33.8,34.5,33,33.3,0,0
ART_PE,D,20170426,000000,33.9,33.9,32,32.2,0,0
ART_PE,D,20170427,000000,32.3,32.5,31.8,32.2,0,0
ART_PE,D,20170428,000000,32.7,33.1,30.1,30.6,0,0
ART_PE,D,20170502,000000,30.6,31,30,31,0,0
ART_PE,D,20170504,000000,31.2,31.9,30.7,31.9,0,0
ART_PE,D,20170505,000000,31.9,31.9,30.6,31.7,0,0
ART_PE,D,20170508,000000,31.7,31.7,31.5,31.5,0,0
ART_PE,D,20170509,000000,31.5,31.5,29.1,29.1,0,0
ART_PE,D,20170510,000000,31,31,27.9,28.2,0,0
ART_PE,D,20170511,000000,31,31,28.1,28.1,0,0
ART_PE,D,20170512,000000,28.6,28.6,27.2,28.6,0,0
ART_PE,D,20170515,000000,29.2,29.2,27.8,29.1,0,0
ART_PE,D,20170516,000000,29.1,29.1,27.4,28.2,0,0
ART_PE,D,20170517,000000,28.2,28.2,27.4,28.2,0,0
ART_PE,D,20170518,000000,27.4,28.2,27.4,27.4,0,0
ART_PE,D,20170519,000000,29.1,29.1,27.4,29.1,0,0
ART_PE,D,20170522,000000,29.1,29.1,28.2,28.8,0,0
ART_PE,D,20170523,000000,29,29.6,26.9,26.9,0,0
ART_PE,D,20170524,000000,26.9,27.2,26.9,27.2,0,0
ART_PE,D,20170525,000000,28.1,28.1,27.2,27.2,0,0
ART_PE,D,20170526,000000,26.5,27.2,26.5,27.2,0,0
ART_PE,D,20170529,000000,27.2,27.2,26.2,26.2,0,0
ART_PE,D,20170530,000000,27.2,27.2,26.2,26.2,0,0
ART_PE,D,20170531,000000,27.2,27.2,26.1,27.2,0,0
ART_PE,D,20170601,000000,27.2,27.2,26.1,26.3,0,0
ART_PE,D,20170602,000000,26.3,26.3,25.6,26.1,0,0
ART_PE,D,20170605,000000,26.4,26.4,25.1,25.6,0,0
ART_PE,D,20170606,000000,26.1,26.2,26.1,26.2,0,0
ART_PE,D,20170607,000000,26.4,26.4,26.3,26.3,0,0
ART_PE,D,20170608,000000,26.3,26.3,26.3,26.3,0,0
ART_PE,D,20170609,000000,26.3,26.3,25.4,26.3,0,0
ART_PE,D,20170612,000000,26.3,26.3,26.1,26.2,0,0
ART_PE,D,20170613,000000,25.2,25.2,24.4,24.4,0,0
ART_PE,D,20170614,000000,23.2,24,22.1,22.2,0,0
ART_PE,D,20170616,000000,23.8,25.3,23.2,24.6,0,0
ART_PE,D,20170619,000000,23.1,24.6,23.1,24.6,0,0
ART_PE,D,20170620,000000,25.1,25.1,23.8,23.8,0,0
ART_PE,D,20170621,000000,25.2,25.2,23.8,24,0,0
ART_PE,D,20170622,000000,24,24,23.8,24,0,0
ART_PE,D,20170623,000000,24.8,24.8,23.6,24.6,0,0
ART_PE,D,20170626,000000,25.1,25.1,23.8,24.3,0,0
ART_PE,D,20170627,000000,24.9,24.9,23.3,24.6,0,0
ART_PE,D,20170628,000000,24.5,24.5,23.3,23.8,0,0
ART_PE,D,20170629,000000,24.6,24.6,23.4,24.5,0,0
ART_PE,D,20170630,000000,24.5,24.5,23.8,23.8,0,0
ART_PE,D,20170703,000000,23.6,23.6,22.9,22.9,0,0
ART_PE,D,20170704,000000,23.7,23.7,22.3,22.3,0,0
ART_PE,D,20170705,000000,22.1,22.4,22,22.1,0,0
ART_PE,D,20170706,000000,22.4,22.4,22.1,22.1,0,0
ART_PE,D,20170707,000000,22.1,22.1,21.6,22.1,0,0
ART_PE,D,20170710,000000,21.8,22.4,21.8,22.4,0,0
ART_PE,D,20170711,000000,23.1,23.1,22.3,22.4,0,0
ART_PE,D,20170712,000000,23.2,23.2,23.1,23.1,0,0
ART_PE,D,20170713,000000,23.1,23.1,22.9,22.9,0,0
ART_PE,D,20170714,000000,22.9,22.9,21.7,22.1,0,0
ART_PE,D,20170717,000000,21.7,21.7,21.7,21.7,0,0
ART_PE,D,20170718,000000,21.9,22.2,21.8,22.1,0,0
ART_PE,D,20170719,000000,22.9,22.9,22.6,22.6,0,0
ART_PE,D,20170720,000000,22.9,22.9,22.6,22.8,0,0
ART_PE,D,20170721,000000,22.9,22.9,22.8,22.9,0,0
ART_PE,D,20170724,000000,23,23,22.5,22.9,0,0
ART_PE,D,20170725,000000,22.9,22.9,22.4,22.8,0,0
ART_PE,D,20170726,000000,23,23,22,22.9,0,0
ART_PE,D,20170727,000000,22.9,22.9,21.9,22.8,0,0
ART_PE,D,20170728,000000,22.9,22.9,22,22.8,0,0
ART_PE,D,20170731,000000,22.8,22.8,21.6,21.6,0,0
ART_PE,D,20170801,000000,22.8,22.8,21.5,22.1,0,0
ART_PE,D,20170802,000000,22.8,22.8,22.4,22.4,0,0
ART_PE,D,20170803,000000,22.4,22.4,22,22.1,0,0
ART_PE,D,20170804,000000,22.1,22.5,21.6,22.4,0,0
ART_PE,D,20170807,000000,22.4,22.4,22.1,22.4,0,0
ART_PE,D,20170808,000000,22.4,22.4,21.5,22.3,0,0
ART_PE,D,20170809,000000,22.1,22.4,21.5,22.4,0,0
ART_PE,D,20170810,000000,22.4,22.4,22.2,22.2,0,0
ART_PE,D,20170811,000000,22.4,22.4,21.6,22.2,0,0
ART_PE,D,20170814,000000,22.4,23,22.4,22.9,0,0
ART_PE,D,20170816,000000,22.9,24.3,22.9,24.3,0,0
ART_PE,D,20170817,000000,25.1,25.1,23.8,24.3,0,0
ART_PE,D,20170818,000000,24.6,24.6,23.1,23.8,0,0
ART_PE,D,20170821,000000,23.8,23.8,23,23.8,0,0
ART_PE,D,20170822,000000,23.8,23.8,23.1,23.6,0,0
ART_PE,D,20170823,000000,23.8,23.8,22.9,22.9,0,0
ART_PE,D,20170824,000000,23.7,23.7,23.4,23.7,0,0
ART_PE,D,20170825,000000,23.8,23.8,22.3,23.3,0,0
ART_PE,D,20170828,000000,23.3,23.3,22.3,22.8,0,0
ART_PE,D,20170829,000000,22.8,22.8,22.8,22.8,0,0
ART_PE,D,20170830,000000,22.4,22.4,22.4,22.4,0,0
ART_PE,D,20170831,000000,22.6,23.4,22.6,23.3,0,0
ART_PE,D,20170901,000000,23.7,23.7,22.5,22.9,0,0
ART_PE,D,20170904,000000,23.3,23.3,23.2,23.2,0,0
ART_PE,D,20170905,000000,23.2,23.2,22.3,22.9,0,0
ART_PE,D,20170906,000000,23.7,23.7,22.9,22.9,0,0
ART_PE,D,20170907,000000,22.9,22.9,22.1,22.5,0,0
ART_PE,D,20170908,000000,22.1,22.1,22.1,22.1,0,0
ART_PE,D,20170911,000000,22.9,22.9,22,22,0,0
ART_PE,D,20170912,000000,21.6,22.1,21.6,22.1,0,0
ART_PE,D,20170913,000000,22.4,22.4,21.2,21.2,0,0
ART_PE,D,20170914,000000,21.4,21.4,20.4,20.9,0,0
ART_PE,D,20170915,000000,20.5,20.7,19.6,20.4,0,0
ART_PE,D,20170918,000000,19.9,24.1,18.1,24.1,0,0
ART_PE,D,20170919,000000,24.1,24.1,21.7,21.7,0,0
ART_PE,D,20170920,000000,21.4,21.4,19.3,19.8,0,0
ART_PE,D,20170921,000000,19.8,19.9,19.3,19.9,0,0
ART_PE,D,20170922,000000,19.7,20.5,19.7,19.9,0,0
ART_PE,D,20170925,000000,20.1,20.8,19.1,19.9,0,0
ART_PE,D,20170926,000000,19.7,19.7,18.8,18.8,0,0
ART_PE,D,20170927,000000,18.9,19.3,18.9,19.3,0,0
ART_PE,D,20170928,000000,19.3,19.3,19.3,19.3,0,0
ART_PE,D,20170929,000000,19.7,19.7,19.7,19.7,0,0
ART_PE,D,20171002,000000,19.8,19.9,19.8,19.9,0,0
ART_PE,D,20171003,000000,19.9,20,19.1,19.1,0,0
ART_PE,D,20171004,000000,18.3,19.9,17,19.9,0,0
ART_PE,D,20171005,000000,20.4,20.4,19.2,19.9,0,0
ART_PE,D,20171006,000000,19.3,20.2,19.3,19.9,0,0
ART_PE,D,20171009,000000,19.9,19.9,19.8,19.8,0,0
ART_PE,D,20171010,000000,19.9,19.9,18.9,19.4,0,0
ART_PE,D,20171011,000000,19.4,19.9,19.1,19.2,0,0
ART_PE,D,20171012,000000,18.9,19.1,18.6,19.1,0,0
ART_PE,D,20171013,000000,18.6,19.2,18.6,19,0,0
ART_PE,D,20171016,000000,18.8,19,18.8,18.9,0,0
ART_PE,D,20171017,000000,18.9,18.9,18.5,18.8,0,0
ART_PE,D,20171018,000000,18.8,18.8,18.8,18.8,0,0
ART_PE,D,20171019,000000,18.8,18.8,18.6,18.6,0,0
ART_PE,D,20171020,000000,18.6,19.3,18.4,19.3,0,0
ART_PE,D,20171023,000000,19.7,19.7,19.2,19.2,0,0
ART_PE,D,20171024,000000,19.2,19.2,18.8,18.8,0,0
ART_PE,D,20171025,000000,18.8,19,18.8,18.9,0,0
ART_PE,D,20171026,000000,18.8,19.1,18.2,19.1,0,0
ART_PE,D,20171027,000000,19.2,19.2,19.1,19.2,0,0
ART_PE,D,20171030,000000,19.2,19.2,19.1,19.2,0,0
ART_PE,D,20171031,000000,19.2,19.2,18.7,18.8,0,0
ART_PE,D,20171102,000000,18.8,18.8,18.2,18.2,0,0
ART_PE,D,20171103,000000,18.8,18.8,18.2,18.8,0,0
ART_PE,D,20171106,000000,19.1,19.1,18.6,18.6,0,0
ART_PE,D,20171107,000000,18.6,18.6,18.5,18.6,0,0
ART_PE,D,20171108,000000,18.6,19.4,18.6,18.7,0,0
ART_PE,D,20171109,000000,19.2,19.4,17.8,17.8,0,0
ART_PE,D,20171110,000000,17.8,17.8,17.3,17.5,0,0
ART_PE,D,20171113,000000,17.2,17.5,16.1,16.7,0,0
ART_PE,D,20171114,000000,16.1,17.5,16.1,17.2,0,0
ART_PE,D,20171115,000000,17.2,18.9,17.2,18.4,0,0
ART_PE,D,20171116,000000,18.9,18.9,18.1,18.8,0,0
ART_PE,D,20171117,000000,19.1,20.6,18.6,20.5,0,0
ART_PE,D,20171120,000000,22.7,22.7,20.5,21.6,0,0
ART_PE,D,20171121,000000,21.5,21.5,21.1,21.1,0,0
ART_PE,D,20171122,000000,20.9,21.1,19.9,20.7,0,0
ART_PE,D,20171123,000000,20.8,21.2,20.5,20.7,0,0
ART_PE,D,20171124,000000,20,27.5,18.3,27.5,0,0
ART_PE,D,20171127,000000,28.8,28.8,26.4,27.8,0,0
ART_PE,D,20171128,000000,27.8,27.8,25.8,26.3,0,0
ART_PE,D,20171129,000000,26.6,27.1,24,24.5,0,0
ART_PE,D,20171130,000000,24.2,25.1,24,24,0,0
ART_PE,D,20171201,000000,24.5,25,24.5,25,0,0
ART_PE,D,20171204,000000,25,26.3,25,25.4,0,0
ART_PE,D,20171205,000000,26.3,26.3,25.9,25.9,0,0
ART_PE,D,20171206,000000,26.2,26.2,25.2,25.7,0,0
ART_PE,D,20171207,000000,26.2,26.9,26.2,26.9,0,0
ART_PE,D,20171208,000000,27.1,27.2,26.1,27,0,0
ART_PE,D,20171211,000000,27,27,25.9,25.9,0,0
ART_PE,D,20171212,000000,25.9,25.9,25.8,25.9,0,0
ART_PE,D,20171213,000000,26,26,25.1,25.9,0,0
ART_PE,D,20171214,000000,25.9,25.9,24.4,25.7,0,0
ART_PE,D,20171215,000000,25.9,25.9,25.1,25.1,0,0
ART_PE,D,20171218,000000,25.1,25.6,25.1,25.1,0,0
ART_PE,D,20171219,000000,25.1,25.6,25.1,25.1,0,0
ART_PE,D,20171220,000000,25.1,25.4,25,25.4,0,0
ART_PE,D,20171221,000000,25.4,26,25.1,26,0,0
ART_PE,D,20171222,000000,25.9,26,25.4,25.9,0,0
ART_PE,D,20171227,000000,26,26,25.1,25.6,0,0
ART_PE,D,20171228,000000,25.6,26,25.6,25.7,0,0
ART_PE,D,20171229,000000,25.7,25.9,24.8,24.8,0,0
ART_PE,D,20180103,000000,25,25,24.6,24.8,0,0
ART_PE,D,20180104,000000,24.8,24.8,24.4,24.8,0,0
ART_PE,D,20180105,000000,24.2,24.8,24.2,24.8,0,0
ART_PE,D,20180108,000000,26.3,26.3,25.4,25.4,0,0
ART_PE,D,20180109,000000,25.4,26.3,25.4,26.2,0,0
ART_PE,D,20180110,000000,26.2,26.9,25.9,26.9,0,0
ART_PE,D,20180111,000000,26.9,27.9,26.9,27.9,0,0
ART_PE,D,20180112,000000,28,31.4,28,30.3,0,0
ART_PE,D,20180115,000000,31.8,33.5,29.3,29.6,0,0
ART_PE,D,20180116,000000,29.6,29.6,29.3,29.4,0,0
ART_PE,D,20180117,000000,29.4,29.6,29.4,29.6,0,0
ART_PE,D,20180118,000000,29.6,30,29.6,29.7,0,0
ART_PE,D,20180119,000000,29.7,30,29.6,30,0,0
ART_PE,D,20180122,000000,29.9,29.9,29.7,29.9,0,0
ART_PE,D,20180123,000000,30,30,29.3,29.7,0,0
ART_PE,D,20180124,000000,29.9,29.9,29.1,29.4,0,0
ART_PE,D,20180125,000000,30,30,29.1,29.1,0,0
ART_PE,D,20180126,000000,29.2,29.2,29.1,29.1,0,0
ART_PE,D,20180129,000000,30,30,27.8,28.5,0,0
ART_PE,D,20180130,000000,28.6,28.7,28.5,28.5,0,0
ART_PE,D,20180131,000000,29,29.4,28.6,28.6,0,0
ART_PE,D,20180201,000000,28.4,29.1,28.4,29,0,0
ART_PE,D,20180202,000000,28.2,30.5,28.1,30,0,0
ART_PE,D,20180205,000000,30,30,29.1,29.1,0,0
ART_PE,D,20180206,000000,29,30.1,28.1,28.1,0,0
ART_PE,D,20180207,000000,28.1,29.4,28.1,29.4,0,0
ART_PE,D,20180208,000000,29.3,29.3,29.3,29.3,0,0
ART_PE,D,20180209,000000,28.7,29.3,28.2,28.3,0,0
ART_PE,D,20180212,000000,28.2,29.2,27.9,29.1,0,0
ART_PE,D,20180213,000000,29,29,27.1,28.1,0,0
ART_PE,D,20180214,000000,28.9,28.9,27,28.1,0,0
ART_PE,D,20180215,000000,28.8,28.8,27.5,27.8,0,0
ART_PE,D,20180216,000000,27.7,27.7,27.2,27.5,0,0
ART_PE,D,20180219,000000,27.5,27.8,27.5,27.8,0,0
ART_PE,D,20180220,000000,27.8,27.8,27.8,27.8,0,0
ART_PE,D,20180221,000000,28.7,28.7,26.9,27,0,0
ART_PE,D,20180222,000000,27,27.6,27,27.6,0,0
ART_PE,D,20180223,000000,28.9,28.9,27.6,28.8,0,0
ART_PE,D,20180226,000000,28.9,28.9,26.2,26.2,0,0
ART_PE,D,20180227,000000,26.3,26.3,26.2,26.3,0,0
ART_PE,D,20180228,000000,26.2,27.2,26.2,27.2,0,0
ART_PE,D,20180301,000000,26.5,26.9,26.5,26.7,0,0
ART_PE,D,20180302,000000,27.3,27.3,27.3,27.3,0,0
ART_PE,D,20180305,000000,27.3,27.3,26.3,26.3,0,0
ART_PE,D,20180306,000000,27.3,27.3,26.3,27.3,0,0
ART_PE,D,20180307,000000,27.3,27.5,27.3,27.5,0,0
ART_PE,D,20180308,000000,28.4,28.4,27.5,27.5,0,0
ART_PE,D,20180309,000000,27.5,27.5,27.5,27.5,0,0
ART_PE,D,20180312,000000,28.7,29.9,27.2,29.2,0,0
ART_PE,D,20180313,000000,29,29.3,28.5,28.8,0,0
ART_PE,D,20180314,000000,30,30,29.1,29.6,0,0
ART_PE,D,20180315,000000,29.5,29.5,28.5,28.5,0,0
ART_PE,D,20180316,000000,29.6,29.6,28.3,28.4,0,0
ART_PE,D,20180319,000000,28.5,28.5,28.5,28.5,0,0
ART_PE,D,20180320,000000,30,30,28.6,28.6,0,0
ART_PE,D,20180321,000000,29.9,29.9,28.7,28.7,0,0
ART_PE,D,20180322,000000,28.2,28.2,28.1,28.1,0,0
ART_PE,D,20180323,000000,27.5,28.1,27.5,27.5,0,0
ART_PE,D,20180326,000000,28.1,28.1,26.8,26.8,0,0
ART_PE,D,20180327,000000,25.8,26.8,25.3,26.8,0,0
ART_PE,D,20180328,000000,28.1,28.1,28.1,28.1,0,0
ART_PE,D,20180329,000000,28.1,28.1,26.8,26.8,0,0
ART_PE,D,20180403,000000,28.1,28.1,26.4,26.4,0,0
ART_PE,D,20180404,000000,26.4,26.4,26,26,0,0
ART_PE,D,20180405,000000,25.2,26.6,25.2,26.6,0,0
ART_PE,D,20180406,000000,28.1,28.1,27.5,27.5,0,0
ART_PE,D,20180409,000000,27.4,27.4,25.6,27.2,0,0
ART_PE,D,20180410,000000,28,28,27.1,27.2,0,0
ART_PE,D,20180411,000000,27.2,27.2,26.3,26.3,0,0
ART_PE,D,20210406,000000,22.5,22.5,22.5,22.5,0,0
ART_PE,D,20210407,000000,22.9,22.9,22.2,22.2,0,0
ART_PE,D,20210408,000000,22.5,22.8,22.3,22.8,0,0
ART_PE,D,20210409,000000,23,25.2,23,24.6,0,0
ART_PE,D,20210412,000000,24.6,25.4,24.6,24.8,0,0
ART_PE,D,20210413,000000,24.7,26.7,24.7,25.9,0,0
ART_PE,D,20210414,000000,26.2,27,25,25,0,0
ART_PE,D,20210415,000000,25.4,25.9,25.2,25.7,0,0
ART_PE,D,20210416,000000,26.7,27.2,26.4,26.6,0,0
ART_PE,D,20210419,000000,27.5,27.5,25.3,26,0,0
ART_PE,D,20210420,000000,26.3,26.6,25.4,25.9,0,0
ART_PE,D,20210421,000000,26,26,25.5,26,0,0
ART_PE,D,20210422,000000,26.3,26.3,25.9,26,0,0
ART_PE,D,20210423,000000,26.8,26.8,24.5,24.5,0,0
ART_PE,D,20210426,000000,24.8,25.5,23.1,25.2,0,0
ART_PE,D,20210427,000000,25.6,25.6,24.5,25.3,0,0
ART_PE,D,20210428,000000,25.6,25.6,24.7,25.4,0,0
ART_PE,D,20210429,000000,25.8,26,24.8,24.9,0,0
ART_PE,D,20210430,000000,25.3,25.5,23.6,23.6,0,0
ART_PE,D,20210504,000000,23.8,25,23.7,24.3,0,0
ART_PE,D,20210505,000000,24.2,24.7,23.8,24.7,0,0
ART_PE,D,20210506,000000,24.7,24.7,24.2,24.2,0,0
ART_PE,D,20210507,000000,24.2,24.9,22.5,24.5,0,0
ART_PE,D,20210510,000000,24.6,25.8,24.5,25.2,0,0
ART_PE,D,20210511,000000,25.7,25.7,24.3,25,0,0
ART_PE,D,20210512,000000,24.7,25.1,24.7,25,0,0
ART_PE,D,20210513,000000,25,25,23.8,24.5,0,0
ART_PE,D,20210514,000000,24.6,24.7,23.9,24.7,0,0
ART_PE,D,20210517,000000,24.6,24.8,24,24.8,0,0
ART_PE,D,20210518,000000,24.6,24.6,24.3,24.4,0,0
ART_PE,D,20210519,000000,24.5,24.5,23.5,24.2,0,0
ART_PE,D,20210520,000000,23.6,24.1,23.1,23.8,0,0
ART_PE,D,20210521,000000,23.7,23.7,22.8,23,0,0
ART_PE,D,20210524,000000,22.9,23.7,22.5,23,0,0
ART_PE,D,20210525,000000,23.1,23.1,22.5,22.9,0,0
ART_PE,D,20210526,000000,22.5,23.8,22.4,23,0,0
ART_PE,D,20210527,000000,23.1,23.6,18.9,18.9,0,0
ART_PE,D,20210528,000000,18.8,18.9,18.3,18.8,0,0
ART_PE,D,20210531,000000,19.3,19.3,18.6,18.9,0,0
ART_PE,D,20210601,000000,18.5,18.5,17.8,18.2,0,0
ART_PE,D,20210602,000000,18.6,18.6,17.3,17.7,0,0
ART_PE,D,20210604,000000,17.6,17.6,17,17,0,0
ART_PE,D,20210607,000000,17.5,17.5,16.3,16.3,0,0
ART_PE,D,20210608,000000,16.2,16.5,15.7,15.7,0,0
ART_PE,D,20210609,000000,15.9,17.3,15.9,17.2,0,0
ART_PE,D,20210610,000000,16.4,16.9,16.1,16.2,0,0
ART_PE,D,20210611,000000,16.7,16.7,16.2,16.2,0,0
ART_PE,D,20210614,000000,16.4,16.7,16.2,16.5,0,0
ART_PE,D,20210615,000000,16.6,17,16.4,16.6,0,0
ART_PE,D,20210616,000000,16.2,17.2,16.2,17.2,0,0
ART_PE,D,20210617,000000,17.2,17.3,16.7,16.9,0,0
ART_PE,D,20210618,000000,17.1,17.1,16.4,16.5,0,0
ART_PE,D,20210621,000000,16.4,16.9,16.3,16.5,0,0
ART_PE,D,20210622,000000,16.5,16.9,15.8,16.7,0,0
ART_PE,D,20210623,000000,16.7,16.7,16.6,16.7,0,0
ART_PE,D,20210624,000000,16.8,17.2,16.8,17.1,0,0
ART_PE,D,20210625,000000,17.3,17.3,16.6,17.3,0,0
ART_PE,D,20210628,000000,17.3,17.5,17,17.4,0,0
ART_PE,D,20210629,000000,17.5,18.3,17.5,17.9,0,0
ART_PE,D,20210630,000000,18.3,18.3,17.6,18.1,0,0
ART_PE,D,20210701,000000,18.5,18.5,17.9,17.9,0,0
ART_PE,D,20210702,000000,18.3,18.3,17.7,18,0,0
ART_PE,D,20210705,000000,17.7,18.2,17.5,17.5,0,0
ART_PE,D,20210706,000000,17.4,18.1,17,17.6,0,0
ART_PE,D,20210707,000000,17.5,17.5,17,17.3,0,0
ART_PE,D,20210708,000000,17.5,17.5,16.5,16.5,0,0
ART_PE,D,20210709,000000,17.1,17.3,16.8,17.2,0,0
ART_PE,D,20210712,000000,17.6,17.6,16.7,16.7,0,0
ART_PE,D,20210713,000000,17.3,17.3,16.1,16.4,0,0
ART_PE,D,20210714,000000,16.4,16.7,16.3,16.7,0,0
ART_PE,D,20210715,000000,16.9,16.9,16.2,16.2,0,0
ART_PE,D,20210716,000000,16.5,16.5,15.8,16.2,0,0
ART_PE,D,20210719,000000,16.2,16.5,15.3,16.5,0,0
ART_PE,D,20210720,000000,16.7,16.7,16,16.4,0,0
ART_PE,D,20210721,000000,16.6,17.4,16.2,17.4,0,0
ART_PE,D,20210722,000000,17.2,17.5,17,17.3,0,0
ART_PE,D,20210723,000000,17,17,16.7,16.7,0,0
ART_PE,D,20210726,000000,17.1,17.1,16.4,16.5,0,0
ART_PE,D,20210727,000000,16.8,16.8,16.3,16.3,0,0
ART_PE,D,20210728,000000,16.7,17.2,16.4,17,0,0
ART_PE,D,20210729,000000,17,17.6,17,17.6,0,0
ART_PE,D,20210730,000000,17.7,17.9,17.6,17.8,0,0
ART_PE,D,20210802,000000,18,18,17.4,17.6,0,0
ART_PE,D,20210803,000000,17.6,17.8,17.4,17.6,0,0
ART_PE,D,20210804,000000,17.6,18.4,17.6,18.2,0,0
ART_PE,D,20210805,000000,18.3,18.4,18.1,18.3,0,0
ART_PE,D,20210806,000000,18.4,18.4,17.9,18.2,0,0
ART_PE,D,20210809,000000,18.4,18.5,18.1,18.4,0,0
ART_PE,D,20210810,000000,18.6,18.6,17.6,18,0,0
ART_PE,D,20210811,000000,18.2,18.2,17.4,17.5,0,0
ART_PE,D,20210812,000000,17.7,17.7,17.6,17.6,0,0
ART_PE,D,20210813,000000,18,18,17.1,17.5,0,0
ART_PE,D,20210816,000000,17.5,17.6,17.3,17.3,0,0
ART_PE,D,20210817,000000,17.7,17.8,17.5,17.6,0,0
ART_PE,D,20210818,000000,17.7,17.7,16.7,16.7,0,0
ART_PE,D,20210819,000000,16.5,17.1,16.4,16.6,0,0
ART_PE,D,20210820,000000,16.5,16.7,16.5,16.5,0,0
ART_PE,D,20210823,000000,17.2,17.3,17.1,17.3,0,0
ART_PE,D,20210824,000000,17.4,17.4,16.5,17,0,0
ART_PE,D,20210825,000000,16.9,17.6,16.9,17.2,0,0
ART_PE,D,20210826,000000,17.6,17.6,17.2,17.3,0,0
ART_PE,D,20210827,000000,17.5,17.5,16.9,17.3,0,0
ART_PE,D,20210830,000000,17.3,17.3,16.7,17.3,0,0
ART_PE,D,20210831,000000,17.1,17.4,16.9,17.3,0,0
ART_PE,D,20210901,000000,17.2,17.5,17,17.5,0,0
ART_PE,D,20210902,000000,17.6,17.6,16.7,17,0,0
ART_PE,D,20210903,000000,17.2,17.2,16.5,16.6,0,0
ART_PE,D,20210906,000000,16.5,16.8,16.4,16.6,0,0
ART_PE,D,20210907,000000,16.9,16.9,16.4,16.6,0,0
ART_PE,D,20210908,000000,16.7,16.8,16.5,16.6,0,0
ART_PE,D,20210909,000000,17,17,16.6,16.6,0,0
ART_PE,D,20210910,000000,16.8,16.8,16.6,16.7,0,0
ART_PE,D,20210913,000000,17.3,17.7,17.2,17.7,0,0
ART_PE,D,20210914,000000,17.8,17.8,16.3,16.5,0,0
ART_PE,D,20210915,000000,16.7,16.7,16.4,16.4,0,0
ART_PE,D,20210916,000000,16.6,16.7,16.2,16.3,0,0
ART_PE,D,20210917,000000,16.6,16.8,15.5,16.8,0,0
ART_PE,D,20210920,000000,17,17,16.2,16.2,0,0
ART_PE,D,20210921,000000,16.4,16.4,16.1,16.3,0,0
ART_PE,D,20210922,000000,16.4,16.5,15.9,16.5,0,0
ART_PE,D,20210923,000000,16.6,16.8,16.2,16.2,0,0
ART_PE,D,20210924,000000,16.4,16.5,16.2,16.5,0,0
ART_PE,D,20210927,000000,16.8,16.8,16,16.3,0,0
ART_PE,D,20210928,000000,16.4,16.7,16.2,16.2,0,0
ART_PE,D,20210929,000000,16.6,16.6,16.3,16.5,0,0
ART_PE,D,20210930,000000,16.6,16.6,16.2,16.5,0,0
ART_PE,D,20211001,000000,16,16.5,16,16.2,0,0
ART_PE,D,20211004,000000,16.5,16.5,15.9,16.1,0,0
ART_PE,D,20211005,000000,16.3,16.3,15.4,15.6,0,0
ART_PE,D,20211006,000000,15.9,15.9,15.2,15.2,0,0
ART_PE,D,20211007,000000,15,15.4,14.6,14.8,0,0
ART_PE,D,20211008,000000,15.8,15.8,14.7,14.8,0,0
ART_PE,D,20211011,000000,15.1,15.1,14.6,14.8,0,0
ART_PE,D,20211012,000000,15,15,14.6,14.7,0,0
ART_PE,D,20211013,000000,14.9,14.9,14.6,14.7,0,0
ART_PE,D,20211014,000000,14.9,14.9,14.7,14.7,0,0
ART_PE,D,20211015,000000,14.9,14.9,14.7,14.7,0,0
ART_PE,D,20211018,000000,14.9,14.9,14.6,14.9,0,0
ART_PE,D,20211019,000000,14.9,14.9,14.7,14.7,0,0
ART_PE,D,20211020,000000,14.8,14.8,14.6,14.8,0,0
ART_PE,D,20211021,000000,14.8,14.8,14.5,14.7,0,0
ART_PE,D,20211022,000000,14.7,14.7,14.3,14.7,0,0
ART_PE,D,20211025,000000,14.8,15,14.8,14.9,0,0
ART_PE,D,20211026,000000,15.4,15.7,15.4,15.6,0,0
ART_PE,D,20211027,000000,16,16.1,14.7,15,0,0
ART_PE,D,20211028,000000,14.9,14.9,14.6,14.7,0,0
ART_PE,D,20211029,000000,14.7,14.9,14.4,14.9,0,0
ART_PE,D,20211102,000000,14.3,14.4,12.6,12.6,0,0
ART_PE,D,20211103,000000,12.7,13.6,12.7,13.1,0,0
ART_PE,D,20211104,000000,13.2,13.7,12.7,13.4,0,0
ART_PE,D,20211105,000000,13.4,13.6,12.9,13.6,0,0
ART_PE,D,20211108,000000,12.9,13.7,12.9,13.7,0,0
ART_PE,D,20211109,000000,13.7,13.7,13.3,13.3,0,0
ART_PE,D,20211110,000000,13.7,13.7,13.3,13.7,0,0
ART_PE,D,20211112,000000,13.2,13.7,13.2,13.7,0,0
ART_PE,D,20211115,000000,13.8,13.8,13.2,13.7,0,0
ART_PE,D,20211116,000000,13.8,13.8,13.2,13.2,0,0
ART_PE,D,20211117,000000,13.2,13.2,12.8,12.9,0,0
ART_PE,D,20211118,000000,12.9,12.9,12.3,12.5,0,0
ART_PE,D,20211119,000000,13,13,12.3,12.9,0,0
ART_PE,D,20211122,000000,12.3,12.3,11.9,12,0,0
ART_PE,D,20211123,000000,12,12.5,11.8,12.2,0,0
ART_PE,D,20211124,000000,12.4,12.5,11.9,11.9,0,0
ART_PE,D,20211125,000000,12,12.4,11.8,12,0,0
ART_PE,D,20211126,000000,12.1,12.1,10.3,10.3,0,0
ART_PE,D,20211129,000000,10.4,10.4,10,10,0,0
ART_PE,D,20211130,000000,10.2,10.2,9.7,10,0,0
ART_PE,D,20211201,000000,10,10.1,9.9,10,0,0
ART_PE,D,20211202,000000,10.1,10.1,9.7,9.9,0,0
ART_PE,D,20211203,000000,9.9,9.9,9.7,9.8,0,0
ART_PE,D,20211206,000000,9.8,9.8,9.5,9.6,0,0
ART_PE,D,20211207,000000,9.4,9.7,9.4,9.7,0,0
ART_PE,D,20211208,000000,9.7,9.8,9.6,9.6,0,0
ART_PE,D,20211209,000000,9.6,9.6,9.4,9.6,0,0
ART_PE,D,20211210,000000,9.5,9.7,9.4,9.6,0,0
ART_PE,D,20211213,000000,9.6,9.7,9.5,9.7,0,0
ART_PE,D,20211214,000000,9.8,9.8,9.7,9.7,0,0
ART_PE,D,20211215,000000,9.7,9.7,9.4,9.5,0,0
ART_PE,D,20211216,000000,9.6,9.9,9.5,9.5,0,0
ART_PE,D,20211217,000000,9.7,9.8,9.6,9.6,0,0
ART_PE,D,20211220,000000,9.6,9.6,9.4,9.5,0,0
ART_PE,D,20211221,000000,9.5,9.5,9.4,9.5,0,0
ART_PE,D,20211222,000000,9.6,9.6,9.4,9.5,0,0
ART_PE,D,20211223,000000,9.4,9.5,9.3,9.3,0,0
ART_PE,D,20211227,000000,9.3,9.7,9,9.7,0,0
ART_PE,D,20211228,000000,9.6,10.2,9.6,10.2,0,0
ART_PE,D,20211229,000000,10.3,10.3,9.9,10.1,0,0
ART_PE,D,20211230,000000,10.1,10.1,9.9,10,0,0
ART_PE,D,20220103,000000,10.1,10.4,10,10.4,0,0
ART_PE,D,20220104,000000,10.4,10.5,10.3,10.4,0,0
ART_PE,D,20220105,000000,10.4,10.5,10.4,10.4,0,0
ART_PE,D,20220107,000000,10.2,10.4,10.1,10.4,0,0
ART_PE,D,20220110,000000,10.5,10.7,10.3,10.5,0,0
ART_PE,D,20220111,000000,10.5,10.5,10.3,10.4,0,0
ART_PE,D,20220112,000000,10.4,10.4,10.3,10.4,0,0
ART_PE,D,20220113,000000,10.4,10.4,10,10.2,0,0
ART_PE,D,20220114,000000,10.2,10.2,9.8,10,0,0
ART_PE,D,20220117,000000,10.3,10.6,10.3,10.4,0,0
ART_PE,D,20220118,000000,10.8,11.2,10.8,11.2,0,0
ART_PE,D,20220119,000000,11.2,11.2,10.7,11,0,0
ART_PE,D,20220120,000000,11.1,11.2,10.6,11,0,0
ART_PE,D,20220121,000000,10.8,10.9,10.3,10.5,0,0
ART_PE,D,20220124,000000,10.7,10.7,9.8,9.9,0,0
ART_PE,D,20220125,000000,9.9,10.3,9.8,10.3,0,0
ART_PE,D,20220126,000000,10.4,11.6,10.2,11,0,0
ART_PE,D,20220127,000000,11.3,11.3,10.5,10.5,0,0
ART_PE,D,20220128,000000,10.8,10.8,10.2,10.5,0,0
ART_PE,D,20220131,000000,10.6,10.9,10.5,10.8,0,0
ART_PE,D,20220201,000000,10.9,10.9,10.6,10.8,0,0
ART_PE,D,20220202,000000,10.9,11.2,10.8,11.1,0,0
ART_PE,D,20220203,000000,11.2,11.7,11.1,11.6,0,0
ART_PE,D,20220204,000000,11.8,12.4,11.6,11.9,0,0
ART_PE,D,20220207,000000,12,12,11.5,11.8,0,0
ART_PE,D,20220208,000000,12,12,11.2,11.6,0,0
ART_PE,D,20220209,000000,11.7,11.9,11.7,11.8,0,0
ART_PE,D,20220210,000000,11.9,12,11.8,11.9,0,0
ART_PE,D,20220211,000000,12.1,12.5,12.1,12.4,0,0
ART_PE,D,20220214,000000,12.3,12.3,11.7,12.1,0,0
ART_PE,D,20220215,000000,11.9,12.3,11.9,12.2,0,0
ART_PE,D,20220216,000000,12.3,12.9,12.3,12.4,0,0
ART_PE,D,20220217,000000,12.9,13,12.2,12.3,0,0
ART_PE,D,20220218,000000,12.6,12.6,11.7,11.8,0,0
ART_PE,D,20220221,000000,12,12.1,11.3,11.6,0,0
ART_PE,D,20220222,000000,11.4,12.2,11.4,12,0,0
ART_PE,D,20220223,000000,11.9,12.2,11.7,12.1,0,0
ART_PE,D,20220224,000000,11,11.5,9.8,10.4,0,0
ART_PE,D,20220225,000000,10.3,11,10.3,11,0,0
ART_PE,D,20220228,000000,10.8,10.9,10.5,10.8,0,0
ART_PE,D,20220301,000000,11,11.1,10.7,10.9,0,0
ART_PE,D,20220302,000000,11.1,11.1,10,10.5,0,0
ART_PE,D,20220303,000000,10.5,10.7,10.4,10.6,0,0
ART_PE,D,20220304,000000,10.6,10.6,9.9,10.2,0,0
ART_PE,D,20220307,000000,10.2,10.2,9.4,10,0,0
ART_PE,D,20220308,000000,9.9,10.2,9.5,9.7,0,0
ART_PE,D,20220309,000000,9.8,10.1,9.8,10,0,0
ART_PE,D,20220310,000000,10.2,10.7,9.9,10.7,0,0
ART_PE,D,20220311,000000,10.6,10.9,10.5,10.8,0,0
ART_PE,D,20220314,000000,10.8,10.8,10.6,10.7,0,0
ART_PE,D,20220315,000000,10.8,11,10.4,11,0,0
ART_PE,D,20220316,000000,11,11.4,10.9,11.3,0,0
ART_PE,D,20220317,000000,11.4,11.4,10.5,10.6,0,0
ART_PE,D,20220318,000000,11,11,10.6,10.8,0,0
ART_PE,D,20220321,000000,10.8,10.9,10.7,10.8,0,0
ART_PE,D,20220322,000000,10.8,11.4,10.8,11.1,0,0
ART_PE,D,20220323,000000,11.3,11.3,10.6,10.8,0,0
ART_PE,D,20220324,000000,10.8,10.8,10.5,10.8,0,0
ART_PE,D,20220325,000000,10.8,10.9,10.5,10.9,0,0
ART_PE,D,20220328,000000,10.9,11,10.5,10.6,0,0
ART_PE,D,20220329,000000,10.6,11.4,10.4,10.4,0,0
ART_PE,D,20220330,000000,10.6,10.7,10.3,10.5,0,0
ART_PE,D,20220331,000000,10.7,10.8,10,10,0,0
ART_PE,D,20220401,000000,10.3,10.7,10.3,10.4,0,0
ART_PE,D,20220404,000000,10.4,10.5,10.3,10.5,0,0
ART_PE,D,20220405,000000,10.5,10.6,10.4,10.5,0,0
ART_PE,D,20220406,000000,10.5,10.5,10.4,10.5,0,0
ART_PE,D,20220407,000000,10.1,10.3,10,10.3,0,0
ART_PE,D,20220408,000000,10.3,10.3,10,10.1,0,0
ART_PE,D,20220411,000000,10.1,10.2,9.9,10.1,0,0
ART_PE,D,20220412,000000,10.1,10.1,10,10,0,0
ART_PE,D,20220413,000000,10.1,10.1,9.5,9.6,0,0
ART_PE,D,20220414,000000,9.6,9.9,9.6,9.9,0,0
ART_PE,D,20220419,000000,9.9,10,9.7,9.9,0,0
ART_PE,D,20220420,000000,9.9,9.9,9.4,9.6,0,0
ART_PE,D,20220421,000000,9.6,9.7,8.5,8.5,0,0
ART_PE,D,20220422,000000,8.4,8.4,7.8,7.8,0,0
ART_PE,D,20220425,000000,8,8.1,7.8,7.9,0,0
ART_PE,D,20220426,000000,7.9,8.1,7.9,8,0,0
ART_PE,D,20220427,000000,8.1,8.1,7.9,8,0,0
ART_PE,D,20220428,000000,8.1,8.1,8,8,0,0
ART_PE,D,20220429,000000,8.1,8.1,7.5,7.8,0,0
ART_PE,D,20220502,000000,7.8,7.8,7.6,7.6,0,0
ART_PE,D,20220504,000000,7.5,7.7,7.5,7.7,0,0
ART_PE,D,20220505,000000,7.7,7.9,7.7,7.7,0,0
ART_PE,D,20220506,000000,7.8,7.8,7.2,7.4,0,0
ART_PE,D,20220509,000000,7.7,7.7,7.1,7.1,0,0
ART_PE,D,20220510,000000,7.1,7.3,7.1,7.1,0,0
ART_PE,D,20220511,000000,7.1,7.2,7.1,7.2,0,0
ART_PE,D,20220512,000000,7.2,7.2,6.6,6.8,0,0
ART_PE,D,20220513,000000,6.8,7.1,6.7,7.1,0,0
ART_PE,D,20220516,000000,7.1,7.3,7.1,7.3,0,0
ART_PE,D,20220517,000000,7.3,7.3,7.2,7.3,0,0
ART_PE,D,20220518,000000,7.3,7.3,7,7.2,0,0
ART_PE,D,20220519,000000,7.2,7.2,6.9,7,0,0
ART_PE,D,20220520,000000,7,7.5,6.9,7.5,0,0
ART_PE,D,20220523,000000,7.5,7.6,7.2,7.2,0,0
ART_PE,D,20220524,000000,7.3,7.3,6.8,6.9,0,0
ART_PE,D,20220525,000000,6.7,6.9,6.6,6.7,0,0
ART_PE,D,20220526,000000,6.7,6.8,6.6,6.8,0,0
ART_PE,D,20220527,000000,6.9,7.1,6.8,7,0,0
ART_PE,D,20220530,000000,7.1,7.3,7.1,7.1,0,0
ART_PE,D,20220531,000000,7.2,7.2,6.9,6.9,0,0
ART_PE,D,20220601,000000,6.9,7,6.7,6.7,0,0
ART_PE,D,20220602,000000,6.8,7.5,6.8,7.4,0,0
ART_PE,D,20220603,000000,7.6,7.7,7.4,7.4,0,0
ART_PE,D,20220606,000000,7.5,7.9,7.5,7.9,0,0
ART_PE,D,20220607,000000,7.9,8.1,7.6,7.8,0,0
ART_PE,D,20220608,000000,7.8,7.9,7.6,7.8,0,0
ART_PE,D,20220609,000000,7.8,7.8,7.3,7.6,0,0
ART_PE,D,20220610,000000,7.7,7.7,7.2,7.5,0,0
ART_PE,D,20220613,000000,7.5,7.5,6.9,7.2,0,0
ART_PE,D,20220614,000000,7.5,7.5,7,7,0,0
ART_PE,D,20220615,000000,7.4,7.4,6.8,6.9,0,0
ART_PE,D,20220617,000000,7,7,6.7,6.9,0,0
ART_PE,D,20220620,000000,6.9,7.4,6.6,7.2,0,0
ART_PE,D,20220621,000000,7.4,7.5,7.1,7.5,0,0
ART_PE,D,20220622,000000,7.4,7.8,7.2,7.8,0,0
ART_PE,D,20220623,000000,7.8,7.8,7.4,7.7,0,0
ART_PE,D,20220624,000000,7.7,7.9,7.4,7.9,0,0
ART_PE,D,20220627,000000,7.9,8.1,7.7,7.9,0,0
ART_PE,D,20220628,000000,8.2,8.2,7.7,8,0,0
ART_PE,D,20220629,000000,7.8,8,7.6,7.8,0,0
ART_PE,D,20220630,000000,8,8,7.7,7.7,0,0
ART_PE,D,20220701,000000,7.5,8,7.5,8,0,0
ART_PE,D,20220704,000000,8,8,7.7,8,0,0
ART_PE,D,20220705,000000,8.1,8.1,7.3,7.8,0,0
ART_PE,D,20220706,000000,7.9,7.9,7.4,7.5,0,0
ART_PE,D,20220707,000000,7.8,7.9,7.5,7.9,0,0
ART_PE,D,20220708,000000,8.1,8.1,7.4,7.7,0,0
ART_PE,D,20220711,000000,7.7,7.8,7.6,7.8,0,0
ART_PE,D,20220712,000000,7.9,7.9,7.3,7.4,0,0
ART_PE,D,20220713,000000,7.4,7.4,7.3,7.3,0,0
ART_PE,D,20220714,000000,7.4,7.4,7.1,7.3,0,0
ART_PE,D,20220715,000000,7.3,7.3,7.2,7.3,0,0
ART_PE,D,20220718,000000,7.4,7.8,7.4,7.8,0,0
ART_PE,D,20220719,000000,7.9,7.9,7.6,7.6,0,0
ART_PE,D,20220720,000000,7.8,7.8,7.4,7.7,0,0
ART_PE,D,20220721,000000,7.7,7.7,7.5,7.5,0,0
ART_PE,D,20220722,000000,7.7,7.7,7.7,7.7,0,0
ART_PE,D,20220725,000000,7.7,7.7,7.4,7.4,0,0
ART_PE,D,20220726,000000,7.6,7.6,7.4,7.6,0,0
ART_PE,D,20220727,000000,7.6,8.1,7.6,8.1,0,0
ART_PE,D,20220728,000000,8,8,7.3,7.8,0,0
ART_PE,D,20220729,000000,7.8,7.8,7.8,7.8,0,0
ART_PE,D,20220801,000000,7.9,7.9,7.9,7.9,0,0
ART_PE,D,20220802,000000,7.9,7.9,7.7,7.8,0,0
ART_PE,D,20220803,000000,7.8,7.9,7.6,7.7,0,0
ART_PE,D,20220804,000000,7.9,7.9,7.8,7.9,0,0
ART_PE,D,20220805,000000,7.9,7.9,7.6,7.9,0,0
ART_PE,D,20220808,000000,7.9,8,7.6,7.9,0,0
ART_PE,D,20220809,000000,7.9,7.9,7.8,7.8,0,0
ART_PE,D,20220810,000000,7.9,7.9,7.6,7.6,0,0
ART_PE,D,20220811,000000,7.8,7.8,7.6,7.8,0,0
ART_PE,D,20220812,000000,7.7,8,7.7,8,0,0
ART_PE,D,20220816,000000,8,8.1,7.9,8,0,0
ART_PE,D,20220817,000000,8,8,7.8,8,0,0
ART_PE,D,20220818,000000,8,8,7.7,7.9,0,0
ART_PE,D,20220819,000000,7.9,7.9,7.8,7.9,0,0
ART_PE,D,20220822,000000,7.7,7.8,7.6,7.8,0,0
ART_PE,D,20220823,000000,7.8,7.8,7.5,7.5,0,0
ART_PE,D,20220824,000000,7.6,7.6,7.5,7.5,0,0
ART_PE,D,20220825,000000,7.7,7.7,7.6,7.6,0,0
ART_PE,D,20220826,000000,7.6,7.7,7.3,7.7,0,0
ART_PE,D,20220829,000000,7.7,7.7,7.3,7.6,0,0
ART_PE,D,20220830,000000,7.6,7.6,7.3,7.3,0,0
ART_PE,D,20220831,000000,7.4,7.4,6.7,7,0,0
ART_PE,D,20220901,000000,6.8,6.9,6.6,6.8,0,0
ART_PE,D,20220902,000000,6.8,6.8,6.6,6.6,0,0
ART_PE,D,20220905,000000,6.6,6.8,6.6,6.6,0,0
