<TICKER>,<PER>,<DATE>,<TIME>,<OPEN>,<HIGH>,<LOW>,<CLOSE>,<VOL>,<OPENINT>
CLN_PE,D,20161201,000000,22.8156,22.8156,22.8156,22.8156,0,0
CLN_PE,D,20161202,000000,22.8156,22.9119,22.623,22.8156,0,0
CLN_PE,D,20161205,000000,22.8156,23.297,22.8156,23.297,0,0
CLN_PE,D,20161206,000000,23.3933,24.4514,23.3933,24.0672,0,0
CLN_PE,D,20161207,000000,24.4514,25.703,24.4514,25.2226,0,0
CLN_PE,D,20161208,000000,25.6067,25.6067,24.9338,25.1253,0,0
CLN_PE,D,20161209,000000,25.5105,25.5105,24.5486,25.1253,0,0
CLN_PE,D,20161212,000000,25.2226,25.2226,24.4514,24.4514,0,0
CLN_PE,D,20161213,000000,24.8365,24.9338,24.4514,24.8365,0,0
CLN_PE,D,20161214,000000,24.9338,25.03,24.5486,24.7402,0,0
CLN_PE,D,20161215,000000,24.5486,25.2226,24.5486,25.1253,0,0
CLN_PE,D,20161216,000000,25.1253,25.5105,25.03,25.2226,0,0
CLN_PE,D,20161219,000000,25.1253,25.1253,24.7402,24.9338,0,0
CLN_PE,D,20161220,000000,24.9338,25.03,24.9338,24.9338,0,0
CLN_PE,D,20161221,000000,24.9338,25.5105,24.7402,25.3189,0,0
CLN_PE,D,20161222,000000,25.4142,25.4142,24.6449,25.1253,0,0
CLN_PE,D,20161223,000000,25.1253,25.5105,25.1253,25.4142,0,0
CLN_PE,D,20161227,000000,25.4142,25.5105,25.3189,25.5105,0,0
CLN_PE,D,20161228,000000,25.5105,25.5105,25.1253,25.3189,0,0
CLN_PE,D,20161229,000000,25.4142,25.4142,25.2226,25.4142,0,0
CLN_PE,D,20161230,000000,25.4142,25.4142,25.1253,25.1253,0,0
CLN_PE,D,20170102,000000,25.6067,25.6067,25.03,25.03,0,0
CLN_PE,D,20170103,000000,25.2226,26.1844,25.2226,26.1844,0,0
CLN_PE,D,20170104,000000,26.1844,26.1844,25.7993,25.9919,0,0
CLN_PE,D,20170105,000000,26.0881,26.4733,26.0881,26.4733,0,0
CLN_PE,D,20170109,000000,26.4733,26.4733,26.2807,26.4733,0,0
CLN_PE,D,20170110,000000,26.377,26.4733,26.2807,26.2807,0,0
CLN_PE,D,20170111,000000,26.4733,26.4733,26.377,26.4733,0,0
CLN_PE,D,20170112,000000,26.4733,26.4733,26.0881,26.2807,0,0
CLN_PE,D,20170113,000000,26.1844,26.4733,25.7993,25.9919,0,0
CLN_PE,D,20170116,000000,25.8966,25.8966,25.1253,25.7993,0,0
CLN_PE,D,20170117,000000,25.7993,25.7993,25.4142,25.7993,0,0
CLN_PE,D,20170118,000000,25.7993,26.5695,25.7993,26.377,0,0
CLN_PE,D,20170119,000000,26.377,28.11,26.0881,27.6296,0,0
CLN_PE,D,20170120,000000,28.0138,29.5542,27.5324,28.785,0,0
CLN_PE,D,20170123,000000,28.8793,29.6495,28.8793,29.6495,0,0
CLN_PE,D,20170124,000000,30.1319,32.7305,30.0356,32.6352,0,0
CLN_PE,D,20170125,000000,32.3464,33.2119,31.9613,32.2491,0,0
CLN_PE,D,20170126,000000,32.6352,32.6352,31.191,31.6724,0,0
CLN_PE,D,20170127,000000,31.5752,32.1538,30.6133,32.1538,0,0
CLN_PE,D,20170130,000000,32.1538,34.6552,32.1538,34.1747,0,0
CLN_PE,D,20170131,000000,34.272,34.4636,33.7896,34.4636,0,0
CLN_PE,D,20170201,000000,34.5599,34.6552,33.7896,34.0785,0,0
CLN_PE,D,20170202,000000,34.3673,34.3673,33.2119,33.598,0,0
CLN_PE,D,20170203,000000,33.5008,33.6933,31.3846,31.5752,0,0
CLN_PE,D,20170206,000000,31.191,31.4789,30.3245,31.191,0,0
CLN_PE,D,20170207,000000,31.191,31.191,31.0938,31.0938,0,0
CLN_PE,D,20170208,000000,31.191,32.7305,31.191,32.1538,0,0
CLN_PE,D,20170209,000000,32.7305,32.9241,31.3846,31.4789,0,0
CLN_PE,D,20170210,000000,31.7677,31.7677,30.7106,31.0938,0,0
CLN_PE,D,20170213,000000,31.0938,31.191,30.3245,30.9022,0,0
CLN_PE,D,20170214,000000,31.191,31.2873,30.7106,31.191,0,0
CLN_PE,D,20170215,000000,31.191,32.2491,31.191,32.0566,0,0
CLN_PE,D,20170216,000000,32.2491,33.0184,32.2491,33.0184,0,0
CLN_PE,D,20170217,000000,33.0184,33.0184,31.6724,32.3464,0,0
CLN_PE,D,20170220,000000,32.7305,32.8278,31.6724,31.9613,0,0
CLN_PE,D,20170221,000000,31.9613,32.538,30.9022,31.191,0,0
CLN_PE,D,20170222,000000,31.5752,31.5752,30.9022,31.191,0,0
CLN_PE,D,20170223,000000,31.191,32.538,30.9985,32.4417,0,0
CLN_PE,D,20170224,000000,32.4417,32.4417,31.6724,31.6724,0,0
CLN_PE,D,20170227,000000,31.7677,32.8278,31.7677,32.4417,0,0
CLN_PE,D,20170228,000000,32.538,32.9241,32.1538,32.3464,0,0
CLN_PE,D,20170301,000000,32.7305,33.8859,32.3464,33.8859,0,0
CLN_PE,D,20170302,000000,34.272,34.7524,34.1747,34.5599,0,0
CLN_PE,D,20170303,000000,34.6552,34.6552,33.7896,34.5599,0,0
CLN_PE,D,20170306,000000,34.6552,35.1375,34.3673,35.0413,0,0
CLN_PE,D,20170307,000000,35.1375,35.1375,33.0184,34.7524,0,0
CLN_PE,D,20170308,000000,33.8859,34.7524,33.7896,34.7524,0,0
CLN_PE,D,20170309,000000,34.5599,34.7524,33.6933,34.5599,0,0
CLN_PE,D,20170310,000000,34.272,34.7524,33.9812,34.6552,0,0
CLN_PE,D,20170313,000000,34.7524,35.7152,34.7524,35.5227,0,0
CLN_PE,D,20170314,000000,35.6189,35.7152,35.5227,35.7152,0,0
CLN_PE,D,20170315,000000,35.7152,36.678,35.0413,35.2358,0,0
CLN_PE,D,20170316,000000,35.6189,36.2919,35.3291,35.3291,0,0
CLN_PE,D,20170317,000000,35.6189,35.7152,35.1375,35.6189,0,0
CLN_PE,D,20170320,000000,35.6189,37.1594,35.3291,37.0622,0,0
CLN_PE,D,20170321,000000,37.0622,38.6036,37.0622,37.4483,0,0
CLN_PE,D,20170322,000000,37.2547,37.353,36.3902,37.1594,0,0
CLN_PE,D,20170323,000000,36.9669,39.5665,36.8696,38.8925,0,0
CLN_PE,D,20170324,000000,39.5665,39.759,38.6036,38.9888,0,0
CLN_PE,D,20170327,000000,38.8925,38.8925,37.8324,38.6036,0,0
CLN_PE,D,20170328,000000,38.7962,40.5293,38.6036,40.3367,0,0
CLN_PE,D,20170329,000000,40.8171,41.3948,40.2404,40.2404,0,0
CLN_PE,D,20170330,000000,40.431,40.431,38.7962,39.1804,0,0
CLN_PE,D,20170331,000000,39.3739,39.9506,38.8925,39.5665,0,0
CLN_PE,D,20170403,000000,39.9506,39.9506,39.3739,39.8543,0,0
CLN_PE,D,20170404,000000,40.2404,40.3367,39.5665,39.8543,0,0
CLN_PE,D,20170405,000000,40.3367,40.431,39.0841,40.1432,0,0
CLN_PE,D,20170406,000000,39.8543,39.9506,39.0841,39.6627,0,0
CLN_PE,D,20170407,000000,39.5665,39.5665,38.9888,39.1804,0,0
CLN_PE,D,20170410,000000,39.1804,39.8543,38.9888,39.1804,0,0
CLN_PE,D,20170411,000000,39.1804,39.2776,37.7371,37.7371,0,0
CLN_PE,D,20170412,000000,37.353,37.7371,36.4855,36.5818,0,0
CLN_PE,D,20170413,000000,36.4855,36.4855,34.7524,34.8487,0,0
CLN_PE,D,20170418,000000,34.944,36.1966,34.944,35.2358,0,0
CLN_PE,D,20170419,000000,35.2358,37.1594,35.2358,36.0994,0,0
CLN_PE,D,20170420,000000,35.8125,37.5436,35.7152,37.5436,0,0
CLN_PE,D,20170421,000000,37.7371,40.6246,36.1966,40.6246,0,0
CLN_PE,D,20170424,000000,40.1432,40.1432,38.1222,38.7962,0,0
CLN_PE,D,20170425,000000,38.3148,38.3148,36.0051,36.7753,0,0
CLN_PE,D,20170426,000000,36.4855,36.7753,32.8278,36.7753,0,0
CLN_PE,D,20170427,000000,37.8324,38.2185,35.7152,37.8324,0,0
CLN_PE,D,20170428,000000,38.1222,39.5665,37.5436,37.8324,0,0
CLN_PE,D,20170502,000000,38.5064,38.5064,36.9669,37.6399,0,0
CLN_PE,D,20170504,000000,37.1594,37.2547,36.0994,36.2919,0,0
CLN_PE,D,20170505,000000,36.4855,36.8696,35.0413,36.8696,0,0
CLN_PE,D,20170508,000000,36.8696,37.0622,35.7152,36.5818,0,0
CLN_PE,D,20170509,000000,35.8125,36.3902,35.6189,35.8125,0,0
CLN_PE,D,20170510,000000,35.5227,36.2919,35.0413,35.3291,0,0
CLN_PE,D,20170511,000000,35.3291,36.0051,35.2358,35.3291,0,0
CLN_PE,D,20170512,000000,35.2358,35.2358,33.5008,34.1747,0,0
CLN_PE,D,20170515,000000,34.272,37.6399,33.9812,37.0622,0,0
CLN_PE,D,20170516,000000,37.6399,38.9888,37.2547,37.2547,0,0
CLN_PE,D,20170517,000000,37.2547,37.2547,35.6189,35.9078,0,0
CLN_PE,D,20170518,000000,36.1966,36.1966,34.7524,35.9078,0,0
CLN_PE,D,20170519,000000,36.0051,39.0841,35.1375,39.0841,0,0
CLN_PE,D,20170522,000000,39.5665,39.5665,38.1222,38.6036,0,0
CLN_PE,D,20170523,000000,38.9888,38.9888,37.6399,38.026,0,0
CLN_PE,D,20170524,000000,38.026,38.026,35.7152,37.2547,0,0
CLN_PE,D,20170525,000000,38.026,38.026,37.2547,37.7371,0,0
CLN_PE,D,20170526,000000,37.8324,38.9888,37.6399,38.8925,0,0
CLN_PE,D,20170529,000000,38.6036,39.5665,38.3148,38.8925,0,0
CLN_PE,D,20170530,000000,38.7962,53.5242,37.7371,53.5242,0,0
CLN_PE,D,20170531,000000,54.2807,54.4733,52.7324,54.4733,0,0
CLN_PE,D,20170601,000000,54.377,55.441,53.8936,54.377,0,0
CLN_PE,D,20170602,000000,54.377,57.3764,54.377,56.3124,0,0
CLN_PE,D,20170605,000000,57.3764,58.0533,56.0216,57.2792,0,0
CLN_PE,D,20170606,000000,57.6672,59.7952,57.4737,59.6989,0,0
CLN_PE,D,20170607,000000,59.4091,59.6989,59.0211,59.2146,0,0
CLN_PE,D,20170608,000000,59.5054,59.5054,59.0211,59.1193,0,0
CLN_PE,D,20170609,000000,59.3128,60.3768,58.5377,59.1193,0,0
CLN_PE,D,20170612,000000,59.1193,59.9898,56.0216,56.7968,0,0
CLN_PE,D,20170613,000000,56.0216,58.4414,56.0216,57.57,0,0
CLN_PE,D,20170614,000000,57.57,58.7322,57.57,58.7322,0,0
CLN_PE,D,20170616,000000,58.6349,58.6349,57.0866,57.6672,0,0
CLN_PE,D,20170619,000000,57.6672,58.0533,56.6995,58.0533,0,0
CLN_PE,D,20170620,000000,58.1516,58.4414,57.4737,58.1516,0,0
CLN_PE,D,20170621,000000,58.3451,58.4414,56.7968,57.958,0,0
CLN_PE,D,20170622,000000,57.958,58.7322,57.958,58.4414,0,0
CLN_PE,D,20170623,000000,58.4414,59.6017,58.4414,59.5054,0,0
CLN_PE,D,20170626,000000,59.6017,60.087,59.2146,60.087,0,0
CLN_PE,D,20170627,000000,60.087,60.7639,60.087,60.3768,0,0
CLN_PE,D,20170628,000000,59.9898,59.9898,59.1193,59.1193,0,0
CLN_PE,D,20170629,000000,58.7322,59.8925,58.7322,59.4091,0,0
CLN_PE,D,20170630,000000,59.2146,60.5704,59.2146,60.3768,0,0
CLN_PE,D,20170703,000000,59.7952,60.3768,59.1193,59.1193,0,0
CLN_PE,D,20170704,000000,59.1193,59.2146,57.3764,57.7645,0,0
CLN_PE,D,20170705,000000,57.7645,57.7645,55.5392,56.0216,0,0
CLN_PE,D,20170706,000000,56.6013,59.2146,56.0216,58.8285,0,0
CLN_PE,D,20170707,000000,58.0533,59.3128,58.0533,58.6349,0,0
CLN_PE,D,20170710,000000,58.6349,59.6989,58.6349,59.6017,0,0
CLN_PE,D,20170711,000000,59.6017,59.6017,57.8618,57.8618,0,0
CLN_PE,D,20170712,000000,59.0211,59.0211,56.7968,58.4414,0,0
CLN_PE,D,20170713,000000,58.9248,59.2146,58.4414,59.2146,0,0
CLN_PE,D,20170714,000000,59.6017,59.8925,58.7322,59.7952,0,0
CLN_PE,D,20170717,000000,58.6349,59.9898,57.958,59.8925,0,0
CLN_PE,D,20170718,000000,59.8925,61.15,59.6989,59.6989,0,0
CLN_PE,D,20170719,000000,59.6989,59.6989,59.0211,59.6989,0,0
CLN_PE,D,20170720,000000,59.9898,60.9575,59.9898,60.5704,0,0
CLN_PE,D,20170721,000000,60.4721,60.4721,58.9248,59.4091,0,0
CLN_PE,D,20170724,000000,58.7322,59.9898,58.4414,59.0211,0,0
CLN_PE,D,20170725,000000,59.0211,59.0211,56.4087,56.6995,0,0
CLN_PE,D,20170726,000000,56.6995,58.5377,56.2161,57.8618,0,0
CLN_PE,D,20170727,000000,57.6672,59.1193,57.6672,58.7322,0,0
CLN_PE,D,20170728,000000,57.57,59.0211,57.2792,58.4414,0,0
CLN_PE,D,20170731,000000,58.2469,58.4414,57.2792,58.4414,0,0
CLN_PE,D,20170801,000000,57.7645,58.9248,56.7968,58.4414,0,0
CLN_PE,D,20170802,000000,58.9248,58.9248,55.7328,56.0216,0,0
CLN_PE,D,20170803,000000,56.0216,56.0216,53.9909,55.2484,0,0
CLN_PE,D,20170804,000000,55.0539,57.2792,54.4733,57.1848,0,0
CLN_PE,D,20170807,000000,57.1848,57.2792,56.4087,57.1848,0,0
CLN_PE,D,20170808,000000,56.3124,56.8931,55.3447,56.6013,0,0
CLN_PE,D,20170809,000000,56.506,56.6995,54.0872,55.2484,0,0
CLN_PE,D,20170810,000000,55.1512,56.9903,54.5715,56.9903,0,0
CLN_PE,D,20170811,000000,56.9903,57.2792,55.6355,55.8281,0,0
CLN_PE,D,20170814,000000,55.2484,55.8281,54.4733,55.5392,0,0
CLN_PE,D,20170816,000000,55.1512,55.9253,54.4733,55.9253,0,0
CLN_PE,D,20170817,000000,56.0216,56.4087,54.8613,56.2161,0,0
CLN_PE,D,20170818,000000,56.0216,56.2161,55.1512,56.1189,0,0
CLN_PE,D,20170821,000000,56.2161,58.2469,56.2161,58.1516,0,0
CLN_PE,D,20170822,000000,58.2469,60.8602,58.2469,60.8602,0,0
CLN_PE,D,20170823,000000,60.8602,61.15,59.6989,60.6667,0,0
CLN_PE,D,20170824,000000,60.4721,61.2473,60.4721,60.6667,0,0
CLN_PE,D,20170825,000000,60.6667,61.0547,60.4721,61.0547,0,0
CLN_PE,D,20170828,000000,61.15,61.6344,60.4721,60.6667,0,0
CLN_PE,D,20170829,000000,60.6667,60.8602,58.7322,60.3768,0,0
CLN_PE,D,20170830,000000,60.3768,60.8602,60.3768,60.3768,0,0
CLN_PE,D,20170831,000000,60.6667,60.6667,59.2146,60.2806,0,0
CLN_PE,D,20170901,000000,60.3768,60.3768,58.8285,59.2146,0,0
CLN_PE,D,20170904,000000,59.8925,59.8925,58.1516,58.1516,0,0
CLN_PE,D,20170905,000000,57.958,57.958,56.9903,57.3764,0,0
CLN_PE,D,20170906,000000,57.3764,59.3128,57.3764,58.5377,0,0
CLN_PE,D,20170907,000000,59.6017,59.6017,57.7645,57.7645,0,0
CLN_PE,D,20170908,000000,59.1193,59.5054,58.8285,59.2146,0,0
CLN_PE,D,20170911,000000,59.6989,59.6989,58.4414,59.6989,0,0
CLN_PE,D,20170912,000000,59.6989,59.6989,58.4414,58.4414,0,0
CLN_PE,D,20170913,000000,58.4414,58.4414,57.7645,57.7645,0,0
CLN_PE,D,20170914,000000,58.6349,59.4091,57.8618,57.958,0,0
CLN_PE,D,20170915,000000,58.4414,58.4414,56.8931,56.8931,0,0
CLN_PE,D,20170918,000000,56.8931,57.2792,56.7968,56.7968,0,0
CLN_PE,D,20170919,000000,56.6995,57.6672,56.6995,57.6672,0,0
CLN_PE,D,20170920,000000,58.4414,58.6349,57.2792,58.2469,0,0
CLN_PE,D,20170921,000000,56.1189,57.4737,54.7651,54.7651,0,0
CLN_PE,D,20170922,000000,54.9586,55.1512,54.7651,54.9586,0,0
CLN_PE,D,20170925,000000,55.0539,56.506,55.0539,56.506,0,0
CLN_PE,D,20170926,000000,56.2161,56.3124,55.441,56.3124,0,0
CLN_PE,D,20170927,000000,56.3124,56.3124,55.3447,56.0216,0,0
CLN_PE,D,20170928,000000,56.0216,56.0216,56.0216,56.0216,0,0
CLN_PE,D,20170929,000000,56.0216,56.0216,56.0216,56.0216,0,0
CLN_PE,D,20171002,000000,56.0216,56.0216,53.0222,53.314,0,0
CLN_PE,D,20171003,000000,53.2157,53.5055,53.0222,53.2157,0,0
CLN_PE,D,20171004,000000,52.9259,53.0222,52.1517,52.1517,0,0
CLN_PE,D,20171005,000000,51.9582,51.9582,49.8292,51.6684,0,0
CLN_PE,D,20171006,000000,51.6684,51.6684,50.8942,51.185,0,0
CLN_PE,D,20171009,000000,50.7979,51.9582,48.6679,48.6679,0,0
CLN_PE,D,20171010,000000,48.6679,50.8942,48.2818,49.3458,0,0
CLN_PE,D,20171011,000000,49.9265,49.9265,49.3458,49.6356,0,0
CLN_PE,D,20171012,000000,50.12,51.6684,50.12,51.6684,0,0
CLN_PE,D,20171013,000000,51.2803,51.2803,49.6356,49.9265,0,0
CLN_PE,D,20171016,000000,50.4108,50.4108,49.9265,50.2173,0,0
CLN_PE,D,20171017,000000,49.9265,50.2173,49.3458,50.2173,0,0
CLN_PE,D,20171018,000000,49.5404,50.3135,48.8625,49.4431,0,0
CLN_PE,D,20171019,000000,50.2173,50.2173,47.5076,47.8947,0,0
CLN_PE,D,20171020,000000,47.8947,48.0883,47.0243,47.7002,0,0
CLN_PE,D,20171023,000000,47.4104,50.7979,47.4104,49.6356,0,0
CLN_PE,D,20171024,000000,49.9265,50.7979,48.3781,50.4108,0,0
CLN_PE,D,20171025,000000,50.12,53.6038,50.12,53.314,0,0
CLN_PE,D,20171026,000000,53.4102,53.4102,51.185,51.185,0,0
CLN_PE,D,20171027,000000,51.185,52.0545,51.185,51.9582,0,0
CLN_PE,D,20171030,000000,51.9582,53.2157,50.12,50.12,0,0
CLN_PE,D,20171031,000000,50.4108,51.7656,49.2495,51.7656,0,0
CLN_PE,D,20171102,000000,51.6684,51.6684,50.4108,51.4748,0,0
CLN_PE,D,20171103,000000,51.5711,51.6684,49.5404,51.2803,0,0
CLN_PE,D,20171106,000000,51.2803,51.5711,50.0227,50.12,0,0
CLN_PE,D,20171107,000000,50.4108,50.4108,49.2495,49.6356,0,0
CLN_PE,D,20171108,000000,49.5404,49.6356,47.7985,48.4754,0,0
CLN_PE,D,20171109,000000,47.992,48.7662,47.992,48.0883,0,0
CLN_PE,D,20171110,000000,47.7002,48.6679,46.0566,47.2168,0,0
CLN_PE,D,20171113,000000,47.2168,47.3151,45.6695,46.5409,0,0
CLN_PE,D,20171114,000000,45.863,46.5409,45.1851,45.863,0,0
CLN_PE,D,20171115,000000,46.4427,46.4427,45.4749,45.9593,0,0
CLN_PE,D,20171116,000000,44.9926,56.6995,42.8626,56.6995,0,0
CLN_PE,D,20171117,000000,57.0866,58.0533,56.6995,58.0533,0,0
CLN_PE,D,20171120,000000,58.5377,61.0547,58.0533,61.0547,0,0
CLN_PE,D,20171121,000000,61.0547,61.9242,60.087,60.087,0,0
CLN_PE,D,20171122,000000,60.5704,60.5704,58.9248,58.9248,0,0
CLN_PE,D,20171123,000000,58.9248,59.7952,58.7322,58.7322,0,0
CLN_PE,D,20171124,000000,58.7322,59.5054,58.3451,59.1193,0,0
CLN_PE,D,20171127,000000,59.1193,59.1193,57.6672,58.3451,0,0
CLN_PE,D,20171128,000000,58.3451,61.15,57.958,61.0547,0,0
CLN_PE,D,20171129,000000,60.4721,62.9882,60.4721,62.0215,0,0
CLN_PE,D,20171130,000000,62.4076,62.6011,59.1193,59.1193,0,0
CLN_PE,D,20171201,000000,60.9575,60.9575,60.087,60.087,0,0
CLN_PE,D,20171204,000000,60.7639,60.7639,56.8931,57.0866,0,0
CLN_PE,D,20171205,000000,57.1848,59.8925,55.3447,59.1193,0,0
CLN_PE,D,20171206,000000,59.1193,59.1193,56.4087,56.4087,0,0
CLN_PE,D,20171207,000000,56.8931,58.7322,56.8931,58.1516,0,0
CLN_PE,D,20171208,000000,57.3764,59.6989,57.3764,59.6017,0,0
CLN_PE,D,20171211,000000,59.6017,60.1833,58.8285,60.087,0,0
CLN_PE,D,20171212,000000,60.087,60.3768,59.6989,60.3768,0,0
CLN_PE,D,20171213,000000,60.4721,61.7316,60.4721,61.6344,0,0
CLN_PE,D,20171214,000000,62.7947,64.2467,62.6011,63.1837,0,0
CLN_PE,D,20171215,000000,63.8596,66.8591,63.8596,65.0199,0,0
CLN_PE,D,20171218,000000,64.7311,65.8914,62.9882,62.9882,0,0
CLN_PE,D,20171219,000000,64.1505,66.7628,62.9882,66.0859,0,0
CLN_PE,D,20171220,000000,66.7628,67.6333,66.5693,67.6333,0,0
CLN_PE,D,20171221,000000,67.6333,69.665,65.3107,65.3107,0,0
CLN_PE,D,20171222,000000,65.408,69.0844,65.3107,68.3112,0,0
CLN_PE,D,20171227,000000,68.3112,70.0521,64.9236,65.0199,0,0
CLN_PE,D,20171228,000000,68.7935,70.73,66.1812,68.9881,0,0
CLN_PE,D,20171229,000000,65.9876,70.5364,65.9876,70.5364,0,0
CLN_PE,D,20180103,000000,69.9568,70.2456,68.6973,68.6973,0,0
CLN_PE,D,20180104,000000,70.4392,70.4392,67.3434,67.3434,0,0
CLN_PE,D,20180105,000000,69.3752,69.3752,67.3434,67.3434,0,0
CLN_PE,D,20180108,000000,66.9564,68.4065,66.1812,66.1812,0,0
CLN_PE,D,20180109,000000,66.1812,67.6333,65.3107,66.9564,0,0
CLN_PE,D,20180110,000000,66.9564,67.9231,66.472,66.9564,0,0
CLN_PE,D,20180111,000000,67.7305,67.8268,65.6978,66.2785,0,0
CLN_PE,D,20180112,000000,66.3757,69.3752,66.3757,68.6973,0,0
CLN_PE,D,20180115,000000,69.1806,70.6327,69.1806,70.6327,0,0
CLN_PE,D,20180116,000000,70.6327,70.6327,68.9881,69.7622,0,0
CLN_PE,D,20180117,000000,69.7622,69.7622,68.0204,68.1166,0,0
CLN_PE,D,20180118,000000,68.6973,68.8908,66.5693,66.7628,0,0
CLN_PE,D,20180119,000000,66.9564,68.7935,66.9564,68.3112,0,0
CLN_PE,D,20180122,000000,68.2129,68.2129,65.6978,66.5693,0,0
CLN_PE,D,20180123,000000,66.3757,66.8591,64.6338,66.5693,0,0
CLN_PE,D,20180124,000000,66.5693,67.4397,66.5693,67.1489,0,0
CLN_PE,D,20180125,000000,67.3434,67.4397,65.6015,67.4397,0,0
CLN_PE,D,20180126,000000,67.3434,67.4397,66.0859,66.0859,0,0
CLN_PE,D,20180129,000000,67.1489,67.1489,66.3757,66.9564,0,0
CLN_PE,D,20180130,000000,67.1489,67.4397,65.2135,65.2135,0,0
CLN_PE,D,20180131,000000,65.2135,65.7941,64.6338,64.6338,0,0
CLN_PE,D,20180201,000000,65.0199,65.0199,63.4726,64.2467,0,0
CLN_PE,D,20180202,000000,63.3753,64.9236,62.1178,62.6011,0,0
CLN_PE,D,20180205,000000,62.0215,65.7941,61.4399,64.0532,0,0
CLN_PE,D,20180206,000000,59.1193,62.6984,59.1193,62.5058,0,0
CLN_PE,D,20180207,000000,63.3753,65.9876,63.3753,65.2135,0,0
CLN_PE,D,20180208,000000,65.6015,65.6015,62.0215,62.9882,0,0
CLN_PE,D,20180209,000000,61.6344,62.9882,60.6667,61.0547,0,0
CLN_PE,D,20180212,000000,61.2473,62.9882,60.7639,60.7639,0,0
CLN_PE,D,20180213,000000,61.0547,62.6011,61.0547,62.0215,0,0
CLN_PE,D,20180214,000000,62.5058,64.1505,61.3446,62.8919,0,0
CLN_PE,D,20180215,000000,63.9569,63.9569,62.215,62.9882,0,0
CLN_PE,D,20180216,000000,62.9882,63.9569,62.9882,63.8596,0,0
CLN_PE,D,20180219,000000,64.343,64.343,62.8919,64.2467,0,0
CLN_PE,D,20180220,000000,64.2467,66.7628,63.8596,65.6015,0,0
CLN_PE,D,20180221,000000,66.472,66.7628,65.6015,66.0859,0,0
CLN_PE,D,20180222,000000,65.9876,65.9876,64.6338,65.2135,0,0
CLN_PE,D,20180223,000000,65.2135,66.3757,65.2135,65.2135,0,0
CLN_PE,D,20180226,000000,66.1812,66.5693,63.28,63.28,0,0
CLN_PE,D,20180227,000000,63.7634,64.5375,63.1837,63.4726,0,0
CLN_PE,D,20180228,000000,63.3753,63.4726,61.0547,61.6344,0,0
CLN_PE,D,20180301,000000,61.4399,62.0215,59.2146,60.1833,0,0
CLN_PE,D,20180302,000000,60.1833,60.5704,58.7322,59.8925,0,0
CLN_PE,D,20180305,000000,59.8925,60.5704,57.2792,59.6017,0,0
CLN_PE,D,20180306,000000,60.087,61.6344,59.6017,61.5381,0,0
CLN_PE,D,20180307,000000,61.4399,65.0199,58.6349,62.6011,0,0
CLN_PE,D,20180308,000000,63.7634,63.7634,62.0215,62.215,0,0
CLN_PE,D,20180309,000000,61.2473,62.1178,60.2806,61.5381,0,0
CLN_PE,D,20180312,000000,61.0547,62.0215,59.5054,60.087,0,0
CLN_PE,D,20180313,000000,59.9898,60.8602,59.5054,60.8602,0,0
CLN_PE,D,20180314,000000,59.6989,61.5381,59.6989,61.2473,0,0
CLN_PE,D,20180315,000000,61.2473,61.5381,60.087,61.0547,0,0
CLN_PE,D,20180316,000000,61.15,61.4399,59.8925,61.0547,0,0
CLN_PE,D,20180319,000000,60.4721,60.9575,59.5054,59.5054,0,0
CLN_PE,D,20180320,000000,60.087,60.9575,59.1193,60.3768,0,0
CLN_PE,D,20180321,000000,60.3768,60.8602,59.3128,59.6017,0,0
CLN_PE,D,20180322,000000,59.6989,61.5381,58.8285,60.087,0,0
CLN_PE,D,20180323,000000,60.6667,60.6667,58.9248,59.4091,0,0
CLN_PE,D,20180326,000000,59.1193,59.8925,58.3451,58.3451,0,0
CLN_PE,D,20180327,000000,59.1193,60.6667,58.8285,59.6989,0,0
CLN_PE,D,20180328,000000,59.1193,59.1193,55.9253,57.2792,0,0
CLN_PE,D,20180329,000000,57.0866,58.6349,56.8931,58.3451,0,0
CLN_PE,D,20180403,000000,58.5377,59.1193,57.0866,57.0866,0,0
CLN_PE,D,20180404,000000,57.0866,58.0533,56.6995,57.57,0,0
CLN_PE,D,20180405,000000,57.0866,58.6349,57.0866,58.4414,0,0
CLN_PE,D,20180406,000000,58.3451,58.5377,57.7645,57.958,0,0
CLN_PE,D,20180409,000000,57.7645,58.8285,57.7645,58.8285,0,0
CLN_PE,D,20180410,000000,59.0211,60.087,59.0211,59.9898,0,0
CLN_PE,D,20180411,000000,59.9898,61.0547,59.6017,61.0547,0,0
CLN_PE,D,20180412,000000,60.5704,61.6344,59.9898,59.9898,0,0
CLN_PE,D,20180413,000000,60.6667,60.6667,59.4091,59.6989,0,0
CLN_PE,D,20180416,000000,59.5054,59.9898,59.2146,59.6989,0,0
CLN_PE,D,20180417,000000,59.1193,59.2146,50.7979,50.7979,0,0
CLN_PE,D,20180418,000000,50.9914,50.9914,50.5071,50.7006,0,0
CLN_PE,D,20180419,000000,50.7006,51.6684,50.4108,51.3785,0,0
CLN_PE,D,20180420,000000,50.7979,51.3785,50.6034,50.9914,0,0
CLN_PE,D,20180423,000000,50.7979,51.4748,50.7979,51.3785,0,0
CLN_PE,D,20180424,000000,51.0877,51.4748,50.7979,50.9914,0,0
CLN_PE,D,20180425,000000,50.9914,51.6684,50.4108,50.9914,0,0
CLN_PE,D,20180426,000000,50.9914,51.9582,49.9265,50.9914,0,0
CLN_PE,D,20180427,000000,50.9914,51.9582,50.6034,51.9582,0,0
CLN_PE,D,20180430,000000,51.9582,52.248,50.9914,52.1517,0,0
CLN_PE,D,20180502,000000,52.1517,52.1517,50.7979,51.7656,0,0
CLN_PE,D,20180504,000000,52.0545,52.0545,50.9914,51.3785,0,0
CLN_PE,D,20180507,000000,51.0877,51.0877,49.9265,50.7006,0,0
CLN_PE,D,20180508,000000,50.12,50.7006,49.055,50.7006,0,0
CLN_PE,D,20180509,000000,50.5071,50.5071,49.3458,50.12,0,0
CLN_PE,D,20180510,000000,50.2173,50.3135,49.1523,49.8292,0,0
CLN_PE,D,20180511,000000,50.2173,50.2173,48.4754,49.1523,0,0
CLN_PE,D,20180514,000000,49.055,49.7329,47.8947,49.6356,0,0
CLN_PE,D,20180515,000000,49.6356,49.6356,49.055,49.2495,0,0
CLN_PE,D,20180516,000000,49.7329,51.0877,45.6695,45.6695,0,0
CLN_PE,D,20180517,000000,46.2491,46.2491,44.8953,45.6695,0,0
CLN_PE,D,20180518,000000,46.2491,46.2491,45.0898,45.7658,0,0
CLN_PE,D,20180521,000000,45.9593,45.9593,43.6368,44.8953,0,0
CLN_PE,D,20180522,000000,44.1221,46.1528,44.1221,44.8953,0,0
CLN_PE,D,20180523,000000,44.3147,45.5732,44.1221,44.8953,0,0
CLN_PE,D,20180524,000000,45.863,47.7985,45.6695,47.2168,0,0
CLN_PE,D,20180525,000000,47.7002,49.2495,47.7002,48.4754,0,0
CLN_PE,D,20180528,000000,48.4754,48.4754,46.3474,48.3781,0,0
CLN_PE,D,20180529,000000,48.1846,49.1523,46.3474,48.7662,0,0
CLN_PE,D,20180530,000000,47.992,48.3781,47.4104,47.992,0,0
CLN_PE,D,20180601,000000,47.7002,47.7002,46.0566,46.0566,0,0
CLN_PE,D,20180604,000000,46.1528,46.6372,45.7658,45.7658,0,0
CLN_PE,D,20180605,000000,45.7658,47.0243,45.1851,46.927,0,0
CLN_PE,D,20180606,000000,47.7002,47.7002,46.3474,46.927,0,0
CLN_PE,D,20180607,000000,46.7325,47.1206,46.0566,46.0566,0,0
CLN_PE,D,20180608,000000,46.0566,47.8947,46.0566,47.8947,0,0
CLN_PE,D,20180611,000000,48.9067,48.9067,47.7385,48.0303,0,0
CLN_PE,D,20180612,000000,48.3221,48.3221,46.6696,47.3514,0,0
CLN_PE,D,20180613,000000,46.7659,48.0303,46.7659,47.4467,0,0
CLN_PE,D,20180614,000000,46.8641,49.002,46.8641,48.2248,0,0
CLN_PE,D,20180615,000000,47.934,49.002,47.7385,49.002,0,0
CLN_PE,D,20180618,000000,48.7112,49.002,47.7385,49.002,0,0
CLN_PE,D,20180619,000000,49.002,49.002,48.2248,49.002,0,0
CLN_PE,D,20180620,000000,49.002,50.7537,49.002,49.5865,0,0
CLN_PE,D,20180621,000000,49.5865,49.5865,48.8094,49.392,0,0
CLN_PE,D,20180622,000000,48.5166,49.5865,48.0303,49.002,0,0
CLN_PE,D,20180625,000000,48.4194,49.392,47.4467,47.4467,0,0
CLN_PE,D,20180626,000000,48.2248,48.2248,45.5997,45.5997,0,0
CLN_PE,D,20180627,000000,45.5997,46.5724,45.4062,45.8915,0,0
CLN_PE,D,20180628,000000,46.4751,49.6828,46.4751,48.9067,0,0
CLN_PE,D,20180629,000000,48.9067,50.9472,47.934,50.9472,0,0
CLN_PE,D,20180702,000000,50.7537,50.7537,49.6828,49.6828,0,0
CLN_PE,D,20180703,000000,49.7811,51.4335,49.7811,51.3363,0,0
CLN_PE,D,20180704,000000,51.3363,52.8915,51.0455,52.3089,0,0
CLN_PE,D,20180705,000000,52.4062,53.6696,51.7263,51.9199,0,0
CLN_PE,D,20180706,000000,51.9199,52.698,48.6149,49.2947,0,0
CLN_PE,D,20180709,000000,49.5865,50.1701,48.0303,49.1975,0,0
CLN_PE,D,20180710,000000,48.4194,50.0728,48.4194,49.7811,0,0
CLN_PE,D,20180711,000000,49.6828,49.8783,48.7112,49.7811,0,0
CLN_PE,D,20180712,000000,49.2947,49.5865,48.4194,49.002,0,0
CLN_PE,D,20180713,000000,49.002,49.1975,48.0303,48.5166,0,0
CLN_PE,D,20180716,000000,48.9067,49.4893,47.934,48.7112,0,0
CLN_PE,D,20180717,000000,49.2947,53.3788,49.2947,53.1833,0,0
CLN_PE,D,20180718,000000,53.1833,53.1833,51.5308,51.7263,0,0
CLN_PE,D,20180719,000000,51.239,52.0171,50.5582,51.3363,0,0
CLN_PE,D,20180720,000000,51.9199,52.1144,51.3363,51.9199,0,0
CLN_PE,D,20180723,000000,52.1144,52.1144,51.3363,51.7263,0,0
CLN_PE,D,20180724,000000,51.7263,51.7263,50.7537,50.8509,0,0
CLN_PE,D,20180725,000000,51.4335,51.4335,50.3646,51.239,0,0
CLN_PE,D,20180726,000000,50.7537,50.7537,49.8783,50.1701,0,0
CLN_PE,D,20180727,000000,50.1701,52.1144,50.1701,52.1144,0,0
CLN_PE,D,20180730,000000,52.0171,52.0171,50.8509,51.1427,0,0
CLN_PE,D,20180731,000000,51.3363,51.4335,50.0728,51.239,0,0
CLN_PE,D,20180801,000000,51.3363,51.4335,50.8509,51.3363,0,0
CLN_PE,D,20180802,000000,50.8509,51.3363,50.3646,51.239,0,0
CLN_PE,D,20180803,000000,51.239,51.6281,50.6554,50.8509,0,0
CLN_PE,D,20180806,000000,50.8509,52.698,50.6554,52.1144,0,0
CLN_PE,D,20180807,000000,52.698,55.8084,52.1144,54.935,0,0
CLN_PE,D,20180808,000000,55.2258,55.2258,53.9624,54.545,0,0
CLN_PE,D,20180809,000000,54.545,54.545,54.0587,54.2532,0,0
CLN_PE,D,20180810,000000,53.9624,53.9624,53.2815,53.3788,0,0
CLN_PE,D,20180813,000000,53.5724,53.5724,51.9199,51.9199,0,0
CLN_PE,D,20180814,000000,51.9199,52.8915,50.9472,51.3363,0,0
CLN_PE,D,20180816,000000,51.3363,52.8915,51.3363,51.3363,0,0
CLN_PE,D,20180817,000000,51.5308,51.5308,48.3221,48.8094,0,0
CLN_PE,D,20180820,000000,50.5582,50.5582,48.5166,50.5582,0,0
CLN_PE,D,20180821,000000,50.9472,52.698,49.1975,49.7811,0,0
CLN_PE,D,20180822,000000,49.002,53.1833,49.002,52.8915,0,0
CLN_PE,D,20180823,000000,51.3363,52.6007,51.3363,51.3363,0,0
CLN_PE,D,20180824,000000,50.8509,50.8509,49.6828,49.6828,0,0
CLN_PE,D,20180827,000000,49.4893,50.2674,49.002,49.1975,0,0
CLN_PE,D,20180828,000000,49.002,52.698,49.002,52.5034,0,0
CLN_PE,D,20180829,000000,52.0171,52.7942,51.1427,52.698,0,0
CLN_PE,D,20180830,000000,53.3788,53.3788,51.7263,52.2116,0,0
CLN_PE,D,20180831,000000,51.8226,54.935,50.4609,54.4477,0,0
CLN_PE,D,20180903,000000,54.4477,54.935,51.5308,51.5308,0,0
CLN_PE,D,20180904,000000,52.8915,53.6696,51.6281,51.7263,0,0
CLN_PE,D,20180905,000000,52.4062,52.698,51.7263,52.2116,0,0
CLN_PE,D,20180906,000000,51.6281,52.1144,51.4335,51.5308,0,0
CLN_PE,D,20180907,000000,51.5308,52.5034,51.4335,52.0171,0,0
CLN_PE,D,20180910,000000,51.4335,52.0171,51.0455,51.3363,0,0
CLN_PE,D,20180911,000000,51.8226,52.0171,50.5582,51.4335,0,0
CLN_PE,D,20180912,000000,51.8226,51.8226,50.8509,51.6281,0,0
CLN_PE,D,20180913,000000,52.6007,52.6007,51.4335,52.5034,0,0
CLN_PE,D,20180914,000000,52.698,53.9624,52.698,52.8915,0,0
CLN_PE,D,20180917,000000,53.5724,53.5724,52.2116,52.2116,0,0
CLN_PE,D,20180918,000000,52.2116,52.8915,52.0171,52.8915,0,0
CLN_PE,D,20180919,000000,52.8915,52.8915,52.1144,52.1144,0,0
CLN_PE,D,20180920,000000,52.0171,52.698,51.5308,52.1144,0,0
CLN_PE,D,20180921,000000,52.1144,52.7942,51.3363,52.3089,0,0
CLN_PE,D,20180924,000000,52.5034,52.5034,50.7537,51.0455,0,0
CLN_PE,D,20180925,000000,51.9199,52.7942,51.3363,52.5034,0,0
CLN_PE,D,20180926,000000,52.698,53.9624,51.1427,53.9624,0,0
CLN_PE,D,20180927,000000,52.9898,54.3505,52.6007,52.698,0,0
CLN_PE,D,20180928,000000,54.1559,54.2532,53.3788,53.7669,0,0
CLN_PE,D,20181001,000000,54.2532,54.2532,52.6007,54.2532,0,0
CLN_PE,D,20181002,000000,54.2532,54.6422,54.1559,54.2532,0,0
CLN_PE,D,20181003,000000,54.4477,54.4477,54.1559,54.2532,0,0
CLN_PE,D,20181004,000000,54.2532,54.2532,53.4751,54.2532,0,0
CLN_PE,D,20181005,000000,53.5724,53.8641,53.087,53.8641,0,0
CLN_PE,D,20181008,000000,53.8641,53.8641,53.087,53.6696,0,0
CLN_PE,D,20181009,000000,53.6696,53.6696,52.4062,52.8915,0,0
CLN_PE,D,20181010,000000,52.9898,53.087,51.239,51.239,0,0
CLN_PE,D,20181011,000000,50.5582,51.8226,48.3221,50.0728,0,0
CLN_PE,D,20181012,000000,48.9067,50.1701,48.9067,49.2947,0,0
CLN_PE,D,20181015,000000,49.2947,50.9472,49.1002,50.9472,0,0
CLN_PE,D,20181016,000000,50.0728,50.9472,50.0728,50.9472,0,0
CLN_PE,D,20181017,000000,50.5582,50.9472,50.0728,50.1701,0,0
CLN_PE,D,20181018,000000,50.7537,50.7537,49.6828,50.1701,0,0
CLN_PE,D,20181019,000000,48.6149,50.0728,48.5166,48.8094,0,0
CLN_PE,D,20181022,000000,48.6149,48.8094,48.0303,48.2248,0,0
CLN_PE,D,20181023,000000,48.0303,49.5865,47.7385,48.0303,0,0
CLN_PE,D,20181024,000000,48.0303,49.1975,47.3514,48.2248,0,0
CLN_PE,D,20181025,000000,47.0577,47.2532,46.0851,46.4751,0,0
CLN_PE,D,20181026,000000,46.7659,47.8368,46.2806,46.9614,0,0
CLN_PE,D,20181029,000000,47.0577,47.7385,46.2806,46.8641,0,0
CLN_PE,D,20181030,000000,47.1559,47.1559,46.3788,46.8641,0,0
CLN_PE,D,20181031,000000,47.1559,47.4467,46.6696,47.4467,0,0
CLN_PE,D,20181102,000000,47.934,49.5865,47.6422,48.8094,0,0
CLN_PE,D,20181105,000000,48.7112,48.7112,47.7385,47.8368,0,0
CLN_PE,D,20181106,000000,47.7385,47.8368,47.1559,47.1559,0,0
CLN_PE,D,20181107,000000,46.9614,48.0303,46.9614,48.0303,0,0
CLN_PE,D,20181108,000000,48.8094,49.5865,47.544,47.934,0,0
CLN_PE,D,20181109,000000,47.8368,48.3221,47.2532,48.0303,0,0
CLN_PE,D,20181113,000000,47.2532,47.7385,46.4751,47.7385,0,0
CLN_PE,D,20181114,000000,47.7385,48.4194,47.0577,48.0303,0,0
CLN_PE,D,20181115,000000,49.5865,49.9746,44.3363,44.3363,0,0
CLN_PE,D,20181116,000000,45.4062,45.4062,43.1701,44.1427,0,0
CLN_PE,D,20181119,000000,43.9472,44.1427,42.1975,42.2938,0,0
CLN_PE,D,20181120,000000,42.7811,43.9472,42.1975,43.4619,0,0
CLN_PE,D,20181121,000000,42.6838,43.9472,42.6838,43.9472,0,0
CLN_PE,D,20181122,000000,43.849,45.3079,43.849,44.3363,0,0
CLN_PE,D,20181123,000000,44.9199,45.1144,44.9199,45.0171,0,0
CLN_PE,D,20181126,000000,45.4062,45.698,44.239,45.3079,0,0
CLN_PE,D,20181127,000000,45.5025,46.3788,45.5025,45.9888,0,0
CLN_PE,D,20181128,000000,46.2806,46.3788,44.9199,46.1833,0,0
CLN_PE,D,20181129,000000,46.1833,46.4751,45.698,46.4751,0,0
CLN_PE,D,20181130,000000,46.4751,46.9614,46.4751,46.4751,0,0
CLN_PE,D,20181203,000000,46.6696,47.0577,46.6696,47.0577,0,0
CLN_PE,D,20181204,000000,46.2806,48.2248,46.2806,48.2248,0,0
CLN_PE,D,20181205,000000,48.3221,48.3221,47.3514,47.4467,0,0
CLN_PE,D,20181206,000000,47.6422,48.6149,46.3788,47.934,0,0
CLN_PE,D,20181207,000000,47.934,48.4194,47.3514,48.3221,0,0
CLN_PE,D,20181210,000000,46.9614,47.8368,46.0851,47.7385,0,0
CLN_PE,D,20181211,000000,47.7385,47.8368,46.1833,47.7385,0,0
CLN_PE,D,20181212,000000,47.6422,47.934,46.4751,47.934,0,0
CLN_PE,D,20181213,000000,47.934,48.4194,47.3514,47.4467,0,0
CLN_PE,D,20181214,000000,47.4467,47.934,46.5724,47.1559,0,0
CLN_PE,D,20181217,000000,47.0577,47.934,46.9614,47.4467,0,0
CLN_PE,D,20181218,000000,46.9614,47.6422,46.3788,46.8641,0,0
CLN_PE,D,20181219,000000,46.9614,47.0577,45.8915,46.2806,0,0
CLN_PE,D,20181220,000000,45.9888,46.1833,45.1144,45.5997,0,0
CLN_PE,D,20181221,000000,45.5997,46.0851,44.7253,45.8915,0,0
CLN_PE,D,20181227,000000,46.0851,47.2532,45.1144,47.0577,0,0
CLN_PE,D,20181228,000000,45.9888,46.4751,45.9888,46.0851,0,0
CLN_PE,D,20190102,000000,45.698,45.9888,45.3079,45.8915,0,0
CLN_PE,D,20190103,000000,45.4062,45.698,45.3079,45.698,0,0
CLN_PE,D,20190104,000000,45.2107,45.698,45.1144,45.5997,0,0
CLN_PE,D,20190107,000000,45.5997,45.5997,43.7527,44.9199,0,0
CLN_PE,D,20190108,000000,44.1427,45.1144,44.0445,44.1427,0,0
CLN_PE,D,20190109,000000,44.5298,44.5298,44.1427,44.5298,0,0
CLN_PE,D,20190110,000000,45.0171,45.1144,44.239,45.0171,0,0
CLN_PE,D,20190111,000000,44.4335,44.9199,44.239,44.7253,0,0
CLN_PE,D,20190114,000000,45.0171,45.4062,45.0171,45.1144,0,0
CLN_PE,D,20190115,000000,46.4751,46.6696,45.3079,46.4751,0,0
CLN_PE,D,20190116,000000,46.4751,46.6696,46.4751,46.4751,0,0
CLN_PE,D,20190117,000000,45.9888,45.9888,45.0171,45.7942,0,0
CLN_PE,D,20190118,000000,46.2806,46.2806,45.3079,45.7942,0,0
CLN_PE,D,20190121,000000,45.7942,45.7942,45.4062,45.698,0,0
CLN_PE,D,20190122,000000,46.6696,46.6696,45.5025,45.8915,0,0
CLN_PE,D,20190123,000000,46.3788,47.6422,45.8915,46.8641,0,0
CLN_PE,D,20190124,000000,47.1559,47.6422,46.5724,47.1559,0,0
CLN_PE,D,20190125,000000,46.6696,46.8641,46.4751,46.7659,0,0
CLN_PE,D,20190128,000000,48.7112,49.5865,48.7112,49.2947,0,0
CLN_PE,D,20190129,000000,49.4893,51.239,49.4893,50.8509,0,0
CLN_PE,D,20190130,000000,51.1427,52.1144,50.7537,51.7263,0,0
CLN_PE,D,20190131,000000,52.2116,52.2116,50.9472,51.0455,0,0
CLN_PE,D,20190201,000000,51.5308,51.6281,50.5582,51.6281,0,0
CLN_PE,D,20190204,000000,51.6281,52.1144,50.8509,51.6281,0,0
CLN_PE,D,20190205,000000,51.6281,52.1144,51.6281,51.6281,0,0
CLN_PE,D,20190206,000000,51.8226,51.8226,50.4609,50.8509,0,0
CLN_PE,D,20190207,000000,50.9472,51.6281,49.7811,51.0455,0,0
CLN_PE,D,20190208,000000,51.239,51.8226,51.239,51.6281,0,0
CLN_PE,D,20190211,000000,51.8226,51.8226,50.7537,51.7263,0,0
CLN_PE,D,20190212,000000,51.5308,51.7263,51.3363,51.7263,0,0
CLN_PE,D,20190213,000000,51.7263,52.0171,51.5308,52.0171,0,0
CLN_PE,D,20190214,000000,52.0171,55.8084,52.0171,55.7121,0,0
CLN_PE,D,20190215,000000,56.2947,60.2825,56.2947,56.8793,0,0
CLN_PE,D,20190218,000000,57.4619,58.1427,55.4204,57.1711,0,0
CLN_PE,D,20190219,000000,57.4619,57.4619,56.4902,57.1711,0,0
CLN_PE,D,20190220,000000,56.393,56.7811,55.7121,56.0029,0,0
CLN_PE,D,20190221,000000,55.7121,56.0029,55.2258,55.7121,0,0
CLN_PE,D,20190222,000000,55.2258,56.393,54.935,56.0029,0,0
CLN_PE,D,20190225,000000,56.2947,57.6564,56.1002,56.6838,0,0
CLN_PE,D,20190226,000000,56.6838,56.6838,54.8368,56.6838,0,0
CLN_PE,D,20190227,000000,56.6838,56.6838,55.0303,56.0029,0,0
CLN_PE,D,20190228,000000,56.0029,56.0029,55.2258,55.6149,0,0
CLN_PE,D,20190301,000000,55.5176,56.6838,55.4204,56.5865,0,0
CLN_PE,D,20190304,000000,57.1711,58.1427,57.1711,58.1427,0,0
CLN_PE,D,20190305,000000,58.3373,60.088,58.3373,59.8925,0,0
CLN_PE,D,20190306,000000,59.8925,64.9482,59.8925,63.9766,0,0
CLN_PE,D,20190307,000000,63.4902,66.5034,62.0313,66.5034,0,0
CLN_PE,D,20190308,000000,67.5733,70.782,66.2126,70.1985,0,0
CLN_PE,D,20190311,000000,70.6848,70.6848,66.9907,67.2815,0,0
CLN_PE,D,20190312,000000,66.7962,68.6432,64.3646,64.4629,0,0
CLN_PE,D,20190313,000000,64.4629,66.7962,63.2967,65.7263,0,0
CLN_PE,D,20190314,000000,66.1154,66.6007,64.8509,66.3099,0,0
CLN_PE,D,20190315,000000,66.4072,66.6989,65.8236,66.3099,0,0
CLN_PE,D,20190318,000000,66.3099,70.1022,66.3099,67.8661,0,0
CLN_PE,D,20190319,000000,68.935,70.1022,67.8661,69.1295,0,0
CLN_PE,D,20190320,000000,69.0323,69.0323,66.8935,67.7679,0,0
CLN_PE,D,20190321,000000,68.2542,68.546,66.6989,67.5733,0,0
CLN_PE,D,20190322,000000,68.3524,68.935,67.4761,67.7679,0,0
CLN_PE,D,20190325,000000,67.7679,69.1295,67.7679,67.9624,0,0
CLN_PE,D,20190326,000000,67.8661,69.0323,67.8661,68.3524,0,0
CLN_PE,D,20190327,000000,68.6432,70.2957,66.1154,66.1154,0,0
CLN_PE,D,20190328,000000,67.5733,67.5733,62.9067,63.392,0,0
CLN_PE,D,20190329,000000,62.0313,64.3646,61.8368,61.8368,0,0
CLN_PE,D,20190401,000000,63.0039,67.7679,63.0039,67.7679,0,0
CLN_PE,D,20190402,000000,68.546,75.2552,67.3798,75.1569,0,0
CLN_PE,D,20190403,000000,74.5743,74.5743,70.6848,70.6848,0,0
CLN_PE,D,20190404,000000,71.4629,71.9482,70.393,70.6848,0,0
CLN_PE,D,20190405,000000,70.5885,71.2684,67.1843,67.1843,0,0
CLN_PE,D,20190408,000000,67.1843,68.546,66.7962,67.1843,0,0
CLN_PE,D,20190409,000000,67.9624,68.7395,67.6716,67.9624,0,0
CLN_PE,D,20190410,000000,68.6432,69.0323,67.1843,68.0596,0,0
CLN_PE,D,20190411,000000,67.8661,68.7395,67.2815,67.9624,0,0
CLN_PE,D,20190412,000000,68.0596,68.8368,67.088,67.1843,0,0
CLN_PE,D,20190415,000000,67.088,68.2542,66.6989,66.9907,0,0
CLN_PE,D,20190416,000000,68.3524,68.3524,65.4355,65.7263,0,0
CLN_PE,D,20190417,000000,66.5034,67.7679,65.8236,66.4072,0,0
CLN_PE,D,20190418,000000,65.6281,67.6716,64.0738,64.8509,0,0
CLN_PE,D,20190423,000000,67.7679,67.7679,65.9208,66.0181,0,0
CLN_PE,D,20190424,000000,66.0181,66.0181,64.8509,65.24,0,0
CLN_PE,D,20190425,000000,65.24,65.5318,64.4629,64.9482,0,0
CLN_PE,D,20190426,000000,58.9199,62.7112,58.9199,61.1559,0,0
CLN_PE,D,20190429,000000,61.4291,62.1138,60.7453,62.1138,0,0
CLN_PE,D,20190430,000000,62.1138,64.4619,62.1138,62.9941,0,0
CLN_PE,D,20190502,000000,63.8754,64.6574,63.5816,63.7771,0,0
CLN_PE,D,20190506,000000,63.2888,64.2654,62.3103,62.5058,0,0
CLN_PE,D,20190507,000000,62.5058,62.9941,62.0166,62.2121,0,0
CLN_PE,D,20190508,000000,62.2121,63.5816,61.8201,61.9183,0,0
CLN_PE,D,20190509,000000,61.7228,61.7228,59.7667,59.7667,0,0
CLN_PE,D,20190510,000000,59.9622,61.4291,58.3972,58.4954,0,0
CLN_PE,D,20190513,000000,59.9622,59.9622,57.8107,58.2989,0,0
CLN_PE,D,20190514,000000,55.3644,58.3972,55.3644,58.3972,0,0
CLN_PE,D,20190515,000000,59.7667,59.7667,57.6142,59.5702,0,0
CLN_PE,D,20190516,000000,58.9837,61.1353,58.9837,61.1353,0,0
CLN_PE,D,20190517,000000,61.3318,62.9941,59.6685,62.7004,0,0
CLN_PE,D,20190520,000000,62.9941,62.9941,61.3318,61.8201,0,0
CLN_PE,D,20190521,000000,61.5273,62.0166,61.3318,61.3318,0,0
CLN_PE,D,20190522,000000,60.1578,61.9183,60.0605,60.7453,0,0
CLN_PE,D,20190523,000000,61.4291,62.0166,60.8425,60.8425,0,0
CLN_PE,D,20190524,000000,60.8425,61.9183,60.8425,61.8201,0,0
CLN_PE,D,20190527,000000,61.9183,65.1467,61.9183,64.5601,0,0
CLN_PE,D,20190528,000000,65.1467,65.9287,64.9502,65.8314,0,0
CLN_PE,D,20190529,000000,65.7332,65.7332,62.9941,63.0924,0,0
CLN_PE,D,20190530,000000,62.9941,64.8529,62.9941,62.9941,0,0
CLN_PE,D,20190531,000000,63.8754,64.8529,62.7986,64.5601,0,0
CLN_PE,D,20190603,000000,63.0924,65.0484,63.0924,64.6574,0,0
CLN_PE,D,20190604,000000,64.0709,64.0709,62.7986,63.1906,0,0
CLN_PE,D,20190605,000000,62.7986,62.7986,61.8201,61.8201,0,0
CLN_PE,D,20190606,000000,61.5273,61.7228,60.256,61.7228,0,0
CLN_PE,D,20190607,000000,61.7228,64.0709,61.7228,63.2888,0,0
CLN_PE,D,20190610,000000,64.0709,64.5601,61.8201,63.6789,0,0
CLN_PE,D,20190611,000000,63.6789,64.5601,63.6789,63.7771,0,0
CLN_PE,D,20190612,000000,63.2888,65.4404,63.2888,65.4404,0,0
CLN_PE,D,20190613,000000,65.4404,68.1785,65.4404,67.592,0,0
CLN_PE,D,20190614,000000,67.3965,68.9615,67.3965,68.8633,0,0
CLN_PE,D,20190617,000000,68.9615,71.6996,68.9615,70.3301,0,0
CLN_PE,D,20190618,000000,70.3301,70.3301,68.4723,69.0588,0,0
CLN_PE,D,20190619,000000,69.9401,69.9401,67.1037,67.592,0,0
CLN_PE,D,20190621,000000,67.7875,69.9401,67.592,69.5481,0,0
CLN_PE,D,20190624,000000,69.7436,70.4284,67.8848,69.3535,0,0
CLN_PE,D,20190625,000000,69.5481,69.6463,67.983,69.6463,0,0
CLN_PE,D,20190626,000000,70.2328,70.2328,67.0055,69.1571,0,0
CLN_PE,D,20190627,000000,69.1571,69.1571,66.809,67.1037,0,0
CLN_PE,D,20190628,000000,68.375,68.375,67.2982,67.2982,0,0
CLN_PE,D,20190701,000000,67.2982,68.5705,67.2982,68.375,0,0
CLN_PE,D,20190702,000000,68.9615,68.9615,66.9072,68.8633,0,0
CLN_PE,D,20190703,000000,68.7651,68.7651,67.592,68.6678,0,0
CLN_PE,D,20190704,000000,68.6678,72.4827,67.7875,71.8961,0,0
CLN_PE,D,20190705,000000,72.1899,72.6782,71.4069,71.6024,0,0
CLN_PE,D,20190708,000000,71.7979,71.7979,69.8418,70.4284,0,0
CLN_PE,D,20190709,000000,70.4284,72.0916,69.6463,69.7436,0,0
CLN_PE,D,20190710,000000,71.3086,71.4069,69.4498,70.9176,0,0
CLN_PE,D,20190711,000000,70.9176,71.4069,69.7436,70.9176,0,0
CLN_PE,D,20190712,000000,71.1131,74.928,70.7221,74.6352,0,0
CLN_PE,D,20190715,000000,74.6352,74.6352,71.6024,71.6024,0,0
CLN_PE,D,20190716,000000,72.5799,73.9495,72.0916,72.1899,0,0
CLN_PE,D,20190717,000000,72.6782,73.7549,72.2872,72.9719,0,0
CLN_PE,D,20190718,000000,72.9719,72.9719,70.7221,71.2114,0,0
CLN_PE,D,20190719,000000,72.2872,73.9495,72.0916,73.7549,0,0
CLN_PE,D,20190722,000000,73.9495,75.711,72.8737,72.8737,0,0
CLN_PE,D,20190723,000000,73.6567,74.2432,73.1684,73.3629,0,0
CLN_PE,D,20190724,000000,73.8522,74.145,73.8522,74.0477,0,0
CLN_PE,D,20190725,000000,74.537,74.537,73.2647,73.5585,0,0
CLN_PE,D,20190726,000000,74.4397,74.4397,72.6782,73.4612,0,0
CLN_PE,D,20190729,000000,73.4612,73.4612,71.8961,71.8961,0,0
CLN_PE,D,20190730,000000,71.2114,71.2114,67.7875,70.7221,0,0
CLN_PE,D,20190731,000000,69.6463,70.9176,68.4723,70.5266,0,0
CLN_PE,D,20190801,000000,70.7221,70.7221,68.9615,69.1571,0,0
CLN_PE,D,20190802,000000,68.5705,69.5481,67.7875,67.7875,0,0
CLN_PE,D,20190805,000000,67.592,67.592,65.7332,66.1252,0,0
CLN_PE,D,20190806,000000,63.8754,66.6135,63.8754,65.6349,0,0
CLN_PE,D,20190807,000000,65.1467,66.1252,62.7004,62.9941,0,0
CLN_PE,D,20190808,000000,62.7986,65.7332,62.7986,64.7556,0,0
CLN_PE,D,20190809,000000,65.8314,65.8314,62.9941,62.9941,0,0
CLN_PE,D,20190812,000000,63.4834,64.4619,61.4291,63.4834,0,0
CLN_PE,D,20190813,000000,63.3851,64.7556,62.7986,62.9941,0,0
CLN_PE,D,20190814,000000,62.6031,64.2654,62.6031,62.9941,0,0
CLN_PE,D,20190816,000000,63.7771,65.5377,62.6031,62.9941,0,0
CLN_PE,D,20190819,000000,64.0709,64.2654,62.9941,63.7771,0,0
CLN_PE,D,20190820,000000,63.7771,65.6349,63.0924,63.7771,0,0
CLN_PE,D,20190821,000000,63.7771,63.7771,63.1906,63.4834,0,0
CLN_PE,D,20190822,000000,63.7771,63.7771,62.7004,62.9941,0,0
CLN_PE,D,20190823,000000,62.9941,64.3636,62.4076,62.7004,0,0
CLN_PE,D,20190826,000000,62.2121,62.7004,61.2335,62.2121,0,0
CLN_PE,D,20190827,000000,62.0166,62.0166,61.2335,61.5273,0,0
CLN_PE,D,20190828,000000,62.1138,62.7004,61.039,61.5273,0,0
CLN_PE,D,20190829,000000,61.2335,62.4076,61.2335,62.4076,0,0
CLN_PE,D,20190830,000000,62.6031,66.1252,62.2121,62.2121,0,0
CLN_PE,D,20190902,000000,62.1138,65.2439,62.1138,63.3851,0,0
CLN_PE,D,20190903,000000,64.5601,64.5601,62.5058,62.9941,0,0
CLN_PE,D,20190904,000000,62.8968,63.9726,61.7228,63.2888,0,0
CLN_PE,D,20190905,000000,63.1906,64.1681,62.9941,63.6789,0,0
CLN_PE,D,20190906,000000,63.1906,63.8754,62.2121,62.2121,0,0
CLN_PE,D,20190909,000000,63.4834,63.4834,61.1353,61.7228,0,0
CLN_PE,D,20190910,000000,62.6031,62.6031,58.9837,59.1792,0,0
CLN_PE,D,20190911,000000,59.3757,61.5273,58.2989,61.5273,0,0
CLN_PE,D,20190912,000000,62.6031,62.6031,60.9408,61.7228,0,0
CLN_PE,D,20190913,000000,61.7228,63.4834,61.5273,62.2121,0,0
CLN_PE,D,20190916,000000,63.3851,64.3636,62.5058,62.6031,0,0
CLN_PE,D,20190917,000000,63.6789,64.2654,62.5058,62.5058,0,0
CLN_PE,D,20190918,000000,63.6789,64.8529,62.3103,63.2888,0,0
CLN_PE,D,20190919,000000,64.1681,64.4619,62.9941,63.4834,0,0
CLN_PE,D,20190920,000000,64.2654,64.3636,63.3851,63.3851,0,0
CLN_PE,D,20190923,000000,64.3636,68.1785,63.4834,66.809,0,0
CLN_PE,D,20190924,000000,68.1785,70.7221,67.983,69.3535,0,0
CLN_PE,D,20190925,000000,69.5481,69.5481,67.592,67.592,0,0
CLN_PE,D,20190926,000000,66.809,68.9615,66.2225,66.2225,0,0
CLN_PE,D,20190927,000000,66.3207,67.1037,64.9502,65.0484,0,0
CLN_PE,D,20190930,000000,63.7771,80.9927,62.1138,80.9927,0,0
CLN_PE,D,20191001,000000,81.3847,86.0799,79.7214,84.2211,0,0
CLN_PE,D,20191002,000000,85.7861,85.7861,81.1882,81.1882,0,0
CLN_PE,D,20191003,000000,80.9927,82.0695,80.9927,82.0695,0,0
CLN_PE,D,20191004,000000,82.0695,83.3408,80.5044,83.3408,0,0
CLN_PE,D,20191007,000000,83.438,84.9058,83.3408,84.3193,0,0
CLN_PE,D,20191008,000000,86.2744,88.1342,83.3408,86.7646,0,0
CLN_PE,D,20191009,000000,87.1556,89.1127,86.7646,88.2314,0,0
CLN_PE,D,20191010,000000,89.1127,90.0893,86.6664,88.1342,0,0
CLN_PE,D,20191011,000000,89.8938,89.8938,85.4924,86.4709,0,0
CLN_PE,D,20191014,000000,85.1996,86.4709,83.6345,83.9273,0,0
CLN_PE,D,20191015,000000,83.9273,85.1996,83.7318,83.9273,0,0
CLN_PE,D,20191016,000000,83.8291,85.1996,83.8291,84.3193,0,0
CLN_PE,D,20191017,000000,84.3193,85.6879,84.2211,85.5906,0,0
CLN_PE,D,20191018,000000,85.6879,86.4709,83.7318,83.8291,0,0
CLN_PE,D,20191021,000000,84.3193,85.1996,83.438,84.2211,0,0
CLN_PE,D,20191022,000000,84.6121,84.6121,81.873,81.873,0,0
CLN_PE,D,20191023,000000,81.5792,83.048,79.3294,81.5792,0,0
CLN_PE,D,20191024,000000,81.9712,82.1667,80.7972,81.1882,0,0
CLN_PE,D,20191025,000000,80.6017,82.9498,79.0366,79.5259,0,0
CLN_PE,D,20191028,000000,79.4276,82.7533,79.4276,81.5792,0,0
CLN_PE,D,20191029,000000,82.3622,83.2425,81.9712,82.3622,0,0
CLN_PE,D,20191030,000000,83.1443,83.1443,81.3847,82.7533,0,0
CLN_PE,D,20191031,000000,82.7533,82.7533,81.7757,82.3622,0,0
CLN_PE,D,20191104,000000,82.1667,85.4924,81.2865,85.0031,0,0
CLN_PE,D,20191105,000000,85.0031,85.2978,84.3193,85.1996,0,0
CLN_PE,D,20191106,000000,85.1996,85.5906,84.1228,85.1996,0,0
CLN_PE,D,20191107,000000,84.3193,84.4166,83.438,84.3193,0,0
CLN_PE,D,20191108,000000,85.6879,86.2744,83.8291,86.0799,0,0
CLN_PE,D,20191112,000000,83.6345,116.991,83.6345,116.991,0,0
CLN_PE,D,20191113,000000,116.991,120.213,116.598,116.598,0,0
CLN_PE,D,20191114,000000,116.893,118.455,115.134,116.401,0,0
CLN_PE,D,20191115,000000,115.724,118.946,115.724,117.767,0,0
CLN_PE,D,20191118,000000,118.062,119.142,118.062,118.455,0,0
CLN_PE,D,20191119,000000,119.339,120.705,118.749,120.41,0,0
CLN_PE,D,20191120,000000,121.491,124.625,119.044,120.508,0,0
CLN_PE,D,20191121,000000,120.115,120.115,116.893,117.865,0,0
CLN_PE,D,20191122,000000,118.062,118.062,115.134,115.134,0,0
CLN_PE,D,20191125,000000,113.759,116.991,111.705,116.696,0,0
CLN_PE,D,20191126,000000,116.696,119.624,116.696,119.241,0,0
CLN_PE,D,20191127,000000,119.241,119.241,116.598,117.669,0,0
CLN_PE,D,20191128,000000,116.893,118.356,116.5,118.258,0,0
CLN_PE,D,20191129,000000,118.258,118.946,117.187,118.946,0,0
CLN_PE,D,20191202,000000,119.624,121.491,118.258,118.946,0,0
CLN_PE,D,20191203,000000,119.241,120.705,117.482,119.624,0,0
CLN_PE,D,20191204,000000,120.705,120.999,119.535,120.803,0,0
CLN_PE,D,20191205,000000,120.803,120.803,116.991,116.991,0,0
CLN_PE,D,20191206,000000,116.991,116.991,115.429,115.625,0,0
CLN_PE,D,20191209,000000,116.991,116.991,114.938,115.331,0,0
CLN_PE,D,20191210,000000,115.331,115.331,112.982,114.25,0,0
CLN_PE,D,20191211,000000,112.884,112.884,110.133,110.133,0,0
CLN_PE,D,20191212,000000,110.133,110.526,105.251,107.893,0,0
CLN_PE,D,20191213,000000,107.599,112.098,106.528,106.822,0,0
CLN_PE,D,20191216,000000,106.822,108.679,105.545,108.679,0,0
CLN_PE,D,20191217,000000,110.133,110.232,107.599,108.974,0,0
CLN_PE,D,20191218,000000,108.581,108.581,107.107,107.402,0,0
CLN_PE,D,20191219,000000,106.331,107.5,105.251,106.036,0,0
CLN_PE,D,20191220,000000,106.036,106.036,103.59,103.679,0,0
CLN_PE,D,20191223,000000,103.679,109.269,103.679,108.876,0,0
CLN_PE,D,20191227,000000,109.269,109.269,107.599,107.599,0,0
CLN_PE,D,20191230,000000,107.107,111.018,105.447,105.545,0,0
CLN_PE,D,20200102,000000,105.644,111.705,105.644,111.607,0,0
CLN_PE,D,20200103,000000,113.179,115.625,112.393,115.625,0,0
CLN_PE,D,20200107,000000,117.482,118.258,115.625,116.313,0,0
CLN_PE,D,20200108,000000,116.401,116.401,113.366,116.018,0,0
CLN_PE,D,20200109,000000,116.794,120.41,116.794,119.624,0,0
CLN_PE,D,20200110,000000,120.705,122.276,119.82,122.276,0,0
CLN_PE,D,20200113,000000,129.999,129.999,123.839,128.338,0,0
CLN_PE,D,20200114,000000,129.704,133.909,129.704,132.258,0,0
CLN_PE,D,20200115,000000,132.641,132.641,127.552,127.552,0,0
CLN_PE,D,20200116,000000,128.535,129.9,126.57,127.061,0,0
CLN_PE,D,20200117,000000,127.061,130.293,127.061,129.802,0,0
CLN_PE,D,20200120,000000,130.195,133.614,130.195,133.123,0,0
CLN_PE,D,20200121,000000,133.909,133.909,132.641,132.926,0,0
CLN_PE,D,20200122,000000,132.926,132.926,128.731,131.865,0,0
CLN_PE,D,20200123,000000,131.571,131.571,126.275,126.275,0,0
CLN_PE,D,20200124,000000,125.204,126.57,122.178,123.642,0,0
CLN_PE,D,20200127,000000,123.642,125.794,118.356,119.624,0,0
CLN_PE,D,20200128,000000,122.856,124.33,120.017,122.276,0,0
CLN_PE,D,20200129,000000,123.642,123.642,120.705,122.276,0,0
CLN_PE,D,20200130,000000,123.839,123.839,119.339,119.339,0,0
CLN_PE,D,20200131,000000,119.722,122.178,116.991,116.991,0,0
CLN_PE,D,20200203,000000,116.5,118.848,116.018,116.696,0,0
CLN_PE,D,20200204,000000,116.696,116.696,110.723,112.393,0,0
CLN_PE,D,20200205,000000,112.393,115.625,112.393,115.625,0,0
CLN_PE,D,20200206,000000,116.313,118.258,115.92,115.92,0,0
CLN_PE,D,20200207,000000,116.991,116.991,112.982,113.267,0,0
CLN_PE,D,20200210,000000,113.267,113.267,109.858,110.723,0,0
CLN_PE,D,20200211,000000,110.723,110.723,109.564,110.526,0,0
CLN_PE,D,20200212,000000,112.688,118.553,111.607,118.553,0,0
CLN_PE,D,20200213,000000,119.624,120.115,117.187,117.482,0,0
CLN_PE,D,20200214,000000,116.991,116.991,115.92,116.696,0,0
CLN_PE,D,20200217,000000,116.991,119.044,115.625,119.044,0,0
CLN_PE,D,20200218,000000,119.339,119.339,116.313,117.384,0,0
CLN_PE,D,20200219,000000,122.276,125.499,117.384,117.384,0,0
CLN_PE,D,20200220,000000,118.062,118.062,114.741,114.938,0,0
CLN_PE,D,20200221,000000,118.356,118.356,115.724,116.018,0,0
CLN_PE,D,20200224,000000,116.018,116.018,110.133,110.33,0,0
CLN_PE,D,20200225,000000,109.564,114.348,106.626,113.857,0,0
CLN_PE,D,20200226,000000,113.857,116.696,109.662,110.821,0,0
CLN_PE,D,20200227,000000,110.526,110.526,102.323,105.938,0,0
CLN_PE,D,20200228,000000,102.028,105.251,95.4702,99.3853,0,0
CLN_PE,D,20200302,000000,103.59,106.822,98.894,103.394,0,0
CLN_PE,D,20200303,000000,106.233,108.483,103.777,106.331,0,0
CLN_PE,D,20200304,000000,104.17,107.697,103.679,105.938,0,0
CLN_PE,D,20200305,000000,109.269,111.607,104.17,104.17,0,0
CLN_PE,D,20200306,000000,104.563,104.563,99.8765,101.046,0,0
CLN_PE,D,20200309,000000,93.0239,94.7854,87.3512,87.3512,0,0
CLN_PE,D,20200310,000000,90.384,91.166,83.3408,85.1013,0,0
CLN_PE,D,20200311,000000,86.4709,87.6439,76.2003,79.7214,0,0
CLN_PE,D,20200312,000000,71.6024,71.6024,64.5601,65.1467,0,0
CLN_PE,D,20200313,000000,67.0055,87.7422,63.6789,75.1235,0,0
CLN_PE,D,20200316,000000,76.5913,85.1013,71.1131,85.1013,0,0
CLN_PE,D,20200317,000000,85.1013,100.269,85.1013,93.0239,0,0
CLN_PE,D,20200318,000000,96.7415,96.7415,87.1556,87.7422,0,0
CLN_PE,D,20200319,000000,85.7861,92.6338,85.1013,85.1013,0,0
CLN_PE,D,20200320,000000,87.7422,90.1875,79.7214,79.7214,0,0
CLN_PE,D,20200323,000000,79.7214,110.625,76.102,110.625,0,0
CLN_PE,D,20200324,000000,115.232,117.286,113.366,113.366,0,0
CLN_PE,D,20200325,000000,115.429,120.213,108.778,115.625,0,0
CLN_PE,D,20200326,000000,117.482,119.142,116.215,118.749,0,0
CLN_PE,D,20200327,000000,121.392,122.08,118.16,118.16,0,0
CLN_PE,D,20200330,000000,118.356,125.204,114.25,124.33,0,0
CLN_PE,D,20200331,000000,123.642,132.445,123.642,127.945,0,0
CLN_PE,D,20200401,000000,129.026,129.026,124.428,124.625,0,0
CLN_PE,D,20200402,000000,124.428,127.749,124.035,126.865,0,0
CLN_PE,D,20200403,000000,127.258,135.766,124.33,132.73,0,0
CLN_PE,D,20200406,000000,134.596,147.319,134.596,142.122,0,0
CLN_PE,D,20200407,000000,146.73,146.73,135.284,136.257,0,0
CLN_PE,D,20200408,000000,138.222,138.222,128.633,132.445,0,0
CLN_PE,D,20200409,000000,133.221,133.614,126.177,127.258,0,0
CLN_PE,D,20200414,000000,126.865,126.865,124.33,125.401,0,0
CLN_PE,D,20200415,000000,125.401,125.401,119.535,120.017,0,0
CLN_PE,D,20200416,000000,120.017,126.472,120.017,123.151,0,0
CLN_PE,D,20200417,000000,128.535,128.535,125.401,126.079,0,0
CLN_PE,D,20200420,000000,127.159,127.159,123.151,125.401,0,0
CLN_PE,D,20200421,000000,127.258,127.258,115.822,118.062,0,0
CLN_PE,D,20200422,000000,118.455,118.651,116.598,117.286,0,0
CLN_PE,D,20200423,000000,118.062,121.491,114.545,119.339,0,0
CLN_PE,D,20200424,000000,116.598,118.062,115.036,117.669,0,0
CLN_PE,D,20200427,000000,117.669,117.669,111.705,111.705,0,0
CLN_PE,D,20200428,000000,112.786,112.786,107.107,109.171,0,0
CLN_PE,D,20200429,000000,109.171,123.544,108.286,122.669,0,0
CLN_PE,D,20200430,000000,125.401,125.401,118.258,118.946,0,0
CLN_PE,D,20200504,000000,118.946,123.544,115.232,121.687,0,0
CLN_PE,D,20200505,000000,120.606,123.74,120.606,122.08,0,0
CLN_PE,D,20200506,000000,120.999,120.999,117.865,119.142,0,0
CLN_PE,D,20200507,000000,119.142,119.142,115.822,117.669,0,0
CLN_PE,D,20200508,000000,117.286,117.669,116.696,117.669,0,0
CLN_PE,D,20200511,000000,124.723,125.018,97.7161,97.7161,0,0
CLN_PE,D,20200512,000000,99.1888,99.3853,95.9585,98.9923,0,0
CLN_PE,D,20200513,000000,98.894,101.537,97.8133,101.439,0,0
CLN_PE,D,20200514,000000,101.439,101.439,96.6442,98.4028,0,0
CLN_PE,D,20200515,000000,98.9923,99.5818,98.1081,98.2063,0,0
CLN_PE,D,20200518,000000,101.046,101.046,95.5674,95.5674,0,0
CLN_PE,D,20200519,000000,95.5674,97.8133,95.5674,96.7415,0,0
CLN_PE,D,20200520,000000,97.8133,97.8133,96.6442,96.7415,0,0
CLN_PE,D,20200521,000000,96.7415,97.5235,96.6442,97.1325,0,0
CLN_PE,D,20200522,000000,96.8387,97.7161,96.8387,97.329,0,0
CLN_PE,D,20200525,000000,96.7415,96.8387,94.3944,95.6657,0,0
CLN_PE,D,20200526,000000,95.6657,97.329,95.6657,96.7415,0,0
CLN_PE,D,20200527,000000,96.3505,97.329,95.3719,96.8387,0,0
CLN_PE,D,20200528,000000,97.1325,97.1325,95.3719,96.4487,0,0
CLN_PE,D,20200529,000000,96.154,96.6442,94.9809,96.546,0,0
CLN_PE,D,20200601,000000,97.4321,97.4321,94.8807,95.6657,0,0
CLN_PE,D,20200602,000000,96.5489,96.5489,94.7825,96.4507,0,0
CLN_PE,D,20200603,000000,97.0392,103.02,97.0392,102.824,0,0
CLN_PE,D,20200604,000000,104.298,105.182,103.708,104.494,0,0
CLN_PE,D,20200605,000000,105.869,109.308,105.869,108.915,0,0
CLN_PE,D,20200608,000000,112.049,112.049,108.62,112.049,0,0
CLN_PE,D,20200609,000000,112.933,112.933,108.62,112.049,0,0
CLN_PE,D,20200610,000000,112.933,115.782,112.933,115.586,0,0
CLN_PE,D,20200612,000000,110.281,114.211,110.281,114.112,0,0
CLN_PE,D,20200615,000000,112.933,118.229,109.701,115.782,0,0
CLN_PE,D,20200616,000000,118.916,123.436,117.836,123.436,0,0
CLN_PE,D,20200617,000000,126.079,126.079,120.194,120.194,0,0
CLN_PE,D,20200618,000000,120.39,121.864,118.229,121.864,0,0
CLN_PE,D,20200619,000000,123.043,124.222,120.98,123.338,0,0
CLN_PE,D,20200622,000000,123.927,123.927,120.685,121.864,0,0
CLN_PE,D,20200623,000000,121.864,128.731,121.766,128.731,0,0
CLN_PE,D,20200624,000000,129.91,130.598,125.882,127.749,0,0
CLN_PE,D,20200625,000000,127.454,129.026,125.106,127.651,0,0
CLN_PE,D,20200626,000000,127.847,128.142,121.078,121.864,0,0
CLN_PE,D,20200629,000000,122.453,122.453,115.881,115.881,0,0
CLN_PE,D,20200630,000000,116.175,118.524,113.228,113.228,0,0
CLN_PE,D,20200701,000000,116.175,117.934,113.818,117.354,0,0
CLN_PE,D,20200702,000000,117.354,121.667,117.354,121.667,0,0
CLN_PE,D,20200703,000000,120.98,123.436,120.39,120.39,0,0
CLN_PE,D,20200706,000000,121.766,121.864,118.032,120.685,0,0
CLN_PE,D,20200707,000000,121.569,126.275,120.39,126.275,0,0
CLN_PE,D,20200708,000000,127.159,130.008,124.811,129.222,0,0
CLN_PE,D,20200709,000000,130.107,131.875,128.044,131.089,0,0
CLN_PE,D,20200710,000000,132.268,132.268,123.829,128.633,0,0
CLN_PE,D,20200713,000000,128.633,128.633,123.436,125.293,0,0
CLN_PE,D,20200714,000000,125.293,127.847,122.748,123.632,0,0
CLN_PE,D,20200715,000000,122.846,125.587,122.552,124.516,0,0
CLN_PE,D,20200716,000000,127.159,127.159,122.453,122.453,0,0
CLN_PE,D,20200717,000000,123.338,124.516,122.65,122.846,0,0
CLN_PE,D,20200720,000000,123.534,125.106,123.239,125.106,0,0
CLN_PE,D,20200721,000000,126.177,131.384,125.686,127.749,0,0
CLN_PE,D,20200722,000000,128.044,128.044,121.471,121.962,0,0
CLN_PE,D,20200723,000000,121.962,126.177,119.408,120.685,0,0
CLN_PE,D,20200724,000000,119.211,121.864,114.702,121.864,0,0
CLN_PE,D,20200727,000000,121.766,122.355,118.131,121.864,0,0
CLN_PE,D,20200728,000000,121.864,127.651,121.569,125.98,0,0
CLN_PE,D,20200729,000000,125.98,126.275,120.39,126.275,0,0
CLN_PE,D,20200730,000000,127.159,127.159,114.702,115.782,0,0
CLN_PE,D,20200731,000000,116.175,119.899,116.175,116.765,0,0
CLN_PE,D,20200803,000000,118.818,122.453,115.881,122.453,0,0
CLN_PE,D,20200804,000000,122.65,124.418,119.211,121.864,0,0
CLN_PE,D,20200805,000000,124.418,124.418,120.39,123.338,0,0
CLN_PE,D,20200806,000000,124.615,124.615,119.015,120.685,0,0
CLN_PE,D,20200807,000000,120.783,121.864,118.327,119.113,0,0
CLN_PE,D,20200810,000000,122.945,123.239,120.783,122.453,0,0
CLN_PE,D,20200811,000000,123.043,123.239,118.818,118.818,0,0
CLN_PE,D,20200812,000000,119.113,120.292,115.881,118.818,0,0
CLN_PE,D,20200813,000000,118.229,120.783,118.032,118.818,0,0
CLN_PE,D,20200814,000000,118.818,119.899,117.453,118.524,0,0
CLN_PE,D,20200817,000000,120.292,120.292,118.524,119.113,0,0
CLN_PE,D,20200818,000000,119.408,122.06,119.015,120.095,0,0
CLN_PE,D,20200819,000000,120.095,131.973,119.015,131.482,0,0
CLN_PE,D,20200820,000000,133.142,136.974,130.893,133.142,0,0
CLN_PE,D,20200821,000000,134.518,134.518,128.142,130.205,0,0
CLN_PE,D,20200824,000000,130.794,131.973,130.205,130.5,0,0
CLN_PE,D,20200825,000000,131.875,131.875,127.552,127.749,0,0
CLN_PE,D,20200826,000000,125.489,128.338,125.489,127.749,0,0
CLN_PE,D,20200827,000000,129.222,130.008,126.963,129.222,0,0
CLN_PE,D,20200828,000000,129.222,130.205,126.865,130.205,0,0
CLN_PE,D,20200831,000000,130.598,133.142,130.303,130.794,0,0
CLN_PE,D,20200901,000000,131.089,132.268,125.391,125.686,0,0
CLN_PE,D,20200902,000000,127.749,127.749,125.391,125.686,0,0
CLN_PE,D,20200903,000000,127.651,128.24,124.811,124.811,0,0
CLN_PE,D,20200904,000000,124.811,124.811,121.962,121.962,0,0
CLN_PE,D,20200907,000000,121.864,124.811,120.488,122.453,0,0
CLN_PE,D,20200908,000000,122.453,122.453,111.165,117.551,0,0
CLN_PE,D,20200909,000000,112.933,128.436,112.933,127.159,0,0
CLN_PE,D,20200910,000000,130.008,130.008,124.615,125.391,0,0
CLN_PE,D,20200911,000000,127.749,127.749,125.106,126.57,0,0
CLN_PE,D,20200914,000000,126.57,127.651,124.811,124.811,0,0
CLN_PE,D,20200915,000000,126.275,128.928,125.106,126.275,0,0
CLN_PE,D,20200916,000000,126.275,126.275,122.453,123.632,0,0
CLN_PE,D,20200917,000000,123.043,124.025,120.98,121.373,0,0
CLN_PE,D,20200918,000000,120.783,126.57,120.783,126.275,0,0
CLN_PE,D,20200921,000000,126.865,126.865,120.39,120.39,0,0
CLN_PE,D,20200922,000000,119.801,127.061,119.801,125.882,0,0
CLN_PE,D,20200923,000000,124.811,125.882,122.453,123.338,0,0
CLN_PE,D,20200924,000000,123.338,123.632,119.408,120.39,0,0
CLN_PE,D,20200925,000000,120.39,121.864,119.604,120.095,0,0
CLN_PE,D,20200928,000000,127.552,127.552,75.0606,75.0606,0,0
CLN_PE,D,20200929,000000,78.8873,78.8873,76.6306,77.2191,0,0
CLN_PE,D,20200930,000000,77.2191,77.2191,74.1774,75.5509,0,0
CLN_PE,D,20201001,000000,76.8271,77.0226,74.6686,75.5509,0,0
CLN_PE,D,20201002,000000,74.9624,74.9624,72.8039,73.0987,0,0
CLN_PE,D,20201005,000000,73.0004,73.8836,71.4305,72.4119,0,0
CLN_PE,D,20201006,000000,75.3554,75.5509,72.9022,73.0004,0,0
CLN_PE,D,20201007,000000,73.1959,74.4721,72.1172,72.3137,0,0
CLN_PE,D,20201008,000000,72.4119,72.9022,71.7242,72.0189,0,0
CLN_PE,D,20201009,000000,71.9207,72.5092,71.4305,71.8225,0,0
CLN_PE,D,20201012,000000,73.7854,73.7854,71.9207,72.0189,0,0
CLN_PE,D,20201013,000000,72.2154,72.8039,70.2525,70.842,0,0
CLN_PE,D,20201014,000000,70.3507,70.3507,68.879,68.879,0,0
CLN_PE,D,20201015,000000,68.879,68.9773,65.8373,66.4258,0,0
CLN_PE,D,20201016,000000,65.1506,67.4073,63.9736,66.9171,0,0
CLN_PE,D,20201019,000000,66.9171,68.487,66.2303,67.0153,0,0
CLN_PE,D,20201020,000000,68.2905,68.5853,66.3286,67.3091,0,0
CLN_PE,D,20201021,000000,68.5853,68.5853,65.0524,65.6408,0,0
CLN_PE,D,20201022,000000,64.8559,65.1506,62.5019,63.5806,0,0
CLN_PE,D,20201023,000000,64.3656,64.3656,62.8939,63.5806,0,0
CLN_PE,D,20201026,000000,63.3841,63.3841,59.9505,59.9505,0,0
CLN_PE,D,20201027,000000,60.4407,61.9124,59.9505,60.3425,0,0
CLN_PE,D,20201028,000000,60.3425,60.3425,57.5955,58.4787,0,0
CLN_PE,D,20201029,000000,58.6752,61.5204,57.5955,61.5204,0,0
CLN_PE,D,20201030,000000,62.3054,62.3054,58.4787,60.4407,0,0
CLN_PE,D,20201102,000000,63.2869,63.8754,61.7169,62.1089,0,0
CLN_PE,D,20201103,000000,63.5806,63.8754,61.7169,62.5992,0,0
CLN_PE,D,20201104,000000,62.9921,63.1886,60.3425,61.0302,0,0
CLN_PE,D,20201105,000000,61.3239,62.6974,60.0487,60.3425,0,0
CLN_PE,D,20201106,000000,63.0904,73.8836,63.0904,72.0189,0,0
CLN_PE,D,20201109,000000,77.4156,86.0504,72.5092,76.7288,0,0
CLN_PE,D,20201110,000000,79.182,79.182,72.4119,75.7474,0,0
CLN_PE,D,20201112,000000,76.4341,78.7891,74.8641,77.4156,0,0
CLN_PE,D,20201113,000000,77.2191,77.2191,73.9809,75.5509,0,0
CLN_PE,D,20201116,000000,74.6686,77.1208,74.6686,74.6686,0,0
CLN_PE,D,20201117,000000,74.7659,76.0421,74.7659,75.9439,0,0
CLN_PE,D,20201118,000000,76.1404,76.9253,75.2571,76.5324,0,0
CLN_PE,D,20201119,000000,77.1208,77.1208,74.1774,74.4721,0,0
CLN_PE,D,20201120,000000,75.1589,75.1589,73.0004,73.5889,0,0
CLN_PE,D,20201123,000000,73.7854,74.7659,73.0987,73.6872,0,0
CLN_PE,D,20201124,000000,73.5889,74.6686,73.3924,74.3739,0,0
CLN_PE,D,20201125,000000,74.3739,75.4536,73.4907,74.8641,0,0
CLN_PE,D,20201126,000000,75.1589,75.2571,73.9809,75.2571,0,0
CLN_PE,D,20201127,000000,75.4536,76.7288,73.7854,74.9624,0,0
CLN_PE,D,20201130,000000,74.0792,74.4721,73.2942,73.6872,0,0
CLN_PE,D,20201201,000000,73.5889,74.2756,67.9958,67.9958,0,0
CLN_PE,D,20201202,000000,68.879,69.5658,67.8003,68.6825,0,0
CLN_PE,D,20201203,000000,68.6825,71.8225,68.6825,68.9773,0,0
CLN_PE,D,20201204,000000,70.3507,71.8225,70.3507,70.5472,0,0
CLN_PE,D,20201207,000000,70.6455,70.6455,68.879,69.0755,0,0
CLN_PE,D,20201208,000000,68.6825,71.0375,68.487,71.0375,0,0
CLN_PE,D,20201209,000000,71.7242,71.7242,69.8605,71.234,0,0
CLN_PE,D,20201210,000000,71.234,71.234,69.7622,69.9587,0,0
CLN_PE,D,20201211,000000,70.1552,70.1552,68.7808,69.0755,0,0
CLN_PE,D,20201214,000000,68.7808,69.4675,67.702,68.5853,0,0
CLN_PE,D,20201215,000000,68.3888,70.1552,67.8003,68.879,0,0
CLN_PE,D,20201216,000000,68.9773,69.5658,68.3888,69.1738,0,0
CLN_PE,D,20201217,000000,69.4675,69.4675,68.094,68.3888,0,0
CLN_PE,D,20201218,000000,67.8003,68.6825,66.5241,67.8003,0,0
CLN_PE,D,20201221,000000,66.8188,66.8188,63.9736,65.1506,0,0
CLN_PE,D,20201222,000000,65.3471,66.0338,64.3656,65.6408,0,0
CLN_PE,D,20201223,000000,66.3286,67.3091,65.3471,65.5436,0,0
CLN_PE,D,20201228,000000,66.2303,66.9171,64.6604,65.4453,0,0
CLN_PE,D,20201229,000000,67.1135,70.1552,64.2674,64.2674,0,0
CLN_PE,D,20201230,000000,62.4036,67.8975,62.4036,67.8975,0,0
CLN_PE,D,20210104,000000,69.3702,73.0987,68.6825,72.8039,0,0
CLN_PE,D,20210105,000000,73.0987,73.3924,71.8225,72.7057,0,0
CLN_PE,D,20210107,000000,73.0987,78.2988,73.0987,78.2988,0,0
CLN_PE,D,20210108,000000,77.7103,77.7103,75.5509,76.5324,0,0
CLN_PE,D,20210111,000000,87.1291,90.0726,85.5592,86.0504,0,0
CLN_PE,D,20210112,000000,87.4239,89.5823,84.3822,85.5592,0,0
CLN_PE,D,20210113,000000,85.3627,86.2459,82.4192,85.7556,0,0
CLN_PE,D,20210114,000000,85.4609,86.4424,85.4609,86.0504,0,0
CLN_PE,D,20210115,000000,86.0504,86.3441,84.5777,85.3627,0,0
CLN_PE,D,20210118,000000,86.3441,88.3071,86.2459,88.3071,0,0
CLN_PE,D,20210119,000000,91.3488,91.3488,87.1291,87.1291,0,0
CLN_PE,D,20210120,000000,87.1291,88.0124,85.7556,87.1291,0,0
CLN_PE,D,20210121,000000,85.2654,85.2654,80.6538,82.9105,0,0
CLN_PE,D,20210122,000000,83.7937,83.7937,77.9058,80.359,0,0
CLN_PE,D,20210125,000000,80.5555,80.5555,78.3971,80.2608,0,0
CLN_PE,D,20210126,000000,80.4573,80.4573,78.2006,78.4953,0,0
CLN_PE,D,20210127,000000,78.5926,78.5926,75.2571,75.2571,0,0
CLN_PE,D,20210128,000000,74.8641,77.6121,72.5092,77.2191,0,0
CLN_PE,D,20210129,000000,77.5138,77.5138,73.6872,74.3739,0,0
CLN_PE,D,20210201,000000,75.3554,75.9439,73.1959,75.0606,0,0
CLN_PE,D,20210202,000000,75.2571,76.4341,74.9624,75.3554,0,0
CLN_PE,D,20210203,000000,75.0606,76.1404,74.5704,74.6686,0,0
CLN_PE,D,20210204,000000,74.9624,74.9624,73.0004,73.0004,0,0
CLN_PE,D,20210205,000000,72.9022,75.5509,72.9022,73.6872,0,0
CLN_PE,D,20210208,000000,74.2756,75.0606,73.4907,73.4907,0,0
CLN_PE,D,20210209,000000,75.8456,78.1023,73.9809,75.4536,0,0
CLN_PE,D,20210210,000000,76.3359,79.182,76.3359,77.6121,0,0
CLN_PE,D,20210211,000000,79.2793,83.4989,79.2793,83.4989,0,0
CLN_PE,D,20210212,000000,83.2042,83.2042,80.2608,81.4387,0,0
CLN_PE,D,20210215,000000,82.4192,83.7937,79.0838,79.182,0,0
CLN_PE,D,20210216,000000,79.4758,81.2422,78.2006,79.182,0,0
CLN_PE,D,20210217,000000,78.6908,78.8873,75.5509,77.0226,0,0
CLN_PE,D,20210218,000000,75.8456,78.4953,75.8456,76.5324,0,0
CLN_PE,D,20210219,000000,76.2376,77.9058,75.6491,77.5138,0,0
CLN_PE,D,20210222,000000,78.2988,81.536,76.1404,81.4387,0,0
CLN_PE,D,20210223,000000,81.929,81.929,78.1023,81.929,0,0
CLN_PE,D,20210224,000000,85.2654,88.9938,77.9058,80.752,0,0
CLN_PE,D,20210225,000000,82.5175,82.5175,78.1023,78.1023,0,0
CLN_PE,D,20210226,000000,77.0226,77.3173,75.4536,75.9439,0,0
CLN_PE,D,20210301,000000,76.7288,79.0838,76.4341,77.2191,0,0
CLN_PE,D,20210302,000000,77.2191,77.2191,75.9439,76.7288,0,0
CLN_PE,D,20210303,000000,78.1023,89.5823,76.7288,83.2042,0,0
CLN_PE,D,20210304,000000,84.8724,86.5406,80.0643,81.144,0,0
CLN_PE,D,20210305,000000,81.144,81.144,78.1023,78.1023,0,0
CLN_PE,D,20210308,000000,78.1023,81.929,78.1023,81.4387,0,0
CLN_PE,D,20210309,000000,82.0272,85.2654,81.7325,82.8122,0,0
CLN_PE,D,20210310,000000,81.929,83.6954,80.359,80.359,0,0
CLN_PE,D,20210311,000000,81.4387,84.5777,80.0643,83.8909,0,0
CLN_PE,D,20210312,000000,84.5777,85.8539,83.3025,84.5777,0,0
CLN_PE,D,20210315,000000,84.8724,88.3071,83.7937,86.9326,0,0
CLN_PE,D,20210316,000000,85.9521,86.6389,82.714,86.0504,0,0
CLN_PE,D,20210317,000000,86.5406,87.0309,82.4192,83.8909,0,0
CLN_PE,D,20210318,000000,83.5972,86.5406,83.5972,86.2459,0,0
CLN_PE,D,20210319,000000,85.9521,85.9521,84.0874,85.3627,0,0
CLN_PE,D,20210322,000000,85.1672,86.8354,83.6954,85.0689,0,0
CLN_PE,D,20210323,000000,84.1857,85.1672,83.6954,84.2839,0,0
CLN_PE,D,20210324,000000,85.2654,86.8354,84.5777,85.2654,0,0
CLN_PE,D,20210325,000000,85.4609,87.1291,83.6954,85.5592,0,0
CLN_PE,D,20210326,000000,86.0504,86.7371,85.3627,86.4424,0,0
CLN_PE,D,20210329,000000,85.2654,85.9521,83.7937,84.3822,0,0
CLN_PE,D,20210330,000000,84.5777,85.3627,83.6954,84.7742,0,0
CLN_PE,D,20210331,000000,86.4424,86.4424,81.3405,82.714,0,0
CLN_PE,D,20210401,000000,84.5777,84.5777,81.7325,82.0272,0,0
CLN_PE,D,20210406,000000,82.9105,102.529,82.5175,102.529,0,0
CLN_PE,D,20210407,000000,102.529,102.529,100.672,101.655,0,0
CLN_PE,D,20210408,000000,100.672,103.905,100.672,102.922,0,0
CLN_PE,D,20210409,000000,101.753,105.575,101.753,105.575,0,0
CLN_PE,D,20210412,000000,105.378,105.575,102.627,103.905,0,0
CLN_PE,D,20210413,000000,103.905,104.691,102.922,104.494,0,0
CLN_PE,D,20210414,000000,104.494,105.378,104.101,104.494,0,0
