<TICKER>,<PER>,<DATE>,<TIME>,<OPEN>,<HIGH>,<LOW>,<CLOSE>,<VOL>,<OPENINT>
DPL_PE,D,20070813,000000,21.6297,21.6297,21.6297,21.6297,0,0
DPL_PE,D,20070814,000000,20.0461,20.0461,20.0461,20.0461,0,0
DPL_PE,D,20070816,000000,16.5994,16.5994,16.5994,16.5994,0,0
DPL_PE,D,20070817,000000,17.7062,17.7062,17.7062,17.7062,0,0
DPL_PE,D,20070820,000000,18.3895,18.3895,18.3895,18.3895,0,0
DPL_PE,D,20070821,000000,17.6399,17.6399,17.6399,17.6399,0,0
DPL_PE,D,20070822,000000,18.5312,18.5312,18.5312,18.5312,0,0
DPL_PE,D,20070823,000000,18.6721,18.6721,18.6721,18.6721,0,0
DPL_PE,D,20070824,000000,19.2219,19.2219,19.2219,19.2219,0,0
DPL_PE,D,20070827,000000,19.838,19.838,19.838,19.838,0,0
DPL_PE,D,20070828,000000,18.8057,18.8057,18.8057,18.8057,0,0
DPL_PE,D,20070829,000000,19.2891,19.2891,19.2891,19.2891,0,0
DPL_PE,D,20070830,000000,19.4972,19.4972,19.4972,19.4972,0,0
DPL_PE,D,20070831,000000,20.2542,20.2542,20.2542,20.2542,0,0
DPL_PE,D,20070903,000000,20.4631,20.4631,20.4631,20.4631,0,0
DPL_PE,D,20070904,000000,21.4208,21.4208,21.4208,21.4208,0,0
DPL_PE,D,20070905,000000,20.7384,20.7384,20.7384,20.7384,0,0
DPL_PE,D,20070906,000000,19.9805,19.9805,19.9805,19.9805,0,0
DPL_PE,D,20070907,000000,18.8737,18.8737,18.8737,18.8737,0,0
DPL_PE,D,20070910,000000,18.3231,18.3231,18.3231,18.3231,0,0
DPL_PE,D,20070911,000000,18.7393,18.7393,18.7393,18.7393,0,0
DPL_PE,D,20070912,000000,18.5312,18.5312,18.5312,18.5312,0,0
DPL_PE,D,20070913,000000,18.8737,18.8737,18.8737,18.8737,0,0
DPL_PE,D,20070914,000000,18.5976,18.5976,18.5976,18.5976,0,0
DPL_PE,D,20070917,000000,18.3231,18.3231,18.3231,18.3231,0,0
DPL_PE,D,20070918,000000,18.7393,18.7393,18.7393,18.7393,0,0
DPL_PE,D,20070919,000000,19.7724,19.7724,19.7724,19.7724,0,0
DPL_PE,D,20070920,000000,19.4972,19.4972,19.4972,19.4972,0,0
DPL_PE,D,20070921,000000,19.6307,19.6307,19.6307,19.6307,0,0
DPL_PE,D,20070924,000000,19.7053,19.7053,19.7053,19.7053,0,0
DPL_PE,D,20070925,000000,19.43,19.43,19.43,19.43,0,0
DPL_PE,D,20070926,000000,19.9805,19.9805,19.9805,19.9805,0,0
DPL_PE,D,20070927,000000,19.43,19.43,19.43,19.43,0,0
DPL_PE,D,20070928,000000,19.43,19.43,19.43,19.43,0,0
DPL_PE,D,20071001,000000,19.2219,19.2219,19.2219,19.2219,0,0
DPL_PE,D,20071002,000000,19.081,19.081,19.081,19.081,0,0
DPL_PE,D,20071003,000000,18.8737,18.8737,18.8737,18.8737,0,0
DPL_PE,D,20071004,000000,19.3554,19.3554,19.3554,19.3554,0,0
DPL_PE,D,20071005,000000,19.4972,19.4972,19.4972,19.4972,0,0
DPL_PE,D,20071008,000000,19.5643,19.5643,19.5643,19.5643,0,0
DPL_PE,D,20071009,000000,19.7724,19.7724,19.7724,19.7724,0,0
DPL_PE,D,20071010,000000,19.838,19.838,19.838,19.838,0,0
DPL_PE,D,20071011,000000,20.5303,20.5303,20.5303,20.5303,0,0
DPL_PE,D,20071012,000000,20.3222,20.3222,20.3222,20.3222,0,0
DPL_PE,D,20071015,000000,22.3196,22.3196,22.3196,22.3196,0,0
DPL_PE,D,20071016,000000,21.2209,21.2209,21.2209,21.2209,0,0
DPL_PE,D,20071017,000000,20.8711,20.8711,20.8711,20.8711,0,0
DPL_PE,D,20071018,000000,19.9805,19.9805,19.9805,19.9805,0,0
DPL_PE,D,20071019,000000,20.3222,20.3222,20.3222,20.3222,0,0
DPL_PE,D,20071022,000000,19.838,19.838,19.838,19.838,0,0
DPL_PE,D,20071023,000000,19.838,19.838,19.838,19.838,0,0
DPL_PE,D,20071024,000000,19.3554,19.3554,19.3554,19.3554,0,0
DPL_PE,D,20071025,000000,19.081,19.081,19.081,19.081,0,0
DPL_PE,D,20071026,000000,18.7393,18.7393,18.7393,18.7393,0,0
DPL_PE,D,20071029,000000,19.2891,19.2891,19.2891,19.2891,0,0
DPL_PE,D,20071030,000000,19.1473,19.1473,19.1473,19.1473,0,0
DPL_PE,D,20071031,000000,19.1473,19.1473,19.1473,19.1473,0,0
DPL_PE,D,20071102,000000,17.7062,17.7062,17.7062,17.7062,0,0
DPL_PE,D,20071105,000000,16.5322,16.5322,16.5322,16.5322,0,0
DPL_PE,D,20071106,000000,21.2873,21.2873,21.2873,21.2873,0,0
DPL_PE,D,20071107,000000,19.2219,19.2219,19.2219,19.2219,0,0
DPL_PE,D,20071108,000000,17.6399,17.6399,17.6399,17.6399,0,0
DPL_PE,D,20071109,000000,17.7726,18.0487,16.0488,16.0488,0,0
DPL_PE,D,20071112,000000,15.8407,16.6739,15.4991,16.6739,0,0
DPL_PE,D,20071113,000000,16.6739,16.6739,16.1242,16.4658,0,0
DPL_PE,D,20071114,000000,16.882,16.882,16.2577,16.3241,0,0
DPL_PE,D,20071115,000000,16.0488,16.3241,14.466,15.0165,0,0
DPL_PE,D,20071116,000000,15.0165,15.0165,13.8499,14.466,0,0
DPL_PE,D,20071119,000000,14.4004,14.466,13.8499,13.9171,0,0
DPL_PE,D,20071120,000000,13.709,13.709,12.4686,12.6767,0,0
DPL_PE,D,20071121,000000,12.0589,12.0589,10.8177,10.8177,0,0
DPL_PE,D,20071122,000000,10.8177,12.5349,9.91899,12.4686,0,0
DPL_PE,D,20071123,000000,13.0175,13.5672,13.0175,13.5017,0,0
DPL_PE,D,20071126,000000,14.3259,14.9502,13.7753,14.6085,0,0
DPL_PE,D,20071127,000000,13.5017,14.7421,13.5017,14.6085,0,0
DPL_PE,D,20071128,000000,15.5671,16.3987,14.6741,16.3987,0,0
DPL_PE,D,20071129,000000,16.5994,17.0819,15.6408,15.7072,0,0
DPL_PE,D,20071130,000000,15.3664,16.1242,15.3664,15.7752,0,0
DPL_PE,D,20071203,000000,14.6741,14.6741,13.9834,13.9834,0,0
DPL_PE,D,20071204,000000,13.6418,13.6418,13.092,13.3673,0,0
DPL_PE,D,20071205,000000,13.5672,14.534,13.5672,14.4004,0,0
DPL_PE,D,20071206,000000,14.6741,14.6741,13.8499,14.2587,0,0
DPL_PE,D,20071207,000000,14.1923,14.2587,13.6418,13.9834,0,0
DPL_PE,D,20071210,000000,13.7753,14.1252,13.6418,13.709,0,0
DPL_PE,D,20071211,000000,13.709,13.709,12.9511,13.2256,0,0
DPL_PE,D,20071212,000000,12.743,13.2256,12.743,13.092,0,0
DPL_PE,D,20071213,000000,12.8176,12.8848,12.6767,12.8848,0,0
DPL_PE,D,20071214,000000,12.8176,12.8176,12.5349,12.743,0,0
DPL_PE,D,20071217,000000,12.4686,12.4686,11.9844,12.1269,0,0
DPL_PE,D,20071218,000000,11.9844,12.743,11.5018,12.5349,0,0
DPL_PE,D,20071219,000000,12.743,12.743,11.9844,12.5349,0,0
DPL_PE,D,20071220,000000,12.2605,12.4006,12.0589,12.3342,0,0
DPL_PE,D,20071221,000000,12.3342,12.8848,12.2605,12.3342,0,0
DPL_PE,D,20071227,000000,12.5349,12.6767,12.4006,12.4686,0,0
DPL_PE,D,20071228,000000,12.4006,12.4006,12.1925,12.3342,0,0
DPL_PE,D,20080102,000000,12.4006,13.2936,12.2605,12.9511,0,0
DPL_PE,D,20080103,000000,12.6087,14.466,12.6087,14.466,0,0
DPL_PE,D,20080104,000000,14.3259,14.3259,13.5017,13.9171,0,0
DPL_PE,D,20080107,000000,13.4337,13.5672,12.9511,13.5672,0,0
DPL_PE,D,20080108,000000,13.4337,13.5672,12.9511,13.1592,0,0
DPL_PE,D,20080109,000000,12.743,12.743,11.9188,12.2605,0,0
DPL_PE,D,20080110,000000,12.4006,12.4006,11.6436,11.7099,0,0
DPL_PE,D,20080111,000000,11.7099,12.1269,11.7099,11.8508,0,0
DPL_PE,D,20080114,000000,11.7771,11.7771,11.7771,11.7771,0,0
DPL_PE,D,20080115,000000,12.0589,12.1925,10.8857,10.8857,0,0
DPL_PE,D,20080116,000000,10.3352,10.6105,9.71089,10.1271,0,0
DPL_PE,D,20080117,000000,10.6768,10.8857,10.2614,10.8177,0,0
DPL_PE,D,20080118,000000,10.4687,11.7099,10.4687,11.6436,0,0
DPL_PE,D,20080121,000000,11.1602,11.3683,10.744,10.8177,0,0
DPL_PE,D,20080122,000000,10.4687,11.3019,10.4687,11.2274,0,0
DPL_PE,D,20080123,000000,11.7771,11.7771,10.744,11.0201,0,0
DPL_PE,D,20080124,000000,11.6436,11.9188,11.4355,11.8508,0,0
DPL_PE,D,20080125,000000,12.9511,12.9511,12.2605,12.4686,0,0
DPL_PE,D,20080128,000000,12.0589,12.1925,11.8508,11.9188,0,0
DPL_PE,D,20080129,000000,12.4686,12.8848,12.3342,12.5349,0,0
DPL_PE,D,20080130,000000,12.743,12.743,12.4006,12.6087,0,0
DPL_PE,D,20080131,000000,12.6087,13.5017,12.5349,12.8848,0,0
DPL_PE,D,20080201,000000,13.7753,14.1923,13.7753,14.1923,0,0
DPL_PE,D,20080204,000000,14.6741,14.7421,14.1923,14.1923,0,0
DPL_PE,D,20080205,000000,14.0506,14.2587,13.5017,13.5017,0,0
DPL_PE,D,20080206,000000,13.2256,14.0506,13.092,13.9171,0,0
DPL_PE,D,20080207,000000,13.9171,14.534,13.4337,13.709,0,0
DPL_PE,D,20080208,000000,13.8499,13.8499,13.2256,13.5672,0,0
DPL_PE,D,20080211,000000,13.4337,13.7753,13.2936,13.2936,0,0
DPL_PE,D,20080212,000000,13.4337,14.0506,13.2256,13.9834,0,0
DPL_PE,D,20080213,000000,13.9171,14.0506,13.709,14.0506,0,0
DPL_PE,D,20080214,000000,14.2587,14.2587,13.709,13.709,0,0
DPL_PE,D,20080215,000000,13.3673,13.5672,13.1592,13.2256,0,0
DPL_PE,D,20080218,000000,13.2256,18.115,13.2256,18.115,0,0
DPL_PE,D,20080219,000000,17.9807,18.464,17.7726,18.1896,0,0
DPL_PE,D,20080220,000000,17.9807,18.1896,17.7726,17.9807,0,0
DPL_PE,D,20080221,000000,18.3231,18.3895,17.9807,18.115,0,0
DPL_PE,D,20080222,000000,17.9143,18.115,17.7726,18.0487,0,0
DPL_PE,D,20080225,000000,18.3895,19.2891,18.3231,18.9474,0,0
DPL_PE,D,20080226,000000,19.43,20.0461,18.8737,19.2219,0,0
DPL_PE,D,20080227,000000,19.3554,19.4972,18.6721,19.0138,0,0
DPL_PE,D,20080228,000000,18.8737,18.9474,18.5312,18.6721,0,0
DPL_PE,D,20080229,000000,18.3895,18.6721,18.2568,18.464,0,0
DPL_PE,D,20080303,000000,17.7062,17.7062,17.3572,17.4318,0,0
DPL_PE,D,20080304,000000,17.4318,17.7062,17.2237,17.5645,0,0
DPL_PE,D,20080305,000000,17.8406,18.2568,17.5645,18.115,0,0
DPL_PE,D,20080306,000000,17.7726,18.1896,17.6399,17.6399,0,0
DPL_PE,D,20080307,000000,17.2237,17.6399,17.0819,17.6399,0,0
DPL_PE,D,20080310,000000,17.2908,18.0487,17.2908,17.7062,0,0
DPL_PE,D,20080311,000000,17.9143,18.115,17.4989,17.9807,0,0
DPL_PE,D,20080312,000000,18.3231,18.3231,17.5645,18.0487,0,0
DPL_PE,D,20080313,000000,17.5645,18.0487,17.2237,17.4989,0,0
DPL_PE,D,20080314,000000,17.6399,17.8406,17.4989,17.5645,0,0
DPL_PE,D,20080317,000000,17.1565,17.1565,16.7403,17.1565,0,0
DPL_PE,D,20080318,000000,17.0156,18.1896,17.0156,18.0487,0,0
DPL_PE,D,20080319,000000,18.3231,18.3231,17.9143,18.1896,0,0
DPL_PE,D,20080320,000000,17.8406,19.0138,17.8406,19.0138,0,0
DPL_PE,D,20080325,000000,19.7053,19.7724,19.4972,19.7724,0,0
DPL_PE,D,20080326,000000,19.906,19.9805,19.5643,19.7053,0,0
DPL_PE,D,20080327,000000,19.7053,19.906,19.4972,19.4972,0,0
DPL_PE,D,20080328,000000,19.4972,19.6307,19.43,19.4972,0,0
DPL_PE,D,20080331,000000,19.3554,19.3554,19.3554,19.3554,0,0
DPL_PE,D,20080401,000000,19.3554,19.3554,19.0138,19.081,0,0
DPL_PE,D,20080402,000000,19.43,19.906,19.1473,19.7053,0,0
DPL_PE,D,20080403,000000,19.7053,19.838,19.2219,19.4972,0,0
DPL_PE,D,20080404,000000,19.43,19.4972,19.1473,19.4972,0,0
DPL_PE,D,20080407,000000,19.4972,19.906,19.3554,19.6307,0,0
DPL_PE,D,20080408,000000,19.6307,19.6307,19.1473,19.1473,0,0
DPL_PE,D,20080409,000000,19.7053,20.663,19.7053,20.663,0,0
DPL_PE,D,20080410,000000,20.8047,20.8711,20.3885,20.4631,0,0
DPL_PE,D,20080411,000000,20.8047,20.8047,19.6307,19.6307,0,0
DPL_PE,D,20080414,000000,19.2891,19.906,18.9474,19.2219,0,0
DPL_PE,D,20080415,000000,19.2891,19.2891,18.5976,19.0138,0,0
DPL_PE,D,20080416,000000,19.081,19.5643,18.8737,19.2219,0,0
DPL_PE,D,20080417,000000,19.2219,19.2219,18.464,18.5976,0,0
DPL_PE,D,20080418,000000,18.5976,18.7393,18.3895,18.5312,0,0
DPL_PE,D,20080421,000000,18.7393,18.7393,17.9807,17.9807,0,0
DPL_PE,D,20080422,000000,17.8406,17.8406,16.882,17.0156,0,0
DPL_PE,D,20080423,000000,17.0156,17.1565,16.5994,17.0156,0,0
DPL_PE,D,20080424,000000,17.1565,17.2237,17.0156,17.2237,0,0
DPL_PE,D,20080425,000000,17.3572,18.0487,17.3572,17.6399,0,0
DPL_PE,D,20080428,000000,17.7726,17.7726,17.3572,17.7726,0,0
DPL_PE,D,20080429,000000,17.6399,17.8406,17.5645,17.7726,0,0
DPL_PE,D,20080430,000000,17.7062,17.8406,17.3572,17.7062,0,0
DPL_PE,D,20080505,000000,17.7726,18.5312,17.7062,18.5312,0,0
DPL_PE,D,20080506,000000,18.2568,19.4972,17.8406,19.4972,0,0
DPL_PE,D,20080507,000000,19.3554,19.906,19.3554,19.906,0,0
DPL_PE,D,20080508,000000,19.7053,19.9805,19.7053,19.906,0,0
DPL_PE,D,20080509,000000,19.6307,19.838,19.6307,19.838,0,0
DPL_PE,D,20080512,000000,19.6307,19.838,19.5643,19.6307,0,0
DPL_PE,D,20080513,000000,19.7724,19.7724,19.43,19.4972,0,0
DPL_PE,D,20080514,000000,19.7053,19.7053,19.1473,19.5643,0,0
DPL_PE,D,20080515,000000,19.43,19.5643,18.8737,19.081,0,0
DPL_PE,D,20080516,000000,19.081,19.2891,19.0138,19.2891,0,0
DPL_PE,D,20080519,000000,19.2891,19.2891,18.8057,18.9474,0,0
DPL_PE,D,20080520,000000,18.6721,18.6721,17.2237,17.2237,0,0
DPL_PE,D,20080521,000000,17.4989,17.9143,17.4318,17.9143,0,0
DPL_PE,D,20080523,000000,17.9143,18.1896,17.6399,18.115,0,0
DPL_PE,D,20080526,000000,17.7062,18.5312,17.7062,18.3231,0,0
DPL_PE,D,20080527,000000,18.1896,18.1896,17.9143,17.9807,0,0
DPL_PE,D,20080528,000000,17.9807,18.464,17.9807,17.9807,0,0
DPL_PE,D,20080529,000000,18.115,18.115,17.5645,17.6399,0,0
DPL_PE,D,20080530,000000,17.9143,17.9143,17.5645,17.7726,0,0
DPL_PE,D,20080602,000000,17.6399,17.6399,17.4318,17.6399,0,0
DPL_PE,D,20080603,000000,17.6399,17.7726,17.4318,17.6399,0,0
DPL_PE,D,20080604,000000,17.7062,17.7062,17.3572,17.4318,0,0
DPL_PE,D,20080605,000000,17.4318,17.4318,17.0819,17.4318,0,0
DPL_PE,D,20080606,000000,17.5645,17.5645,17.1565,17.2237,0,0
DPL_PE,D,20080609,000000,17.0156,17.2237,16.0488,16.2577,0,0
DPL_PE,D,20080610,000000,16.1906,16.2577,15.4991,15.6408,0,0
DPL_PE,D,20080611,000000,15.7072,15.7752,15.1583,15.4327,0,0
DPL_PE,D,20080612,000000,14.9502,15.3664,14.9502,15.3664,0,0
DPL_PE,D,20080613,000000,15.291,15.5671,15.1583,15.4991,0,0
DPL_PE,D,20080616,000000,15.6408,15.7072,15.3664,15.4327,0,0
DPL_PE,D,20080617,000000,15.4327,15.4991,15.2246,15.4327,0,0
DPL_PE,D,20080618,000000,15.2246,15.3664,15.1583,15.3664,0,0
DPL_PE,D,20080619,000000,15.0165,15.3664,15.0165,15.291,0,0
DPL_PE,D,20080620,000000,15.4327,15.4327,15.0829,15.3664,0,0
DPL_PE,D,20080623,000000,15.0829,15.3664,14.6741,14.7421,0,0
DPL_PE,D,20080624,000000,14.534,14.6741,13.7753,14.1923,0,0
DPL_PE,D,20080625,000000,13.8499,14.1923,13.8499,14.0506,0,0
DPL_PE,D,20080626,000000,13.9834,14.1923,13.8499,14.0506,0,0
DPL_PE,D,20080627,000000,14.0506,14.0506,13.7753,14.0506,0,0
DPL_PE,D,20080630,000000,13.9834,13.9834,13.7753,13.9834,0,0
DPL_PE,D,20080701,000000,13.9171,13.9171,13.092,13.3673,0,0
DPL_PE,D,20080702,000000,13.6418,13.8499,12.8848,13.5672,0,0
DPL_PE,D,20080703,000000,13.0175,13.5017,13.0175,13.3673,0,0
DPL_PE,D,20080704,000000,13.2256,13.4337,13.0175,13.0175,0,0
DPL_PE,D,20080707,000000,13.0175,13.0175,12.3342,12.4006,0,0
DPL_PE,D,20080708,000000,12.0589,12.3342,11.9188,12.0589,0,0
DPL_PE,D,20080709,000000,12.1269,12.6767,12.0589,12.1269,0,0
DPL_PE,D,20080710,000000,12.3342,13.5017,12.3342,13.2256,0,0
DPL_PE,D,20080711,000000,13.4337,13.6418,12.9511,13.1592,0,0
DPL_PE,D,20080714,000000,13.3673,13.9834,13.3673,13.9171,0,0
DPL_PE,D,20080715,000000,13.709,13.9171,13.5017,13.5017,0,0
DPL_PE,D,20080716,000000,13.8499,13.8499,13.5672,13.709,0,0
DPL_PE,D,20080717,000000,13.9171,14.1923,13.709,13.9834,0,0
DPL_PE,D,20080718,000000,13.8499,14.3259,13.8499,14.3259,0,0
DPL_PE,D,20080721,000000,14.1252,14.8822,14.1252,14.8084,0,0
DPL_PE,D,20080722,000000,14.8084,15.0165,14.6085,14.6741,0,0
DPL_PE,D,20080723,000000,15.5671,15.7752,14.6741,15.5671,0,0
DPL_PE,D,20080724,000000,15.7072,15.7072,14.7421,14.7421,0,0
DPL_PE,D,20080725,000000,14.3259,15.3664,14.3259,15.3664,0,0
DPL_PE,D,20080728,000000,15.4327,15.9833,15.4327,15.8407,0,0
DPL_PE,D,20080729,000000,15.6408,15.9153,15.4991,15.9153,0,0
DPL_PE,D,20080730,000000,16.1242,16.2577,15.8407,15.8407,0,0
DPL_PE,D,20080731,000000,15.9833,15.9833,15.2246,15.6408,0,0
DPL_PE,D,20080801,000000,16.1906,16.1906,15.4991,15.4991,0,0
DPL_PE,D,20080804,000000,15.5671,16.1242,15.5671,15.6408,0,0
DPL_PE,D,20080805,000000,16.0488,16.4658,16.0488,16.1906,0,0
DPL_PE,D,20080806,000000,16.5322,16.5994,16.1242,16.2577,0,0
DPL_PE,D,20080807,000000,16.0488,16.2577,9.64453,9.64453,0,0
DPL_PE,D,20080808,000000,9.64453,9.85263,9.50361,9.57735,0,0
DPL_PE,D,20080811,000000,9.57735,9.71089,9.57735,9.71089,0,0
DPL_PE,D,20080812,000000,9.80839,9.80839,9.36188,9.51017,0,0
DPL_PE,D,20080813,000000,9.51017,9.51017,9.13904,9.28733,0,0
DPL_PE,D,20080814,000000,9.13904,9.28733,9.0653,9.0653,0,0
DPL_PE,D,20080818,000000,9.13904,9.21359,8.91619,9.0653,0,0
DPL_PE,D,20080819,000000,8.99157,8.99157,8.54424,8.69335,0,0
DPL_PE,D,20080820,000000,8.76708,8.76708,8.47051,8.61961,0,0
DPL_PE,D,20080821,000000,8.76708,9.36188,8.61961,8.91619,0,0
DPL_PE,D,20080822,000000,8.99157,9.28733,8.99157,9.13904,0,0
DPL_PE,D,20080825,000000,8.91619,9.13904,8.91619,8.99157,0,0
DPL_PE,D,20080826,000000,8.99157,9.13904,8.99157,9.13904,0,0
DPL_PE,D,20080827,000000,9.0653,9.13904,8.91619,9.0653,0,0
DPL_PE,D,20080828,000000,8.99157,9.13904,8.99157,9.13904,0,0
DPL_PE,D,20080829,000000,9.21359,9.21359,8.99157,8.99157,0,0
DPL_PE,D,20080901,000000,8.99157,8.99157,8.76708,8.84164,0,0
DPL_PE,D,20080902,000000,8.84164,9.0653,8.84164,9.0653,0,0
DPL_PE,D,20080903,000000,9.13904,9.13904,8.91619,8.91619,0,0
DPL_PE,D,20080904,000000,8.99157,9.0653,8.84164,9.0653,0,0
DPL_PE,D,20080905,000000,8.99157,8.99157,8.69335,8.76708,0,0
DPL_PE,D,20080908,000000,8.91619,8.99157,8.76708,8.76708,0,0
DPL_PE,D,20080909,000000,8.69335,8.76708,8.69335,8.69335,0,0
DPL_PE,D,20080910,000000,8.54424,8.54424,8.39677,8.47051,0,0
DPL_PE,D,20080911,000000,8.47051,8.54424,8.39677,8.47051,0,0
DPL_PE,D,20080912,000000,8.54424,8.54424,8.32222,8.39677,0,0
DPL_PE,D,20080915,000000,8.39677,8.39677,7.95027,8.09855,0,0
DPL_PE,D,20080916,000000,8.02482,8.02482,7.80198,7.87653,0,0
DPL_PE,D,20080917,000000,7.95027,7.95027,7.72726,7.80198,0,0
DPL_PE,D,20080918,000000,7.42994,7.72726,7.42994,7.57872,0,0
DPL_PE,D,20080919,000000,7.87653,7.95027,7.57872,7.87653,0,0
DPL_PE,D,20080922,000000,8.02482,8.02482,7.80198,7.80198,0,0
DPL_PE,D,20080923,000000,7.72726,7.72726,7.50491,7.72726,0,0
DPL_PE,D,20080924,000000,7.72726,7.87653,7.65336,7.72726,0,0
DPL_PE,D,20080925,000000,7.65336,7.87653,7.57872,7.87653,0,0
DPL_PE,D,20080926,000000,7.72726,7.87653,7.72726,7.72726,0,0
DPL_PE,D,20080929,000000,7.80198,7.80198,7.28173,7.28173,0,0
DPL_PE,D,20080930,000000,6.91011,7.13304,6.91011,7.13304,0,0
DPL_PE,D,20081001,000000,7.13304,7.28173,7.13304,7.20759,0,0
DPL_PE,D,20081002,000000,7.28173,7.28173,7.05873,7.20759,0,0
DPL_PE,D,20081003,000000,7.20759,7.28173,7.05873,7.13304,0,0
DPL_PE,D,20081006,000000,6.98442,6.98442,6.46426,6.61296,0,0
DPL_PE,D,20081007,000000,6.46426,6.61296,6.16711,6.46426,0,0
DPL_PE,D,20081008,000000,5.86987,6.46426,5.86987,6.09288,0,0
DPL_PE,D,20081009,000000,6.31573,6.31573,6.09288,6.24142,0,0
DPL_PE,D,20081010,000000,6.01857,6.01857,5.42419,5.57272,0,0
DPL_PE,D,20081013,000000,5.79557,5.86987,5.57272,5.79557,0,0
DPL_PE,D,20081014,000000,6.01857,6.24142,6.01857,6.16711,0,0
DPL_PE,D,20081015,000000,6.09288,6.16711,5.57272,5.57272,0,0
DPL_PE,D,20081016,000000,5.27549,5.49841,5.27549,5.49841,0,0
DPL_PE,D,20081017,000000,5.64703,5.64703,5.20118,5.57272,0,0
DPL_PE,D,20081020,000000,5.72134,5.79557,5.57272,5.57272,0,0
DPL_PE,D,20081021,000000,5.64703,5.79557,5.64703,5.72134,0,0
DPL_PE,D,20081022,000000,5.57272,5.64703,5.42419,5.57272,0,0
DPL_PE,D,20081023,000000,5.42419,5.79557,5.3498,5.42419,0,0
DPL_PE,D,20081024,000000,5.27549,5.42419,5.20118,5.20118,0,0
DPL_PE,D,20081027,000000,5.27549,5.27549,5.05256,5.27549,0,0
DPL_PE,D,20081028,000000,5.49841,5.49841,5.27549,5.49841,0,0
DPL_PE,D,20081029,000000,5.64703,5.86987,5.57272,5.79557,0,0
DPL_PE,D,20081030,000000,5.79557,5.86987,5.72134,5.79557,0,0
DPL_PE,D,20081031,000000,5.64703,5.79557,5.57272,5.79557,0,0
DPL_PE,D,20081103,000000,5.94427,6.01857,5.86987,5.86987,0,0
DPL_PE,D,20081104,000000,6.01857,6.24142,5.94427,6.09288,0,0
DPL_PE,D,20081105,000000,6.16711,6.16711,5.79557,5.86987,0,0
DPL_PE,D,20081106,000000,5.72134,5.86987,5.57272,5.64703,0,0
DPL_PE,D,20081107,000000,5.64703,5.79557,5.57272,5.79557,0,0
DPL_PE,D,20081110,000000,5.86987,5.94427,5.79557,5.94427,0,0
DPL_PE,D,20081112,000000,5.79557,5.79557,5.72134,5.72134,0,0
DPL_PE,D,20081113,000000,5.49841,5.86987,5.49841,5.79557,0,0
DPL_PE,D,20081114,000000,6.24142,6.24142,5.72134,5.72134,0,0
DPL_PE,D,20081117,000000,5.72134,5.72134,5.49841,5.72134,0,0
DPL_PE,D,20081118,000000,5.42419,5.64703,5.42419,5.49841,0,0
DPL_PE,D,20081119,000000,5.64703,5.64703,5.49841,5.57272,0,0
DPL_PE,D,20081120,000000,5.3498,5.3498,5.12687,5.27549,0,0
DPL_PE,D,20081121,000000,5.20118,5.42419,5.20118,5.3498,0,0
DPL_PE,D,20081124,000000,5.49841,5.49841,5.20118,5.49841,0,0
DPL_PE,D,20081125,000000,5.3498,5.57272,5.3498,5.3498,0,0
DPL_PE,D,20081126,000000,5.57272,5.57272,5.05256,5.20118,0,0
DPL_PE,D,20081127,000000,5.20118,5.27549,4.90395,5.05256,0,0
DPL_PE,D,20081128,000000,5.12687,5.12687,4.90395,4.90395,0,0
DPL_PE,D,20081201,000000,4.82972,4.90395,4.53249,4.53249,0,0
DPL_PE,D,20081202,000000,4.23525,4.53249,4.23525,4.30956,0,0
DPL_PE,D,20081203,000000,4.38387,4.38387,4.23525,4.30956,0,0
DPL_PE,D,20081204,000000,4.30956,4.38387,4.23525,4.30956,0,0
DPL_PE,D,20081205,000000,4.23525,4.23525,4.16094,4.23525,0,0
DPL_PE,D,20081208,000000,4.38387,4.45818,4.23525,4.45818,0,0
DPL_PE,D,20081209,000000,4.45818,4.53249,4.30956,4.45818,0,0
DPL_PE,D,20081210,000000,4.53249,4.60671,4.45818,4.53249,0,0
DPL_PE,D,20081211,000000,4.38387,4.45818,4.30956,4.45818,0,0
DPL_PE,D,20081212,000000,4.30956,4.45818,4.30956,4.38387,0,0
DPL_PE,D,20081215,000000,4.30956,4.38387,4.23525,4.30956,0,0
DPL_PE,D,20081216,000000,4.23525,4.30956,4.23525,4.30956,0,0
DPL_PE,D,20081217,000000,4.38387,4.38387,4.23525,4.30956,0,0
DPL_PE,D,20081218,000000,4.23525,4.30956,4.23525,4.23525,0,0
DPL_PE,D,20081219,000000,4.23525,4.30956,4.16094,4.23525,0,0
DPL_PE,D,20081222,000000,4.16094,4.16094,4.01233,4.01233,0,0
DPL_PE,D,20081223,000000,3.78948,3.93802,3.78948,3.93802,0,0
DPL_PE,D,20081229,000000,4.01233,4.01233,3.78948,3.78948,0,0
DPL_PE,D,20081230,000000,3.78948,3.86379,3.78948,3.86379,0,0
DPL_PE,D,20081231,000000,3.86379,4.08664,3.86379,3.93802,0,0
DPL_PE,D,20090105,000000,3.93802,4.16094,3.93802,4.16094,0,0
DPL_PE,D,20090106,000000,4.23525,4.38387,4.08664,4.16094,0,0
DPL_PE,D,20090107,000000,4.23525,4.23525,3.93802,3.93802,0,0
DPL_PE,D,20090108,000000,3.93802,4.01233,3.93802,3.93802,0,0
DPL_PE,D,20090109,000000,4.01233,4.45818,4.01233,4.30956,0,0
DPL_PE,D,20090112,000000,4.30956,5.20118,4.30956,4.97826,0,0
DPL_PE,D,20090113,000000,5.05256,5.12687,4.68102,4.97826,0,0
DPL_PE,D,20090114,000000,5.05256,5.05256,4.45818,4.45818,0,0
DPL_PE,D,20090115,000000,4.45818,4.53249,4.30956,4.38387,0,0
DPL_PE,D,20090116,000000,4.60671,4.90395,4.53249,4.68102,0,0
DPL_PE,D,20090119,000000,4.90395,4.90395,4.53249,4.53249,0,0
DPL_PE,D,20090120,000000,4.45818,4.68102,4.45818,4.68102,0,0
DPL_PE,D,20090121,000000,4.53249,4.53249,4.38387,4.53249,0,0
DPL_PE,D,20090122,000000,4.60671,4.75533,4.38387,4.45818,0,0
DPL_PE,D,20090123,000000,4.38387,4.38387,4.16094,4.30956,0,0
DPL_PE,D,20090126,000000,4.30956,4.53249,4.30956,4.45818,0,0
DPL_PE,D,20090127,000000,4.53249,4.53249,4.30956,4.38387,0,0
DPL_PE,D,20090128,000000,4.45818,4.45818,4.23525,4.30956,0,0
DPL_PE,D,20090129,000000,4.38387,4.38387,4.23525,4.30956,0,0
DPL_PE,D,20090130,000000,4.16094,4.23525,4.16094,4.16094,0,0
DPL_PE,D,20090202,000000,4.08664,4.16094,4.01233,4.08664,0,0
DPL_PE,D,20090203,000000,3.93802,4.08664,3.93802,4.01233,0,0
DPL_PE,D,20090204,000000,4.01233,4.08664,3.93802,4.01233,0,0
DPL_PE,D,20090205,000000,4.01233,4.01233,3.86379,3.86379,0,0
DPL_PE,D,20090206,000000,4.01233,4.08664,3.86379,4.08664,0,0
DPL_PE,D,20090209,000000,4.08664,4.53249,4.08664,4.45818,0,0
DPL_PE,D,20090210,000000,4.45818,4.68102,4.38387,4.38387,0,0
DPL_PE,D,20090211,000000,4.23525,4.38387,4.23525,4.30956,0,0
DPL_PE,D,20090212,000000,4.38387,4.45818,4.16094,4.23525,0,0
DPL_PE,D,20090213,000000,4.30956,4.30956,4.16094,4.23525,0,0
DPL_PE,D,20090216,000000,4.23525,4.23525,4.01233,4.08664,0,0
DPL_PE,D,20090217,000000,4.01233,4.08664,3.86379,3.93802,0,0
DPL_PE,D,20090218,000000,3.86379,4.01233,3.78948,4.01233,0,0
DPL_PE,D,20090219,000000,4.08664,4.16094,4.08664,4.08664,0,0
DPL_PE,D,20090220,000000,4.01233,4.08664,3.93802,4.08664,0,0
DPL_PE,D,20090223,000000,4.08664,4.16094,4.01233,4.08664,0,0
DPL_PE,D,20090224,000000,4.08664,4.16094,4.01233,4.16094,0,0
DPL_PE,D,20090225,000000,4.16094,4.23525,4.01233,4.08664,0,0
DPL_PE,D,20090226,000000,4.08664,4.08664,3.93802,4.01233,0,0
DPL_PE,D,20090227,000000,4.01233,4.08664,3.93802,4.01233,0,0
DPL_PE,D,20090302,000000,3.93802,3.93802,3.86379,3.93802,0,0
DPL_PE,D,20090303,000000,3.71518,3.71518,3.41794,3.49225,0,0
DPL_PE,D,20090304,000000,3.49225,17.4613,3.26941,17.4613,0,0
DPL_PE,D,20090305,000000,17.4613,17.9807,17.2376,17.6095,0,0
DPL_PE,D,20090306,000000,16.941,18.1306,16.7927,18.0552,0,0
DPL_PE,D,20090309,000000,18.0552,18.0552,16.8665,17.0901,0,0
DPL_PE,D,20090310,000000,17.0901,18.5017,17.0901,18.0552,0,0
DPL_PE,D,20090311,000000,18.7991,18.9474,18.2043,18.5017,0,0
DPL_PE,D,20090312,000000,18.1306,18.1306,17.6095,17.8324,0,0
DPL_PE,D,20090313,000000,18.7246,18.7246,17.6841,17.8324,0,0
DPL_PE,D,20090316,000000,18.0552,18.5017,18.0552,18.0552,0,0
DPL_PE,D,20090317,000000,18.3526,20.2853,18.0552,20.2853,0,0
DPL_PE,D,20090318,000000,20.4328,20.6564,19.616,19.9133,0,0
DPL_PE,D,20090319,000000,19.616,20.2853,19.5422,19.7642,0,0
DPL_PE,D,20090320,000000,19.9133,19.9133,19.5422,19.7642,0,0
DPL_PE,D,20090323,000000,19.7642,21.6961,19.7642,21.6961,0,0
DPL_PE,D,20090324,000000,22.3646,22.3646,21.3241,21.3241,0,0
DPL_PE,D,20090325,000000,21.1759,22.2163,21.1759,21.8452,0,0
DPL_PE,D,20090326,000000,22.3646,22.3646,21.4741,21.8452,0,0
DPL_PE,D,20090327,000000,21.5478,22.068,20.5811,20.953,0,0
DPL_PE,D,20090330,000000,19.9133,20.4328,19.838,19.9133,0,0
DPL_PE,D,20090331,000000,19.616,20.2853,19.3931,19.616,0,0
DPL_PE,D,20090401,000000,19.7642,20.1362,19.3186,19.7642,0,0
DPL_PE,D,20090402,000000,20.1362,20.1362,20.1362,20.1362,0,0
DPL_PE,D,20090403,000000,20.5073,23.3314,20.5073,22.8857,0,0
DPL_PE,D,20090406,000000,23.7762,24.1482,21.9935,22.2163,0,0
DPL_PE,D,20090407,000000,22.5875,23.2568,22.068,22.5875,0,0
DPL_PE,D,20090408,000000,21.7707,24.1482,21.7707,23.6288,0,0
DPL_PE,D,20090409,000000,24.1482,24.6693,22.8857,24.0007,0,0
DPL_PE,D,20090414,000000,24.5193,26.4512,24.0007,24.965,0,0
DPL_PE,D,20090415,000000,24.8175,25.337,24.5939,25.337,0,0
DPL_PE,D,20090416,000000,25.8572,26.5257,24.965,26.5257,0,0
DPL_PE,D,20090417,000000,26.3774,26.3774,24.5193,24.5193,0,0
DPL_PE,D,20090420,000000,22.2909,22.2909,20.8047,21.1759,0,0
DPL_PE,D,20090421,000000,20.953,22.068,20.953,21.9935,0,0
DPL_PE,D,20090422,000000,22.2909,22.6628,21.7707,22.068,0,0
DPL_PE,D,20090423,000000,22.2909,22.5875,21.9189,21.9935,0,0
DPL_PE,D,20090424,000000,22.1426,22.6628,21.8452,22.068,0,0
DPL_PE,D,20090427,000000,21.6961,21.7707,21.0276,21.3241,0,0
DPL_PE,D,20090428,000000,20.8047,21.4741,20.8047,21.3241,0,0
DPL_PE,D,20090429,000000,21.1759,22.5137,21.1759,22.068,0,0
DPL_PE,D,20090430,000000,22.2163,22.9594,22.2163,22.5875,0,0
DPL_PE,D,20090504,000000,22.7366,23.9253,22.2163,23.9253,0,0
DPL_PE,D,20090505,000000,23.9253,23.9253,22.8857,23.4059,0,0
DPL_PE,D,20110303,000000,11.9631,11.9631,11.9631,11.9631,0,0
DPL_PE,D,20110304,000000,11.9631,12.0368,11.7394,12.0368,0,0
DPL_PE,D,20110307,000000,11.9631,11.9631,11.7394,11.7394,0,0
DPL_PE,D,20110308,000000,11.6657,11.8885,11.5174,11.8885,0,0
DPL_PE,D,20110309,000000,11.9631,11.9631,11.6657,11.6657,0,0
DPL_PE,D,20110310,000000,11.592,11.8885,11.592,11.592,0,0
DPL_PE,D,20110311,000000,11.6657,11.6657,11.3683,11.6657,0,0
DPL_PE,D,20110314,000000,11.592,11.592,11.2937,11.3683,0,0
DPL_PE,D,20110315,000000,11.22,11.2937,10.7743,11.1454,0,0
DPL_PE,D,20110316,000000,11.0709,11.6657,11.0709,11.592,0,0
DPL_PE,D,20110317,000000,11.442,11.7394,11.3683,11.6657,0,0
DPL_PE,D,20110318,000000,11.442,11.6657,11.442,11.6657,0,0
DPL_PE,D,20110321,000000,11.6657,11.6657,11.3683,11.3683,0,0
DPL_PE,D,20110322,000000,11.3683,11.592,11.2937,11.592,0,0
DPL_PE,D,20110323,000000,11.3683,11.6657,11.3683,11.6657,0,0
DPL_PE,D,20110324,000000,11.592,11.6657,11.442,11.592,0,0
DPL_PE,D,20110325,000000,11.442,11.592,11.3683,11.5174,0,0
DPL_PE,D,20110328,000000,11.3683,11.592,11.2937,11.5174,0,0
DPL_PE,D,20110329,000000,11.442,11.592,11.3683,11.592,0,0
DPL_PE,D,20110330,000000,11.592,11.6657,11.5174,11.5174,0,0
DPL_PE,D,20110331,000000,11.442,11.5174,11.2937,11.5174,0,0
DPL_PE,D,20110401,000000,11.5174,11.5174,11.2937,11.5174,0,0
DPL_PE,D,20110404,000000,11.5174,11.5174,11.2937,11.5174,0,0
DPL_PE,D,20110405,000000,11.442,11.5174,11.22,11.5174,0,0
DPL_PE,D,20110406,000000,11.442,12.1106,11.442,12.0368,0,0
DPL_PE,D,20110407,000000,12.0368,12.0368,11.592,11.7394,0,0
DPL_PE,D,20110408,000000,11.814,11.9631,11.6657,11.9631,0,0
DPL_PE,D,20110411,000000,11.9631,11.9631,11.6657,11.7394,0,0
DPL_PE,D,20110412,000000,11.7394,11.7394,11.5174,11.6657,0,0
DPL_PE,D,20110413,000000,11.5174,11.8885,11.5174,11.8885,0,0
DPL_PE,D,20110414,000000,11.8885,11.8885,11.6657,11.7394,0,0
DPL_PE,D,20110415,000000,11.6657,11.814,11.6657,11.7394,0,0
DPL_PE,D,20110418,000000,11.7394,11.8885,11.7394,11.7394,0,0
DPL_PE,D,20110419,000000,11.814,11.8885,11.592,11.8885,0,0
DPL_PE,D,20110420,000000,12.0368,12.3342,12.0368,12.0368,0,0
DPL_PE,D,20110421,000000,12.1859,12.1859,11.814,12.1859,0,0
DPL_PE,D,20110426,000000,12.2605,12.4088,12.1859,12.4088,0,0
DPL_PE,D,20110427,000000,12.3342,12.4088,12.0368,12.2605,0,0
DPL_PE,D,20110428,000000,12.2605,12.4088,12.2605,12.3342,0,0
DPL_PE,D,20110429,000000,12.3342,12.5571,12.3342,12.4825,0,0
DPL_PE,D,20110502,000000,12.4825,13.2256,12.2605,13.2256,0,0
DPL_PE,D,20110504,000000,13.0773,13.1519,12.7799,13.0773,0,0
DPL_PE,D,20110505,000000,13.0036,13.523,13.0036,13.4484,0,0
DPL_PE,D,20110506,000000,13.4484,13.5975,13.1519,13.523,0,0
DPL_PE,D,20110509,000000,13.4484,14.6372,13.4484,14.4144,0,0
DPL_PE,D,20110510,000000,14.4144,14.4889,8.69335,8.69335,0,0
DPL_PE,D,20110511,000000,8.69335,8.69335,8.17229,8.17229,0,0
DPL_PE,D,20110512,000000,8.17229,8.17229,8.02482,8.17229,0,0
DPL_PE,D,20110513,000000,8.17229,8.39677,8.09855,8.39677,0,0
DPL_PE,D,20110516,000000,8.39677,8.39677,8.24848,8.24848,0,0
DPL_PE,D,20110517,000000,8.17229,8.17229,7.72726,7.87653,0,0
DPL_PE,D,20110518,000000,7.87653,8.02482,7.80198,7.87653,0,0
DPL_PE,D,20110519,000000,7.87653,8.09855,7.80198,8.09855,0,0
DPL_PE,D,20110520,000000,8.09855,8.09855,8.02482,8.09855,0,0
DPL_PE,D,20110523,000000,8.09855,8.09855,7.87653,7.95027,0,0
DPL_PE,D,20110524,000000,7.95027,8.09855,7.95027,8.02482,0,0
DPL_PE,D,20110525,000000,7.95027,8.24848,7.87653,8.24848,0,0
DPL_PE,D,20110526,000000,8.32222,8.54424,8.24848,8.39677,0,0
DPL_PE,D,20110527,000000,8.39677,8.39677,8.17229,8.24848,0,0
DPL_PE,D,20110530,000000,8.17229,8.24848,8.02482,8.02482,0,0
DPL_PE,D,20110531,000000,8.02482,8.32222,8.02482,8.32222,0,0
DPL_PE,D,20110601,000000,8.39677,8.39677,8.24848,8.32222,0,0
DPL_PE,D,20110602,000000,8.17229,8.17229,8.09855,8.17229,0,0
DPL_PE,D,20110603,000000,8.09855,8.24848,8.02482,8.17229,0,0
DPL_PE,D,20110606,000000,8.09855,8.17229,7.95027,8.02482,0,0
DPL_PE,D,20110607,000000,8.02482,8.17229,8.02482,8.17229,0,0
DPL_PE,D,20110608,000000,8.09855,8.54424,8.02482,8.47051,0,0
DPL_PE,D,20110609,000000,8.24848,8.47051,8.17229,8.39677,0,0
DPL_PE,D,20110610,000000,8.39677,8.39677,8.09855,8.09855,0,0
DPL_PE,D,20110613,000000,8.09855,8.32222,8.09855,8.24848,0,0
DPL_PE,D,20110614,000000,8.24848,8.24848,8.09855,8.09855,0,0
DPL_PE,D,20110615,000000,8.17229,8.17229,8.09855,8.09855,0,0
DPL_PE,D,20110616,000000,8.09855,8.17229,8.09855,8.17229,0,0
DPL_PE,D,20110617,000000,8.17229,8.17229,8.09855,8.09855,0,0
DPL_PE,D,20110620,000000,8.09855,8.09855,7.95027,8.02482,0,0
DPL_PE,D,20110621,000000,8.02482,8.02482,7.95027,7.95027,0,0
DPL_PE,D,20110622,000000,7.95027,8.02482,7.95027,7.95027,0,0
DPL_PE,D,20110624,000000,7.95027,7.95027,7.50491,7.57872,0,0
DPL_PE,D,20110627,000000,7.42994,7.57872,7.20759,7.28173,0,0
DPL_PE,D,20110628,000000,7.20759,7.28173,7.05873,7.20759,0,0
DPL_PE,D,20110629,000000,7.28173,7.42994,7.20759,7.42994,0,0
DPL_PE,D,20110630,000000,7.35588,7.50491,7.28173,7.50491,0,0
DPL_PE,D,20110701,000000,7.50491,7.50491,7.42994,7.50491,0,0
DPL_PE,D,20110704,000000,7.50491,7.57872,7.50491,7.50491,0,0
DPL_PE,D,20110705,000000,7.50491,7.50491,7.35588,7.42994,0,0
DPL_PE,D,20110706,000000,7.35588,7.35588,6.68727,6.68727,0,0
DPL_PE,D,20110707,000000,6.68727,6.91011,6.53865,6.8358,0,0
DPL_PE,D,20110708,000000,6.8358,6.98442,6.76149,6.8358,0,0
DPL_PE,D,20110711,000000,6.8358,6.8358,6.68727,6.76149,0,0
DPL_PE,D,20110712,000000,6.68727,6.68727,6.39003,6.61296,0,0
DPL_PE,D,20110713,000000,6.39003,6.61296,6.39003,6.53865,0,0
DPL_PE,D,20110714,000000,6.53865,6.61296,6.39003,6.53865,0,0
DPL_PE,D,20110715,000000,6.53865,6.61296,6.46426,6.61296,0,0
DPL_PE,D,20110718,000000,6.53865,6.61296,6.31573,6.31573,0,0
DPL_PE,D,20110719,000000,6.39003,6.61296,6.31573,6.53865,0,0
DPL_PE,D,20110720,000000,6.68727,6.68727,6.53865,6.61296,0,0
DPL_PE,D,20110721,000000,6.53865,6.68727,6.46426,6.61296,0,0
DPL_PE,D,20110722,000000,6.61296,6.68727,6.61296,6.68727,0,0
DPL_PE,D,20110725,000000,6.68727,6.68727,6.53865,6.53865,0,0
DPL_PE,D,20110726,000000,6.53865,6.53865,6.46426,6.53865,0,0
DPL_PE,D,20110727,000000,6.53865,6.53865,6.46426,6.53865,0,0
DPL_PE,D,20110728,000000,6.39003,6.61296,6.39003,6.53865,0,0
DPL_PE,D,20110729,000000,6.39003,6.53865,6.39003,6.53865,0,0
DPL_PE,D,20110801,000000,6.61296,6.76149,6.53865,6.68727,0,0
DPL_PE,D,20110802,000000,6.46426,6.61296,6.39003,6.61296,0,0
DPL_PE,D,20110803,000000,6.39003,6.61296,5.94427,6.16711,0,0
DPL_PE,D,20110804,000000,6.16711,6.24142,5.94427,5.94427,0,0
DPL_PE,D,20110805,000000,5.49841,6.09288,5.42419,6.01857,0,0
DPL_PE,D,20110808,000000,5.86987,6.16711,5.86987,5.86987,0,0
DPL_PE,D,20110809,000000,5.72134,6.09288,5.42419,5.64703,0,0
DPL_PE,D,20110810,000000,5.86987,6.09288,5.42419,5.49841,0,0
DPL_PE,D,20110811,000000,5.79557,5.79557,5.42419,5.64703,0,0
DPL_PE,D,20110812,000000,5.86987,6.01857,5.64703,5.94427,0,0
DPL_PE,D,20110816,000000,5.94427,5.94427,5.57272,5.86987,0,0
DPL_PE,D,20110817,000000,5.72134,6.09288,5.72134,6.09288,0,0
DPL_PE,D,20110818,000000,5.94427,6.01857,5.57272,5.57272,0,0
DPL_PE,D,20110819,000000,5.49841,5.72134,5.49841,5.72134,0,0
DPL_PE,D,20110822,000000,5.72134,5.94427,5.72134,5.79557,0,0
DPL_PE,D,20110823,000000,6.01857,6.01857,5.79557,5.86987,0,0
DPL_PE,D,20110824,000000,5.79557,5.86987,5.64703,5.64703,0,0
DPL_PE,D,20110825,000000,5.86987,5.86987,5.64703,5.64703,0,0
DPL_PE,D,20110826,000000,5.64703,5.94427,5.64703,5.94427,0,0
DPL_PE,D,20110829,000000,5.94427,6.24142,5.94427,6.09288,0,0
DPL_PE,D,20110830,000000,6.24142,6.31573,5.86987,6.16711,0,0
DPL_PE,D,20110831,000000,6.01857,6.16711,5.64703,5.94427,0,0
DPL_PE,D,20110901,000000,5.86987,6.01857,5.72134,5.86987,0,0
DPL_PE,D,20110902,000000,5.72134,9.28733,5.72134,9.28733,0,0
DPL_PE,D,20110905,000000,9.13904,9.28733,8.84164,8.99157,0,0
DPL_PE,D,20110906,000000,8.91619,9.0653,8.76708,8.84164,0,0
DPL_PE,D,20110907,000000,9.43643,9.43643,8.84164,9.28733,0,0
DPL_PE,D,20110908,000000,9.28733,9.28733,9.0653,9.28733,0,0
DPL_PE,D,20110909,000000,9.28733,9.28733,8.91619,9.21359,0,0
DPL_PE,D,20110912,000000,8.99157,9.13904,8.54424,8.54424,0,0
DPL_PE,D,20110913,000000,9.13904,9.13904,8.47051,8.47051,0,0
DPL_PE,D,20110914,000000,8.39677,8.47051,8.24848,8.32222,0,0
DPL_PE,D,20110915,000000,8.32222,8.54424,8.32222,8.32222,0,0
DPL_PE,D,20110916,000000,8.32222,8.47051,8.32222,8.47051,0,0
DPL_PE,D,20110919,000000,8.39677,8.39677,7.65336,7.87653,0,0
DPL_PE,D,20110920,000000,7.80198,8.99157,7.65336,8.99157,0,0
DPL_PE,D,20110921,000000,9.21359,9.28733,8.61961,8.91619,0,0
DPL_PE,D,20110922,000000,8.54424,8.91619,8.39677,8.61961,0,0
DPL_PE,D,20110923,000000,8.39677,8.61961,7.95027,8.39677,0,0
DPL_PE,D,20110926,000000,8.09855,8.17229,7.95027,7.95027,0,0
DPL_PE,D,20110927,000000,8.17229,8.17229,7.95027,7.95027,0,0
DPL_PE,D,20110928,000000,7.87653,8.02482,7.87653,7.95027,0,0
DPL_PE,D,20110929,000000,7.95027,8.02482,7.95027,8.02482,0,0
DPL_PE,D,20110930,000000,8.09855,8.39677,7.95027,8.17229,0,0
DPL_PE,D,20111003,000000,8.09855,8.32222,8.09855,8.09855,0,0
DPL_PE,D,20111004,000000,8.02482,8.17229,7.95027,8.17229,0,0
DPL_PE,D,20111005,000000,8.24848,8.24848,8.02482,8.02482,0,0
DPL_PE,D,20111006,000000,8.09855,8.17229,7.87653,7.87653,0,0
DPL_PE,D,20111007,000000,7.95027,8.02482,7.87653,8.02482,0,0
DPL_PE,D,20111010,000000,7.95027,7.95027,7.87653,7.95027,0,0
DPL_PE,D,20111011,000000,7.87653,8.02482,7.72726,7.80198,0,0
DPL_PE,D,20111012,000000,7.72726,7.87653,7.65336,7.65336,0,0
DPL_PE,D,20111013,000000,7.65336,7.95027,7.57872,7.72726,0,0
DPL_PE,D,20111014,000000,7.80198,7.80198,7.65336,7.72726,0,0
DPL_PE,D,20111017,000000,7.80198,8.02482,7.80198,7.80198,0,0
DPL_PE,D,20111018,000000,7.72726,7.87653,7.72726,7.80198,0,0
DPL_PE,D,20111019,000000,7.87653,8.02482,7.65336,7.65336,0,0
DPL_PE,D,20111020,000000,7.65336,7.72726,7.57872,7.57872,0,0
DPL_PE,D,20111021,000000,7.65336,7.65336,7.57872,7.57872,0,0
DPL_PE,D,20111024,000000,7.65336,7.80198,7.65336,7.65336,0,0
DPL_PE,D,20111025,000000,7.65336,7.87653,7.65336,7.72726,0,0
DPL_PE,D,20111026,000000,7.72726,8.17229,7.72726,7.87653,0,0
DPL_PE,D,20111027,000000,7.95027,8.32222,7.95027,8.32222,0,0
DPL_PE,D,20111028,000000,8.32222,8.39677,8.17229,8.17229,0,0
DPL_PE,D,20111031,000000,8.17229,8.17229,8.09855,8.17229,0,0
DPL_PE,D,20111102,000000,7.87653,7.95027,7.80198,7.95027,0,0
DPL_PE,D,20111103,000000,7.87653,8.17229,7.80198,8.17229,0,0
DPL_PE,D,20111104,000000,8.24848,8.32222,8.09855,8.09855,0,0
DPL_PE,D,20111107,000000,8.17229,8.32222,8.09855,8.32222,0,0
DPL_PE,D,20111108,000000,8.32222,8.47051,8.17229,8.17229,0,0
DPL_PE,D,20111109,000000,8.09855,8.09855,7.80198,7.95027,0,0
DPL_PE,D,20111110,000000,7.95027,8.02482,7.87653,8.02482,0,0
DPL_PE,D,20111114,000000,8.17229,8.17229,7.87653,7.87653,0,0
DPL_PE,D,20111115,000000,7.80198,7.95027,7.72726,7.87653,0,0
DPL_PE,D,20111116,000000,7.65336,7.72726,7.65336,7.72726,0,0
DPL_PE,D,20150302,000000,28.6067,28.6067,28.6067,28.6067,0,0
DPL_PE,D,20150303,000000,27.567,28.6067,27.567,28.6067,0,0
DPL_PE,D,20150304,000000,28.4576,28.9033,28.4576,28.8295,0,0
DPL_PE,D,20150305,000000,28.6067,28.6067,28.6067,28.6067,0,0
DPL_PE,D,20150306,000000,28.0127,28.9033,28.0127,28.8295,0,0
DPL_PE,D,20150309,000000,28.8295,28.8295,27.6408,28.8295,0,0
DPL_PE,D,20150310,000000,28.7558,28.7558,28.7558,28.7558,0,0
DPL_PE,D,20150311,000000,28.6813,28.9778,28.3093,28.3093,0,0
DPL_PE,D,20150312,000000,28.3839,28.9778,28.3839,28.6813,0,0
DPL_PE,D,20150313,000000,28.9778,28.9778,28.9778,28.9778,0,0
DPL_PE,D,20150316,000000,28.2347,28.9778,28.2347,28.9778,0,0
DPL_PE,D,20150317,000000,29.3498,29.3498,29.3498,29.3498,0,0
DPL_PE,D,20150318,000000,29.3498,29.3498,28.161,28.6067,0,0
DPL_PE,D,20150319,000000,27.7145,28.0127,27.7145,27.9382,0,0
DPL_PE,D,20150320,000000,28.9033,28.9033,28.9033,28.9033,0,0
DPL_PE,D,20150323,000000,28.9033,28.9033,27.9382,27.9382,0,0
DPL_PE,D,20150324,000000,27.9382,28.6067,27.8628,28.6067,0,0
DPL_PE,D,20150325,000000,27.9382,28.6067,27.9382,28.6067,0,0
DPL_PE,D,20150326,000000,27.7145,28.6067,27.7145,28.6067,0,0
DPL_PE,D,20150330,000000,28.7558,29.2752,28.0127,28.0865,0,0
DPL_PE,D,20150331,000000,28.161,28.161,28.161,28.161,0,0
DPL_PE,D,20150401,000000,29.2007,29.4243,29.2007,29.4243,0,0
DPL_PE,D,20150402,000000,29.4243,29.4243,28.6067,29.4243,0,0
DPL_PE,D,20150407,000000,28.6813,28.6813,28.6067,28.6813,0,0
DPL_PE,D,20150408,000000,28.6067,29.3498,28.6067,29.3498,0,0
DPL_PE,D,20150409,000000,28.4576,29.3498,28.4576,29.2752,0,0
DPL_PE,D,20150410,000000,28.0865,29.2752,28.0865,29.2752,0,0
DPL_PE,D,20150413,000000,28.0865,29.2752,28.0865,29.2752,0,0
DPL_PE,D,20150414,000000,28.161,29.1261,28.161,29.1261,0,0
DPL_PE,D,20150415,000000,28.6067,29.1261,28.6067,28.6813,0,0
DPL_PE,D,20150416,000000,28.161,28.9778,28.161,28.9778,0,0
DPL_PE,D,20150417,000000,28.0865,28.8295,28.0865,28.161,0,0
DPL_PE,D,20150420,000000,28.161,28.8295,28.161,28.161,0,0
DPL_PE,D,20150421,000000,28.8295,28.9033,28.8295,28.8295,0,0
DPL_PE,D,20150422,000000,28.161,28.9033,28.161,28.9033,0,0
DPL_PE,D,20150423,000000,28.0127,28.8295,28.0127,28.8295,0,0
DPL_PE,D,20150424,000000,28.8295,28.8295,28.8295,28.8295,0,0
DPL_PE,D,20150427,000000,28.0865,28.8295,28.0865,28.8295,0,0
DPL_PE,D,20150428,000000,28.3093,28.8295,28.3093,28.8295,0,0
DPL_PE,D,20150429,000000,28.0865,28.8295,28.0865,28.8295,0,0
DPL_PE,D,20150430,000000,28.8295,29.2007,28.8295,29.2007,0,0
DPL_PE,D,20150504,000000,29.3498,29.4981,28.0865,29.4981,0,0
DPL_PE,D,20150505,000000,28.5313,41.4612,28.5313,41.4612,0,0
DPL_PE,D,20150506,000000,39.9004,41.3866,39.9004,41.312,0,0
DPL_PE,D,20150507,000000,39.8267,39.8267,39.6776,39.7521,0,0
DPL_PE,D,20150508,000000,41.3866,41.3866,39.3065,40.9401,0,0
DPL_PE,D,20150511,000000,39.4547,41.0147,39.4547,39.4547,0,0
DPL_PE,D,20150512,000000,40.4215,40.4215,40.3461,40.3461,0,0
DPL_PE,D,20150513,000000,40.569,40.569,39.6776,40.569,0,0
DPL_PE,D,20150514,000000,39.6776,40.569,39.6776,40.1978,0,0
DPL_PE,D,20150515,000000,40.3461,40.3461,40.3461,40.3461,0,0
DPL_PE,D,20150518,000000,39.0091,39.4547,38.6379,39.4547,0,0
DPL_PE,D,20150519,000000,39.2319,40.1978,39.2319,40.1978,0,0
DPL_PE,D,20170526,000000,45.0275,45.0275,45.0275,45.0275,0,0
DPL_PE,D,20170529,000000,46.3653,46.3653,45.2503,45.2503,0,0
DPL_PE,D,20170530,000000,45.2503,45.2503,42.5762,42.5762,0,0
DPL_PE,D,20170531,000000,42.872,43.0956,41.5349,43.0219,0,0
DPL_PE,D,20170601,000000,43.3185,43.5405,43.3185,43.4667,0,0
DPL_PE,D,20170602,000000,45.3249,45.3249,43.4667,43.4667,0,0
DPL_PE,D,20170605,000000,43.9878,43.9878,43.4667,43.4667,0,0
DPL_PE,D,20170606,000000,42.4271,44.2098,42.4271,44.1353,0,0
DPL_PE,D,20170607,000000,42.4271,43.9878,42.3525,42.3525,0,0
DPL_PE,D,20170608,000000,43.0956,43.5405,43.0956,43.2439,0,0
DPL_PE,D,20170609,000000,43.5405,43.5405,43.2439,43.2439,0,0
DPL_PE,D,20170612,000000,43.3185,44.4335,42.5762,42.5762,0,0
DPL_PE,D,20170614,000000,43.9878,43.9878,43.6904,43.6904,0,0
DPL_PE,D,20170616,000000,42.872,45.7706,42.2042,45.696,0,0
DPL_PE,D,20170619,000000,43.765,43.765,42.872,43.4667,0,0
DPL_PE,D,20170620,000000,43.5405,43.5405,43.4667,43.4667,0,0
DPL_PE,D,20170621,000000,42.6499,42.6499,41.9814,42.3525,0,0
DPL_PE,D,20170623,000000,41.7577,42.2042,41.09,42.1289,0,0
DPL_PE,D,20170626,000000,41.09,41.09,41.0147,41.0147,0,0
DPL_PE,D,20170627,000000,42.2042,42.2042,41.2383,41.2383,0,0
DPL_PE,D,20170628,000000,41.312,41.312,41.2383,41.2383,0,0
DPL_PE,D,20170629,000000,41.312,41.312,41.2383,41.2383,0,0
DPL_PE,D,20170630,000000,41.312,42.4271,41.312,42.3525,0,0
DPL_PE,D,20170703,000000,41.7577,41.7577,40.569,40.569,0,0
DPL_PE,D,20170704,000000,40.4215,40.6435,40.4215,40.569,0,0
DPL_PE,D,20170706,000000,41.09,41.09,40.3461,40.3461,0,0
DPL_PE,D,20170707,000000,40.4215,40.4215,40.4215,40.4215,0,0
DPL_PE,D,20170710,000000,40.4215,40.4215,40.1233,40.1233,0,0
DPL_PE,D,20170711,000000,40.1978,41.09,40.1233,40.1233,0,0
DPL_PE,D,20170712,000000,41.09,41.5349,40.6435,41.4612,0,0
DPL_PE,D,20170713,000000,41.5349,41.5349,41.4612,41.4612,0,0
DPL_PE,D,20170714,000000,41.5349,41.5349,41.5349,41.5349,0,0
DPL_PE,D,20170717,000000,41.09,41.09,41.09,41.09,0,0
DPL_PE,D,20170718,000000,41.09,41.09,40.4215,40.4215,0,0
DPL_PE,D,20170719,000000,41.5349,41.5349,41.5349,41.5349,0,0
DPL_PE,D,20170720,000000,41.312,41.5349,41.312,41.5349,0,0
DPL_PE,D,20170721,000000,41.5349,41.5349,41.4612,41.4612,0,0
DPL_PE,D,20170724,000000,41.5349,41.5349,41.4612,41.4612,0,0
DPL_PE,D,20170725,000000,41.09,41.312,41.09,41.2383,0,0
DPL_PE,D,20170726,000000,41.312,41.312,41.2383,41.2383,0,0
DPL_PE,D,20170727,000000,41.312,41.9814,41.312,41.9068,0,0
DPL_PE,D,20170728,000000,41.312,41.9814,41.312,41.9068,0,0
DPL_PE,D,20170731,000000,41.9814,42.2042,41.9814,41.9814,0,0
DPL_PE,D,20170801,000000,42.872,42.872,41.2383,41.2383,0,0
DPL_PE,D,20170802,000000,41.5349,41.7577,40.8664,41.6832,0,0
DPL_PE,D,20170803,000000,41.312,41.9814,41.312,41.6832,0,0
DPL_PE,D,20170804,000000,40.8664,41.9814,40.8664,41.9068,0,0
DPL_PE,D,20170807,000000,41.7577,41.9814,41.5349,41.9068,0,0
DPL_PE,D,20170808,000000,41.9814,41.9814,41.6832,41.6832,0,0
DPL_PE,D,20170809,000000,40.8664,41.7577,40.8664,41.6832,0,0
DPL_PE,D,20170810,000000,41.7577,43.0956,41.7577,42.3525,0,0
DPL_PE,D,20170811,000000,41.7577,41.7577,40.3461,40.3461,0,0
DPL_PE,D,20170814,000000,41.5349,41.5349,41.4612,41.4612,0,0
DPL_PE,D,20170816,000000,41.5349,41.9814,41.5349,41.9068,0,0
DPL_PE,D,20170817,000000,41.9814,41.9814,41.9068,41.9068,0,0
DPL_PE,D,20170818,000000,40.8664,41.09,40.569,40.569,0,0
DPL_PE,D,20170821,000000,41.9814,45.9934,41.9814,45.9197,0,0
DPL_PE,D,20170822,000000,45.5477,47.777,44.8784,47.7032,0,0
DPL_PE,D,20170823,000000,45.9934,47.9998,45.7706,47.9253,0,0
DPL_PE,D,20170824,000000,48.2218,48.2218,45.9934,47.4787,0,0
DPL_PE,D,20170825,000000,46.2162,47.3313,46.2162,47.2559,0,0
DPL_PE,D,20170828,000000,45.3249,46.6619,45.3249,45.9197,0,0
DPL_PE,D,20170829,000000,45.7706,45.9934,45.7706,45.9197,0,0
DPL_PE,D,20170830,000000,45.3249,45.7706,45.3249,45.696,0,0
DPL_PE,D,20170831,000000,45.3249,45.3249,44.6555,44.8046,0,0
DPL_PE,D,20170901,000000,44.8784,44.8784,44.8046,44.8046,0,0
DPL_PE,D,20170904,000000,45.102,45.102,44.8046,44.8046,0,0
DPL_PE,D,20170905,000000,44.8784,45.3249,44.6555,45.2503,0,0
DPL_PE,D,20170906,000000,45.3249,46.2162,44.8784,45.4732,0,0
DPL_PE,D,20170907,000000,45.3249,45.9934,44.6555,44.8046,0,0
DPL_PE,D,20170908,000000,44.8784,45.3249,44.8046,44.8046,0,0
DPL_PE,D,20170911,000000,44.8784,44.8784,44.8046,44.8046,0,0
DPL_PE,D,20170912,000000,44.8784,44.8784,44.6555,44.8046,0,0
DPL_PE,D,20170913,000000,44.6555,44.6555,44.4335,44.5818,0,0
DPL_PE,D,20170914,000000,44.4335,45.5477,44.4335,45.2503,0,0
DPL_PE,D,20170915,000000,44.4335,44.6555,44.4335,44.5818,0,0
DPL_PE,D,20170918,000000,44.6555,45.5477,44.6555,45.4732,0,0
DPL_PE,D,20170919,000000,45.3249,45.3249,44.5818,44.5818,0,0
DPL_PE,D,20170920,000000,44.6555,45.102,44.6555,45.0275,0,0
DPL_PE,D,20170921,000000,44.6555,46.2162,44.6555,45.696,0,0
DPL_PE,D,20170922,000000,45.5477,45.5477,44.5818,44.5818,0,0
DPL_PE,D,20170925,000000,44.8784,45.3249,44.6555,45.3249,0,0
DPL_PE,D,20170928,000000,45.3249,45.3249,45.3249,45.3249,0,0
DPL_PE,D,20180430,000000,26.4512,26.4512,26.4512,26.4512,0,0
DPL_PE,D,20180502,000000,28.5313,28.5313,26.4512,26.4512,0,0
DPL_PE,D,20180504,000000,26.4512,26.4512,26.4512,26.4512,0,0
DPL_PE,D,20180507,000000,26.4512,26.4512,26.4512,26.4512,0,0
DPL_PE,D,20180509,000000,25.4861,26.3774,24.743,26.3774,0,0
DPL_PE,D,20180510,000000,26.5257,26.5257,25.9318,25.9318,0,0
DPL_PE,D,20180511,000000,25.9318,25.9318,25.9318,25.9318,0,0
DPL_PE,D,20180514,000000,25.9318,25.9318,25.9318,25.9318,0,0
DPL_PE,D,20180515,000000,25.9318,25.9318,25.9318,25.9318,0,0
DPL_PE,D,20180516,000000,25.7835,25.7835,25.7835,25.7835,0,0
DPL_PE,D,20180517,000000,24.8175,25.9318,24.8175,25.9318,0,0
DPL_PE,D,20180518,000000,25.9318,25.9318,25.7835,25.7835,0,0
DPL_PE,D,20180521,000000,24.8175,24.8175,24.8175,24.8175,0,0
DPL_PE,D,20180522,000000,24.8175,24.8175,24.8175,24.8175,0,0
DPL_PE,D,20180523,000000,24.8175,24.8175,24.8175,24.8175,0,0
DPL_PE,D,20180524,000000,25.9318,25.9318,24.2227,24.2227,0,0
DPL_PE,D,20180525,000000,25.7835,25.7835,24.743,25.6344,0,0
DPL_PE,D,20180528,000000,25.6344,25.6344,25.6344,25.6344,0,0
DPL_PE,D,20180529,000000,25.7835,26.0063,25.7835,25.7835,0,0
DPL_PE,D,20180530,000000,26.1546,26.1546,15.6777,15.6777,0,0
DPL_PE,D,20180601,000000,15.6777,15.6777,15.6777,15.6777,0,0
DPL_PE,D,20180604,000000,14.4889,14.6372,14.4889,14.6372,0,0
DPL_PE,D,20180605,000000,15.604,15.604,15.604,15.604,0,0
DPL_PE,D,20180606,000000,14.4889,15.6777,14.4889,15.6777,0,0
DPL_PE,D,20180607,000000,15.6777,15.6777,15.6777,15.6777,0,0
DPL_PE,D,20180608,000000,15.6777,15.6777,15.6777,15.6777,0,0
DPL_PE,D,20180611,000000,15.6777,15.6777,15.6777,15.6777,0,0
DPL_PE,D,20180612,000000,15.6777,15.6777,15.232,15.232,0,0
DPL_PE,D,20180613,000000,15.232,15.232,15.232,15.232,0,0
DPL_PE,D,20180614,000000,15.6777,15.6777,15.232,15.232,0,0
DPL_PE,D,20180615,000000,15.6777,15.6777,15.6777,15.6777,0,0
DPL_PE,D,20180618,000000,15.232,15.5302,14.6372,15.5302,0,0
DPL_PE,D,20180619,000000,15.5302,15.5302,15.5302,15.5302,0,0
DPL_PE,D,20180620,000000,15.5302,15.5302,15.5302,15.5302,0,0
DPL_PE,D,20180621,000000,15.5302,15.5302,15.5302,15.5302,0,0
DPL_PE,D,20180622,000000,14.6372,15.1583,14.5635,15.1583,0,0
DPL_PE,D,20180625,000000,15.1583,15.1583,15.1583,15.1583,0,0
DPL_PE,D,20180626,000000,14.4889,15.4548,14.4889,15.4548,0,0
DPL_PE,D,20180627,000000,15.3803,15.3803,15.3803,15.3803,0,0
DPL_PE,D,20180628,000000,15.3803,15.3803,15.3803,15.3803,0,0
DPL_PE,D,20180629,000000,14.5635,15.3803,14.5635,15.3803,0,0
DPL_PE,D,20180702,000000,15.4548,15.4548,15.4548,15.4548,0,0
DPL_PE,D,20180703,000000,15.4548,15.4548,15.232,15.232,0,0
DPL_PE,D,20180704,000000,15.3066,15.3803,14.4889,15.3803,0,0
DPL_PE,D,20180705,000000,14.5635,15.4548,14.5635,15.232,0,0
DPL_PE,D,20180706,000000,14.6372,15.604,14.6372,15.232,0,0
DPL_PE,D,20180709,000000,15.4548,15.4548,15.232,15.232,0,0
DPL_PE,D,20180710,000000,15.4548,15.4548,15.232,15.232,0,0
DPL_PE,D,20180711,000000,15.3066,15.3803,15.3066,15.3803,0,0
DPL_PE,D,20180712,000000,15.3803,15.3803,14.5635,14.6372,0,0
DPL_PE,D,20180713,000000,14.5635,14.8609,14.4889,14.8609,0,0
DPL_PE,D,20180716,000000,14.8609,14.8609,14.8609,14.8609,0,0
DPL_PE,D,20180717,000000,14.8609,14.8609,14.3406,14.3406,0,0
DPL_PE,D,20180718,000000,14.8609,14.9354,14.8609,14.8609,0,0
DPL_PE,D,20180719,000000,15.5302,15.5302,13.7467,14.5635,0,0
DPL_PE,D,20180723,000000,14.5635,14.5635,14.5635,14.5635,0,0
DPL_PE,D,20180724,000000,14.5635,14.5635,14.5635,14.5635,0,0
DPL_PE,D,20180725,000000,14.4144,14.5635,14.1923,14.2661,0,0
DPL_PE,D,20180726,000000,14.4144,14.6372,14.4144,14.5635,0,0
DPL_PE,D,20180727,000000,15.4548,15.5302,14.5635,15.5302,0,0
DPL_PE,D,20180730,000000,15.5302,15.5302,15.5302,15.5302,0,0
DPL_PE,D,20180731,000000,15.5302,15.5302,14.4889,14.9354,0,0
DPL_PE,D,20180801,000000,14.9354,15.232,14.5635,15.1583,0,0
DPL_PE,D,20180802,000000,15.232,15.232,14.5635,14.7863,0,0
DPL_PE,D,20180803,000000,14.9354,15.1583,14.9354,15.0829,0,0
DPL_PE,D,20180806,000000,15.0829,15.1583,15.0829,15.1583,0,0
DPL_PE,D,20180807,000000,15.0829,15.0829,14.4889,14.5635,0,0
DPL_PE,D,20180808,000000,14.5635,14.5635,14.4889,14.4889,0,0
DPL_PE,D,20180809,000000,14.6372,14.7118,14.4144,14.4144,0,0
DPL_PE,D,20180810,000000,14.7863,14.7863,13.9687,13.9687,0,0
DPL_PE,D,20180813,000000,14.1178,14.2661,13.8941,14.2661,0,0
DPL_PE,D,20180814,000000,14.1923,14.1923,14.0424,14.1923,0,0
DPL_PE,D,20180816,000000,14.9051,14.9051,14.0735,14.8297,0,0
DPL_PE,D,20180817,000000,14.8297,15.5114,14.3005,15.5114,0,0
DPL_PE,D,20180820,000000,15.4352,15.4352,14.8297,15.132,0,0
DPL_PE,D,20180821,000000,15.3598,15.3598,15.3598,15.3598,0,0
DPL_PE,D,20180822,000000,15.3598,15.3598,14.7535,15.2836,0,0
DPL_PE,D,20180823,000000,15.2836,15.2836,14.6028,15.132,0,0
DPL_PE,D,20180824,000000,15.132,15.132,14.6782,15.132,0,0
DPL_PE,D,20180827,000000,15.2074,15.2074,14.8297,14.8297,0,0
DPL_PE,D,20180828,000000,14.8297,14.8297,14.7535,14.7535,0,0
DPL_PE,D,20180829,000000,14.7535,14.7535,14.7535,14.7535,0,0
DPL_PE,D,20180830,000000,14.7535,14.7535,14.3759,14.7535,0,0
DPL_PE,D,20180831,000000,14.7535,14.9051,14.7535,14.8297,0,0
DPL_PE,D,20180903,000000,14.8297,14.8297,14.8297,14.8297,0,0
DPL_PE,D,20180904,000000,14.8297,14.8297,14.8297,14.8297,0,0
DPL_PE,D,20180905,000000,14.5274,14.5274,14.4512,14.5274,0,0
DPL_PE,D,20180906,000000,14.9051,14.9051,14.0735,14.0735,0,0
DPL_PE,D,20180907,000000,14.1489,14.1489,14.1489,14.1489,0,0
DPL_PE,D,20180910,000000,14.6782,14.6782,14.6782,14.6782,0,0
DPL_PE,D,20180911,000000,14.6782,14.6782,14.6782,14.6782,0,0
DPL_PE,D,20180912,000000,14.6782,14.6782,13.9973,14.0735,0,0
DPL_PE,D,20180913,000000,13.2403,14.0735,13.2403,14.0735,0,0
DPL_PE,D,20180914,000000,13.2403,14.5274,13.2403,14.5274,0,0
DPL_PE,D,20180917,000000,14.3759,14.3759,13.922,14.3005,0,0
DPL_PE,D,20180919,000000,14.3005,14.3005,13.0896,14.1489,0,0
DPL_PE,D,20180920,000000,14.3005,14.3005,14.3005,14.3005,0,0
DPL_PE,D,20180921,000000,14.3005,14.3005,14.3005,14.3005,0,0
DPL_PE,D,20180924,000000,14.3005,14.3005,14.3005,14.3005,0,0
DPL_PE,D,20180925,000000,14.3005,14.3005,14.3005,14.3005,0,0
DPL_PE,D,20181128,000000,16.5699,16.5699,16.5699,16.5699,0,0
DPL_PE,D,20181129,000000,16.5699,16.5699,16.116,16.3429,0,0
DPL_PE,D,20181130,000000,16.3429,16.3429,16.3429,16.3429,0,0
DPL_PE,D,20181203,000000,15.8137,16.116,15.6621,15.8891,0,0
DPL_PE,D,20181204,000000,15.8891,15.8891,15.8891,15.8891,0,0
DPL_PE,D,20181205,000000,15.6621,15.6621,15.5114,15.5114,0,0
DPL_PE,D,20181206,000000,15.3598,15.9644,15.3598,15.4352,0,0
DPL_PE,D,20181207,000000,15.9644,15.9644,15.9644,15.9644,0,0
DPL_PE,D,20181210,000000,14.7535,15.4352,14.7535,15.4352,0,0
DPL_PE,D,20181211,000000,14.7535,15.4352,14.7535,15.4352,0,0
DPL_PE,D,20181212,000000,14.9805,14.9805,14.9805,14.9805,0,0
DPL_PE,D,20181213,000000,14.9051,14.9051,14.9051,14.9051,0,0
DPL_PE,D,20181214,000000,15.4352,15.4352,15.4352,15.4352,0,0
DPL_PE,D,20181217,000000,14.9051,15.5867,14.9051,15.5114,0,0
DPL_PE,D,20181218,000000,15.5114,15.7375,15.3598,15.5114,0,0
DPL_PE,D,20181219,000000,15.5114,15.5114,15.2074,15.2074,0,0
DPL_PE,D,20181220,000000,15.2074,15.4352,15.0567,15.132,0,0
DPL_PE,D,20181221,000000,15.132,15.4352,14.8297,14.8297,0,0
DPL_PE,D,20181227,000000,14.9051,15.4352,14.9051,15.4352,0,0
DPL_PE,D,20181228,000000,15.2074,15.4352,15.2074,15.4352,0,0
DPL_PE,D,20190102,000000,16.8722,16.8722,15.4352,15.9644,0,0
DPL_PE,D,20190103,000000,15.7375,15.7375,15.7375,15.7375,0,0
DPL_PE,D,20190104,000000,15.7375,15.7375,14.9805,15.4352,0,0
DPL_PE,D,20190107,000000,15.6621,15.6621,14.9051,14.9051,0,0
DPL_PE,D,20190108,000000,15.6621,15.6621,15.6621,15.6621,0,0
DPL_PE,D,20190109,000000,15.4352,15.6621,15.4352,15.6621,0,0
DPL_PE,D,20190110,000000,15.6621,15.6621,15.6621,15.6621,0,0
DPL_PE,D,20190111,000000,15.6621,15.6621,15.6621,15.6621,0,0
DPL_PE,D,20190114,000000,15.7375,15.8891,15.7375,15.8891,0,0
DPL_PE,D,20190115,000000,15.7375,16.5699,15.7375,16.5699,0,0
DPL_PE,D,20190116,000000,16.2676,16.4945,16.2676,16.4183,0,0
DPL_PE,D,20190117,000000,16.4183,16.5699,16.4183,16.5699,0,0
DPL_PE,D,20190118,000000,16.116,16.5699,16.116,16.5699,0,0
DPL_PE,D,20190121,000000,16.5699,16.5699,16.5699,16.5699,0,0
DPL_PE,D,20190122,000000,16.5699,16.5699,16.5699,16.5699,0,0
DPL_PE,D,20190123,000000,16.5699,16.5699,16.3429,16.3429,0,0
DPL_PE,D,20190124,000000,16.5699,16.5699,16.116,16.5699,0,0
DPL_PE,D,20190125,000000,16.5699,16.5699,16.5699,16.5699,0,0
DPL_PE,D,20190128,000000,16.5699,16.5699,16.5699,16.5699,0,0
DPL_PE,D,20190129,000000,16.5699,17.1,16.3429,17.1,0,0
DPL_PE,D,20190130,000000,16.7968,17.7808,16.7968,17.7808,0,0
DPL_PE,D,20190131,000000,17.8561,18.0077,17.8561,17.8561,0,0
DPL_PE,D,20190201,000000,18.2347,18.7639,18.2347,18.537,0,0
DPL_PE,D,20190204,000000,18.2347,18.31,17.8561,18.0831,0,0
DPL_PE,D,20190205,000000,18.0831,18.0831,18.0831,18.0831,0,0
DPL_PE,D,20190206,000000,18.2347,18.2347,18.1585,18.1585,0,0
DPL_PE,D,20190207,000000,18.1585,18.1585,17.9315,17.9315,0,0
DPL_PE,D,20190208,000000,17.9315,19.2186,17.9315,18.1585,0,0
DPL_PE,D,20190211,000000,17.7054,18.9917,17.7054,18.31,0,0
DPL_PE,D,20190212,000000,18.31,18.7639,18.31,18.7639,0,0
DPL_PE,D,20190213,000000,18.537,18.9917,18.537,18.9917,0,0
DPL_PE,D,20190214,000000,19.1424,19.1424,18.537,18.537,0,0
DPL_PE,D,20190219,000000,17.6292,17.8561,17.6292,17.8561,0,0
DPL_PE,D,20190220,000000,18.7639,18.7639,17.6292,17.6292,0,0
DPL_PE,D,20190221,000000,17.7054,18.6885,17.4023,17.6292,0,0
DPL_PE,D,20190222,000000,17.4785,18.7639,17.4785,18.7639,0,0
DPL_PE,D,20190225,000000,17.7808,18.0077,17.7808,17.9315,0,0
DPL_PE,D,20190226,000000,17.7808,17.8561,17.7808,17.8561,0,0
DPL_PE,D,20190227,000000,17.8561,17.8561,17.8561,17.8561,0,0
DPL_PE,D,20190228,000000,17.8561,17.8561,17.6292,17.6292,0,0
DPL_PE,D,20190301,000000,17.4785,17.8561,17.4785,17.8561,0,0
DPL_PE,D,20190305,000000,17.4785,17.8561,17.4023,17.8561,0,0
DPL_PE,D,20190306,000000,17.8561,17.8561,17.8561,17.8561,0,0
DPL_PE,D,20190307,000000,17.4785,17.4785,17.4785,17.4785,0,0
DPL_PE,D,20190308,000000,17.7808,17.7808,17.4023,17.4023,0,0
DPL_PE,D,20190311,000000,16.8722,17.1753,16.8722,17.1753,0,0
DPL_PE,D,20190312,000000,17.1753,17.1753,17.1753,17.1753,0,0
DPL_PE,D,20190313,000000,16.9476,17.1753,16.9476,17.1753,0,0
DPL_PE,D,20190314,000000,17.2515,17.2515,17.1753,17.1753,0,0
DPL_PE,D,20190315,000000,17.1753,17.1753,17.1753,17.1753,0,0
DPL_PE,D,20190318,000000,17.1753,17.7808,17.1753,17.2515,0,0
DPL_PE,D,20190319,000000,17.3269,17.3269,17.1,17.1,0,0
DPL_PE,D,20190320,000000,17.1,17.1,17.1,17.1,0,0
DPL_PE,D,20190321,000000,17.1,17.1,17.1,17.1,0,0
DPL_PE,D,20190322,000000,17.1,18.31,17.1,17.8561,0,0
DPL_PE,D,20190325,000000,17.7808,17.7808,17.1753,17.1753,0,0
DPL_PE,D,20190401,000000,16.7968,16.7968,16.7968,16.7968,0,0
DPL_PE,D,20190403,000000,16.7968,16.7968,16.7968,16.7968,0,0
DPL_PE,D,20190404,000000,16.7214,16.7214,16.7214,16.7214,0,0
DPL_PE,D,20190405,000000,16.7968,16.8722,16.7968,16.8722,0,0
DPL_PE,D,20190408,000000,16.7968,16.7968,16.7214,16.7214,0,0
DPL_PE,D,20190409,000000,16.9476,16.9476,16.8722,16.9476,0,0
DPL_PE,D,20190410,000000,17.0238,17.0238,16.9476,16.9476,0,0
DPL_PE,D,20190411,000000,16.9476,16.9476,16.9476,16.9476,0,0
DPL_PE,D,20190412,000000,16.4945,16.4945,16.116,16.116,0,0
DPL_PE,D,20190415,000000,16.9476,16.9476,16.9476,16.9476,0,0
DPL_PE,D,20190416,000000,16.9476,16.9476,16.9476,16.9476,0,0
DPL_PE,D,20190417,000000,16.9476,16.9476,16.9476,16.9476,0,0
DPL_PE,D,20190418,000000,16.9476,16.9476,16.9476,16.9476,0,0
DPL_PE,D,20190424,000000,16.9476,16.9476,16.9476,16.9476,0,0
DPL_PE,D,20190425,000000,16.9476,16.9476,16.9476,16.9476,0,0
DPL_PE,D,20190426,000000,15.8137,15.8891,15.8137,15.8891,0,0
DPL_PE,D,20190429,000000,16.4945,16.4945,16.4945,16.4945,0,0
DPL_PE,D,20190430,000000,16.4945,31.475,16.4945,31.475,0,0
DPL_PE,D,20190502,000000,31.3234,31.3234,31.248,31.248,0,0
DPL_PE,D,20190506,000000,31.3996,31.475,31.3996,31.475,0,0
DPL_PE,D,20190507,000000,29.7357,31.3996,29.7357,31.3234,0,0
DPL_PE,D,20190508,000000,30.7188,31.5512,30.7188,31.5512,0,0
DPL_PE,D,20190509,000000,34.3507,34.426,34.3507,34.426,0,0
DPL_PE,D,20190510,000000,34.653,34.653,34.653,34.653,0,0
DPL_PE,D,20190513,000000,33.7452,33.7452,33.6698,33.6698,0,0
DPL_PE,D,20190514,000000,31.8535,31.8535,31.8535,31.8535,0,0
DPL_PE,D,20190515,000000,31.8535,31.8535,31.8535,31.8535,0,0
DPL_PE,D,20190516,000000,31.8535,31.8535,31.8535,31.8535,0,0
DPL_PE,D,20190517,000000,32.6105,32.6105,32.6105,32.6105,0,0
DPL_PE,D,20190520,000000,33.8214,33.8968,33.8214,33.8968,0,0
DPL_PE,D,20190521,000000,33.8968,34.1237,33.8968,34.1237,0,0
DPL_PE,D,20190522,000000,32.6859,32.6859,32.6105,32.6105,0,0
DPL_PE,D,20190523,000000,33.1398,33.1398,31.8535,31.8535,0,0
DPL_PE,D,20190524,000000,31.8535,31.8535,30.8695,31.475,0,0
DPL_PE,D,20190528,000000,31.6274,31.6274,28.4494,31.3234,0,0
DPL_PE,D,20201127,000000,48.865,48.865,48.865,48.865,0,0
DPL_PE,D,20201130,000000,46.7439,48.4717,44.7014,44.9365,0,0
DPL_PE,D,20201201,000000,48.3152,48.3152,44.9365,44.9365,0,0
DPL_PE,D,20201202,000000,47.2936,47.2936,44.1508,44.1508,0,0
DPL_PE,D,20201203,000000,47.2936,47.2936,47.2936,47.2936,0,0
DPL_PE,D,20201204,000000,47.2936,48.2366,47.2936,48.2366,0,0
DPL_PE,D,20201208,000000,43.9157,48.2366,43.9157,47.2936,0,0
DPL_PE,D,20201209,000000,43.9157,47.0576,41.7946,43.0514,0,0
DPL_PE,D,20201210,000000,43.0514,44.9365,43.0514,43.2087,0,0
DPL_PE,D,20201211,000000,44.7014,45.9582,42.6581,42.6581,0,0
DPL_PE,D,20201214,000000,44.9365,44.9365,42.2657,42.423,0,0
DPL_PE,D,20201215,000000,43.366,45.7222,42.6581,42.8154,0,0
DPL_PE,D,20201216,000000,42.9727,45.3298,42.9727,44.9365,0,0
DPL_PE,D,20201217,000000,43.0514,45.1725,43.0514,44.78,0,0
DPL_PE,D,20201218,000000,42.5803,43.9944,41.6373,43.2087,0,0
DPL_PE,D,20201221,000000,41.6373,43.366,41.48,43.2087,0,0
DPL_PE,D,20201222,000000,42.5803,43.2087,41.4013,43.2087,0,0
DPL_PE,D,20201223,000000,43.2087,43.6011,43.2087,43.2087,0,0
DPL_PE,D,20201228,000000,41.7946,43.9157,41.7946,42.8154,0,0
DPL_PE,D,20201229,000000,44.3868,49.4933,44.3868,49.4933,0,0
DPL_PE,D,20201230,000000,49.4933,50.9861,49.4933,50.6715,0,0
DPL_PE,D,20210104,000000,51.222,51.222,50.2004,50.2004,0,0
DPL_PE,D,20210105,000000,48.629,48.629,45.7222,45.7222,0,0
DPL_PE,D,20210107,000000,47.2936,49.6507,47.2936,49.6507,0,0
DPL_PE,D,20210108,000000,51.7718,52.0069,51.7718,52.0069,0,0
DPL_PE,D,20210111,000000,52.5574,52.5574,52.5574,52.5574,0,0
DPL_PE,D,20210112,000000,52.5574,52.5574,52.5574,52.5574,0,0
DPL_PE,D,20210113,000000,49.8858,49.8858,49.8858,49.8858,0,0
DPL_PE,D,20210114,000000,50.4363,50.4363,50.4363,50.4363,0,0
DPL_PE,D,20210115,000000,50.4363,50.4363,50.4363,50.4363,0,0
DPL_PE,D,20210118,000000,49.8858,50.4363,49.8858,50.4363,0,0
DPL_PE,D,20210119,000000,50.9861,50.9861,50.9861,50.9861,0,0
DPL_PE,D,20210120,000000,49.8858,51.222,49.8858,51.222,0,0
DPL_PE,D,20210121,000000,52.3215,52.3215,52.2428,52.2428,0,0
DPL_PE,D,20210125,000000,52.5574,52.7926,52.5574,52.7926,0,0
DPL_PE,D,20210126,000000,52.5574,52.5574,52.5574,52.5574,0,0
DPL_PE,D,20210127,000000,50.2004,50.2004,50.2004,50.2004,0,0
DPL_PE,D,20210128,000000,50.2004,50.2004,48.3152,48.3152,0,0
DPL_PE,D,20210129,000000,51.222,52.3215,51.222,52.2428,0,0
DPL_PE,D,20210201,000000,52.3215,52.4001,52.3215,52.4001,0,0
DPL_PE,D,20210202,000000,52.3215,52.3215,52.2428,52.2428,0,0
DPL_PE,D,20210203,000000,51.222,51.222,49.8858,49.8858,0,0
DPL_PE,D,20210204,000000,52.1642,52.1642,49.8858,52.0069,0,0
DPL_PE,D,20210205,000000,52.4001,52.4001,52.0069,52.0069,0,0
DPL_PE,D,20210208,000000,56.4851,59.1559,56.4851,59.0781,0,0
DPL_PE,D,20210209,000000,57.8205,59.1559,57.8205,59.0781,0,0
DPL_PE,D,20210210,000000,59.1559,59.1559,59.0781,59.0781,0,0
DPL_PE,D,20210211,000000,55.1496,59.1559,55.1496,59.0781,0,0
DPL_PE,D,20210212,000000,58.6062,58.6062,58.6062,58.6062,0,0
DPL_PE,D,20210215,000000,55.9353,55.9353,55.9353,55.9353,0,0
DPL_PE,D,20210216,000000,58.6062,58.6062,58.6062,58.6062,0,0
DPL_PE,D,20210217,000000,55.6994,55.6994,55.6994,55.6994,0,0
DPL_PE,D,20210218,000000,57.5067,57.5067,57.5067,57.5067,0,0
DPL_PE,D,20210219,000000,56.721,57.5067,54.128,54.128,0,0
DPL_PE,D,20210222,000000,55.4642,57.5067,55.4642,57.5067,0,0
DPL_PE,D,20210223,000000,58.2924,58.2924,58.0564,58.0564,0,0
DPL_PE,D,20210224,000000,55.9353,55.9353,55.9353,55.9353,0,0
DPL_PE,D,20210225,000000,55.9353,55.9353,55.9353,55.9353,0,0
DPL_PE,D,20210226,000000,58.0564,58.0564,58.0564,58.0564,0,0
DPL_PE,D,20210301,000000,59.1559,59.1559,58.8421,58.8421,0,0
DPL_PE,D,20210302,000000,57.8205,57.8205,57.8205,57.8205,0,0
DPL_PE,D,20210303,000000,58.0564,58.0564,57.8205,58.0564,0,0
DPL_PE,D,20210304,000000,57.2707,57.2707,57.2707,57.2707,0,0
DPL_PE,D,20210305,000000,56.721,56.721,56.721,56.721,0,0
DPL_PE,D,20210308,000000,56.721,56.721,56.721,56.721,0,0
DPL_PE,D,20210309,000000,55.1496,56.721,55.1496,56.721,0,0
DPL_PE,D,20210316,000000,52.5574,52.5574,52.5574,52.5574,0,0
DPL_PE,D,20210317,000000,49.8858,50.4363,49.8858,50.4363,0,0
DPL_PE,D,20210318,000000,50.9861,52.3215,50.9861,52.2428,0,0
DPL_PE,D,20210319,000000,52.5574,52.5574,52.5574,52.5574,0,0
DPL_PE,D,20210322,000000,52.7926,54.9137,52.7926,54.9137,0,0
DPL_PE,D,20210324,000000,54.6786,54.6786,54.5999,54.5999,0,0
DPL_PE,D,20210325,000000,54.364,54.5999,54.364,54.364,0,0
DPL_PE,D,20210326,000000,54.364,54.6786,54.364,54.5999,0,0
DPL_PE,D,20210329,000000,56.2499,56.2499,56.2499,56.2499,0,0
DPL_PE,D,20210330,000000,57.0348,57.0348,57.0348,57.0348,0,0
DPL_PE,D,20210331,000000,57.8205,58.0564,57.8205,58.0564,0,0
DPL_PE,D,20210401,000000,62.5346,62.5346,56.721,61.9849,0,0
DPL_PE,D,20210406,000000,61.9849,81.4673,61.9849,81.3886,0,0
DPL_PE,D,20210407,000000,89.8747,104.015,86.7287,104.015,0,0
DPL_PE,D,20210408,000000,112.97,120.827,96.1586,96.1586,0,0
DPL_PE,D,20210409,000000,96.1586,101.975,93.0125,98.8294,0,0
DPL_PE,D,20210412,000000,98.8294,106.137,93.0125,96.7075,0,0
DPL_PE,D,20210413,000000,91.9966,96.7075,90.8988,95.6096,0,0
DPL_PE,D,20210414,000000,91.9966,95.6096,86.1798,89.3258,0,0
DPL_PE,D,20210415,000000,87.2039,99.3046,87.2039,99.3046,0,0
DPL_PE,D,20210416,000000,98.2805,99.8535,91.9966,98.1986,0,0
DPL_PE,D,20210419,000000,99.3046,99.3046,91.9966,96.6337,0,0
DPL_PE,D,20210420,000000,95.1345,102.991,92.4636,101.893,0,0
DPL_PE,D,20210421,000000,101.975,115.641,101.975,114.543,0,0
DPL_PE,D,20210422,000000,118.238,122.949,106.686,111.872,0,0
DPL_PE,D,20210423,000000,111.946,116.665,107.71,114.543,0,0
DPL_PE,D,20210426,000000,113.519,114.068,108.259,112.97,0,0
DPL_PE,D,20210427,000000,114.068,114.543,103.54,109.275,0,0
DPL_PE,D,20210428,000000,111.397,111.397,103.54,109.824,0,0
DPL_PE,D,20210429,000000,111.946,111.946,6.59911,6.59911,0,0
DPL_PE,D,20210430,000000,6.59911,6.59911,6.20627,6.44198,0,0
DPL_PE,D,20210504,000000,6.44198,6.44198,5.89208,6.28484,0,0
DPL_PE,D,20210505,000000,6.28484,8.79904,5.81351,8.79904,0,0
DPL_PE,D,20210506,000000,8.95634,10.2131,8.87769,8.95634,0,0
DPL_PE,D,20210507,000000,9.34877,9.34877,8.24848,8.79904,0,0
DPL_PE,D,20210510,000000,9.27012,11.3912,9.27012,11.3912,0,0
DPL_PE,D,20210511,000000,11.3126,12.7267,10.9201,11.7845,0,0
DPL_PE,D,20210512,000000,12.0983,12.0983,11.2339,11.941,0,0
DPL_PE,D,20210513,000000,11.8623,13.9056,11.0774,13.6696,0,0
DPL_PE,D,20210514,000000,13.8269,13.8269,12.9626,13.355,0,0
DPL_PE,D,20210517,000000,13.8269,14.8478,13.4337,13.591,0,0
DPL_PE,D,20210518,000000,13.591,13.7483,12.8053,13.2764,0,0
DPL_PE,D,20210519,000000,13.2764,13.2764,12.4129,12.648,0,0
DPL_PE,D,20210520,000000,12.7267,14.1407,11.6272,13.9056,0,0
DPL_PE,D,20210521,000000,13.5123,13.591,12.884,13.2764,0,0
DPL_PE,D,20210524,000000,13.1986,13.1986,12.2556,12.648,0,0
DPL_PE,D,20210525,000000,12.1769,12.4915,11.5485,11.7845,0,0
DPL_PE,D,20210526,000000,11.3126,11.7845,10.9201,11.7058,0,0
DPL_PE,D,20210527,000000,11.5485,11.5485,10.8415,10.9988,0,0
DPL_PE,D,20210528,000000,11.7845,12.7267,11.2339,11.3912,0,0
DPL_PE,D,20210531,000000,11.7058,11.7058,4.08516,4.08516,0,0
DPL_PE,D,20210601,000000,4.08516,4.08516,3.69232,3.69232,0,0
DPL_PE,D,20210602,000000,3.69232,3.84946,3.61383,3.77089,0,0
DPL_PE,D,20210604,000000,3.84946,3.92802,3.77089,3.77089,0,0
DPL_PE,D,20210607,000000,3.77089,3.92802,3.69232,3.92802,0,0
DPL_PE,D,20210608,000000,3.92802,4.39944,3.84946,4.2423,0,0
DPL_PE,D,20210609,000000,4.2423,4.55649,4.00659,4.55649,0,0
DPL_PE,D,20210610,000000,4.63506,4.71363,4.478,4.71363,0,0
DPL_PE,D,20210611,000000,4.71363,4.71363,4.478,4.478,0,0
DPL_PE,D,20210614,000000,4.478,4.63506,4.32087,4.39944,0,0
DPL_PE,D,20210615,000000,4.32087,4.39944,4.16373,4.2423,0,0
DPL_PE,D,20210616,000000,4.2423,4.2423,4.08516,4.16373,0,0
DPL_PE,D,20210617,000000,4.16373,4.39944,3.92802,4.39944,0,0
DPL_PE,D,20210618,000000,4.478,4.87077,4.39944,4.39944,0,0
DPL_PE,D,20210621,000000,4.32087,4.55649,4.16373,4.478,0,0
DPL_PE,D,20210622,000000,4.55649,4.63506,4.32087,4.478,0,0
DPL_PE,D,20210623,000000,4.478,4.55649,4.39944,4.55649,0,0
DPL_PE,D,20210624,000000,4.55649,4.87077,4.39944,4.71363,0,0
DPL_PE,D,20210625,000000,4.71363,4.94933,4.55649,4.87077,0,0
DPL_PE,D,20210628,000000,4.87077,5.10647,4.87077,4.94933,0,0
DPL_PE,D,20210629,000000,5.10647,5.26361,4.94933,5.10647,0,0
DPL_PE,D,20210630,000000,4.94933,5.0279,4.71363,4.71363,0,0
DPL_PE,D,20210701,000000,4.71363,4.7922,4.39944,4.55649,0,0
DPL_PE,D,20210702,000000,4.55649,4.7922,4.478,4.63506,0,0
DPL_PE,D,20210705,000000,4.478,5.18504,4.478,5.10647,0,0
DPL_PE,D,20210706,000000,5.18504,5.18504,4.87077,4.87077,0,0
DPL_PE,D,20210707,000000,4.87077,5.10647,4.7922,5.0279,0,0
DPL_PE,D,20210708,000000,4.94933,5.0279,4.7922,4.87077,0,0
DPL_PE,D,20210709,000000,4.71363,4.87077,4.71363,4.87077,0,0
DPL_PE,D,20210712,000000,4.87077,5.0279,4.71363,4.94933,0,0
DPL_PE,D,20210713,000000,4.7922,5.10647,4.7922,4.94933,0,0
DPL_PE,D,20210714,000000,4.87077,4.94933,4.7922,4.7922,0,0
DPL_PE,D,20210715,000000,4.87077,4.87077,4.63506,4.7922,0,0
DPL_PE,D,20210716,000000,4.71363,4.87077,4.71363,4.7922,0,0
DPL_PE,D,20210719,000000,4.71363,4.71363,4.2423,4.2423,0,0
DPL_PE,D,20210720,000000,4.16373,4.39944,3.92802,4.16373,0,0
DPL_PE,D,20210721,000000,4.32087,4.55649,4.2423,4.478,0,0
DPL_PE,D,20210722,000000,4.55649,4.55649,4.32087,4.39944,0,0
DPL_PE,D,20210723,000000,4.32087,4.478,4.32087,4.32087,0,0
DPL_PE,D,20210726,000000,4.32087,4.39944,4.08516,4.32087,0,0
DPL_PE,D,20210727,000000,4.32087,4.39944,4.16373,4.16373,0,0
DPL_PE,D,20210728,000000,4.16373,4.39944,4.16373,4.39944,0,0
DPL_PE,D,20210729,000000,4.39944,4.55649,4.39944,4.478,0,0
DPL_PE,D,20210730,000000,4.478,4.55649,4.39944,4.478,0,0
DPL_PE,D,20210802,000000,4.478,5.0279,4.478,4.94933,0,0
DPL_PE,D,20210803,000000,4.94933,4.94933,4.71363,4.71363,0,0
DPL_PE,D,20210804,000000,4.71363,4.87077,4.55649,4.63506,0,0
DPL_PE,D,20210805,000000,4.63506,4.71363,4.478,4.63506,0,0
DPL_PE,D,20210806,000000,4.63506,4.87077,4.63506,4.87077,0,0
DPL_PE,D,20210809,000000,4.87077,4.87077,4.55649,4.71363,0,0
DPL_PE,D,20210810,000000,4.71363,4.71363,4.39944,4.478,0,0
DPL_PE,D,20210811,000000,4.63506,4.63506,4.478,4.55649,0,0
DPL_PE,D,20210812,000000,4.63506,4.63506,4.478,4.63506,0,0
DPL_PE,D,20210813,000000,4.71363,4.71363,4.478,4.63506,0,0
DPL_PE,D,20210816,000000,4.55649,4.63506,4.55649,4.55649,0,0
DPL_PE,D,20210817,000000,4.55649,4.55649,4.478,4.55649,0,0
DPL_PE,D,20210818,000000,4.478,4.55649,4.39944,4.478,0,0
DPL_PE,D,20210819,000000,4.39944,4.39944,4.2423,4.32087,0,0
DPL_PE,D,20210820,000000,4.32087,4.478,4.2423,4.39944,0,0
DPL_PE,D,20210823,000000,4.2423,4.39944,4.2423,4.39944,0,0
DPL_PE,D,20210824,000000,4.39944,4.39944,4.2423,4.39944,0,0
DPL_PE,D,20210825,000000,4.39944,4.39944,4.32087,4.39944,0,0
DPL_PE,D,20210826,000000,4.39944,4.39944,4.2423,4.39944,0,0
DPL_PE,D,20210827,000000,4.32087,4.39944,4.32087,4.39944,0,0
DPL_PE,D,20210830,000000,4.39944,4.55649,4.39944,4.478,0,0
DPL_PE,D,20210831,000000,4.478,4.478,4.32087,4.39944,0,0
DPL_PE,D,20210901,000000,4.39944,4.478,4.32087,4.39944,0,0
DPL_PE,D,20210902,000000,4.39944,4.63506,4.39944,4.55649,0,0
DPL_PE,D,20210903,000000,4.55649,4.55649,4.39944,4.39944,0,0
DPL_PE,D,20210906,000000,4.55649,4.55649,4.39944,4.478,0,0
DPL_PE,D,20210907,000000,4.75181,4.99759,4.58795,4.58795,0,0
DPL_PE,D,20210908,000000,4.50602,4.58795,4.34217,4.58795,0,0
DPL_PE,D,20210909,000000,4.58795,4.58795,4.4241,4.58795,0,0
DPL_PE,D,20210910,000000,4.58795,4.58795,4.4241,4.58795,0,0
DPL_PE,D,20210913,000000,4.50602,4.58795,4.4241,4.50602,0,0
DPL_PE,D,20210914,000000,4.4241,4.50602,4.26024,4.34217,0,0
DPL_PE,D,20210915,000000,4.34217,4.50602,4.26024,4.4241,0,0
DPL_PE,D,20210916,000000,4.34217,4.4241,4.26024,4.4241,0,0
DPL_PE,D,20210917,000000,4.4241,4.58795,4.34217,4.58795,0,0
DPL_PE,D,20210920,000000,4.58795,4.58795,4.26024,4.58795,0,0
DPL_PE,D,20210921,000000,4.58795,4.75181,4.50602,4.75181,0,0
DPL_PE,D,20210922,000000,4.75181,4.75181,4.58795,4.58795,0,0
DPL_PE,D,20210923,000000,4.50602,4.66988,4.4241,4.4241,0,0
DPL_PE,D,20210924,000000,4.58795,4.58795,4.58795,4.58795,0,0
DPL_PE,D,20210927,000000,4.58795,4.66988,4.50602,4.66988,0,0
DPL_PE,D,20210928,000000,4.66988,4.66988,4.4241,4.58795,0,0
DPL_PE,D,20210929,000000,4.66988,4.66988,2.04819,2.04819,0,0
DPL_PE,D,20210930,000000,2.04819,2.13012,2.04819,2.13012,0,0
DPL_PE,D,20211001,000000,2.04819,2.04819,2.04819,2.04819,0,0
DPL_PE,D,20211004,000000,1.96627,2.04819,1.88434,2.04819,0,0
DPL_PE,D,20211005,000000,1.96627,1.96627,1.88434,1.88434,0,0
DPL_PE,D,20211006,000000,1.88434,1.88434,1.80241,1.88434,0,0
DPL_PE,D,20211007,000000,1.88434,1.96627,1.88434,1.88434,0,0
DPL_PE,D,20211008,000000,1.88434,1.96627,1.88434,1.96627,0,0
DPL_PE,D,20211011,000000,1.96627,2.04819,1.88434,2.04819,0,0
DPL_PE,D,20211012,000000,2.04819,2.04819,1.96627,1.96627,0,0
DPL_PE,D,20211013,000000,1.96627,1.96627,1.88434,1.96627,0,0
DPL_PE,D,20211014,000000,1.96627,1.96627,1.96627,1.96627,0,0
DPL_PE,D,20211015,000000,1.96627,2.04819,1.88434,1.96627,0,0
DPL_PE,D,20211018,000000,1.96627,1.96627,1.88434,1.96627,0,0
DPL_PE,D,20211019,000000,1.96627,1.96627,1.88434,1.88434,0,0
DPL_PE,D,20211020,000000,1.88434,1.96627,1.80241,1.88434,0,0
DPL_PE,D,20211021,000000,1.88434,1.88434,1.88434,1.88434,0,0
DPL_PE,D,20211022,000000,1.88434,1.88434,1.88434,1.88434,0,0
DPL_PE,D,20211025,000000,1.88434,1.88434,1.80241,1.88434,0,0
DPL_PE,D,20211026,000000,1.88434,1.96627,1.88434,1.88434,0,0
DPL_PE,D,20211027,000000,1.88434,1.88434,1.80241,1.88434,0,0
DPL_PE,D,20211028,000000,1.88434,1.88434,1.88434,1.88434,0,0
DPL_PE,D,20211029,000000,1.88434,1.88434,1.80241,1.80241,0,0
DPL_PE,D,20211102,000000,1.80241,1.80241,1.72048,1.80241,0,0
DPL_PE,D,20211103,000000,1.80241,1.88434,1.80241,1.88434,0,0
DPL_PE,D,20211104,000000,1.80241,1.96627,1.80241,1.96627,0,0
DPL_PE,D,20211105,000000,1.96627,1.96627,1.88434,1.96627,0,0
DPL_PE,D,20211108,000000,1.88434,1.96627,1.88434,1.96627,0,0
DPL_PE,D,20211109,000000,1.96627,1.96627,1.88434,1.88434,0,0
DPL_PE,D,20211110,000000,1.80241,1.88434,1.80241,1.88434,0,0
DPL_PE,D,20211112,000000,1.88434,1.96627,1.88434,1.88434,0,0
DPL_PE,D,20211115,000000,1.88434,1.96627,1.88434,1.88434,0,0
DPL_PE,D,20211116,000000,1.88434,1.88434,1.88434,1.88434,0,0
DPL_PE,D,20211117,000000,1.88434,1.88434,1.88434,1.88434,0,0
DPL_PE,D,20211118,000000,1.88434,1.88434,1.80241,1.80241,0,0
DPL_PE,D,20211119,000000,1.80241,1.88434,1.72048,1.88434,0,0
DPL_PE,D,20211122,000000,1.88434,1.88434,1.72048,1.80241,0,0
DPL_PE,D,20211123,000000,1.72048,1.80241,1.72048,1.80241,0,0
DPL_PE,D,20211124,000000,1.88434,1.88434,1.80241,1.80241,0,0
DPL_PE,D,20211125,000000,1.80241,1.80241,1.72048,1.80241,0,0
DPL_PE,D,20211126,000000,1.80241,1.88434,1.63855,1.80241,0,0
DPL_PE,D,20211129,000000,1.88434,1.88434,1.80241,1.80241,0,0
DPL_PE,D,20211130,000000,1.80241,1.80241,1.80241,1.80241,0,0
DPL_PE,D,20211201,000000,1.80241,1.80241,1.72048,1.80241,0,0
DPL_PE,D,20211202,000000,1.72048,1.80241,1.72048,1.80241,0,0
DPL_PE,D,20211203,000000,1.72048,1.80241,1.31084,1.31084,0,0
DPL_PE,D,20211206,000000,1.31084,1.31084,1.31084,1.31084,0,0
DPL_PE,D,20211207,000000,1.31084,1.31084,1.31084,1.31084,0,0
DPL_PE,D,20211208,000000,1.31084,1.31084,1.22892,1.31084,0,0
DPL_PE,D,20211209,000000,1.31084,1.31084,1.31084,1.31084,0,0
DPL_PE,D,20211210,000000,1.31084,1.39277,1.31084,1.39277,0,0
DPL_PE,D,20211213,000000,1.39277,1.39277,1.39277,1.39277,0,0
DPL_PE,D,20211214,000000,1.39277,1.39277,1.31084,1.31084,0,0
DPL_PE,D,20211215,000000,1.31084,1.31084,1.22892,1.31084,0,0
DPL_PE,D,20211216,000000,1.31084,1.39277,1.31084,1.31084,0,0
DPL_PE,D,20211217,000000,1.31084,1.31084,1.31084,1.31084,0,0
DPL_PE,D,20211220,000000,1.31084,1.31084,1.31084,1.31084,0,0
DPL_PE,D,20211221,000000,1.31084,1.31084,1.31084,1.31084,0,0
DPL_PE,D,20211222,000000,1.31084,1.31084,1.31084,1.31084,0,0
DPL_PE,D,20211223,000000,1.31084,1.31084,1.31084,1.31084,0,0
DPL_PE,D,20211227,000000,1.31084,1.39277,1.22892,1.22892,0,0
DPL_PE,D,20211228,000000,1.22892,1.22892,1.22892,1.22892,0,0
DPL_PE,D,20211229,000000,1.31084,1.31084,1.31084,1.31084,0,0
DPL_PE,D,20211230,000000,1.22892,1.31084,1.22892,1.31084,0,0
DPL_PE,D,20220103,000000,1.31084,1.39277,1.31084,1.31084,0,0
DPL_PE,D,20220104,000000,1.31084,1.39277,1.31084,1.39277,0,0
DPL_PE,D,20220105,000000,1.39277,1.39277,1.31084,1.31084,0,0
DPL_PE,D,20220107,000000,1.31084,1.39277,1.31084,1.39277,0,0
DPL_PE,D,20220110,000000,1.39277,1.39277,1.31084,1.39277,0,0
DPL_PE,D,20220112,000000,1.39277,1.39277,1.39277,1.39277,0,0
DPL_PE,D,20220113,000000,1.39277,1.39277,1.39277,1.39277,0,0
DPL_PE,D,20220114,000000,1.39277,1.39277,1.39277,1.39277,0,0
DPL_PE,D,20220117,000000,1.39277,1.39277,1.39277,1.39277,0,0
DPL_PE,D,20220118,000000,1.39277,1.39277,1.31084,1.31084,0,0
DPL_PE,D,20220119,000000,1.31084,1.39277,1.31084,1.39277,0,0
DPL_PE,D,20220120,000000,1.39277,1.4747,1.39277,1.39277,0,0
DPL_PE,D,20220121,000000,1.39277,1.39277,1.31084,1.39277,0,0
DPL_PE,D,20220124,000000,1.39277,1.39277,1.31084,1.39277,0,0
DPL_PE,D,20220125,000000,1.22892,1.39277,1.22892,1.31084,0,0
DPL_PE,D,20220126,000000,1.39277,1.39277,1.31084,1.39277,0,0
DPL_PE,D,20220127,000000,1.39277,1.39277,1.39277,1.39277,0,0
DPL_PE,D,20220128,000000,1.39277,1.39277,1.39277,1.39277,0,0
DPL_PE,D,20220131,000000,1.39277,1.39277,1.31084,1.31084,0,0
DPL_PE,D,20220201,000000,1.31084,1.39277,1.31084,1.39277,0,0
DPL_PE,D,20220202,000000,1.39277,1.39277,1.31084,1.39277,0,0
DPL_PE,D,20220203,000000,1.39277,1.39277,1.39277,1.39277,0,0
DPL_PE,D,20220204,000000,1.39277,1.39277,1.39277,1.39277,0,0
DPL_PE,D,20220207,000000,1.39277,1.39277,1.39277,1.39277,0,0
DPL_PE,D,20220208,000000,1.39277,1.4747,1.39277,1.39277,0,0
DPL_PE,D,20220209,000000,1.39277,1.39277,1.39277,1.39277,0,0
DPL_PE,D,20220210,000000,1.39277,1.4747,1.39277,1.4747,0,0
DPL_PE,D,20220211,000000,1.4747,1.4747,1.39277,1.4747,0,0
DPL_PE,D,20220214,000000,1.31084,1.39277,1.31084,1.39277,0,0
DPL_PE,D,20220215,000000,1.39277,1.39277,1.39277,1.39277,0,0
DPL_PE,D,20220216,000000,1.39277,1.39277,1.39277,1.39277,0,0
DPL_PE,D,20220217,000000,1.39277,1.39277,1.31084,1.39277,0,0
DPL_PE,D,20220218,000000,1.39277,1.39277,1.39277,1.39277,0,0
DPL_PE,D,20220221,000000,1.31084,1.31084,1.22892,1.31084,0,0
DPL_PE,D,20220222,000000,1.31084,1.39277,1.31084,1.39277,0,0
DPL_PE,D,20220223,000000,1.39277,1.39277,1.31084,1.39277,0,0
DPL_PE,D,20220224,000000,1.31084,1.31084,1.22892,1.22892,0,0
DPL_PE,D,20220225,000000,1.14699,1.22892,1.14699,1.22892,0,0
DPL_PE,D,20220228,000000,1.14699,1.39277,1.14699,1.39277,0,0
DPL_PE,D,20220301,000000,1.31084,1.39277,1.31084,1.31084,0,0
DPL_PE,D,20220302,000000,1.22892,1.39277,1.22892,1.39277,0,0
DPL_PE,D,20220303,000000,1.39277,1.39277,1.31084,1.39277,0,0
DPL_PE,D,20220304,000000,1.39277,1.4747,1.31084,1.4747,0,0
DPL_PE,D,20220307,000000,1.4747,1.55663,1.39277,1.39277,0,0
DPL_PE,D,20220308,000000,1.4747,1.4747,1.31084,1.39277,0,0
DPL_PE,D,20220309,000000,1.39277,1.39277,1.39277,1.39277,0,0
DPL_PE,D,20220310,000000,1.39277,1.39277,1.39277,1.39277,0,0
DPL_PE,D,20220311,000000,1.39277,1.39277,1.31084,1.39277,0,0
DPL_PE,D,20220314,000000,1.39277,1.39277,1.39277,1.39277,0,0
DPL_PE,D,20220315,000000,1.39277,1.39277,1.31084,1.31084,0,0
DPL_PE,D,20220316,000000,1.31084,1.39277,1.31084,1.39277,0,0
DPL_PE,D,20220317,000000,1.39277,1.39277,1.39277,1.39277,0,0
DPL_PE,D,20220318,000000,1.39277,1.39277,1.31084,1.39277,0,0
DPL_PE,D,20220321,000000,1.39277,1.39277,1.39277,1.39277,0,0
DPL_PE,D,20220322,000000,1.39277,1.39277,1.39277,1.39277,0,0
DPL_PE,D,20220323,000000,1.39277,1.39277,1.39277,1.39277,0,0
DPL_PE,D,20220324,000000,1.39277,1.39277,1.39277,1.39277,0,0
DPL_PE,D,20220325,000000,1.39277,1.39277,1.39277,1.39277,0,0
DPL_PE,D,20220328,000000,1.31084,1.39277,1.31084,1.39277,0,0
DPL_PE,D,20220329,000000,1.39277,1.39277,1.31084,1.39277,0,0
DPL_PE,D,20220330,000000,1.39277,1.39277,1.39277,1.39277,0,0
DPL_PE,D,20220331,000000,1.39277,1.4747,1.31084,1.4747,0,0
DPL_PE,D,20220401,000000,1.4747,1.55663,1.4747,1.55663,0,0
DPL_PE,D,20220404,000000,1.55663,1.63855,1.4747,1.55663,0,0
DPL_PE,D,20220405,000000,1.55663,1.55663,1.4747,1.4747,0,0
DPL_PE,D,20220406,000000,1.4747,1.55663,1.4747,1.55663,0,0
DPL_PE,D,20220407,000000,1.55663,1.55663,1.39277,1.4747,0,0
DPL_PE,D,20220408,000000,1.4747,1.4747,1.4747,1.4747,0,0
DPL_PE,D,20220411,000000,1.4747,1.55663,1.4747,1.55663,0,0
DPL_PE,D,20220412,000000,1.55663,1.55663,1.4747,1.55663,0,0
DPL_PE,D,20220413,000000,1.63855,1.63855,1.55663,1.63855,0,0
DPL_PE,D,20220414,000000,1.55663,1.63855,1.55663,1.63855,0,0
DPL_PE,D,20220419,000000,1.63855,1.63855,1.63855,1.63855,0,0
DPL_PE,D,20220420,000000,1.63855,1.63855,1.63855,1.63855,0,0
DPL_PE,D,20220421,000000,1.63855,1.63855,1.55663,1.55663,0,0
DPL_PE,D,20220422,000000,1.4747,1.55663,1.4747,1.55663,0,0
DPL_PE,D,20220425,000000,1.4747,1.63855,1.4747,1.63855,0,0
DPL_PE,D,20220426,000000,1.63855,1.63855,1.63855,1.63855,0,0
DPL_PE,D,20220427,000000,1.63855,1.63855,1.55663,1.63855,0,0
DPL_PE,D,20220428,000000,1.55663,1.72048,1.4747,1.72048,0,0
DPL_PE,D,20220429,000000,1.72048,1.72048,1.63855,1.72048,0,0
DPL_PE,D,20220502,000000,1.72048,1.72048,1.72048,1.72048,0,0
DPL_PE,D,20220504,000000,1.72048,1.72048,1.72048,1.72048,0,0
DPL_PE,D,20220505,000000,1.72048,1.80241,1.72048,1.80241,0,0
DPL_PE,D,20220506,000000,1.72048,1.80241,1.72048,1.72048,0,0
DPL_PE,D,20220509,000000,1.72048,1.80241,1.72048,1.80241,0,0
DPL_PE,D,20220510,000000,1.80241,1.80241,1.72048,1.72048,0,0
DPL_PE,D,20220511,000000,1.72048,1.72048,1.72048,1.72048,0,0
DPL_PE,D,20220512,000000,1.72048,1.72048,1.63855,1.72048,0,0
DPL_PE,D,20220513,000000,1.72048,1.80241,1.72048,1.80241,0,0
DPL_PE,D,20220516,000000,1.80241,1.80241,1.80241,1.80241,0,0
DPL_PE,D,20220517,000000,1.80241,1.96627,1.80241,1.96627,0,0
DPL_PE,D,20220518,000000,1.96627,1.96627,1.88434,1.88434,0,0
DPL_PE,D,20220519,000000,1.88434,1.96627,1.80241,1.96627,0,0
DPL_PE,D,20220520,000000,1.96627,1.96627,1.88434,1.88434,0,0
DPL_PE,D,20220523,000000,1.88434,1.96627,1.88434,1.96627,0,0
DPL_PE,D,20220524,000000,1.96627,2.04819,1.96627,1.96627,0,0
DPL_PE,D,20220525,000000,1.96627,1.96627,1.96627,1.96627,0,0
DPL_PE,D,20220526,000000,1.96627,1.96627,1.96627,1.96627,0,0
DPL_PE,D,20220527,000000,1.96627,2.04819,1.96627,2.04819,0,0
DPL_PE,D,20220530,000000,2.04819,2.13012,2.04819,2.13012,0,0
DPL_PE,D,20220531,000000,2.13012,2.13012,2.04819,2.13012,0,0
DPL_PE,D,20220601,000000,2.13012,2.13012,2.04819,2.13012,0,0
DPL_PE,D,20220602,000000,2.21205,2.29398,2.21205,2.29398,0,0
DPL_PE,D,20220603,000000,2.29398,2.3759,2.21205,2.29398,0,0
DPL_PE,D,20220606,000000,2.29398,2.29398,2.13012,2.13012,0,0
DPL_PE,D,20220607,000000,2.13012,2.21205,1.80241,1.80241,0,0
DPL_PE,D,20220608,000000,1.80241,1.80241,1.72048,1.72048,0,0
DPL_PE,D,20220609,000000,1.80241,1.80241,1.72048,1.72048,0,0
DPL_PE,D,20220610,000000,1.72048,1.72048,1.55663,1.63855,0,0
DPL_PE,D,20220613,000000,1.55663,1.63855,1.55663,1.63855,0,0
DPL_PE,D,20220614,000000,1.9,2,1.6,1.6,0,0
DPL_PE,D,20220615,000000,1.6,1.6,1.5,1.5,0,0
DPL_PE,D,20220617,000000,1.5,1.5,1.4,1.5,0,0
DPL_PE,D,20220620,000000,1.5,1.6,1.5,1.5,0,0
DPL_PE,D,20220621,000000,1.5,1.5,1.5,1.5,0,0
DPL_PE,D,20220622,000000,1.5,1.5,1.4,1.4,0,0
DPL_PE,D,20220623,000000,1.4,1.4,1.3,1.3,0,0
DPL_PE,D,20220624,000000,1.3,1.4,1.3,1.4,0,0
DPL_PE,D,20220627,000000,1.4,1.5,1.4,1.5,0,0
DPL_PE,D,20220628,000000,1.5,1.5,1.5,1.5,0,0
DPL_PE,D,20220629,000000,1.5,1.5,1.4,1.4,0,0
DPL_PE,D,20220630,000000,1.4,1.4,1.3,1.4,0,0
DPL_PE,D,20220701,000000,1.4,1.4,1.3,1.4,0,0
DPL_PE,D,20220704,000000,1.4,1.4,1.3,1.4,0,0
DPL_PE,D,20220705,000000,1.4,1.4,1.3,1.4,0,0
DPL_PE,D,20220706,000000,1.4,1.4,1.4,1.4,0,0
DPL_PE,D,20220707,000000,1.4,1.4,1.4,1.4,0,0
DPL_PE,D,20220708,000000,1.3,1.4,1.3,1.4,0,0
DPL_PE,D,20220711,000000,1.4,1.4,1.4,1.4,0,0
DPL_PE,D,20220712,000000,1.4,1.4,1.4,1.4,0,0
DPL_PE,D,20220713,000000,1.4,1.4,1.3,1.4,0,0
DPL_PE,D,20220714,000000,1.3,1.4,1.3,1.4,0,0
DPL_PE,D,20220715,000000,1.4,1.4,1.4,1.4,0,0
DPL_PE,D,20220718,000000,1.4,1.4,1.3,1.4,0,0
DPL_PE,D,20220719,000000,1.4,1.4,1.4,1.4,0,0
DPL_PE,D,20220720,000000,1.4,1.4,1.4,1.4,0,0
DPL_PE,D,20220721,000000,1.4,1.4,1.4,1.4,0,0
DPL_PE,D,20220722,000000,1.4,1.5,1.4,1.5,0,0
DPL_PE,D,20220725,000000,1.5,1.5,1.4,1.4,0,0
DPL_PE,D,20220726,000000,1.4,1.4,1.3,1.4,0,0
DPL_PE,D,20220727,000000,1.4,1.4,1.3,1.4,0,0
DPL_PE,D,20220728,000000,1.4,1.4,1.4,1.4,0,0
DPL_PE,D,20220729,000000,1.4,1.5,1.4,1.5,0,0
DPL_PE,D,20220801,000000,1.5,1.5,1.4,1.4,0,0
DPL_PE,D,20220802,000000,1.4,1.4,1.4,1.4,0,0
DPL_PE,D,20220803,000000,1.4,1.5,1.4,1.5,0,0
DPL_PE,D,20220804,000000,1.5,1.6,1.5,1.5,0,0
DPL_PE,D,20220805,000000,1.5,1.6,1.5,1.5,0,0
DPL_PE,D,20220808,000000,1.5,1.5,1.5,1.5,0,0
DPL_PE,D,20220809,000000,1.5,1.5,1.5,1.5,0,0
DPL_PE,D,20220810,000000,1.5,1.5,1.5,1.5,0,0
DPL_PE,D,20220811,000000,1.4,1.5,1.4,1.5,0,0
DPL_PE,D,20220812,000000,1.5,1.5,1.5,1.5,0,0
DPL_PE,D,20220816,000000,1.5,1.5,1.5,1.5,0,0
DPL_PE,D,20220817,000000,1.5,1.5,1.5,1.5,0,0
DPL_PE,D,20220818,000000,1.5,1.5,1.5,1.5,0,0
DPL_PE,D,20220819,000000,1.5,1.5,1.5,1.5,0,0
DPL_PE,D,20220822,000000,1.5,1.5,1.5,1.5,0,0
DPL_PE,D,20220823,000000,1.5,1.5,1.5,1.5,0,0
DPL_PE,D,20220824,000000,1.5,1.5,1.4,1.4,0,0
DPL_PE,D,20220825,000000,1.4,1.4,1.4,1.4,0,0
DPL_PE,D,20220826,000000,1.4,1.4,1.4,1.4,0,0
DPL_PE,D,20220829,000000,1.4,1.4,1.4,1.4,0,0
DPL_PE,D,20220830,000000,1.4,1.5,1.4,1.4,0,0
DPL_PE,D,20220831,000000,1.3,1.4,1.3,1.4,0,0
DPL_PE,D,20220901,000000,1.3,1.4,1.3,1.4,0,0
DPL_PE,D,20220902,000000,1.4,1.5,1.4,1.5,0,0
DPL_PE,D,20220905,000000,1.5,1.5,1.5,1.5,0,0
