<TICKER>,<PER>,<DATE>,<TIME>,<OPEN>,<HIGH>,<LOW>,<CLOSE>,<VOL>,<OPENINT>
MOC_MV,D,20180419,000000,338.43,338.43,338.43,338.43,0,0
MOC_MV,D,20180420,000000,338.43,338.43,338.31,338.31,0,0
MOC_MV,D,20180423,000000,338.31,338.31,336.68,336.68,0,0
MOC_MV,D,20180424,000000,336.68,336.68,316.37,325.59,0,0
MOC_MV,D,20180425,000000,323.26,336.68,314.51,316.61,0,0
MOC_MV,D,20180426,000000,336.68,336.68,315.09,315.09,0,0
MOC_MV,D,20180427,000000,336.68,336.68,313.92,315.09,0,0
MOC_MV,D,20180430,000000,315.09,333.76,291.75,291.75,0,0
MOC_MV,D,20180502,000000,291.87,316.26,291.87,306.92,0,0
MOC_MV,D,20180504,000000,316.26,316.26,301.67,315.09,0,0
MOC_MV,D,20180507,000000,314.74,369.09,314.62,369.09,0,0
MOC_MV,D,20180508,000000,367.86,367.86,362.26,362.26,0,0
MOC_MV,D,20180509,000000,366.22,366.22,365.95,365.95,0,0
MOC_MV,D,20180510,000000,365.95,369.09,358.15,369.09,0,0
MOC_MV,D,20180511,000000,368.68,368.68,364.85,364.85,0,0
MOC_MV,D,20180514,000000,364.72,389.6,363.76,371.82,0,0
MOC_MV,D,20180515,000000,389.46,408.6,368.27,408.6,0,0
MOC_MV,D,20180516,000000,409.96,444.28,404.09,421.04,0,0
MOC_MV,D,20180517,000000,421.04,421.04,403.27,408.19,0,0
MOC_MV,D,20180518,000000,408.19,408.19,389.6,399.85,0,0
MOC_MV,D,20180521,000000,399.85,408.6,396.43,404.22,0,0
MOC_MV,D,20180522,000000,407.23,407.23,389.32,392.06,0,0
MOC_MV,D,20180523,000000,392.06,392.06,379.34,390.28,0,0
MOC_MV,D,20180524,000000,403.27,403.27,382.76,403.27,0,0
MOC_MV,D,20180525,000000,403.27,403.27,389.6,389.6,0,0
MOC_MV,D,20180528,000000,403.13,403.13,369.36,382.76,0,0
MOC_MV,D,20180529,000000,396.43,396.43,382.76,382.76,0,0
MOC_MV,D,20180530,000000,382.76,396.43,369.09,389.6,0,0
MOC_MV,D,20180601,000000,399.16,423.09,382.76,423.09,0,0
MOC_MV,D,20180604,000000,422.4,422.4,399.85,408.73,0,0
MOC_MV,D,20180605,000000,416.94,416.94,400.53,408.73,0,0
MOC_MV,D,20180606,000000,416.8,416.8,400.53,407.37,0,0
MOC_MV,D,20180607,000000,395.06,395.06,382.76,382.76,0,0
MOC_MV,D,20180608,000000,394.38,396.43,382.76,385.49,0,0
MOC_MV,D,20180611,000000,401.9,401.9,389.6,389.6,0,0
MOC_MV,D,20180612,000000,393.56,393.56,385.77,393.56,0,0
MOC_MV,D,20180613,000000,393.56,401.9,393.56,401.9,0,0
MOC_MV,D,20180614,000000,401.9,401.9,401.9,401.9,0,0
MOC_MV,D,20180615,000000,401.9,401.9,377.29,382.49,0,0
MOC_MV,D,20180618,000000,396.43,396.43,382.49,382.62,0,0
MOC_MV,D,20180619,000000,356.38,373.05,356.38,373.05,0,0
MOC_MV,D,20180620,000000,362.26,377.7,362.26,375.65,0,0
MOC_MV,D,20180621,000000,373.19,373.19,373.05,373.19,0,0
MOC_MV,D,20180622,000000,396.16,396.16,377.7,377.7,0,0
MOC_MV,D,20180625,000000,375.93,375.93,362.26,375.93,0,0
MOC_MV,D,20180626,000000,375.93,375.93,375.93,375.93,0,0
MOC_MV,D,20180627,000000,389.6,389.6,337.65,351.32,0,0
MOC_MV,D,20180628,000000,362.26,362.26,334.92,344.48,0,0
MOC_MV,D,20180629,000000,341.75,360.75,341.75,348.59,0,0
MOC_MV,D,20180702,000000,352.69,362.26,352.69,355.42,0,0
MOC_MV,D,20180703,000000,355.42,369.09,352,362.26,0,0
MOC_MV,D,20180704,000000,355.42,355.42,354.05,355.42,0,0
MOC_MV,D,20180705,000000,348.59,348.59,348.59,348.59,0,0
MOC_MV,D,20180706,000000,355.42,355.42,334.92,355.42,0,0
MOC_MV,D,20180709,000000,389.32,389.32,351.32,355.42,0,0
MOC_MV,D,20180710,000000,355.42,360.89,355.42,360.89,0,0
MOC_MV,D,20180711,000000,388.23,388.23,349.95,355.42,0,0
MOC_MV,D,20180712,000000,355.42,382.76,355.42,382.76,0,0
MOC_MV,D,20180713,000000,389.32,389.32,369.09,381.39,0,0
MOC_MV,D,20180716,000000,380.03,389.18,372.92,389.18,0,0
MOC_MV,D,20180717,000000,389.18,389.18,388.09,388.09,0,0
MOC_MV,D,20180718,000000,388.09,388.09,382.76,387.95,0,0
MOC_MV,D,20180719,000000,387.95,387.95,387.95,387.95,0,0
MOC_MV,D,20180720,000000,387.82,387.82,371,386.18,0,0
MOC_MV,D,20180723,000000,386.18,386.18,360.07,360.07,0,0
MOC_MV,D,20180724,000000,375.93,376.61,366.36,376.61,0,0
MOC_MV,D,20180725,000000,386.04,386.04,380.03,386.04,0,0
MOC_MV,D,20180726,000000,387.82,387.82,382.76,382.76,0,0
MOC_MV,D,20180727,000000,386.86,386.86,369.09,374.28,0,0
MOC_MV,D,20180730,000000,374.15,389.6,355.42,380.03,0,0
MOC_MV,D,20180731,000000,389.32,389.46,389.18,389.18,0,0
MOC_MV,D,20180801,000000,389.32,389.32,377.29,382.62,0,0
MOC_MV,D,20180802,000000,382.62,386.18,382.62,386.18,0,0
MOC_MV,D,20180803,000000,386.18,387,386.18,387,0,0
MOC_MV,D,20180806,000000,387,387,387,387,0,0
MOC_MV,D,20180807,000000,387,387,386.59,386.59,0,0
MOC_MV,D,20180808,000000,386.31,386.31,386.04,386.04,0,0
MOC_MV,D,20180809,000000,386.04,386.31,375.93,375.93,0,0
MOC_MV,D,20180810,000000,382.76,382.76,355.42,355.42,0,0
MOC_MV,D,20180813,000000,355.42,373.19,355.42,364.99,0,0
MOC_MV,D,20180814,000000,373.05,373.05,366.36,371.69,0,0
MOC_MV,D,20180816,000000,371.69,371.69,371.69,371.69,0,0
MOC_MV,D,20180817,000000,371.69,371.69,370.46,371.69,0,0
MOC_MV,D,20180820,000000,371.69,371.69,355.56,371.69,0,0
MOC_MV,D,20180821,000000,371.69,388.23,371.69,388.23,0,0
MOC_MV,D,20180822,000000,395.06,395.06,393.7,393.7,0,0
MOC_MV,D,20180823,000000,393.7,393.7,393.7,393.7,0,0
MOC_MV,D,20180824,000000,393.7,393.7,392.33,392.33,0,0
MOC_MV,D,20180827,000000,393.7,393.7,371.82,388.91,0,0
MOC_MV,D,20180828,000000,388.91,388.91,388.91,388.91,0,0
MOC_MV,D,20180829,000000,388.91,388.91,369.09,388.91,0,0
MOC_MV,D,20180830,000000,382.76,388.23,382.76,388.23,0,0
MOC_MV,D,20180831,000000,388.91,388.91,386.86,386.86,0,0
MOC_MV,D,20180903,000000,388.91,388.91,372.51,388.91,0,0
MOC_MV,D,20180904,000000,393.01,393.01,372.51,372.51,0,0
MOC_MV,D,20180905,000000,386.18,386.18,356.79,371.55,0,0
MOC_MV,D,20180906,000000,371.55,371.55,339.02,355.28,0,0
MOC_MV,D,20180907,000000,352.69,352.69,289.8,307.58,0,0
MOC_MV,D,20180910,000000,321.25,321.25,273.4,287.07,0,0
MOC_MV,D,20180911,000000,286.93,286.93,269.3,273.4,0,0
MOC_MV,D,20180912,000000,287.07,300.74,258.36,259.73,0,0
MOC_MV,D,20180913,000000,273.4,273.4,259.73,259.73,0,0
MOC_MV,D,20180914,000000,259.73,259.73,257,259.73,0,0
MOC_MV,D,20180917,000000,259.73,259.73,233.76,259.73,0,0
MOC_MV,D,20180918,000000,263.15,272.44,259.73,259.73,0,0
MOC_MV,D,20180919,000000,273.13,273.13,265.47,265.47,0,0
MOC_MV,D,20180920,000000,262.46,265.2,259.73,259.73,0,0
MOC_MV,D,20180921,000000,263.56,263.56,259.73,259.73,0,0
MOC_MV,D,20180924,000000,273.4,276.13,253.03,253.03,0,0
MOC_MV,D,20180925,000000,265.06,270.53,259.73,259.87,0,0
MOC_MV,D,20180926,000000,270.39,270.39,254.54,261.1,0,0
MOC_MV,D,20180927,000000,261.1,273.4,261.1,273.4,0,0
MOC_MV,D,20180928,000000,273.4,273.4,270.67,273.4,0,0
MOC_MV,D,20181001,000000,284.34,284.34,272.03,272.03,0,0
MOC_MV,D,20181002,000000,276.82,276.82,272.03,273.4,0,0
MOC_MV,D,20181003,000000,284.34,284.34,276.68,276.68,0,0
MOC_MV,D,20181004,000000,276.68,276.68,274.36,274.49,0,0
MOC_MV,D,20181005,000000,284.2,284.2,261.1,266.57,0,0
MOC_MV,D,20181008,000000,266.57,273.26,261.23,261.23,0,0
MOC_MV,D,20181009,000000,273.26,273.26,271.76,271.76,0,0
MOC_MV,D,20181010,000000,271.76,271.76,259.73,259.73,0,0
MOC_MV,D,20181011,000000,262.33,262.33,250.02,252.9,0,0
MOC_MV,D,20181012,000000,255.63,273.13,246.06,273.13,0,0
MOC_MV,D,20181015,000000,284.34,284.34,259.73,273.4,0,0
MOC_MV,D,20181016,000000,273.4,273.4,252.76,259.87,0,0
MOC_MV,D,20181017,000000,273.4,273.4,258.23,266.57,0,0
MOC_MV,D,20181018,000000,273.4,273.4,259.73,259.73,0,0
MOC_MV,D,20181019,000000,252.9,252.9,247.43,252.9,0,0
MOC_MV,D,20181022,000000,252.9,252.9,244.69,244.69,0,0
MOC_MV,D,20181023,000000,251.39,251.39,239.23,251.39,0,0
MOC_MV,D,20181024,000000,251.39,251.39,237.86,250.16,0,0
MOC_MV,D,20181025,000000,252.9,252.9,232.53,238.81,0,0
MOC_MV,D,20181026,000000,238.81,238.81,233.07,233.07,0,0
MOC_MV,D,20181029,000000,239.09,239.09,226.24,226.24,0,0
MOC_MV,D,20181030,000000,226.38,237.86,226.38,229.66,0,0
MOC_MV,D,20181031,000000,236.49,241.41,228.97,232.39,0,0
MOC_MV,D,20181102,000000,233.76,252.9,233.76,246.06,0,0
MOC_MV,D,20181105,000000,257.13,257.13,257.13,257.13,0,0
MOC_MV,D,20181106,000000,265.2,265.2,259.73,259.73,0,0
MOC_MV,D,20181107,000000,259.73,262.46,247.7,262.46,0,0
MOC_MV,D,20181108,000000,262.46,262.46,262.46,262.46,0,0
MOC_MV,D,20181109,000000,262.46,262.46,262.46,262.46,0,0
MOC_MV,D,20181113,000000,273.13,273.13,262.19,265.2,0,0
MOC_MV,D,20181114,000000,272.03,299.1,261.78,261.78,0,0
MOC_MV,D,20181115,000000,261.78,261.78,261.78,261.78,0,0
MOC_MV,D,20181116,000000,266.57,266.57,259.73,266.57,0,0
MOC_MV,D,20181119,000000,266.57,266.57,266.57,266.57,0,0
MOC_MV,D,20181120,000000,259.73,259.73,254.26,254.26,0,0
MOC_MV,D,20181121,000000,259.73,259.73,259.73,259.73,0,0
MOC_MV,D,20181122,000000,272.03,272.03,272.03,272.03,0,0
MOC_MV,D,20181123,000000,272.03,272.03,269.3,269.3,0,0
MOC_MV,D,20181126,000000,272.03,272.03,251.53,266.57,0,0
MOC_MV,D,20181127,000000,272.03,272.03,264.38,264.38,0,0
MOC_MV,D,20181128,000000,266.57,266.57,251.25,263.69,0,0
MOC_MV,D,20181129,000000,266.57,266.57,259.59,259.73,0,0
MOC_MV,D,20181130,000000,259.73,259.73,259.59,259.59,0,0
MOC_MV,D,20181203,000000,272.03,272.03,270.67,270.67,0,0
MOC_MV,D,20181204,000000,270.67,270.67,257.95,265.2,0,0
MOC_MV,D,20181205,000000,270.67,270.67,265.06,265.06,0,0
MOC_MV,D,20181206,000000,270.67,270.67,265.06,265.06,0,0
MOC_MV,D,20181207,000000,270.67,270.67,252.9,252.9,0,0
MOC_MV,D,20181210,000000,259.73,259.73,259.73,259.73,0,0
MOC_MV,D,20181211,000000,252.9,252.9,252.21,252.21,0,0
MOC_MV,D,20181212,000000,248.79,248.79,246.06,248.79,0,0
MOC_MV,D,20181213,000000,246.06,246.06,233.76,244.69,0,0
MOC_MV,D,20181214,000000,240.59,240.59,240.32,240.32,0,0
MOC_MV,D,20181217,000000,240.46,240.46,233.89,235.12,0,0
MOC_MV,D,20181218,000000,235.26,235.26,225.56,233.76,0,0
MOC_MV,D,20181219,000000,245.79,245.79,226.92,232.39,0,0
MOC_MV,D,20181220,000000,218.72,231.02,205.05,205.05,0,0
MOC_MV,D,20181221,000000,217.35,217.35,191.38,191.38,0,0
MOC_MV,D,20181227,000000,196.85,210.52,186.19,191.52,0,0
MOC_MV,D,20181228,000000,188.65,205.05,188.65,195.48,0,0
MOC_MV,D,20190102,000000,198.22,205.05,198.22,205.05,0,0
MOC_MV,D,20190103,000000,204.91,204.91,203.68,203.68,0,0
MOC_MV,D,20190104,000000,203.68,224.05,203.68,220.63,0,0
MOC_MV,D,20190107,000000,220.63,220.63,220.36,220.36,0,0
MOC_MV,D,20190108,000000,220.36,220.36,220.36,220.36,0,0
MOC_MV,D,20190109,000000,220.36,220.36,205.05,205.05,0,0
MOC_MV,D,20190110,000000,211.75,215.99,206.42,206.42,0,0
MOC_MV,D,20190111,000000,210.52,210.52,206.42,209.15,0,0
MOC_MV,D,20190114,000000,210.52,211.89,209.15,211.89,0,0
MOC_MV,D,20190115,000000,211.89,218.04,205.05,211.2,0,0
MOC_MV,D,20190116,000000,210.24,210.24,208.88,208.88,0,0
MOC_MV,D,20190117,000000,209.15,209.15,208.33,208.33,0,0
MOC_MV,D,20190118,000000,207.78,207.78,207.78,207.78,0,0
MOC_MV,D,20190121,000000,207.78,207.78,198.08,198.08,0,0
MOC_MV,D,20190122,000000,205.05,205.05,191.52,191.52,0,0
MOC_MV,D,20190123,000000,197.94,197.94,179.08,187.69,0,0
MOC_MV,D,20190124,000000,181.81,186.6,179.35,186.6,0,0
MOC_MV,D,20190125,000000,181.81,186.6,179.35,183.04,0,0
MOC_MV,D,20190128,000000,183.86,190.97,179.35,179.35,0,0
MOC_MV,D,20190129,000000,185.91,185.91,183.18,184.55,0,0
MOC_MV,D,20190130,000000,185.91,185.91,185.91,185.91,0,0
MOC_MV,D,20190131,000000,185.91,185.91,185.91,185.91,0,0
MOC_MV,D,20190201,000000,187.28,196.85,185.91,187.28,0,0
MOC_MV,D,20190204,000000,196.85,202.32,188.65,196.71,0,0
MOC_MV,D,20190205,000000,196.71,196.85,196.44,196.85,0,0
MOC_MV,D,20190206,000000,196.85,196.85,185.91,186.19,0,0
MOC_MV,D,20190207,000000,191.65,191.65,186.19,186.19,0,0
MOC_MV,D,20190208,000000,186.19,191.38,183.18,190.01,0,0
MOC_MV,D,20190211,000000,188.65,188.65,187.96,187.96,0,0
MOC_MV,D,20190212,000000,187.96,199.31,187.96,199.31,0,0
MOC_MV,D,20190213,000000,192.06,205.73,192.06,204.91,0,0
MOC_MV,D,20190214,000000,209.42,209.42,205.05,209.01,0,0
MOC_MV,D,20190215,000000,209.42,209.56,205.05,209.01,0,0
MOC_MV,D,20190218,000000,209.15,209.15,200.13,208.33,0,0
MOC_MV,D,20190219,000000,208.33,208.33,191.38,193.43,0,0
MOC_MV,D,20190220,000000,198.08,198.08,189.33,189.33,0,0
MOC_MV,D,20190221,000000,198.08,199.58,197.94,198.22,0,0
MOC_MV,D,20190222,000000,199.45,215.99,198.22,198.22,0,0
MOC_MV,D,20190225,000000,198.49,215.99,198.49,212.57,0,0
MOC_MV,D,20190226,000000,212.98,214.62,210.65,214.48,0,0
MOC_MV,D,20190227,000000,215.99,215.99,205.05,206.55,0,0
MOC_MV,D,20190228,000000,206.69,213.12,206.69,213.12,0,0
MOC_MV,D,20190301,000000,213.12,213.12,207.1,207.1,0,0
MOC_MV,D,20190304,000000,211.89,233.07,207.1,225.56,0,0
MOC_MV,D,20190305,000000,234.44,280.92,234.44,259.73,0,0
MOC_MV,D,20190306,000000,266.57,266.57,236.49,243.33,0,0
MOC_MV,D,20190307,000000,241.96,241.96,228.54,231.02,0,0
MOC_MV,D,20190308,000000,235.1,249.48,235.1,240.59,0,0
MOC_MV,D,20190311,000000,225.56,270.67,225.56,270.67,0,0
MOC_MV,D,20190312,000000,265.2,271.21,265.2,270.53,0,0
MOC_MV,D,20190313,000000,270.67,270.67,243.6,246.06,0,0
MOC_MV,D,20190314,000000,246.06,246.06,239.23,244.56,0,0
MOC_MV,D,20190315,000000,239.23,259.73,236.49,259.73,0,0
MOC_MV,D,20190318,000000,256.86,269.71,254.26,258.91,0,0
MOC_MV,D,20190319,000000,258.91,263.12,258.36,258.36,0,0
MOC_MV,D,20190320,000000,259.46,263.12,259.46,259.73,0,0
MOC_MV,D,20190321,000000,266.29,266.29,257,257,0,0
MOC_MV,D,20190322,000000,257,282.7,251.53,260.96,0,0
MOC_MV,D,20190325,000000,272.03,272.03,251.56,257,0,0
MOC_MV,D,20190326,000000,255.63,257,252.62,253.44,0,0
MOC_MV,D,20190327,000000,253.44,265.17,253.44,254.26,0,0
MOC_MV,D,20190328,000000,257,269.82,257,259.73,0,0
MOC_MV,D,20190329,000000,259.73,261.1,257.02,259.73,0,0
MOC_MV,D,20190401,000000,266.57,287.07,266.57,273.4,0,0
MOC_MV,D,20190402,000000,273.4,284.34,267.93,267.93,0,0
MOC_MV,D,20190403,000000,272.03,272.03,255.63,261.78,0,0
MOC_MV,D,20190404,000000,265.88,265.88,258.36,258.36,0,0
MOC_MV,D,20190405,000000,263.15,263.15,254.95,259.05,0,0
MOC_MV,D,20190408,000000,259.05,259.05,254.26,258.36,0,0
MOC_MV,D,20190409,000000,258.36,259.73,254.26,259.73,0,0
MOC_MV,D,20190410,000000,259.73,259.73,254.26,259.73,0,0
MOC_MV,D,20190411,000000,263.15,263.15,254.26,259.73,0,0
MOC_MV,D,20190412,000000,263.15,263.15,257,258.36,0,0
MOC_MV,D,20190415,000000,258.36,263.15,258.36,259.73,0,0
MOC_MV,D,20190416,000000,253.58,253.58,208.47,216.67,0,0
MOC_MV,D,20190417,000000,217.35,225.56,217.35,225.56,0,0
MOC_MV,D,20190418,000000,232.39,235.12,220.09,220.09,0,0
MOC_MV,D,20190423,000000,222.82,225.56,221.45,221.45,0,0
MOC_MV,D,20190424,000000,213.25,221.45,213.25,221.45,0,0
MOC_MV,D,20190425,000000,221.45,221.45,221.45,221.45,0,0
MOC_MV,D,20190426,000000,221.45,225.56,220.77,221.45,0,0
MOC_MV,D,20190429,000000,228.29,228.29,225.56,225.56,0,0
MOC_MV,D,20190430,000000,225.56,225.56,212.57,215.99,0,0
MOC_MV,D,20190502,000000,222.82,222.82,212.57,212.57,0,0
MOC_MV,D,20190506,000000,212.57,222.82,212.57,213.25,0,0
MOC_MV,D,20190507,000000,215.99,221.45,209.15,221.45,0,0
MOC_MV,D,20190508,000000,221.45,221.45,215.99,220.09,0,0
MOC_MV,D,20190509,000000,221.45,221.45,211.89,221.45,0,0
MOC_MV,D,20190510,000000,221.45,221.45,215.99,221.45,0,0
MOC_MV,D,20190513,000000,221.45,221.45,215.99,221.45,0,0
MOC_MV,D,20190514,000000,221.45,221.45,214.62,221.45,0,0
MOC_MV,D,20190515,000000,218.72,221.45,215.99,221.45,0,0
MOC_MV,D,20190516,000000,221.45,221.45,218.72,218.72,0,0
MOC_MV,D,20190517,000000,221.45,221.45,218.72,218.72,0,0
MOC_MV,D,20190520,000000,221.45,221.45,217.35,218.72,0,0
MOC_MV,D,20190521,000000,220.77,220.77,205.73,208.47,0,0
MOC_MV,D,20190522,000000,205.73,205.73,205.73,205.73,0,0
MOC_MV,D,20190523,000000,205.73,205.73,185.23,191.38,0,0
MOC_MV,D,20190524,000000,192.75,196.85,181.13,196.85,0,0
MOC_MV,D,20190527,000000,196.16,196.16,177.71,183.18,0,0
MOC_MV,D,20190528,000000,183.18,190.01,177.71,177.71,0,0
MOC_MV,D,20190529,000000,184.55,184.55,179.08,179.08,0,0
MOC_MV,D,20190530,000000,179.76,191.38,178.39,188.65,0,0
MOC_MV,D,20190531,000000,190.7,190.7,179.76,184.55,0,0
MOC_MV,D,20190603,000000,190.7,198.9,190.01,198.9,0,0
MOC_MV,D,20190604,000000,198.9,215.99,192.75,192.75,0,0
MOC_MV,D,20190605,000000,192.75,199.58,192.75,199.58,0,0
MOC_MV,D,20190606,000000,204.37,204.37,195.48,195.48,0,0
MOC_MV,D,20190607,000000,198.22,207.1,198.22,199.58,0,0
MOC_MV,D,20190610,000000,199.58,199.58,192.75,192.75,0,0
MOC_MV,D,20190611,000000,197.53,197.53,187.96,187.96,0,0
MOC_MV,D,20190612,000000,189.33,189.33,184.55,184.55,0,0
MOC_MV,D,20190613,000000,190.01,191.38,181.81,185.23,0,0
MOC_MV,D,20190614,000000,181.81,191.38,179.08,183.86,0,0
MOC_MV,D,20190617,000000,187.28,187.28,166.09,166.77,0,0
MOC_MV,D,20190618,000000,173.61,181.81,164.72,174.29,0,0
MOC_MV,D,20190619,000000,174.29,191.38,174.29,177.71,0,0
MOC_MV,D,20190621,000000,177.71,194.8,177.71,194.8,0,0
MOC_MV,D,20190624,000000,194.8,194.8,181.81,187.28,0,0
MOC_MV,D,20190625,000000,181.81,190.01,177.71,190.01,0,0
MOC_MV,D,20190626,000000,190.7,190.7,177.71,190.01,0,0
MOC_MV,D,20190627,000000,190.01,190.01,183.86,183.86,0,0
MOC_MV,D,20190628,000000,188.65,188.65,179.08,179.08,0,0
MOC_MV,D,20190701,000000,179.08,190.7,179.08,184.55,0,0
MOC_MV,D,20190702,000000,190.7,192.75,181.81,181.81,0,0
MOC_MV,D,20190703,000000,181.81,181.81,168.82,172.93,0,0
MOC_MV,D,20190704,000000,179.08,179.08,164.04,165.41,0,0
MOC_MV,D,20190705,000000,164.04,164.04,156.52,163.36,0,0
MOC_MV,D,20190708,000000,160.62,164.04,157.89,164.04,0,0
MOC_MV,D,20190709,000000,170.19,170.19,154.47,163.36,0,0
MOC_MV,D,20190710,000000,159.26,164.04,159.26,164.04,0,0
MOC_MV,D,20190711,000000,166.77,166.77,158.57,162.67,0,0
MOC_MV,D,20190712,000000,170.19,170.19,159.94,164.04,0,0
MOC_MV,D,20190715,000000,164.04,164.04,162.67,162.67,0,0
MOC_MV,D,20190716,000000,164.04,164.04,159.94,160.62,0,0
MOC_MV,D,20190717,000000,162.67,162.67,155.15,156.52,0,0
MOC_MV,D,20190718,000000,161.99,161.99,147.64,148.32,0,0
MOC_MV,D,20190719,000000,147.64,149,142.17,149,0,0
MOC_MV,D,20190722,000000,149.69,154.47,149,153.1,0,0
MOC_MV,D,20190723,000000,158.57,158.57,151.05,152.42,0,0
MOC_MV,D,20190724,000000,158.57,158.57,150.37,153.1,0,0
MOC_MV,D,20190725,000000,158.57,158.57,151.74,151.74,0,0
MOC_MV,D,20190726,000000,157.21,157.21,150.37,151.74,0,0
MOC_MV,D,20190729,000000,157.21,157.21,149,149,0,0
MOC_MV,D,20190730,000000,149,149.69,143.54,146.27,0,0
MOC_MV,D,20190731,000000,149,151.74,146.95,150.37,0,0
MOC_MV,D,20190801,000000,149,149,142.85,142.85,0,0
MOC_MV,D,20190802,000000,155.15,155.15,140.8,142.85,0,0
MOC_MV,D,20190805,000000,142.85,142.85,135.33,136.43,0,0
MOC_MV,D,20190806,000000,136.43,136.7,135.61,136.7,0,0
MOC_MV,D,20190807,000000,143.54,143.54,135.88,135.88,0,0
MOC_MV,D,20190808,000000,136.7,136.7,135.88,136.7,0,0
MOC_MV,D,20190809,000000,143.54,150.37,135.33,135.88,0,0
MOC_MV,D,20190812,000000,138.75,150.37,135.88,146.27,0,0
MOC_MV,D,20190813,000000,149,170.19,143.54,164.72,0,0
MOC_MV,D,20190814,000000,170.88,170.88,153.79,165.41,0,0
MOC_MV,D,20190816,000000,166.77,172.24,164.04,166.77,0,0
MOC_MV,D,20190819,000000,170.88,170.88,157.89,157.89,0,0
MOC_MV,D,20190820,000000,156.52,156.52,147.64,150.37,0,0
MOC_MV,D,20190821,000000,150.37,150.37,139.43,139.43,0,0
MOC_MV,D,20190822,000000,139.43,140.12,136.7,140.12,0,0
MOC_MV,D,20190823,000000,141.48,141.48,139.43,139.43,0,0
MOC_MV,D,20190826,000000,141.48,150.37,138.07,144.9,0,0
MOC_MV,D,20190827,000000,150.37,150.37,141.48,141.48,0,0
MOC_MV,D,20190828,000000,146.95,146.95,134.51,134.51,0,0
MOC_MV,D,20190829,000000,134.24,140.12,134.24,140.12,0,0
MOC_MV,D,20190830,000000,140.12,143.54,135.33,143.54,0,0
MOC_MV,D,20190902,000000,142.17,150.37,135.33,150.37,0,0
MOC_MV,D,20190903,000000,149,149,137.38,137.38,0,0
MOC_MV,D,20190904,000000,143.54,143.54,137.38,140.12,0,0
MOC_MV,D,20190905,000000,138.07,138.75,138.07,138.75,0,0
MOC_MV,D,20190906,000000,146.27,146.27,130.41,134.51,0,0
MOC_MV,D,20190909,000000,140.8,140.8,134.51,135.33,0,0
MOC_MV,D,20190910,000000,139.43,139.43,135.33,139.43,0,0
MOC_MV,D,20190911,000000,139.43,139.43,136.7,136.7,0,0
MOC_MV,D,20190912,000000,136.7,140.12,136.7,138.07,0,0
MOC_MV,D,20190913,000000,136.7,142.17,136.7,136.7,0,0
MOC_MV,D,20190916,000000,138.07,138.07,132.6,133.97,0,0
MOC_MV,D,20190917,000000,135.88,136.7,135.88,135.88,0,0
MOC_MV,D,20190918,000000,138.75,138.75,134.24,135.33,0,0
MOC_MV,D,20190919,000000,135.33,140.12,135.33,138.07,0,0
MOC_MV,D,20190920,000000,149,150.37,140.8,140.8,0,0
MOC_MV,D,20190923,000000,140.8,140.8,136.7,136.7,0,0
MOC_MV,D,20190924,000000,142.17,142.85,138.07,140.12,0,0
MOC_MV,D,20190925,000000,143.54,143.54,136.7,143.54,0,0
MOC_MV,D,20190926,000000,146.95,149,140.8,144.22,0,0
MOC_MV,D,20190927,000000,145.59,146.27,145.59,146.27,0,0
MOC_MV,D,20190930,000000,146.27,159.94,140.12,159.94,0,0
MOC_MV,D,20191001,000000,159.94,164.04,144.22,159.94,0,0
MOC_MV,D,20191002,000000,159.94,164.04,150.37,164.04,0,0
MOC_MV,D,20191003,000000,166.77,176.34,155.84,163.36,0,0
MOC_MV,D,20191004,000000,172.24,172.24,159.26,163.36,0,0
MOC_MV,D,20191007,000000,170.88,170.88,156.52,161.31,0,0
MOC_MV,D,20191008,000000,160.62,160.62,154.47,154.47,0,0
MOC_MV,D,20191009,000000,162.67,162.67,150.37,157.89,0,0
MOC_MV,D,20191010,000000,153.79,153.79,147.64,150.37,0,0
MOC_MV,D,20191011,000000,152.42,153.1,150.37,153.1,0,0
MOC_MV,D,20191014,000000,153.79,153.79,153.1,153.79,0,0
MOC_MV,D,20191015,000000,153.79,153.79,149.69,151.74,0,0
MOC_MV,D,20191016,000000,155.15,155.15,149,149.69,0,0
MOC_MV,D,20191017,000000,151.74,151.74,149.69,151.74,0,0
MOC_MV,D,20191018,000000,151.74,151.74,144.9,150.37,0,0
MOC_MV,D,20191021,000000,158.57,158.57,153.79,153.79,0,0
MOC_MV,D,20191022,000000,157.89,157.89,143.54,149.69,0,0
MOC_MV,D,20191023,000000,149.69,151.05,147.64,147.64,0,0
MOC_MV,D,20191024,000000,149.69,149.69,139.43,142.17,0,0
MOC_MV,D,20191025,000000,142.17,142.17,137.38,139.43,0,0
MOC_MV,D,20191028,000000,138.07,142.17,137.38,142.17,0,0
MOC_MV,D,20191029,000000,139.43,142.85,137.38,142.85,0,0
MOC_MV,D,20191030,000000,143.54,147.64,140.8,142.85,0,0
MOC_MV,D,20191031,000000,150.37,150.37,138.07,143.54,0,0
MOC_MV,D,20191104,000000,138.07,140.12,133.42,140.12,0,0
MOC_MV,D,20191105,000000,134.79,140.8,133.97,133.97,0,0
MOC_MV,D,20191106,000000,138.07,140.12,133.69,133.69,0,0
MOC_MV,D,20191107,000000,133.97,136.7,133.15,133.42,0,0
MOC_MV,D,20191108,000000,139.43,142.85,136.7,139.43,0,0
MOC_MV,D,20191112,000000,142.17,142.17,130.14,135.33,0,0
MOC_MV,D,20191113,000000,136.15,136.15,130.69,135.61,0,0
MOC_MV,D,20191114,000000,135.88,136.7,134.51,134.51,0,0
MOC_MV,D,20191115,000000,140.12,140.12,133.97,133.97,0,0
MOC_MV,D,20191118,000000,135.33,135.33,132.6,133.42,0,0
MOC_MV,D,20191119,000000,140.12,140.12,130.96,131.51,0,0
MOC_MV,D,20191120,000000,133.97,136.7,131.23,132.05,0,0
MOC_MV,D,20191121,000000,132.05,132.05,131.78,131.78,0,0
MOC_MV,D,20191122,000000,135.33,136.7,132.87,134.24,0,0
MOC_MV,D,20191125,000000,136.7,136.7,132.87,136.7,0,0
MOC_MV,D,20191126,000000,136.7,144.9,136.7,140.8,0,0
MOC_MV,D,20191127,000000,147.64,147.64,138.07,140.8,0,0
MOC_MV,D,20191128,000000,146.27,146.27,133.97,133.97,0,0
MOC_MV,D,20191129,000000,136.7,140.8,135.33,136.7,0,0
MOC_MV,D,20191202,000000,137.38,141.48,137.38,141.48,0,0
MOC_MV,D,20191203,000000,141.48,141.48,138.75,140.12,0,0
MOC_MV,D,20191204,000000,140.8,140.8,139.43,140.8,0,0
MOC_MV,D,20191205,000000,140.12,140.12,138.75,140.12,0,0
MOC_MV,D,20191206,000000,141.48,141.48,137.38,140.12,0,0
MOC_MV,D,20191209,000000,141.48,141.48,140.12,141.48,0,0
MOC_MV,D,20191210,000000,141.48,141.48,136.7,141.48,0,0
MOC_MV,D,20191211,000000,141.48,141.48,134.51,137.38,0,0
MOC_MV,D,20191212,000000,135.33,140.8,135.33,140.8,0,0
MOC_MV,D,20191213,000000,140.8,140.8,135.61,135.61,0,0
MOC_MV,D,20191216,000000,135.33,135.61,130.41,130.96,0,0
MOC_MV,D,20191217,000000,130.96,133.97,130.96,133.69,0,0
MOC_MV,D,20191218,000000,133.69,133.69,130.96,130.96,0,0
MOC_MV,D,20191219,000000,133.97,133.97,133.97,133.97,0,0
MOC_MV,D,20191220,000000,133.97,133.97,130.69,133.97,0,0
MOC_MV,D,20191223,000000,130.14,136.7,130.14,135.88,0,0
MOC_MV,D,20191227,000000,136.7,136.7,136.15,136.43,0,0
MOC_MV,D,20191230,000000,136.43,136.43,133.69,133.69,0,0
MOC_MV,D,20200102,000000,139.43,139.43,137.38,137.38,0,0
MOC_MV,D,20200103,000000,137.38,138.07,136.7,138.07,0,0
MOC_MV,D,20200107,000000,139.43,151.74,139.43,148.32,0,0
MOC_MV,D,20200108,000000,150.37,150.37,139.43,139.43,0,0
MOC_MV,D,20200109,000000,143.54,143.54,132.6,138.07,0,0
MOC_MV,D,20200110,000000,140.12,142.17,133.69,136.43,0,0
MOC_MV,D,20200113,000000,134.24,141.48,134.24,139.43,0,0
MOC_MV,D,20200114,000000,139.43,144.22,136.7,144.22,0,0
MOC_MV,D,20200115,000000,144.22,149.69,142.85,147.64,0,0
MOC_MV,D,20200116,000000,149,157.89,142.85,153.79,0,0
MOC_MV,D,20200117,000000,162.67,164.04,157.21,160.62,0,0
MOC_MV,D,20200120,000000,165.41,166.09,157.89,163.36,0,0
MOC_MV,D,20200121,000000,164.04,164.72,160.62,164.72,0,0
MOC_MV,D,20200122,000000,166.09,174.98,165.41,172.24,0,0
MOC_MV,D,20200123,000000,172.24,173.61,170.88,173.61,0,0
MOC_MV,D,20200124,000000,177.71,184.55,174.98,176.34,0,0
MOC_MV,D,20200127,000000,187.96,187.96,169.51,169.51,0,0
MOC_MV,D,20200128,000000,165.41,170.88,164.04,170.88,0,0
MOC_MV,D,20200129,000000,172.24,191.38,172.24,191.38,0,0
MOC_MV,D,20200130,000000,198.22,200.95,191.38,192.75,0,0
MOC_MV,D,20200131,000000,198.22,198.22,181.81,184.55,0,0
MOC_MV,D,20200203,000000,187.96,192.75,185.91,192.75,0,0
MOC_MV,D,20200204,000000,196.85,203.68,193.43,199.58,0,0
MOC_MV,D,20200205,000000,202.32,202.32,193.43,193.43,0,0
MOC_MV,D,20200206,000000,199.58,199.58,193.43,193.43,0,0
MOC_MV,D,20200207,000000,194.11,194.11,186.6,190.01,0,0
MOC_MV,D,20200210,000000,184.55,190.01,173.61,181.13,0,0
MOC_MV,D,20200211,000000,181.81,189.33,169.51,169.51,0,0
MOC_MV,D,20200212,000000,165.41,169.51,165.41,169.51,0,0
MOC_MV,D,20200213,000000,169.51,170.88,162.67,165.41,0,0
MOC_MV,D,20200214,000000,168.82,168.82,162.67,164.04,0,0
MOC_MV,D,20200217,000000,170.88,170.88,163.36,166.09,0,0
MOC_MV,D,20200218,000000,168.14,184.55,166.77,174.29,0,0
MOC_MV,D,20200219,000000,179.08,179.08,166.77,173.61,0,0
MOC_MV,D,20200220,000000,177.03,177.71,172.24,172.24,0,0
MOC_MV,D,20200221,000000,173.61,181.13,172.24,177.03,0,0
MOC_MV,D,20200224,000000,177.03,177.03,164.72,168.82,0,0
MOC_MV,D,20200225,000000,164.72,173.61,164.04,171.56,0,0
MOC_MV,D,20200226,000000,171.56,174.98,164.04,167.46,0,0
MOC_MV,D,20200227,000000,163.36,170.19,163.36,165.41,0,0
MOC_MV,D,20200228,000000,165.41,165.41,138.75,157.21,0,0
MOC_MV,D,20200302,000000,150.37,161.31,150.37,156.52,0,0
MOC_MV,D,20200303,000000,160.62,162.67,158.57,162.67,0,0
MOC_MV,D,20200304,000000,157.21,166.77,157.21,164.72,0,0
MOC_MV,D,20200305,000000,166.77,166.77,161.99,163.36,0,0
MOC_MV,D,20200306,000000,162.67,164.04,155.84,158.57,0,0
MOC_MV,D,20200309,000000,153.1,153.1,143.54,147.64,0,0
MOC_MV,D,20200310,000000,151.74,163.36,144.22,150.37,0,0
MOC_MV,D,20200311,000000,162.67,162.67,140.12,146.95,0,0
MOC_MV,D,20200312,000000,138.75,138.75,121.66,124.4,0,0
MOC_MV,D,20200313,000000,131.23,131.23,121.12,123.03,0,0
MOC_MV,D,20200316,000000,123.03,129.87,111.82,128.5,0,0
MOC_MV,D,20200317,000000,128.5,133.42,125.76,131.23,0,0
MOC_MV,D,20200318,000000,142.17,142.17,126.31,127.13,0,0
MOC_MV,D,20200319,000000,131.23,131.23,118.11,119.2,0,0
MOC_MV,D,20200320,000000,117.56,124.67,116.2,120.84,0,0
MOC_MV,D,20200323,000000,128.5,150.37,114.83,135.33,0,0
MOC_MV,D,20200324,000000,137.38,143.54,127.13,134.51,0,0
MOC_MV,D,20200325,000000,142.17,142.17,130.14,138.75,0,0
MOC_MV,D,20200326,000000,139.43,139.43,131.78,133.97,0,0
MOC_MV,D,20200327,000000,136.15,136.7,135.88,136.15,0,0
MOC_MV,D,20200330,000000,136.15,138.07,131.78,138.07,0,0
MOC_MV,D,20200331,000000,141.48,142.17,128.5,131.78,0,0
MOC_MV,D,20200401,000000,133.69,134.79,131.51,132.05,0,0
MOC_MV,D,20200402,000000,136.7,138.07,131.23,132.6,0,0
MOC_MV,D,20200403,000000,136.7,151.74,132.6,151.74,0,0
MOC_MV,D,20200406,000000,186.6,190.7,174.98,189.33,0,0
MOC_MV,D,20200407,000000,190.7,190.7,172.24,172.24,0,0
MOC_MV,D,20200408,000000,172.24,172.24,161.31,172.24,0,0
MOC_MV,D,20200409,000000,172.93,177.71,170.19,176.34,0,0
MOC_MV,D,20200414,000000,177.71,181.13,172.24,180.44,0,0
MOC_MV,D,20200415,000000,179.08,179.08,162.67,166.77,0,0
MOC_MV,D,20200416,000000,166.77,173.61,158.57,168.14,0,0
MOC_MV,D,20200417,000000,172.93,173.61,168.82,168.82,0,0
MOC_MV,D,20200420,000000,175.66,199.58,175.66,192.06,0,0
MOC_MV,D,20200421,000000,202.32,202.32,166.77,177.71,0,0
MOC_MV,D,20200422,000000,181.81,183.18,171.56,177.03,0,0
MOC_MV,D,20200423,000000,178.39,185.91,176.34,185.23,0,0
MOC_MV,D,20200424,000000,177.71,183.86,169.51,174.98,0,0
MOC_MV,D,20200427,000000,178.39,178.39,168.82,171.56,0,0
MOC_MV,D,20200428,000000,172.93,172.93,165.41,171.56,0,0
MOC_MV,D,20200429,000000,171.56,175.66,165.41,173.61,0,0
MOC_MV,D,20200430,000000,176.34,176.34,162.67,166.09,0,0
MOC_MV,D,20200504,000000,174.98,190.01,169.51,188.65,0,0
MOC_MV,D,20200505,000000,187.28,188.65,179.76,183.18,0,0
MOC_MV,D,20200506,000000,185.91,186.6,181.13,181.81,0,0
MOC_MV,D,20200507,000000,183.18,183.18,175.66,179.76,0,0
MOC_MV,D,20200508,000000,180.44,185.23,175.66,181.13,0,0
MOC_MV,D,20200511,000000,181.81,190.7,181.81,184.55,0,0
MOC_MV,D,20200512,000000,185.91,186.6,177.71,180.44,0,0
MOC_MV,D,20200513,000000,177.71,177.71,171.56,174.29,0,0
MOC_MV,D,20200514,000000,171.56,171.56,159.94,166.09,0,0
MOC_MV,D,20200515,000000,170.88,171.56,161.31,162.67,0,0
MOC_MV,D,20200518,000000,169.51,174.98,164.72,172.93,0,0
MOC_MV,D,20200519,000000,174.29,174.29,165.41,167.46,0,0
MOC_MV,D,20200520,000000,164.04,164.04,157.21,158.57,0,0
MOC_MV,D,20200521,000000,161.31,164.04,158.57,164.04,0,0
MOC_MV,D,20200522,000000,166.09,166.09,146.95,150.37,0,0
MOC_MV,D,20200525,000000,150.37,154.47,141.48,154.47,0,0
MOC_MV,D,20200526,000000,154.47,154.47,149,151.05,0,0
MOC_MV,D,20200527,000000,151.05,151.05,142.85,144.22,0,0
MOC_MV,D,20200528,000000,147.64,147.64,136.7,139.43,0,0
MOC_MV,D,20200529,000000,141.48,141.48,138.75,139.43,0,0
MOC_MV,D,20200601,000000,137.38,142.85,135.88,136.7,0,0
MOC_MV,D,20200602,000000,137.38,143.54,136.7,139.43,0,0
MOC_MV,D,20200603,000000,143.54,149.69,142.85,143.54,0,0
MOC_MV,D,20200604,000000,149.69,149.69,141.48,143.54,0,0
MOC_MV,D,20200605,000000,147.64,154.47,146.27,147.64,0,0
MOC_MV,D,20200608,000000,149.69,154.47,147.64,150.37,0,0
MOC_MV,D,20200609,000000,151.05,152.42,146.95,151.74,0,0
MOC_MV,D,20200610,000000,151.74,152.42,149,152.42,0,0
MOC_MV,D,20200612,000000,147.64,152.42,146.27,150.37,0,0
MOC_MV,D,20200615,000000,150.37,150.37,146.95,147.64,0,0
MOC_MV,D,20200616,000000,147.64,152.42,146.27,152.42,0,0
MOC_MV,D,20200617,000000,150.37,175.66,150.37,170.19,0,0
MOC_MV,D,20200618,000000,184.55,190.01,176.34,182.49,0,0
MOC_MV,D,20200619,000000,182.49,182.49,177.03,182.49,0,0
MOC_MV,D,20200622,000000,194.8,203.68,191.38,203.68,0,0
MOC_MV,D,20200623,000000,206.42,225.56,206.42,222.82,0,0
MOC_MV,D,20200624,000000,224.19,224.19,210.52,215.3,0,0
MOC_MV,D,20200625,000000,212.57,232.39,212.57,224.19,0,0
MOC_MV,D,20200626,000000,224.87,239.91,215.99,222.82,0,0
MOC_MV,D,20200629,000000,226.92,228.29,215.99,215.99,0,0
MOC_MV,D,20200630,000000,224.87,227.61,203,203,0,0
MOC_MV,D,20200701,000000,205.73,215.99,205.73,213.94,0,0
MOC_MV,D,20200702,000000,218.72,224.87,218.72,222.82,0,0
MOC_MV,D,20200703,000000,228.97,231.02,222.82,228.97,0,0
MOC_MV,D,20200706,000000,231.71,236.49,226.92,232.39,0,0
MOC_MV,D,20200707,000000,233.76,233.76,224.19,225.56,0,0
MOC_MV,D,20200708,000000,225.56,225.56,214.62,218.72,0,0
MOC_MV,D,20200709,000000,222.82,231.71,222.82,225.56,0,0
MOC_MV,D,20200710,000000,220.77,242.64,215.3,225.56,0,0
MOC_MV,D,20200713,000000,232.39,233.76,217.35,224.19,0,0
MOC_MV,D,20200714,000000,224.87,224.87,217.35,220.77,0,0
MOC_MV,D,20200715,000000,224.19,229.66,210.52,222.14,0,0
MOC_MV,D,20200716,000000,216.67,218.72,211.89,217.35,0,0
MOC_MV,D,20200717,000000,215.99,222.82,213.25,218.72,0,0
MOC_MV,D,20200720,000000,228.29,228.29,218.72,224.19,0,0
MOC_MV,D,20200721,000000,224.19,224.19,215.3,218.72,0,0
MOC_MV,D,20200722,000000,218.72,220.09,207.1,213.25,0,0
MOC_MV,D,20200723,000000,207.1,209.15,203.68,204.37,0,0
MOC_MV,D,20200724,000000,201.63,201.63,191.38,192.75,0,0
MOC_MV,D,20200727,000000,198.22,211.89,197.53,211.2,0,0
MOC_MV,D,20200728,000000,214.62,223.5,211.89,212.57,0,0
MOC_MV,D,20200729,000000,215.99,221.45,207.1,214.62,0,0
MOC_MV,D,20200730,000000,217.35,217.35,181.81,185.91,0,0
MOC_MV,D,20200731,000000,180.44,197.53,180.44,190.01,0,0
MOC_MV,D,20200803,000000,191.38,236.49,191.38,230.34,0,0
MOC_MV,D,20200804,000000,239.23,269.3,222.82,269.3,0,0
MOC_MV,D,20200805,000000,282.97,326.71,282.97,322.61,0,0
MOC_MV,D,20200806,000000,333.55,333.55,291.17,300.74,0,0
MOC_MV,D,20200807,000000,306.21,306.21,262.46,267.93,0,0
MOC_MV,D,20200810,000000,284.34,300.74,280.24,299.37,0,0
MOC_MV,D,20200811,000000,302.11,313.04,272.03,292.54,0,0
MOC_MV,D,20200812,000000,299.37,299.37,269.98,272.03,0,0
MOC_MV,D,20200813,000000,270.67,285.7,263.15,280.24,0,0
MOC_MV,D,20200814,000000,280.24,281.6,256.31,265.2,0,0
MOC_MV,D,20200817,000000,268.62,276.13,263.83,272.72,0,0
MOC_MV,D,20200818,000000,278.87,278.87,251.53,252.9,0,0
MOC_MV,D,20200819,000000,260.41,276.13,254.95,267.93,0,0
MOC_MV,D,20200820,000000,264.51,272.03,264.51,267.93,0,0
MOC_MV,D,20200821,000000,272.03,272.03,258.36,263.83,0,0
MOC_MV,D,20200824,000000,259.05,266.57,259.05,261.1,0,0
MOC_MV,D,20200825,000000,269.3,269.3,250.16,250.16,0,0
MOC_MV,D,20200826,000000,250.16,254.95,237.86,248.79,0,0
MOC_MV,D,20200827,000000,255.63,274.77,252.21,269.3,0,0
MOC_MV,D,20200828,000000,280.24,280.24,265.88,267.93,0,0
MOC_MV,D,20200831,000000,268.62,277.5,264.51,267.93,0,0
MOC_MV,D,20200901,000000,265.88,265.88,248.11,252.21,0,0
MOC_MV,D,20200902,000000,252.21,264.51,245.38,261.1,0,0
MOC_MV,D,20200903,000000,262.46,296.64,259.73,268.62,0,0
MOC_MV,D,20200904,000000,269.98,287.07,268.62,270.67,0,0
MOC_MV,D,20200907,000000,280.24,280.24,258.36,261.1,0,0
MOC_MV,D,20200908,000000,271.35,271.35,226.24,239.91,0,0
MOC_MV,D,20200909,000000,246.06,252.21,243.33,252.21,0,0
MOC_MV,D,20200910,000000,259.73,263.83,244.01,263.83,0,0
MOC_MV,D,20200911,000000,281.6,281.6,268.62,273.4,0,0
MOC_MV,D,20200914,000000,278.87,278.87,262.46,269.3,0,0
MOC_MV,D,20200915,000000,267.93,273.4,252.9,252.9,0,0
MOC_MV,D,20200916,000000,252.9,270.67,252.9,263.15,0,0
MOC_MV,D,20200917,000000,259.73,259.73,250.16,257,0,0
MOC_MV,D,20200918,000000,250.84,259.05,248.11,251.53,0,0
MOC_MV,D,20200921,000000,252.9,257.68,247.43,257,0,0
MOC_MV,D,20200922,000000,257,263.15,252.21,262.46,0,0
MOC_MV,D,20200923,000000,262.46,266.57,255.63,262.46,0,0
MOC_MV,D,20200924,000000,257,261.1,245.38,249.48,0,0
MOC_MV,D,20200925,000000,247.43,249.48,241.28,249.48,0,0
MOC_MV,D,20200928,000000,249.48,259.73,245.38,249.48,0,0
MOC_MV,D,20200929,000000,249.48,250.84,241.96,250.84,0,0
MOC_MV,D,20200930,000000,250.84,250.84,244.01,249.48,0,0
MOC_MV,D,20201001,000000,249.48,252.21,244.69,247.43,0,0
MOC_MV,D,20201002,000000,250.16,250.16,241.96,243.33,0,0
MOC_MV,D,20201005,000000,245.38,250.16,243.33,248.79,0,0
MOC_MV,D,20201006,000000,250.84,250.84,242.64,244.69,0,0
MOC_MV,D,20201007,000000,246.06,269.98,234.44,258.36,0,0
MOC_MV,D,20201008,000000,261.1,261.1,246.06,252.21,0,0
MOC_MV,D,20201009,000000,247.43,256.31,243.33,254.26,0,0
MOC_MV,D,20201012,000000,254.95,256.31,250.16,252.21,0,0
MOC_MV,D,20201013,000000,253.58,253.58,237.86,239.23,0,0
MOC_MV,D,20201014,000000,244.01,251.53,237.86,246.06,0,0
MOC_MV,D,20201015,000000,253.58,253.58,228.97,228.97,0,0
MOC_MV,D,20201016,000000,228.97,235.81,222.82,230.34,0,0
MOC_MV,D,20201019,000000,231.71,237.86,223.5,223.5,0,0
MOC_MV,D,20201020,000000,228.97,228.97,213.25,215.99,0,0
MOC_MV,D,20201021,000000,215.99,225.56,215.99,219.4,0,0
MOC_MV,D,20201022,000000,224.19,238.54,222.82,233.76,0,0
MOC_MV,D,20201023,000000,233.76,257,232.39,251.53,0,0
MOC_MV,D,20201026,000000,254.26,256.31,239.23,239.91,0,0
MOC_MV,D,20201027,000000,249.48,249.48,229.66,235.12,0,0
MOC_MV,D,20201028,000000,239.23,239.23,203.68,208.47,0,0
MOC_MV,D,20201029,000000,208.47,225.56,204.37,218.04,0,0
MOC_MV,D,20201030,000000,222.82,222.82,201.63,211.89,0,0
MOC_MV,D,20201102,000000,211.89,224.19,211.89,218.72,0,0
MOC_MV,D,20201103,000000,225.56,246.06,215.3,237.86,0,0
MOC_MV,D,20201104,000000,244.69,248.79,237.17,244.69,0,0
MOC_MV,D,20201105,000000,251.53,259.05,244.01,249.48,0,0
MOC_MV,D,20201106,000000,784.66,790.13,649.33,790.13,0,0
MOC_MV,D,20201109,000000,880.35,1099.07,833.87,951.43,0,0
MOC_MV,D,20201110,000000,951.43,951.43,773.72,809.26,0,0
MOC_MV,D,20201112,000000,833.87,888.55,784.66,790.13,0,0
MOC_MV,D,20201113,000000,776.46,776.46,699.9,699.9,0,0
MOC_MV,D,20201116,000000,702.64,724.51,673.93,724.51,0,0
MOC_MV,D,20201117,000000,751.85,751.85,663,664.36,0,0
MOC_MV,D,20201118,000000,664.36,699.9,664.36,683.5,0,0
MOC_MV,D,20201119,000000,697.17,776.46,694.44,732.71,0,0
MOC_MV,D,20201120,000000,732.71,732.71,694.44,705.37,0,0
MOC_MV,D,20201123,000000,724.51,765.52,705.37,724.51,0,0
MOC_MV,D,20201124,000000,724.51,738.18,719.04,738.18,0,0
MOC_MV,D,20201125,000000,738.18,738.18,694.44,716.31,0,0
MOC_MV,D,20201126,000000,699.9,735.45,675.3,683.5,0,0
MOC_MV,D,20201127,000000,683.5,705.37,672.56,686.23,0,0
MOC_MV,D,20201130,000000,683.5,710.84,661.63,661.63,0,0
MOC_MV,D,20201201,000000,680.77,680.77,611.05,611.05,0,0
MOC_MV,D,20201202,000000,623.35,672.56,623.35,672.56,0,0
MOC_MV,D,20201203,000000,672.56,672.56,647.96,657.53,0,0
MOC_MV,D,20201204,000000,653.43,653.43,621.99,628.82,0,0
MOC_MV,D,20201207,000000,641.12,649.33,587.81,649.33,0,0
MOC_MV,D,20201208,000000,649.33,661.63,626.09,656.16,0,0
MOC_MV,D,20201209,000000,669.83,675.3,638.39,642.49,0,0
MOC_MV,D,20201210,000000,637.02,660.26,628.82,632.4,0,0
MOC_MV,D,20201211,000000,633.76,640.56,621.52,626.96,0,0
MOC_MV,D,20201214,000000,639.2,654.16,609.28,654.16,0,0
MOC_MV,D,20201215,000000,651.44,699.04,636.48,690.88,0,0
MOC_MV,D,20201216,000000,707.2,715.36,696.32,707.2,0,0
MOC_MV,D,20201217,000000,723.52,723.52,680,680,0,0
MOC_MV,D,20201218,000000,666.4,707.2,666.4,707.2,0,0
MOC_MV,D,20201221,000000,685.44,707.2,675.92,690.88,0,0
MOC_MV,D,20201222,000000,701.76,720.8,696.32,720.8,0,0
MOC_MV,D,20201223,000000,720.8,737.12,712.64,718.08,0,0
MOC_MV,D,20201228,000000,715.36,761.6,715.36,734.4,0,0
MOC_MV,D,20201229,000000,723.52,742.56,715.36,720.8,0,0
MOC_MV,D,20201230,000000,731.68,734.4,680,688.16,0,0
MOC_MV,D,20210104,000000,693.6,728.96,682.72,720.8,0,0
MOC_MV,D,20210105,000000,720.8,734.4,704.48,720.8,0,0
MOC_MV,D,20210107,000000,723.52,723.52,709.92,720.8,0,0
MOC_MV,D,20210108,000000,723.52,824.16,723.52,816,0,0
MOC_MV,D,20210111,000000,818.72,856.8,791.52,824.16,0,0
MOC_MV,D,20210112,000000,824.16,824.16,786.08,805.12,0,0
MOC_MV,D,20210113,000000,805.12,805.12,775.2,777.92,0,0
MOC_MV,D,20210114,000000,777.92,796.96,777.92,788.8,0,0
MOC_MV,D,20210115,000000,783.36,807.84,775.2,786.08,0,0
MOC_MV,D,20210118,000000,783.36,810.56,780.64,802.4,0,0
MOC_MV,D,20210119,000000,802.4,807.84,769.76,780.64,0,0
MOC_MV,D,20210120,000000,780.64,783.36,742.56,764.32,0,0
MOC_MV,D,20210121,000000,767.04,767.04,742.56,756.16,0,0
MOC_MV,D,20210122,000000,742.56,777.92,737.12,777.92,0,0
MOC_MV,D,20210125,000000,780.64,780.64,748,748,0,0
MOC_MV,D,20210126,000000,753.44,753.44,739.84,745.28,0,0
MOC_MV,D,20210127,000000,745.28,745.28,709.92,718.08,0,0
MOC_MV,D,20210128,000000,720.8,745.28,707.2,742.56,0,0
MOC_MV,D,20210129,000000,748,748,709.92,723.52,0,0
MOC_MV,D,20210201,000000,731.68,734.4,715.36,718.08,0,0
MOC_MV,D,20210202,000000,726.24,726.24,707.2,712.64,0,0
MOC_MV,D,20210203,000000,712.64,720.8,696.32,701.76,0,0
MOC_MV,D,20210204,000000,701.76,707.2,688.16,693.6,0,0
MOC_MV,D,20210205,000000,693.6,707.2,677.28,696.32,0,0
MOC_MV,D,20210208,000000,696.32,709.92,666.4,701.76,0,0
MOC_MV,D,20210209,000000,712.64,712.64,680,699.04,0,0
MOC_MV,D,20210210,000000,696.32,699.04,660.96,675.92,0,0
MOC_MV,D,20210211,000000,680,758.88,677.28,758.88,0,0
MOC_MV,D,20210212,000000,753.44,753.44,718.08,734.4,0,0
MOC_MV,D,20210215,000000,742.56,748,715.36,742.56,0,0
MOC_MV,D,20210216,000000,748,750.72,734.4,748,0,0
MOC_MV,D,20210217,000000,748,748,726.24,726.24,0,0
MOC_MV,D,20210218,000000,731.68,731.68,699.04,712.64,0,0
MOC_MV,D,20210219,000000,709.92,712.64,693.6,699.04,0,0
MOC_MV,D,20210222,000000,680,706.88,678.64,706.88,0,0
MOC_MV,D,20210223,000000,695.75,704.1,681.84,691.58,0,0
MOC_MV,D,20210224,000000,681.84,701.32,681.84,694.36,0,0
MOC_MV,D,20210225,000000,701.32,701.32,683.23,692.97,0,0
MOC_MV,D,20210226,000000,674.88,692.97,674.88,684.62,0,0
MOC_MV,D,20210301,000000,684.62,701.32,674.88,695.75,0,0
MOC_MV,D,20210302,000000,695.75,695.75,681.84,694.36,0,0
MOC_MV,D,20210303,000000,698.53,698.53,683.23,683.23,0,0
MOC_MV,D,20210304,000000,681.84,692.97,672.09,692.97,0,0
MOC_MV,D,20210305,000000,692.97,726.36,681.84,718.01,0,0
MOC_MV,D,20210308,000000,718.01,723.58,712.45,723.58,0,0
MOC_MV,D,20210309,000000,720.8,726.36,706.88,720.8,0,0
MOC_MV,D,20210310,000000,723.58,726.36,709.67,723.58,0,0
MOC_MV,D,20210311,000000,712.45,731.93,709.67,731.93,0,0
MOC_MV,D,20210312,000000,729.15,731.93,712.45,731.93,0,0
MOC_MV,D,20210315,000000,729.15,748.63,720.8,745.84,0,0
MOC_MV,D,20210316,000000,745.84,759.76,715.23,734.71,0,0
MOC_MV,D,20210317,000000,737.5,737.5,706.88,720.8,0,0
MOC_MV,D,20210318,000000,709.67,748.63,709.67,748.63,0,0
MOC_MV,D,20210319,000000,748.63,779.24,737.5,779.24,0,0
MOC_MV,D,20210322,000000,793.16,804.29,787.59,793.16,0,0
MOC_MV,D,20210323,000000,795.94,795.94,759.76,790.37,0,0
MOC_MV,D,20210324,000000,787.59,790.37,765.33,782.02,0,0
MOC_MV,D,20210325,000000,795.94,807.07,748.63,762.54,0,0
MOC_MV,D,20210326,000000,762.54,765.33,729.15,729.15,0,0
MOC_MV,D,20210329,000000,723.58,748.63,706.88,737.5,0,0
MOC_MV,D,20210330,000000,737.5,765.33,723.58,748.63,0,0
MOC_MV,D,20210331,000000,756.98,756.98,737.5,737.5,0,0
MOC_MV,D,20210401,000000,750.02,750.02,711.06,719.41,0,0
MOC_MV,D,20210406,000000,718.01,750.02,718.01,748.63,0,0
MOC_MV,D,20210407,000000,748.63,748.63,723.58,729.15,0,0
MOC_MV,D,20210408,000000,726.36,744.45,726.36,737.5,0,0
MOC_MV,D,20210409,000000,744.45,750.02,737.5,745.84,0,0
MOC_MV,D,20210412,000000,748.63,758.37,744.45,752.8,0,0
MOC_MV,D,20210413,000000,756.98,756.98,751.41,754.19,0,0
MOC_MV,D,20210414,000000,751.41,758.37,751.41,755.58,0,0
MOC_MV,D,20210415,000000,751.41,756.98,751.41,752.8,0,0
MOC_MV,D,20210416,000000,751.41,756.98,751.41,755.58,0,0
MOC_MV,D,20210419,000000,755.58,765.33,748.63,762.54,0,0
MOC_MV,D,20210420,000000,772.28,772.28,729.15,738.89,0,0
MOC_MV,D,20210421,000000,736.1,736.1,706.88,722.19,0,0
MOC_MV,D,20210422,000000,724.97,744.45,724.97,744.45,0,0
MOC_MV,D,20210423,000000,747.24,747.24,713.84,723.58,0,0
MOC_MV,D,20210426,000000,716.62,718.01,687.4,687.4,0,0
MOC_MV,D,20210427,000000,688.79,688.79,667.92,667.92,0,0
MOC_MV,D,20210428,000000,667.92,706.88,666.53,697.14,0,0
MOC_MV,D,20210429,000000,701.32,709.67,695.75,695.75,0,0
MOC_MV,D,20210430,000000,705.49,705.49,695.75,695.75,0,0
MOC_MV,D,20210504,000000,695.75,715.23,695.75,698.53,0,0
MOC_MV,D,20210505,000000,695.75,699.92,681.84,687.4,0,0
MOC_MV,D,20210506,000000,687.4,687.4,652.61,659.57,0,0
MOC_MV,D,20210507,000000,680.44,684.62,667.92,681.84,0,0
MOC_MV,D,20210510,000000,681.84,690.18,676.96,690.18,0,0
MOC_MV,D,20210511,000000,688.79,690.18,666.53,667.92,0,0
MOC_MV,D,20210512,000000,674.88,674.88,649.83,649.83,0,0
MOC_MV,D,20210513,000000,663.75,663.75,638,651.22,0,0
MOC_MV,D,20210514,000000,654.01,660.27,640.79,656.09,0,0
MOC_MV,D,20210517,000000,661.66,695.05,661.66,671.4,0,0
MOC_MV,D,20210518,000000,679.75,685.31,667.92,681.14,0,0
MOC_MV,D,20210519,000000,681.84,681.84,667.92,677.66,0,0
MOC_MV,D,20210520,000000,680.44,688.79,670.01,688.79,0,0
MOC_MV,D,20210521,000000,688.79,688.79,670.01,682.53,0,0
MOC_MV,D,20210524,000000,667.92,673.49,654.01,656.79,0,0
MOC_MV,D,20210525,000000,659.57,660.27,651.22,651.92,0,0
MOC_MV,D,20210526,000000,651.92,661.66,649.13,654.01,0,0
MOC_MV,D,20210527,000000,661.66,666.53,646.35,666.53,0,0
MOC_MV,D,20210528,000000,666.53,666.53,642.87,656.79,0,0
MOC_MV,D,20210531,000000,660.96,660.96,650.53,650.53,0,0
MOC_MV,D,20210601,000000,654.01,656.79,641.48,646.35,0,0
MOC_MV,D,20210602,000000,649.83,653.31,644.96,650.53,0,0
MOC_MV,D,20210604,000000,650.53,665.14,650.53,660.96,0,0
MOC_MV,D,20210607,000000,659.57,667.92,648.44,667.92,0,0
MOC_MV,D,20210608,000000,667.92,715.23,664.44,681.84,0,0
MOC_MV,D,20210609,000000,681.84,695.05,675.57,687.4,0,0
MOC_MV,D,20210610,000000,688.79,692.97,667.22,674.88,0,0
MOC_MV,D,20210611,000000,681.84,681.84,665.14,676.96,0,0
MOC_MV,D,20210614,000000,674.88,680.44,672.79,676.27,0,0
MOC_MV,D,20210615,000000,681.14,681.14,656.79,671.4,0,0
MOC_MV,D,20210616,000000,679.05,680.44,654.7,665.14,0,0
MOC_MV,D,20210617,000000,660.96,665.14,652.61,661.66,0,0
MOC_MV,D,20210618,000000,662.35,681.84,649.13,678.36,0,0
MOC_MV,D,20210621,000000,676.96,676.96,657.48,667.92,0,0
MOC_MV,D,20210622,000000,669.31,681.14,661.66,670.7,0,0
MOC_MV,D,20210623,000000,671.4,692.27,671.4,690.88,0,0
MOC_MV,D,20210624,000000,692.27,698.53,681.84,698.53,0,0
MOC_MV,D,20210625,000000,697.14,697.14,688.79,695.05,0,0
MOC_MV,D,20210628,000000,691.58,695.05,680.44,682.53,0,0
MOC_MV,D,20210629,000000,686.01,706.88,682.53,698.53,0,0
MOC_MV,D,20210630,000000,698.53,716.62,687.4,711.06,0,0
MOC_MV,D,20210701,000000,722.19,722.19,695.75,699.92,0,0
MOC_MV,D,20210702,000000,706.88,706.88,689.49,693.66,0,0
MOC_MV,D,20210705,000000,695.75,709.67,688.79,708.27,0,0
MOC_MV,D,20210706,000000,708.27,708.27,685.31,685.31,0,0
MOC_MV,D,20210707,000000,684.62,694.36,684.62,694.36,0,0
MOC_MV,D,20210708,000000,694.36,694.36,683.92,685.31,0,0
MOC_MV,D,20210709,000000,681.84,690.88,676.27,690.88,0,0
MOC_MV,D,20210712,000000,690.88,690.88,663.75,687.4,0,0
MOC_MV,D,20210713,000000,681.84,690.18,679.05,685.31,0,0
MOC_MV,D,20210714,000000,690.18,690.18,676.27,686.71,0,0
MOC_MV,D,20210715,000000,681.84,682.53,670.7,681.84,0,0
MOC_MV,D,20210716,000000,681.84,681.84,672.79,677.66,0,0
MOC_MV,D,20210719,000000,672.09,675.57,660.96,663.05,0,0
MOC_MV,D,20210720,000000,663.05,667.92,658.18,666.53,0,0
MOC_MV,D,20210721,000000,667.92,681.84,661.66,674.18,0,0
MOC_MV,D,20210722,000000,680.44,680.44,667.92,669.31,0,0
MOC_MV,D,20210723,000000,667.92,667.92,661.66,664.44,0,0
MOC_MV,D,20210726,000000,666.53,667.92,651.22,654.01,0,0
MOC_MV,D,20210727,000000,651.22,661.66,641.48,641.48,0,0
MOC_MV,D,20210728,000000,652.61,660.96,644.96,657.48,0,0
MOC_MV,D,20210729,000000,651.22,658.88,645.66,658.88,0,0
MOC_MV,D,20210730,000000,662.35,662.35,647.05,654.01,0,0
MOC_MV,D,20210802,000000,654.01,664.44,647.05,652.61,0,0
MOC_MV,D,20210803,000000,652.61,654.01,647.74,651.22,0,0
MOC_MV,D,20210804,000000,652.61,654.01,647.05,653.31,0,0
MOC_MV,D,20210805,000000,654.01,660.96,647.74,654.7,0,0
MOC_MV,D,20210806,000000,665.14,665.14,648.44,648.44,0,0
MOC_MV,D,20210809,000000,648.44,649.83,642.87,645.66,0,0
MOC_MV,D,20210810,000000,645.66,648.44,640.09,644.26,0,0
MOC_MV,D,20210811,000000,640.09,654.01,634.52,654.01,0,0
MOC_MV,D,20210812,000000,653.31,653.31,639.39,649.83,0,0
MOC_MV,D,20210813,000000,652.61,652.61,629.65,641.48,0,0
MOC_MV,D,20210816,000000,635.92,640.09,632.44,636.19,0,0
MOC_MV,D,20210817,000000,636.19,640.38,634.8,637.59,0,0
MOC_MV,D,20210818,000000,634.8,637.59,634.8,636.19,0,0
MOC_MV,D,20210819,000000,636.89,637.59,628.52,628.52,0,0
MOC_MV,D,20210820,000000,632.01,632.01,622.24,625.73,0,0
MOC_MV,D,20210823,000000,627.82,627.82,607.59,614.57,0,0
MOC_MV,D,20210824,000000,622.94,622.94,613.17,613.87,0,0
MOC_MV,D,20210825,000000,613.87,613.87,601.31,613.87,0,0
MOC_MV,D,20210826,000000,605.5,664.79,602.01,642.47,0,0
MOC_MV,D,20210827,000000,641.77,653.63,635.49,647.35,0,0
MOC_MV,D,20210830,000000,647.35,648.75,639.68,648.75,0,0
MOC_MV,D,20210831,000000,648.05,648.75,618.75,631.31,0,0
MOC_MV,D,20210901,000000,634.8,637.59,627.82,637.59,0,0
MOC_MV,D,20210902,000000,639.68,664.09,639.68,653.63,0,0
MOC_MV,D,20210903,000000,653.63,653.63,641.77,652.24,0,0
MOC_MV,D,20210906,000000,654.33,654.33,634.1,645.96,0,0
MOC_MV,D,20210907,000000,645.96,645.96,627.82,630.61,0,0
MOC_MV,D,20210908,000000,629.91,634.8,620.15,634.8,0,0
MOC_MV,D,20210909,000000,637.59,655.72,627.82,653.63,0,0
MOC_MV,D,20210910,000000,651.54,653.63,627.82,634.8,0,0
MOC_MV,D,20210913,000000,627.82,631.31,623.64,629.91,0,0
MOC_MV,D,20210914,000000,627.82,630.61,620.84,626.43,0,0
MOC_MV,D,20210915,000000,625.03,631.31,620.84,631.31,0,0
MOC_MV,D,20210916,000000,632.7,659.91,621.54,659.91,0,0
MOC_MV,D,20210917,000000,652.93,660.61,646.66,656.42,0,0
MOC_MV,D,20210920,000000,655.72,655.72,624.33,627.82,0,0
MOC_MV,D,20210921,000000,627.82,647.35,624.33,628.52,0,0
MOC_MV,D,20210922,000000,632.7,648.05,621.54,634.8,0,0
MOC_MV,D,20210923,000000,634.8,643.87,627.82,638.28,0,0
MOC_MV,D,20210924,000000,641.77,641.77,620.84,627.82,0,0
MOC_MV,D,20210927,000000,599.92,628.52,599.92,625.73,0,0
MOC_MV,D,20210928,000000,622.24,627.82,617.36,623.64,0,0
MOC_MV,D,20210929,000000,619.45,622.24,612.47,618.05,0,0
MOC_MV,D,20210930,000000,620.15,620.15,595.73,611.08,0,0
MOC_MV,D,20211001,000000,597.82,604.1,585.27,585.97,0,0
MOC_MV,D,20211004,000000,585.97,594.34,553.88,553.88,0,0
MOC_MV,D,20211005,000000,544.11,563.64,528.76,553.18,0,0
MOC_MV,D,20211006,000000,553.18,553.18,544.81,546.9,0,0
MOC_MV,D,20211007,000000,549.69,555.97,546.9,555.27,0,0
MOC_MV,D,20211008,000000,558.06,570.62,553.18,569.22,0,0
MOC_MV,D,20211011,000000,561.55,569.22,548.99,558.06,0,0
MOC_MV,D,20211012,000000,549.69,555.97,544.11,545.51,0,0
MOC_MV,D,20211013,000000,544.11,544.11,538.53,539.93,0,0
MOC_MV,D,20211014,000000,539.93,546.9,537.83,545.51,0,0
MOC_MV,D,20211015,000000,545.51,557.37,544.11,557.37,0,0
MOC_MV,D,20211018,000000,557.37,557.37,539.93,544.81,0,0
MOC_MV,D,20211019,000000,539.23,551.09,539.23,544.11,0,0
MOC_MV,D,20211020,000000,538.53,544.11,537.83,538.53,0,0
MOC_MV,D,20211021,000000,538.53,538.53,527.37,530.16,0,0
MOC_MV,D,20211022,000000,530.16,530.16,516.91,518.3,0,0
MOC_MV,D,20211025,000000,518.3,520.39,515.51,519,0,0
MOC_MV,D,20211026,000000,519,548.3,519,547.6,0,0
MOC_MV,D,20211027,000000,546.9,566.43,537.14,565.04,0,0
MOC_MV,D,20211028,000000,558.76,601.31,558.76,581.08,0,0
MOC_MV,D,20211029,000000,581.08,598.52,581.08,592.94,0,0
MOC_MV,D,20211102,000000,592.94,592.94,554.57,560.85,0,0
MOC_MV,D,20211103,000000,558.76,572.01,546.9,572.01,0,0
MOC_MV,D,20211104,000000,572.01,583.18,565.74,566.43,0,0
MOC_MV,D,20211105,000000,575.5,579.69,558.06,564.34,0,0
MOC_MV,D,20211108,000000,564.34,564.34,545.51,550.39,0,0
MOC_MV,D,20211109,000000,548.3,556.67,547.6,553.18,0,0
MOC_MV,D,20211110,000000,553.18,553.18,544.11,546.9,0,0
MOC_MV,D,20211112,000000,544.11,552.48,530.86,546.9,0,0
MOC_MV,D,20211115,000000,537.83,546.9,534.35,546.9,0,0
MOC_MV,D,20211116,000000,544.11,544.11,525.28,528.07,0,0
MOC_MV,D,20211117,000000,553.18,574.11,553.18,560.16,0,0
MOC_MV,D,20211118,000000,567.13,567.13,539.93,544.11,0,0
MOC_MV,D,20211119,000000,544.11,558.06,537.83,549.69,0,0
MOC_MV,D,20211122,000000,549.69,553.88,530.86,546.9,0,0
MOC_MV,D,20211123,000000,544.11,551.09,531.55,535.74,0,0
MOC_MV,D,20211124,000000,532.95,545.51,532.95,535.74,0,0
MOC_MV,D,20211125,000000,537.14,542.02,535.74,538.53,0,0
MOC_MV,D,20211126,000000,537.83,537.83,518.3,523.18,0,0
MOC_MV,D,20211129,000000,521.79,537.14,506.44,537.14,0,0
MOC_MV,D,20211130,000000,542.72,542.72,524.58,537.14,0,0
MOC_MV,D,20211201,000000,527.37,530.16,519,525.28,0,0
MOC_MV,D,20211202,000000,525.97,530.16,519,528.07,0,0
MOC_MV,D,20211203,000000,528.07,528.07,508.53,509.23,0,0
MOC_MV,D,20211206,000000,509.93,523.18,507.84,523.18,0,0
MOC_MV,D,20211207,000000,522.49,534.35,518.3,534.35,0,0
MOC_MV,D,20211208,000000,538.53,546.9,537.14,545.51,0,0
MOC_MV,D,20211209,000000,544.11,558.06,544.11,548.3,0,0
MOC_MV,D,20211210,000000,551.09,551.09,528.07,528.07,0,0
MOC_MV,D,20211213,000000,542.02,542.02,523.88,530.16,0,0
MOC_MV,D,20211214,000000,528.76,538.53,512.02,536.44,0,0
MOC_MV,D,20211215,000000,542.02,542.02,516.21,521.09,0,0
MOC_MV,D,20211216,000000,521.09,537.14,519.7,519.7,0,0
MOC_MV,D,20211217,000000,520.39,542.72,504.35,542.72,0,0
MOC_MV,D,20211220,000000,538.53,538.53,520.39,528.07,0,0
MOC_MV,D,20211221,000000,527.37,530.16,521.79,530.16,0,0
MOC_MV,D,20211222,000000,535.74,537.14,523.18,525.97,0,0
MOC_MV,D,20211223,000000,521.79,525.97,517.6,517.6,0,0
MOC_MV,D,20211227,000000,517.6,521.79,514.81,514.81,0,0
MOC_MV,D,20211228,000000,516.21,516.21,508.53,508.53,0,0
MOC_MV,D,20211229,000000,508.53,525.97,508.53,518.3,0,0
MOC_MV,D,20211230,000000,530.16,536.44,519.7,521.79,0,0
MOC_MV,D,20220103,000000,519.7,556.67,519.7,554.57,0,0
MOC_MV,D,20220104,000000,555.27,577.6,553.88,572.01,0,0
MOC_MV,D,20220105,000000,581.78,590.15,577.6,584.57,0,0
MOC_MV,D,20220107,000000,584.57,584.57,560.16,570.62,0,0
MOC_MV,D,20220110,000000,565.04,565.04,543.41,557.37,0,0
MOC_MV,D,20220111,000000,557.37,565.04,548.99,558.06,0,0
MOC_MV,D,20220112,000000,550.39,565.04,549.69,563.64,0,0
MOC_MV,D,20220113,000000,565.04,565.04,555.27,563.64,0,0
MOC_MV,D,20220114,000000,563.64,568.53,555.97,568.53,0,0
MOC_MV,D,20220117,000000,568.53,588.06,563.64,580.39,0,0
MOC_MV,D,20220118,000000,581.08,581.08,558.06,559.46,0,0
MOC_MV,D,20220119,000000,566.43,566.43,541.32,542.02,0,0
MOC_MV,D,20220120,000000,546.2,551.78,542.02,543.41,0,0
MOC_MV,D,20220121,000000,544.11,544.11,518.3,543.41,0,0
MOC_MV,D,20220124,000000,539.23,549.69,500.16,502.26,0,0
MOC_MV,D,20220125,000000,502.26,523.88,502.26,513.42,0,0
MOC_MV,D,20220126,000000,514.81,527.37,510.63,526.99,0,0
MOC_MV,D,20220127,000000,525.59,526.99,512.33,522.8,0,0
MOC_MV,D,20220128,000000,524.9,524.9,510.24,518.61,0,0
MOC_MV,D,20220131,000000,516.52,522.1,508.14,520.71,0,0
MOC_MV,D,20220201,000000,520.71,522.8,510.94,522.8,0,0
MOC_MV,D,20220202,000000,511.63,526.99,511.63,522.1,0,0
MOC_MV,D,20220203,000000,530.48,530.48,517.92,527.69,0,0
MOC_MV,D,20220204,000000,528.39,529.78,517.22,517.22,0,0
MOC_MV,D,20220207,000000,524.9,528.39,513.03,513.73,0,0
MOC_MV,D,20220208,000000,527.69,527.69,517.92,517.92,0,0
MOC_MV,D,20220209,000000,523.5,523.5,513.73,515.12,0,0
MOC_MV,D,20220210,000000,513.73,520.01,506.75,516.52,0,0
MOC_MV,D,20220211,000000,516.52,517.22,509.54,513.73,0,0
MOC_MV,D,20220214,000000,509.54,509.54,476.04,492.09,0,0
MOC_MV,D,20220215,000000,492.79,506.05,492.09,501.16,0,0
MOC_MV,D,20220216,000000,501.16,520.71,501.16,516.52,0,0
MOC_MV,D,20220217,000000,521.41,521.41,478.83,481.62,0,0
MOC_MV,D,20220218,000000,471.85,494.18,471.85,480.92,0,0
MOC_MV,D,20220221,000000,487.2,487.2,457.89,457.89,0,0
MOC_MV,D,20220222,000000,446.72,477.43,443.93,477.43,0,0
MOC_MV,D,20220223,000000,477.43,477.43,462.77,474.64,0,0
MOC_MV,D,20220224,000000,435.55,435.55,379.01,404.84,0,0
MOC_MV,D,20220225,000000,436.95,436.95,404.84,404.84,0,0
MOC_MV,D,20220228,000000,390.88,418.1,390.88,404.84,0,0
MOC_MV,D,20220301,000000,404.84,445.32,404.84,427.18,0,0
MOC_MV,D,20220302,000000,427.18,427.18,399.26,402.75,0,0
MOC_MV,D,20220303,000000,404.84,404.84,365.75,399.26,0,0
MOC_MV,D,20220304,000000,398.56,398.56,373.43,376.22,0,0
MOC_MV,D,20220307,000000,375.52,376.92,348.3,374.13,0,0
MOC_MV,D,20220308,000000,364.36,371.34,354.58,370.39,0,0
MOC_MV,D,20220309,000000,371.09,404.06,362.68,403.36,0,0
MOC_MV,D,20220310,000000,408.97,411.08,390.74,398.45,0,0
MOC_MV,D,20220311,000000,406.87,413.89,399.15,413.89,0,0
MOC_MV,D,20220314,000000,434.93,451.77,427.92,430.72,0,0
MOC_MV,D,20220315,000000,434.93,444.05,429.32,437.74,0,0
MOC_MV,D,20220316,000000,439.14,447.56,432.83,447.56,0,0
MOC_MV,D,20220317,000000,451.77,458.08,451.77,452.47,0,0
MOC_MV,D,20220318,000000,454.57,454.57,423.71,430.02,0,0
MOC_MV,D,20220321,000000,434.23,445.45,420.9,433.53,0,0
MOC_MV,D,20220322,000000,433.53,433.53,428.62,428.62,0,0
MOC_MV,D,20220323,000000,434.93,434.93,423,427.92,0,0
MOC_MV,D,20220324,000000,430.02,432.12,426.51,432.12,0,0
MOC_MV,D,20220325,000000,420.9,432.12,420.9,420.9,0,0
MOC_MV,D,20220328,000000,427.92,427.92,415.29,415.29,0,0
MOC_MV,D,20220329,000000,420.9,424.41,413.89,413.89,0,0
MOC_MV,D,20220330,000000,422.3,422.3,413.18,413.18,0,0
MOC_MV,D,20220331,000000,420.9,427.21,413.89,425.11,0,0
MOC_MV,D,20220401,000000,425.11,425.11,420.9,424.41,0,0
MOC_MV,D,20220404,000000,423.71,423.71,423.71,423.71,0,0
MOC_MV,D,20220405,000000,434.23,434.23,420.9,427.92,0,0
MOC_MV,D,20220406,000000,427.92,427.92,417.39,422.3,0,0
MOC_MV,D,20220407,000000,422.3,422.3,413.89,422.3,0,0
MOC_MV,D,20220408,000000,420.9,422.3,399.86,404.06,0,0
MOC_MV,D,20220411,000000,411.08,411.08,389.33,390.03,0,0
MOC_MV,D,20220412,000000,399.86,400.56,387.23,400.56,0,0
MOC_MV,D,20220413,000000,408.97,408.97,388.63,394.94,0,0
MOC_MV,D,20220414,000000,402.66,402.66,392.84,399.86,0,0
MOC_MV,D,20220419,000000,399.86,412.48,399.86,412.48,0,0
MOC_MV,D,20220420,000000,412.48,412.48,408.27,409.68,0,0
MOC_MV,D,20220421,000000,409.68,415.29,405.47,415.29,0,0
MOC_MV,D,20220422,000000,411.08,412.48,406.87,408.27,0,0
MOC_MV,D,20220425,000000,389.33,393.54,381.62,383.02,0,0
MOC_MV,D,20220426,000000,387.23,399.15,379.51,380.21,0,0
MOC_MV,D,20220427,000000,390.03,390.03,380.21,380.21,0,0
MOC_MV,D,20220428,000000,384.42,385.83,368.99,370.39,0,0
MOC_MV,D,20220429,000000,370.39,381.62,370.39,371.8,0,0
MOC_MV,D,20220502,000000,368.29,378.81,362.68,378.81,0,0
MOC_MV,D,20220504,000000,378.11,381.62,366.18,370.39,0,0
MOC_MV,D,20220505,000000,378.81,384.42,370.39,384.42,0,0
MOC_MV,D,20220506,000000,383.02,383.02,376,378.81,0,0
MOC_MV,D,20220509,000000,384.42,384.42,361.27,362.68,0,0
MOC_MV,D,20220510,000000,371.8,371.8,339.53,349.35,0,0
MOC_MV,D,20220511,000000,349.35,353.56,344.44,345.14,0,0
MOC_MV,D,20220512,000000,350.05,350.05,336.72,337.42,0,0
MOC_MV,D,20220513,000000,347.94,350.75,343.74,350.75,0,0
MOC_MV,D,20220516,000000,351.45,351.45,341.63,342.33,0,0
MOC_MV,D,20220517,000000,340.93,347.24,338.12,339.53,0,0
MOC_MV,D,20220518,000000,339.53,350.75,337.42,350.75,0,0
MOC_MV,D,20220519,000000,350.75,350.75,338.12,342.33,0,0
MOC_MV,D,20220520,000000,346.54,361.27,338.12,345.14,0,0
MOC_MV,D,20220523,000000,350.75,360.57,341.63,359.87,0,0
MOC_MV,D,20220524,000000,359.87,375.3,357.77,375.3,0,0
MOC_MV,D,20220525,000000,378.11,385.83,371.8,378.81,0,0
MOC_MV,D,20220526,000000,378.81,378.81,371.8,377.41,0,0
MOC_MV,D,20220527,000000,378.81,378.81,364.78,371.8,0,0
MOC_MV,D,20220530,000000,378.11,378.11,357.77,364.78,0,0
MOC_MV,D,20220531,000000,364.78,367.59,361.27,361.97,0,0
MOC_MV,D,20220601,000000,364.78,373.9,353.56,353.56,0,0
MOC_MV,D,20220602,000000,364.08,364.08,354.26,363.38,0,0
MOC_MV,D,20220603,000000,364.08,399.86,357.06,398.45,0,0
MOC_MV,D,20220606,000000,411.78,430.72,401.26,430.02,0,0
MOC_MV,D,20220607,000000,428.62,430.02,411.78,423.71,0,0
MOC_MV,D,20220608,000000,432.83,432.83,415.29,415.29,0,0
MOC_MV,D,20220609,000000,415.29,419.5,399.86,412.48,0,0
MOC_MV,D,20220610,000000,393.54,399.86,390.03,397.05,0,0
MOC_MV,D,20220613,000000,388.63,388.63,356.36,357.77,0,0
MOC_MV,D,20220614,000000,371.8,378.11,355.66,371.8,0,0
MOC_MV,D,20220615,000000,371.09,371.09,355.66,363.38,0,0
MOC_MV,D,20220617,000000,353.56,371.8,350.75,364.08,0,0
MOC_MV,D,20220620,000000,364.78,370.39,343.74,343.74,0,0
MOC_MV,D,20220621,000000,349.35,349.35,338.12,345.14,0,0
MOC_MV,D,20220622,000000,350.05,350.05,336.72,338.12,0,0
MOC_MV,D,20220623,000000,336.72,341.63,334.62,334.62,0,0
MOC_MV,D,20220624,000000,229.53,229.53,184.07,184.07,0,0
MOC_MV,D,20220627,000000,182.39,193.61,178.74,185.48,0,0
MOC_MV,D,20220628,000000,187.44,187.72,178.18,178.18,0,0
MOC_MV,D,20220629,000000,177.06,194.46,169.2,194.46,0,0
MOC_MV,D,20220630,000000,192.21,193.61,179.86,193.61,0,0
MOC_MV,D,20220701,000000,195.3,221.67,195.3,220.27,0,0
MOC_MV,D,20220704,000000,220.27,242.72,211.01,242.72,0,0
MOC_MV,D,20220705,000000,244.12,246.65,219.71,224.2,0,0
MOC_MV,D,20220706,000000,224.48,224.48,212.41,212.98,0,0
MOC_MV,D,20220707,000000,218.87,237.11,218.87,237.11,0,0
MOC_MV,D,20220708,000000,241.32,244.12,228.13,239.63,0,0
MOC_MV,D,20220711,000000,240.19,252.54,235.14,251.98,0,0
MOC_MV,D,20220712,000000,258.15,258.15,244.4,245.53,0,0
MOC_MV,D,20220713,000000,245.24,245.53,235.14,236.83,0,0
MOC_MV,D,20220714,000000,246.65,246.65,222.24,222.52,0,0
MOC_MV,D,20220715,000000,223.92,228.41,220.27,220.55,0,0
MOC_MV,D,20220718,000000,227.01,227.01,220.27,221.39,0,0
MOC_MV,D,20220719,000000,224.48,236.27,224.2,228.41,0,0
MOC_MV,D,20220720,000000,237.95,252.54,227.85,247.77,0,0
MOC_MV,D,20220721,000000,249.17,249.17,233.74,234.86,0,0
MOC_MV,D,20220722,000000,234.86,236.27,224.76,226.44,0,0
MOC_MV,D,20220725,000000,228.97,231.5,225.04,228.41,0,0
MOC_MV,D,20220726,000000,231.21,231.21,223.08,228.69,0,0
MOC_MV,D,20220727,000000,229.25,229.25,222.52,228.69,0,0
MOC_MV,D,20220728,000000,222.24,228.69,222.24,228.13,0,0
MOC_MV,D,20220729,000000,228.41,228.41,221.67,225.04,0,0
MOC_MV,D,20220801,000000,225.88,228.69,224.2,226.16,0,0
MOC_MV,D,20220802,000000,228.69,228.69,219.43,223.36,0,0
MOC_MV,D,20220803,000000,225.04,235.7,223.36,229.53,0,0
MOC_MV,D,20220804,000000,225.88,228.97,223.92,228.13,0,0
MOC_MV,D,20220805,000000,228.41,228.41,224.48,227.85,0,0
MOC_MV,D,20220808,000000,228.41,230.65,221.67,221.95,0,0
MOC_MV,D,20220809,000000,233.74,233.74,223.08,232.34,0,0
MOC_MV,D,20220810,000000,232.62,232.62,228.13,232.06,0,0
MOC_MV,D,20220811,000000,245.53,246.93,229.53,242.16,0,0
MOC_MV,D,20220812,000000,242.16,247.49,237.67,245.24,0,0
MOC_MV,D,20220816,000000,248.33,248.33,234.3,235.7,0,0
MOC_MV,D,20220817,000000,241.04,241.04,229.81,231.21,0,0
MOC_MV,D,20220818,000000,235.14,235.14,230.65,234.86,0,0
MOC_MV,D,20220819,000000,235.14,235.14,226.72,227.57,0,0
MOC_MV,D,20220822,000000,231.5,231.5,224.76,225.88,0,0
MOC_MV,D,20220823,000000,226.44,228.97,219.15,228.97,0,0
MOC_MV,D,20220824,000000,223.36,228.41,223.36,224.76,0,0
MOC_MV,D,20220825,000000,228.41,228.69,224.76,224.76,0,0
MOC_MV,D,20220826,000000,227.85,228.41,224.48,227.01,0,0
MOC_MV,D,20220829,000000,224.48,225.88,217.75,224.48,0,0
MOC_MV,D,20220830,000000,224.48,225.6,219.43,221.67,0,0
MOC_MV,D,20220831,000000,220.27,224.2,210.73,210.73,0,0
MOC_MV,D,20220901,000000,210.45,214.1,199.79,209.89,0,0
MOC_MV,D,20220902,000000,209.89,209.89,200.63,205.96,0,0
MOC_MV,D,20220905,000000,209.05,209.05,198.1,199.23,0,0
