<TICKER>,<PER>,<DATE>,<TIME>,<OPEN>,<HIGH>,<LOW>,<CLOSE>,<VOL>,<OPENINT>
RES_PE,D,20070927,000000,59.719,59.719,59.719,59.719,0,0
RES_PE,D,20070928,000000,60.833,60.833,60.833,60.833,0,0
RES_PE,D,20071001,000000,59.4,59.4,59.4,59.4,0,0
RES_PE,D,20071002,000000,57.967,57.967,57.967,57.967,0,0
RES_PE,D,20071003,000000,57.967,57.967,57.967,57.967,0,0
RES_PE,D,20071004,000000,57.967,57.967,57.967,57.967,0,0
RES_PE,D,20071005,000000,68.477,68.477,68.477,68.477,0,0
RES_PE,D,20071008,000000,71.742,71.742,71.742,71.742,0,0
RES_PE,D,20071009,000000,80.182,80.182,80.182,80.182,0,0
RES_PE,D,20071010,000000,75.006,75.006,75.006,75.006,0,0
RES_PE,D,20071011,000000,76.758,76.758,76.758,76.758,0,0
RES_PE,D,20071012,000000,75.803,75.803,75.803,75.803,0,0
RES_PE,D,20071015,000000,72.22,72.22,72.22,72.22,0,0
RES_PE,D,20071016,000000,72.936,72.936,72.936,72.936,0,0
RES_PE,D,20071017,000000,74.131,74.131,74.131,74.131,0,0
RES_PE,D,20071018,000000,69.035,69.035,69.035,69.035,0,0
RES_PE,D,20071019,000000,69.592,69.592,69.592,69.592,0,0
RES_PE,D,20071022,000000,67.283,67.283,67.283,67.283,0,0
RES_PE,D,20071023,000000,70.07,70.07,70.07,70.07,0,0
RES_PE,D,20071024,000000,70.468,70.468,70.468,70.468,0,0
RES_PE,D,20071025,000000,65.929,65.929,65.929,65.929,0,0
RES_PE,D,20071026,000000,69.353,69.353,69.353,69.353,0,0
RES_PE,D,20071029,000000,65.85,65.85,65.85,65.85,0,0
RES_PE,D,20071030,000000,65.85,65.85,65.85,65.85,0,0
RES_PE,D,20071031,000000,65.85,65.85,65.85,65.85,0,0
RES_PE,D,20071102,000000,67.124,67.124,67.124,67.124,0,0
RES_PE,D,20071105,000000,65.133,65.133,65.133,65.133,0,0
RES_PE,D,20071106,000000,64.257,64.257,64.257,64.257,0,0
RES_PE,D,20071107,000000,62.983,62.983,62.983,62.983,0,0
RES_PE,D,20071108,000000,58.683,58.683,58.683,58.683,0,0
RES_PE,D,20071109,000000,62.983,62.983,51.517,55.817,0,0
RES_PE,D,20071112,000000,57.808,57.808,52.234,55.817,0,0
RES_PE,D,20071113,000000,57.25,57.25,52.95,56.534,0,0
RES_PE,D,20071114,000000,57.25,57.25,53.03,57.25,0,0
RES_PE,D,20071115,000000,57.25,57.25,51.517,51.597,0,0
RES_PE,D,20071116,000000,51.915,51.915,49.128,50.164,0,0
RES_PE,D,20071119,000000,50.164,54.861,46.58,46.66,0,0
RES_PE,D,20071120,000000,45.784,47.217,45.068,45.864,0,0
RES_PE,D,20071121,000000,45.705,45.864,38.698,43.236,0,0
RES_PE,D,20071122,000000,45.784,45.784,35.592,35.592,0,0
RES_PE,D,20071123,000000,35.592,35.592,32.248,35.115,0,0
RES_PE,D,20071126,000000,35.115,35.115,32.646,34.876,0,0
RES_PE,D,20071127,000000,34.876,34.876,32.009,34.637,0,0
RES_PE,D,20071128,000000,32.168,35.592,32.168,35.592,0,0
RES_PE,D,20071129,000000,36.15,36.787,35.035,36.787,0,0
RES_PE,D,20071130,000000,35.035,46.262,35.035,45.864,0,0
RES_PE,D,20071203,000000,45.943,45.943,41.485,44.829,0,0
RES_PE,D,20071204,000000,44.829,44.829,38.937,38.937,0,0
RES_PE,D,20071205,000000,39.972,42.52,38.937,40.927,0,0
RES_PE,D,20071206,000000,41.246,44.829,39.812,40.927,0,0
RES_PE,D,20071207,000000,41.485,41.485,39.255,40.37,0,0
RES_PE,D,20071210,000000,41.405,41.405,36.787,39.016,0,0
RES_PE,D,20071211,000000,38.22,39.335,37.026,38.538,0,0
RES_PE,D,20071212,000000,36.309,39.016,36.309,39.016,0,0
RES_PE,D,20071213,000000,37.344,39.096,36.866,39.096,0,0
RES_PE,D,20071214,000000,36.787,38.459,35.672,38.459,0,0
RES_PE,D,20071217,000000,35.035,37.822,34.955,37.742,0,0
RES_PE,D,20071218,000000,35.035,36.627,34.955,34.955,0,0
RES_PE,D,20071219,000000,36.389,36.389,34.398,35.035,0,0
RES_PE,D,20071220,000000,35.911,35.911,32.407,34.398,0,0
RES_PE,D,20071221,000000,34.398,35.433,33.204,35.353,0,0
RES_PE,D,20071227,000000,35.592,36.229,35.592,36.15,0,0
RES_PE,D,20071228,000000,35.592,35.592,34.955,35.433,0,0
RES_PE,D,20080102,000000,36.707,36.707,35.433,35.592,0,0
RES_PE,D,20080103,000000,33.204,36.15,33.204,35.592,0,0
RES_PE,D,20080104,000000,35.035,37.344,35.035,37.344,0,0
RES_PE,D,20080107,000000,36.548,36.548,35.592,35.592,0,0
RES_PE,D,20080108,000000,37.344,37.344,35.592,35.592,0,0
RES_PE,D,20080109,000000,35.115,36.787,33.841,36.787,0,0
RES_PE,D,20080110,000000,35.592,35.592,33.363,35.592,0,0
RES_PE,D,20080111,000000,35.035,36.787,35.035,36.707,0,0
RES_PE,D,20080114,000000,35.592,35.592,35.592,35.592,0,0
RES_PE,D,20080115,000000,35.592,35.592,34.398,34.398,0,0
RES_PE,D,20080116,000000,33.204,33.204,30.974,33.204,0,0
RES_PE,D,20080117,000000,35.194,35.194,35.194,35.194,0,0
RES_PE,D,20080118,000000,34.876,34.876,34.398,34.398,0,0
RES_PE,D,20080121,000000,36.15,36.15,32.089,32.089,0,0
RES_PE,D,20080122,000000,31.452,33.204,29.62,33.204,0,0
RES_PE,D,20080123,000000,34.398,34.398,34.398,34.398,0,0
RES_PE,D,20080124,000000,34.398,34.398,33.204,34.398,0,0
RES_PE,D,20080125,000000,31.691,34.398,31.691,34.398,0,0
RES_PE,D,20080128,000000,33.841,33.841,33.841,33.841,0,0
RES_PE,D,20080129,000000,34.239,34.239,33.204,33.761,0,0
RES_PE,D,20080130,000000,37.105,37.105,33.841,33.841,0,0
RES_PE,D,20080131,000000,32.646,35.353,32.646,35.353,0,0
RES_PE,D,20080204,000000,33.204,34.398,33.204,34.159,0,0
RES_PE,D,20080205,000000,33.124,33.124,32.009,32.009,0,0
RES_PE,D,20080206,000000,32.009,32.487,32.009,32.487,0,0
RES_PE,D,20080207,000000,32.487,34.716,31.054,34.716,0,0
RES_PE,D,20080208,000000,34.637,34.796,34.637,34.796,0,0
RES_PE,D,20080211,000000,35.194,35.194,35.115,35.115,0,0
RES_PE,D,20080212,000000,35.194,37.822,35.035,37.742,0,0
RES_PE,D,20080213,000000,37.344,37.424,36.229,37.424,0,0
RES_PE,D,20080214,000000,37.981,37.981,36.627,37.981,0,0
RES_PE,D,20080215,000000,36.07,37.901,35.592,37.424,0,0
RES_PE,D,20080218,000000,36.787,37.344,35.592,37.344,0,0
RES_PE,D,20080219,000000,37.344,37.901,37.344,37.901,0,0
RES_PE,D,20080220,000000,37.901,41.485,37.901,37.981,0,0
RES_PE,D,20080221,000000,37.742,37.981,35.035,35.274,0,0
RES_PE,D,20080222,000000,33.761,34.955,32.965,33.204,0,0
RES_PE,D,20080225,000000,33.204,33.204,9.794,9.794,0,0
RES_PE,D,20080226,000000,9.714,10.033,9.4753,9.953,0,0
RES_PE,D,20080227,000000,9.794,10.112,9.3161,10.112,0,0
RES_PE,D,20080228,000000,9.3957,9.794,9.1568,9.794,0,0
RES_PE,D,20080305,000000,9.4753,9.635,9.4753,9.635,0,0
RES_PE,D,20080306,000000,9.635,9.714,9.635,9.714,0,0
RES_PE,D,20080311,000000,9.794,9.794,8.918,8.9976,0,0
RES_PE,D,20080312,000000,9.874,10.431,8.9976,10.112,0,0
RES_PE,D,20080313,000000,10.431,10.431,9.2365,9.953,0,0
RES_PE,D,20080314,000000,9.874,10.511,9.874,10.511,0,0
RES_PE,D,20080317,000000,10.351,10.511,9.874,10.192,0,0
RES_PE,D,20080318,000000,10.192,10.192,10.192,10.192,0,0
RES_PE,D,20080325,000000,10.192,10.431,10.192,10.431,0,0
RES_PE,D,20080326,000000,10.112,10.431,9.794,10.192,0,0
RES_PE,D,20080327,000000,9.794,10.511,9.794,10.511,0,0
RES_PE,D,20080331,000000,10.272,10.272,10.272,10.272,0,0
RES_PE,D,20080402,000000,10.749,10.749,10.749,10.749,0,0
RES_PE,D,20080403,000000,10.272,10.272,10.272,10.272,0,0
RES_PE,D,20080404,000000,10.351,10.351,10.351,10.351,0,0
RES_PE,D,20080407,000000,9.953,10.511,9.953,10.511,0,0
RES_PE,D,20080408,000000,10.511,10.511,10.511,10.511,0,0
RES_PE,D,20080410,000000,10.511,10.511,10.511,10.511,0,0
RES_PE,D,20080411,000000,10.112,10.112,9.953,9.953,0,0
RES_PE,D,20080414,000000,9.3161,10.511,9.3161,10.511,0,0
RES_PE,D,20080416,000000,9.635,10.431,9.635,10.431,0,0
RES_PE,D,20080417,000000,10.431,10.431,9.635,9.635,0,0
RES_PE,D,20080418,000000,9.635,10.511,9.635,10.511,0,0
RES_PE,D,20080421,000000,10.511,10.511,9.714,9.714,0,0
RES_PE,D,20080422,000000,10.511,10.511,9.714,10.431,0,0
RES_PE,D,20080423,000000,10.431,10.431,10.431,10.431,0,0
RES_PE,D,20080425,000000,10.431,10.431,10.431,10.431,0,0
RES_PE,D,20080428,000000,9.555,10.431,9.555,10.431,0,0
RES_PE,D,20080430,000000,9.635,10.511,9.635,10.431,0,0
RES_PE,D,20080505,000000,10.511,10.511,10.511,10.511,0,0
RES_PE,D,20080506,000000,9.794,10.511,9.794,10.511,0,0
RES_PE,D,20080507,000000,10.511,10.511,3.5035,3.5035,0,0
RES_PE,D,20080508,000000,3.5035,3.6627,3.5035,3.5831,0,0
RES_PE,D,20080509,000000,3.5831,3.822,3.5831,3.822,0,0
RES_PE,D,20080512,000000,3.822,3.822,3.822,3.822,0,0
RES_PE,D,20080516,000000,3.822,3.822,3.7424,3.7424,0,0
RES_PE,D,20080520,000000,3.7424,3.7424,3.5831,3.5831,0,0
RES_PE,D,20080523,000000,3.4239,3.822,3.4239,3.7424,0,0
RES_PE,D,20080526,000000,3.6627,3.6627,3.6627,3.6627,0,0
RES_PE,D,20080527,000000,3.5035,3.6627,3.5035,3.6627,0,0
RES_PE,D,20080529,000000,3.5831,3.6627,3.5831,3.6627,0,0
RES_PE,D,20080602,000000,3.6627,3.6627,3.6627,3.6627,0,0
RES_PE,D,20080603,000000,3.4239,3.6627,3.4239,3.4239,0,0
RES_PE,D,20080605,000000,3.4239,3.5035,3.4239,3.4239,0,0
RES_PE,D,20080606,000000,3.4239,3.5035,3.3442,3.3442,0,0
RES_PE,D,20080609,000000,3.3442,3.3442,3.0257,3.0257,0,0
RES_PE,D,20080610,000000,2.9461,3.0257,2.8665,2.8665,0,0
RES_PE,D,20080612,000000,2.548,2.8665,2.548,2.8665,0,0
RES_PE,D,20080613,000000,2.6276,2.6276,2.3887,2.548,0,0
RES_PE,D,20080616,000000,2.548,2.7072,2.548,2.7072,0,0
RES_PE,D,20080619,000000,2.6276,2.8665,2.6276,2.8665,0,0
RES_PE,D,20080620,000000,3.1054,3.3442,3.1054,3.2646,0,0
RES_PE,D,20080623,000000,2.7869,3.2646,2.7869,2.9461,0,0
RES_PE,D,20080624,000000,3.185,3.185,3.185,3.185,0,0
RES_PE,D,20080625,000000,3.0257,3.1054,3.0257,3.1054,0,0
RES_PE,D,20080630,000000,2.7072,2.7072,2.6276,2.6276,0,0
RES_PE,D,20080701,000000,2.8665,3.0257,2.4684,2.7869,0,0
RES_PE,D,20080702,000000,2.548,2.7869,2.548,2.7869,0,0
RES_PE,D,20080707,000000,2.548,2.6276,2.548,2.6276,0,0
RES_PE,D,20080708,000000,2.4684,2.548,2.3887,2.3887,0,0
RES_PE,D,20080709,000000,2.3091,2.4684,2.2295,2.4684,0,0
RES_PE,D,20080714,000000,2.6276,2.7072,2.6276,2.7072,0,0
RES_PE,D,20080717,000000,2.3887,2.6276,2.3091,2.3091,0,0
RES_PE,D,20080718,000000,2.3091,2.4684,2.3091,2.4684,0,0
RES_PE,D,20080721,000000,2.3091,2.3887,2.3091,2.3887,0,0
RES_PE,D,20080722,000000,2.3091,2.3887,2.3091,2.3091,0,0
RES_PE,D,20080723,000000,2.1499,2.3887,2.1499,2.3887,0,0
RES_PE,D,20080724,000000,2.2295,2.3091,2.2295,2.3091,0,0
RES_PE,D,20080725,000000,2.2295,2.3091,2.2295,2.3091,0,0
RES_PE,D,20080728,000000,2.2295,2.3091,2.2295,2.2295,0,0
RES_PE,D,20080729,000000,2.2295,2.3887,2.2295,2.3887,0,0
RES_PE,D,20080730,000000,2.2295,2.548,2.2295,2.4684,0,0
RES_PE,D,20080731,000000,2.3887,2.6276,2.3887,2.6276,0,0
RES_PE,D,20080801,000000,2.7072,2.7869,2.548,2.6276,0,0
RES_PE,D,20080805,000000,2.6276,2.6276,2.4684,2.548,0,0
RES_PE,D,20080806,000000,2.2295,2.3887,2.2295,2.3887,0,0
RES_PE,D,20080821,000000,2.3091,2.4684,2.3091,2.4684,0,0
RES_PE,D,20080822,000000,2.4684,2.4684,2.4684,2.4684,0,0
RES_PE,D,20080828,000000,2.4684,2.4684,2.4684,2.4684,0,0
RES_PE,D,20080901,000000,2.4684,2.4684,2.4684,2.4684,0,0
RES_PE,D,20080902,000000,2.4684,2.4684,2.4684,2.4684,0,0
RES_PE,D,20080903,000000,2.3887,2.6276,2.3887,2.548,0,0
RES_PE,D,20080904,000000,2.548,2.548,2.548,2.548,0,0
RES_PE,D,20080905,000000,2.3091,2.548,2.3091,2.548,0,0
RES_PE,D,20080908,000000,2.4684,2.4684,2.4684,2.4684,0,0
RES_PE,D,20080911,000000,2.3091,2.548,2.3091,2.548,0,0
RES_PE,D,20080912,000000,2.3887,2.548,2.3887,2.4684,0,0
RES_PE,D,20080916,000000,2.4684,2.548,2.3091,2.4684,0,0
RES_PE,D,20080917,000000,2.3887,2.4684,2.3091,2.3887,0,0
RES_PE,D,20080918,000000,2.3887,2.3887,2.3887,2.3887,0,0
RES_PE,D,20080919,000000,2.3887,2.3887,2.3091,2.3887,0,0
RES_PE,D,20080922,000000,2.3091,2.3887,2.3091,2.3887,0,0
RES_PE,D,20080923,000000,2.3887,2.3887,2.3887,2.3887,0,0
RES_PE,D,20080924,000000,2.3091,2.3887,2.2295,2.3091,0,0
RES_PE,D,20080925,000000,2.3091,2.3091,2.1499,2.3091,0,0
RES_PE,D,20080926,000000,2.3091,2.3091,2.3091,2.3091,0,0
RES_PE,D,20080929,000000,2.2295,2.3091,2.2295,2.3091,0,0
RES_PE,D,20080930,000000,2.1499,2.3091,2.1499,2.3091,0,0
RES_PE,D,20081001,000000,2.3091,2.3091,2.3091,2.3091,0,0
RES_PE,D,20081002,000000,2.1499,2.3091,2.1499,2.2295,0,0
RES_PE,D,20081003,000000,2.2295,2.3091,2.1499,2.1499,0,0
RES_PE,D,20081006,000000,2.0702,2.0702,1.9906,2.0702,0,0
RES_PE,D,20081008,000000,1.911,2.0702,1.911,2.0702,0,0
RES_PE,D,20081010,000000,1.8314,1.9906,1.8314,1.9906,0,0
RES_PE,D,20081014,000000,2.0702,2.1499,1.9906,2.1499,0,0
RES_PE,D,20081015,000000,2.1499,2.1499,1.911,1.911,0,0
RES_PE,D,20081016,000000,1.911,1.911,1.8314,1.911,0,0
RES_PE,D,20081017,000000,1.8314,1.911,1.7517,1.8314,0,0
RES_PE,D,20081020,000000,1.8314,1.8314,1.7517,1.8314,0,0
RES_PE,D,20081021,000000,1.911,1.911,1.911,1.911,0,0
RES_PE,D,20081022,000000,1.8314,1.911,1.8314,1.911,0,0
RES_PE,D,20081023,000000,1.8314,1.911,1.8314,1.911,0,0
RES_PE,D,20081024,000000,1.8314,1.911,1.8314,1.911,0,0
RES_PE,D,20081027,000000,1.8314,1.911,1.8314,1.911,0,0
RES_PE,D,20081029,000000,1.911,1.911,1.911,1.911,0,0
RES_PE,D,20081030,000000,1.8314,1.9906,1.8314,1.911,0,0
RES_PE,D,20081031,000000,1.911,1.9906,1.8314,1.9906,0,0
RES_PE,D,20081103,000000,1.911,1.9906,1.911,1.9906,0,0
RES_PE,D,20081104,000000,1.911,2.0702,1.911,2.0702,0,0
RES_PE,D,20081105,000000,1.9906,2.0702,1.9906,2.0702,0,0
RES_PE,D,20081106,000000,1.911,2.0702,1.911,2.0702,0,0
RES_PE,D,20081107,000000,1.9906,2.0702,1.9906,1.9906,0,0
RES_PE,D,20081110,000000,1.911,2.0702,1.911,2.0702,0,0
RES_PE,D,20081112,000000,1.9906,1.9906,1.911,1.911,0,0
RES_PE,D,20081113,000000,1.911,2.0702,1.911,1.9906,0,0
RES_PE,D,20081114,000000,1.911,2.0702,1.911,2.0702,0,0
RES_PE,D,20081117,000000,1.911,1.911,1.274,1.274,0,0
RES_PE,D,20081118,000000,1.1944,1.274,1.1944,1.274,0,0
RES_PE,D,20081119,000000,1.274,2.1499,1.274,2.1499,0,0
RES_PE,D,20081120,000000,1.911,1.9906,1.911,1.9906,0,0
RES_PE,D,20081121,000000,1.9906,2.0702,1.8314,1.9906,0,0
RES_PE,D,20081124,000000,1.8314,1.911,1.8314,1.911,0,0
RES_PE,D,20081125,000000,1.911,1.911,1.911,1.911,0,0
RES_PE,D,20081126,000000,1.8314,1.8314,1.8314,1.8314,0,0
RES_PE,D,20081127,000000,1.8314,1.8314,1.8314,1.8314,0,0
RES_PE,D,20081128,000000,1.8314,1.8314,1.8314,1.8314,0,0
RES_PE,D,20081201,000000,1.8314,1.8314,1.8314,1.8314,0,0
RES_PE,D,20081202,000000,1.8314,1.9906,1.8314,1.9906,0,0
RES_PE,D,20081203,000000,2.0702,2.0702,2.0702,2.0702,0,0
RES_PE,D,20081204,000000,1.911,1.911,1.911,1.911,0,0
RES_PE,D,20081205,000000,1.911,2.0702,1.911,2.0702,0,0
RES_PE,D,20081208,000000,2.0702,2.0702,2.0702,2.0702,0,0
RES_PE,D,20081209,000000,2.0702,2.0702,1.9906,1.9906,0,0
RES_PE,D,20081210,000000,1.911,1.9906,1.911,1.9906,0,0
RES_PE,D,20081211,000000,1.911,1.911,1.8314,1.911,0,0
RES_PE,D,20081215,000000,1.911,1.911,1.8314,1.8314,0,0
RES_PE,D,20081216,000000,1.8314,1.8314,1.8314,1.8314,0,0
RES_PE,D,20081218,000000,1.8314,1.8314,1.8314,1.8314,0,0
RES_PE,D,20081219,000000,1.8314,1.8314,1.8314,1.8314,0,0
RES_PE,D,20081222,000000,1.7517,1.7517,1.6721,1.6721,0,0
RES_PE,D,20081223,000000,1.5925,1.5925,1.4332,1.4332,0,0
RES_PE,D,20081229,000000,1.4332,1.5129,1.3536,1.5129,0,0
RES_PE,D,20081231,000000,1.5925,1.5925,1.5925,1.5925,0,0
RES_PE,D,20090105,000000,1.5925,1.5925,1.5129,1.5129,0,0
RES_PE,D,20090106,000000,1.4332,1.4332,1.4332,1.4332,0,0
RES_PE,D,20090107,000000,1.5129,1.5129,1.4332,1.4332,0,0
RES_PE,D,20090108,000000,1.4332,1.4332,1.4332,1.4332,0,0
RES_PE,D,20090109,000000,1.4332,1.4332,1.4332,1.4332,0,0
RES_PE,D,20090114,000000,1.4332,1.4332,1.4332,1.4332,0,0
RES_PE,D,20090115,000000,1.5129,1.5129,1.4332,1.4332,0,0
RES_PE,D,20090116,000000,1.4332,1.4332,1.3536,1.3536,0,0
RES_PE,D,20090120,000000,1.4332,1.4332,1.4332,1.4332,0,0
RES_PE,D,20090121,000000,1.4332,1.4332,1.274,1.4332,0,0
RES_PE,D,20090122,000000,1.4332,1.4332,1.4332,1.4332,0,0
RES_PE,D,20090128,000000,1.274,1.4332,1.1944,1.1944,0,0
RES_PE,D,20090129,000000,1.1944,1.274,1.1944,1.274,0,0
RES_PE,D,20090130,000000,1.1944,1.1944,1.1944,1.1944,0,0
RES_PE,D,20090202,000000,1.1944,1.274,1.1944,1.274,0,0
RES_PE,D,20090203,000000,1.1944,1.1944,1.1147,1.1944,0,0
RES_PE,D,20090204,000000,1.1944,1.274,1.1944,1.274,0,0
RES_PE,D,20090205,000000,1.274,1.274,1.274,1.274,0,0
RES_PE,D,20090206,000000,1.274,1.274,1.274,1.274,0,0
RES_PE,D,20090210,000000,1.274,1.4332,1.274,1.4332,0,0
RES_PE,D,20090211,000000,1.274,1.5129,1.274,1.4332,0,0
RES_PE,D,20090212,000000,1.4332,1.4332,1.3536,1.4332,0,0
RES_PE,D,20090213,000000,1.4332,1.4332,1.3536,1.3536,0,0
RES_PE,D,20090216,000000,1.3536,1.4332,1.3536,1.4332,0,0
RES_PE,D,20090217,000000,1.274,1.274,1.274,1.274,0,0
RES_PE,D,20090218,000000,1.1147,1.3536,1.1147,1.3536,0,0
RES_PE,D,20090219,000000,1.1944,1.274,1.1944,1.274,0,0
RES_PE,D,20090220,000000,1.1147,1.1944,1.1147,1.1944,0,0
RES_PE,D,20090223,000000,1.274,1.274,1.1944,1.274,0,0
RES_PE,D,20090224,000000,1.1944,1.3536,1.1944,1.3536,0,0
RES_PE,D,20090225,000000,1.3536,1.3536,1.3536,1.3536,0,0
RES_PE,D,20090227,000000,1.3536,1.3536,1.3536,1.3536,0,0
RES_PE,D,20090302,000000,1.274,1.274,0.8759,0.8759,0,0
RES_PE,D,20090303,000000,0.8759,1.1147,0.8759,1.1147,0,0
RES_PE,D,20090304,000000,1.1147,1.1147,0.9555,0.9555,0,0
RES_PE,D,20090305,000000,1.0351,1.0351,0.8759,0.9555,0,0
RES_PE,D,20090306,000000,0.9555,0.9555,0.9555,0.9555,0,0
RES_PE,D,20090309,000000,1.0351,1.0351,0.9555,0.9555,0,0
RES_PE,D,20090310,000000,0.9555,0.9555,0.9555,0.9555,0,0
RES_PE,D,20090311,000000,0.9555,0.9555,0.8759,0.9555,0,0
RES_PE,D,20090312,000000,0.8759,0.9555,0.8759,0.9555,0,0
RES_PE,D,20090313,000000,0.9555,1.0351,0.9555,1.0351,0,0
RES_PE,D,20090316,000000,1.0351,1.0351,0.9555,0.9555,0,0
RES_PE,D,20090317,000000,0.9555,1.0351,0.9555,0.9555,0,0
RES_PE,D,20090318,000000,0.9555,1.0351,0.9555,1.0351,0,0
RES_PE,D,20090319,000000,1.0351,1.0351,0.9555,0.9555,0,0
RES_PE,D,20090320,000000,0.9555,1.1147,0.9555,1.1147,0,0
RES_PE,D,20090323,000000,1.1147,1.1944,1.1147,1.1147,0,0
RES_PE,D,20090324,000000,1.1147,1.1147,1.1147,1.1147,0,0
RES_PE,D,20090325,000000,1.1147,1.1147,1.1147,1.1147,0,0
RES_PE,D,20090326,000000,1.1147,1.274,1.1147,1.1944,0,0
RES_PE,D,20090327,000000,1.1944,1.1944,1.1147,1.1944,0,0
RES_PE,D,20090330,000000,1.1944,1.1944,1.1147,1.1147,0,0
RES_PE,D,20090331,000000,1.1944,1.274,1.1944,1.1944,0,0
RES_PE,D,20090401,000000,1.1944,1.1944,1.1147,1.1944,0,0
RES_PE,D,20090402,000000,1.1944,1.1944,1.1944,1.1944,0,0
RES_PE,D,20090403,000000,1.1944,1.1944,1.1147,1.1944,0,0
RES_PE,D,20090406,000000,1.1944,1.274,1.1944,1.1944,0,0
RES_PE,D,20090407,000000,1.1944,1.1944,1.1944,1.1944,0,0
RES_PE,D,20090408,000000,1.1944,1.274,1.1944,1.274,0,0
RES_PE,D,20090409,000000,1.274,1.4332,1.274,1.3536,0,0
RES_PE,D,20090414,000000,1.3536,1.5129,1.3536,1.5129,0,0
RES_PE,D,20090415,000000,1.5129,1.7517,1.4332,1.6721,0,0
RES_PE,D,20090416,000000,1.7517,1.8314,1.6721,1.8314,0,0
RES_PE,D,20090417,000000,1.8314,1.8314,1.6721,1.7517,0,0
RES_PE,D,20090420,000000,1.7517,1.7517,1.5129,1.5129,0,0
RES_PE,D,20090421,000000,1.5129,1.5925,1.5129,1.5129,0,0
RES_PE,D,20090422,000000,1.5129,1.5925,1.5129,1.5925,0,0
RES_PE,D,20090423,000000,1.5925,1.5925,1.5129,1.5925,0,0
RES_PE,D,20090424,000000,1.5925,1.5925,1.4332,1.5129,0,0
RES_PE,D,20090427,000000,1.4332,1.4332,1.4332,1.4332,0,0
RES_PE,D,20090428,000000,1.4332,1.5129,1.3536,1.5129,0,0
RES_PE,D,20090429,000000,1.51,1.83,1.51,1.75,0,0
RES_PE,D,20090430,000000,1.83,1.99,1.83,1.91,0,0
RES_PE,D,20090504,000000,2.0702,2.0702,1.911,1.9906,0,0
RES_PE,D,20090505,000000,1.9906,2.3887,1.9906,2.3091,0,0
RES_PE,D,20090506,000000,2.3887,2.3887,2.3091,2.3091,0,0
RES_PE,D,20090507,000000,2.23,2.39,2.23,2.23,0,0
RES_PE,D,20090508,000000,1.9906,2.0702,1.9906,2.0702,0,0
RES_PE,D,20090511,000000,2.07,33.92,1.91,33.92,0,0
RES_PE,D,20090512,000000,33.36,34.64,33.36,33.92,0,0
RES_PE,D,20090513,000000,33.76,33.76,32.57,32.96,0,0
RES_PE,D,20090514,000000,33.52,33.52,32.33,33.44,0,0
RES_PE,D,20090515,000000,31.93,33.36,31.93,32.89,0,0
RES_PE,D,20090518,000000,36.2,36.5,34.4,36.5,0,0
RES_PE,D,20090519,000000,36.5,36.5,35.4,35.6,0,0
RES_PE,D,20090520,000000,35.7,35.7,35.1,35.1,0,0
RES_PE,D,20090521,000000,33.9,34.7,32.3,33.9,0,0
RES_PE,D,20090522,000000,33.9,34.1,32.2,33.6,0,0
RES_PE,D,20090525,000000,33.3,33.6,30.5,30.5,0,0
RES_PE,D,20090526,000000,30.5,31.1,29.3,30.8,0,0
RES_PE,D,20090527,000000,31,31,29.9,30.1,0,0
RES_PE,D,20090528,000000,30.1,30.1,29.9,29.9,0,0
RES_PE,D,20090529,000000,31.9,31.9,30.1,30.1,0,0
RES_PE,D,20090601,000000,32.5,32.5,30.1,31.9,0,0
RES_PE,D,20090602,000000,33.2,33.2,31.4,32.2,0,0
RES_PE,D,20090603,000000,32.1,32.7,32.1,32.2,0,0
RES_PE,D,20090604,000000,32.3,32.3,29.8,29.8,0,0
RES_PE,D,20090605,000000,30.9,30.9,29.8,30.8,0,0
RES_PE,D,20090608,000000,31.3,31.3,30.7,30.7,0,0
RES_PE,D,20090609,000000,31.8,31.8,30.4,30.4,0,0
RES_PE,D,20090610,000000,31.4,31.4,28.6,29.4,0,0
RES_PE,D,20090612,000000,28.8,30.1,28.5,28.5,0,0
RES_PE,D,20090615,000000,28.8,28.8,28.5,28.5,0,0
RES_PE,D,20090616,000000,28.5,28.8,26.9,26.9,0,0
RES_PE,D,20090617,000000,26.9,28.5,26.9,28.3,0,0
RES_PE,D,20090618,000000,28.3,28.4,27.5,28.4,0,0
RES_PE,D,20090619,000000,26.9,28.6,26.9,28.6,0,0
RES_PE,D,20090622,000000,27.7,28.6,27.7,28.6,0,0
RES_PE,D,20090623,000000,26.9,28.6,26.5,26.6,0,0
RES_PE,D,20090624,000000,27.7,28.4,27.7,28.4,0,0
RES_PE,D,20090625,000000,28.5,28.5,28.5,28.5,0,0
RES_PE,D,20090626,000000,25.9,28.8,25.9,28.6,0,0
RES_PE,D,20090629,000000,29.1,29.1,28.8,28.8,0,0
RES_PE,D,20090630,000000,27.7,28.7,27.7,28.7,0,0
RES_PE,D,20090701,000000,28.5,28.6,27.7,28.6,0,0
RES_PE,D,20090702,000000,28.6,28.6,27.7,28.1,0,0
RES_PE,D,20090703,000000,27.7,28.1,27.7,27.7,0,0
RES_PE,D,20090706,000000,27.2,27.2,25.2,26.3,0,0
RES_PE,D,20090707,000000,26.3,27.7,26.3,27.5,0,0
RES_PE,D,20090708,000000,25.7,27.4,24.9,26.8,0,0
RES_PE,D,20090709,000000,24.6,25.5,24.4,25.4,0,0
RES_PE,D,20090710,000000,24.6,25,24.6,24.8,0,0
RES_PE,D,20090713,000000,24.4,25.1,24.4,25.1,0,0
RES_PE,D,20090714,000000,25.1,25.4,24.7,25.4,0,0
RES_PE,D,20090715,000000,25.4,25.4,25.4,25.4,0,0
RES_PE,D,20090716,000000,25.6,26.2,25.3,25.3,0,0
RES_PE,D,20090717,000000,26.1,26.1,24.9,25.9,0,0
RES_PE,D,20090720,000000,25.7,25.7,25.1,25.6,0,0
RES_PE,D,20090721,000000,25.3,25.8,24.4,24.9,0,0
RES_PE,D,20090722,000000,24.9,24.9,24.8,24.8,0,0
RES_PE,D,20090723,000000,24.5,24.8,24.3,24.8,0,0
RES_PE,D,20090724,000000,25.8,25.8,25.6,25.7,0,0
RES_PE,D,20090727,000000,24.6,24.6,24.5,24.5,0,0
RES_PE,D,20090728,000000,25.1,25.1,24.5,25,0,0
RES_PE,D,20090729,000000,25.2,25.6,24.4,25.5,0,0
RES_PE,D,20090730,000000,25.7,25.7,24.8,25,0,0
RES_PE,D,20090731,000000,25.4,25.7,25.1,25.5,0,0
RES_PE,D,20090803,000000,26.3,28.1,25.5,27.7,0,0
RES_PE,D,20090804,000000,27.7,30.8,27.7,29.9,0,0
RES_PE,D,20090805,000000,30.7,30.8,28.9,29.8,0,0
RES_PE,D,20090806,000000,29.9,29.9,28.3,29.5,0,0
RES_PE,D,20090807,000000,29.6,29.6,28.1,29.3,0,0
RES_PE,D,20090810,000000,28.8,29.9,28.8,29.9,0,0
RES_PE,D,20090811,000000,29.9,30.2,29.3,30.2,0,0
RES_PE,D,20090812,000000,30,30.2,29.1,29.4,0,0
RES_PE,D,20090813,000000,30.2,30.5,30,30,0,0
RES_PE,D,20090814,000000,30.3,30.3,29.8,29.8,0,0
RES_PE,D,20090817,000000,30.3,30.3,28.9,28.9,0,0
RES_PE,D,20090818,000000,27.7,29.3,27.7,29.3,0,0
RES_PE,D,20090819,000000,28.9,28.9,27.9,28.8,0,0
RES_PE,D,20090820,000000,28.8,30.4,28.8,30.3,0,0
RES_PE,D,20090821,000000,29.1,30.3,28.5,30.1,0,0
RES_PE,D,20090824,000000,29,30.1,28.8,30.1,0,0
RES_PE,D,20090825,000000,29.5,30.2,29.5,30.1,0,0
RES_PE,D,20090826,000000,30.2,32.1,29.7,31,0,0
RES_PE,D,20090827,000000,31,32.2,30.2,30.2,0,0
RES_PE,D,20090828,000000,30.2,30.9,8.2,8.2,0,0
RES_PE,D,20090831,000000,8.2,8.2,7.9,7.9,0,0
RES_PE,D,20090901,000000,7.9,7.9,7.1,7.2,0,0
RES_PE,D,20090902,000000,6.5,7.2,6.5,6.6,0,0
RES_PE,D,20090903,000000,6.5,7.1,6.5,6.9,0,0
RES_PE,D,20090904,000000,7,7.1,6.7,7.1,0,0
RES_PE,D,20090907,000000,6.7,7.2,6.7,7.2,0,0
RES_PE,D,20090908,000000,7.2,7.2,6.9,7.2,0,0
RES_PE,D,20090909,000000,7,7.2,7,7.1,0,0
RES_PE,D,20090910,000000,7.1,7.1,6.8,7.1,0,0
RES_PE,D,20090911,000000,7.1,7.1,7,7,0,0
RES_PE,D,20090914,000000,7.6,7.6,6.7,6.9,0,0
RES_PE,D,20090915,000000,7.1,7.6,6.9,7.3,0,0
RES_PE,D,20090916,000000,7.5,7.5,7.2,7.5,0,0
RES_PE,D,20090917,000000,7.2,7.7,7.2,7.2,0,0
RES_PE,D,20090918,000000,7.2,7.6,7.2,7.6,0,0
RES_PE,D,20090921,000000,7.5,7.6,7.3,7.4,0,0
RES_PE,D,20090923,000000,7.2,7.5,6.9,7.5,0,0
RES_PE,D,20090924,000000,7.3,7.3,7.1,7.3,0,0
RES_PE,D,20090925,000000,7.6,7.6,7.5,7.5,0,0
RES_PE,D,20090929,000000,7.2,7.5,7.2,7.4,0,0
RES_PE,D,20090930,000000,7.4,7.4,7.3,7.3,0,0
RES_PE,D,20091001,000000,6.9,7.3,6.9,7.3,0,0
RES_PE,D,20091002,000000,7,7.3,7,7.2,0,0
RES_PE,D,20091005,000000,7.2,7.2,7.2,7.2,0,0
RES_PE,D,20091006,000000,7.2,7.4,7.2,7.4,0,0
RES_PE,D,20091007,000000,7.2,7.2,7.2,7.2,0,0
RES_PE,D,20091008,000000,7.4,7.4,7.3,7.3,0,0
RES_PE,D,20091009,000000,7,7.3,7,7.1,0,0
RES_PE,D,20091012,000000,7,7.4,7,7.3,0,0
RES_PE,D,20091013,000000,6.9,7.3,6.9,7,0,0
RES_PE,D,20091014,000000,7.2,7.2,7.2,7.2,0,0
RES_PE,D,20091015,000000,7,7.1,6.9,7.1,0,0
RES_PE,D,20091016,000000,7.2,7.2,7.1,7.1,0,0
RES_PE,D,20091019,000000,6.7,7.1,6.7,6.8,0,0
RES_PE,D,20091020,000000,6.8,8.2,6.3,8.2,0,0
RES_PE,D,20091021,000000,9.3,10.2,8.8,10.2,0,0
RES_PE,D,20091022,000000,10.3,10.8,9.7,9.8,0,0
RES_PE,D,20091023,000000,9.8,10,9.4,9.4,0,0
RES_PE,D,20091026,000000,8.9,9.2,8.8,9.2,0,0
RES_PE,D,20091027,000000,8.5,9,8.5,8.7,0,0
RES_PE,D,20091028,000000,8.7,9.3,8.5,8.5,0,0
RES_PE,D,20091029,000000,8.6,8.6,8.1,8.3,0,0
RES_PE,D,20091030,000000,8.8,8.8,8.2,8.2,0,0
RES_PE,D,20091102,000000,8.7,9.3,8.7,9.2,0,0
RES_PE,D,20091103,000000,9.3,10.5,9.3,9.8,0,0
RES_PE,D,20091104,000000,9.9,9.9,9,9.6,0,0
RES_PE,D,20091105,000000,9.5,9.5,9,9,0,0
RES_PE,D,20091106,000000,9.3,9.3,9,9,0,0
RES_PE,D,20091109,000000,8.7,188.2,8.7,188.2,0,0
RES_PE,D,20091110,000000,188.6,192.3,188.2,192.3,0,0
RES_PE,D,20091112,000000,193.8,203.9,193.8,196.9,0,0
RES_PE,D,20091113,000000,199.5,199.5,198.6,198.6,0,0
RES_PE,D,20091116,000000,199,199,198.8,198.9,0,0
RES_PE,D,20091117,000000,184.8,197.7,184.8,192.6,0,0
RES_PE,D,20091118,000000,192.6,192.6,185.4,192.6,0,0
RES_PE,D,20091119,000000,187.5,190,182.3,190,0,0
RES_PE,D,20091120,000000,189.9,192.6,182.2,192.6,0,0
RES_PE,D,20091123,000000,193.8,193.8,193.8,193.8,0,0
RES_PE,D,20091124,000000,187.3,192.5,184,192.2,0,0
RES_PE,D,20091125,000000,191.1,191.1,183.6,191.1,0,0
RES_PE,D,20091126,000000,189.8,189.8,189.8,189.8,0,0
RES_PE,D,20091127,000000,184.8,188.6,182.2,188.3,0,0
RES_PE,D,20091130,000000,188.2,188.2,180.9,186.1,0,0
RES_PE,D,20091201,000000,186,186,177.1,185.8,0,0
RES_PE,D,20091202,000000,185.4,185.4,184.1,184.2,0,0
RES_PE,D,20091203,000000,184,201.6,184,186.7,0,0
RES_PE,D,20091204,000000,193.7,193.7,182.2,188.7,0,0
RES_PE,D,20091207,000000,182.9,184.8,180.9,183,0,0
RES_PE,D,20091208,000000,182.9,182.9,182.8,182.9,0,0
RES_PE,D,20091209,000000,182.8,182.9,182.8,182.9,0,0
RES_PE,D,20091210,000000,180.6,180.6,177.5,177.6,0,0
RES_PE,D,20091211,000000,170.5,193.7,168.2,193.7,0,0
RES_PE,D,20091214,000000,184.8,190.6,180.9,189.8,0,0
RES_PE,D,20091215,000000,187.3,187.3,179.6,186.7,0,0
RES_PE,D,20091216,000000,189.8,189.8,180.7,189.8,0,0
RES_PE,D,20091217,000000,189.9,190,189.9,190,0,0
RES_PE,D,20091218,000000,188,188,177,188,0,0
RES_PE,D,20091221,000000,184.8,188,172.5,174.5,0,0
RES_PE,D,20091222,000000,174.3,180.9,174.3,180.9,0,0
RES_PE,D,20091228,000000,177.6,180.9,169.9,180.7,0,0
RES_PE,D,20091229,000000,179.3,180.7,179.3,180.7,0,0
RES_PE,D,20091230,000000,174.4,180.9,174.4,180.9,0,0
RES_PE,D,20140327,000000,16.5,16.5,16.5,16.5,0,0
RES_PE,D,20140328,000000,16.7,17.3,15.9,16,0,0
RES_PE,D,20140331,000000,15.9,16.7,15.6,15.8,0,0
RES_PE,D,20140401,000000,16.3,16.6,16.1,16.4,0,0
RES_PE,D,20140402,000000,16.1,16.6,16,16.1,0,0
RES_PE,D,20140403,000000,16.1,17.6,15.9,17.5,0,0
RES_PE,D,20140404,000000,18.2,18.3,17.5,18.2,0,0
RES_PE,D,20140407,000000,18.2,20.3,17.8,20,0,0
RES_PE,D,20140408,000000,19.5,20.7,19.3,19.7,0,0
RES_PE,D,20140409,000000,19.7,20,18.7,19.1,0,0
RES_PE,D,20140410,000000,19,19,17.7,17.7,0,0
RES_PE,D,20140411,000000,17.3,17.5,16.3,17,0,0
RES_PE,D,20140414,000000,16.4,17.1,16.1,16.5,0,0
RES_PE,D,20140415,000000,16.5,16.8,15.9,15.9,0,0
RES_PE,D,20140416,000000,16,17.2,15.7,17,0,0
RES_PE,D,20140417,000000,17.1,18,16.4,17.1,0,0
RES_PE,D,20140422,000000,17.5,17.8,17,17.2,0,0
RES_PE,D,20140423,000000,17.2,18.3,17.2,17.2,0,0
RES_PE,D,20140424,000000,17.5,18,16.9,16.9,0,0
RES_PE,D,20140425,000000,16.9,16.9,16.1,16.9,0,0
RES_PE,D,20140428,000000,17.3,17.5,16.3,16.3,0,0
RES_PE,D,20140429,000000,16.3,16.6,15.5,16,0,0
RES_PE,D,20140430,000000,16,16.1,15.8,15.8,0,0
RES_PE,D,20140502,000000,15.8,16,15.6,15.8,0,0
RES_PE,D,20140505,000000,15.6,15.6,14.7,14.9,0,0
RES_PE,D,20140506,000000,14.7,15.2,14.2,15,0,0
RES_PE,D,20140507,000000,14.4,14.9,14.1,14.6,0,0
RES_PE,D,20140508,000000,14.9,15.7,14.9,15.1,0,0
RES_PE,D,20140509,000000,15.4,15.6,14.7,15.4,0,0
RES_PE,D,20140512,000000,14.7,15.3,14.7,15.3,0,0
RES_PE,D,20140513,000000,15.3,15.3,14.7,15.3,0,0
RES_PE,D,20140514,000000,15.3,15.3,14.6,14.6,0,0
RES_PE,D,20140515,000000,14.5,15,14,14.4,0,0
RES_PE,D,20140516,000000,14.8,14.8,14.2,14.3,0,0
RES_PE,D,20140519,000000,14.1,14.3,13.9,14.2,0,0
RES_PE,D,20140520,000000,14,14.4,13.7,13.7,0,0
RES_PE,D,20140521,000000,13.5,13.9,13.3,13.4,0,0
RES_PE,D,20140522,000000,13.4,14,13.4,13.9,0,0
RES_PE,D,20140523,000000,13.9,14,13.4,13.9,0,0
RES_PE,D,20140526,000000,13.6,14,13.5,13.8,0,0
RES_PE,D,20140527,000000,13.5,13.8,13,13.2,0,0
RES_PE,D,20140528,000000,13.1,13.6,13,13.5,0,0
RES_PE,D,20140529,000000,12.8,13.4,12.8,13.2,0,0
RES_PE,D,20140530,000000,13.1,13.1,12.5,12.9,0,0
RES_PE,D,20140602,000000,12.9,13,12.6,12.9,0,0
RES_PE,D,20140603,000000,12.9,13.2,12.7,12.7,0,0
RES_PE,D,20140604,000000,12.9,13.5,12.7,13.5,0,0
RES_PE,D,20140605,000000,13.5,13.5,13.3,13.3,0,0
RES_PE,D,20140606,000000,13.3,13.3,12.9,13.3,0,0
RES_PE,D,20140609,000000,13,13.3,12.9,13.3,0,0
RES_PE,D,20140610,000000,13.3,13.3,13.3,13.3,0,0
RES_PE,D,20140611,000000,13.5,13.5,5.1,5.1,0,0
RES_PE,D,20140612,000000,5.1,5.3,4.9,5.3,0,0
RES_PE,D,20140613,000000,5.3,5.4,5.1,5.4,0,0
RES_PE,D,20140616,000000,5.3,5.3,5.1,5.2,0,0
RES_PE,D,20140617,000000,5.2,5.2,5,5,0,0
RES_PE,D,20140618,000000,5.1,5.1,4.9,5,0,0
RES_PE,D,20140620,000000,5,5.2,4.9,5.2,0,0
RES_PE,D,20140623,000000,5.2,5.2,5,5.2,0,0
RES_PE,D,20140624,000000,5.2,5.2,5.1,5.1,0,0
RES_PE,D,20140625,000000,5,5,5,5,0,0
RES_PE,D,20140626,000000,4.9,5.1,4.8,5.1,0,0
RES_PE,D,20140627,000000,4.9,5,4.7,4.9,0,0
RES_PE,D,20140630,000000,4.9,4.9,4.6,4.8,0,0
RES_PE,D,20140701,000000,4.8,4.8,4.5,4.6,0,0
RES_PE,D,20140702,000000,4.4,4.5,4.2,4.2,0,0
RES_PE,D,20140703,000000,4.1,4.3,3.9,4,0,0
RES_PE,D,20140704,000000,3.7,4,3.7,3.8,0,0
RES_PE,D,20140707,000000,3.9,3.9,3.6,3.8,0,0
RES_PE,D,20140708,000000,3.8,4.6,3.8,4.6,0,0
RES_PE,D,20140709,000000,5,5.5,4.8,4.8,0,0
RES_PE,D,20140710,000000,4.9,5.3,4.7,5,0,0
RES_PE,D,20140711,000000,5.2,5.3,4.7,5.1,0,0
RES_PE,D,20140714,000000,5.2,5.2,4.7,4.7,0,0
RES_PE,D,20140715,000000,4.7,5.4,4.6,5.2,0,0
RES_PE,D,20140716,000000,5.2,5.3,5,5.2,0,0
RES_PE,D,20140717,000000,5.2,5.2,5,5.2,0,0
RES_PE,D,20140718,000000,5.2,5.2,4.9,5.1,0,0
RES_PE,D,20140721,000000,5.1,5.1,4.7,4.8,0,0
RES_PE,D,20140722,000000,4.8,5,4.7,4.9,0,0
RES_PE,D,20140723,000000,4.9,5,4.7,4.8,0,0
RES_PE,D,20140724,000000,4.9,5.1,4.9,5,0,0
RES_PE,D,20140725,000000,5,5,4.7,4.8,0,0
RES_PE,D,20140728,000000,4.9,4.9,4.7,4.7,0,0
RES_PE,D,20140729,000000,4.7,4.9,4.7,4.7,0,0
RES_PE,D,20140730,000000,4.7,4.7,4.4,4.7,0,0
RES_PE,D,20140731,000000,5.1,6.1,5.1,6.1,0,0
RES_PE,D,20140801,000000,6.7,6.7,5.6,6.2,0,0
RES_PE,D,20140804,000000,6.4,6.6,6.1,6.4,0,0
RES_PE,D,20140805,000000,6.6,6.6,6,6.2,0,0
RES_PE,D,20140806,000000,6,6.1,5.9,6.1,0,0
RES_PE,D,20140807,000000,6.1,6.1,5.8,5.8,0,0
RES_PE,D,20140808,000000,5.6,6.9,5.4,6.9,0,0
RES_PE,D,20140811,000000,7.6,7.7,6.9,7.4,0,0
RES_PE,D,20140812,000000,7.6,7.6,6,6,0,0
RES_PE,D,20140813,000000,6,6.1,5.7,5.9,0,0
RES_PE,D,20140814,000000,5.7,5.8,5.4,5.5,0,0
RES_PE,D,20140818,000000,5.4,6.2,5.4,5.8,0,0
RES_PE,D,20140819,000000,5.6,5.9,5.5,5.6,0,0
RES_PE,D,20140820,000000,5.7,5.8,5.4,5.7,0,0
RES_PE,D,20140821,000000,5.7,6.2,5.6,5.8,0,0
RES_PE,D,20140822,000000,5.8,5.9,5.6,5.6,0,0
RES_PE,D,20140825,000000,5.8,6.6,5.8,6.6,0,0
RES_PE,D,20140826,000000,6.6,6.7,5.7,5.7,0,0
RES_PE,D,20140827,000000,5.7,6,5.6,5.8,0,0
RES_PE,D,20140828,000000,5.8,6.2,5.6,5.9,0,0
RES_PE,D,20140829,000000,5.9,6.4,5.9,6.2,0,0
RES_PE,D,20140901,000000,6.2,6.8,6,6.8,0,0
RES_PE,D,20140902,000000,6.7,7.2,6.4,7.1,0,0
RES_PE,D,20140903,000000,7.1,7.3,6.7,6.7,0,0
RES_PE,D,20140904,000000,6.8,7.1,6.7,7,0,0
RES_PE,D,20140905,000000,7,7,6.7,6.9,0,0
RES_PE,D,20140908,000000,6.9,7.5,6.9,7.2,0,0
RES_PE,D,20140909,000000,7.2,7.7,7.2,7.2,0,0
RES_PE,D,20140910,000000,7.2,7.4,7.1,7.3,0,0
RES_PE,D,20140911,000000,7.7,8,4.7,4.7,0,0
RES_PE,D,20140912,000000,4.7,4.8,4.6,4.7,0,0
RES_PE,D,20140915,000000,4.8,5,4.7,4.8,0,0
RES_PE,D,20140916,000000,4.9,5.7,4.9,5.5,0,0
RES_PE,D,20140917,000000,5.6,5.9,5.3,5.3,0,0
RES_PE,D,20140918,000000,5.1,5.3,5,5,0,0
RES_PE,D,20140919,000000,5,5.8,5,5.5,0,0
RES_PE,D,20140922,000000,5.6,6.1,5.4,5.8,0,0
RES_PE,D,20140923,000000,6.1,6.1,5.4,5.4,0,0
RES_PE,D,20140924,000000,5.4,5.6,5.1,5.3,0,0
RES_PE,D,20140925,000000,5,5.2,4.6,4.9,0,0
RES_PE,D,20140926,000000,5.4,5.4,4.9,4.9,0,0
RES_PE,D,20140929,000000,4.8,4.8,4.3,4.4,0,0
RES_PE,D,20140930,000000,4.4,4.4,3.9,3.9,0,0
RES_PE,D,20141001,000000,3.8,4.8,3.8,4.7,0,0
RES_PE,D,20141002,000000,4.6,4.9,4.4,4.4,0,0
RES_PE,D,20141003,000000,4.4,4.6,4.3,4.5,0,0
RES_PE,D,20141006,000000,4.6,4.8,4.5,4.6,0,0
RES_PE,D,20141007,000000,4.6,4.7,4.5,4.5,0,0
RES_PE,D,20141008,000000,4.5,4.5,4.3,4.3,0,0
RES_PE,D,20141009,000000,4.4,4.4,4.2,4.3,0,0
RES_PE,D,20141010,000000,4.3,4.5,4.2,4.3,0,0
RES_PE,D,20141013,000000,4.4,4.4,4.1,4.1,0,0
RES_PE,D,20141014,000000,4.1,4.1,3.9,4,0,0
RES_PE,D,20141015,000000,4,4.1,4,4.1,0,0
RES_PE,D,20141016,000000,4.1,4.1,3.9,3.9,0,0
RES_PE,D,20141017,000000,3.9,4.1,3.9,4,0,0
RES_PE,D,20141020,000000,4.1,4.1,3.8,3.8,0,0
RES_PE,D,20141021,000000,3.8,3.9,3.8,3.9,0,0
RES_PE,D,20141022,000000,3.9,4,3.9,3.9,0,0
RES_PE,D,20141023,000000,3.9,4,3.8,4,0,0
RES_PE,D,20141024,000000,4,4,3.8,3.9,0,0
RES_PE,D,20141027,000000,3.9,4,3.8,3.9,0,0
RES_PE,D,20141028,000000,3.9,3.9,3.8,3.9,0,0
RES_PE,D,20141029,000000,3.8,3.9,3.8,3.9,0,0
RES_PE,D,20141030,000000,3.9,3.9,3.8,3.9,0,0
RES_PE,D,20141031,000000,3.9,4,3.8,3.9,0,0
RES_PE,D,20141103,000000,3.8,4.1,3.8,4,0,0
RES_PE,D,20141104,000000,4,4.7,4,4.4,0,0
RES_PE,D,20141105,000000,4.5,4.5,4.2,4.4,0,0
RES_PE,D,20141106,000000,4.3,4.4,4.2,4.2,0,0
RES_PE,D,20141107,000000,4.1,4.1,4,4.1,0,0
RES_PE,D,20141110,000000,4.2,4.3,4.1,4.2,0,0
RES_PE,D,20141112,000000,4.2,4.9,4.2,4.9,0,0
RES_PE,D,20141113,000000,4.7,5.2,4.7,4.9,0,0
RES_PE,D,20141114,000000,5,5,4.6,4.9,0,0
RES_PE,D,20141117,000000,4.9,5.2,4.8,4.9,0,0
RES_PE,D,20141118,000000,4.9,5.8,4.6,5.8,0,0
RES_PE,D,20141119,000000,5.8,6.2,5.8,6,0,0
RES_PE,D,20141120,000000,6,6.1,5.8,6,0,0
RES_PE,D,20141121,000000,5.9,6,5.7,5.7,0,0
RES_PE,D,20141124,000000,5.8,6,5.7,5.8,0,0
RES_PE,D,20141125,000000,5.8,6,5.7,6,0,0
RES_PE,D,20141126,000000,6,6,5.7,5.8,0,0
RES_PE,D,20141127,000000,5.6,5.8,5.5,5.5,0,0
RES_PE,D,20141128,000000,5.5,5.6,5.5,5.6,0,0
RES_PE,D,20141201,000000,5.6,5.6,5.4,5.6,0,0
RES_PE,D,20141202,000000,5.4,5.7,5.4,5.5,0,0
RES_PE,D,20141203,000000,5.5,5.5,5.2,5.4,0,0
RES_PE,D,20141204,000000,5.4,5.5,5,5.3,0,0
RES_PE,D,20141205,000000,5.3,5.7,5.3,5.6,0,0
RES_PE,D,20141208,000000,5.6,5.6,5.3,5.4,0,0
RES_PE,D,20141209,000000,5.5,5.5,5.2,5.3,0,0
RES_PE,D,20141210,000000,5.3,5.3,5.2,5.3,0,0
RES_PE,D,20141211,000000,5.1,5.3,5.1,5.3,0,0
RES_PE,D,20141212,000000,5.1,5.3,5.1,5.3,0,0
RES_PE,D,20141215,000000,5.2,5.3,5.1,5.2,0,0
RES_PE,D,20141216,000000,5,5.1,4.7,4.9,0,0
RES_PE,D,20141217,000000,4.9,5.2,4.9,5.1,0,0
RES_PE,D,20141218,000000,5.1,5.3,5.1,5.2,0,0
RES_PE,D,20141219,000000,5.2,5.2,5,5.2,0,0
RES_PE,D,20141222,000000,5.2,5.2,5,5,0,0
RES_PE,D,20141223,000000,5,5.3,5,5.2,0,0
RES_PE,D,20141229,000000,5.3,5.3,5.1,5.2,0,0
RES_PE,D,20141230,000000,5.4,5.5,5.2,5.4,0,0
RES_PE,D,20150102,000000,5.5,5.7,5.4,5.6,0,0
RES_PE,D,20150105,000000,5.6,5.7,5.4,5.6,0,0
RES_PE,D,20150107,000000,5.2,5.5,5.2,5.3,0,0
RES_PE,D,20150108,000000,5.3,5.5,5.3,5.5,0,0
RES_PE,D,20150109,000000,5.4,5.6,5.3,5.6,0,0
RES_PE,D,20150112,000000,5.6,5.6,5.3,5.4,0,0
RES_PE,D,20150113,000000,5.5,5.6,5.3,5.3,0,0
RES_PE,D,20150114,000000,5.3,5.4,5.2,5.2,0,0
RES_PE,D,20150115,000000,5.1,5.3,5.1,5.3,0,0
RES_PE,D,20150116,000000,5.1,5.3,4.9,5.1,0,0
RES_PE,D,20150119,000000,5,5.1,4.9,5.1,0,0
RES_PE,D,20150120,000000,5.1,5.1,4.9,5.1,0,0
RES_PE,D,20150121,000000,5.1,5.1,4.9,5.1,0,0
RES_PE,D,20150122,000000,5,5.3,4.9,5.1,0,0
RES_PE,D,20150123,000000,5.2,5.2,5,5.2,0,0
RES_PE,D,20150126,000000,5,5.3,5,5.2,0,0
RES_PE,D,20150127,000000,5.2,5.2,5.1,5.1,0,0
RES_PE,D,20150128,000000,4.9,5,4.9,5,0,0
RES_PE,D,20150129,000000,5,5.2,5,5,0,0
RES_PE,D,20150130,000000,5,5.1,5,5.1,0,0
RES_PE,D,20150202,000000,5,5.1,5,5,0,0
RES_PE,D,20150203,000000,5,5.2,5,5,0,0
RES_PE,D,20150204,000000,5,5,5,5,0,0
RES_PE,D,20150205,000000,5.1,5.1,4.9,5,0,0
RES_PE,D,20150206,000000,5,5,4.9,5,0,0
RES_PE,D,20150209,000000,4.9,5,4.9,5,0,0
RES_PE,D,20150210,000000,5,5.2,4.9,5.1,0,0
RES_PE,D,20150211,000000,5,5,4.9,4.9,0,0
RES_PE,D,20150212,000000,5,5,4.9,5,0,0
RES_PE,D,20150213,000000,4.9,5,4.9,5,0,0
RES_PE,D,20150216,000000,4.9,5,4.9,5,0,0
RES_PE,D,20150217,000000,4.9,4.9,4.7,4.9,0,0
RES_PE,D,20150218,000000,5,5,4.8,5,0,0
RES_PE,D,20150219,000000,4.9,5,4.9,5,0,0
RES_PE,D,20150220,000000,5,5,4.9,5,0,0
RES_PE,D,20150223,000000,4.9,5,4.9,5,0,0
RES_PE,D,20150224,000000,5,5,4.9,4.9,0,0
RES_PE,D,20150225,000000,4.9,5.6,4.9,5.6,0,0
RES_PE,D,20150226,000000,5.7,6.1,5.6,5.7,0,0
RES_PE,D,20150227,000000,5.6,6,5.4,5.8,0,0
RES_PE,D,20150302,000000,5.8,6,5.6,5.7,0,0
RES_PE,D,20150303,000000,5.8,5.8,5.2,5.4,0,0
RES_PE,D,20150304,000000,5.4,5.4,5.2,5.3,0,0
RES_PE,D,20150305,000000,5.2,5.2,4.9,5.1,0,0
RES_PE,D,20150306,000000,5.1,5.4,5.1,5.3,0,0
RES_PE,D,20150309,000000,5.3,5.3,5.1,5.3,0,0
RES_PE,D,20150310,000000,5.2,5.3,4.9,5.1,0,0
RES_PE,D,20150311,000000,5,5.1,5,5,0,0
RES_PE,D,20150312,000000,5,5.1,4.9,5.1,0,0
RES_PE,D,20150313,000000,5.2,5.3,5.1,5.2,0,0
RES_PE,D,20150316,000000,5,5.2,5,5.1,0,0
RES_PE,D,20150317,000000,5.1,5.1,5,5,0,0
RES_PE,D,20150318,000000,5,5.1,4.9,4.9,0,0
RES_PE,D,20150319,000000,5,5.1,4.9,5.1,0,0
RES_PE,D,20150320,000000,5.1,5.1,5,5.1,0,0
RES_PE,D,20150323,000000,5,5.1,5,5.1,0,0
RES_PE,D,20150324,000000,5.1,91,5,91,0,0
RES_PE,D,20150325,000000,88.4,91.3,85.8,88.4,0,0
RES_PE,D,20150326,000000,87.3,87.6,85.1,87,0,0
RES_PE,D,20150327,000000,87.3,88.7,85.1,85.5,0,0
RES_PE,D,20150330,000000,85.1,86.9,84.4,86.2,0,0
RES_PE,D,20150331,000000,86.5,86.5,84.4,85.9,0,0
RES_PE,D,20150401,000000,85.8,85.8,84.4,85.2,0,0
RES_PE,D,20150402,000000,85.8,85.8,83.6,84.4,0,0
RES_PE,D,20150407,000000,84,85.8,83.6,85.5,0,0
RES_PE,D,20150408,000000,85.5,85.5,83.6,85.5,0,0
RES_PE,D,20150409,000000,84,85.5,83.6,85.5,0,0
RES_PE,D,20150410,000000,84.4,85.5,83.6,84.1,0,0
RES_PE,D,20150413,000000,85.5,85.5,84,84.1,0,0
RES_PE,D,20150414,000000,84,85.5,83.6,84.1,0,0
RES_PE,D,20150415,000000,84,85.5,83.6,85.2,0,0
RES_PE,D,20150416,000000,84,85.5,84,85.5,0,0
RES_PE,D,20150417,000000,84.4,85.1,84,84.4,0,0
RES_PE,D,20150420,000000,84,86.9,84,86.6,0,0
RES_PE,D,20150421,000000,86.5,86.5,84,84.1,0,0
RES_PE,D,20150422,000000,84,84,83.6,83.7,0,0
RES_PE,D,20150423,000000,83.6,86.2,83.6,84.4,0,0
RES_PE,D,20150424,000000,84.4,85.5,84,84.4,0,0
RES_PE,D,20150427,000000,84.7,84.7,81.1,84.4,0,0
RES_PE,D,20150428,000000,83.6,83.6,83.3,83.3,0,0
RES_PE,D,20150429,000000,82.5,83.3,81.8,83.3,0,0
RES_PE,D,20150430,000000,83.3,83.3,81.8,83.3,0,0
RES_PE,D,20150504,000000,81.8,81.8,81.1,81.1,0,0
RES_PE,D,20150505,000000,81.8,83.3,81.5,83,0,0
RES_PE,D,20150506,000000,82.9,83.3,81.8,81.9,0,0
RES_PE,D,20150507,000000,82.2,82.6,80.7,82.6,0,0
RES_PE,D,20150508,000000,81.5,83,81.5,83,0,0
RES_PE,D,20150511,000000,81.8,83.3,81.8,83,0,0
RES_PE,D,20150512,000000,82.9,84.7,82.9,84.4,0,0
RES_PE,D,20150513,000000,82.2,84.1,81.8,84.1,0,0
RES_PE,D,20150514,000000,83.3,83.3,81.8,83.3,0,0
RES_PE,D,20150515,000000,82.5,82.5,79.3,81.9,0,0
RES_PE,D,20150518,000000,79.6,83.6,79.6,82.6,0,0
RES_PE,D,20150519,000000,80.7,82.6,80.4,82.6,0,0
RES_PE,D,20150520,000000,80.4,80.4,80,80.1,0,0
RES_PE,D,20150521,000000,81.1,81.8,80.7,80.8,0,0
RES_PE,D,20150522,000000,80.7,82.2,80.7,82.2,0,0
RES_PE,D,20170314,000000,10.6,10.6,10.6,10.6,0,0
RES_PE,D,20170315,000000,11.4,11.4,10.6,10.8,0,0
RES_PE,D,20170316,000000,10.9,10.9,10.3,10.5,0,0
RES_PE,D,20170317,000000,10.8,10.8,10.3,10.7,0,0
RES_PE,D,20170320,000000,10.8,10.8,10.2,10.3,0,0
RES_PE,D,20170321,000000,10,10.5,9.8,9.9,0,0
RES_PE,D,20170322,000000,9.9,10.1,9.8,10.1,0,0
RES_PE,D,20170323,000000,9.7,10,9.1,9.5,0,0
RES_PE,D,20170324,000000,9.5,9.5,9.1,9.5,0,0
RES_PE,D,20170327,000000,9.6,9.7,9.5,9.6,0,0
RES_PE,D,20170328,000000,9.3,9.5,9.1,9.4,0,0
RES_PE,D,20170329,000000,9.7,9.7,9.1,9.1,0,0
RES_PE,D,20170330,000000,9.1,9.4,9,9.1,0,0
RES_PE,D,20170331,000000,9.3,9.4,9.1,9.1,0,0
RES_PE,D,20170403,000000,9.1,9.1,8.9,8.9,0,0
RES_PE,D,20170404,000000,8.9,9.1,8.7,9,0,0
RES_PE,D,20170405,000000,9.1,9.1,8.8,9.1,0,0
RES_PE,D,20170406,000000,8.9,9.1,8.7,9,0,0
RES_PE,D,20170407,000000,9,9.2,9,9,0,0
RES_PE,D,20170410,000000,9.1,9.1,8.8,8.9,0,0
RES_PE,D,20170411,000000,9,9.2,8.9,8.9,0,0
RES_PE,D,20170412,000000,8.9,9,8.8,9,0,0
RES_PE,D,20170413,000000,8.9,9,8.8,9,0,0
RES_PE,D,20170418,000000,8.9,8.9,8.9,8.9,0,0
RES_PE,D,20170419,000000,8.9,9,8.8,8.9,0,0
RES_PE,D,20170420,000000,8.9,8.9,8.7,8.9,0,0
RES_PE,D,20170421,000000,8.7,9.1,8.7,9,0,0
RES_PE,D,20170424,000000,8.8,9,8.7,9,0,0
RES_PE,D,20170425,000000,8.8,8.8,8.6,8.7,0,0
RES_PE,D,20170426,000000,8.6,8.6,8.4,8.6,0,0
RES_PE,D,20170427,000000,8.7,8.7,8.5,8.6,0,0
RES_PE,D,20170428,000000,8.5,8.5,8.4,8.4,0,0
RES_PE,D,20170502,000000,8.5,8.5,8.4,8.5,0,0
RES_PE,D,20170504,000000,8.4,8.5,8.3,8.5,0,0
RES_PE,D,20170505,000000,8.4,8.4,8.3,8.3,0,0
RES_PE,D,20170508,000000,8.5,8.5,8.3,8.5,0,0
RES_PE,D,20170509,000000,8.5,8.5,6.1,6.1,0,0
RES_PE,D,20170510,000000,6.2,6.5,6,6.3,0,0
RES_PE,D,20170511,000000,6.4,6.4,6.2,6.2,0,0
RES_PE,D,20170512,000000,6.1,6.1,6.1,6.1,0,0
RES_PE,D,20170515,000000,6.1,8.9,6,8.9,0,0
RES_PE,D,20170516,000000,8.9,8.9,8.9,8.9,0,0
RES_PE,D,20170517,000000,8.9,8.9,8.6,8.8,0,0
RES_PE,D,20170518,000000,8.6,8.8,8.6,8.7,0,0
RES_PE,D,20170519,000000,8.7,8.8,8.7,8.8,0,0
RES_PE,D,20170522,000000,8.8,8.8,8.5,8.6,0,0
RES_PE,D,20170523,000000,8.7,8.7,8.6,8.6,0,0
RES_PE,D,20170524,000000,8.5,8.6,8.5,8.5,0,0
RES_PE,D,20170525,000000,8.4,8.6,8.4,8.5,0,0
RES_PE,D,20170526,000000,8.5,8.6,8.4,8.4,0,0
RES_PE,D,20170529,000000,8.4,8.4,7.9,8.1,0,0
RES_PE,D,20170530,000000,8.1,8.1,7.5,7.7,0,0
RES_PE,D,20170531,000000,7.5,7.6,7.4,7.6,0,0
RES_PE,D,20170601,000000,7.5,7.5,7.5,7.5,0,0
RES_PE,D,20170602,000000,7.5,7.5,7.4,7.4,0,0
RES_PE,D,20170605,000000,7.8,7.8,7.4,7.6,0,0
RES_PE,D,20170606,000000,7.4,7.5,7.4,7.4,0,0
RES_PE,D,20170607,000000,7.5,7.5,7.1,7.2,0,0
RES_PE,D,20170608,000000,7.1,7.6,7.1,7.5,0,0
RES_PE,D,20170609,000000,7.4,7.4,7.3,7.3,0,0
RES_PE,D,20170612,000000,7.4,7.5,7.4,7.5,0,0
RES_PE,D,20170613,000000,7.2,7.3,7.2,7.3,0,0
RES_PE,D,20170616,000000,7.3,7.3,7.1,7.1,0,0
RES_PE,D,20170619,000000,7.1,7.3,7.1,7.3,0,0
RES_PE,D,20170620,000000,7.2,7.2,7.2,7.2,0,0
RES_PE,D,20170621,000000,7.1,7.2,7.1,7.2,0,0
RES_PE,D,20170622,000000,7.2,7.3,7.1,7.3,0,0
RES_PE,D,20170623,000000,7.1,7.3,7.1,7.3,0,0
RES_PE,D,20170626,000000,7.3,7.3,7,7,0,0
RES_PE,D,20170627,000000,7,7,6.9,7,0,0
RES_PE,D,20170628,000000,7,7,6.9,7,0,0
RES_PE,D,20170629,000000,6.9,7.1,6.9,7.1,0,0
RES_PE,D,20170630,000000,7.2,7.2,7.2,7.2,0,0
RES_PE,D,20170704,000000,7.2,7.2,7.2,7.2,0,0
RES_PE,D,20170705,000000,6.9,7,6.8,6.9,0,0
RES_PE,D,20170706,000000,7.1,7.1,7.1,7.1,0,0
RES_PE,D,20170707,000000,6.9,7.1,6.9,7.1,0,0
RES_PE,D,20170710,000000,6.9,7.1,6.9,7.1,0,0
RES_PE,D,20170711,000000,7.1,7.1,6.9,7,0,0
RES_PE,D,20170712,000000,6.8,6.9,6.7,6.9,0,0
RES_PE,D,20170713,000000,6.8,6.9,6.7,6.7,0,0
RES_PE,D,20170714,000000,6.7,6.7,6.6,6.7,0,0
RES_PE,D,20170717,000000,6.9,7,6.8,7,0,0
RES_PE,D,20170718,000000,7.1,9.3,7.1,9.3,0,0
RES_PE,D,20170719,000000,9.2,9.2,8.1,8.1,0,0
RES_PE,D,20170720,000000,7.9,8.2,7.6,7.7,0,0
RES_PE,D,20170721,000000,8,8.4,7.5,8.3,0,0
RES_PE,D,20170724,000000,8.1,8.4,8,8.4,0,0
RES_PE,D,20170725,000000,8.1,8.1,7.7,7.7,0,0
RES_PE,D,20170726,000000,7.6,7.9,7.4,7.7,0,0
RES_PE,D,20170727,000000,7.8,7.8,7.3,7.3,0,0
RES_PE,D,20170728,000000,7.3,7.3,7.1,7.1,0,0
RES_PE,D,20170731,000000,7.2,7.2,7.1,7.1,0,0
RES_PE,D,20170801,000000,7.4,7.7,7.4,7.6,0,0
RES_PE,D,20170802,000000,7.5,7.6,7.5,7.5,0,0
RES_PE,D,20170803,000000,7.5,7.5,7.1,7.4,0,0
RES_PE,D,20170804,000000,7.4,7.4,7.3,7.3,0,0
RES_PE,D,20170807,000000,7.3,7.3,7.3,7.3,0,0
RES_PE,D,20170808,000000,7.2,7.4,6.9,7.1,0,0
RES_PE,D,20170809,000000,7,7.1,6.9,7.1,0,0
RES_PE,D,20170810,000000,7.1,7.2,7.1,7.2,0,0
RES_PE,D,20170811,000000,7,7,6.9,6.9,0,0
RES_PE,D,20170814,000000,6.9,7.1,6.8,6.9,0,0
RES_PE,D,20170816,000000,6.9,6.9,6.5,6.5,0,0
RES_PE,D,20170817,000000,6.6,6.9,6.6,6.9,0,0
RES_PE,D,20170818,000000,6.8,7,6.8,6.8,0,0
RES_PE,D,20170821,000000,6.9,6.9,6.6,6.8,0,0
RES_PE,D,20170822,000000,6.9,7.1,5.3,5.3,0,0
RES_PE,D,20170823,000000,5.2,5.3,5,5.3,0,0
RES_PE,D,20170824,000000,5.1,5.3,5,5.1,0,0
RES_PE,D,20170825,000000,5.1,5.2,5.1,5.2,0,0
RES_PE,D,20170828,000000,5.1,5.3,5.1,5.1,0,0
RES_PE,D,20170829,000000,5.1,5.1,5.1,5.1,0,0
RES_PE,D,20170830,000000,5.1,5.2,5,5.2,0,0
RES_PE,D,20170831,000000,5.2,5.4,5.2,5.4,0,0
RES_PE,D,20170901,000000,5.2,5.2,5.2,5.2,0,0
RES_PE,D,20170904,000000,5.4,5.4,5.1,5.1,0,0
RES_PE,D,20170905,000000,5.3,5.3,5,5.3,0,0
RES_PE,D,20170906,000000,5.1,5.3,5.1,5.3,0,0
RES_PE,D,20170907,000000,5.1,5.3,5.1,5.3,0,0
RES_PE,D,20170908,000000,5.3,5.3,5.3,5.3,0,0
RES_PE,D,20170911,000000,5.1,5.2,5.1,5.1,0,0
RES_PE,D,20170912,000000,5.1,5.2,5.1,5.2,0,0
RES_PE,D,20170913,000000,5,5.1,5,5.1,0,0
RES_PE,D,20170914,000000,5.1,5.2,5.1,5.1,0,0
RES_PE,D,20170915,000000,5.1,5.1,5,5.1,0,0
RES_PE,D,20170918,000000,5,5.2,5,5.2,0,0
RES_PE,D,20170919,000000,5.1,5.2,5,5.1,0,0
RES_PE,D,20170920,000000,5.1,5.2,5.1,5.1,0,0
RES_PE,D,20170921,000000,5.1,5.1,5,5.1,0,0
RES_PE,D,20170922,000000,5.1,5.2,5.1,5.1,0,0
RES_PE,D,20170926,000000,5.1,5.2,5,5.2,0,0
RES_PE,D,20170927,000000,5,5.1,5,5.1,0,0
RES_PE,D,20170928,000000,5.1,5.1,5.1,5.1,0,0
RES_PE,D,20170929,000000,5.1,5.1,5.1,5.1,0,0
RES_PE,D,20171002,000000,5.1,5.1,5,5.1,0,0
RES_PE,D,20171003,000000,5,5.1,4.9,5.1,0,0
RES_PE,D,20171004,000000,4.9,5.1,4.9,5.1,0,0
RES_PE,D,20171005,000000,5,5.1,5,5.1,0,0
RES_PE,D,20171006,000000,5.1,5.1,4.9,5.1,0,0
RES_PE,D,20171009,000000,4.9,5,4.9,4.9,0,0
RES_PE,D,20171010,000000,4.9,5,4.9,5,0,0
RES_PE,D,20171011,000000,5.1,5.2,5.1,5.1,0,0
RES_PE,D,20171012,000000,5,5.2,5,5.1,0,0
RES_PE,D,20171013,000000,4.9,5.2,4.9,5.2,0,0
RES_PE,D,20171016,000000,4.9,5.5,4.9,5.5,0,0
RES_PE,D,20171017,000000,5.4,5.4,5.3,5.3,0,0
RES_PE,D,20171018,000000,5.2,5.5,5.2,5.5,0,0
RES_PE,D,20171019,000000,5.3,5.3,5.3,5.3,0,0
RES_PE,D,20171020,000000,5.4,5.4,5.2,5.2,0,0
RES_PE,D,20171023,000000,5.2,5.3,5.1,5.3,0,0
RES_PE,D,20171024,000000,5.1,5.3,5.1,5.3,0,0
RES_PE,D,20171025,000000,5.2,5.2,5,5.1,0,0
RES_PE,D,20171026,000000,5.3,5.3,5,5.1,0,0
RES_PE,D,20171027,000000,5,5.3,4.6,5.1,0,0
RES_PE,D,20171030,000000,4.8,5.1,4.8,5.1,0,0
RES_PE,D,20171031,000000,4.9,5.1,4.9,5,0,0
RES_PE,D,20171102,000000,5.1,5.1,5.1,5.1,0,0
RES_PE,D,20171103,000000,5.1,5.4,5.1,5.3,0,0
RES_PE,D,20171106,000000,5.3,5.3,5,5.1,0,0
RES_PE,D,20171107,000000,5.1,5.3,5,5.1,0,0
RES_PE,D,20171108,000000,5,5.1,4.9,5,0,0
RES_PE,D,20171109,000000,4.9,5,4.8,4.8,0,0
RES_PE,D,20171110,000000,4.7,5,4.7,5,0,0
RES_PE,D,20171113,000000,4.9,4.9,4.7,4.7,0,0
RES_PE,D,20171114,000000,4.8,4.9,4.6,4.9,0,0
RES_PE,D,20171115,000000,4.8,4.8,4.7,4.8,0,0
RES_PE,D,20171116,000000,4.7,4.9,4.6,4.7,0,0
RES_PE,D,20171117,000000,4.7,4.9,4.6,4.7,0,0
RES_PE,D,20171120,000000,4.8,4.8,4.7,4.8,0,0
RES_PE,D,20171121,000000,4.8,4.8,4.6,4.6,0,0
RES_PE,D,20171122,000000,4.8,4.8,4.6,4.6,0,0
RES_PE,D,20171123,000000,4.6,4.6,4.4,4.6,0,0
RES_PE,D,20171124,000000,4.7,4.7,4.4,4.7,0,0
RES_PE,D,20171127,000000,4.5,4.7,4.5,4.7,0,0
RES_PE,D,20171128,000000,4.5,4.7,4.5,4.5,0,0
RES_PE,D,20171129,000000,4.7,4.7,4.4,4.4,0,0
RES_PE,D,20171130,000000,4.6,4.6,4.4,4.6,0,0
RES_PE,D,20171201,000000,4.6,4.6,4.2,4.2,0,0
RES_PE,D,20171204,000000,4.2,4.2,4,4.2,0,0
RES_PE,D,20171205,000000,4.2,4.2,4,4.1,0,0
RES_PE,D,20171206,000000,4.1,4.1,4,4,0,0
RES_PE,D,20171207,000000,4,4.2,3.8,3.8,0,0
RES_PE,D,20171208,000000,3.8,3.8,3.5,3.7,0,0
RES_PE,D,20171211,000000,3.6,3.7,3.5,3.6,0,0
RES_PE,D,20171212,000000,3.6,3.7,3,3.4,0,0
RES_PE,D,20171213,000000,3.4,3.5,3.3,3.3,0,0
RES_PE,D,20171214,000000,3.4,3.4,3.3,3.3,0,0
RES_PE,D,20171215,000000,3.3,3.3,3.2,3.2,0,0
RES_PE,D,20171218,000000,3.2,3.4,3.2,3.4,0,0
RES_PE,D,20171219,000000,3.4,3.7,3.4,3.6,0,0
RES_PE,D,20171220,000000,3.6,3.7,3.4,3.4,0,0
RES_PE,D,20171221,000000,3.6,3.6,3.3,3.3,0,0
RES_PE,D,20171222,000000,3.4,3.5,3.3,3.3,0,0
RES_PE,D,20171227,000000,3.5,3.5,3.1,3.1,0,0
RES_PE,D,20171228,000000,3.2,3.3,3.1,3.3,0,0
RES_PE,D,20171229,000000,3.2,3.4,3.2,3.4,0,0
RES_PE,D,20180103,000000,3.2,3.5,3.2,3.4,0,0
RES_PE,D,20180104,000000,3.4,3.4,3.2,3.4,0,0
RES_PE,D,20180105,000000,3.4,3.7,3.3,3.7,0,0
RES_PE,D,20180108,000000,3.5,3.7,3.5,3.5,0,0
RES_PE,D,20180109,000000,3.4,3.5,3.4,3.4,0,0
RES_PE,D,20180110,000000,3.4,3.4,3.4,3.4,0,0
RES_PE,D,20180111,000000,3.4,3.4,3.3,3.4,0,0
RES_PE,D,20180112,000000,3.4,3.4,3.3,3.4,0,0
RES_PE,D,20180115,000000,3.4,3.4,3.4,3.4,0,0
RES_PE,D,20180116,000000,3.3,3.4,3.3,3.4,0,0
RES_PE,D,20180117,000000,3.4,3.4,3.4,3.4,0,0
RES_PE,D,20180118,000000,3.4,3.6,3.4,3.5,0,0
RES_PE,D,20180119,000000,3.4,3.5,3.4,3.5,0,0
RES_PE,D,20180122,000000,3.4,3.5,3.3,3.5,0,0
RES_PE,D,20180123,000000,3.4,3.5,3.3,3.5,0,0
RES_PE,D,20180124,000000,3.5,3.5,3.3,3.4,0,0
RES_PE,D,20180125,000000,3.5,3.6,3.4,3.6,0,0
RES_PE,D,20180126,000000,3.6,3.7,3.6,3.7,0,0
RES_PE,D,20180129,000000,3.7,3.7,3.6,3.7,0,0
RES_PE,D,20180130,000000,3.7,3.7,3.6,3.7,0,0
RES_PE,D,20180131,000000,3.6,3.7,3.5,3.6,0,0
RES_PE,D,20180201,000000,3.7,3.7,3.6,3.7,0,0
RES_PE,D,20180202,000000,3.5,3.6,3.5,3.6,0,0
RES_PE,D,20180205,000000,3.5,3.7,3.5,3.7,0,0
RES_PE,D,20180206,000000,3.5,3.7,3.5,3.7,0,0
RES_PE,D,20180207,000000,3.5,3.7,3.5,3.7,0,0
RES_PE,D,20180208,000000,3.5,3.7,3.5,3.6,0,0
RES_PE,D,20180209,000000,3.4,3.6,3.4,3.6,0,0
RES_PE,D,20180212,000000,3.7,3.7,3.6,3.6,0,0
RES_PE,D,20180213,000000,3.6,3.6,3.6,3.6,0,0
RES_PE,D,20180214,000000,3.6,3.7,3.6,3.7,0,0
RES_PE,D,20180216,000000,3.6,3.6,3.5,3.6,0,0
RES_PE,D,20180220,000000,3.7,3.7,3.7,3.7,0,0
RES_PE,D,20180222,000000,3.7,3.7,3.7,3.7,0,0
RES_PE,D,20180223,000000,3.5,3.7,3.5,3.7,0,0
RES_PE,D,20180226,000000,3.7,3.9,3.7,3.8,0,0
RES_PE,D,20180227,000000,3.8,3.8,3.6,3.7,0,0
RES_PE,D,20180228,000000,3.5,3.7,3.5,3.7,0,0
RES_PE,D,20180301,000000,3.7,3.7,3.7,3.7,0,0
RES_PE,D,20180302,000000,3.5,3.7,3.2,3.5,0,0
RES_PE,D,20180305,000000,3.5,3.6,3.3,3.4,0,0
RES_PE,D,20180306,000000,3.6,3.6,3.4,3.5,0,0
RES_PE,D,20180307,000000,3.5,3.5,3.4,3.5,0,0
RES_PE,D,20180308,000000,3.5,3.5,3.4,3.4,0,0
RES_PE,D,20180309,000000,3.4,3.5,3.3,3.4,0,0
RES_PE,D,20180312,000000,3.5,3.6,3.4,3.5,0,0
RES_PE,D,20180313,000000,3.6,3.6,3.4,3.5,0,0
RES_PE,D,20180314,000000,3.5,3.5,3.5,3.5,0,0
RES_PE,D,20180315,000000,3.4,3.5,3.4,3.5,0,0
RES_PE,D,20180319,000000,3.4,3.4,3.4,3.4,0,0
RES_PE,D,20180320,000000,3.3,3.5,3.3,3.5,0,0
RES_PE,D,20180321,000000,3.4,3.4,3.1,3.2,0,0
RES_PE,D,20180322,000000,3.4,3.4,3.3,3.3,0,0
RES_PE,D,20180323,000000,3.2,3.3,3.2,3.3,0,0
RES_PE,D,20180326,000000,3.3,3.4,3.3,3.4,0,0
RES_PE,D,20181119,000000,1.8,1.8,1.8,1.8,0,0
RES_PE,D,20181120,000000,1.8,1.8,1.5,1.5,0,0
RES_PE,D,20181121,000000,1.5,1.5,1.4,1.5,0,0
RES_PE,D,20181122,000000,1.5,1.7,1.5,1.6,0,0
RES_PE,D,20181123,000000,1.6,1.6,1.6,1.6,0,0
RES_PE,D,20181127,000000,1.5,1.5,1.5,1.5,0,0
RES_PE,D,20181128,000000,1.5,1.5,1.5,1.5,0,0
RES_PE,D,20181129,000000,1.4,1.5,1.4,1.5,0,0
RES_PE,D,20181130,000000,1.5,1.5,1.5,1.5,0,0
RES_PE,D,20181211,000000,1.4,1.5,1.4,1.5,0,0
RES_PE,D,20181212,000000,1.5,1.5,1.5,1.5,0,0
RES_PE,D,20181214,000000,1.5,1.5,1.5,1.5,0,0
RES_PE,D,20181217,000000,1.4,1.4,1.4,1.4,0,0
RES_PE,D,20181218,000000,1.4,1.4,1.4,1.4,0,0
RES_PE,D,20181219,000000,1.3,1.3,1.2,1.2,0,0
RES_PE,D,20181220,000000,1.3,1.3,1.2,1.2,0,0
RES_PE,D,20181221,000000,1.1,1.1,1.1,1.1,0,0
RES_PE,D,20181227,000000,1.2,1.2,1.2,1.2,0,0
RES_PE,D,20181228,000000,1.2,1.3,1.2,1.3,0,0
RES_PE,D,20190102,000000,1.3,1.3,1.2,1.2,0,0
RES_PE,D,20190103,000000,1.2,1.2,1.2,1.2,0,0
RES_PE,D,20190104,000000,1.4,1.5,1.4,1.5,0,0
RES_PE,D,20190109,000000,1.4,1.4,1.4,1.4,0,0
RES_PE,D,20190111,000000,1.4,1.4,1.4,1.4,0,0
RES_PE,D,20190114,000000,1.4,1.4,1.4,1.4,0,0
RES_PE,D,20190116,000000,1.4,1.4,1.4,1.4,0,0
RES_PE,D,20190124,000000,1.3,1.3,1.3,1.3,0,0
RES_PE,D,20190125,000000,1.4,1.5,1.4,1.5,0,0
RES_PE,D,20190128,000000,1.4,1.5,1.4,1.5,0,0
RES_PE,D,20190129,000000,1.5,1.6,1.5,1.5,0,0
RES_PE,D,20190131,000000,1.2,1.5,1.2,1.5,0,0
RES_PE,D,20190201,000000,1.5,1.5,1.5,1.5,0,0
RES_PE,D,20190205,000000,1.4,1.5,1.4,1.5,0,0
RES_PE,D,20190206,000000,1.4,1.5,1.4,1.5,0,0
RES_PE,D,20190207,000000,1.6,1.6,1.5,1.5,0,0
RES_PE,D,20190208,000000,1.5,1.5,1.5,1.5,0,0
RES_PE,D,20190211,000000,1.5,1.5,1.5,1.5,0,0
RES_PE,D,20190212,000000,1.5,1.6,1.5,1.6,0,0
RES_PE,D,20190213,000000,1.5,1.5,1.5,1.5,0,0
RES_PE,D,20190214,000000,1.5,1.5,1.5,1.5,0,0
RES_PE,D,20190215,000000,1.6,1.6,1.5,1.5,0,0
RES_PE,D,20190218,000000,1.5,1.5,1.5,1.5,0,0
RES_PE,D,20190219,000000,1.5,1.6,1.5,1.6,0,0
RES_PE,D,20190220,000000,1.5,1.6,1.5,1.6,0,0
RES_PE,D,20190221,000000,1.5,1.5,1.5,1.5,0,0
RES_PE,D,20190222,000000,1.5,1.5,1.4,1.4,0,0
RES_PE,D,20190225,000000,1.5,1.5,1.5,1.5,0,0
RES_PE,D,20190226,000000,1.5,1.6,1.5,1.6,0,0
RES_PE,D,20190228,000000,1.5,1.5,1.5,1.5,0,0
RES_PE,D,20190301,000000,1.6,1.6,1.6,1.6,0,0
RES_PE,D,20190304,000000,1.7,1.8,1.7,1.8,0,0
RES_PE,D,20190305,000000,1.8,1.8,1.8,1.8,0,0
RES_PE,D,20190306,000000,1.9,1.9,1.8,1.8,0,0
RES_PE,D,20190307,000000,1.8,1.8,1.8,1.8,0,0
RES_PE,D,20190308,000000,1.8,1.8,1.8,1.8,0,0
RES_PE,D,20190311,000000,1.8,1.8,1.8,1.8,0,0
RES_PE,D,20190312,000000,1.8,1.8,1.8,1.8,0,0
RES_PE,D,20190313,000000,1.8,1.8,1.8,1.8,0,0
RES_PE,D,20190315,000000,1.8,1.8,1.8,1.8,0,0
RES_PE,D,20190318,000000,1.8,1.8,1.8,1.8,0,0
RES_PE,D,20190319,000000,1.6,1.7,1.6,1.7,0,0
RES_PE,D,20190320,000000,1.8,1.8,1.6,1.6,0,0
RES_PE,D,20190322,000000,1.6,1.6,1.6,1.6,0,0
RES_PE,D,20190325,000000,1.7,1.7,1.6,1.6,0,0
RES_PE,D,20190326,000000,1.7,1.8,1.7,1.8,0,0
RES_PE,D,20190327,000000,1.8,1.8,1.7,1.7,0,0
RES_PE,D,20190328,000000,1.8,1.8,1.8,1.8,0,0
RES_PE,D,20190329,000000,1.7,1.7,1.6,1.6,0,0
RES_PE,D,20190401,000000,1.6,1.6,1.5,1.5,0,0
RES_PE,D,20190402,000000,1.4,1.5,1.4,1.5,0,0
RES_PE,D,20190403,000000,1.5,1.5,1.5,1.5,0,0
RES_PE,D,20190404,000000,1.7,1.8,1.7,1.8,0,0
RES_PE,D,20190405,000000,1.8,1.8,1.8,1.8,0,0
RES_PE,D,20190408,000000,1.8,1.8,1.8,1.8,0,0
RES_PE,D,20190410,000000,1.6,1.6,1.5,1.5,0,0
RES_PE,D,20190411,000000,1.7,1.7,1.7,1.7,0,0
RES_PE,D,20190412,000000,1.6,1.7,1.6,1.7,0,0
RES_PE,D,20190425,000000,1.6,1.6,1.5,1.5,0,0
RES_PE,D,20190426,000000,1.7,1.7,1.6,1.6,0,0
RES_PE,D,20190430,000000,1.5,1.5,1.5,1.5,0,0
RES_PE,D,20190502,000000,1.6,1.6,1.6,1.6,0,0
RES_PE,D,20190506,000000,1.7,1.7,1.7,1.7,0,0
RES_PE,D,20190507,000000,1.7,1.7,1.7,1.7,0,0
RES_PE,D,20190717,000000,8,8.2,8,8.2,0,0
RES_PE,D,20190718,000000,8.2,8.2,8.2,8.2,0,0
RES_PE,D,20190722,000000,8.3,8.7,8.2,8.7,0,0
RES_PE,D,20190723,000000,9.1,9.4,9.1,9.4,0,0
RES_PE,D,20190724,000000,9.8,10.1,9.8,10.1,0,0
RES_PE,D,20190725,000000,10.5,10.8,10.5,10.8,0,0
RES_PE,D,20190726,000000,10.8,11.5,10.8,11.5,0,0
RES_PE,D,20190729,000000,12.2,12.2,12.1,12.1,0,0
RES_PE,D,20190730,000000,12.1,12.1,10.9,10.9,0,0
RES_PE,D,20190731,000000,10.8,10.8,10.6,10.6,0,0
RES_PE,D,20190801,000000,10.3,10.3,9.6,9.6,0,0
RES_PE,D,20190802,000000,9,9.7,9,9.7,0,0
RES_PE,D,20190805,000000,10.9,10.9,10.8,10.8,0,0
RES_PE,D,20190806,000000,9.9,9.9,9.9,9.9,0,0
RES_PE,D,20190807,000000,10.2,10.6,10.2,10.6,0,0
RES_PE,D,20190808,000000,10.7,10.8,10.7,10.7,0,0
RES_PE,D,20190809,000000,11.6,11.6,11.6,11.6,0,0
RES_PE,D,20190812,000000,11.3,11.6,11.3,11.3,0,0
RES_PE,D,20190813,000000,11.3,11.6,11.3,11.6,0,0
RES_PE,D,20190814,000000,11.3,11.5,11.3,11.5,0,0
RES_PE,D,20190816,000000,11.5,11.5,11.5,11.5,0,0
RES_PE,D,20190819,000000,11.5,11.5,11.5,11.5,0,0
RES_PE,D,20190820,000000,11.5,11.5,11.5,11.5,0,0
RES_PE,D,20190826,000000,11.1,11.5,11.1,11.5,0,0
RES_PE,D,20190827,000000,11.8,11.8,11.8,11.8,0,0
RES_PE,D,20190828,000000,11,11.8,11,11.8,0,0
RES_PE,D,20190829,000000,11.8,11.8,11.8,11.8,0,0
RES_PE,D,20190902,000000,11.8,11.8,11.8,11.8,0,0
RES_PE,D,20190903,000000,11,11,11,11,0,0
RES_PE,D,20190904,000000,11.5,11.5,11.5,11.5,0,0
RES_PE,D,20190905,000000,11.4,11.4,11.4,11.4,0,0
RES_PE,D,20190906,000000,11.5,11.8,11.5,11.8,0,0
RES_PE,D,20190909,000000,11.9,11.9,11.5,11.6,0,0
RES_PE,D,20190910,000000,11.6,11.6,11.4,11.4,0,0
RES_PE,D,20190911,000000,11.9,11.9,11.4,11.9,0,0
RES_PE,D,20190912,000000,11.9,11.9,11.9,11.9,0,0
RES_PE,D,20190913,000000,11.9,11.9,11.9,11.9,0,0
RES_PE,D,20190916,000000,11.6,11.8,11.6,11.8,0,0
RES_PE,D,20190917,000000,11.9,12.3,11.9,12.3,0,0
RES_PE,D,20190918,000000,12.6,12.6,12.3,12.3,0,0
RES_PE,D,20190919,000000,12.3,13,12.3,12.9,0,0
RES_PE,D,20190920,000000,12.9,12.9,12.9,12.9,0,0
RES_PE,D,20190923,000000,13.2,13.6,13.2,13.6,0,0
RES_PE,D,20190924,000000,13.6,14.6,13.6,14.5,0,0
RES_PE,D,20190925,000000,14.5,14.5,14.1,14.2,0,0
RES_PE,D,20190926,000000,15.2,15.2,14.2,14.2,0,0
RES_PE,D,20190927,000000,14.5,14.5,14.5,14.5,0,0
RES_PE,D,20190930,000000,15,15.2,15,15.2,0,0
RES_PE,D,20191001,000000,15.2,15.2,15.2,15.2,0,0
RES_PE,D,20191003,000000,15.2,15.2,15.2,15.2,0,0
RES_PE,D,20191004,000000,15.2,15.2,7.3,7.3,0,0
RES_PE,D,20191007,000000,7.3,7.3,7.3,7.3,0,0
RES_PE,D,20191010,000000,7.2,7.2,7.1,7.2,0,0
RES_PE,D,20191011,000000,6.9,6.9,6.9,6.9,0,0
RES_PE,D,20191015,000000,7.4,7.4,7.1,7.1,0,0
RES_PE,D,20191016,000000,7.3,7.3,7.2,7.2,0,0
RES_PE,D,20191017,000000,6.9,7.2,6.5,6.6,0,0
RES_PE,D,20191018,000000,6.3,6.3,6.3,6.3,0,0
RES_PE,D,20191021,000000,6,6,5.9,5.9,0,0
RES_PE,D,20191022,000000,5.9,6.8,5.9,6.8,0,0
RES_PE,D,20191023,000000,7.1,7.1,6.8,6.8,0,0
RES_PE,D,20191024,000000,7.1,7.1,7.1,7.1,0,0
RES_PE,D,20191030,000000,7.1,7.1,7.1,7.1,0,0
RES_PE,D,20191031,000000,6.9,6.9,6.9,6.9,0,0
RES_PE,D,20191107,000000,6.6,6.6,6.6,6.6,0,0
RES_PE,D,20191108,000000,5.8,5.8,5.8,5.8,0,0
RES_PE,D,20191112,000000,6.6,6.6,6.6,6.6,0,0
RES_PE,D,20191113,000000,6.6,6.6,6.6,6.6,0,0
RES_PE,D,20191118,000000,6.6,6.6,6.6,6.6,0,0
RES_PE,D,20191119,000000,6.6,6.6,6.6,6.6,0,0
RES_PE,D,20191120,000000,6.6,6.6,6.6,6.6,0,0
RES_PE,D,20191121,000000,6.6,6.6,6.6,6.6,0,0
RES_PE,D,20191122,000000,6.6,6.6,6.4,6.4,0,0
RES_PE,D,20191125,000000,6.5,6.6,6.5,6.6,0,0
RES_PE,D,20191126,000000,7.1,7.1,6.6,6.7,0,0
RES_PE,D,20191127,000000,7.2,7.4,7.2,7.4,0,0
RES_PE,D,20191128,000000,7.2,7.4,7.2,7.4,0,0
RES_PE,D,20191129,000000,7.4,7.4,7.4,7.4,0,0
RES_PE,D,20191202,000000,7.4,7.4,7.4,7.4,0,0
RES_PE,D,20191203,000000,7.4,7.4,6.9,6.9,0,0
RES_PE,D,20191204,000000,7.1,7.4,7.1,7.4,0,0
RES_PE,D,20191205,000000,7.4,7.4,7.4,7.4,0,0
RES_PE,D,20191206,000000,7.4,7.4,7.4,7.4,0,0
RES_PE,D,20191210,000000,7.4,7.4,7.4,7.4,0,0
RES_PE,D,20191211,000000,7.4,7.4,7.4,7.4,0,0
RES_PE,D,20191212,000000,7.4,7.4,7.4,7.4,0,0
RES_PE,D,20191213,000000,7.4,7.4,7.4,7.4,0,0
RES_PE,D,20191216,000000,6.9,7.4,6.9,7.4,0,0
RES_PE,D,20191217,000000,7.1,7.5,7.1,7.5,0,0
RES_PE,D,20191218,000000,7.5,7.5,7.5,7.5,0,0
RES_PE,D,20191219,000000,7.5,7.5,7.5,7.5,0,0
RES_PE,D,20191223,000000,10.4,10.4,10.3,10.3,0,0
RES_PE,D,20191227,000000,9,10.4,9,10.4,0,0
RES_PE,D,20200102,000000,10.2,10.4,10.2,10.4,0,0
RES_PE,D,20200103,000000,10.8,12.5,10.8,12.5,0,0
RES_PE,D,20200107,000000,12.7,13,12.7,12.9,0,0
RES_PE,D,20200108,000000,11.8,11.8,11.6,11.6,0,0
RES_PE,D,20200109,000000,11.6,11.6,11.6,11.6,0,0
RES_PE,D,20200110,000000,12.9,12.9,12.6,12.7,0,0
RES_PE,D,20200113,000000,12.5,12.5,12.5,12.5,0,0
RES_PE,D,20200114,000000,12.7,12.7,12.7,12.7,0,0
RES_PE,D,20200115,000000,12.7,12.7,12.7,12.7,0,0
RES_PE,D,20200116,000000,12.7,12.7,12.7,12.7,0,0
RES_PE,D,20200117,000000,12.2,12.7,12.2,12.7,0,0
RES_PE,D,20200120,000000,12.7,12.9,12.7,12.9,0,0
RES_PE,D,20200121,000000,12.9,13.1,12.9,13.1,0,0
RES_PE,D,20200122,000000,13.1,13.1,13.1,13.1,0,0
RES_PE,D,20200123,000000,13.1,13.1,13.1,13.1,0,0
RES_PE,D,20200124,000000,13.1,13.4,13.1,13.4,0,0
RES_PE,D,20200127,000000,13.6,13.6,13.6,13.6,0,0
RES_PE,D,20200128,000000,13.6,13.6,13.6,13.6,0,0
RES_PE,D,20200129,000000,13.5,13.5,13.5,13.5,0,0
RES_PE,D,20200130,000000,13.3,13.3,13,13,0,0
RES_PE,D,20200203,000000,12.6,12.7,12.6,12.7,0,0
RES_PE,D,20200205,000000,12.4,12.7,12.4,12.7,0,0
RES_PE,D,20200206,000000,12.4,12.4,12.3,12.3,0,0
RES_PE,D,20200207,000000,11.6,11.6,11.6,11.6,0,0
RES_PE,D,20200210,000000,11.3,11.6,11.3,11.3,0,0
RES_PE,D,20200211,000000,10.6,10.6,10.6,10.6,0,0
RES_PE,D,20200212,000000,10.4,10.4,10.4,10.4,0,0
RES_PE,D,20200214,000000,10.4,10.4,10.4,10.4,0,0
RES_PE,D,20200218,000000,11.5,11.5,11.5,11.5,0,0
RES_PE,D,20200219,000000,11.5,11.5,11.5,11.5,0,0
RES_PE,D,20200220,000000,10.3,10.4,10.3,10.4,0,0
RES_PE,D,20200221,000000,10.7,10.7,10.7,10.7,0,0
RES_PE,D,20200224,000000,10.7,11.1,10.7,11.1,0,0
RES_PE,D,20200226,000000,11.1,11.1,11.1,11.1,0,0
RES_PE,D,20200227,000000,11.1,11.1,11.1,11.1,0,0
RES_PE,D,20200228,000000,10.6,10.6,10.6,10.6,0,0
RES_PE,D,20200302,000000,10.4,10.4,10.4,10.4,0,0
RES_PE,D,20200313,000000,8.3,8.3,8.3,8.3,0,0
RES_PE,D,20200316,000000,7.6,7.6,7.6,7.6,0,0
RES_PE,D,20200317,000000,7.4,7.4,6.9,6.9,0,0
RES_PE,D,20200318,000000,6.9,6.9,6.9,6.9,0,0
RES_PE,D,20200319,000000,6.9,8.3,6.9,8.3,0,0
RES_PE,D,20200320,000000,8.3,8.3,7,7,0,0
RES_PE,D,20200323,000000,7,8.3,7,8.2,0,0
RES_PE,D,20200324,000000,7.6,7.6,7.6,7.6,0,0
RES_PE,D,20200325,000000,7.1,8.1,7.1,8.1,0,0
RES_PE,D,20200326,000000,8.1,8.1,8.1,8.1,0,0
RES_PE,D,20200327,000000,8.1,8.2,8.1,8.2,0,0
RES_PE,D,20200330,000000,7.6,8.2,7.6,7.6,0,0
RES_PE,D,20200331,000000,7.2,7.2,7.2,7.2,0,0
RES_PE,D,20200401,000000,7.2,7.2,6.9,6.9,0,0
RES_PE,D,20200402,000000,6.9,6.9,6.9,6.9,0,0
RES_PE,D,20200403,000000,6.7,6.7,6.7,6.7,0,0
RES_PE,D,20200406,000000,5.6,6.7,5.6,6.7,0,0
RES_PE,D,20200407,000000,6.5,6.5,6.5,6.5,0,0
RES_PE,D,20200408,000000,6.7,6.7,6.7,6.7,0,0
RES_PE,D,20200409,000000,6.5,6.5,6.5,6.5,0,0
RES_PE,D,20200414,000000,6.7,6.7,6.7,6.7,0,0
RES_PE,D,20200415,000000,6.9,6.9,6.9,6.9,0,0
RES_PE,D,20200416,000000,7.4,7.5,7.4,7.5,0,0
RES_PE,D,20200417,000000,6.9,6.9,6.9,6.9,0,0
RES_PE,D,20200420,000000,7.8,7.8,7.8,7.8,0,0
RES_PE,D,20200422,000000,7.9,7.9,7.9,7.9,0,0
RES_PE,D,20200427,000000,6.9,6.9,6.9,6.9,0,0
RES_PE,D,20200428,000000,7.1,7.6,7.1,7.6,0,0
RES_PE,D,20200429,000000,7.2,7.2,7.1,7.1,0,0
RES_PE,D,20200505,000000,7.1,7.1,7.1,7.1,0,0
RES_PE,D,20200506,000000,7.5,7.5,7.3,7.4,0,0
RES_PE,D,20200507,000000,7.4,7.6,7.4,7.6,0,0
RES_PE,D,20200508,000000,8.3,8.3,8.3,8.3,0,0
RES_PE,D,20200511,000000,8.4,9.1,8.4,9,0,0
RES_PE,D,20200512,000000,11.5,11.5,10.7,10.7,0,0
RES_PE,D,20200513,000000,10.3,10.4,10.3,10.4,0,0
RES_PE,D,20200514,000000,10.3,10.3,9.7,9.7,0,0
RES_PE,D,20200515,000000,10.4,10.4,10.2,10.2,0,0
RES_PE,D,20200518,000000,10.2,10.2,9.7,9.7,0,0
RES_PE,D,20200519,000000,8.3,9.2,8.3,9.2,0,0
RES_PE,D,20200520,000000,10.6,10.6,10.5,10.6,0,0
RES_PE,D,20200521,000000,10.6,10.6,10.3,10.3,0,0
RES_PE,D,20200522,000000,10.3,10.3,10.3,10.3,0,0
RES_PE,D,20200525,000000,10.3,10.4,10.3,10.4,0,0
RES_PE,D,20200526,000000,10.4,10.4,9.9,9.9,0,0
RES_PE,D,20200527,000000,9.9,10.1,9.9,10.1,0,0
RES_PE,D,20200528,000000,10.2,10.2,10.2,10.2,0,0
RES_PE,D,20200529,000000,10.2,10.4,10.2,10.4,0,0
RES_PE,D,20200601,000000,10.2,10.2,10.2,10.2,0,0
RES_PE,D,20200602,000000,10.3,10.5,10.3,10.5,0,0
RES_PE,D,20200603,000000,10.5,10.5,10.3,10.4,0,0
RES_PE,D,20200604,000000,10.6,10.6,10.4,10.4,0,0
RES_PE,D,20200605,000000,10.4,10.4,10.4,10.4,0,0
RES_PE,D,20200608,000000,8.8,10.2,8.8,10.2,0,0
RES_PE,D,20200609,000000,10.2,10.2,10.2,10.2,0,0
RES_PE,D,20200610,000000,9.3,9.3,9,9,0,0
RES_PE,D,20200612,000000,9,10,9,9.9,0,0
RES_PE,D,20200615,000000,9.9,10,9.9,10,0,0
RES_PE,D,20200616,000000,10,10,10,10,0,0
RES_PE,D,20200617,000000,9.8,10,9.8,9.9,0,0
RES_PE,D,20200622,000000,9.2,9.9,9.2,9.9,0,0
RES_PE,D,20200624,000000,9.3,9.9,9.3,9.9,0,0
RES_PE,D,20200625,000000,9.9,9.9,9.9,9.9,0,0
RES_PE,D,20200626,000000,9.9,9.9,9.9,9.9,0,0
RES_PE,D,20200701,000000,9.9,10,9.9,10,0,0
RES_PE,D,20200707,000000,9.7,9.7,9.7,9.7,0,0
RES_PE,D,20200709,000000,8.8,8.8,8.8,8.8,0,0
RES_PE,D,20200710,000000,8.8,8.8,8.8,8.8,0,0
RES_PE,D,20200714,000000,9.6,9.7,9.6,9.6,0,0
RES_PE,D,20200715,000000,9.6,9.9,9.6,9.9,0,0
RES_PE,D,20200716,000000,9.9,9.9,9.6,9.6,0,0
RES_PE,D,20200717,000000,9.8,9.9,9.8,9.9,0,0
RES_PE,D,20200721,000000,9.9,10,9.9,10,0,0
RES_PE,D,20200722,000000,10.2,10.2,10,10,0,0
RES_PE,D,20200723,000000,9.8,10,9.8,10,0,0
RES_PE,D,20200724,000000,10.2,10.3,10.2,10.3,0,0
RES_PE,D,20200727,000000,10.1,10.1,10.1,10.1,0,0
RES_PE,D,20200728,000000,10.1,10.1,10.1,10.1,0,0
RES_PE,D,20200729,000000,10.1,10.1,10,10,0,0
RES_PE,D,20200730,000000,9.8,10,9.8,10,0,0
RES_PE,D,20200731,000000,9.8,10,9.8,10,0,0
RES_PE,D,20200803,000000,10,10,10,10,0,0
RES_PE,D,20200804,000000,9.8,9.8,9.8,9.8,0,0
RES_PE,D,20200805,000000,9.6,9.6,9.4,9.4,0,0
RES_PE,D,20200806,000000,9.4,9.4,9.4,9.4,0,0
RES_PE,D,20200807,000000,10.1,10.1,10,10,0,0
RES_PE,D,20200812,000000,10.1,10.1,10,10,0,0
RES_PE,D,20200813,000000,10.2,10.2,10,10.1,0,0
RES_PE,D,20200814,000000,10.1,10.5,10.1,10.5,0,0
RES_PE,D,20200817,000000,10.5,10.5,10.5,10.5,0,0
RES_PE,D,20200818,000000,10.7,11,10.7,11,0,0
RES_PE,D,20200819,000000,11.2,11.2,11.2,11.2,0,0
RES_PE,D,20200821,000000,11.2,11.2,11.2,11.2,0,0
RES_PE,D,20200824,000000,11.2,11.2,10.9,10.9,0,0
RES_PE,D,20200825,000000,11.1,11.2,11.1,11.2,0,0
RES_PE,D,20200826,000000,11.7,11.7,11.6,11.6,0,0
RES_PE,D,20200827,000000,11.6,11.8,11.6,11.8,0,0
RES_PE,D,20200828,000000,11.8,11.8,11.8,11.8,0,0
RES_PE,D,20200831,000000,11.9,12.1,11.9,12.1,0,0
RES_PE,D,20200901,000000,12.1,12.1,11.9,11.9,0,0
RES_PE,D,20200902,000000,11.7,12.1,11.7,12,0,0
RES_PE,D,20200903,000000,12,12,12,12,0,0
RES_PE,D,20200904,000000,11.8,11.8,11.7,11.7,0,0
RES_PE,D,20200908,000000,11.7,11.7,11.7,11.7,0,0
RES_PE,D,20200909,000000,11.7,11.7,11.7,11.7,0,0
RES_PE,D,20200910,000000,11.7,11.8,11.7,11.8,0,0
RES_PE,D,20200914,000000,11.7,11.7,11.7,11.7,0,0
RES_PE,D,20200915,000000,11.5,11.5,11.5,11.5,0,0
RES_PE,D,20200916,000000,11.5,11.5,11.5,11.5,0,0
RES_PE,D,20200917,000000,11.5,11.5,11.5,11.5,0,0
RES_PE,D,20200918,000000,10.6,11.5,10.6,11.5,0,0
RES_PE,D,20200922,000000,11.4,11.4,11.4,11.4,0,0
RES_PE,D,20200923,000000,11.3,59.3,11.3,59.3,0,0
RES_PE,D,20200924,000000,59.8,59.8,59.4,59.4,0,0
RES_PE,D,20200925,000000,58,59.7,58,59.7,0,0
RES_PE,D,20200928,000000,59.1,59.1,59.1,59.1,0,0
RES_PE,D,20200930,000000,58.4,61.1,58.4,61.1,0,0
RES_PE,D,20211019,000000,122.3,122.3,122.3,122.3,0,0
RES_PE,D,20211020,000000,124.6,126.1,122.7,122.7,0,0
RES_PE,D,20211021,000000,121.4,128.6,117.1,120.3,0,0
RES_PE,D,20211022,000000,119.7,127,119.7,127,0,0
RES_PE,D,20211025,000000,125.4,134.2,125.4,134.2,0,0
RES_PE,D,20211026,000000,126.8,132.5,126.8,132.5,0,0
RES_PE,D,20211027,000000,132.4,133.8,121.1,133.8,0,0
RES_PE,D,20211028,000000,126.8,133.1,126.8,129.2,0,0
RES_PE,D,20211029,000000,129.6,129.6,125.4,129.4,0,0
RES_PE,D,20211102,000000,129.6,129.6,122.5,128.9,0,0
RES_PE,D,20211103,000000,128.9,130,128.9,130,0,0
RES_PE,D,20211104,000000,122.5,132.9,122.5,132.9,0,0
RES_PE,D,20211105,000000,132.4,145.4,132.4,145.4,0,0
RES_PE,D,20211108,000000,146.5,152.1,140.8,147.1,0,0
RES_PE,D,20211109,000000,142.3,147.9,140.8,147.2,0,0
RES_PE,D,20211110,000000,143.7,148.4,143.7,148.4,0,0
RES_PE,D,20211112,000000,147.9,147.9,139.4,144.3,0,0
RES_PE,D,20211115,000000,145.1,150.7,138,144.3,0,0
RES_PE,D,20211116,000000,144.9,150.7,144.9,144.9,0,0
RES_PE,D,20211117,000000,137.5,141.7,137.5,139.5,0,0
RES_PE,D,20211118,000000,138.9,139.5,136.1,139.5,0,0
RES_PE,D,20211119,000000,136.1,138.9,136,136,0,0
RES_PE,D,20211122,000000,138.9,138.9,137.5,137.7,0,0
RES_PE,D,20211123,000000,135.6,137,123.3,130.1,0,0
RES_PE,D,20211124,000000,130.1,131.9,126,131.9,0,0
RES_PE,D,20211125,000000,126.4,136.1,125,132.3,0,0
RES_PE,D,20211126,000000,125,129.2,124.3,128.5,0,0
RES_PE,D,20211129,000000,129.2,129.2,125,127.3,0,0
RES_PE,D,20211130,000000,127.8,127.8,127.8,127.8,0,0
RES_PE,D,20211201,000000,127.8,130,127.8,130,0,0
RES_PE,D,20211202,000000,129.2,131.4,129.2,131.4,0,0
RES_PE,D,20211203,000000,123.9,127.4,123.9,127.4,0,0
RES_PE,D,20211206,000000,126.8,127.5,122.5,127.5,0,0
RES_PE,D,20211207,000000,126.8,127.2,126.1,127.2,0,0
RES_PE,D,20211208,000000,123.9,127.3,123.9,127.3,0,0
RES_PE,D,20211209,000000,126.8,126.8,125.9,125.9,0,0
RES_PE,D,20211210,000000,124.6,126.1,124.6,126.1,0,0
RES_PE,D,20211213,000000,126.8,126.8,119.7,126.6,0,0
RES_PE,D,20211214,000000,120.4,120.4,116.9,119,0,0
RES_PE,D,20211215,000000,112.7,119.7,108.5,112.5,0,0
RES_PE,D,20211216,000000,112.7,112.7,112.3,112.3,0,0
RES_PE,D,20211217,000000,112.7,112.7,112.2,112.2,0,0
RES_PE,D,20211220,000000,112.7,112.7,107,110.7,0,0
RES_PE,D,20211221,000000,111.3,111.3,106.8,106.8,0,0
RES_PE,D,20211222,000000,104.2,107,104.2,106.8,0,0
RES_PE,D,20211223,000000,107,115.5,107,108.7,0,0
RES_PE,D,20211227,000000,107.7,108.5,107.5,107.5,0,0
RES_PE,D,20211228,000000,108.5,108.7,102.8,108.7,0,0
RES_PE,D,20211229,000000,108.5,133.1,108.5,127.2,0,0
RES_PE,D,20211230,000000,132.4,139.4,131.7,138.7,0,0
RES_PE,D,20220103,000000,140.8,140.8,133.8,134.6,0,0
RES_PE,D,20220104,000000,133.8,135,128.9,135,0,0
RES_PE,D,20220105,000000,135.7,135.7,130.9,130.9,0,0
RES_PE,D,20220107,000000,134.3,134.3,125.7,128.4,0,0
RES_PE,D,20220110,000000,128.6,128.6,124.3,128.2,0,0
RES_PE,D,20220111,000000,127.1,128.6,121.4,127.3,0,0
RES_PE,D,20220112,000000,127.1,129.1,127.1,129.1,0,0
RES_PE,D,20220113,000000,128.6,129.2,125,129.2,0,0
RES_PE,D,20220114,000000,128.6,135.7,128.6,133.2,0,0
RES_PE,D,20220117,000000,133.6,134.3,131.4,132.3,0,0
RES_PE,D,20220118,000000,135.7,135.7,128.6,135.7,0,0
RES_PE,D,20220119,000000,135,150,135,146.4,0,0
RES_PE,D,20220120,000000,145.7,145.7,138.6,145.3,0,0
RES_PE,D,20220121,000000,137.1,144.9,132.9,144.9,0,0
RES_PE,D,20220124,000000,140.7,157.1,140.7,143.3,0,0
RES_PE,D,20220125,000000,142.9,142.9,138.6,141.9,0,0
RES_PE,D,20220126,000000,142.9,145.7,142.9,144.4,0,0
RES_PE,D,20220127,000000,140.8,147.9,140.8,145,0,0
RES_PE,D,20220131,000000,142.9,150,135.7,140.7,0,0
RES_PE,D,20220201,000000,140.1,140.1,133.8,134.8,0,0
RES_PE,D,20220202,000000,135.7,135.7,134.3,135.7,0,0
RES_PE,D,20220203,000000,135.7,135.7,132.9,134.5,0,0
RES_PE,D,20220204,000000,134.3,141.4,134.3,137.3,0,0
RES_PE,D,20220207,000000,140,140,131.4,134.1,0,0
RES_PE,D,20220208,000000,134.3,140,130.7,135.7,0,0
RES_PE,D,20220209,000000,135.7,135.7,130.7,135.7,0,0
RES_PE,D,20220210,000000,135.7,136.2,134.3,136.2,0,0
RES_PE,D,20220211,000000,137.7,137.7,130.4,135.3,0,0
RES_PE,D,20220214,000000,130.4,130.4,126.8,127.9,0,0
RES_PE,D,20220215,000000,127.1,129.7,127.1,129.7,0,0
RES_PE,D,20220216,000000,130.4,130.4,126.1,130.3,0,0
RES_PE,D,20220217,000000,130.4,130.4,118.1,121.8,0,0
RES_PE,D,20220218,000000,123.2,123.2,113.8,120.7,0,0
RES_PE,D,20220221,000000,120,121.5,120,121.5,0,0
RES_PE,D,20220222,000000,114.3,120.9,112.9,120.9,0,0
RES_PE,D,20220223,000000,115,120.7,112.1,112.5,0,0
RES_PE,D,20220224,000000,107.1,107.1,96.4,98.3,0,0
RES_PE,D,20220225,000000,97.2,98.6,85.9,97.6,0,0
RES_PE,D,20220228,000000,97.2,106.9,96.5,106.7,0,0
RES_PE,D,20220301,000000,104.2,106.7,93.8,94.3,0,0
RES_PE,D,20220302,000000,95.9,95.9,83.6,86.7,0,0
RES_PE,D,20220303,000000,81.8,81.8,71.6,74.6,0,0
RES_PE,D,20220304,000000,74.3,74.3,63,71.2,0,0
RES_PE,D,20220307,000000,70.9,71.6,69.4,69.4,0,0
RES_PE,D,20220308,000000,68.4,70.1,68.4,70.1,0,0
RES_PE,D,20220309,000000,67.1,71.1,67.1,71.1,0,0
RES_PE,D,20220310,000000,70.7,71.8,66.7,71.8,0,0
RES_PE,D,20220311,000000,71.6,84.8,71.6,84.8,0,0
RES_PE,D,20220314,000000,92.6,95.9,89.9,95.9,0,0
RES_PE,D,20220315,000000,95.9,95.9,86.3,93.4,0,0
RES_PE,D,20220316,000000,86.3,93.3,86.3,93.3,0,0
RES_PE,D,20220317,000000,90.3,95.8,90.1,90.1,0,0
RES_PE,D,20220318,000000,86.8,94.4,86.8,92.2,0,0
RES_PE,D,20220321,000000,89,92.5,89,90,0,0
RES_PE,D,20220322,000000,84.7,90.3,84.7,89.9,0,0
RES_PE,D,20220323,000000,85.4,90.3,85.4,88.5,0,0
RES_PE,D,20220324,000000,90.3,90.3,87.5,88.8,0,0
RES_PE,D,20220325,000000,86.3,89,82.9,88.3,0,0
RES_PE,D,20220328,000000,88.4,89.2,88.4,89.2,0,0
RES_PE,D,20220329,000000,89.6,90.3,87.5,88.2,0,0
RES_PE,D,20220330,000000,89,89.5,86.3,89.5,0,0
RES_PE,D,20220331,000000,89.6,90.1,89.6,90.1,0,0
RES_PE,D,20220401,000000,88.9,90.3,84,89.6,0,0
RES_PE,D,20220404,000000,90.8,90.8,84.5,88.3,0,0
RES_PE,D,20220405,000000,85.9,90.1,81.7,89.8,0,0
RES_PE,D,20220406,000000,85.9,86.6,81.7,85.9,0,0
RES_PE,D,20220407,000000,89.6,89.6,84.7,86.7,0,0
RES_PE,D,20220408,000000,86.1,86.9,86.1,86.9,0,0
RES_PE,D,20220411,000000,87.3,87.3,86.8,86.8,0,0
RES_PE,D,20220412,000000,90.8,91.5,86.8,89.9,0,0
RES_PE,D,20220413,000000,87.5,94.4,80.8,88.1,0,0
RES_PE,D,20220414,000000,87.5,90.7,83.6,90.7,0,0
RES_PE,D,20220419,000000,91.3,91.3,88.3,88.3,0,0
RES_PE,D,20220420,000000,88.7,91.3,86.5,91,0,0
RES_PE,D,20220421,000000,85.9,91.3,85.1,89.4,0,0
RES_PE,D,20220422,000000,88.9,88.9,84.2,88.9,0,0
RES_PE,D,20220425,000000,84.7,87.5,81.4,82.6,0,0
RES_PE,D,20220426,000000,83.1,83.1,81.7,82.6,0,0
RES_PE,D,20220427,000000,83.1,83.1,81.5,81.5,0,0
RES_PE,D,20220428,000000,81.9,81.9,81.5,81.5,0,0
RES_PE,D,20220429,000000,81.9,86.5,81.5,86.5,0,0
RES_PE,D,20220504,000000,85.6,85.9,85.6,85.9,0,0
RES_PE,D,20220506,000000,85.8,85.8,76.1,76.1,0,0
RES_PE,D,20220509,000000,81.9,81.9,81.5,81.5,0,0
RES_PE,D,20220510,000000,79.2,83.4,79.2,83.4,0,0
RES_PE,D,20220511,000000,83.3,83.5,83.3,83.5,0,0
RES_PE,D,20220512,000000,83.3,83.3,79.2,82.7,0,0
RES_PE,D,20220513,000000,80.6,83,80.6,83,0,0
RES_PE,D,20220516,000000,82.8,82.9,82.8,82.9,0,0
RES_PE,D,20220517,000000,83.3,83.8,78.1,83.8,0,0
RES_PE,D,20220518,000000,83.3,83.8,80.6,83.8,0,0
RES_PE,D,20220519,000000,83.3,83.3,76.4,81.2,0,0
RES_PE,D,20220520,000000,81.7,81.7,80.8,80.8,0,0
RES_PE,D,20220523,000000,81.7,81.7,76.3,81.7,0,0
RES_PE,D,20220524,000000,81.7,84.3,74.6,84.3,0,0
RES_PE,D,20220525,000000,83.1,84.5,77.5,77.8,0,0
RES_PE,D,20220526,000000,69,75.8,69,75.8,0,0
RES_PE,D,20220527,000000,84.5,84.5,76.3,76.4,0,0
RES_PE,D,20220530,000000,82.5,83.1,81.7,83.1,0,0
