<TICKER>,<PER>,<DATE>,<TIME>,<OPEN>,<HIGH>,<LOW>,<CLOSE>,<VOL>,<OPENINT>
SES_PB,D,20130522,000000,4.3529,4.3529,4.3529,4.3529,0,0
SES_PB,D,20130523,000000,4.3134,4.3134,4.3134,4.3134,0,0
SES_PB,D,20130524,000000,4.3134,4.3134,4.3134,4.3134,0,0
SES_PB,D,20130527,000000,4.2342,4.2342,4.2342,4.2342,0,0
SES_PB,D,20130529,000000,4.2342,4.2342,4.2342,4.2342,0,0
SES_PB,D,20130603,000000,4.2342,4.2342,4.2342,4.2342,0,0
SES_PB,D,20130604,000000,4.2342,4.2342,4.2342,4.2342,0,0
SES_PB,D,20130610,000000,4.2342,4.2342,4.2342,4.2342,0,0
SES_PB,D,20130613,000000,4.2342,4.2342,4.2342,4.2342,0,0
SES_PB,D,20130614,000000,4.2342,4.2342,4.2342,4.2342,0,0
SES_PB,D,20130617,000000,4.2342,4.2342,4.2342,4.2342,0,0
SES_PB,D,20130618,000000,4.2342,4.2342,4.2342,4.2342,0,0
SES_PB,D,20130619,000000,4.2342,4.2342,4.2342,4.2342,0,0
SES_PB,D,20130621,000000,4.2342,4.2342,4.2342,4.2342,0,0
SES_PB,D,20130624,000000,4.2342,4.2342,4.2342,4.2342,0,0
SES_PB,D,20130625,000000,4.2342,4.2342,4.2342,4.2342,0,0
SES_PB,D,20130626,000000,4.2342,4.2342,4.2342,4.2342,0,0
SES_PB,D,20130627,000000,4.1155,4.1155,4.1155,4.1155,0,0
SES_PB,D,20130628,000000,4.1551,4.1551,4.1551,4.1551,0,0
SES_PB,D,20130702,000000,4.1155,4.1155,4.1155,4.1155,0,0
SES_PB,D,20130703,000000,4.0759,4.0759,3.9572,3.9572,0,0
SES_PB,D,20130704,000000,3.9176,3.9176,3.9176,3.9176,0,0
SES_PB,D,20130705,000000,3.9176,3.9176,3.9176,3.9176,0,0
SES_PB,D,20130708,000000,3.7198,3.7198,3.7198,3.7198,0,0
SES_PB,D,20130709,000000,3.5714,3.9176,3.5714,3.9176,0,0
SES_PB,D,20130712,000000,3.9176,3.9176,3.9176,3.9176,0,0
SES_PB,D,20130715,000000,3.9176,3.9176,3.9176,3.9176,0,0
SES_PB,D,20130716,000000,3.9176,3.9176,3.9176,3.9176,0,0
SES_PB,D,20130717,000000,3.9176,3.9176,3.9176,3.9176,0,0
SES_PB,D,20130719,000000,3.9176,3.9176,3.9176,3.9176,0,0
SES_PB,D,20130722,000000,3.9176,3.9176,3.9176,3.9176,0,0
SES_PB,D,20130725,000000,3.9176,3.9176,3.9176,3.9176,0,0
SES_PB,D,20130726,000000,3.9176,3.9176,3.9176,3.9176,0,0
SES_PB,D,20130730,000000,3.9176,3.9176,3.9176,3.9176,0,0
SES_PB,D,20130731,000000,3.9176,3.9176,3.9176,3.9176,0,0
SES_PB,D,20130801,000000,3.9176,3.9176,3.9176,3.9176,0,0
SES_PB,D,20130802,000000,3.9176,3.9176,3.9176,3.9176,0,0
SES_PB,D,20130805,000000,3.9176,3.9176,3.9176,3.9176,0,0
SES_PB,D,20130806,000000,3.9176,3.9176,3.9176,3.9176,0,0
SES_PB,D,20130807,000000,3.9176,3.9176,3.9176,3.9176,0,0
SES_PB,D,20130808,000000,3.9176,3.9176,3.9176,3.9176,0,0
SES_PB,D,20130809,000000,3.9176,3.9176,3.9176,3.9176,0,0
SES_PB,D,20130812,000000,3.9176,3.9176,3.9176,3.9176,0,0
SES_PB,D,20130813,000000,3.9176,3.9176,3.9176,3.9176,0,0
SES_PB,D,20130814,000000,3.9176,3.9176,3.9176,3.9176,0,0
SES_PB,D,20130816,000000,3.9176,3.9176,3.9176,3.9176,0,0
SES_PB,D,20130819,000000,3.9176,3.9176,3.9176,3.9176,0,0
SES_PB,D,20130821,000000,3.9176,3.9176,3.9176,3.9176,0,0
SES_PB,D,20130822,000000,3.9176,3.9176,3.9176,3.9176,0,0
SES_PB,D,20130823,000000,3.9176,3.9176,3.9176,3.9176,0,0
SES_PB,D,20130826,000000,3.9176,3.9176,3.9176,3.9176,0,0
SES_PB,D,20130827,000000,3.9176,3.9176,3.9176,3.9176,0,0
SES_PB,D,20130828,000000,3.9176,3.9176,3.9176,3.9176,0,0
SES_PB,D,20130829,000000,3.9176,3.9176,3.9176,3.9176,0,0
SES_PB,D,20130830,000000,3.9176,3.9176,3.9176,3.9176,0,0
SES_PB,D,20130902,000000,3.9176,3.9176,3.9176,3.9176,0,0
SES_PB,D,20130903,000000,3.9176,3.9176,3.9176,3.9176,0,0
SES_PB,D,20130904,000000,3.9176,3.9176,3.9176,3.9176,0,0
SES_PB,D,20130905,000000,3.9176,3.9176,3.9176,3.9176,0,0
SES_PB,D,20130906,000000,3.9176,3.9176,3.9176,3.9176,0,0
SES_PB,D,20130909,000000,3.9176,3.9176,3.9176,3.9176,0,0
SES_PB,D,20130910,000000,3.9176,3.9176,3.9176,3.9176,0,0
SES_PB,D,20130911,000000,3.9176,3.9176,3.9176,3.9176,0,0
SES_PB,D,20130912,000000,3.9176,3.9176,3.9176,3.9176,0,0
SES_PB,D,20130913,000000,3.9176,3.9176,3.9176,3.9176,0,0
SES_PB,D,20130916,000000,3.9176,3.9176,3.9176,3.9176,0,0
SES_PB,D,20130917,000000,3.9176,3.9176,3.9176,3.9176,0,0
SES_PB,D,20130918,000000,3.9176,3.9176,2.216,2.216,0,0
SES_PB,D,20130919,000000,2.216,2.216,2.216,2.216,0,0
SES_PB,D,20130920,000000,2.216,2.216,2.216,2.216,0,0
SES_PB,D,20130923,000000,2.216,2.216,2.216,2.216,0,0
SES_PB,D,20130924,000000,2.216,2.216,2.216,2.216,0,0
SES_PB,D,20130925,000000,2.216,2.216,2.2061,2.2061,0,0
SES_PB,D,20130926,000000,2.216,2.216,2.216,2.216,0,0
SES_PB,D,20130927,000000,2.216,2.216,2.216,2.216,0,0
SES_PB,D,20130930,000000,2.216,2.216,2.216,2.216,0,0
SES_PB,D,20131001,000000,2.216,2.216,2.216,2.216,0,0
SES_PB,D,20131002,000000,2.216,2.216,2.216,2.216,0,0
SES_PB,D,20131003,000000,2.216,2.216,2.216,2.216,0,0
SES_PB,D,20131004,000000,2.216,2.216,2.216,2.216,0,0
SES_PB,D,20131007,000000,2.216,2.216,2.216,2.216,0,0
SES_PB,D,20131009,000000,2.216,2.216,2.216,2.216,0,0
SES_PB,D,20131010,000000,2.216,2.216,2.216,2.216,0,0
SES_PB,D,20131011,000000,2.216,2.216,2.216,2.216,0,0
SES_PB,D,20131014,000000,2.216,2.216,2.216,2.216,0,0
SES_PB,D,20131015,000000,2.0578,2.216,2.0578,2.216,0,0
SES_PB,D,20131016,000000,2.216,2.216,2.216,2.216,0,0
SES_PB,D,20131017,000000,2.216,2.216,2.216,2.216,0,0
SES_PB,D,20131018,000000,2.216,2.216,2.216,2.216,0,0
SES_PB,D,20131021,000000,2.216,2.216,2.216,2.216,0,0
SES_PB,D,20131022,000000,2.216,2.216,2.216,2.216,0,0
SES_PB,D,20131023,000000,2.216,2.3743,2.216,2.3743,0,0
SES_PB,D,20131024,000000,2.3743,2.3743,2.3743,2.3743,0,0
SES_PB,D,20131115,000000,2.404,2.4337,2.404,2.4337,0,0
SES_PB,D,20131118,000000,2.4337,2.4337,2.4337,2.4337,0,0
SES_PB,D,20131119,000000,2.4337,2.4337,2.4337,2.4337,0,0
SES_PB,D,20131120,000000,2.4337,2.4337,2.4337,2.4337,0,0
SES_PB,D,20131121,000000,2.5425,2.6118,2.5425,2.6118,0,0
SES_PB,D,20140116,000000,2.7404,2.9679,2.7404,2.9679,0,0
SES_PB,D,20140117,000000,2.8789,2.8789,2.3249,2.3249,0,0
SES_PB,D,20140130,000000,2.6118,2.6513,2.6118,2.6513,0,0
SES_PB,D,20140325,000000,2.3644,2.3644,2.3644,2.3644,0,0
SES_PB,D,20140401,000000,2.3644,2.3644,2.3644,2.3644,0,0
SES_PB,D,20140402,000000,2.3644,2.3644,2.3644,2.3644,0,0
SES_PB,D,20140410,000000,2.3842,2.3842,2.3447,2.3447,0,0
SES_PB,D,20140411,000000,2.1765,2.1765,2.1765,2.1765,0,0
SES_PB,D,20140414,000000,2.0676,2.0676,2.0676,2.0676,0,0
SES_PB,D,20140516,000000,2.0281,2.0281,1.9291,1.9291,0,0
SES_PB,D,20140519,000000,1.9291,1.9291,1.9291,1.9291,0,0
SES_PB,D,20140520,000000,1.9291,1.9291,1.9094,1.9094,0,0
SES_PB,D,20140521,000000,1.9094,1.9094,1.9094,1.9094,0,0
SES_PB,D,20140522,000000,1.9094,1.9094,1.9094,1.9094,0,0
SES_PB,D,20140523,000000,1.9094,1.9094,1.9094,1.9094,0,0
SES_PB,D,20140604,000000,1.85,1.85,1.5631,1.5631,0,0
SES_PB,D,20140610,000000,1.7214,1.7214,1.7214,1.7214,0,0
SES_PB,D,20140806,000000,1.7313,1.7313,1.662,1.662,0,0
SES_PB,D,20140807,000000,1.662,1.662,1.662,1.662,0,0
SES_PB,D,20140808,000000,1.662,1.662,1.6225,1.6225,0,0
SES_PB,D,20141008,000000,1.5235,1.5235,1.5235,1.5235,0,0
SES_PB,D,20141009,000000,1.5334,1.5334,1.5334,1.5334,0,0
SES_PB,D,20141010,000000,1.5433,1.5433,1.5433,1.5433,0,0
SES_PB,D,20141014,000000,1.5532,1.5532,1.5532,1.5532,0,0
SES_PB,D,20141015,000000,1.5532,1.5532,1.5532,1.5532,0,0
SES_PB,D,20141016,000000,1.5532,1.5532,1.5532,1.5532,0,0
SES_PB,D,20141022,000000,1.5532,1.5532,1.5532,1.5532,0,0
SES_PB,D,20141023,000000,1.5532,1.5532,1.5532,1.5532,0,0
SES_PB,D,20141028,000000,1.573,1.573,1.573,1.573,0,0
SES_PB,D,20141031,000000,1.5433,1.5433,1.5433,1.5433,0,0
SES_PB,D,20141103,000000,1.5433,1.5433,1.5433,1.5433,0,0
SES_PB,D,20141104,000000,1.5433,1.5433,1.5433,1.5433,0,0
SES_PB,D,20141105,000000,1.5433,1.5433,1.5433,1.5433,0,0
SES_PB,D,20141110,000000,1.5334,1.5334,1.4741,1.4741,0,0
SES_PB,D,20141112,000000,1.5334,1.5334,1.4444,1.4444,0,0
SES_PB,D,20141118,000000,1.4543,1.4543,1.3652,1.3652,0,0
SES_PB,D,20141119,000000,1.3652,1.3652,1.3455,1.3553,0,0
SES_PB,D,20141125,000000,1.4741,1.4741,1.4741,1.4741,0,0
SES_PB,D,20141211,000000,1.296,1.296,1.296,1.296,0,0
SES_PB,D,20141212,000000,1.296,1.296,1.296,1.296,0,0
SES_PB,D,20141229,000000,1.3257,1.4444,1.3257,1.4444,0,0
SES_PB,D,20141230,000000,1.2267,1.4246,1.207,1.2366,0,0
SES_PB,D,20150102,000000,1.3356,1.6126,1.3356,1.6126,0,0
SES_PB,D,20150108,000000,1.4939,1.6521,1.484,1.6521,0,0
SES_PB,D,20150109,000000,1.6521,1.6521,1.484,1.6521,0,0
SES_PB,D,20150112,000000,1.6422,1.9687,1.6422,1.9687,0,0
SES_PB,D,20150113,000000,2.3545,2.4832,2.315,2.315,0,0
SES_PB,D,20150114,000000,2.315,2.315,2.1468,2.1468,0,0
SES_PB,D,20150116,000000,2.2358,2.2655,2.2358,2.2655,0,0
SES_PB,D,20150119,000000,2.2655,2.2655,2.2655,2.2655,0,0
SES_PB,D,20150121,000000,2.2655,2.5227,2.2655,2.5227,0,0
SES_PB,D,20150123,000000,2.5227,2.5227,2.5227,2.5227,0,0
SES_PB,D,20150126,000000,2.5227,2.6909,2.5227,2.6909,0,0
SES_PB,D,20150127,000000,2.8294,2.8294,2.7799,2.7799,0,0
SES_PB,D,20150210,000000,2.7799,2.7799,2.6217,2.6217,0,0
SES_PB,D,20150211,000000,2.6217,2.6217,2.6217,2.6217,0,0
SES_PB,D,20150212,000000,2.6019,2.6019,2.6019,2.6019,0,0
SES_PB,D,20150213,000000,2.5722,2.5722,2.5722,2.5722,0,0
SES_PB,D,20150217,000000,2.5227,2.5227,2.4139,2.4139,0,0
SES_PB,D,20150218,000000,2.3348,2.404,2.3348,2.404,0,0
SES_PB,D,20150220,000000,2.4139,2.4139,2.3348,2.3348,0,0
SES_PB,D,20150223,000000,2.3348,2.3348,2.2556,2.2556,0,0
SES_PB,D,20150224,000000,2.2556,2.2556,2.2556,2.2556,0,0
SES_PB,D,20150225,000000,2.2556,2.2556,2.2556,2.2556,0,0
SES_PB,D,20150226,000000,2.2556,2.2556,2.2556,2.2556,0,0
SES_PB,D,20150227,000000,2.2556,2.2556,2.2556,2.2556,0,0
SES_PB,D,20150302,000000,2.2556,2.2556,2.2556,2.2556,0,0
SES_PB,D,20150303,000000,2.2556,2.2556,2.2556,2.2556,0,0
SES_PB,D,20150304,000000,2.2556,2.2556,2.2556,2.2556,0,0
SES_PB,D,20150306,000000,2.2556,2.3842,2.2556,2.3842,0,0
SES_PB,D,20150309,000000,2.3842,2.3842,2.3348,2.3447,0,0
SES_PB,D,20150310,000000,2.3842,2.3842,2.3842,2.3842,0,0
SES_PB,D,20150311,000000,2.4139,2.4139,2.4139,2.4139,0,0
SES_PB,D,20150312,000000,2.4139,2.4139,2.4139,2.4139,0,0
SES_PB,D,20150313,000000,2.4139,2.4139,2.4139,2.4139,0,0
SES_PB,D,20150316,000000,2.4139,2.4139,2.4139,2.4139,0,0
SES_PB,D,20150317,000000,2.4139,2.4139,2.4139,2.4139,0,0
SES_PB,D,20150318,000000,2.4139,2.4139,2.4139,2.4139,0,0
SES_PB,D,20150319,000000,2.4139,2.4139,2.4139,2.4139,0,0
SES_PB,D,20150323,000000,2.4139,2.4139,2.4139,2.4139,0,0
SES_PB,D,20150327,000000,2.4139,2.4139,2.4139,2.4139,0,0
SES_PB,D,20150330,000000,2.5623,2.5623,2.5623,2.5623,0,0
SES_PB,D,20150331,000000,2.5623,2.5623,2.5623,2.5623,0,0
SES_PB,D,20150401,000000,2.5623,2.5623,2.5623,2.5623,0,0
SES_PB,D,20150402,000000,2.5623,2.5623,2.5623,2.5623,0,0
SES_PB,D,20150407,000000,2.5623,2.5623,2.5623,2.5623,0,0
SES_PB,D,20150408,000000,2.5623,2.6118,2.5623,2.6118,0,0
SES_PB,D,20150409,000000,2.5722,2.5722,2.5722,2.5722,0,0
SES_PB,D,20150410,000000,2.6316,2.6316,2.6316,2.6316,0,0
SES_PB,D,20150414,000000,2.6711,2.6711,2.6711,2.6711,0,0
SES_PB,D,20150415,000000,2.6711,2.6909,2.6711,2.6909,0,0
SES_PB,D,20150420,000000,2.6909,2.6909,2.6909,2.6909,0,0
SES_PB,D,20150424,000000,2.7404,2.7404,2.7404,2.7404,0,0
SES_PB,D,20150427,000000,2.7404,2.8987,2.7404,2.8987,0,0
SES_PB,D,20150514,000000,2.8987,2.8987,2.8987,2.8987,0,0
SES_PB,D,20150605,000000,2.8294,2.8294,2.8294,2.8294,0,0
SES_PB,D,20150610,000000,2.8294,3.3834,2.8294,3.3834,0,0
SES_PB,D,20150611,000000,3.3834,3.3834,2.9877,3.3834,0,0
SES_PB,D,20150612,000000,3.3834,3.3834,3.3834,3.3834,0,0
SES_PB,D,20150616,000000,3.611,3.7693,3.611,3.7693,0,0
SES_PB,D,20150617,000000,3.4527,3.4527,2.8294,2.8294,0,0
SES_PB,D,20150618,000000,3.3834,3.3834,3.1163,3.1163,0,0
SES_PB,D,20150619,000000,3.1163,3.1163,3.1163,3.1163,0,0
SES_PB,D,20150831,000000,3.1163,3.1163,3.1163,3.1163,0,0
SES_PB,D,20150904,000000,3.1163,3.1163,3.1163,3.1163,0,0
SES_PB,D,20150910,000000,2.9382,2.9382,2.9382,2.9382,0,0
SES_PB,D,20150914,000000,2.9382,2.9382,2.9382,2.9382,0,0
SES_PB,D,20150916,000000,2.9382,2.9382,2.9382,2.9382,0,0
SES_PB,D,20150922,000000,2.9382,2.9382,2.9382,2.9382,0,0
SES_PB,D,20150925,000000,2.9382,2.9382,2.9382,2.9382,0,0
SES_PB,D,20150928,000000,2.9382,2.9382,2.9382,2.9382,0,0
SES_PB,D,20150929,000000,2.9382,2.9382,2.9382,2.9382,0,0
SES_PB,D,20150930,000000,2.9382,2.9382,2.9382,2.9382,0,0
SES_PB,D,20151001,000000,2.9382,2.9382,2.9382,2.9382,0,0
SES_PB,D,20151002,000000,2.9382,2.9382,2.9382,2.9382,0,0
SES_PB,D,20151005,000000,2.9382,2.9382,2.9382,2.9382,0,0
SES_PB,D,20151006,000000,2.9382,2.9382,2.9382,2.9382,0,0
SES_PB,D,20151007,000000,2.9382,2.9382,2.9382,2.9382,0,0
SES_PB,D,20151009,000000,2.9382,2.9382,2.9382,2.9382,0,0
SES_PB,D,20151026,000000,2.9382,2.9382,2.9382,2.9382,0,0
SES_PB,D,20151120,000000,2.9382,2.9382,2.9382,2.9382,0,0
SES_PB,D,20151211,000000,2.2556,2.2556,2.2556,2.2556,0,0
SES_PB,D,20151215,000000,2.2556,2.2556,2.2556,2.2556,0,0
SES_PB,D,20151217,000000,2.2556,2.2556,2.2556,2.2556,0,0
SES_PB,D,20151218,000000,2.2556,2.2556,2.2556,2.2556,0,0
SES_PB,D,20160115,000000,2.2358,2.2358,2.2358,2.2358,0,0
SES_PB,D,20160202,000000,2.2259,2.2259,2.2259,2.2259,0,0
SES_PB,D,20160315,000000,2.0676,2.0775,2.0676,2.0775,0,0
SES_PB,D,20160316,000000,2.1072,2.1072,2.1072,2.1072,0,0
SES_PB,D,20160321,000000,2.1072,2.1072,2.1072,2.1072,0,0
SES_PB,D,20160322,000000,2.1072,2.1072,2.1072,2.1072,0,0
SES_PB,D,20160323,000000,2.1072,2.1072,2.1072,2.1072,0,0
SES_PB,D,20160324,000000,2.1072,2.1072,2.1072,2.1072,0,0
SES_PB,D,20160329,000000,2.1072,2.1072,2.1072,2.1072,0,0
SES_PB,D,20160330,000000,2.1072,2.1072,2.1072,2.1072,0,0
SES_PB,D,20160331,000000,2.1072,2.1072,2.1072,2.1072,0,0
SES_PB,D,20160401,000000,2.1072,2.1072,2.1072,2.1072,0,0
SES_PB,D,20160404,000000,2.1072,2.1072,2.1072,2.1072,0,0
SES_PB,D,20160405,000000,2.1072,2.1072,2.1072,2.1072,0,0
SES_PB,D,20160406,000000,2.1072,2.1072,2.1072,2.1072,0,0
SES_PB,D,20160407,000000,2.1072,2.1072,2.1072,2.1072,0,0
SES_PB,D,20160408,000000,2.1072,2.1072,2.1072,2.1072,0,0
SES_PB,D,20160411,000000,2.1072,2.1072,2.1072,2.1072,0,0
SES_PB,D,20160412,000000,2.1072,2.1072,2.1072,2.1072,0,0
SES_PB,D,20160413,000000,2.1072,2.1072,2.1072,2.1072,0,0
SES_PB,D,20160414,000000,2.1072,2.1072,2.1072,2.1072,0,0
SES_PB,D,20160415,000000,2.1072,2.1072,2.1072,2.1072,0,0
SES_PB,D,20160418,000000,2.1072,2.1072,2.1072,2.1072,0,0
SES_PB,D,20160419,000000,2.1072,2.1072,2.1072,2.1072,0,0
SES_PB,D,20160420,000000,2.1072,2.1072,2.0775,2.0775,0,0
SES_PB,D,20160421,000000,2.0775,2.0775,2.0775,2.0775,0,0
SES_PB,D,20160422,000000,2.0775,2.0775,2.0775,2.0775,0,0
SES_PB,D,20160425,000000,2.0775,2.0775,2.0775,2.0775,0,0
SES_PB,D,20160426,000000,2.0775,2.0775,2.0775,2.0775,0,0
SES_PB,D,20160427,000000,2.0775,2.0775,2.0775,2.0775,0,0
SES_PB,D,20160428,000000,2.0775,2.0775,2.0775,2.0775,0,0
SES_PB,D,20160429,000000,2.0775,2.0775,2.0775,2.0775,0,0
SES_PB,D,20160502,000000,2.0775,2.0775,2.0775,2.0775,0,0
SES_PB,D,20160504,000000,2.0775,2.0775,2.0775,2.0775,0,0
SES_PB,D,20160505,000000,2.0775,2.0775,2.0775,2.0775,0,0
SES_PB,D,20160506,000000,2.0775,2.0775,2.0775,2.0775,0,0
SES_PB,D,20160509,000000,2.0578,2.0578,2.0578,2.0578,0,0
SES_PB,D,20160510,000000,2.0578,2.0578,2.0578,2.0578,0,0
SES_PB,D,20160511,000000,2.0578,2.0578,2.0578,2.0578,0,0
SES_PB,D,20160512,000000,2.0578,2.0578,2.0578,2.0578,0,0
SES_PB,D,20160513,000000,2.0578,2.0578,1.9489,1.9489,0,0
SES_PB,D,20160516,000000,1.9687,1.9786,1.9687,1.9786,0,0
SES_PB,D,20160517,000000,1.9687,1.9687,1.9687,1.9687,0,0
SES_PB,D,20160518,000000,1.9588,1.9588,1.9588,1.9588,0,0
SES_PB,D,20160519,000000,1.9588,1.9588,1.9588,1.9588,0,0
SES_PB,D,20160520,000000,1.9588,1.9588,1.9588,1.9588,0,0
SES_PB,D,20160523,000000,1.9588,1.9588,1.9588,1.9588,0,0
SES_PB,D,20160603,000000,1.7906,1.7906,1.7906,1.7906,0,0
SES_PB,D,20160607,000000,1.8005,1.939,1.8005,1.939,0,0
SES_PB,D,20160609,000000,1.8203,1.8203,1.8203,1.8203,0,0
SES_PB,D,20160610,000000,1.8599,1.8599,1.8599,1.8599,0,0
SES_PB,D,20160615,000000,1.9193,1.9193,1.9193,1.9193,0,0
SES_PB,D,20160620,000000,1.939,1.9885,1.939,1.9885,0,0
SES_PB,D,20160623,000000,2.038,2.038,2.038,2.038,0,0
SES_PB,D,20160624,000000,1.939,1.939,1.8797,1.8797,0,0
SES_PB,D,20160628,000000,1.939,1.939,1.939,1.939,0,0
SES_PB,D,20160705,000000,1.939,1.939,1.939,1.939,0,0
SES_PB,D,20160707,000000,1.9885,2.0182,1.9885,2.0182,0,0
SES_PB,D,20160708,000000,2.0083,2.0083,1.9687,1.9687,0,0
SES_PB,D,20160711,000000,2.0182,2.0874,2.0182,2.0874,0,0
SES_PB,D,20160712,000000,2.0874,2.0874,2.0874,2.0874,0,0
SES_PB,D,20160713,000000,2.0874,2.0874,2.0874,2.0874,0,0
SES_PB,D,20160725,000000,2.1171,2.1171,2.1171,2.1171,0,0
SES_PB,D,20160726,000000,2.1171,2.1171,2.1171,2.1171,0,0
SES_PB,D,20160729,000000,2.1171,2.1171,2.1171,2.1171,0,0
SES_PB,D,20160803,000000,2.1171,2.1171,2.1171,2.1171,0,0
SES_PB,D,20160804,000000,2.1171,2.1171,2.1171,2.1171,0,0
SES_PB,D,20160805,000000,2.1171,2.1171,2.1171,2.1171,0,0
SES_PB,D,20160808,000000,2.1171,2.1171,2.1171,2.1171,0,0
SES_PB,D,20160809,000000,2.1171,2.1171,2.1171,2.1171,0,0
SES_PB,D,20160811,000000,2.1171,2.1171,2.1171,2.1171,0,0
SES_PB,D,20160817,000000,2.0874,2.0874,2.0874,2.0874,0,0
SES_PB,D,20160818,000000,2.0874,2.0874,2.0182,2.0182,0,0
SES_PB,D,20160819,000000,1.9687,1.9687,1.9687,1.9687,0,0
SES_PB,D,20160823,000000,2.0578,2.1666,2.0578,2.1369,0,0
SES_PB,D,20160825,000000,2.216,2.2556,2.216,2.2556,0,0
SES_PB,D,20160826,000000,2.3743,2.4535,2.3743,2.3743,0,0
SES_PB,D,20160829,000000,2.1369,2.1369,2.1171,2.1171,0,0
SES_PB,D,20160831,000000,2.1171,2.1171,2.1171,2.1171,0,0
SES_PB,D,20160901,000000,2.1171,2.1171,2.1171,2.1171,0,0
SES_PB,D,20160914,000000,2.127,2.1864,2.127,2.1864,0,0
SES_PB,D,20160915,000000,2.1864,2.1963,2.0874,2.1963,0,0
SES_PB,D,20160919,000000,2.2358,2.2358,2.2358,2.2358,0,0
SES_PB,D,20160920,000000,2.2655,2.2655,2.2655,2.2655,0,0
SES_PB,D,20161010,000000,2.2655,2.2655,2.2655,2.2655,0,0
SES_PB,D,20161011,000000,2.2655,2.2655,2.2655,2.2655,0,0
SES_PB,D,20161012,000000,2.2655,2.2655,2.2655,2.2655,0,0
SES_PB,D,20161013,000000,2.2655,2.2655,2.2556,2.2556,0,0
SES_PB,D,20161018,000000,2.2556,2.2952,2.2556,2.2952,0,0
SES_PB,D,20161019,000000,2.2952,2.2952,2.2952,2.2952,0,0
SES_PB,D,20161020,000000,2.2952,2.2952,2.2952,2.2952,0,0
SES_PB,D,20161021,000000,2.3743,2.3743,2.3743,2.3743,0,0
SES_PB,D,20161024,000000,2.3941,2.3941,2.3941,2.3941,0,0
SES_PB,D,20161025,000000,2.4733,2.681,2.4733,2.681,0,0
SES_PB,D,20161026,000000,2.8888,2.9778,2.8888,2.9778,0,0
SES_PB,D,20161027,000000,3.0372,3.0372,2.8888,2.8888,0,0
SES_PB,D,20161028,000000,2.8888,2.8888,2.7898,2.7898,0,0
SES_PB,D,20161031,000000,2.7799,2.7799,2.681,2.681,0,0
SES_PB,D,20161102,000000,2.681,2.681,2.681,2.681,0,0
SES_PB,D,20161107,000000,2.681,2.7305,2.681,2.7305,0,0
SES_PB,D,20161109,000000,2.7799,2.7799,2.7799,2.7799,0,0
SES_PB,D,20161110,000000,2.8195,2.8195,2.8195,2.8195,0,0
SES_PB,D,20161115,000000,2.681,2.681,2.4535,2.4535,0,0
SES_PB,D,20161118,000000,2.4733,2.4733,2.4733,2.4733,0,0
SES_PB,D,20161121,000000,2.4535,2.4535,2.4535,2.4535,0,0
SES_PB,D,20161124,000000,2.4535,2.4535,2.4535,2.4535,0,0
SES_PB,D,20161125,000000,2.4535,2.4535,2.4535,2.4535,0,0
SES_PB,D,20161205,000000,2.4535,2.4535,2.4535,2.4535,0,0
SES_PB,D,20161206,000000,2.4535,2.4535,2.4535,2.4535,0,0
SES_PB,D,20161207,000000,2.4535,2.4535,2.4535,2.4535,0,0
SES_PB,D,20161208,000000,2.4535,2.4535,2.4535,2.4535,0,0
SES_PB,D,20161209,000000,2.4535,2.4535,2.4535,2.4535,0,0
SES_PB,D,20161219,000000,2.4535,2.4535,2.4535,2.4535,0,0
SES_PB,D,20161227,000000,2.4535,2.5524,2.4535,2.5524,0,0
SES_PB,D,20161228,000000,2.5524,2.5524,2.5029,2.5029,0,0
SES_PB,D,20170102,000000,2.5524,2.6414,2.5524,2.6414,0,0
SES_PB,D,20170103,000000,2.6414,2.7404,2.6414,2.7404,0,0
SES_PB,D,20170104,000000,2.7404,2.8294,2.7404,2.8294,0,0
SES_PB,D,20170105,000000,2.9283,2.9283,2.9283,2.9283,0,0
SES_PB,D,20170109,000000,3.0174,3.1757,3.0174,3.1757,0,0
SES_PB,D,20170111,000000,3.3043,3.3043,3.2152,3.2152,0,0
SES_PB,D,20170116,000000,3.2647,3.2647,2.9283,2.9283,0,0
SES_PB,D,20170123,000000,2.9283,2.9283,2.9283,2.9283,0,0
SES_PB,D,20170124,000000,2.9283,2.9283,2.9283,2.9283,0,0
SES_PB,D,20170126,000000,2.9283,2.9283,2.9283,2.9283,0,0
SES_PB,D,20170127,000000,2.9283,2.9283,2.9283,2.9283,0,0
SES_PB,D,20170130,000000,2.8294,2.8294,2.8294,2.8294,0,0
SES_PB,D,20170201,000000,2.8987,2.8987,2.8987,2.8987,0,0
SES_PB,D,20170202,000000,2.8294,2.8294,2.7503,2.7503,0,0
SES_PB,D,20170203,000000,2.7503,2.8393,2.7503,2.8393,0,0
SES_PB,D,20170206,000000,2.8393,2.8393,2.8393,2.8393,0,0
SES_PB,D,20170207,000000,2.8393,2.8591,2.8393,2.8591,0,0
SES_PB,D,20170208,000000,2.8789,2.8789,2.8789,2.8789,0,0
SES_PB,D,20170209,000000,2.8789,2.8789,2.8789,2.8789,0,0
SES_PB,D,20170213,000000,2.8789,2.8789,2.8789,2.8789,0,0
SES_PB,D,20170214,000000,2.8888,2.8888,2.8888,2.8888,0,0
SES_PB,D,20170215,000000,2.8888,2.8888,2.7602,2.7602,0,0
SES_PB,D,20170216,000000,2.7602,2.7602,2.7602,2.7602,0,0
SES_PB,D,20170217,000000,2.7799,2.7799,2.7799,2.7799,0,0
SES_PB,D,20170220,000000,2.7799,2.7799,2.7799,2.7799,0,0
SES_PB,D,20170221,000000,2.7799,2.7799,2.7799,2.7799,0,0
SES_PB,D,20170222,000000,2.7799,2.7799,2.7799,2.7799,0,0
SES_PB,D,20170223,000000,2.7799,2.7799,2.7799,2.7799,0,0
SES_PB,D,20170224,000000,2.7799,2.7799,2.7799,2.7799,0,0
SES_PB,D,20170227,000000,2.681,2.681,2.6612,2.6612,0,0
SES_PB,D,20170228,000000,2.6711,2.9283,2.6711,2.9283,0,0
SES_PB,D,20170302,000000,2.8888,2.8888,2.8888,2.8888,0,0
SES_PB,D,20170303,000000,2.9086,3.1559,2.9086,3.1559,0,0
SES_PB,D,20170306,000000,3.0668,3.5615,3.0668,3.5615,0,0
SES_PB,D,20170307,000000,3.5615,3.611,3.2449,3.2449,0,0
SES_PB,D,20170309,000000,3.0965,3.0965,3.0965,3.0965,0,0
SES_PB,D,20170313,000000,3.0668,3.0668,3.0668,3.0668,0,0
SES_PB,D,20170314,000000,3.2449,3.2449,3.1064,3.1064,0,0
SES_PB,D,20170315,000000,3.0866,3.0866,3.0866,3.0866,0,0
SES_PB,D,20170316,000000,3.0866,3.0866,2.7997,2.7997,0,0
SES_PB,D,20170320,000000,2.7997,2.9086,2.7997,2.9086,0,0
SES_PB,D,20170321,000000,2.8888,2.8888,2.7404,2.7404,0,0
SES_PB,D,20170322,000000,2.7404,2.7404,2.7404,2.7404,0,0
SES_PB,D,20170323,000000,2.7503,2.7898,2.7503,2.7898,0,0
SES_PB,D,20170324,000000,2.7997,2.7997,2.7997,2.7997,0,0
SES_PB,D,20170327,000000,2.7997,2.7997,2.7997,2.7997,0,0
SES_PB,D,20170328,000000,2.7997,2.869,2.7997,2.869,0,0
SES_PB,D,20170329,000000,2.869,2.8888,2.869,2.8888,0,0
SES_PB,D,20170330,000000,2.8888,2.8888,2.8888,2.8888,0,0
SES_PB,D,20170331,000000,2.8888,2.8888,2.8888,2.8888,0,0
SES_PB,D,20170403,000000,2.8888,2.8888,2.8888,2.8888,0,0
SES_PB,D,20170404,000000,2.8888,2.8888,2.8888,2.8888,0,0
SES_PB,D,20170405,000000,2.8888,2.8888,2.8888,2.8888,0,0
SES_PB,D,20170406,000000,2.8987,2.8987,2.8987,2.8987,0,0
SES_PB,D,20170407,000000,2.8888,2.8888,2.8888,2.8888,0,0
SES_PB,D,20170410,000000,2.8888,2.8888,2.8888,2.8888,0,0
SES_PB,D,20170411,000000,2.8888,2.8888,2.8888,2.8888,0,0
SES_PB,D,20170412,000000,2.8888,2.9283,2.8888,2.9283,0,0
SES_PB,D,20170413,000000,2.9778,2.9778,2.9778,2.9778,0,0
SES_PB,D,20170420,000000,2.9778,3.0668,2.9778,3.0668,0,0
SES_PB,D,20170421,000000,3.0668,3.1064,3.0668,3.1064,0,0
SES_PB,D,20170424,000000,3.0075,3.1064,2.9778,3.0965,0,0
SES_PB,D,20170425,000000,3.1064,3.1262,3.1064,3.1262,0,0
SES_PB,D,20170426,000000,3.1262,3.1262,3.1262,3.1262,0,0
SES_PB,D,20170427,000000,3.1262,3.2449,3.1262,3.2449,0,0
SES_PB,D,20170504,000000,3.2647,3.2647,3.1955,3.1955,0,0
SES_PB,D,20170510,000000,3.1955,3.1955,3.1955,3.1955,0,0
SES_PB,D,20170515,000000,3.0174,3.0174,3.0174,3.0174,0,0
SES_PB,D,20170516,000000,3.0174,3.0174,2.8492,2.8492,0,0
SES_PB,D,20170517,000000,2.8492,2.8492,2.8492,2.8492,0,0
SES_PB,D,20170518,000000,2.8492,2.8492,2.8492,2.8492,0,0
SES_PB,D,20170519,000000,2.8492,2.8492,2.8492,2.8492,0,0
SES_PB,D,20170522,000000,2.8492,2.8492,2.7701,2.7701,0,0
SES_PB,D,20170601,000000,2.7602,2.7602,2.7602,2.7602,0,0
SES_PB,D,20170602,000000,2.7602,2.7602,2.7602,2.7602,0,0
SES_PB,D,20170605,000000,2.7602,2.7898,2.7602,2.7898,0,0
SES_PB,D,20170606,000000,2.7898,2.7898,2.7898,2.7898,0,0
SES_PB,D,20170607,000000,2.7898,2.7898,2.7898,2.7898,0,0
SES_PB,D,20170608,000000,2.7898,2.7898,2.7898,2.7898,0,0
SES_PB,D,20170609,000000,2.7602,2.7602,2.7602,2.7602,0,0
SES_PB,D,20170612,000000,2.7602,2.7602,2.7602,2.7602,0,0
SES_PB,D,20170614,000000,2.7799,2.7799,2.7799,2.7799,0,0
SES_PB,D,20170616,000000,2.7799,2.7799,2.7799,2.7799,0,0
SES_PB,D,20170619,000000,2.7799,2.7799,2.7799,2.7799,0,0
SES_PB,D,20170620,000000,2.7799,2.7799,2.7799,2.7799,0,0
SES_PB,D,20170621,000000,2.7799,2.7799,2.7799,2.7799,0,0
SES_PB,D,20170622,000000,2.7799,2.7799,2.7799,2.7799,0,0
SES_PB,D,20170623,000000,2.7701,2.7701,2.5326,2.5326,0,0
SES_PB,D,20170626,000000,2.5326,2.5326,2.5326,2.5326,0,0
SES_PB,D,20170627,000000,2.493,2.493,2.2259,2.2259,0,0
SES_PB,D,20170628,000000,2.2259,2.2259,2.1666,2.1666,0,0
SES_PB,D,20170629,000000,2.216,2.3447,2.216,2.3447,0,0
SES_PB,D,20170630,000000,2.3249,2.7799,2.3249,2.7799,0,0
SES_PB,D,20170703,000000,2.3545,2.7997,2.3545,2.7997,0,0
SES_PB,D,20170704,000000,2.7602,3.1559,2.7602,3.1559,0,0
SES_PB,D,20170705,000000,3.1955,3.3735,3.1955,3.3735,0,0
SES_PB,D,20170706,000000,3.4626,3.4626,3.4626,3.4626,0,0
SES_PB,D,20170707,000000,3.5417,3.5417,3.4922,3.4922,0,0
SES_PB,D,20170710,000000,3.4527,3.4527,3.4032,3.4032,0,0
SES_PB,D,20170711,000000,3.4428,3.4428,3.4032,3.4032,0,0
SES_PB,D,20170712,000000,3.4032,3.4527,3.3735,3.3735,0,0
SES_PB,D,20170714,000000,3.423,3.423,3.423,3.423,0,0
SES_PB,D,20170717,000000,3.4626,3.5516,3.4626,3.5516,0,0
SES_PB,D,20170718,000000,3.3735,3.5516,3.3735,3.5516,0,0
SES_PB,D,20170725,000000,3.5516,3.5516,3.5516,3.5516,0,0
SES_PB,D,20170801,000000,3.5516,3.5516,3.5516,3.5516,0,0
SES_PB,D,20170802,000000,3.5516,3.5516,3.5516,3.5516,0,0
SES_PB,D,20170803,000000,3.5516,3.5516,3.5516,3.5516,0,0
SES_PB,D,20170804,000000,3.5516,3.5516,3.5516,3.5516,0,0
SES_PB,D,20170821,000000,3.2548,3.2548,3.2548,3.2548,0,0
SES_PB,D,20170828,000000,3.2053,3.2053,3.1658,3.1658,0,0
SES_PB,D,20170829,000000,3.0965,3.0965,3.0965,3.0965,0,0
SES_PB,D,20170830,000000,3.1658,3.1658,3.1658,3.1658,0,0
SES_PB,D,20170901,000000,3.1658,3.1856,3.1658,3.1856,0,0
SES_PB,D,20170904,000000,3.2053,3.334,3.2053,3.334,0,0
SES_PB,D,20170905,000000,3.334,3.423,3.334,3.423,0,0
SES_PB,D,20170906,000000,3.423,3.423,3.423,3.423,0,0
SES_PB,D,20170907,000000,3.423,3.423,3.423,3.423,0,0
SES_PB,D,20170908,000000,3.423,3.423,3.423,3.423,0,0
SES_PB,D,20170911,000000,3.423,3.423,3.423,3.423,0,0
SES_PB,D,20170912,000000,3.423,3.423,3.423,3.423,0,0
SES_PB,D,20170913,000000,3.423,3.423,3.423,3.423,0,0
SES_PB,D,20170914,000000,3.423,3.423,3.423,3.423,0,0
SES_PB,D,20170915,000000,3.423,3.423,3.423,3.423,0,0
SES_PB,D,20170918,000000,3.4032,3.4032,3.4032,3.4032,0,0
SES_PB,D,20170919,000000,3.4032,3.4032,3.334,3.334,0,0
SES_PB,D,20170922,000000,3.334,3.3439,3.334,3.3439,0,0
SES_PB,D,20170925,000000,3.334,3.334,3.334,3.334,0,0
SES_PB,D,20170926,000000,3.334,3.334,3.334,3.334,0,0
SES_PB,D,20170927,000000,3.334,3.334,3.334,3.334,0,0
SES_PB,D,20170928,000000,3.334,3.334,3.334,3.334,0,0
SES_PB,D,20170929,000000,3.334,3.334,3.334,3.334,0,0
SES_PB,D,20171002,000000,3.334,3.334,3.334,3.334,0,0
SES_PB,D,20171003,000000,3.334,3.334,3.334,3.334,0,0
SES_PB,D,20171004,000000,3.334,3.334,3.334,3.334,0,0
SES_PB,D,20171005,000000,3.334,3.334,3.334,3.334,0,0
SES_PB,D,20171006,000000,3.334,3.334,3.334,3.334,0,0
SES_PB,D,20171009,000000,3.334,3.334,3.334,3.334,0,0
SES_PB,D,20171011,000000,3.334,3.334,3.334,3.334,0,0
SES_PB,D,20171012,000000,3.334,3.334,3.334,3.334,0,0
SES_PB,D,20171013,000000,3.334,3.334,3.334,3.334,0,0
SES_PB,D,20171016,000000,3.334,3.334,3.334,3.334,0,0
SES_PB,D,20171017,000000,3.334,3.334,3.334,3.334,0,0
SES_PB,D,20171018,000000,3.334,3.334,3.334,3.334,0,0
SES_PB,D,20171023,000000,3.334,3.3439,3.334,3.3439,0,0
SES_PB,D,20171102,000000,3.3439,3.3439,3.3439,3.3439,0,0
SES_PB,D,20171122,000000,2.958,2.958,2.958,2.958,0,0
SES_PB,D,20171123,000000,2.958,2.958,2.958,2.958,0,0
SES_PB,D,20171124,000000,2.958,2.958,2.958,2.958,0,0
SES_PB,D,20171127,000000,2.958,2.958,2.958,2.958,0,0
SES_PB,D,20171128,000000,2.958,2.958,2.958,2.958,0,0
SES_PB,D,20171129,000000,2.958,2.958,2.958,2.958,0,0
SES_PB,D,20171130,000000,2.958,2.958,2.958,2.958,0,0
SES_PB,D,20171201,000000,2.958,2.958,2.958,2.958,0,0
SES_PB,D,20171204,000000,2.958,2.958,2.958,2.958,0,0
SES_PB,D,20171205,000000,2.958,2.958,2.958,2.958,0,0
SES_PB,D,20171206,000000,2.958,2.958,2.958,2.958,0,0
SES_PB,D,20171207,000000,2.958,2.958,2.958,2.958,0,0
SES_PB,D,20171208,000000,2.958,2.958,2.958,2.958,0,0
SES_PB,D,20171211,000000,2.958,2.958,2.958,2.958,0,0
SES_PB,D,20171212,000000,2.958,2.958,2.958,2.958,0,0
SES_PB,D,20171213,000000,2.958,2.958,2.958,2.958,0,0
SES_PB,D,20171214,000000,2.958,2.958,2.958,2.958,0,0
SES_PB,D,20171215,000000,2.958,2.958,2.958,2.958,0,0
SES_PB,D,20171218,000000,2.958,2.958,2.958,2.958,0,0
SES_PB,D,20171219,000000,2.958,2.958,2.958,2.958,0,0
SES_PB,D,20171220,000000,2.958,2.958,2.958,2.958,0,0
SES_PB,D,20171221,000000,2.958,2.958,2.958,2.958,0,0
SES_PB,D,20171227,000000,2.958,2.958,2.958,2.958,0,0
SES_PB,D,20171228,000000,2.958,2.958,2.958,2.958,0,0
SES_PB,D,20171229,000000,2.958,2.958,2.958,2.958,0,0
SES_PB,D,20180103,000000,2.9283,2.9283,2.9283,2.9283,0,0
SES_PB,D,20180104,000000,2.9283,2.9283,2.9283,2.9283,0,0
SES_PB,D,20180108,000000,2.9283,2.9283,2.9283,2.9283,0,0
SES_PB,D,20180109,000000,2.9283,2.9283,2.9283,2.9283,0,0
SES_PB,D,20180110,000000,2.9283,2.9283,2.9283,2.9283,0,0
SES_PB,D,20180111,000000,2.9283,2.9283,2.9283,2.9283,0,0
SES_PB,D,20180112,000000,2.9283,2.9283,2.9283,2.9283,0,0
SES_PB,D,20180115,000000,2.958,2.958,2.958,2.958,0,0
SES_PB,D,20180116,000000,2.958,2.958,2.958,2.958,0,0
SES_PB,D,20180117,000000,2.958,2.958,2.958,2.958,0,0
SES_PB,D,20180118,000000,2.958,2.958,2.958,2.958,0,0
SES_PB,D,20180119,000000,2.958,2.958,2.958,2.958,0,0
SES_PB,D,20180122,000000,2.958,2.958,2.958,2.958,0,0
SES_PB,D,20180123,000000,2.958,2.958,2.958,2.958,0,0
SES_PB,D,20180124,000000,2.958,2.958,2.958,2.958,0,0
SES_PB,D,20180129,000000,2.9679,3.2449,2.9679,3.2449,0,0
SES_PB,D,20180130,000000,3.1064,3.4131,3.1064,3.4131,0,0
SES_PB,D,20180131,000000,3.4131,3.4131,3.4131,3.4131,0,0
SES_PB,D,20180201,000000,3.334,3.334,3.334,3.334,0,0
SES_PB,D,20180202,000000,3.334,3.334,3.334,3.334,0,0
SES_PB,D,20180206,000000,3.1262,3.1262,3.1262,3.1262,0,0
SES_PB,D,20180207,000000,3.2746,3.334,3.2746,3.334,0,0
SES_PB,D,20180219,000000,3.1658,3.1658,3.1658,3.1658,0,0
SES_PB,D,20180220,000000,3.1658,3.1658,3.1658,3.1658,0,0
SES_PB,D,20180221,000000,3.0965,3.0965,3.0965,3.0965,0,0
SES_PB,D,20180222,000000,3.0965,3.1658,3.0965,3.1658,0,0
SES_PB,D,20180223,000000,3.1658,3.1658,3.1658,3.1658,0,0
SES_PB,D,20180226,000000,3.0965,3.0965,3.0965,3.0965,0,0
SES_PB,D,20180227,000000,3.0965,3.0965,2.9976,3.0965,0,0
SES_PB,D,20180228,000000,3.0965,3.0965,3.0965,3.0965,0,0
SES_PB,D,20180301,000000,3.0965,3.0965,2.9481,2.9481,0,0
SES_PB,D,20180302,000000,2.9481,2.9481,2.9481,2.9481,0,0
SES_PB,D,20180305,000000,2.9481,2.9481,2.9481,2.9481,0,0
SES_PB,D,20180306,000000,2.9481,2.9481,2.9481,2.9481,0,0
SES_PB,D,20180307,000000,2.9481,2.9481,2.9481,2.9481,0,0
SES_PB,D,20180308,000000,2.9481,2.9481,2.9481,2.9481,0,0
SES_PB,D,20180309,000000,2.9481,3.1658,2.9481,3.1658,0,0
SES_PB,D,20180312,000000,2.9481,3.1658,2.9481,3.1658,0,0
SES_PB,D,20180313,000000,2.8789,2.8789,2.8789,2.8789,0,0
SES_PB,D,20180316,000000,2.8789,2.8789,2.8789,2.8789,0,0
SES_PB,D,20180319,000000,2.8789,3.0273,2.8096,3.0273,0,0
SES_PB,D,20180320,000000,2.8789,2.9283,2.8789,2.8789,0,0
SES_PB,D,20180321,000000,2.9283,2.9283,2.9283,2.9283,0,0
SES_PB,D,20180322,000000,2.8789,2.8789,2.8789,2.8789,0,0
SES_PB,D,20180323,000000,2.9481,2.9481,2.8789,2.9481,0,0
SES_PB,D,20180326,000000,2.8789,2.8789,2.8789,2.8789,0,0
SES_PB,D,20180327,000000,2.8789,2.8789,2.8789,2.8789,0,0
SES_PB,D,20180328,000000,2.8096,2.8096,2.7404,2.7404,0,0
SES_PB,D,20180329,000000,2.6909,2.8096,2.6909,2.8096,0,0
SES_PB,D,20180403,000000,2.869,2.869,2.869,2.869,0,0
SES_PB,D,20180404,000000,2.8789,2.8789,2.8096,2.8096,0,0
SES_PB,D,20180406,000000,2.8096,2.8096,2.6612,2.7404,0,0
SES_PB,D,20180409,000000,2.7404,2.9976,2.7206,2.7503,0,0
SES_PB,D,20180413,000000,2.7503,2.7503,2.7503,2.7503,0,0
SES_PB,D,20180416,000000,2.7799,2.7799,2.7799,2.7799,0,0
SES_PB,D,20180420,000000,2.7107,2.7107,2.6612,2.6612,0,0
SES_PB,D,20180424,000000,2.592,2.592,2.592,2.592,0,0
SES_PB,D,20180426,000000,2.6217,2.6217,2.6217,2.6217,0,0
SES_PB,D,20180430,000000,2.5227,2.5227,2.5227,2.5227,0,0
SES_PB,D,20180508,000000,2.4634,2.4634,2.4634,2.4634,0,0
SES_PB,D,20180509,000000,2.3743,2.3743,2.3743,2.3743,0,0
SES_PB,D,20180515,000000,2.4634,2.4634,2.4634,2.4634,0,0
SES_PB,D,20180516,000000,2.3447,2.3447,2.3447,2.3447,0,0
SES_PB,D,20180517,000000,2.1567,2.1567,2.1567,2.1567,0,0
SES_PB,D,20180521,000000,2.1171,2.1171,2.1171,2.1171,0,0
SES_PB,D,20180522,000000,2.0182,2.0182,2.0182,2.0182,0,0
SES_PB,D,20180604,000000,2.0479,2.0479,2.0182,2.0182,0,0
SES_PB,D,20180611,000000,1.9489,1.9489,1.9489,1.9489,0,0
SES_PB,D,20180612,000000,1.9489,1.9489,1.9489,1.9489,0,0
SES_PB,D,20180613,000000,1.9489,1.9489,1.9489,1.9489,0,0
SES_PB,D,20180615,000000,1.9291,1.9291,1.9291,1.9291,0,0
SES_PB,D,20180702,000000,1.8203,1.8203,1.8203,1.8203,0,0
SES_PB,D,20180704,000000,1.8005,1.8005,1.8005,1.8005,0,0
SES_PB,D,20180705,000000,1.8005,1.8005,1.8005,1.8005,0,0
SES_PB,D,20180706,000000,1.8005,1.8005,1.8005,1.8005,0,0
SES_PB,D,20180709,000000,1.8005,1.8005,1.7511,1.7511,0,0
SES_PB,D,20180710,000000,1.5235,1.5235,1.385,1.385,0,0
SES_PB,D,20180711,000000,1.4543,1.4543,1.4543,1.4543,0,0
SES_PB,D,20180712,000000,1.385,1.385,1.385,1.385,0,0
SES_PB,D,20180716,000000,1.385,1.5037,1.385,1.5037,0,0
SES_PB,D,20180717,000000,1.5235,1.5235,1.5235,1.5235,0,0
SES_PB,D,20180718,000000,1.5829,1.5829,1.5829,1.5829,0,0
SES_PB,D,20180723,000000,1.484,1.484,1.4543,1.4543,0,0
SES_PB,D,20180724,000000,1.5136,1.5136,1.5136,1.5136,0,0
SES_PB,D,20180725,000000,1.4543,1.4543,1.4543,1.4543,0,0
SES_PB,D,20180726,000000,1.5037,1.5037,1.4543,1.4543,0,0
SES_PB,D,20180727,000000,1.4543,1.4543,1.4048,1.4048,0,0
SES_PB,D,20180730,000000,1.4147,1.4147,1.385,1.385,0,0
SES_PB,D,20180802,000000,1.4543,1.4543,1.4543,1.4543,0,0
SES_PB,D,20180806,000000,1.4444,1.4444,1.4444,1.4444,0,0
SES_PB,D,20180807,000000,1.385,1.385,1.385,1.385,0,0
SES_PB,D,20180813,000000,1.385,1.4543,1.385,1.4543,0,0
SES_PB,D,20180814,000000,1.573,1.8797,1.573,1.662,0,0
SES_PB,D,20180816,000000,1.5631,1.5829,1.5631,1.5829,0,0
SES_PB,D,20180817,000000,1.5829,1.5829,1.5631,1.5631,0,0
SES_PB,D,20180820,000000,1.484,1.484,1.4444,1.4444,0,0
SES_PB,D,20180821,000000,1.484,1.484,1.484,1.484,0,0
SES_PB,D,20180822,000000,1.484,1.484,1.484,1.484,0,0
SES_PB,D,20180823,000000,1.484,1.484,1.4642,1.4642,0,0
SES_PB,D,20180824,000000,1.4642,1.4642,1.4642,1.4642,0,0
SES_PB,D,20180827,000000,1.5631,1.7906,1.5631,1.7906,0,0
SES_PB,D,20180828,000000,1.9588,2.3545,1.9588,2.2952,0,0
SES_PB,D,20180829,000000,2.3051,2.404,2.216,2.216,0,0
SES_PB,D,20180830,000000,2.0973,2.1567,1.9687,2.1468,0,0
SES_PB,D,20180831,000000,2.1567,2.1567,2.0973,2.0973,0,0
SES_PB,D,20180903,000000,2.0973,2.0973,2.038,2.0973,0,0
SES_PB,D,20180904,000000,2.038,2.038,2.038,2.038,0,0
SES_PB,D,20180905,000000,1.85,1.85,1.7412,1.761,0,0
SES_PB,D,20180906,000000,2.0973,2.0973,2.0578,2.0973,0,0
SES_PB,D,20180907,000000,2.038,2.038,2.038,2.038,0,0
SES_PB,D,20180910,000000,2.038,2.038,2.038,2.038,0,0
SES_PB,D,20180912,000000,1.9193,1.9193,1.7511,1.7511,0,0
SES_PB,D,20180913,000000,1.7709,1.9489,1.7511,1.9489,0,0
SES_PB,D,20180914,000000,1.9489,1.9489,1.9489,1.9489,0,0
SES_PB,D,20180919,000000,2.0676,2.0676,1.85,1.9193,0,0
SES_PB,D,20180920,000000,1.9094,1.9094,1.85,1.85,0,0
SES_PB,D,20180921,000000,1.9588,1.9588,1.85,1.85,0,0
SES_PB,D,20180924,000000,1.85,1.85,1.85,1.85,0,0
SES_PB,D,20180926,000000,1.8203,1.85,1.8203,1.85,0,0
SES_PB,D,20180927,000000,1.8995,1.8995,1.8995,1.8995,0,0
SES_PB,D,20180928,000000,1.9094,1.9094,1.9094,1.9094,0,0
SES_PB,D,20181001,000000,1.9094,1.9094,1.9094,1.9094,0,0
SES_PB,D,20181002,000000,1.9094,1.9094,1.9094,1.9094,0,0
SES_PB,D,20181003,000000,1.9588,1.9588,1.85,1.85,0,0
SES_PB,D,20181004,000000,1.85,1.85,1.85,1.85,0,0
SES_PB,D,20181005,000000,1.8599,1.8599,1.85,1.85,0,0
SES_PB,D,20181008,000000,1.85,1.85,1.8203,1.8203,0,0
SES_PB,D,20181009,000000,1.8203,1.8203,1.8203,1.8203,0,0
SES_PB,D,20181010,000000,1.85,1.85,1.85,1.85,0,0
SES_PB,D,20181011,000000,1.85,1.85,1.85,1.85,0,0
SES_PB,D,20181012,000000,1.8599,1.8599,1.8599,1.8599,0,0
SES_PB,D,20181016,000000,1.8203,1.8203,1.7906,1.7906,0,0
SES_PB,D,20181017,000000,1.8599,1.8599,1.8599,1.8599,0,0
SES_PB,D,20181019,000000,1.8599,1.8599,1.8599,1.8599,0,0
SES_PB,D,20181023,000000,1.85,1.85,1.85,1.85,0,0
SES_PB,D,20181024,000000,1.7906,1.7906,1.7906,1.7906,0,0
SES_PB,D,20181026,000000,1.7906,1.7906,1.7906,1.7906,0,0
SES_PB,D,20181029,000000,1.7709,1.7906,1.7709,1.7709,0,0
SES_PB,D,20181030,000000,1.7709,1.7709,1.7709,1.7709,0,0
SES_PB,D,20181031,000000,1.7709,1.85,1.7709,1.85,0,0
SES_PB,D,20181105,000000,1.7906,1.7906,1.7511,1.7511,0,0
SES_PB,D,20181107,000000,1.8401,1.8401,1.8401,1.8401,0,0
SES_PB,D,20181108,000000,1.85,1.85,1.7906,1.7906,0,0
SES_PB,D,20181109,000000,1.8104,1.8104,1.7906,1.7906,0,0
SES_PB,D,20181115,000000,1.7511,1.7511,1.7214,1.7214,0,0
SES_PB,D,20181116,000000,1.7214,1.7214,1.7214,1.7214,0,0
SES_PB,D,20181119,000000,1.7214,1.7214,1.7214,1.7214,0,0
SES_PB,D,20181120,000000,1.7906,1.7906,1.7906,1.7906,0,0
SES_PB,D,20181121,000000,1.7906,1.7906,1.7906,1.7906,0,0
SES_PB,D,20181123,000000,1.8005,1.8005,1.8005,1.8005,0,0
SES_PB,D,20181126,000000,1.7906,1.7906,1.7906,1.7906,0,0
SES_PB,D,20181127,000000,1.7906,1.7906,1.7906,1.7906,0,0
SES_PB,D,20181129,000000,1.7906,1.7906,1.7906,1.7906,0,0
SES_PB,D,20181203,000000,1.7214,1.7214,1.7214,1.7214,0,0
SES_PB,D,20181204,000000,1.7412,1.7412,1.7412,1.7412,0,0
SES_PB,D,20181205,000000,1.7412,1.7412,1.7412,1.7412,0,0
SES_PB,D,20181206,000000,1.7412,1.7412,1.7412,1.7412,0,0
SES_PB,D,20181207,000000,1.7412,1.7412,1.7412,1.7412,0,0
SES_PB,D,20181210,000000,1.7412,1.7412,1.7412,1.7412,0,0
SES_PB,D,20181211,000000,1.7412,1.7412,1.7412,1.7412,0,0
SES_PB,D,20181212,000000,1.7412,1.7412,1.7412,1.7412,0,0
SES_PB,D,20181213,000000,1.8005,1.8104,1.8005,1.8104,0,0
SES_PB,D,20181214,000000,1.7906,1.7906,1.7906,1.7906,0,0
SES_PB,D,20181219,000000,1.7214,1.7214,1.7214,1.7214,0,0
SES_PB,D,20181227,000000,1.662,1.662,1.662,1.662,0,0
SES_PB,D,20181228,000000,1.7115,1.7115,1.7115,1.7115,0,0
SES_PB,D,20190102,000000,1.7115,1.7115,1.662,1.662,0,0
SES_PB,D,20190103,000000,1.662,1.662,1.662,1.662,0,0
SES_PB,D,20190104,000000,1.5928,1.6027,1.5928,1.6027,0,0
SES_PB,D,20190121,000000,1.6027,1.6027,1.6027,1.6027,0,0
SES_PB,D,20190122,000000,1.6027,1.6027,1.6027,1.6027,0,0
SES_PB,D,20190123,000000,1.6027,1.6027,1.6027,1.6027,0,0
SES_PB,D,20190124,000000,1.6027,1.6027,1.6027,1.6027,0,0
SES_PB,D,20190125,000000,1.5928,1.5928,1.5433,1.5433,0,0
SES_PB,D,20190128,000000,1.5433,1.5433,1.5433,1.5433,0,0
SES_PB,D,20190129,000000,1.5433,1.5433,1.5433,1.5433,0,0
SES_PB,D,20190130,000000,1.5433,1.7214,1.5433,1.7214,0,0
SES_PB,D,20190131,000000,1.662,1.662,1.662,1.662,0,0
SES_PB,D,20190201,000000,1.8203,1.8203,1.5334,1.5334,0,0
SES_PB,D,20190204,000000,1.5334,1.5334,1.5235,1.5235,0,0
SES_PB,D,20190205,000000,1.573,1.573,1.573,1.573,0,0
SES_PB,D,20190206,000000,1.5829,1.5829,1.5829,1.5829,0,0
SES_PB,D,20190207,000000,1.5334,1.5334,1.5136,1.5334,0,0
SES_PB,D,20190208,000000,1.5334,1.5334,1.5334,1.5334,0,0
SES_PB,D,20190211,000000,1.573,1.6917,1.573,1.6917,0,0
SES_PB,D,20190212,000000,1.7709,1.7709,1.6917,1.6917,0,0
SES_PB,D,20190213,000000,1.761,1.7709,1.761,1.7709,0,0
SES_PB,D,20190214,000000,1.8896,1.8896,1.7709,1.7709,0,0
SES_PB,D,20190215,000000,1.7807,1.7807,1.7709,1.7709,0,0
SES_PB,D,20190218,000000,1.7115,1.8302,1.7115,1.8302,0,0
SES_PB,D,20190219,000000,1.8302,1.8896,1.8302,1.8896,0,0
SES_PB,D,20190220,000000,1.7511,1.7511,1.7511,1.7511,0,0
SES_PB,D,20190225,000000,1.85,1.85,1.8302,1.85,0,0
SES_PB,D,20190226,000000,1.85,1.85,1.8302,1.8302,0,0
SES_PB,D,20190227,000000,1.85,1.85,1.85,1.85,0,0
SES_PB,D,20190228,000000,1.9094,2.0676,1.8896,1.8896,0,0
SES_PB,D,20190301,000000,1.8995,1.9193,1.8401,1.8401,0,0
SES_PB,D,20190304,000000,1.8896,1.8896,1.8896,1.8896,0,0
SES_PB,D,20190305,000000,1.8896,1.9489,1.8896,1.939,0,0
SES_PB,D,20190306,000000,1.9489,1.9489,1.9489,1.9489,0,0
SES_PB,D,20190307,000000,1.9094,1.9094,1.9094,1.9094,0,0
SES_PB,D,20190308,000000,1.8896,1.8896,1.8896,1.8896,0,0
SES_PB,D,20190311,000000,1.8896,1.8896,1.8896,1.8896,0,0
SES_PB,D,20190312,000000,1.8896,1.8896,1.8896,1.8896,0,0
SES_PB,D,20190313,000000,1.8896,1.939,1.8896,1.939,0,0
SES_PB,D,20190314,000000,1.939,1.939,1.8896,1.8896,0,0
SES_PB,D,20190315,000000,1.8995,1.8995,1.8995,1.8995,0,0
SES_PB,D,20190318,000000,1.8995,1.8995,1.8896,1.8896,0,0
SES_PB,D,20190319,000000,1.8896,1.8896,1.8896,1.8896,0,0
SES_PB,D,20190320,000000,1.8896,1.8896,1.8896,1.8896,0,0
SES_PB,D,20190321,000000,1.8896,1.8896,1.8896,1.8896,0,0
SES_PB,D,20190322,000000,1.9094,1.9094,1.9094,1.9094,0,0
SES_PB,D,20190325,000000,1.8896,1.8896,1.8896,1.8896,0,0
SES_PB,D,20190326,000000,1.8896,1.8896,1.8896,1.8896,0,0
SES_PB,D,20190327,000000,1.9094,1.9094,1.9094,1.9094,0,0
SES_PB,D,20190328,000000,1.9094,1.9094,1.9094,1.9094,0,0
SES_PB,D,20190329,000000,1.9094,1.9094,1.9094,1.9094,0,0
SES_PB,D,20190401,000000,1.9094,1.9094,1.9094,1.9094,0,0
SES_PB,D,20190402,000000,1.9094,1.9094,1.9094,1.9094,0,0
SES_PB,D,20190403,000000,1.8896,1.8896,1.85,1.85,0,0
SES_PB,D,20190404,000000,1.8896,1.8896,1.8896,1.8896,0,0
SES_PB,D,20190405,000000,1.8896,1.8896,1.8896,1.8896,0,0
SES_PB,D,20190408,000000,1.8896,1.8896,1.8896,1.8896,0,0
SES_PB,D,20190409,000000,1.8896,1.8896,1.8896,1.8896,0,0
SES_PB,D,20190410,000000,1.9094,1.9094,1.9094,1.9094,0,0
SES_PB,D,20190415,000000,1.8896,1.8896,1.8797,1.8797,0,0
SES_PB,D,20190416,000000,1.8797,1.8797,1.8797,1.8797,0,0
SES_PB,D,20190417,000000,1.8797,1.8797,1.8302,1.8302,0,0
SES_PB,D,20190418,000000,1.7412,1.7412,1.7412,1.7412,0,0
SES_PB,D,20190425,000000,1.7115,1.7115,1.4048,1.6818,0,0
SES_PB,D,20190426,000000,1.6225,1.6422,1.5928,1.6422,0,0
SES_PB,D,20190429,000000,1.6324,1.6324,1.5631,1.5631,0,0
SES_PB,D,20190430,000000,1.6324,1.6324,1.6324,1.6324,0,0
SES_PB,D,20190502,000000,1.6324,1.6324,1.6225,1.6225,0,0
SES_PB,D,20190506,000000,1.6225,1.6422,1.6225,1.6422,0,0
SES_PB,D,20190507,000000,1.6422,1.6422,1.6422,1.6422,0,0
SES_PB,D,20190508,000000,1.6422,1.6422,1.6225,1.6225,0,0
SES_PB,D,20190513,000000,1.6225,1.6225,1.6225,1.6225,0,0
SES_PB,D,20190517,000000,1.6225,1.6225,1.6225,1.6225,0,0
SES_PB,D,20190521,000000,1.6027,1.6027,1.5334,1.5334,0,0
SES_PB,D,20190529,000000,1.5334,1.5334,1.5334,1.5334,0,0
SES_PB,D,20190530,000000,1.5235,1.5235,1.4939,1.4939,0,0
SES_PB,D,20190531,000000,1.4543,1.4543,1.4048,1.4048,0,0
SES_PB,D,20190603,000000,1.4147,1.4147,1.4147,1.4147,0,0
SES_PB,D,20190606,000000,1.4939,1.4939,1.4939,1.4939,0,0
SES_PB,D,20190607,000000,1.4939,1.4939,1.4939,1.4939,0,0
SES_PB,D,20190610,000000,1.4939,1.5136,1.4939,1.5136,0,0
SES_PB,D,20190611,000000,1.5037,1.5037,1.4147,1.4147,0,0
SES_PB,D,20190612,000000,1.4147,1.484,1.4147,1.484,0,0
SES_PB,D,20190618,000000,1.484,1.484,1.484,1.484,0,0
SES_PB,D,20190619,000000,1.4939,1.4939,1.4939,1.4939,0,0
SES_PB,D,20190621,000000,1.484,1.484,1.484,1.484,0,0
SES_PB,D,20190624,000000,1.4543,1.4543,1.4543,1.4543,0,0
SES_PB,D,20190625,000000,1.4543,1.4543,1.4543,1.4543,0,0
SES_PB,D,20190626,000000,1.4543,1.4543,1.4543,1.4543,0,0
SES_PB,D,20190627,000000,1.4939,1.4939,1.4444,1.4444,0,0
SES_PB,D,20190701,000000,1.4543,1.4543,1.4543,1.4543,0,0
SES_PB,D,20190702,000000,1.4147,1.4147,1.4147,1.4147,0,0
SES_PB,D,20190709,000000,1.4246,1.4246,1.4246,1.4246,0,0
SES_PB,D,20190710,000000,1.4246,1.4246,1.4246,1.4246,0,0
SES_PB,D,20190711,000000,1.4246,1.4246,1.4246,1.4246,0,0
SES_PB,D,20190712,000000,1.4246,1.4246,1.4246,1.4246,0,0
SES_PB,D,20190715,000000,1.4246,1.4246,1.4246,1.4246,0,0
SES_PB,D,20190716,000000,1.4246,1.4246,1.4246,1.4246,0,0
SES_PB,D,20190717,000000,1.4246,1.4246,1.4246,1.4246,0,0
SES_PB,D,20190718,000000,1.4246,1.4246,1.4246,1.4246,0,0
SES_PB,D,20190719,000000,1.4246,1.4246,1.4246,1.4246,0,0
SES_PB,D,20190722,000000,1.4246,1.4246,1.4246,1.4246,0,0
SES_PB,D,20190723,000000,1.4246,1.4246,1.4246,1.4246,0,0
SES_PB,D,20190724,000000,1.4147,1.4147,1.4147,1.4147,0,0
SES_PB,D,20190726,000000,1.4147,1.4147,1.4147,1.4147,0,0
SES_PB,D,20190729,000000,1.4147,1.4147,1.4147,1.4147,0,0
SES_PB,D,20190730,000000,1.4147,1.4147,1.4147,1.4147,0,0
SES_PB,D,20190731,000000,1.4147,1.4147,1.3652,1.3652,0,0
SES_PB,D,20190801,000000,1.3652,1.3652,1.3652,1.3652,0,0
SES_PB,D,20190802,000000,1.4147,1.4147,1.3652,1.3652,0,0
SES_PB,D,20190805,000000,1.4147,1.4147,1.4147,1.4147,0,0
SES_PB,D,20190806,000000,1.4147,1.4147,1.4147,1.4147,0,0
SES_PB,D,20190807,000000,1.4147,1.4147,1.4147,1.4147,0,0
SES_PB,D,20190808,000000,1.4147,1.4147,1.4147,1.4147,0,0
SES_PB,D,20190809,000000,1.4147,1.4147,1.4147,1.4147,0,0
SES_PB,D,20190812,000000,1.4147,1.4147,1.4147,1.4147,0,0
SES_PB,D,20190827,000000,1.4147,1.4147,1.4147,1.4147,0,0
SES_PB,D,20190828,000000,1.4246,1.4246,1.4246,1.4246,0,0
SES_PB,D,20190829,000000,1.4246,1.4246,1.4246,1.4246,0,0
SES_PB,D,20190830,000000,1.4246,1.4246,1.3949,1.3949,0,0
SES_PB,D,20190902,000000,1.3949,1.3949,1.3949,1.3949,0,0
SES_PB,D,20190903,000000,1.3949,1.3949,1.3949,1.3949,0,0
SES_PB,D,20190904,000000,1.3949,1.3949,1.3949,1.3949,0,0
SES_PB,D,20190906,000000,1.3949,1.3949,1.3949,1.3949,0,0
SES_PB,D,20190909,000000,1.3949,1.3949,1.3949,1.3949,0,0
SES_PB,D,20190910,000000,1.3949,1.3949,1.3949,1.3949,0,0
SES_PB,D,20190911,000000,1.3949,1.3949,1.3949,1.3949,0,0
SES_PB,D,20190912,000000,1.3949,1.3949,1.3949,1.3949,0,0
SES_PB,D,20190913,000000,1.3949,1.3949,1.3949,1.3949,0,0
SES_PB,D,20190916,000000,1.3949,1.3949,1.3949,1.3949,0,0
SES_PB,D,20190917,000000,1.3949,1.3949,1.3949,1.3949,0,0
SES_PB,D,20190918,000000,1.3949,1.3949,1.3949,1.3949,0,0
SES_PB,D,20190919,000000,1.3949,1.3949,1.385,1.385,0,0
SES_PB,D,20190920,000000,1.385,1.3949,1.385,1.3949,0,0
SES_PB,D,20190923,000000,1.385,1.3949,1.385,1.385,0,0
SES_PB,D,20190924,000000,1.3949,1.3949,1.3949,1.3949,0,0
SES_PB,D,20190925,000000,1.3356,1.3949,1.3356,1.3949,0,0
SES_PB,D,20191007,000000,1.3257,1.3949,1.3257,1.3949,0,0
SES_PB,D,20191008,000000,1.385,1.385,1.385,1.385,0,0
SES_PB,D,20191010,000000,1.3949,1.3949,1.3949,1.3949,0,0
SES_PB,D,20191011,000000,1.3949,1.3949,1.3949,1.3949,0,0
SES_PB,D,20191017,000000,1.3949,1.3949,1.3949,1.3949,0,0
SES_PB,D,20191105,000000,1.4147,1.4246,1.4147,1.4246,0,0
SES_PB,D,20191106,000000,1.5037,1.5037,1.4246,1.5037,0,0
SES_PB,D,20191107,000000,1.5334,1.5334,1.5334,1.5334,0,0
SES_PB,D,20191108,000000,1.5334,1.5334,1.5334,1.5334,0,0
SES_PB,D,20191112,000000,1.5334,1.5334,1.5334,1.5334,0,0
SES_PB,D,20191113,000000,1.5334,1.5334,1.5334,1.5334,0,0
SES_PB,D,20191114,000000,1.5334,1.5334,1.5334,1.5334,0,0
SES_PB,D,20191115,000000,1.5334,1.5334,1.5334,1.5334,0,0
SES_PB,D,20191118,000000,1.4642,1.4642,1.4642,1.4642,0,0
SES_PB,D,20191119,000000,1.4642,1.4642,1.4345,1.4345,0,0
SES_PB,D,20191120,000000,1.4345,1.4345,1.4345,1.4345,0,0
SES_PB,D,20191203,000000,1.4345,1.4345,1.4345,1.4345,0,0
SES_PB,D,20191204,000000,1.4345,1.4345,1.4345,1.4345,0,0
SES_PB,D,20191205,000000,1.4147,1.4147,1.385,1.385,0,0
SES_PB,D,20191209,000000,1.3356,1.385,1.3257,1.3257,0,0
SES_PB,D,20191210,000000,1.2762,1.2762,1.2762,1.2762,0,0
SES_PB,D,20191212,000000,1.2762,1.2762,1.2762,1.2762,0,0
SES_PB,D,20191220,000000,1.2762,1.2762,1.2762,1.2762,0,0
SES_PB,D,20191223,000000,1.2762,1.2762,1.2762,1.2762,0,0
SES_PB,D,20191227,000000,1.2762,1.2762,1.2762,1.2762,0,0
SES_PB,D,20191230,000000,1.2762,1.2762,1.2762,1.2762,0,0
SES_PB,D,20200102,000000,1.2762,1.2762,1.2267,1.2267,0,0
SES_PB,D,20200103,000000,1.2861,1.2861,1.2762,1.2861,0,0
SES_PB,D,20200107,000000,1.296,1.296,1.296,1.296,0,0
SES_PB,D,20200108,000000,1.296,1.296,1.2861,1.296,0,0
SES_PB,D,20200109,000000,1.296,1.296,1.2663,1.2663,0,0
SES_PB,D,20200110,000000,1.2267,1.2267,1.2267,1.2267,0,0
SES_PB,D,20200113,000000,1.2267,1.2267,1.2267,1.2267,0,0
SES_PB,D,20200114,000000,1.1773,1.1773,1.1773,1.1773,0,0
SES_PB,D,20200115,000000,1.1872,1.1872,1.1872,1.1872,0,0
SES_PB,D,20200116,000000,1.1872,1.1872,1.1872,1.1872,0,0
SES_PB,D,20200122,000000,1.1773,1.1773,1.1773,1.1773,0,0
SES_PB,D,20200123,000000,1.1773,1.1773,1.1773,1.1773,0,0
SES_PB,D,20200127,000000,1.1773,1.1773,1.1773,1.1773,0,0
SES_PB,D,20200203,000000,1.1773,1.1773,1.1674,1.1674,0,0
SES_PB,D,20200204,000000,1.1278,1.1674,1.1278,1.1674,0,0
SES_PB,D,20200205,000000,1.1278,1.1674,1.1179,1.1179,0,0
SES_PB,D,20200206,000000,1.0981,1.1179,1.0981,1.1179,0,0
SES_PB,D,20200207,000000,1.0882,1.108,1.0684,1.108,0,0
SES_PB,D,20200210,000000,1.108,1.1179,1.108,1.1179,0,0
SES_PB,D,20200211,000000,1.1575,1.1773,1.1575,1.1773,0,0
SES_PB,D,20200212,000000,1.1872,1.2267,1.1872,1.2267,0,0
SES_PB,D,20200213,000000,1.1971,1.1971,1.1971,1.1971,0,0
SES_PB,D,20200214,000000,1.1773,1.1773,1.1773,1.1773,0,0
SES_PB,D,20200218,000000,1.1872,1.1872,1.1872,1.1872,0,0
SES_PB,D,20200219,000000,1.1773,1.1773,1.1773,1.1773,0,0
SES_PB,D,20200220,000000,1.1971,1.1971,1.1971,1.1971,0,0
SES_PB,D,20200221,000000,1.1971,1.207,1.1971,1.207,0,0
SES_PB,D,20200224,000000,1.207,1.207,1.1674,1.1674,0,0
SES_PB,D,20200225,000000,1.2267,1.2267,1.2267,1.2267,0,0
SES_PB,D,20200226,000000,1.1773,1.1773,1.1773,1.1773,0,0
SES_PB,D,20200227,000000,1.1773,1.2762,1.1476,1.2762,0,0
SES_PB,D,20200228,000000,1.2267,1.2267,1.2267,1.2267,0,0
SES_PB,D,20200302,000000,1.1278,1.1278,1.108,1.108,0,0
SES_PB,D,20200303,000000,1.1476,1.1476,1.0882,1.0882,0,0
SES_PB,D,20200304,000000,1.108,1.108,1.108,1.108,0,0
SES_PB,D,20200305,000000,1.1179,1.1377,1.1179,1.1377,0,0
SES_PB,D,20200306,000000,1.1575,1.1575,1.1377,1.1575,0,0
SES_PB,D,20200309,000000,1.1179,1.1179,1.0388,1.0388,0,0
SES_PB,D,20200310,000000,0.9893,0.9893,0.9893,0.9893,0,0
SES_PB,D,20200311,000000,1.0388,1.0388,0.9497,0.9893,0,0
SES_PB,D,20200312,000000,0.9893,0.9893,0.8508,0.8904,0,0
SES_PB,D,20200313,000000,0.8904,0.8904,0.8904,0.8904,0,0
SES_PB,D,20200316,000000,0.9794,0.9794,0.8508,0.8904,0,0
SES_PB,D,20200317,000000,0.8904,0.8904,0.8409,0.8409,0,0
SES_PB,D,20200318,000000,0.9398,0.9893,0.9398,0.9893,0,0
SES_PB,D,20200319,000000,0.9893,0.9893,0.9893,0.9893,0,0
SES_PB,D,20200320,000000,0.9893,0.9893,0.9893,0.9893,0,0
SES_PB,D,20200323,000000,0.9201,0.9398,0.9201,0.9398,0,0
SES_PB,D,20200324,000000,0.8904,0.8904,0.8904,0.8904,0,0
SES_PB,D,20200327,000000,0.8607,0.8607,0.8508,0.8607,0,0
SES_PB,D,20200401,000000,0.8409,0.8409,0.8409,0.8409,0,0
SES_PB,D,20200402,000000,0.8409,0.8409,0.8409,0.8409,0,0
SES_PB,D,20200403,000000,0.8409,0.8409,0.7914,0.7914,0,0
SES_PB,D,20200406,000000,0.8013,0.8013,0.7914,0.7914,0,0
SES_PB,D,20200407,000000,0.7816,0.7914,0.7816,0.7914,0,0
SES_PB,D,20200408,000000,0.7914,0.7914,0.7519,0.7519,0,0
SES_PB,D,20200409,000000,0.7618,0.7618,0.7618,0.7618,0,0
SES_PB,D,20200414,000000,0.7519,0.7914,0.7519,0.7914,0,0
SES_PB,D,20200415,000000,0.7914,0.7914,0.7914,0.7914,0,0
SES_PB,D,20200416,000000,0.7816,0.8013,0.7816,0.8013,0,0
SES_PB,D,20200417,000000,0.7914,0.7914,0.7717,0.7717,0,0
SES_PB,D,20200420,000000,0.8013,0.831,0.7914,0.831,0,0
SES_PB,D,20200421,000000,0.8409,0.8607,0.8409,0.8607,0,0
SES_PB,D,20200422,000000,0.8508,0.8508,0.8508,0.8508,0,0
SES_PB,D,20200427,000000,0.8508,0.8508,0.8409,0.8409,0,0
SES_PB,D,20200429,000000,0.8805,0.8805,0.8409,0.8409,0,0
SES_PB,D,20200430,000000,0.8508,0.8508,0.8508,0.8508,0,0
SES_PB,D,20200504,000000,0.8805,0.8805,0.8409,0.8409,0,0
SES_PB,D,20200505,000000,0.8607,0.8706,0.8607,0.8706,0,0
SES_PB,D,20200506,000000,0.8706,0.8706,0.8706,0.8706,0,0
SES_PB,D,20200508,000000,0.8904,0.8904,0.8508,0.8508,0,0
SES_PB,D,20200511,000000,0.8904,0.9003,0.8904,0.8904,0,0
SES_PB,D,20200513,000000,0.9102,0.9201,0.9102,0.9201,0,0
SES_PB,D,20200514,000000,0.9201,0.9299,0.9201,0.9299,0,0
SES_PB,D,20200515,000000,0.9299,0.9398,0.9299,0.9398,0,0
SES_PB,D,20200518,000000,0.9497,0.9497,0.9299,0.9398,0,0
SES_PB,D,20200519,000000,0.9695,0.9695,0.9695,0.9695,0,0
SES_PB,D,20200520,000000,0.9695,0.9695,0.9695,0.9695,0,0
SES_PB,D,20200521,000000,0.9794,0.9794,0.9794,0.9794,0,0
SES_PB,D,20200522,000000,0.9794,0.9794,0.9794,0.9794,0,0
SES_PB,D,20200526,000000,1.019,1.019,1.019,1.019,0,0
SES_PB,D,20200529,000000,0.9893,0.9893,0.9893,0.9893,0,0
SES_PB,D,20200601,000000,0.9596,1.019,0.9596,1.019,0,0
SES_PB,D,20200604,000000,0.9794,0.9794,0.9794,0.9794,0,0
SES_PB,D,20200605,000000,0.9794,0.9794,0.9794,0.9794,0,0
SES_PB,D,20200608,000000,1.019,1.019,0.9794,0.9794,0,0
SES_PB,D,20200610,000000,0.9893,0.9893,0.9893,0.9893,0,0
SES_PB,D,20200612,000000,0.9893,0.9893,0.9893,0.9893,0,0
SES_PB,D,20200615,000000,0.9003,0.9695,0.9003,0.9596,0,0
SES_PB,D,20200617,000000,0.9497,0.9893,0.9497,0.9893,0,0
SES_PB,D,20200623,000000,0.9794,0.9794,0.9794,0.9794,0,0
SES_PB,D,20200701,000000,0.9695,0.9695,0.9596,0.9596,0,0
SES_PB,D,20200702,000000,0.9695,0.9695,0.9695,0.9695,0,0
SES_PB,D,20200703,000000,0.9695,0.9695,0.9695,0.9695,0,0
SES_PB,D,20200706,000000,0.9695,0.9695,0.9695,0.9695,0,0
SES_PB,D,20200707,000000,0.9398,0.9695,0.8805,0.9695,0,0
SES_PB,D,20200709,000000,0.9398,0.9398,0.9299,0.9299,0,0
SES_PB,D,20200710,000000,0.9398,0.9398,0.9299,0.9299,0,0
SES_PB,D,20200714,000000,0.9596,1.019,0.9596,1.0091,0,0
SES_PB,D,20200715,000000,0.9893,0.9893,0.9893,0.9893,0,0
SES_PB,D,20200716,000000,0.9893,0.9893,0.9893,0.9893,0,0
SES_PB,D,20200717,000000,0.9794,0.9794,0.9794,0.9794,0,0
SES_PB,D,20200720,000000,0.9794,0.9794,0.8904,0.9003,0,0
SES_PB,D,20200721,000000,0.9201,0.9596,0.9201,0.9596,0,0
SES_PB,D,20200722,000000,0.9695,0.9695,0.9695,0.9695,0,0
SES_PB,D,20200723,000000,0.9398,0.9398,0.9398,0.9398,0,0
SES_PB,D,20200724,000000,0.9497,0.9497,0.9497,0.9497,0,0
SES_PB,D,20200727,000000,0.9497,0.9497,0.9497,0.9497,0,0
SES_PB,D,20200728,000000,0.9497,0.9497,0.9102,0.9102,0,0
SES_PB,D,20200729,000000,0.9497,0.9497,0.9497,0.9497,0,0
SES_PB,D,20200730,000000,0.9497,0.9497,0.9102,0.9102,0,0
SES_PB,D,20200804,000000,0.9102,0.9102,0.9102,0.9102,0,0
SES_PB,D,20200805,000000,0.9299,0.9299,0.9299,0.9299,0,0
SES_PB,D,20200807,000000,0.9003,0.9003,0.9003,0.9003,0,0
SES_PB,D,20200810,000000,0.8904,0.8904,0.8904,0.8904,0,0
SES_PB,D,20200811,000000,0.8904,0.8904,0.8805,0.8805,0,0
SES_PB,D,20200814,000000,0.8805,0.8805,0.8805,0.8805,0,0
SES_PB,D,20200817,000000,0.8904,0.8904,0.8904,0.8904,0,0
SES_PB,D,20200818,000000,0.8805,0.8805,0.8706,0.8706,0,0
SES_PB,D,20200819,000000,0.8706,0.8805,0.8508,0.8805,0,0
SES_PB,D,20200820,000000,0.8904,0.8904,0.8904,0.8904,0,0
SES_PB,D,20200821,000000,0.8904,0.8904,0.8904,0.8904,0,0
SES_PB,D,20200824,000000,0.8508,0.9003,0.8508,0.9003,0,0
SES_PB,D,20200825,000000,0.9003,0.9003,0.9003,0.9003,0,0
SES_PB,D,20200826,000000,0.9003,0.9003,0.9003,0.9003,0,0
SES_PB,D,20200827,000000,0.9102,0.9102,0.9102,0.9102,0,0
SES_PB,D,20200828,000000,0.9201,0.9201,0.9201,0.9201,0,0
SES_PB,D,20200831,000000,0.9299,1.019,0.9299,1.019,0,0
SES_PB,D,20200901,000000,0.9794,1.0388,0.9794,1.019,0,0
SES_PB,D,20200902,000000,1.0487,1.2366,1.0487,1.0882,0,0
SES_PB,D,20200903,000000,1.1179,1.1377,1.1179,1.1377,0,0
SES_PB,D,20200904,000000,1.1377,1.2564,1.1278,1.2564,0,0
SES_PB,D,20200907,000000,1.2564,1.2564,1.2564,1.2564,0,0
SES_PB,D,20200908,000000,1.2366,1.2366,1.1872,1.1872,0,0
SES_PB,D,20200909,000000,1.1872,1.1872,1.1872,1.1872,0,0
SES_PB,D,20200910,000000,1.1872,1.1872,1.1872,1.1872,0,0
SES_PB,D,20200911,000000,1.1872,1.2168,1.1872,1.2168,0,0
SES_PB,D,20200914,000000,1.207,1.3257,1.207,1.3257,0,0
SES_PB,D,20200915,000000,1.3751,1.4147,1.3652,1.4147,0,0
SES_PB,D,20200916,000000,1.3751,1.3751,1.3257,1.3652,0,0
SES_PB,D,20200917,000000,1.3652,1.3652,1.3059,1.3257,0,0
SES_PB,D,20200918,000000,1.3257,1.3455,1.3059,1.3455,0,0
SES_PB,D,20200921,000000,1.3553,1.3553,1.2762,1.2861,0,0
SES_PB,D,20200922,000000,1.3158,1.3158,1.3158,1.3158,0,0
SES_PB,D,20200923,000000,1.3257,1.3257,1.3257,1.3257,0,0
SES_PB,D,20200924,000000,1.3158,1.3158,1.2366,1.2861,0,0
SES_PB,D,20200925,000000,1.2267,1.2366,1.2168,1.2366,0,0
SES_PB,D,20200928,000000,1.2366,1.2366,1.2366,1.2366,0,0
SES_PB,D,20200929,000000,1.2861,1.3553,1.2762,1.3553,0,0
SES_PB,D,20200930,000000,1.4246,1.4246,1.3553,1.4246,0,0
SES_PB,D,20201001,000000,1.484,1.5235,1.484,1.5235,0,0
SES_PB,D,20201002,000000,1.5235,1.5235,1.5136,1.5136,0,0
SES_PB,D,20201005,000000,1.5136,1.5136,1.4246,1.5037,0,0
SES_PB,D,20201006,000000,1.5136,1.5136,1.5136,1.5136,0,0
SES_PB,D,20201007,000000,1.4939,1.4939,1.4246,1.4246,0,0
SES_PB,D,20201008,000000,1.4543,1.4543,1.4246,1.4246,0,0
SES_PB,D,20201009,000000,1.4444,1.4444,1.3751,1.3949,0,0
SES_PB,D,20201012,000000,1.3751,1.3751,1.3751,1.3751,0,0
SES_PB,D,20201013,000000,1.3652,1.3652,1.1179,1.2168,0,0
SES_PB,D,20201014,000000,1.1971,1.2762,1.1971,1.2762,0,0
SES_PB,D,20201015,000000,1.2861,1.2861,1.2168,1.2168,0,0
SES_PB,D,20201016,000000,1.2168,1.2861,1.1971,1.2168,0,0
SES_PB,D,20201019,000000,1.2861,1.2861,1.2861,1.2861,0,0
SES_PB,D,20201020,000000,1.2861,1.3257,1.2366,1.2366,0,0
SES_PB,D,20201021,000000,1.3257,1.3257,1.3257,1.3257,0,0
SES_PB,D,20201022,000000,1.3158,1.3158,1.3158,1.3158,0,0
SES_PB,D,20201023,000000,1.3158,1.3158,1.296,1.3158,0,0
SES_PB,D,20201026,000000,1.3158,1.3158,1.3158,1.3158,0,0
SES_PB,D,20201027,000000,1.3158,1.3158,1.3158,1.3158,0,0
SES_PB,D,20201028,000000,1.2861,1.2861,1.2366,1.2366,0,0
SES_PB,D,20201029,000000,1.2465,1.2465,1.2465,1.2465,0,0
SES_PB,D,20201030,000000,1.2564,1.2564,1.2564,1.2564,0,0
SES_PB,D,20201102,000000,1.2564,1.2564,1.1872,1.1872,0,0
SES_PB,D,20201103,000000,1.2465,1.2465,1.2465,1.2465,0,0
SES_PB,D,20201104,000000,1.2465,1.2465,1.1872,1.1872,0,0
SES_PB,D,20201105,000000,1.1971,1.1971,1.1971,1.1971,0,0
SES_PB,D,20201106,000000,1.1971,1.1971,1.1872,1.1872,0,0
SES_PB,D,20201109,000000,1.1971,1.1971,1.1872,1.1971,0,0
SES_PB,D,20201110,000000,1.2267,1.2267,1.0091,1.0586,0,0
SES_PB,D,20201112,000000,1.0783,1.1377,1.0586,1.1377,0,0
SES_PB,D,20201113,000000,1.1377,1.1674,1.1278,1.1278,0,0
SES_PB,D,20201116,000000,1.1278,1.1971,1.1278,1.1377,0,0
SES_PB,D,20201117,000000,1.1971,1.3059,1.1971,1.3059,0,0
SES_PB,D,20201118,000000,1.2861,1.2861,1.2861,1.2861,0,0
SES_PB,D,20201119,000000,1.3059,1.3455,1.3059,1.3455,0,0
SES_PB,D,20201120,000000,1.4246,1.4246,1.3257,1.3257,0,0
SES_PB,D,20201123,000000,1.3257,1.3257,1.3257,1.3257,0,0
SES_PB,D,20201124,000000,1.3158,1.3257,1.3158,1.3158,0,0
SES_PB,D,20201125,000000,1.3158,1.3158,1.3158,1.3158,0,0
SES_PB,D,20201126,000000,1.3158,1.3158,1.3158,1.3158,0,0
SES_PB,D,20201127,000000,1.3158,1.3158,1.3158,1.3158,0,0
SES_PB,D,20201130,000000,1.3158,1.3158,1.3158,1.3158,0,0
SES_PB,D,20201201,000000,1.2861,1.2861,1.2663,1.2663,0,0
SES_PB,D,20201202,000000,1.296,1.296,1.296,1.296,0,0
SES_PB,D,20201203,000000,1.3059,1.4147,1.3059,1.3949,0,0
SES_PB,D,20201204,000000,1.385,1.385,1.385,1.385,0,0
SES_PB,D,20201207,000000,1.385,1.385,1.2861,1.2861,0,0
SES_PB,D,20201208,000000,1.3158,1.3751,1.3158,1.3751,0,0
SES_PB,D,20201210,000000,1.3751,1.3751,1.3751,1.3751,0,0
SES_PB,D,20201211,000000,1.3257,1.3257,1.3257,1.3257,0,0
SES_PB,D,20201214,000000,1.3553,1.3553,1.3257,1.3257,0,0
SES_PB,D,20201215,000000,1.3257,1.3455,1.3257,1.3455,0,0
SES_PB,D,20201216,000000,1.3652,1.3652,1.3652,1.3652,0,0
SES_PB,D,20201217,000000,1.3949,1.3949,1.3949,1.3949,0,0
SES_PB,D,20201218,000000,1.3257,1.3949,1.3257,1.3257,0,0
SES_PB,D,20201221,000000,1.3257,1.3257,1.3059,1.3059,0,0
SES_PB,D,20201222,000000,1.3059,1.3059,1.3059,1.3059,0,0
SES_PB,D,20201223,000000,1.2861,1.3059,1.2564,1.2564,0,0
SES_PB,D,20201228,000000,1.3257,1.3356,1.3257,1.3356,0,0
SES_PB,D,20201230,000000,1.3356,1.3751,1.3257,1.3257,0,0
SES_PB,D,20210104,000000,1.3356,1.3356,1.2861,1.2861,0,0
SES_PB,D,20210105,000000,1.3257,1.3751,1.3257,1.3356,0,0
SES_PB,D,20210107,000000,1.3356,1.3356,1.3257,1.3257,0,0
SES_PB,D,20210108,000000,1.3455,1.4246,1.3158,1.4246,0,0
SES_PB,D,20210111,000000,1.3553,1.4246,1.3553,1.4246,0,0
SES_PB,D,20210112,000000,1.4246,1.4246,1.4246,1.4246,0,0
SES_PB,D,20210113,000000,1.4246,1.7115,1.4246,1.662,0,0
SES_PB,D,20210114,000000,1.7115,1.7115,1.5928,1.6126,0,0
SES_PB,D,20210115,000000,1.5631,1.6126,1.5235,1.5334,0,0
SES_PB,D,20210118,000000,1.573,1.6917,1.573,1.662,0,0
SES_PB,D,20210119,000000,1.662,1.8203,1.662,1.8203,0,0
SES_PB,D,20210120,000000,1.8203,2.2358,1.8203,2.2358,0,0
SES_PB,D,20210121,000000,2.1864,2.1864,1.9687,1.9885,0,0
SES_PB,D,20210122,000000,1.9489,1.9885,1.761,1.8302,0,0
SES_PB,D,20210125,000000,1.939,1.939,1.8401,1.8995,0,0
SES_PB,D,20210126,000000,1.8995,1.8995,1.7115,1.7709,0,0
SES_PB,D,20210127,000000,1.7709,1.7709,1.7214,1.7709,0,0
SES_PB,D,20210128,000000,1.7709,1.7807,1.7709,1.7807,0,0
SES_PB,D,20210129,000000,1.8401,1.9489,1.8203,1.8995,0,0
SES_PB,D,20210201,000000,1.8995,1.8995,1.8995,1.8995,0,0
SES_PB,D,20210202,000000,1.8995,1.8995,1.8698,1.8698,0,0
SES_PB,D,20210203,000000,1.8698,1.8698,1.7807,1.8698,0,0
SES_PB,D,20210204,000000,1.8698,1.9193,1.8401,1.8995,0,0
SES_PB,D,20210205,000000,1.8896,1.9094,1.8896,1.9094,0,0
SES_PB,D,20210208,000000,1.9193,1.9193,1.85,1.8995,0,0
SES_PB,D,20210209,000000,1.8401,1.8599,1.7906,1.7906,0,0
SES_PB,D,20210210,000000,1.8599,1.8599,1.7115,1.7313,0,0
SES_PB,D,20210211,000000,1.7313,1.8104,1.7313,1.8104,0,0
SES_PB,D,20210212,000000,1.8203,1.8203,1.8203,1.8203,0,0
SES_PB,D,20210215,000000,1.8104,1.9885,1.8104,1.8995,0,0
SES_PB,D,20210216,000000,1.8698,1.9885,1.8698,1.9193,0,0
SES_PB,D,20210217,000000,1.8698,1.8698,1.7807,1.7807,0,0
SES_PB,D,20210218,000000,1.8203,1.8698,1.7807,1.7807,0,0
SES_PB,D,20210219,000000,1.8698,1.8698,1.7807,1.8599,0,0
SES_PB,D,20210222,000000,1.8698,1.8698,1.8104,1.8599,0,0
SES_PB,D,20210223,000000,1.8599,1.8896,1.7906,1.7906,0,0
SES_PB,D,20210224,000000,1.85,1.8599,1.85,1.8599,0,0
SES_PB,D,20210225,000000,1.8599,1.8599,1.8599,1.8599,0,0
SES_PB,D,20210301,000000,1.8302,1.8698,1.7313,1.8005,0,0
SES_PB,D,20210302,000000,1.8203,1.8203,1.7412,1.7412,0,0
SES_PB,D,20210303,000000,1.7412,1.7412,1.7016,1.7412,0,0
SES_PB,D,20210304,000000,1.7016,1.7313,1.6917,1.7313,0,0
SES_PB,D,20210305,000000,1.7016,1.7016,1.662,1.7016,0,0
SES_PB,D,20210308,000000,1.6719,1.7709,1.6719,1.7709,0,0
SES_PB,D,20210309,000000,1.761,1.761,1.761,1.761,0,0
SES_PB,D,20210310,000000,1.7412,1.7412,1.7016,1.7016,0,0
SES_PB,D,20210311,000000,1.7412,1.7412,1.7016,1.7412,0,0
SES_PB,D,20210312,000000,1.7115,1.7412,1.7016,1.7412,0,0
SES_PB,D,20210315,000000,1.6917,1.7313,1.6917,1.7313,0,0
SES_PB,D,20210316,000000,1.7016,1.7313,1.7016,1.7313,0,0
SES_PB,D,20210317,000000,1.7313,1.7313,1.662,1.7016,0,0
SES_PB,D,20210318,000000,1.7016,1.7016,1.7016,1.7016,0,0
SES_PB,D,20210319,000000,1.7016,1.7016,1.662,1.7016,0,0
SES_PB,D,20210322,000000,1.7016,1.7016,1.6917,1.7016,0,0
SES_PB,D,20210323,000000,1.7016,1.7016,1.7016,1.7016,0,0
SES_PB,D,20210324,000000,1.6521,1.6521,1.6521,1.6521,0,0
SES_PB,D,20210325,000000,1.6126,1.6521,1.484,1.6126,0,0
SES_PB,D,20210326,000000,1.6324,1.6324,1.6126,1.6324,0,0
SES_PB,D,20210329,000000,1.5433,1.6126,1.5433,1.6126,0,0
SES_PB,D,20210330,000000,1.6126,1.6126,1.6126,1.6126,0,0
SES_PB,D,20210331,000000,1.6126,1.6126,1.6126,1.6126,0,0
SES_PB,D,20210401,000000,1.6126,1.6126,1.6126,1.6126,0,0
SES_PB,D,20210406,000000,1.6126,1.6126,1.6126,1.6126,0,0
SES_PB,D,20210407,000000,1.6126,1.6126,1.6126,1.6126,0,0
SES_PB,D,20210408,000000,1.6126,1.6521,1.6126,1.6126,0,0
SES_PB,D,20210412,000000,1.6126,1.6422,1.6126,1.6422,0,0
SES_PB,D,20210413,000000,1.6521,1.7115,1.6422,1.7016,0,0
SES_PB,D,20210414,000000,1.7016,1.7016,1.6126,1.6719,0,0
SES_PB,D,20210416,000000,1.68,1.68,1.68,1.68,0,0
SES_PB,D,20210419,000000,1.7,1.7,1.69,1.69,0,0
SES_PB,D,20210420,000000,1.7,1.7,1.63,1.63,0,0
SES_PB,D,20210421,000000,1.62,1.62,1.56,1.62,0,0
SES_PB,D,20210422,000000,1.62,1.63,1.62,1.63,0,0
SES_PB,D,20210423,000000,1.63,1.63,1.63,1.63,0,0
SES_PB,D,20210427,000000,1.63,1.7,1.63,1.64,0,0
SES_PB,D,20210428,000000,1.64,1.66,1.64,1.65,0,0
SES_PB,D,20210429,000000,1.67,1.67,1.67,1.67,0,0
SES_PB,D,20210430,000000,1.68,1.7,1.68,1.7,0,0
SES_PB,D,20210504,000000,1.7,1.7,1.64,1.66,0,0
SES_PB,D,20210505,000000,1.66,1.66,1.63,1.64,0,0
SES_PB,D,20210506,000000,1.64,1.64,1.63,1.63,0,0
SES_PB,D,20210507,000000,1.63,1.63,1.63,1.63,0,0
SES_PB,D,20210510,000000,1.63,1.63,1.59,1.59,0,0
SES_PB,D,20210511,000000,1.64,1.64,1.59,1.64,0,0
SES_PB,D,20210512,000000,1.64,1.67,1.64,1.67,0,0
SES_PB,D,20210513,000000,1.63,1.65,1.54,1.6,0,0
SES_PB,D,20210514,000000,1.56,1.56,1.56,1.56,0,0
SES_PB,D,20210517,000000,1.61,1.61,1.61,1.61,0,0
SES_PB,D,20210518,000000,1.62,1.64,1.61,1.64,0,0
SES_PB,D,20210519,000000,1.64,1.67,1.64,1.67,0,0
SES_PB,D,20210520,000000,1.67,1.69,1.67,1.69,0,0
SES_PB,D,20210521,000000,1.71,1.71,1.71,1.71,0,0
SES_PB,D,20210524,000000,1.69,1.71,1.69,1.71,0,0
SES_PB,D,20210525,000000,1.7,1.71,1.66,1.71,0,0
SES_PB,D,20210526,000000,1.71,1.71,1.71,1.71,0,0
SES_PB,D,20210527,000000,1.71,1.71,1.71,1.71,0,0
SES_PB,D,20210528,000000,1.71,1.71,1.65,1.65,0,0
SES_PB,D,20210531,000000,1.71,1.78,1.71,1.78,0,0
SES_PB,D,20210601,000000,1.78,1.78,1.75,1.75,0,0
SES_PB,D,20210602,000000,1.76,1.76,1.76,1.76,0,0
SES_PB,D,20210604,000000,1.72,1.77,1.67,1.67,0,0
SES_PB,D,20210607,000000,1.73,1.73,1.73,1.73,0,0
SES_PB,D,20210608,000000,1.74,1.75,1.71,1.75,0,0
SES_PB,D,20210609,000000,1.75,1.8,1.74,1.79,0,0
SES_PB,D,20210610,000000,1.8,1.81,1.77,1.8,0,0
SES_PB,D,20210611,000000,1.81,1.9,1.79,1.87,0,0
SES_PB,D,20210614,000000,1.85,1.85,1.81,1.81,0,0
SES_PB,D,20210615,000000,1.82,1.84,1.8,1.81,0,0
SES_PB,D,20210616,000000,1.81,1.84,1.8,1.84,0,0
SES_PB,D,20210617,000000,1.84,1.84,1.78,1.78,0,0
SES_PB,D,20210618,000000,1.82,1.82,1.77,1.77,0,0
SES_PB,D,20210621,000000,1.77,1.78,1.74,1.77,0,0
SES_PB,D,20210624,000000,1.77,1.78,1.76,1.76,0,0
SES_PB,D,20210625,000000,1.81,1.81,1.81,1.81,0,0
SES_PB,D,20210628,000000,1.81,1.81,1.81,1.81,0,0
SES_PB,D,20210629,000000,1.81,1.81,1.76,1.76,0,0
SES_PB,D,20210630,000000,1.76,1.76,1.74,1.76,0,0
SES_PB,D,20210701,000000,1.76,1.81,1.76,1.81,0,0
SES_PB,D,20210702,000000,1.81,1.81,1.81,1.81,0,0
SES_PB,D,20210705,000000,1.81,1.81,1.76,1.76,0,0
SES_PB,D,20210706,000000,1.76,1.76,1.72,1.76,0,0
SES_PB,D,20210707,000000,1.76,1.76,1.76,1.76,0,0
SES_PB,D,20210708,000000,1.74,1.76,1.73,1.73,0,0
SES_PB,D,20210709,000000,1.74,1.74,1.73,1.74,0,0
SES_PB,D,20210712,000000,1.74,1.82,1.71,1.76,0,0
SES_PB,D,20210713,000000,1.73,1.79,1.73,1.79,0,0
SES_PB,D,20210714,000000,1.73,1.83,1.73,1.83,0,0
SES_PB,D,20210715,000000,1.84,1.88,1.81,1.88,0,0
SES_PB,D,20210716,000000,1.89,1.89,1.81,1.81,0,0
SES_PB,D,20210719,000000,1.78,1.82,1.74,1.74,0,0
SES_PB,D,20210720,000000,1.74,1.74,1.74,1.74,0,0
SES_PB,D,20210721,000000,1.73,1.76,1.72,1.76,0,0
SES_PB,D,20210722,000000,1.76,1.82,1.76,1.82,0,0
SES_PB,D,20210723,000000,1.82,1.82,1.8,1.8,0,0
SES_PB,D,20210726,000000,1.8,1.8,1.72,1.73,0,0
SES_PB,D,20210727,000000,1.74,1.76,1.73,1.76,0,0
SES_PB,D,20210729,000000,1.81,2.26,1.76,2.23,0,0
SES_PB,D,20210730,000000,2.23,2.23,2.03,2.15,0,0
SES_PB,D,20210802,000000,2.15,2.16,1.99,2.13,0,0
SES_PB,D,20210803,000000,2.13,2.18,2.08,2.17,0,0
SES_PB,D,20210804,000000,2.17,2.17,2.04,2.17,0,0
SES_PB,D,20210805,000000,2.16,2.19,2.03,2.03,0,0
SES_PB,D,20210806,000000,2.07,2.07,2,2.07,0,0
SES_PB,D,20210809,000000,2.08,2.09,2.08,2.09,0,0
SES_PB,D,20210810,000000,2.09,2.09,2.09,2.09,0,0
SES_PB,D,20210811,000000,2.09,2.26,2.08,2.22,0,0
SES_PB,D,20210812,000000,2.24,2.24,2.11,2.17,0,0
SES_PB,D,20210813,000000,2.17,2.17,2.09,2.16,0,0
SES_PB,D,20210816,000000,2.16,2.16,2.16,2.16,0,0
SES_PB,D,20210817,000000,2.08,2.17,2.04,2.14,0,0
SES_PB,D,20210818,000000,2.16,2.16,2.16,2.16,0,0
SES_PB,D,20210819,000000,2.16,2.17,2.06,2.06,0,0
SES_PB,D,20210820,000000,2.09,2.12,2.09,2.12,0,0
SES_PB,D,20210823,000000,2.12,2.16,2.08,2.16,0,0
SES_PB,D,20210824,000000,2.16,2.16,2.16,2.16,0,0
SES_PB,D,20210825,000000,2.16,2.24,2.16,2.21,0,0
SES_PB,D,20210826,000000,2.26,2.26,2.03,2.21,0,0
SES_PB,D,20210827,000000,2.23,2.23,2.23,2.23,0,0
SES_PB,D,20210830,000000,2.2,2.2,2.2,2.2,0,0
SES_PB,D,20210831,000000,2.17,2.2,2.12,2.17,0,0
SES_PB,D,20210901,000000,2.17,2.71,2.17,2.69,0,0
SES_PB,D,20210902,000000,2.8,3.32,2.8,3.32,0,0
SES_PB,D,20210903,000000,3.36,3.36,2.51,2.82,0,0
SES_PB,D,20210906,000000,2.85,2.89,2.67,2.82,0,0
SES_PB,D,20210907,000000,2.82,2.96,2.73,2.96,0,0
SES_PB,D,20210908,000000,3,3,2.87,3,0,0
SES_PB,D,20210909,000000,3,3.05,2.69,2.69,0,0
SES_PB,D,20210910,000000,2.69,2.87,2.51,2.6,0,0
SES_PB,D,20210913,000000,2.6,2.64,2.6,2.64,0,0
SES_PB,D,20210914,000000,2.64,2.69,2.64,2.69,0,0
SES_PB,D,20210915,000000,2.58,2.64,2.49,2.58,0,0
SES_PB,D,20210916,000000,2.46,2.55,2.33,2.44,0,0
SES_PB,D,20210917,000000,2.49,2.73,2.42,2.64,0,0
SES_PB,D,20210920,000000,2.64,2.64,2.35,2.51,0,0
SES_PB,D,20210921,000000,2.49,2.55,2.46,2.53,0,0
SES_PB,D,20210922,000000,2.51,2.51,2.38,2.46,0,0
SES_PB,D,20210923,000000,2.42,2.46,2.4,2.4,0,0
SES_PB,D,20210924,000000,2.35,2.46,2.24,2.46,0,0
SES_PB,D,20210927,000000,2.38,2.85,2.38,2.85,0,0
SES_PB,D,20210928,000000,2.85,2.85,2.58,2.69,0,0
SES_PB,D,20210929,000000,2.69,2.91,2.69,2.69,0,0
SES_PB,D,20210930,000000,2.78,2.78,2.6,2.6,0,0
SES_PB,D,20211001,000000,2.4,2.73,2.4,2.73,0,0
SES_PB,D,20211004,000000,2.55,2.91,2.55,2.8,0,0
SES_PB,D,20211005,000000,2.85,2.85,2.78,2.8,0,0
SES_PB,D,20211006,000000,2.78,2.78,2.76,2.76,0,0
SES_PB,D,20211007,000000,2.76,2.76,2.49,2.64,0,0
SES_PB,D,20211008,000000,2.69,2.73,2.51,2.64,0,0
SES_PB,D,20211011,000000,2.67,2.69,2.67,2.69,0,0
SES_PB,D,20211012,000000,2.69,2.69,2.62,2.62,0,0
SES_PB,D,20211013,000000,2.69,2.89,2.69,2.82,0,0
SES_PB,D,20211014,000000,2.82,2.82,2.73,2.8,0,0
SES_PB,D,20211015,000000,2.8,2.82,2.8,2.82,0,0
SES_PB,D,20211018,000000,2.8,2.82,2.6,2.69,0,0
SES_PB,D,20211019,000000,2.69,2.69,2.64,2.69,0,0
SES_PB,D,20211020,000000,2.69,2.69,2.58,2.62,0,0
SES_PB,D,20211021,000000,2.62,2.78,2.62,2.78,0,0
SES_PB,D,20211022,000000,2.76,2.78,2.62,2.73,0,0
SES_PB,D,20211025,000000,2.73,2.73,2.62,2.64,0,0
SES_PB,D,20211026,000000,2.73,2.73,2.64,2.71,0,0
SES_PB,D,20211027,000000,2.71,2.71,2.69,2.71,0,0
SES_PB,D,20211028,000000,2.71,2.71,2.71,2.71,0,0
SES_PB,D,20211029,000000,2.69,2.73,2.69,2.73,0,0
SES_PB,D,20211102,000000,2.62,2.78,2.62,2.78,0,0
SES_PB,D,20211103,000000,2.69,2.73,2.62,2.73,0,0
SES_PB,D,20211104,000000,2.73,2.73,2.67,2.73,0,0
SES_PB,D,20211105,000000,2.73,2.73,2.73,2.73,0,0
SES_PB,D,20211108,000000,2.73,2.73,2.62,2.69,0,0
SES_PB,D,20211109,000000,2.62,2.62,2.51,2.51,0,0
SES_PB,D,20211110,000000,2.51,2.51,2.38,2.4,0,0
SES_PB,D,20211112,000000,2.46,2.46,2.29,2.42,0,0
SES_PB,D,20211115,000000,2.44,2.44,2.42,2.42,0,0
SES_PB,D,20211116,000000,2.44,2.44,2.29,2.29,0,0
SES_PB,D,20211117,000000,2.4,2.4,2.4,2.4,0,0
SES_PB,D,20211118,000000,2.31,2.51,2.24,2.33,0,0
SES_PB,D,20211119,000000,2.31,2.31,2.29,2.29,0,0
SES_PB,D,20211122,000000,2.29,2.35,2.29,2.35,0,0
SES_PB,D,20211123,000000,2.33,2.33,2.33,2.33,0,0
SES_PB,D,20211124,000000,2.24,2.29,2.24,2.29,0,0
SES_PB,D,20211125,000000,2.35,2.53,2.35,2.53,0,0
SES_PB,D,20211126,000000,2.46,2.49,2.29,2.49,0,0
SES_PB,D,20211129,000000,2.46,2.53,2.26,2.53,0,0
SES_PB,D,20211130,000000,2.38,2.53,2.38,2.53,0,0
SES_PB,D,20211201,000000,2.53,2.85,2.53,2.8,0,0
SES_PB,D,20211202,000000,2.67,2.8,2.67,2.78,0,0
SES_PB,D,20211203,000000,2.73,2.78,2.64,2.69,0,0
SES_PB,D,20211206,000000,2.69,2.69,2.55,2.62,0,0
SES_PB,D,20211207,000000,2.69,2.69,2.69,2.69,0,0
SES_PB,D,20211208,000000,2.69,2.69,2.69,2.69,0,0
SES_PB,D,20211209,000000,2.55,2.64,2.46,2.58,0,0
SES_PB,D,20211210,000000,2.53,2.64,2.53,2.62,0,0
SES_PB,D,20211214,000000,2.49,2.53,2.49,2.51,0,0
SES_PB,D,20211217,000000,2.44,2.44,2.44,2.44,0,0
SES_PB,D,20211220,000000,2.42,2.51,2.33,2.51,0,0
SES_PB,D,20211221,000000,2.51,2.51,2.51,2.51,0,0
SES_PB,D,20211222,000000,2.42,2.42,2.42,2.42,0,0
SES_PB,D,20211223,000000,2.46,2.46,2.38,2.38,0,0
SES_PB,D,20211227,000000,2.4,2.4,2.4,2.4,0,0
SES_PB,D,20211228,000000,2.46,2.46,2.46,2.46,0,0
SES_PB,D,20211229,000000,2.46,2.51,2.42,2.51,0,0
SES_PB,D,20211230,000000,2.49,2.6,2.49,2.6,0,0
SES_PB,D,20220103,000000,2.6,2.6,2.6,2.6,0,0
SES_PB,D,20220104,000000,2.51,2.51,2.51,2.51,0,0
SES_PB,D,20220105,000000,2.53,2.53,2.51,2.51,0,0
SES_PB,D,20220107,000000,2.6,2.6,2.53,2.55,0,0
SES_PB,D,20220110,000000,2.55,2.55,2.33,2.33,0,0
SES_PB,D,20220111,000000,2.35,2.44,2.35,2.44,0,0
SES_PB,D,20220112,000000,2.46,2.46,2.46,2.46,0,0
SES_PB,D,20220113,000000,2.4,2.4,2.38,2.38,0,0
SES_PB,D,20220117,000000,2.44,2.44,2.44,2.44,0,0
SES_PB,D,20220119,000000,2.38,2.38,2.35,2.35,0,0
SES_PB,D,20220120,000000,2.29,2.31,2.24,2.24,0,0
SES_PB,D,20220121,000000,2.12,2.17,2.12,2.17,0,0
SES_PB,D,20220124,000000,2.12,2.12,1.88,1.88,0,0
SES_PB,D,20220125,000000,1.93,1.93,1.89,1.9,0,0
SES_PB,D,20220126,000000,1.9,1.98,1.9,1.98,0,0
SES_PB,D,20220127,000000,1.94,1.98,1.88,1.88,0,0
SES_PB,D,20220128,000000,1.88,1.88,1.85,1.85,0,0
SES_PB,D,20220201,000000,1.97,1.98,1.97,1.97,0,0
SES_PB,D,20220203,000000,2.01,2.01,1.92,1.92,0,0
SES_PB,D,20220204,000000,2.01,2.18,1.92,2.13,0,0
SES_PB,D,20220207,000000,2.13,2.13,1.95,1.95,0,0
SES_PB,D,20220210,000000,1.97,1.97,1.85,1.88,0,0
SES_PB,D,20220211,000000,1.97,1.97,1.72,1.72,0,0
SES_PB,D,20220214,000000,1.72,1.72,1.63,1.65,0,0
SES_PB,D,20220215,000000,1.67,1.77,1.65,1.77,0,0
SES_PB,D,20220216,000000,1.74,1.85,1.74,1.85,0,0
SES_PB,D,20220217,000000,1.82,1.82,1.76,1.76,0,0
SES_PB,D,20220221,000000,1.76,1.76,1.72,1.72,0,0
SES_PB,D,20220222,000000,1.76,1.76,1.76,1.76,0,0
SES_PB,D,20220223,000000,1.72,1.74,1.72,1.74,0,0
SES_PB,D,20220224,000000,1.63,1.7,1.34,1.7,0,0
SES_PB,D,20220225,000000,1.65,1.8,1.65,1.8,0,0
SES_PB,D,20220228,000000,1.79,1.79,1.54,1.63,0,0
SES_PB,D,20220301,000000,1.62,1.63,1.53,1.59,0,0
SES_PB,D,20220302,000000,1.59,1.6,1.52,1.6,0,0
SES_PB,D,20220303,000000,1.6,1.6,1.57,1.57,0,0
SES_PB,D,20220304,000000,1.57,1.57,1.46,1.52,0,0
SES_PB,D,20220307,000000,1.27,1.38,1.27,1.36,0,0
SES_PB,D,20220308,000000,1.39,1.52,1.39,1.52,0,0
SES_PB,D,20220309,000000,1.54,1.63,1.54,1.63,0,0
SES_PB,D,20220310,000000,1.55,1.55,1.37,1.4,0,0
SES_PB,D,20220311,000000,1.42,1.51,1.42,1.51,0,0
SES_PB,D,20220314,000000,1.51,1.52,1.51,1.52,0,0
SES_PB,D,20220315,000000,1.52,1.67,1.52,1.67,0,0
SES_PB,D,20220316,000000,1.71,1.71,1.64,1.67,0,0
SES_PB,D,20220317,000000,1.64,1.64,1.64,1.64,0,0
SES_PB,D,20220318,000000,1.64,1.71,1.64,1.71,0,0
SES_PB,D,20220321,000000,1.67,1.67,1.67,1.67,0,0
SES_PB,D,20220322,000000,1.7,1.7,1.63,1.65,0,0
SES_PB,D,20220323,000000,1.64,1.65,1.64,1.64,0,0
SES_PB,D,20220324,000000,1.58,1.64,1.58,1.64,0,0
SES_PB,D,20220325,000000,1.59,1.67,1.59,1.67,0,0
SES_PB,D,20220329,000000,1.67,1.67,1.67,1.67,0,0
SES_PB,D,20220330,000000,1.63,1.67,1.63,1.67,0,0
SES_PB,D,20220331,000000,1.63,1.63,1.6,1.6,0,0
SES_PB,D,20220401,000000,1.66,1.66,1.66,1.66,0,0
SES_PB,D,20220405,000000,1.66,1.66,1.58,1.58,0,0
SES_PB,D,20220407,000000,1.56,1.56,1.56,1.56,0,0
SES_PB,D,20220408,000000,1.59,1.59,1.56,1.59,0,0
SES_PB,D,20220411,000000,1.6,1.6,1.59,1.6,0,0
SES_PB,D,20220412,000000,1.56,1.6,1.55,1.55,0,0
SES_PB,D,20220413,000000,1.48,1.52,1.48,1.52,0,0
SES_PB,D,20220414,000000,1.52,1.52,1.52,1.52,0,0
SES_PB,D,20220419,000000,1.52,1.52,1.52,1.52,0,0
SES_PB,D,20220420,000000,1.49,1.51,1.47,1.51,0,0
SES_PB,D,20220421,000000,1.51,1.51,1.45,1.45,0,0
SES_PB,D,20220422,000000,1.45,1.49,1.45,1.49,0,0
SES_PB,D,20220425,000000,1.43,1.43,1.39,1.39,0,0
SES_PB,D,20220426,000000,1.42,1.42,1.37,1.37,0,0
SES_PB,D,20220428,000000,1.42,1.42,1.42,1.42,0,0
SES_PB,D,20220429,000000,1.42,1.42,1.42,1.42,0,0
SES_PB,D,20220502,000000,1.42,1.47,1.42,1.47,0,0
SES_PB,D,20220504,000000,1.47,1.47,1.47,1.47,0,0
SES_PB,D,20220506,000000,1.41,1.41,1.41,1.41,0,0
SES_PB,D,20220509,000000,1.41,1.41,1.41,1.41,0,0
SES_PB,D,20220510,000000,1.42,1.42,1.4,1.4,0,0
SES_PB,D,20220511,000000,1.37,1.37,1.37,1.37,0,0
SES_PB,D,20220512,000000,1.35,1.35,1.34,1.34,0,0
SES_PB,D,20220513,000000,1.34,1.34,1.34,1.34,0,0
SES_PB,D,20220517,000000,1.34,1.34,1.34,1.34,0,0
SES_PB,D,20220518,000000,1.34,1.34,1.34,1.34,0,0
SES_PB,D,20220519,000000,1.34,1.34,1.32,1.32,0,0
SES_PB,D,20220520,000000,1.32,1.32,1.32,1.32,0,0
SES_PB,D,20220523,000000,1.3,1.3,1.23,1.23,0,0
SES_PB,D,20220524,000000,1.27,1.27,1.23,1.27,0,0
SES_PB,D,20220525,000000,1.28,1.32,1.27,1.27,0,0
SES_PB,D,20220526,000000,1.36,1.38,1.32,1.32,0,0
SES_PB,D,20220527,000000,1.32,1.32,1.32,1.32,0,0
SES_PB,D,20220530,000000,1.28,1.41,1.27,1.41,0,0
SES_PB,D,20220531,000000,1.34,1.45,1.32,1.45,0,0
SES_PB,D,20220601,000000,1.46,1.46,1.36,1.36,0,0
SES_PB,D,20220602,000000,1.42,1.53,1.42,1.53,0,0
SES_PB,D,20220606,000000,1.53,1.53,1.47,1.47,0,0
SES_PB,D,20220607,000000,1.47,1.47,1.46,1.46,0,0
SES_PB,D,20220608,000000,1.46,1.46,1.46,1.46,0,0
SES_PB,D,20220609,000000,1.46,1.46,1.41,1.41,0,0
SES_PB,D,20220610,000000,1.41,1.41,1.37,1.37,0,0
SES_PB,D,20220613,000000,1.38,1.38,1.35,1.35,0,0
SES_PB,D,20220614,000000,1.38,1.38,1.32,1.32,0,0
SES_PB,D,20220615,000000,1.27,1.27,1.27,1.27,0,0
SES_PB,D,20220617,000000,1.27,1.36,1.25,1.25,0,0
SES_PB,D,20220620,000000,1.28,1.3,1.25,1.25,0,0
SES_PB,D,20220624,000000,1.23,1.24,1.23,1.24,0,0
SES_PB,D,20220627,000000,1.24,1.24,1.2,1.2,0,0
SES_PB,D,20220628,000000,1.19,1.19,1.19,1.19,0,0
SES_PB,D,20220629,000000,1.11,1.24,1.11,1.24,0,0
SES_PB,D,20220630,000000,1.24,1.33,1.19,1.33,0,0
SES_PB,D,20220701,000000,1.36,1.36,1.33,1.33,0,0
SES_PB,D,20220705,000000,1.29,1.29,1.24,1.27,0,0
SES_PB,D,20220706,000000,1.27,1.27,1.27,1.27,0,0
SES_PB,D,20220707,000000,1.28,1.34,1.28,1.34,0,0
SES_PB,D,20220711,000000,1.33,1.33,1.29,1.29,0,0
SES_PB,D,20220712,000000,1.29,1.32,1.29,1.32,0,0
SES_PB,D,20220713,000000,1.31,1.31,1.29,1.29,0,0
SES_PB,D,20220714,000000,1.31,1.32,1.31,1.32,0,0
SES_PB,D,20220715,000000,1.28,1.28,1.24,1.24,0,0
SES_PB,D,20220718,000000,1.29,1.32,1.29,1.31,0,0
SES_PB,D,20220719,000000,1.32,1.32,1.32,1.32,0,0
SES_PB,D,20220720,000000,1.29,1.32,1.29,1.29,0,0
SES_PB,D,20220722,000000,1.31,1.31,1.31,1.31,0,0
SES_PB,D,20220725,000000,1.26,1.32,1.24,1.32,0,0
SES_PB,D,20220726,000000,1.25,1.25,1.24,1.24,0,0
SES_PB,D,20220728,000000,1.29,1.29,1.29,1.29,0,0
SES_PB,D,20220729,000000,1.24,1.29,1.24,1.24,0,0
SES_PB,D,20220801,000000,1.27,1.33,1.27,1.33,0,0
SES_PB,D,20220802,000000,1.27,1.27,1.24,1.24,0,0
SES_PB,D,20220803,000000,1.24,1.26,1.22,1.26,0,0
SES_PB,D,20220804,000000,1.28,1.28,1.27,1.27,0,0
SES_PB,D,20220805,000000,1.27,1.27,1.24,1.24,0,0
SES_PB,D,20220808,000000,1.24,1.24,1.24,1.24,0,0
SES_PB,D,20220809,000000,1.24,1.24,1.24,1.24,0,0
SES_PB,D,20220810,000000,1.24,1.24,1.24,1.24,0,0
SES_PB,D,20220811,000000,1.28,1.28,1.24,1.24,0,0
SES_PB,D,20220816,000000,1.24,1.24,1.24,1.24,0,0
SES_PB,D,20220819,000000,1.28,1.28,1.28,1.28,0,0
SES_PB,D,20220825,000000,1.26,1.26,1.24,1.24,0,0
SES_PB,D,20220826,000000,1.26,1.26,1.22,1.24,0,0
SES_PB,D,20220829,000000,1.2,1.2,1.2,1.2,0,0
SES_PB,D,20220830,000000,1.2,1.24,1.16,1.24,0,0
SES_PB,D,20220831,000000,1.24,1.25,1.24,1.25,0,0
SES_PB,D,20220901,000000,1.25,1.25,1.25,1.25,0,0
SES_PB,D,20220902,000000,1.25,1.25,1.21,1.21,0,0
SES_PB,D,20220905,000000,1.21,1.21,1.21,1.21,0,0
