<TICKER>,<PER>,<DATE>,<TIME>,<OPEN>,<HIGH>,<LOW>,<CLOSE>,<VOL>,<OPENINT>
SLV_MV,D,20191016,000000,338.02,338.02,338.02,338.02,0,0
SLV_MV,D,20191017,000000,350.9,350.9,329.97,342.85,0,0
SLV_MV,D,20191018,000000,334.8,342.85,334.8,342.85,0,0
SLV_MV,D,20191021,000000,342.85,352.51,338.02,352.51,0,0
SLV_MV,D,20191022,000000,354.12,392.75,354.12,392.75,0,0
SLV_MV,D,20191023,000000,393.39,426.55,373.43,391.14,0,0
SLV_MV,D,20191024,000000,391.14,391.14,364.74,374.24,0,0
SLV_MV,D,20191025,000000,374.24,386.79,370.21,373.43,0,0
SLV_MV,D,20191028,000000,385.67,390.01,365.46,388.64,0,0
SLV_MV,D,20191029,000000,392.75,400.8,385.5,399.19,0,0
SLV_MV,D,20191030,000000,399.99,418.5,399.99,413.67,0,0
SLV_MV,D,20191031,000000,416.89,416.89,402.41,408.84,0,0
SLV_MV,D,20191104,000000,417.7,417.7,394.36,395.97,0,0
SLV_MV,D,20191105,000000,417.7,417.7,386.31,410.53,0,0
SLV_MV,D,20191106,000000,402.41,415.28,402.41,409.41,0,0
SLV_MV,D,20191107,000000,408.84,413.19,402.41,410.45,0,0
SLV_MV,D,20191108,000000,402.41,410.45,397.58,402.41,0,0
SLV_MV,D,20191112,000000,402.41,408.84,399.19,399.19,0,0
SLV_MV,D,20191113,000000,402.41,407.23,402.41,405.62,0,0
SLV_MV,D,20191114,000000,405.62,412.06,405.62,405.62,0,0
SLV_MV,D,20191115,000000,412.06,412.06,391.14,395.97,0,0
SLV_MV,D,20191118,000000,396.77,410.45,396.77,402.41,0,0
SLV_MV,D,20191119,000000,410.45,410.45,396.77,400.8,0,0
SLV_MV,D,20191120,000000,402.41,402.41,395.97,399.19,0,0
SLV_MV,D,20191121,000000,399.27,402.41,396.13,396.13,0,0
SLV_MV,D,20191122,000000,396.29,399.19,392.75,392.75,0,0
SLV_MV,D,20191125,000000,395.97,395.97,366.99,376.65,0,0
SLV_MV,D,20191126,000000,365.38,376.65,362.17,370.21,0,0
SLV_MV,D,20191127,000000,375.85,375.85,366.99,369.41,0,0
SLV_MV,D,20191128,000000,378.26,378.26,363.77,363.77,0,0
SLV_MV,D,20191129,000000,363.77,370.21,363.77,365.38,0,0
SLV_MV,D,20191202,000000,366.99,366.99,342.85,354.12,0,0
SLV_MV,D,20191203,000000,352.51,354.12,350.09,351.7,0,0
SLV_MV,D,20191204,000000,354.12,375.04,352.59,375.04,0,0
SLV_MV,D,20191205,000000,378.26,386.31,376.65,385.5,0,0
SLV_MV,D,20191206,000000,389.53,402.41,376.65,383.09,0,0
SLV_MV,D,20191209,000000,386.31,386.31,370.21,385.02,0,0
SLV_MV,D,20191210,000000,386.31,386.31,370.54,370.54,0,0
SLV_MV,D,20191211,000000,378.18,378.18,366.99,366.99,0,0
SLV_MV,D,20191212,000000,378.1,378.1,355.73,376.65,0,0
SLV_MV,D,20191213,000000,378.26,378.26,363.77,370.21,0,0
SLV_MV,D,20191216,000000,370.21,370.21,354.12,370.21,0,0
SLV_MV,D,20191217,000000,370.21,373.11,354.12,370.21,0,0
SLV_MV,D,20191218,000000,378.26,378.26,362.17,363.77,0,0
SLV_MV,D,20191219,000000,373.43,373.43,360.56,373.43,0,0
SLV_MV,D,20191220,000000,373.43,373.43,357.34,358.95,0,0
SLV_MV,D,20191223,000000,367.8,371.66,362.17,370.21,0,0
SLV_MV,D,20191227,000000,371.1,371.1,370.21,370.21,0,0
SLV_MV,D,20191230,000000,370.21,378.26,362.17,378.26,0,0
SLV_MV,D,20200102,000000,379.87,379.87,372.63,378.26,0,0
SLV_MV,D,20200103,000000,378.26,380.68,370.21,370.21,0,0
SLV_MV,D,20200107,000000,376.65,396.77,376.65,394.36,0,0
SLV_MV,D,20200108,000000,394.36,402.41,386.31,397.58,0,0
SLV_MV,D,20200109,000000,405.71,410.37,402.41,402.41,0,0
SLV_MV,D,20200110,000000,402.41,402.41,391.14,399.19,0,0
SLV_MV,D,20200113,000000,387.92,397.58,386.31,392.75,0,0
SLV_MV,D,20200114,000000,394.36,399.19,386.39,391.14,0,0
SLV_MV,D,20200115,000000,387.92,399.19,383.09,399.19,0,0
SLV_MV,D,20200116,000000,402.08,415.28,402.08,407.23,0,0
SLV_MV,D,20200117,000000,416.89,418.5,400.8,408.84,0,0
SLV_MV,D,20200120,000000,397.58,434.6,397.58,434.6,0,0
SLV_MV,D,20200121,000000,444.26,450.69,434.6,434.6,0,0
SLV_MV,D,20200122,000000,450.69,450.69,432.83,434.6,0,0
SLV_MV,D,20200123,000000,434.6,450.61,434.6,442.65,0,0
SLV_MV,D,20200124,000000,448.44,448.44,426.71,434.6,0,0
SLV_MV,D,20200127,000000,434.6,434.6,426.55,429.77,0,0
SLV_MV,D,20200128,000000,429.77,429.77,420.11,428.96,0,0
SLV_MV,D,20200129,000000,430.09,430.09,415.28,415.28,0,0
SLV_MV,D,20200130,000000,410.45,429.77,410.45,429.61,0,0
SLV_MV,D,20200131,000000,408.84,431.38,408.84,418.5,0,0
SLV_MV,D,20200203,000000,410.45,426.39,410.45,426.39,0,0
SLV_MV,D,20200204,000000,429.77,429.77,412.06,418.5,0,0
SLV_MV,D,20200205,000000,428.16,428.16,418.5,418.5,0,0
SLV_MV,D,20200206,000000,431.38,431.38,418.5,429.77,0,0
SLV_MV,D,20200207,000000,431.38,431.38,420.76,424.94,0,0
SLV_MV,D,20200210,000000,434.28,434.28,418.5,426.55,0,0
SLV_MV,D,20200211,000000,429.61,429.61,418.5,424.94,0,0
SLV_MV,D,20200212,000000,426.55,426.55,418.5,424.14,0,0
SLV_MV,D,20200213,000000,423.33,431.38,423.33,431.38,0,0
SLV_MV,D,20200214,000000,425.18,465.18,425.18,457.94,0,0
SLV_MV,D,20200217,000000,458.74,473.23,458.74,466.79,0,0
SLV_MV,D,20200218,000000,466.79,470.01,460.51,465.99,0,0
SLV_MV,D,20200219,000000,466.79,498.98,466.79,495.76,0,0
SLV_MV,D,20200220,000000,514.27,521.52,478.06,485.53,0,0
SLV_MV,D,20200221,000000,491.12,511.08,491.12,498.3,0,0
SLV_MV,D,20200224,000000,498.3,511.08,459.97,479.06,0,0
SLV_MV,D,20200225,000000,466.36,486.72,463.17,479.14,0,0
SLV_MV,D,20200226,000000,479.14,479.14,466.36,479.14,0,0
SLV_MV,D,20200227,000000,479.94,479.94,466.36,466.36,0,0
SLV_MV,D,20200228,000000,431.22,471.15,415.25,466.36,0,0
SLV_MV,D,20200302,000000,466.36,467.96,429.63,466.36,0,0
SLV_MV,D,20200303,000000,471.15,493.83,467.96,493.51,0,0
SLV_MV,D,20200304,000000,495.11,495.11,466.36,487.12,0,0
SLV_MV,D,20200305,000000,487.12,495.11,467.96,495.11,0,0
SLV_MV,D,20200306,000000,495.11,503.01,479.14,494.31,0,0
SLV_MV,D,20200309,000000,467.64,467.64,422.28,436.01,0,0
SLV_MV,D,20200310,000000,424.83,453.58,416.05,447.27,0,0
SLV_MV,D,20200311,000000,459.97,459.97,401.2,411.74,0,0
SLV_MV,D,20200312,000000,372.93,372.93,322.94,322.94,0,0
SLV_MV,D,20200313,000000,338.59,391.3,305.05,322.78,0,0
SLV_MV,D,20200316,000000,311.44,362.55,292.27,349.77,0,0
SLV_MV,D,20200317,000000,344.98,394.49,344.98,386.98,0,0
SLV_MV,D,20200318,000000,387.3,413.81,386.98,399.28,0,0
SLV_MV,D,20200319,000000,400.88,439.21,399.28,439.21,0,0
SLV_MV,D,20200320,000000,459.97,461.57,439.21,454.38,0,0
SLV_MV,D,20200323,000000,432.02,445.6,415.25,436.17,0,0
SLV_MV,D,20200324,000000,445.28,447.03,432.82,445.6,0,0
SLV_MV,D,20200325,000000,446.87,453.58,434.42,448.79,0,0
SLV_MV,D,20200326,000000,450.39,479.14,444,479.14,0,0
SLV_MV,D,20200327,000000,483.93,483.93,456.78,458.37,0,0
SLV_MV,D,20200330,000000,466.36,467.8,439.21,467.16,0,0
SLV_MV,D,20200331,000000,474.35,507.89,474.35,506.29,0,0
SLV_MV,D,20200401,000000,506.29,506.29,496.71,503.09,0,0
SLV_MV,D,20200402,000000,503.09,503.09,464.76,488.72,0,0
SLV_MV,D,20200403,000000,488.72,488.72,472.75,485.53,0,0
SLV_MV,D,20200406,000000,485.53,582.95,485.53,566.98,0,0
SLV_MV,D,20200407,000000,574.96,598.92,535.04,539.83,0,0
SLV_MV,D,20200408,000000,536.63,549.41,517.47,528.65,0,0
SLV_MV,D,20200409,000000,555.8,563.78,544.62,546.22,0,0
SLV_MV,D,20200414,000000,570.17,589.34,562.19,562.19,0,0
SLV_MV,D,20200415,000000,565.38,582.95,554.2,558.99,0,0
SLV_MV,D,20200416,000000,576.56,584.55,558.99,582.95,0,0
SLV_MV,D,20200417,000000,589.34,590.94,560.59,574.96,0,0
SLV_MV,D,20200420,000000,582.95,582.95,543.02,558.99,0,0
SLV_MV,D,20200421,000000,558.99,558.99,527.05,552.6,0,0
SLV_MV,D,20200422,000000,557.4,557.4,535.04,552.6,0,0
SLV_MV,D,20200423,000000,557.4,566.98,543.02,558.99,0,0
SLV_MV,D,20200424,000000,558.99,558.99,543.02,558.99,0,0
SLV_MV,D,20200427,000000,574.96,581.35,558.99,578.16,0,0
SLV_MV,D,20200428,000000,581.35,606.91,581.35,590.94,0,0
SLV_MV,D,20200429,000000,603.71,608.5,590.94,594.13,0,0
SLV_MV,D,20200430,000000,614.89,614.89,573.37,592.53,0,0
SLV_MV,D,20200504,000000,592.53,592.53,560.59,574.96,0,0
SLV_MV,D,20200505,000000,589.34,590.94,574.96,590.94,0,0
SLV_MV,D,20200506,000000,589.34,603.71,589.34,598.92,0,0
SLV_MV,D,20200507,000000,598.92,621.28,598.92,611.7,0,0
SLV_MV,D,20200508,000000,614.89,614.89,608.5,610.1,0,0
SLV_MV,D,20200511,000000,614.89,621.28,606.91,614.89,0,0
SLV_MV,D,20200512,000000,619.68,619.68,614.89,619.68,0,0
SLV_MV,D,20200513,000000,619.68,619.68,614.89,619.68,0,0
SLV_MV,D,20200514,000000,621.28,621.28,603.71,606.91,0,0
SLV_MV,D,20200515,000000,619.68,621.28,608.5,608.5,0,0
SLV_MV,D,20200518,000000,610.1,618.09,606.91,606.91,0,0
SLV_MV,D,20200519,000000,627.67,627.67,606.91,622.88,0,0
SLV_MV,D,20200520,000000,614.89,622.88,608.5,618.09,0,0
SLV_MV,D,20200521,000000,622.88,622.88,613.3,619.68,0,0
SLV_MV,D,20200522,000000,616.49,634.06,614.89,634.06,0,0
SLV_MV,D,20200525,000000,640.45,667.6,638.85,650.03,0,0
SLV_MV,D,20200526,000000,709.12,709.12,650.03,662.81,0,0
SLV_MV,D,20200527,000000,670.79,670.79,606.91,638.85,0,0
SLV_MV,D,20200528,000000,651.63,694.75,630.86,686.76,0,0
SLV_MV,D,20200529,000000,694.75,702.73,672.39,681.97,0,0
SLV_MV,D,20200601,000000,702.73,728.29,685.17,726.69,0,0
SLV_MV,D,20200602,000000,728.29,798.56,728.29,750.65,0,0
SLV_MV,D,20200603,000000,750.65,758.63,742.66,758.63,0,0
SLV_MV,D,20200604,000000,750.65,758.63,734.68,752.24,0,0
SLV_MV,D,20200605,000000,757.04,757.04,734.68,750.65,0,0
SLV_MV,D,20200608,000000,753.84,753.84,718.71,734.68,0,0
SLV_MV,D,20200609,000000,734.68,747.45,726.69,734.68,0,0
SLV_MV,D,20200610,000000,734.68,734.68,726.69,726.69,0,0
SLV_MV,D,20200612,000000,710.72,726.69,685.17,712.32,0,0
SLV_MV,D,20200615,000000,712.32,734.68,686.76,718.71,0,0
SLV_MV,D,20200616,000000,734.68,734.68,709.12,734.68,0,0
SLV_MV,D,20200617,000000,741.07,742.66,715.51,721.9,0,0
SLV_MV,D,20200618,000000,696.35,718.71,696.35,717.11,0,0
SLV_MV,D,20200619,000000,717.11,717.11,697.94,713.91,0,0
SLV_MV,D,20200622,000000,696.35,758.63,696.35,755.44,0,0
SLV_MV,D,20200623,000000,769.81,782.59,745.86,782.59,0,0
SLV_MV,D,20200624,000000,798.56,798.56,763.42,798.56,0,0
SLV_MV,D,20200625,000000,782.59,811.34,774.6,804.95,0,0
SLV_MV,D,20200626,000000,811.34,897.58,782.59,897.58,0,0
SLV_MV,D,20200629,000000,899.42,917.77,866.38,895.75,0,0
SLV_MV,D,20200630,000000,917.77,917.77,846.19,862.71,0,0
SLV_MV,D,20200701,000000,879.23,879.23,844.35,879.23,0,0
SLV_MV,D,20200702,000000,882.9,882.9,873.72,879.23,0,0
SLV_MV,D,20200703,000000,879.23,881.06,873.72,881.06,0,0
SLV_MV,D,20200706,000000,871.89,897.58,866.38,881.06,0,0
SLV_MV,D,20200707,000000,881.06,881.06,853.53,881.06,0,0
SLV_MV,D,20200708,000000,884.73,884.73,862.71,871.89,0,0
SLV_MV,D,20200709,000000,862.71,871.89,853.53,853.53,0,0
SLV_MV,D,20200710,000000,862.71,862.71,826,844.35,0,0
SLV_MV,D,20200713,000000,859.04,881.06,859.04,881.06,0,0
SLV_MV,D,20200714,000000,899.42,899.42,864.54,888.4,0,0
SLV_MV,D,20200715,000000,886.57,886.57,862.71,877.39,0,0
SLV_MV,D,20200716,000000,881.06,881.06,844.35,844.35,0,0
SLV_MV,D,20200717,000000,871.89,871.89,848.02,868.21,0,0
SLV_MV,D,20200720,000000,862.71,862.71,848.02,855.37,0,0
SLV_MV,D,20200721,000000,862.71,862.71,835.17,853.53,0,0
SLV_MV,D,20200722,000000,853.53,857.2,807.64,807.64,0,0
SLV_MV,D,20200723,000000,818.65,857.2,813.15,844.35,0,0
SLV_MV,D,20200724,000000,826,868.21,811.31,868.21,0,0
SLV_MV,D,20200727,000000,871.89,879.23,835.17,877.39,0,0
SLV_MV,D,20200728,000000,862.71,877.39,840.68,860.87,0,0
SLV_MV,D,20200729,000000,862.71,862.71,818.65,838.85,0,0
SLV_MV,D,20200730,000000,853.53,862.71,748.9,767.26,0,0
SLV_MV,D,20200731,000000,770.93,807.64,770.93,792.96,0,0
SLV_MV,D,20200803,000000,787.45,855.37,787.45,855.37,0,0
SLV_MV,D,20200804,000000,844.35,871.89,816.82,862.71,0,0
SLV_MV,D,20200805,000000,846.19,879.23,846.19,871.89,0,0
SLV_MV,D,20200806,000000,877.39,877.39,829.67,835.17,0,0
SLV_MV,D,20200807,000000,829.67,844.35,803.97,835.17,0,0
SLV_MV,D,20200810,000000,835.17,844.35,807.64,831.5,0,0
SLV_MV,D,20200811,000000,829.67,829.67,807.64,826,0,0
SLV_MV,D,20200812,000000,826,826,798.46,814.98,0,0
SLV_MV,D,20200813,000000,803.97,816.82,789.29,791.12,0,0
SLV_MV,D,20200814,000000,814.98,824.16,791.12,822.33,0,0
SLV_MV,D,20200817,000000,826,829.67,803.97,826,0,0
SLV_MV,D,20200818,000000,827.83,827.83,807.64,826,0,0
SLV_MV,D,20200819,000000,800.3,826,800.3,820.49,0,0
SLV_MV,D,20200820,000000,816.82,826,814.98,824.16,0,0
SLV_MV,D,20200821,000000,824.16,824.16,791.12,820.49,0,0
SLV_MV,D,20200824,000000,820.49,820.49,803.97,820.49,0,0
SLV_MV,D,20200825,000000,818.65,820.49,803.97,816.82,0,0
SLV_MV,D,20200826,000000,816.82,816.82,803.97,816.82,0,0
SLV_MV,D,20200827,000000,814.98,814.98,792.96,798.46,0,0
SLV_MV,D,20200828,000000,796.63,807.64,792.96,807.64,0,0
SLV_MV,D,20200831,000000,796.63,796.63,776.44,778.27,0,0
SLV_MV,D,20200901,000000,778.27,803.97,752.57,803.97,0,0
SLV_MV,D,20200902,000000,798.46,809.48,767.26,805.81,0,0
SLV_MV,D,20200903,000000,789.29,835.17,789.29,831.5,0,0
SLV_MV,D,20200904,000000,842.52,842.52,796.63,802.13,0,0
SLV_MV,D,20200907,000000,826,844.35,803.97,824.16,0,0
SLV_MV,D,20200908,000000,837.01,837.01,763.59,789.29,0,0
SLV_MV,D,20200909,000000,798.46,822.33,776.44,822.33,0,0
SLV_MV,D,20200910,000000,826,877.39,826,871.89,0,0
SLV_MV,D,20200911,000000,877.39,895.75,870.05,888.4,0,0
SLV_MV,D,20200914,000000,890.24,947.14,890.24,925.12,0,0
SLV_MV,D,20200915,000000,954.48,954.48,881.06,899.42,0,0
SLV_MV,D,20200916,000000,928.79,928.79,884.73,914.1,0,0
SLV_MV,D,20200917,000000,881.06,895.75,873.72,873.72,0,0
SLV_MV,D,20200918,000000,908.6,908.6,864.54,866.38,0,0
SLV_MV,D,20200921,000000,862.71,866.38,814.98,822.33,0,0
SLV_MV,D,20200922,000000,838.85,838.85,803.97,826,0,0
SLV_MV,D,20200923,000000,826,826,807.64,814.98,0,0
SLV_MV,D,20200924,000000,809.48,814.98,798.46,807.64,0,0
SLV_MV,D,20200925,000000,807.64,827.83,802.13,807.64,0,0
SLV_MV,D,20200928,000000,820.49,837.01,803.97,805.81,0,0
SLV_MV,D,20200929,000000,826,826,798.46,811.31,0,0
SLV_MV,D,20200930,000000,809.48,811.31,781.94,798.46,0,0
SLV_MV,D,20201001,000000,798.46,807.64,752.57,759.92,0,0
SLV_MV,D,20201002,000000,759.92,759.92,734.22,743.4,0,0
SLV_MV,D,20201005,000000,752.57,789.29,748.9,780.11,0,0
SLV_MV,D,20201006,000000,794.79,805.81,778.27,789.29,0,0
SLV_MV,D,20201007,000000,789.29,791.12,780.11,785.61,0,0
SLV_MV,D,20201008,000000,781.94,798.46,774.6,791.12,0,0
SLV_MV,D,20201009,000000,802.13,802.13,783.78,800.3,0,0
SLV_MV,D,20201012,000000,798.46,824.16,794.79,816.82,0,0
SLV_MV,D,20201013,000000,824.16,833.34,824.16,831.5,0,0
SLV_MV,D,20201014,000000,831.5,831.5,791.12,826,0,0
SLV_MV,D,20201015,000000,781.94,820.49,770.93,770.93,0,0
SLV_MV,D,20201016,000000,770.93,780.11,754.41,765.42,0,0
SLV_MV,D,20201019,000000,789.29,791.12,767.26,774.6,0,0
SLV_MV,D,20201020,000000,792.96,826,778.27,826,0,0
SLV_MV,D,20201021,000000,800.3,805.81,774.6,774.6,0,0
SLV_MV,D,20201022,000000,774.6,774.6,761.75,769.09,0,0
SLV_MV,D,20201023,000000,769.09,778.27,752.57,778.27,0,0
SLV_MV,D,20201026,000000,754.41,780.11,754.41,780.11,0,0
SLV_MV,D,20201027,000000,780.11,780.11,748.9,770.93,0,0
SLV_MV,D,20201028,000000,770.93,770.93,725.04,748.9,0,0
SLV_MV,D,20201029,000000,734.22,752.57,725.04,752.57,0,0
SLV_MV,D,20201030,000000,752.57,756.25,719.53,747.07,0,0
SLV_MV,D,20201102,000000,769.09,769.09,739.73,763.59,0,0
SLV_MV,D,20201103,000000,767.26,780.11,759.92,780.11,0,0
SLV_MV,D,20201104,000000,780.11,798.46,763.59,798.46,0,0
SLV_MV,D,20201105,000000,761.75,789.29,761.75,789.29,0,0
SLV_MV,D,20201106,000000,789.29,789.29,770.93,789.29,0,0
SLV_MV,D,20201109,000000,789.29,833.34,789.29,802.13,0,0
SLV_MV,D,20201110,000000,816.82,824.16,785.61,824.16,0,0
SLV_MV,D,20201112,000000,833.34,849.86,791.12,796.63,0,0
SLV_MV,D,20201113,000000,796.63,820.49,789.29,789.29,0,0
SLV_MV,D,20201116,000000,844.35,844.35,789.29,796.63,0,0
SLV_MV,D,20201117,000000,800.3,807.64,780.11,798.46,0,0
SLV_MV,D,20201118,000000,803.97,803.97,783.78,783.78,0,0
SLV_MV,D,20201119,000000,803.97,803.97,789.29,800.3,0,0
SLV_MV,D,20201120,000000,794.79,807.64,789.29,789.29,0,0
SLV_MV,D,20201123,000000,818.65,818.65,798.46,803.97,0,0
SLV_MV,D,20201124,000000,862.71,862.71,803.97,824.16,0,0
SLV_MV,D,20201125,000000,816.82,835.17,800.3,816.82,0,0
SLV_MV,D,20201126,000000,816.82,842.52,798.46,840.68,0,0
SLV_MV,D,20201127,000000,844.35,871.89,827.83,862.71,0,0
SLV_MV,D,20201130,000000,862.71,862.71,844.35,844.35,0,0
SLV_MV,D,20201201,000000,844.35,862.71,844.35,853.53,0,0
SLV_MV,D,20201202,000000,866.38,879.23,855.37,879.23,0,0
SLV_MV,D,20201203,000000,881.06,895.75,877.39,895.75,0,0
SLV_MV,D,20201204,000000,897.58,897.58,866.38,895.75,0,0
SLV_MV,D,20201207,000000,881.06,892.08,871.89,881.06,0,0
SLV_MV,D,20201208,000000,881.06,890.24,870.05,890.24,0,0
SLV_MV,D,20201209,000000,890.24,892.08,871.89,871.89,0,0
SLV_MV,D,20201210,000000,871.89,888.4,840.68,857.2,0,0
SLV_MV,D,20201211,000000,859.04,859.04,826,859.04,0,0
SLV_MV,D,20201214,000000,859.04,859.04,798.46,838.85,0,0
SLV_MV,D,20201215,000000,829.67,862.71,829.67,859.04,0,0
SLV_MV,D,20201216,000000,846.19,862.71,846.19,846.19,0,0
SLV_MV,D,20201217,000000,849.86,862.71,835.17,849.86,0,0
SLV_MV,D,20201218,000000,829.67,844.35,826,842.52,0,0
SLV_MV,D,20201221,000000,824.16,833.34,816.82,816.82,0,0
SLV_MV,D,20201222,000000,816.82,844.35,816.82,838.85,0,0
SLV_MV,D,20201223,000000,838.85,838.85,826,826,0,0
SLV_MV,D,20201228,000000,844.35,851.69,831.5,840.68,0,0
SLV_MV,D,20201229,000000,835.17,864.54,835.17,862.71,0,0
SLV_MV,D,20201230,000000,866.38,904.92,846.19,904.92,0,0
SLV_MV,D,20210104,000000,904.92,936.13,904.92,917.77,0,0
SLV_MV,D,20210105,000000,954.48,954.48,936.13,939.8,0,0
SLV_MV,D,20210107,000000,921.44,1005.88,921.44,976.51,0,0
SLV_MV,D,20210108,000000,976.51,1027.91,976.51,1016.89,0,0
SLV_MV,D,20210111,000000,1016.89,1090.32,1016.89,1057.28,0,0
SLV_MV,D,20210112,000000,1082.97,1093.99,1016.89,1057.28,0,0
SLV_MV,D,20210113,000000,1057.28,1057.28,1027.91,1031.58,0,0
SLV_MV,D,20210114,000000,1027.91,1046.26,1002.21,1013.22,0,0
SLV_MV,D,20210115,000000,1020.56,1020.56,1009.55,1020.56,0,0
SLV_MV,D,20210118,000000,1027.91,1053.6,1027.91,1053.6,0,0
SLV_MV,D,20210119,000000,1057.28,1079.3,1057.28,1075.63,0,0
SLV_MV,D,20210120,000000,1068.29,1082.97,1060.95,1068.29,0,0
SLV_MV,D,20210121,000000,1082.97,1082.97,1038.92,1082.97,0,0
SLV_MV,D,20210122,000000,1046.26,1082.97,1038.92,1060.95,0,0
SLV_MV,D,20210125,000000,1064.62,1064.62,1046.26,1060.95,0,0
SLV_MV,D,20210126,000000,1060.95,1060.95,1016.89,1020.56,0,0
SLV_MV,D,20210127,000000,1020.56,1049.93,1009.55,1020.56,0,0
SLV_MV,D,20210128,000000,1005.88,1027.91,991.2,1027.91,0,0
SLV_MV,D,20210129,000000,1027.91,1027.91,1005.88,1027.91,0,0
SLV_MV,D,20210201,000000,1027.91,1027.91,1009.55,1009.55,0,0
SLV_MV,D,20210202,000000,987.52,1005.88,980.18,1005.88,0,0
SLV_MV,D,20210203,000000,1002.21,1009.55,987.52,994.87,0,0
SLV_MV,D,20210204,000000,1009.55,1009.55,983.85,987.52,0,0
SLV_MV,D,20210205,000000,980.18,1002.21,980.18,998.54,0,0
SLV_MV,D,20210208,000000,1013.22,1013.22,976.51,991.2,0,0
SLV_MV,D,20210209,000000,983.85,991.2,961.83,991.2,0,0
SLV_MV,D,20210210,000000,1005.88,1009.55,991.2,1009.55,0,0
SLV_MV,D,20210211,000000,1009.55,1042.59,1009.55,1042.59,0,0
SLV_MV,D,20210212,000000,1046.26,1046.26,1024.24,1024.24,0,0
SLV_MV,D,20210215,000000,1027.91,1046.26,1027.91,1046.26,0,0
SLV_MV,D,20210216,000000,1064.62,1090.32,1064.62,1075.63,0,0
SLV_MV,D,20210217,000000,1075.63,1075.63,1053.6,1064.62,0,0
SLV_MV,D,20210218,000000,1079.3,1082.97,1064.62,1075.63,0,0
SLV_MV,D,20210219,000000,1075.63,1082.97,1038.92,1082.97,0,0
SLV_MV,D,20210222,000000,1035.25,1082.97,1035.25,1075.63,0,0
SLV_MV,D,20210223,000000,1082.97,1093.99,1027.91,1046.26,0,0
SLV_MV,D,20210224,000000,1071.96,1071.96,1031.58,1071.96,0,0
SLV_MV,D,20210225,000000,1075.63,1082.97,1049.93,1071.96,0,0
SLV_MV,D,20210226,000000,1053.6,1068.29,1038.92,1064.62,0,0
SLV_MV,D,20210301,000000,1042.59,1064.62,1042.59,1064.62,0,0
SLV_MV,D,20210302,000000,1064.62,1064.62,1035.25,1053.6,0,0
SLV_MV,D,20210303,000000,1057.28,1060.95,1031.58,1031.58,0,0
SLV_MV,D,20210304,000000,1027.91,1035.25,1027.91,1027.91,0,0
SLV_MV,D,20210305,000000,1060.95,1060.95,1027.91,1046.26,0,0
SLV_MV,D,20210308,000000,1046.26,1064.62,1046.26,1064.62,0,0
SLV_MV,D,20210309,000000,1064.62,1064.62,1046.26,1053.6,0,0
SLV_MV,D,20210310,000000,1053.6,1075.63,1053.6,1075.63,0,0
SLV_MV,D,20210311,000000,1071.96,1174.75,1071.96,1160.07,0,0
SLV_MV,D,20210312,000000,1167.41,1189.43,1138.04,1156.39,0,0
SLV_MV,D,20210315,000000,1160.07,1174.75,1160.07,1174.75,0,0
SLV_MV,D,20210316,000000,1207.79,1237.16,1196.78,1204.12,0,0
SLV_MV,D,20210317,000000,1211.46,1211.46,1145.38,1174.75,0,0
SLV_MV,D,20210318,000000,1193.11,1211.46,1185.76,1207.79,0,0
SLV_MV,D,20210319,000000,1222.47,1284.88,1211.46,1259.19,0,0
SLV_MV,D,20210322,000000,1259.19,1295.9,1251.84,1277.54,0,0
SLV_MV,D,20210323,000000,1288.55,1413.37,1288.55,1369.32,0,0
SLV_MV,D,20210324,000000,1376.66,1376.66,1306.91,1361.98,0,0
SLV_MV,D,20210325,000000,1358.31,1361.98,1303.24,1310.58,0,0
SLV_MV,D,20210326,000000,1339.95,1358.31,1303.24,1303.24,0,0
SLV_MV,D,20210329,000000,1314.25,1314.25,1262.86,1299.57,0,0
SLV_MV,D,20210330,000000,1299.57,1299.57,1251.84,1251.84,0,0
SLV_MV,D,20210331,000000,1281.21,1299.57,1262.86,1266.53,0,0
SLV_MV,D,20210401,000000,1284.88,1284.88,1240.83,1250.01,0,0
SLV_MV,D,20210406,000000,1284.88,1284.88,1253.68,1283.05,0,0
SLV_MV,D,20210407,000000,1284.88,1284.88,1248.17,1257.35,0,0
SLV_MV,D,20210408,000000,1281.21,1281.21,1248.17,1257.35,0,0
SLV_MV,D,20210409,000000,1248.17,1281.21,1233.49,1281.21,0,0
SLV_MV,D,20210412,000000,1286.72,1294.06,1270.2,1275.71,0,0
SLV_MV,D,20210413,000000,1281.21,1284.88,1268.36,1284.88,0,0
SLV_MV,D,20210414,000000,1294.06,1301.4,1273.87,1292.23,0,0
SLV_MV,D,20210415,000000,1303.24,1317.92,1303.24,1314.25,0,0
SLV_MV,D,20210416,000000,1321.59,1336.28,1306.91,1312.42,0,0
SLV_MV,D,20210419,000000,1330.77,1334.44,1303.24,1334.44,0,0
SLV_MV,D,20210420,000000,1330.77,1339.95,1303.24,1338.11,0,0
SLV_MV,D,20210421,000000,1336.28,1356.47,1317.92,1352.8,0,0
SLV_MV,D,20210422,000000,1358.31,1411.54,1358.31,1406.03,0,0
SLV_MV,D,20210423,000000,1411.54,1446.41,1393.18,1431.73,0,0
SLV_MV,D,20210426,000000,1431.73,1431.73,1372.99,1380.33,0,0
SLV_MV,D,20210427,000000,1380.33,1393.18,1343.62,1356.47,0,0
SLV_MV,D,20210428,000000,1367.48,1367.48,1312.42,1338.11,0,0
SLV_MV,D,20210429,000000,1339.95,1376.66,1339.95,1369.32,0,0
SLV_MV,D,20210430,000000,1376.66,1376.66,1350.96,1369.32,0,0
SLV_MV,D,20210504,000000,1369.32,1374.83,1321.59,1325.27,0,0
SLV_MV,D,20210505,000000,1358.31,1358.31,1284.88,1284.88,0,0
SLV_MV,D,20210506,000000,1284.88,1284.88,1229.82,1246.34,0,0
SLV_MV,D,20210507,000000,1246.34,1303.24,1211.46,1295.9,0,0
SLV_MV,D,20210510,000000,1295.9,1310.58,1284.88,1295.9,0,0
SLV_MV,D,20210511,000000,1295.9,1328.94,1275.71,1328.94,0,0
SLV_MV,D,20210512,000000,1330.77,1330.77,1277.54,1301.4,0,0
SLV_MV,D,20210513,000000,1316.09,1316.09,1272.03,1301.4,0,0
SLV_MV,D,20210514,000000,1301.4,1301.4,1281.21,1284.88,0,0
SLV_MV,D,20210517,000000,1284.88,1303.24,1284.88,1303.24,0,0
SLV_MV,D,20210518,000000,1303.24,1321.59,1286.72,1308.75,0,0
SLV_MV,D,20210519,000000,1295.9,1303.24,1294.06,1299.57,0,0
SLV_MV,D,20210520,000000,1299.57,1306.91,1273.87,1306.91,0,0
SLV_MV,D,20210521,000000,1306.91,1312.42,1294.06,1312.42,0,0
SLV_MV,D,20210524,000000,1312.42,1319.76,1305.07,1319.76,0,0
SLV_MV,D,20210525,000000,1321.59,1321.59,1308.75,1319.76,0,0
SLV_MV,D,20210526,000000,1339.95,1404.19,1339.95,1404.19,0,0
SLV_MV,D,20210527,000000,1404.19,1404.19,1387.67,1404.19,0,0
SLV_MV,D,20210528,000000,1396.85,1406.03,1376.66,1400.52,0,0
SLV_MV,D,20210531,000000,1396.85,1396.85,1376.66,1393.18,0,0
SLV_MV,D,20210601,000000,1376.66,1376.66,1288.55,1325.27,0,0
SLV_MV,D,20210602,000000,1327.1,1376.66,1327.1,1361.98,0,0
SLV_MV,D,20210604,000000,1361.98,1376.66,1350.96,1358.31,0,0
SLV_MV,D,20210607,000000,1360.14,1384,1358.31,1360.14,0,0
SLV_MV,D,20210608,000000,1367.48,1376.66,1358.31,1360.14,0,0
SLV_MV,D,20210609,000000,1395.02,1395.02,1361.98,1376.66,0,0
SLV_MV,D,20210610,000000,1376.66,1411.54,1367.48,1404.19,0,0
SLV_MV,D,20210611,000000,1413.37,1413.37,1395.02,1413.37,0,0
SLV_MV,D,20210614,000000,1413.37,1433.56,1395.02,1413.37,0,0
SLV_MV,D,20210615,000000,1450.08,1450.08,1389.51,1404.19,0,0
SLV_MV,D,20210616,000000,1376.66,1384,1367.48,1378.5,0,0
SLV_MV,D,20210617,000000,1382.17,1398.69,1369.32,1369.32,0,0
SLV_MV,D,20210618,000000,1387.67,1387.67,1349.13,1376.66,0,0
SLV_MV,D,20210621,000000,1378.5,1413.37,1378.5,1380.33,0,0
SLV_MV,D,20210622,000000,1395.02,1415.21,1382.17,1409.7,0,0
SLV_MV,D,20210623,000000,1415.21,1429.89,1395.02,1417.04,0,0
SLV_MV,D,20210624,000000,1428.06,1437.23,1395.02,1413.37,0,0
SLV_MV,D,20210625,000000,1437.23,1437.23,1404.19,1431.73,0,0
SLV_MV,D,20210628,000000,1431.73,1466.6,1431.73,1466.6,0,0
SLV_MV,D,20210629,000000,1472.11,1514.33,1472.11,1514.33,0,0
SLV_MV,D,20210630,000000,1505.15,1541.86,1486.79,1486.79,0,0
SLV_MV,D,20210701,000000,1468.44,1519.83,1459.26,1510.66,0,0
SLV_MV,D,20210702,000000,1519.83,1551.04,1519.83,1551.04,0,0
SLV_MV,D,20210705,000000,1560.22,1560.22,1499.64,1519.83,0,0
SLV_MV,D,20210706,000000,1516.16,1516.16,1479.45,1479.45,0,0
SLV_MV,D,20210707,000000,1468.44,1481.29,1453.75,1473.94,0,0
SLV_MV,D,20210708,000000,1473.94,1486.79,1453.75,1479.45,0,0
SLV_MV,D,20210709,000000,1477.62,1479.45,1459.26,1477.62,0,0
SLV_MV,D,20210712,000000,1486.79,1505.15,1466.6,1466.6,0,0
SLV_MV,D,20210713,000000,1505.15,1505.15,1466.6,1483.12,0,0
SLV_MV,D,20210714,000000,1483.12,1505.15,1470.27,1483.12,0,0
SLV_MV,D,20210715,000000,1503.31,1505.15,1475.78,1501.48,0,0
SLV_MV,D,20210716,000000,1501.48,1501.48,1475.78,1486.79,0,0
SLV_MV,D,20210719,000000,1486.79,1486.79,1431.73,1446.41,0,0
SLV_MV,D,20210720,000000,1439.07,1455.59,1384,1393.18,0,0
SLV_MV,D,20210721,000000,1393.18,1406.03,1385.84,1406.03,0,0
SLV_MV,D,20210722,000000,1406.03,1413.37,1363.81,1374.83,0,0
SLV_MV,D,20210723,000000,1374.83,1446.41,1374.83,1406.03,0,0
SLV_MV,D,20210726,000000,1395.02,1417.04,1358.31,1413.37,0,0
SLV_MV,D,20210727,000000,1420.71,1459.26,1413.37,1433.56,0,0
SLV_MV,D,20210728,000000,1453.75,1453.75,1433.56,1450.08,0,0
SLV_MV,D,20210729,000000,1448.25,1486.79,1444.58,1486.79,0,0
SLV_MV,D,20210730,000000,1486.79,1486.79,1468.44,1486.79,0,0
SLV_MV,D,20210802,000000,1527.18,1534.52,1486.79,1505.15,0,0
SLV_MV,D,20210803,000000,1505.15,1505.15,1468.44,1468.44,0,0
SLV_MV,D,20210804,000000,1468.44,1468.44,1450.08,1468.44,0,0
SLV_MV,D,20210805,000000,1468.44,1468.44,1451.92,1464.77,0,0
SLV_MV,D,20210806,000000,1464.77,1468.44,1455.59,1455.59,0,0
SLV_MV,D,20210809,000000,1468.44,1468.44,1440.9,1446.41,0,0
SLV_MV,D,20210810,000000,1446.41,1451.92,1433.56,1450.08,0,0
SLV_MV,D,20210811,000000,1450.08,1457.42,1418.88,1424.38,0,0
SLV_MV,D,20210812,000000,1440.9,1440.9,1407.86,1429.89,0,0
SLV_MV,D,20210813,000000,1440.9,1440.9,1406.03,1431.73,0,0
SLV_MV,D,20210816,000000,1431.73,1433.56,1409.7,1409.7,0,0
SLV_MV,D,20210817,000000,1407.86,1431.73,1407.86,1429.89,0,0
SLV_MV,D,20210818,000000,1415.21,1426.22,1407.86,1407.86,0,0
SLV_MV,D,20210819,000000,1411.54,1411.54,1376.66,1389.51,0,0
SLV_MV,D,20210820,000000,1422.55,1422.55,1352.8,1358.31,0,0
SLV_MV,D,20210823,000000,1358.31,1360.14,1332.61,1352.8,0,0
SLV_MV,D,20210824,000000,1349.13,1352.8,1339.95,1339.95,0,0
SLV_MV,D,20210825,000000,1334.44,1380.33,1319.76,1376.66,0,0
SLV_MV,D,20210826,000000,1376.66,1378.5,1358.31,1360.14,0,0
SLV_MV,D,20210827,000000,1374.83,1374.83,1360.14,1372.99,0,0
SLV_MV,D,20210830,000000,1372.99,1400.52,1361.98,1400.52,0,0
SLV_MV,D,20210831,000000,1400.52,1402.36,1389.51,1389.51,0,0
SLV_MV,D,20210901,000000,1343.62,1387.67,1343.62,1376.66,0,0
SLV_MV,D,20210902,000000,1387.67,1387.67,1374.83,1376.66,0,0
SLV_MV,D,20210903,000000,1376.66,1376.66,1356.47,1358.31,0,0
SLV_MV,D,20210906,000000,1358.31,1387.67,1358.31,1384,0,0
SLV_MV,D,20210907,000000,1384,1384,1365.65,1365.65,0,0
SLV_MV,D,20210908,000000,1384,1384,1361.98,1361.98,0,0
SLV_MV,D,20210909,000000,1365.65,1376.66,1358.31,1372.99,0,0
SLV_MV,D,20210910,000000,1374.83,1374.83,1358.31,1369.32,0,0
SLV_MV,D,20210913,000000,1369.32,1369.32,1358.31,1358.31,0,0
SLV_MV,D,20210914,000000,1378.5,1378.5,1345.46,1354.63,0,0
SLV_MV,D,20210915,000000,1352.8,1369.32,1299.57,1316.09,0,0
SLV_MV,D,20210916,000000,1330.77,1349.13,1321.59,1349.13,0,0
SLV_MV,D,20210917,000000,1339.95,1382.17,1327.1,1382.17,0,0
SLV_MV,D,20210920,000000,1385.84,1385.84,1332.61,1332.61,0,0
SLV_MV,D,20210921,000000,1339.95,1385.84,1339.95,1380.33,0,0
SLV_MV,D,20210922,000000,1382.17,1404.19,1341.79,1404.19,0,0
SLV_MV,D,20210923,000000,1404.19,1411.54,1367.48,1395.02,0,0
SLV_MV,D,20210924,000000,1365.65,1395.02,1365.65,1376.66,0,0
SLV_MV,D,20210927,000000,1378.5,1384,1365.65,1365.65,0,0
SLV_MV,D,20210928,000000,1365.65,1365.65,1339.95,1339.95,0,0
SLV_MV,D,20210929,000000,1354.63,1354.63,1321.59,1334.44,0,0
SLV_MV,D,20210930,000000,1345.46,1372.99,1339.95,1372.99,0,0
SLV_MV,D,20211001,000000,1327.1,1356.47,1325.27,1325.27,0,0
SLV_MV,D,20211004,000000,1336.28,1339.95,1303.24,1314.25,0,0
SLV_MV,D,20211005,000000,1286.72,1314.25,1275.71,1314.25,0,0
SLV_MV,D,20211006,000000,1312.42,1339.95,1312.42,1332.61,0,0
SLV_MV,D,20211007,000000,1332.61,1387.67,1332.61,1371.15,0,0
SLV_MV,D,20211008,000000,1371.15,1387.67,1371.15,1376.66,0,0
SLV_MV,D,20211011,000000,1376.66,1395.02,1367.48,1395.02,0,0
SLV_MV,D,20211012,000000,1393.18,1393.18,1369.32,1391.34,0,0
SLV_MV,D,20211013,000000,1393.18,1393.18,1363.81,1374.83,0,0
SLV_MV,D,20211014,000000,1367.48,1374.83,1365.65,1372.99,0,0
SLV_MV,D,20211015,000000,1369.32,1374.83,1367.48,1369.32,0,0
SLV_MV,D,20211018,000000,1367.48,1376.66,1367.48,1369.32,0,0
SLV_MV,D,20211019,000000,1369.32,1413.37,1369.32,1395.02,0,0
SLV_MV,D,20211020,000000,1402.36,1505.15,1380.33,1486.79,0,0
SLV_MV,D,20211021,000000,1468.44,1486.79,1450.08,1450.08,0,0
SLV_MV,D,20211022,000000,1468.44,1468.44,1424.38,1450.08,0,0
SLV_MV,D,20211025,000000,1450.08,1477.62,1450.08,1468.44,0,0
SLV_MV,D,20211026,000000,1468.44,1468.44,1444.58,1464.77,0,0
SLV_MV,D,20211027,000000,1442.74,1479.45,1442.74,1475.78,0,0
SLV_MV,D,20211028,000000,1475.78,1475.78,1444.58,1472.11,0,0
SLV_MV,D,20211029,000000,1475.78,1475.78,1451.92,1468.44,0,0
SLV_MV,D,20211102,000000,1450.08,1475.78,1450.08,1473.94,0,0
SLV_MV,D,20211103,000000,1540.02,1540.02,1492.3,1514.33,0,0
SLV_MV,D,20211104,000000,1527.18,1536.35,1486.79,1505.15,0,0
SLV_MV,D,20211105,000000,1505.15,1536.35,1492.3,1495.97,0,0
SLV_MV,D,20211108,000000,1505.15,1505.15,1486.79,1495.97,0,0
SLV_MV,D,20211109,000000,1483.12,1486.79,1470.27,1486.79,0,0
SLV_MV,D,20211110,000000,1479.45,1486.79,1433.56,1439.07,0,0
SLV_MV,D,20211112,000000,1446.41,1492.3,1446.41,1486.79,0,0
SLV_MV,D,20211115,000000,1486.79,1494.14,1450.08,1486.79,0,0
SLV_MV,D,20211116,000000,1464.77,1475.78,1451.92,1461.1,0,0
SLV_MV,D,20211117,000000,1475.78,1475.78,1433.56,1450.08,0,0
SLV_MV,D,20211118,000000,1468.44,1468.44,1409.7,1409.7,0,0
SLV_MV,D,20211119,000000,1413.37,1468.44,1378.5,1466.6,0,0
SLV_MV,D,20211122,000000,1466.6,1466.6,1417.04,1461.1,0,0
SLV_MV,D,20211123,000000,1466.6,1495.97,1453.75,1468.44,0,0
SLV_MV,D,20211124,000000,1477.62,1477.62,1440.9,1453.75,0,0
SLV_MV,D,20211125,000000,1459.26,1472.11,1400.52,1400.52,0,0
SLV_MV,D,20211126,000000,1398.69,1431.73,1376.66,1395.02,0,0
SLV_MV,D,20211129,000000,1382.17,1429.89,1382.17,1413.37,0,0
SLV_MV,D,20211130,000000,1395.02,1437.23,1395.02,1437.23,0,0
SLV_MV,D,20211201,000000,1418.88,1462.93,1418.88,1457.42,0,0
SLV_MV,D,20211202,000000,1439.07,1468.44,1433.56,1468.44,0,0
SLV_MV,D,20211203,000000,1468.44,1486.79,1442.74,1477.62,0,0
SLV_MV,D,20211206,000000,1488.63,1488.63,1453.75,1468.44,0,0
SLV_MV,D,20211207,000000,1484.96,1488.63,1484.96,1488.63,0,0
SLV_MV,D,20211208,000000,1488.63,1505.15,1481.29,1505.15,0,0
SLV_MV,D,20211209,000000,1505.15,1532.68,1494.14,1521.67,0,0
SLV_MV,D,20211210,000000,1523.5,1552.87,1523.5,1547.37,0,0
SLV_MV,D,20211213,000000,1549.2,1600.6,1549.2,1593.26,0,0
SLV_MV,D,20211214,000000,1618.95,1618.95,1514.33,1514.33,0,0
SLV_MV,D,20211215,000000,1505.15,1510.66,1473.94,1477.62,0,0
SLV_MV,D,20211216,000000,1494.14,1521.67,1473.94,1483.12,0,0
SLV_MV,D,20211217,000000,1486.79,1505.15,1396.85,1396.85,0,0
SLV_MV,D,20211220,000000,1404.19,1457.42,1404.19,1439.07,0,0
SLV_MV,D,20211221,000000,1433.56,1490.46,1433.56,1475.78,0,0
SLV_MV,D,20211222,000000,1486.79,1488.63,1470.27,1486.79,0,0
SLV_MV,D,20211223,000000,1486.79,1486.79,1468.44,1468.44,0,0
SLV_MV,D,20211227,000000,1468.44,1486.79,1442.74,1453.75,0,0
SLV_MV,D,20211228,000000,1453.75,1486.79,1450.08,1470.27,0,0
SLV_MV,D,20211229,000000,1477.62,1495.97,1468.44,1495.97,0,0
SLV_MV,D,20211230,000000,1495.97,1519.83,1488.63,1505.15,0,0
SLV_MV,D,20220103,000000,1490.46,1560.22,1490.46,1551.04,0,0
SLV_MV,D,20220104,000000,1558.38,1558.38,1530.85,1530.85,0,0
SLV_MV,D,20220105,000000,1540.02,1540.02,1490.46,1490.46,0,0
SLV_MV,D,20220107,000000,1492.3,1543.7,1486.79,1519.83,0,0
SLV_MV,D,20220110,000000,1527.18,1541.86,1519.83,1519.83,0,0
SLV_MV,D,20220111,000000,1532.68,1543.7,1518,1534.52,0,0
SLV_MV,D,20220112,000000,1541.86,1549.2,1527.18,1543.7,0,0
SLV_MV,D,20220113,000000,1543.7,1543.7,1508.82,1523.5,0,0
SLV_MV,D,20220114,000000,1523.5,1523.5,1501.48,1501.48,0,0
SLV_MV,D,20220117,000000,1505.15,1523.5,1497.81,1523.5,0,0
SLV_MV,D,20220118,000000,1514.33,1514.33,1470.27,1470.27,0,0
SLV_MV,D,20220119,000000,1470.27,1486.79,1468.44,1486.79,0,0
SLV_MV,D,20220120,000000,1490.46,1490.46,1444.58,1450.08,0,0
SLV_MV,D,20220121,000000,1455.59,1455.59,1396.85,1396.85,0,0
SLV_MV,D,20220124,000000,1376.66,1376.66,1321.59,1334.44,0,0
SLV_MV,D,20220125,000000,1321.59,1374.83,1321.59,1327.1,0,0
SLV_MV,D,20220126,000000,1327.1,1376.66,1327.1,1374.83,0,0
SLV_MV,D,20220127,000000,1371.15,1374.83,1327.1,1347.29,0,0
SLV_MV,D,20220128,000000,1339.95,1347.29,1321.59,1332.61,0,0
SLV_MV,D,20220131,000000,1330.77,1332.61,1288.55,1288.55,0,0
SLV_MV,D,20220201,000000,1295.9,1323.43,1295.9,1305.07,0,0
SLV_MV,D,20220202,000000,1321.59,1339.95,1314.25,1334.44,0,0
SLV_MV,D,20220203,000000,1350.96,1371.15,1325.27,1330.77,0,0
SLV_MV,D,20220204,000000,1338.11,1376.66,1330.77,1358.31,0,0
SLV_MV,D,20220207,000000,1358.31,1360.14,1338.11,1360.14,0,0
SLV_MV,D,20220208,000000,1360.14,1426.22,1360.14,1422.55,0,0
SLV_MV,D,20220209,000000,1422.55,1450.08,1413.37,1431.73,0,0
SLV_MV,D,20220210,000000,1431.73,1431.73,1395.02,1411.54,0,0
SLV_MV,D,20220211,000000,1411.54,1413.37,1371.15,1395.02,0,0
SLV_MV,D,20220214,000000,1358.31,1376.66,1325.27,1361.98,0,0
SLV_MV,D,20220215,000000,1358.31,1376.66,1354.63,1376.66,0,0
SLV_MV,D,20220216,000000,1376.66,1376.66,1339.95,1361.98,0,0
SLV_MV,D,20220217,000000,1361.98,1361.98,1303.24,1319.76,0,0
SLV_MV,D,20220218,000000,1321.59,1321.59,1292.23,1303.24,0,0
SLV_MV,D,20220221,000000,1294.06,1312.42,1226.15,1301.4,0,0
SLV_MV,D,20220222,000000,1238.99,1284.88,1238.99,1257.35,0,0
SLV_MV,D,20220223,000000,1248.17,1248.17,1183.93,1211.46,0,0
SLV_MV,D,20220224,000000,1138.04,1176.59,1048.1,1174.75,0,0
SLV_MV,D,20220225,000000,1134.37,1259.19,1134.37,1259.19,0,0
SLV_MV,D,20220228,000000,1211.46,1312.42,1211.46,1294.06,0,0
SLV_MV,D,20220301,000000,1303.24,1303.24,1202.28,1209.63,0,0
SLV_MV,D,20220302,000000,1209.63,1211.46,1158.23,1172.91,0,0
SLV_MV,D,20220303,000000,1163.74,1182.09,1132.53,1172.91,0,0
SLV_MV,D,20220304,000000,1156.39,1187.6,1143.55,1161.9,0,0
SLV_MV,D,20220307,000000,1123.36,1154.56,1101.33,1154.56,0,0
SLV_MV,D,20220308,000000,1147.22,1156.39,1119.68,1119.68,0,0
SLV_MV,D,20220309,000000,1123.36,1193.11,1123.36,1193.11,0,0
SLV_MV,D,20220310,000000,1196.78,1229.82,1178.42,1229.82,0,0
SLV_MV,D,20220311,000000,1229.82,1246.34,1215.13,1246.34,0,0
SLV_MV,D,20220314,000000,1238.99,1238.99,1198.61,1226.15,0,0
SLV_MV,D,20220315,000000,1226.15,1226.15,1198.61,1198.61,0,0
SLV_MV,D,20220316,000000,1237.16,1237.16,1196.78,1211.46,0,0
SLV_MV,D,20220317,000000,1235.32,1257.35,1209.63,1257.35,0,0
SLV_MV,D,20220318,000000,1248.17,1248.17,1202.28,1207.79,0,0
SLV_MV,D,20220321,000000,1238.99,1238.99,1216.97,1216.97,0,0
SLV_MV,D,20220322,000000,1213.3,1220.64,1196.78,1220.64,0,0
SLV_MV,D,20220323,000000,1220.64,1220.64,1200.45,1200.45,0,0
SLV_MV,D,20220324,000000,1200.45,1209.63,1200.45,1200.45,0,0
SLV_MV,D,20220325,000000,1209.63,1238.99,1200.45,1238.99,0,0
SLV_MV,D,20220328,000000,1242.67,1242.67,1220.64,1229.82,0,0
SLV_MV,D,20220329,000000,1242.67,1242.67,1180.26,1180.26,0,0
SLV_MV,D,20220330,000000,1193.11,1238.99,1193.11,1238.99,0,0
SLV_MV,D,20220331,000000,1242.67,1431.73,1242.67,1382.17,0,0
SLV_MV,D,20220401,000000,1398.69,1462.93,1387.67,1461.1,0,0
SLV_MV,D,20220404,000000,1468.44,1486.79,1450.08,1486.79,0,0
SLV_MV,D,20220405,000000,1505.15,1514.33,1484.96,1484.96,0,0
SLV_MV,D,20220406,000000,1468.44,1483.12,1446.41,1461.1,0,0
SLV_MV,D,20220407,000000,1457.42,1457.42,1440.9,1440.9,0,0
SLV_MV,D,20220408,000000,1450.08,1450.08,1431.73,1440.9,0,0
SLV_MV,D,20220411,000000,1459.26,1459.26,1406.03,1406.03,0,0
SLV_MV,D,20220412,000000,1428.06,1428.06,1395.02,1422.55,0,0
SLV_MV,D,20220413,000000,1422.55,1431.73,1417.04,1429.89,0,0
SLV_MV,D,20220414,000000,1431.73,1473.94,1428.06,1473.94,0,0
SLV_MV,D,20220419,000000,1473.94,1505.15,1455.59,1488.63,0,0
SLV_MV,D,20220420,000000,1488.63,1512.49,1435.4,1477.62,0,0
SLV_MV,D,20220421,000000,1472.11,1472.11,1440.9,1468.44,0,0
SLV_MV,D,20220422,000000,1468.44,1472.11,1450.08,1464.77,0,0
SLV_MV,D,20220425,000000,1450.08,1450.08,1413.37,1444.58,0,0
SLV_MV,D,20220426,000000,1440.9,1466.6,1415.21,1457.42,0,0
SLV_MV,D,20220427,000000,1440.9,1457.42,1424.38,1453.75,0,0
SLV_MV,D,20220428,000000,1435.4,1468.44,1431.73,1448.25,0,0
SLV_MV,D,20220429,000000,1440.9,1450.08,1413.37,1413.37,0,0
SLV_MV,D,20220502,000000,1396.85,1413.37,1361.98,1395.02,0,0
SLV_MV,D,20220504,000000,1384,1406.03,1369.32,1376.66,0,0
SLV_MV,D,20220505,000000,1400.52,1402.36,1369.32,1376.66,0,0
SLV_MV,D,20220506,000000,1395.02,1395.02,1369.32,1387.67,0,0
SLV_MV,D,20220509,000000,1376.66,1395.02,1376.66,1389.51,0,0
SLV_MV,D,20220510,000000,1389.51,1407.86,1382.17,1404.19,0,0
SLV_MV,D,20220511,000000,1400.52,1431.73,1396.85,1428.06,0,0
SLV_MV,D,20220512,000000,1428.06,1431.73,1380.33,1431.73,0,0
SLV_MV,D,20220513,000000,1422.55,1431.73,1404.19,1415.21,0,0
SLV_MV,D,20220516,000000,1413.37,1448.25,1413.37,1448.25,0,0
SLV_MV,D,20220517,000000,1450.08,1450.08,1426.22,1435.4,0,0
SLV_MV,D,20220518,000000,1435.4,1468.44,1415.21,1433.56,0,0
SLV_MV,D,20220519,000000,1411.54,1433.56,1387.67,1428.06,0,0
SLV_MV,D,20220520,000000,1418.88,1428.06,1395.02,1413.37,0,0
SLV_MV,D,20220523,000000,1413.37,1413.37,1380.33,1385.84,0,0
SLV_MV,D,20220524,000000,1393.18,1393.18,1369.32,1384,0,0
SLV_MV,D,20220525,000000,1384,1384,1347.29,1367.48,0,0
SLV_MV,D,20220526,000000,1376.66,1395.02,1374.83,1384,0,0
SLV_MV,D,20220527,000000,1393.18,1395.02,1376.66,1393.18,0,0
SLV_MV,D,20220530,000000,1395.02,1431.73,1384,1431.73,0,0
SLV_MV,D,20220531,000000,1431.73,1466.6,1422.55,1459.26,0,0
SLV_MV,D,20220601,000000,1466.6,1484.96,1459.26,1483.12,0,0
SLV_MV,D,20220602,000000,1464.77,1468.44,1440.9,1457.42,0,0
SLV_MV,D,20220603,000000,1457.42,1457.42,1418.88,1431.73,0,0
SLV_MV,D,20220606,000000,1429.89,1429.89,1409.7,1413.37,0,0
SLV_MV,D,20220607,000000,1413.37,1413.37,1369.32,1380.33,0,0
SLV_MV,D,20220608,000000,1395.02,1395.02,1319.76,1319.76,0,0
SLV_MV,D,20220609,000000,1306.91,1376.66,1306.91,1350.96,0,0
SLV_MV,D,20220610,000000,1349.13,1363.81,1334.44,1352.8,0,0
SLV_MV,D,20220613,000000,1336.28,1336.28,1295.9,1295.9,0,0
SLV_MV,D,20220614,000000,1295.9,1306.91,1238.99,1238.99,0,0
SLV_MV,D,20220615,000000,1215.13,1244.5,1215.13,1238.99,0,0
SLV_MV,D,20220617,000000,1238.99,1238.99,1139.87,1139.87,0,0
SLV_MV,D,20220620,000000,1154.56,1205.95,1123.36,1183.93,0,0
SLV_MV,D,20220621,000000,1229.82,1264.69,1189.43,1222.47,0,0
SLV_MV,D,20220622,000000,1209.63,1211.46,1171.08,1211.46,0,0
SLV_MV,D,20220623,000000,1248.17,1248.17,1216.97,1216.97,0,0
SLV_MV,D,20220624,000000,1211.46,1237.16,1163.74,1237.16,0,0
SLV_MV,D,20220627,000000,1237.16,1261.02,1220.64,1261.02,0,0
SLV_MV,D,20220628,000000,1257.35,1283.05,1257.35,1264.69,0,0
SLV_MV,D,20220629,000000,1262.86,1314.25,1246.34,1314.25,0,0
SLV_MV,D,20220630,000000,1284.88,1284.88,1213.3,1213.3,0,0
SLV_MV,D,20220701,000000,1250.01,1292.23,1220.64,1229.82,0,0
SLV_MV,D,20220704,000000,1211.46,1284.88,1211.46,1284.88,0,0
SLV_MV,D,20220705,000000,1281.21,1314.25,1266.53,1266.53,0,0
SLV_MV,D,20220706,000000,1266.53,1301.4,1266.53,1284.88,0,0
SLV_MV,D,20220707,000000,1301.4,1301.4,1284.88,1294.06,0,0
SLV_MV,D,20220708,000000,1303.24,1303.24,1288.55,1301.4,0,0
SLV_MV,D,20220711,000000,1237.16,1242.67,1204.12,1242.67,0,0
SLV_MV,D,20220712,000000,1244.5,1244.5,1194.94,1233.49,0,0
SLV_MV,D,20220713,000000,1229.82,1229.82,1202.28,1211.46,0,0
SLV_MV,D,20220714,000000,1211.46,1213.3,1171.08,1189.43,0,0
SLV_MV,D,20220715,000000,1209.63,1251.84,1209.63,1251.84,0,0
SLV_MV,D,20220718,000000,1233.49,1266.53,1231.65,1231.65,0,0
SLV_MV,D,20220719,000000,1235.32,1283.05,1229.82,1283.05,0,0
SLV_MV,D,20220720,000000,1279.38,1284.88,1238.99,1273.87,0,0
SLV_MV,D,20220721,000000,1281.21,1312.42,1248.17,1312.42,0,0
SLV_MV,D,20220722,000000,1312.42,1319.76,1284.88,1319.76,0,0
SLV_MV,D,20220725,000000,1303.24,1312.42,1303.24,1303.24,0,0
SLV_MV,D,20220726,000000,1312.42,1349.13,1288.55,1316.09,0,0
SLV_MV,D,20220727,000000,1303.24,1339.95,1303.24,1339.95,0,0
SLV_MV,D,20220728,000000,1339.95,1349.13,1332.61,1349.13,0,0
SLV_MV,D,20220729,000000,1341.79,1360.14,1341.79,1352.8,0,0
SLV_MV,D,20220801,000000,1339.95,1380.33,1339.95,1380.33,0,0
SLV_MV,D,20220802,000000,1380.33,1431.73,1365.65,1431.73,0,0
SLV_MV,D,20220803,000000,1431.73,1468.44,1413.37,1468.44,0,0
SLV_MV,D,20220804,000000,1468.44,1483.12,1431.73,1468.44,0,0
SLV_MV,D,20220805,000000,1453.75,1453.75,1424.38,1450.08,0,0
SLV_MV,D,20220808,000000,1466.6,1466.6,1417.04,1450.08,0,0
SLV_MV,D,20220809,000000,1450.08,1468.44,1450.08,1468.44,0,0
SLV_MV,D,20220810,000000,1457.42,1459.26,1442.74,1459.26,0,0
SLV_MV,D,20220811,000000,1424.38,1459.26,1424.38,1451.92,0,0
SLV_MV,D,20220812,000000,1448.25,1477.62,1433.56,1468.44,0,0
SLV_MV,D,20220816,000000,1464.77,1505.15,1464.77,1468.44,0,0
SLV_MV,D,20220817,000000,1468.44,1510.66,1461.1,1488.63,0,0
SLV_MV,D,20220818,000000,1488.63,1490.46,1461.1,1468.44,0,0
SLV_MV,D,20220819,000000,1468.44,1468.44,1429.89,1468.44,0,0
SLV_MV,D,20220822,000000,1466.6,1505.15,1428.06,1484.96,0,0
SLV_MV,D,20220823,000000,1505.15,1505.15,1459.26,1468.44,0,0
SLV_MV,D,20220824,000000,1468.44,1505.15,1422.55,1450.08,0,0
SLV_MV,D,20220825,000000,1448.25,1468.44,1422.55,1433.56,0,0
SLV_MV,D,20220826,000000,1451.92,1451.92,1424.38,1426.22,0,0
SLV_MV,D,20220829,000000,1429.89,1429.89,1361.98,1395.02,0,0
SLV_MV,D,20220830,000000,1374.83,1378.5,1343.62,1374.83,0,0
SLV_MV,D,20220831,000000,1358.31,1391.34,1350.96,1360.14,0,0
SLV_MV,D,20220901,000000,1376.66,1376.66,1339.95,1352.8,0,0
SLV_MV,D,20220902,000000,1352.8,1393.18,1350.96,1365.65,0,0
SLV_MV,D,20220905,000000,1395.02,1395.02,1372.99,1376.66,0,0
