<TICKER>,<PER>,<DATE>,<TIME>,<OPEN>,<HIGH>,<LOW>,<CLOSE>,<VOL>,<OPENINT>
SPR_PE,D,20200305,000000,14,14,14,14,0,0
SPR_PE,D,20200306,000000,16.8,19.8,13.8,14.8,0,0
SPR_PE,D,20200309,000000,15,15.2,12.7,14.2,0,0
SPR_PE,D,20200310,000000,11.7,12.4,11.2,11.2,0,0
SPR_PE,D,20200311,000000,11.7,12.7,10.1,12.3,0,0
SPR_PE,D,20200312,000000,11.5,11.5,10.9,10.9,0,0
SPR_PE,D,20200313,000000,10.7,10.7,10.5,10.7,0,0
SPR_PE,D,20200316,000000,10.6,12.1,10.6,12.1,0,0
SPR_PE,D,20200317,000000,11.7,11.7,10.7,11.7,0,0
SPR_PE,D,20200318,000000,11.7,11.7,11.3,11.3,0,0
SPR_PE,D,20200319,000000,11.2,11.5,11.2,11.2,0,0
SPR_PE,D,20200320,000000,10.7,10.7,9.3,10.7,0,0
SPR_PE,D,20200323,000000,8.8,9.5,7,9.5,0,0
SPR_PE,D,20200324,000000,9.5,9.9,9.5,9.9,0,0
SPR_PE,D,20200325,000000,9.7,10.3,9.7,10.3,0,0
SPR_PE,D,20200327,000000,10.7,10.7,10.7,10.7,0,0
SPR_PE,D,20200330,000000,11.7,11.7,11.7,11.7,0,0
SPR_PE,D,20200331,000000,10.7,11.5,10.7,11.5,0,0
SPR_PE,D,20200401,000000,9.7,10.7,9.2,10.5,0,0
SPR_PE,D,20200402,000000,9.7,9.7,9.7,9.7,0,0
SPR_PE,D,20200403,000000,10.5,10.5,9.3,9.3,0,0
SPR_PE,D,20200406,000000,10.3,10.5,10.3,10.5,0,0
SPR_PE,D,20200407,000000,10.1,10.1,9.2,10.1,0,0
SPR_PE,D,20200408,000000,10.1,10.7,10.1,10.7,0,0
SPR_PE,D,20200409,000000,10.7,10.7,10.3,10.3,0,0
SPR_PE,D,20200414,000000,10.3,10.3,9.7,9.7,0,0
SPR_PE,D,20200415,000000,9.7,9.7,9.7,9.7,0,0
SPR_PE,D,20200416,000000,9.8,10.3,9.7,9.7,0,0
SPR_PE,D,20200417,000000,9.5,9.8,9.5,9.8,0,0
SPR_PE,D,20200420,000000,9.7,10.1,9.7,9.7,0,0
SPR_PE,D,20200421,000000,9.7,9.7,9.7,9.7,0,0
SPR_PE,D,20200422,000000,9.9,11.5,9.9,11.5,0,0
SPR_PE,D,20200423,000000,13.3,14,11.1,14,0,0
SPR_PE,D,20200424,000000,13.2,13.2,12.6,12.9,0,0
SPR_PE,D,20200427,000000,13.1,13.5,13.1,13.4,0,0
SPR_PE,D,20200428,000000,13.2,13.4,13.2,13.4,0,0
SPR_PE,D,20200429,000000,13.2,13.2,12.6,13.1,0,0
SPR_PE,D,20200430,000000,12.6,12.9,12.6,12.9,0,0
SPR_PE,D,20200504,000000,12.7,12.7,12.7,12.7,0,0
SPR_PE,D,20200505,000000,12.7,12.7,12.7,12.7,0,0
SPR_PE,D,20200506,000000,12.5,12.5,11.9,11.9,0,0
SPR_PE,D,20200507,000000,11.9,14,11.9,13.3,0,0
SPR_PE,D,20200508,000000,13.7,13.8,13.3,13.8,0,0
SPR_PE,D,20200511,000000,13.8,13.8,13.6,13.6,0,0
SPR_PE,D,20200512,000000,13.8,14.7,13.6,13.6,0,0
SPR_PE,D,20200513,000000,14.2,14.5,13.9,14.5,0,0
SPR_PE,D,20200514,000000,14.6,14.7,14.6,14.7,0,0
SPR_PE,D,20200515,000000,14.4,14.4,13.8,13.8,0,0
SPR_PE,D,20200518,000000,13.8,14.8,13.8,14.8,0,0
SPR_PE,D,20200519,000000,14.8,20.4,14.8,19.7,0,0
SPR_PE,D,20200520,000000,21.4,25.6,17.4,24.3,0,0
SPR_PE,D,20200521,000000,24.3,24.3,23.5,23.6,0,0
SPR_PE,D,20200522,000000,23.4,23.4,21.4,21.4,0,0
SPR_PE,D,20200525,000000,21,22,21,22,0,0
SPR_PE,D,20200526,000000,21,21.4,17.6,17.6,0,0
SPR_PE,D,20200527,000000,17.1,17.1,15.1,16.3,0,0
SPR_PE,D,20200528,000000,16.3,16.5,15.8,16.1,0,0
SPR_PE,D,20200529,000000,16.2,17,16.2,17,0,0
SPR_PE,D,20200601,000000,17.2,19.5,17.2,19.4,0,0
SPR_PE,D,20200602,000000,19.4,19.4,15.7,17.6,0,0
SPR_PE,D,20200603,000000,16.8,19.4,16.8,17,0,0
SPR_PE,D,20200604,000000,19,19,16.5,18.6,0,0
SPR_PE,D,20200605,000000,18.4,18.6,18.3,18.3,0,0
SPR_PE,D,20200608,000000,18.3,18.3,17.8,17.8,0,0
SPR_PE,D,20200609,000000,17.8,18,17.8,17.9,0,0
SPR_PE,D,20200610,000000,17.9,18.2,17.9,17.9,0,0
SPR_PE,D,20200612,000000,17.6,17.9,17.4,17.9,0,0
SPR_PE,D,20200615,000000,20.3,20.3,18.6,20.3,0,0
SPR_PE,D,20200616,000000,20.5,21,20.5,21,0,0
SPR_PE,D,20200617,000000,21,21,20.5,20.6,0,0
SPR_PE,D,20200618,000000,20.2,21,20.2,20.8,0,0
SPR_PE,D,20200622,000000,21.3,24.5,21.3,22.9,0,0
SPR_PE,D,20200623,000000,23.8,26.6,23.8,26.6,0,0
SPR_PE,D,20200624,000000,28.2,33.5,28.2,33.5,0,0
SPR_PE,D,20200625,000000,33.5,37.7,31.7,37.6,0,0
SPR_PE,D,20200626,000000,38,38,34.1,37.6,0,0
SPR_PE,D,20200629,000000,34.2,34.2,31.2,31.8,0,0
SPR_PE,D,20200630,000000,31.1,31.8,30.9,31.4,0,0
SPR_PE,D,20200701,000000,32.6,33.2,31.4,33.2,0,0
SPR_PE,D,20200702,000000,34.4,35,34.4,34.4,0,0
SPR_PE,D,20200703,000000,34.4,35.1,34.4,34.6,0,0
SPR_PE,D,20200706,000000,35,35,33.5,33.5,0,0
SPR_PE,D,20200707,000000,32.6,33.5,32.6,33.5,0,0
SPR_PE,D,20200708,000000,33.5,33.9,33.5,33.9,0,0
SPR_PE,D,20200709,000000,33.9,33.9,33.9,33.9,0,0
SPR_PE,D,20200710,000000,33.5,34.4,33.5,34.4,0,0
SPR_PE,D,20200713,000000,34.9,34.9,32.5,32.5,0,0
SPR_PE,D,20200714,000000,32.5,32.5,31.4,31.4,0,0
SPR_PE,D,20200715,000000,33.5,34.4,32.1,32.1,0,0
SPR_PE,D,20200716,000000,33.2,33.2,31,31.4,0,0
SPR_PE,D,20200717,000000,31,31.2,31,31.2,0,0
SPR_PE,D,20200720,000000,31.2,32.1,31.2,32.1,0,0
SPR_PE,D,20200721,000000,32.3,32.6,32.3,32.6,0,0
SPR_PE,D,20200722,000000,31.7,31.7,27,30,0,0
SPR_PE,D,20200723,000000,30.2,30.4,29.5,29.5,0,0
SPR_PE,D,20200724,000000,29.5,30,29.3,29.3,0,0
SPR_PE,D,20200727,000000,29.1,29.1,27.7,27.7,0,0
SPR_PE,D,20200728,000000,27.5,27.5,26.8,26.8,0,0
SPR_PE,D,20200729,000000,26.4,27.3,26.4,27.3,0,0
SPR_PE,D,20200730,000000,28.2,28.2,26.4,26.5,0,0
SPR_PE,D,20200731,000000,27.2,28.8,27.2,28.8,0,0
SPR_PE,D,20200803,000000,28.2,28.2,26.5,26.5,0,0
SPR_PE,D,20200804,000000,26.3,26.7,26.3,26.6,0,0
SPR_PE,D,20200805,000000,26.8,27,26.2,26.3,0,0
SPR_PE,D,20200806,000000,26.8,27,26.8,27,0,0
SPR_PE,D,20200807,000000,27.2,27.4,27.2,27.3,0,0
SPR_PE,D,20200810,000000,27.8,31,27.8,28.2,0,0
SPR_PE,D,20200811,000000,28.7,28.7,27,27,0,0
SPR_PE,D,20200813,000000,27,27,26.6,26.6,0,0
SPR_PE,D,20200814,000000,27.7,30.7,19.5,19.5,0,0
SPR_PE,D,20200817,000000,19.5,19.5,19.5,19.5,0,0
SPR_PE,D,20200818,000000,19.5,19.5,19.4,19.5,0,0
SPR_PE,D,20200819,000000,19.5,22.6,19.5,20.9,0,0
SPR_PE,D,20200820,000000,21,21,20.1,20.2,0,0
SPR_PE,D,20200824,000000,20.6,20.6,20.3,20.3,0,0
SPR_PE,D,20200828,000000,20.2,20.7,20.2,20.2,0,0
SPR_PE,D,20200831,000000,20.3,20.3,20,20,0,0
SPR_PE,D,20200901,000000,19.9,19.9,19.9,19.9,0,0
SPR_PE,D,20200903,000000,19.8,19.8,18.7,18.8,0,0
SPR_PE,D,20200904,000000,19.6,19.6,19.5,19.5,0,0
SPR_PE,D,20200907,000000,20.6,21.4,18.5,18.5,0,0
SPR_PE,D,20200908,000000,18.9,18.9,15,15,0,0
SPR_PE,D,20200909,000000,15.1,17.5,15.1,17.5,0,0
SPR_PE,D,20200910,000000,18.1,21.4,18.1,20.2,0,0
SPR_PE,D,20200914,000000,20.1,20.1,20,20,0,0
SPR_PE,D,20200915,000000,20.1,20.1,19.7,19.8,0,0
SPR_PE,D,20200916,000000,19.8,19.8,19.8,19.8,0,0
SPR_PE,D,20200917,000000,19.8,19.8,19.8,19.8,0,0
SPR_PE,D,20200918,000000,19.8,19.8,19.5,19.5,0,0
SPR_PE,D,20200921,000000,19.4,19.4,17.6,17.6,0,0
SPR_PE,D,20200922,000000,17.6,17.6,17.6,17.6,0,0
SPR_PE,D,20200923,000000,17.3,17.3,17,17,0,0
SPR_PE,D,20200924,000000,17,17,17,17,0,0
SPR_PE,D,20200925,000000,16.7,16.7,16.2,16.3,0,0
SPR_PE,D,20200928,000000,16.3,18.3,16.3,17.9,0,0
SPR_PE,D,20200929,000000,18.2,18.2,18.1,18.1,0,0
SPR_PE,D,20200930,000000,18.1,18.1,17.2,17.3,0,0
SPR_PE,D,20201005,000000,17.3,17.8,17.3,17.8,0,0
SPR_PE,D,20201006,000000,17.9,18.3,17.6,17.6,0,0
SPR_PE,D,20201007,000000,17.3,17.5,17.2,17.5,0,0
SPR_PE,D,20201008,000000,17.5,17.5,17.4,17.4,0,0
SPR_PE,D,20201009,000000,17.7,18.7,17.7,18.7,0,0
SPR_PE,D,20201012,000000,18.7,18.7,18.7,18.7,0,0
SPR_PE,D,20201013,000000,18.4,18.4,18.4,18.4,0,0
SPR_PE,D,20201014,000000,18.7,18.7,18,18,0,0
SPR_PE,D,20201015,000000,18,18,17.7,17.8,0,0
SPR_PE,D,20201016,000000,17.8,18.9,17.8,18.9,0,0
SPR_PE,D,20201019,000000,18.9,19,18.9,19,0,0
SPR_PE,D,20201020,000000,19.1,19.3,19.1,19.3,0,0
SPR_PE,D,20201021,000000,19.6,19.8,19.6,19.8,0,0
SPR_PE,D,20201022,000000,19.9,20.7,19.9,20.7,0,0
SPR_PE,D,20201023,000000,20.7,22.2,20.7,21.4,0,0
SPR_PE,D,20201026,000000,20.6,20.8,20.6,20.8,0,0
SPR_PE,D,20201027,000000,20.5,20.5,20.4,20.5,0,0
SPR_PE,D,20201028,000000,20.5,20.5,19.5,19.5,0,0
SPR_PE,D,20201029,000000,19.5,19.9,19.5,19.9,0,0
SPR_PE,D,20201030,000000,19.9,19.9,19.5,19.5,0,0
SPR_PE,D,20201102,000000,20.1,20.2,20.1,20.2,0,0
SPR_PE,D,20201103,000000,20.3,20.3,20.3,20.3,0,0
SPR_PE,D,20201104,000000,20.3,20.6,20.3,20.5,0,0
SPR_PE,D,20201105,000000,20.5,21.7,20.5,21.7,0,0
SPR_PE,D,20201106,000000,21.2,21.2,21.2,21.2,0,0
SPR_PE,D,20201109,000000,21.2,22.8,21.2,22.7,0,0
SPR_PE,D,20201110,000000,22.4,22.4,21.4,21.8,0,0
SPR_PE,D,20201112,000000,22.3,22.8,21.9,22.8,0,0
SPR_PE,D,20201113,000000,23.2,25.4,23.2,25.2,0,0
SPR_PE,D,20201116,000000,25.2,25.2,23.9,24.4,0,0
SPR_PE,D,20201117,000000,24.1,24.1,23.2,23.2,0,0
SPR_PE,D,20201118,000000,22.8,22.8,22.8,22.8,0,0
SPR_PE,D,20201119,000000,22.4,22.4,20.1,20.1,0,0
SPR_PE,D,20201123,000000,20.4,20.4,20.4,20.4,0,0
SPR_PE,D,20201124,000000,20.3,20.3,19.5,20,0,0
SPR_PE,D,20201125,000000,20.3,22.7,20.3,22.7,0,0
SPR_PE,D,20201126,000000,22.3,22.7,22.1,22.1,0,0
SPR_PE,D,20201127,000000,22.1,22.2,22.1,22.2,0,0
SPR_PE,D,20201130,000000,22.2,22.5,22.1,22.5,0,0
SPR_PE,D,20201201,000000,22.1,22.1,21.9,22.1,0,0
SPR_PE,D,20201202,000000,22.1,22.1,22.1,22.1,0,0
SPR_PE,D,20201204,000000,17.4,17.4,17.4,17.4,0,0
SPR_PE,D,20201207,000000,17.6,17.6,16.5,16.9,0,0
SPR_PE,D,20201209,000000,16.9,16.9,16.3,16.3,0,0
SPR_PE,D,20201210,000000,16.1,16.2,16,16.2,0,0
SPR_PE,D,20201211,000000,16.7,16.8,16.7,16.8,0,0
SPR_PE,D,20201214,000000,16.8,16.8,16.2,16.2,0,0
SPR_PE,D,20201215,000000,16.1,16.1,16.1,16.1,0,0
SPR_PE,D,20201216,000000,16.2,16.7,16.2,16.7,0,0
SPR_PE,D,20201217,000000,16.5,16.5,16.5,16.5,0,0
SPR_PE,D,20201218,000000,16.5,16.7,16.5,16.5,0,0
SPR_PE,D,20201223,000000,16.5,16.5,16.5,16.5,0,0
SPR_PE,D,20201228,000000,16.2,16.2,16.2,16.2,0,0
SPR_PE,D,20201229,000000,16.2,16.2,16.2,16.2,0,0
SPR_PE,D,20201230,000000,16.6,17,16.6,17,0,0
SPR_PE,D,20210104,000000,17,17.3,17,17.3,0,0
SPR_PE,D,20210105,000000,17.3,18.3,17.3,17.8,0,0
SPR_PE,D,20210107,000000,18.1,18.3,18.1,18.3,0,0
SPR_PE,D,20210108,000000,18.3,18.7,18.3,18.7,0,0
SPR_PE,D,20210111,000000,18.7,18.8,18.7,18.8,0,0
SPR_PE,D,20210112,000000,18.8,18.9,18.8,18.9,0,0
SPR_PE,D,20210113,000000,19,19,18.8,18.8,0,0
SPR_PE,D,20210114,000000,18.8,18.8,18.8,18.8,0,0
SPR_PE,D,20210115,000000,19.2,19.2,19,19,0,0
SPR_PE,D,20210118,000000,18.8,18.8,17.3,18.3,0,0
SPR_PE,D,20210119,000000,18.6,19.2,18.3,19.2,0,0
SPR_PE,D,20210120,000000,18.8,18.8,18.8,18.8,0,0
SPR_PE,D,20210121,000000,19.8,19.8,18.8,18.8,0,0
SPR_PE,D,20210125,000000,19.8,19.8,19.5,19.5,0,0
SPR_PE,D,20210126,000000,19.3,19.3,19.3,19.3,0,0
SPR_PE,D,20210127,000000,19.1,19.1,19.1,19.1,0,0
SPR_PE,D,20210128,000000,19.1,19.1,19.1,19.1,0,0
SPR_PE,D,20210129,000000,19.1,19.1,19.1,19.1,0,0
SPR_PE,D,20210201,000000,18.9,18.9,18.7,18.7,0,0
SPR_PE,D,20210202,000000,18.4,18.5,18.4,18.5,0,0
SPR_PE,D,20210203,000000,18.5,18.5,17.8,17.8,0,0
SPR_PE,D,20210204,000000,17.8,18,17.8,18,0,0
SPR_PE,D,20210205,000000,18.3,18.3,18,18,0,0
SPR_PE,D,20210208,000000,18,18,18,18,0,0
SPR_PE,D,20210209,000000,18,18,18,18,0,0
SPR_PE,D,20210210,000000,18,18.3,18,18.3,0,0
SPR_PE,D,20210211,000000,18.3,18.5,18.2,18.3,0,0
SPR_PE,D,20210212,000000,18.3,19.4,18.3,19.3,0,0
SPR_PE,D,20210215,000000,18.9,20.8,15.4,15.4,0,0
SPR_PE,D,20210216,000000,15,15.4,14.9,15.4,0,0
SPR_PE,D,20210217,000000,14.8,15,14.4,14.4,0,0
SPR_PE,D,20210218,000000,14.6,15.4,14.6,15.2,0,0
SPR_PE,D,20210219,000000,15.2,15.6,15.2,15.6,0,0
SPR_PE,D,20210222,000000,15.6,18.4,15.6,18.4,0,0
SPR_PE,D,20210223,000000,18.2,18.2,16.8,18,0,0
SPR_PE,D,20210224,000000,16.9,17.2,16.1,16.1,0,0
SPR_PE,D,20210225,000000,16.4,17.8,16.4,16.7,0,0
SPR_PE,D,20210226,000000,16.7,16.7,16.7,16.7,0,0
SPR_PE,D,20210301,000000,17.2,17.6,17.2,17.6,0,0
SPR_PE,D,20210302,000000,18.6,20.3,18.6,20.2,0,0
SPR_PE,D,20210303,000000,19.9,21.8,19.6,20.3,0,0
SPR_PE,D,20210304,000000,20.6,21.9,20.6,21.2,0,0
SPR_PE,D,20210305,000000,21.8,21.8,21.7,21.7,0,0
SPR_PE,D,20210308,000000,21.9,22.6,21.8,22.5,0,0
SPR_PE,D,20210309,000000,22.7,23.2,22.7,23.2,0,0
SPR_PE,D,20210310,000000,23,23,22.1,22.6,0,0
SPR_PE,D,20210311,000000,22.6,22.6,22.2,22.6,0,0
SPR_PE,D,20210312,000000,22.6,22.6,22.2,22.6,0,0
SPR_PE,D,20210315,000000,22.9,25.3,22.9,25.3,0,0
SPR_PE,D,20210316,000000,25.4,25.8,25.4,25.8,0,0
SPR_PE,D,20210317,000000,26.6,26.6,22.7,23.8,0,0
SPR_PE,D,20210318,000000,23.4,24.6,23.4,24.6,0,0
SPR_PE,D,20210319,000000,24.4,24.6,24.4,24.6,0,0
SPR_PE,D,20210322,000000,24.6,24.6,24.6,24.6,0,0
SPR_PE,D,20210323,000000,24.6,25,24.6,25,0,0
SPR_PE,D,20210324,000000,25.6,29.3,25.6,28,0,0
SPR_PE,D,20210325,000000,28.9,29.6,28.9,28.9,0,0
SPR_PE,D,20210326,000000,29.7,34.4,29.7,34.2,0,0
SPR_PE,D,20210329,000000,34.2,35,27.6,30.8,0,0
SPR_PE,D,20210330,000000,30.4,31.2,30.1,31.2,0,0
SPR_PE,D,20210331,000000,31.5,32.7,29.6,29.7,0,0
SPR_PE,D,20210401,000000,29.7,29.7,25.8,27.8,0,0
SPR_PE,D,20210406,000000,28.1,28.1,25,26.5,0,0
SPR_PE,D,20210407,000000,25.4,25.6,24.9,25,0,0
SPR_PE,D,20210408,000000,23.9,23.9,21.9,22.7,0,0
SPR_PE,D,20210409,000000,22.7,22.7,21.9,21.9,0,0
SPR_PE,D,20210412,000000,23.4,23.4,19.8,20.6,0,0
SPR_PE,D,20210413,000000,20.9,20.9,20.2,20.2,0,0
SPR_PE,D,20210414,000000,20.3,23.1,20.3,22.5,0,0
SPR_PE,D,20210415,000000,22.5,22.5,21.7,22.2,0,0
SPR_PE,D,20210416,000000,22.2,23,21.9,22.8,0,0
SPR_PE,D,20210419,000000,22.6,22.8,22.2,22.5,0,0
SPR_PE,D,20210420,000000,22.5,22.5,21.3,22,0,0
SPR_PE,D,20210421,000000,21.8,22.2,20.4,22.2,0,0
SPR_PE,D,20210422,000000,22.2,22.2,21.4,21.7,0,0
SPR_PE,D,20210423,000000,21.9,21.9,21.5,21.6,0,0
SPR_PE,D,20210426,000000,21.9,22.1,21.4,21.9,0,0
SPR_PE,D,20210427,000000,22.1,22.1,21.1,21.7,0,0
SPR_PE,D,20210428,000000,21.7,22,21.4,22,0,0
SPR_PE,D,20210429,000000,22,22.6,21.8,22,0,0
SPR_PE,D,20210430,000000,22.3,23.3,22.3,23.3,0,0
SPR_PE,D,20210504,000000,23.3,23.5,22.4,23.3,0,0
SPR_PE,D,20210505,000000,23.1,23.1,22,22.6,0,0
SPR_PE,D,20210506,000000,22.6,22.6,21.8,21.9,0,0
SPR_PE,D,20210507,000000,22.4,22.7,21.9,22.3,0,0
SPR_PE,D,20210510,000000,22.5,22.5,22.1,22.2,0,0
SPR_PE,D,20210511,000000,22,22.4,21.3,22.3,0,0
SPR_PE,D,20210512,000000,22.3,22.3,22.1,22.2,0,0
SPR_PE,D,20210513,000000,22.2,22.2,21.3,21.6,0,0
SPR_PE,D,20210514,000000,21.8,21.8,19.1,19.1,0,0
SPR_PE,D,20210517,000000,18.8,19.2,17.7,19.2,0,0
SPR_PE,D,20210518,000000,19.1,19.1,18.6,18.7,0,0
SPR_PE,D,20210519,000000,18.6,18.6,17.5,18,0,0
SPR_PE,D,20210520,000000,17.9,18.1,16.8,18.1,0,0
SPR_PE,D,20210521,000000,18,18.2,16.5,16.8,0,0
SPR_PE,D,20210524,000000,16.8,17.1,16.7,17.1,0,0
SPR_PE,D,20210525,000000,17.2,17.2,16.7,16.8,0,0
SPR_PE,D,20210526,000000,16.9,16.9,16.7,16.7,0,0
SPR_PE,D,20210527,000000,16.8,18.3,16.8,17.7,0,0
SPR_PE,D,20210528,000000,17.7,18.4,17.3,17.3,0,0
SPR_PE,D,20210531,000000,17.2,17.2,16.4,16.6,0,0
SPR_PE,D,20210601,000000,16.7,17.5,16.2,17.4,0,0
SPR_PE,D,20210602,000000,17.3,17.8,17.1,17.8,0,0
SPR_PE,D,20210604,000000,17.8,17.8,17.2,17.6,0,0
SPR_PE,D,20210607,000000,17.5,18.2,16.9,17.4,0,0
SPR_PE,D,20210608,000000,17.4,17.8,17.3,17.7,0,0
SPR_PE,D,20210609,000000,17.8,17.8,17.3,17.8,0,0
SPR_PE,D,20210610,000000,17.8,17.8,17.4,17.4,0,0
SPR_PE,D,20210611,000000,17.4,17.6,17,17.6,0,0
SPR_PE,D,20210614,000000,17.5,17.7,17.2,17.7,0,0
SPR_PE,D,20210615,000000,17.7,17.7,17.1,17.3,0,0
SPR_PE,D,20210616,000000,17.4,17.6,17,17.6,0,0
SPR_PE,D,20210617,000000,17.2,17.6,17,17,0,0
SPR_PE,D,20210618,000000,16.9,17.6,16.9,17.6,0,0
SPR_PE,D,20210621,000000,17.6,17.6,17.6,17.6,0,0
SPR_PE,D,20210622,000000,17.5,17.5,16.6,17.4,0,0
SPR_PE,D,20210623,000000,16.7,17.1,16.5,17.1,0,0
SPR_PE,D,20210624,000000,17.1,17.1,17,17,0,0
SPR_PE,D,20210625,000000,16.7,16.7,16.7,16.7,0,0
SPR_PE,D,20210628,000000,16.8,16.8,16.7,16.7,0,0
SPR_PE,D,20210629,000000,16.7,16.7,16.7,16.7,0,0
SPR_PE,D,20210630,000000,16.7,17,16.4,16.7,0,0
SPR_PE,D,20210701,000000,16.8,16.8,15.4,16.4,0,0
SPR_PE,D,20210702,000000,16.4,16.4,16.3,16.4,0,0
SPR_PE,D,20210705,000000,15.8,16.4,15.8,16.3,0,0
SPR_PE,D,20210706,000000,16.3,17,16.3,17,0,0
SPR_PE,D,20210707,000000,16.4,17.1,16.3,16.8,0,0
SPR_PE,D,20210708,000000,16.8,16.8,16.2,16.8,0,0
SPR_PE,D,20210709,000000,16.8,17.4,16.8,17.4,0,0
SPR_PE,D,20210712,000000,17.4,17.4,17.3,17.3,0,0
SPR_PE,D,20210713,000000,17.3,17.7,17.3,17.7,0,0
SPR_PE,D,20210714,000000,17.7,17.8,17.1,17.7,0,0
SPR_PE,D,20210715,000000,18.3,18.3,17.4,18,0,0
SPR_PE,D,20210716,000000,17.6,17.7,17.1,17.6,0,0
SPR_PE,D,20210719,000000,17.5,17.6,17,17,0,0
SPR_PE,D,20210720,000000,17,17,16.3,16.8,0,0
SPR_PE,D,20210721,000000,16.8,16.8,16.8,16.8,0,0
SPR_PE,D,20210722,000000,16.5,16.8,15.8,16.6,0,0
SPR_PE,D,20210723,000000,16.6,16.6,16.3,16.6,0,0
SPR_PE,D,20210726,000000,16.6,16.9,16,16.8,0,0
SPR_PE,D,20210727,000000,16.4,16.4,15.7,16.3,0,0
SPR_PE,D,20210728,000000,16.2,16.3,16.2,16.3,0,0
SPR_PE,D,20210729,000000,15.9,16.3,15.9,16.3,0,0
SPR_PE,D,20210730,000000,16,16.3,15.9,16.3,0,0
SPR_PE,D,20210802,000000,16.3,16.3,15.4,16,0,0
SPR_PE,D,20210803,000000,16,16,15,15.4,0,0
SPR_PE,D,20210804,000000,15.4,15.5,14.5,15.4,0,0
SPR_PE,D,20210805,000000,15.3,16.5,14.7,16.4,0,0
SPR_PE,D,20210806,000000,16.4,16.8,16.4,16.8,0,0
SPR_PE,D,20210809,000000,16.5,16.7,16.2,16.4,0,0
SPR_PE,D,20210810,000000,16.4,16.5,16.3,16.4,0,0
SPR_PE,D,20210811,000000,16.4,16.4,16.1,16.4,0,0
SPR_PE,D,20210812,000000,16.3,16.3,12.8,13.3,0,0
SPR_PE,D,20210813,000000,13.4,15.2,12.9,15.2,0,0
SPR_PE,D,20210816,000000,15.4,15.7,14.4,14.5,0,0
SPR_PE,D,20210817,000000,14.8,14.9,14.7,14.8,0,0
SPR_PE,D,20210818,000000,15.2,15.8,15,15.5,0,0
SPR_PE,D,20210819,000000,15.5,15.5,14.6,15.5,0,0
SPR_PE,D,20210820,000000,15.5,15.5,15.2,15.5,0,0
SPR_PE,D,20210823,000000,15.5,15.5,15.2,15.2,0,0
SPR_PE,D,20210824,000000,15.2,15.4,15.2,15.2,0,0
SPR_PE,D,20210825,000000,15.2,15.2,15.2,15.2,0,0
SPR_PE,D,20210826,000000,15.2,15.5,15.2,15.2,0,0
SPR_PE,D,20210827,000000,15.2,15.2,15.2,15.2,0,0
SPR_PE,D,20210830,000000,15.2,15.2,15.2,15.2,0,0
SPR_PE,D,20210831,000000,15.2,15.2,14.8,14.8,0,0
SPR_PE,D,20210901,000000,14.8,15,14.8,15,0,0
SPR_PE,D,20210902,000000,15.2,15.3,15,15.3,0,0
SPR_PE,D,20210903,000000,15.3,15.3,15,15.3,0,0
SPR_PE,D,20210906,000000,14.9,15.3,14.9,15.3,0,0
SPR_PE,D,20210907,000000,15,15.2,14.9,15.2,0,0
SPR_PE,D,20210908,000000,15.4,15.4,15.2,15.2,0,0
SPR_PE,D,20210909,000000,15.2,15.2,15.2,15.2,0,0
SPR_PE,D,20210910,000000,14.9,15,14.9,14.9,0,0
SPR_PE,D,20210913,000000,15,15.1,15,15,0,0
SPR_PE,D,20210914,000000,15,15,15,15,0,0
SPR_PE,D,20210915,000000,14.9,14.9,14.4,14.6,0,0
SPR_PE,D,20210916,000000,14.8,15.1,14.7,14.7,0,0
SPR_PE,D,20210917,000000,14.6,15,14.5,15,0,0
SPR_PE,D,20210920,000000,14.5,14.5,13.8,14.1,0,0
SPR_PE,D,20210921,000000,14.3,14.4,14.3,14.4,0,0
SPR_PE,D,20210922,000000,14.4,14.4,14.4,14.4,0,0
SPR_PE,D,20210923,000000,14.4,14.5,14.2,14.3,0,0
SPR_PE,D,20210924,000000,14.3,14.8,14.1,14.8,0,0
SPR_PE,D,20210927,000000,15,15,15,15,0,0
SPR_PE,D,20210928,000000,15,15,14.5,14.9,0,0
SPR_PE,D,20210929,000000,14.9,14.9,14.2,14.4,0,0
SPR_PE,D,20210930,000000,14.6,14.8,14,14.8,0,0
SPR_PE,D,20211001,000000,14.8,14.8,14.4,14.4,0,0
SPR_PE,D,20211004,000000,14.3,14.3,13.5,13.5,0,0
SPR_PE,D,20211005,000000,13.4,13.7,12.7,13.4,0,0
SPR_PE,D,20211006,000000,13.1,13.6,13,13.1,0,0
SPR_PE,D,20211007,000000,13.3,13.9,13.3,13.9,0,0
SPR_PE,D,20211008,000000,13.5,13.7,13.4,13.6,0,0
SPR_PE,D,20211011,000000,13.8,13.9,13.5,13.9,0,0
SPR_PE,D,20211012,000000,13.9,14.1,13.9,14.1,0,0
SPR_PE,D,20211013,000000,13.9,14,13.9,14,0,0
SPR_PE,D,20211014,000000,14,14,13.5,14,0,0
SPR_PE,D,20211015,000000,13.8,13.9,13.5,13.9,0,0
SPR_PE,D,20211018,000000,13.5,14,13.5,14,0,0
SPR_PE,D,20211019,000000,13.7,13.7,13.5,13.6,0,0
SPR_PE,D,20211020,000000,13.7,14.1,13.4,14,0,0
SPR_PE,D,20211021,000000,14,14,13.8,14,0,0
SPR_PE,D,20211022,000000,14,14.7,14,14.7,0,0
SPR_PE,D,20211025,000000,14.7,15.3,14.4,15.3,0,0
SPR_PE,D,20211026,000000,15.3,15.3,14.7,15.2,0,0
SPR_PE,D,20211027,000000,15.2,15.2,15.2,15.2,0,0
SPR_PE,D,20211028,000000,15.2,15.4,15.2,15.3,0,0
SPR_PE,D,20211029,000000,15.3,15.5,14.2,14.2,0,0
SPR_PE,D,20211102,000000,14.7,15.2,14.7,15.2,0,0
SPR_PE,D,20211103,000000,15.1,15.8,15.1,15.8,0,0
SPR_PE,D,20211104,000000,15.8,15.8,15.3,15.6,0,0
SPR_PE,D,20211105,000000,15.6,15.6,15.6,15.6,0,0
SPR_PE,D,20211108,000000,15.6,15.6,15.4,15.6,0,0
SPR_PE,D,20211109,000000,15.4,15.5,15.4,15.5,0,0
SPR_PE,D,20211110,000000,15.8,16.4,15.7,16.2,0,0
SPR_PE,D,20211112,000000,16.7,17.4,15.1,15.1,0,0
SPR_PE,D,20211115,000000,15.4,15.5,14.8,15.3,0,0
SPR_PE,D,20211116,000000,15.3,15.3,14.4,14.7,0,0
SPR_PE,D,20211117,000000,14.8,15.6,14.8,15.2,0,0
SPR_PE,D,20211118,000000,15.3,15.6,15.2,15.3,0,0
SPR_PE,D,20211119,000000,15.3,15.3,14.8,14.8,0,0
SPR_PE,D,20211122,000000,14.8,14.8,14.8,14.8,0,0
SPR_PE,D,20211123,000000,14.7,14.8,14.7,14.7,0,0
SPR_PE,D,20211124,000000,14.7,15.1,14.5,14.8,0,0
SPR_PE,D,20211125,000000,14.8,14.8,14.3,14.8,0,0
SPR_PE,D,20211126,000000,14.7,14.7,13.9,13.9,0,0
SPR_PE,D,20211129,000000,13.8,14.2,13.5,14,0,0
SPR_PE,D,20211130,000000,14,14.1,14,14.1,0,0
SPR_PE,D,20211201,000000,14,14,13.7,13.9,0,0
SPR_PE,D,20211202,000000,13.9,14.2,13.8,14.1,0,0
SPR_PE,D,20211203,000000,14.2,14.2,14.1,14.1,0,0
SPR_PE,D,20211206,000000,14.1,14.1,14.1,14.1,0,0
SPR_PE,D,20211207,000000,14.1,14.1,14.1,14.1,0,0
SPR_PE,D,20211208,000000,14.1,14.1,14.1,14.1,0,0
SPR_PE,D,20211209,000000,14,14,13.8,13.9,0,0
SPR_PE,D,20211210,000000,14.2,14.2,14.1,14.1,0,0
SPR_PE,D,20211213,000000,14.1,14.1,14,14.1,0,0
SPR_PE,D,20211214,000000,14,14,13.8,13.9,0,0
SPR_PE,D,20211215,000000,14,14,13.1,13.7,0,0
SPR_PE,D,20211216,000000,13.7,13.7,13.7,13.7,0,0
SPR_PE,D,20211217,000000,13.7,13.7,13.4,13.7,0,0
SPR_PE,D,20211220,000000,13.8,14.5,13.3,14.5,0,0
SPR_PE,D,20211221,000000,14.5,14.5,14,14.4,0,0
SPR_PE,D,20211222,000000,14.5,14.7,14.1,14.7,0,0
SPR_PE,D,20211223,000000,14.7,14.7,14.2,14.7,0,0
SPR_PE,D,20211227,000000,14.7,14.7,14.5,14.5,0,0
SPR_PE,D,20211228,000000,14.4,14.4,13.3,14,0,0
SPR_PE,D,20211230,000000,14.3,14.4,14,14.4,0,0
SPR_PE,D,20220103,000000,14.4,14.8,14.4,14.7,0,0
SPR_PE,D,20220104,000000,14.8,14.8,14.7,14.7,0,0
SPR_PE,D,20220105,000000,14.8,14.8,14.7,14.7,0,0
SPR_PE,D,20220107,000000,16,16,14.9,14.9,0,0
SPR_PE,D,20220110,000000,15.4,15.6,15.3,15.3,0,0
SPR_PE,D,20220111,000000,15.6,15.6,15.4,15.5,0,0
SPR_PE,D,20220112,000000,15.5,15.5,15.1,15.3,0,0
SPR_PE,D,20220113,000000,15,15,14.9,14.9,0,0
SPR_PE,D,20220114,000000,15.2,15.4,15.2,15.3,0,0
SPR_PE,D,20220117,000000,15.6,15.7,15.4,15.7,0,0
SPR_PE,D,20220118,000000,15.7,15.7,15.4,15.6,0,0
SPR_PE,D,20220119,000000,15.7,15.9,15.3,15.9,0,0
SPR_PE,D,20220120,000000,15.5,16.6,15.5,16.1,0,0
SPR_PE,D,20220121,000000,15.8,15.8,15.4,15.7,0,0
SPR_PE,D,20220124,000000,15.3,15.3,14.1,14.4,0,0
SPR_PE,D,20220125,000000,14.7,14.9,14.5,14.9,0,0
SPR_PE,D,20220126,000000,15,15.8,14.2,14.3,0,0
SPR_PE,D,20220127,000000,14.2,15.5,14.2,15.5,0,0
SPR_PE,D,20220128,000000,15.8,15.9,15.4,15.9,0,0
SPR_PE,D,20220131,000000,15.9,15.9,15.1,15.9,0,0
SPR_PE,D,20220201,000000,15.6,15.9,15.6,15.9,0,0
SPR_PE,D,20220202,000000,15.6,15.8,14.8,15.5,0,0
SPR_PE,D,20220204,000000,15.6,15.8,15.6,15.6,0,0
SPR_PE,D,20220207,000000,15.6,15.6,15.6,15.6,0,0
SPR_PE,D,20220208,000000,15.7,15.7,15.6,15.6,0,0
SPR_PE,D,20220209,000000,15.6,15.9,15.6,15.9,0,0
SPR_PE,D,20220211,000000,15.9,16.2,15.6,16.1,0,0
SPR_PE,D,20220214,000000,16.1,16.1,15.8,15.9,0,0
SPR_PE,D,20220215,000000,15.8,16,15.3,15.3,0,0
SPR_PE,D,20220216,000000,15.6,16,14.7,14.7,0,0
SPR_PE,D,20220217,000000,14.7,14.7,13.8,14.1,0,0
SPR_PE,D,20220218,000000,14.5,14.6,14.2,14.2,0,0
SPR_PE,D,20220221,000000,14.5,14.6,13.7,14.3,0,0
SPR_PE,D,20220222,000000,14.3,14.7,14.3,14.3,0,0
SPR_PE,D,20220223,000000,14.9,15.1,14.4,14.5,0,0
SPR_PE,D,20220224,000000,14.4,14.4,12.4,13.2,0,0
SPR_PE,D,20220225,000000,13.8,14,13.2,13.2,0,0
SPR_PE,D,20220228,000000,13.2,14.4,13.2,14.3,0,0
SPR_PE,D,20220302,000000,13.8,14,13.2,14,0,0
SPR_PE,D,20220303,000000,13.6,14,13.4,13.7,0,0
SPR_PE,D,20220304,000000,13.7,13.7,12.7,13.3,0,0
SPR_PE,D,20220307,000000,12.8,13.2,12.1,12.8,0,0
SPR_PE,D,20220308,000000,13.2,14,13.2,14,0,0
SPR_PE,D,20220309,000000,13.4,13.9,13.4,13.7,0,0
SPR_PE,D,20220310,000000,13.8,14.1,13.8,14.1,0,0
SPR_PE,D,20220311,000000,13.8,14.9,13.7,14.9,0,0
SPR_PE,D,20220314,000000,14.9,15.2,14.9,15,0,0
SPR_PE,D,20220315,000000,14.9,15.1,14.9,15.1,0,0
SPR_PE,D,20220316,000000,15.1,15.1,15,15.1,0,0
SPR_PE,D,20220317,000000,15.2,16.5,15.2,16.3,0,0
SPR_PE,D,20220318,000000,16.3,16.3,15.8,16,0,0
SPR_PE,D,20220321,000000,15.9,16,15.7,16,0,0
SPR_PE,D,20220322,000000,16.1,16.3,15.9,16.1,0,0
SPR_PE,D,20220323,000000,16.5,16.6,16,16.5,0,0
SPR_PE,D,20220324,000000,16.5,16.8,16.2,16.8,0,0
SPR_PE,D,20220325,000000,16.8,16.8,16.3,16.3,0,0
SPR_PE,D,20220328,000000,16.4,16.4,16,16.3,0,0
SPR_PE,D,20220329,000000,16.3,16.3,15.8,15.9,0,0
SPR_PE,D,20220330,000000,16,16,15.8,15.9,0,0
SPR_PE,D,20220331,000000,15.6,16,15.4,15.9,0,0
SPR_PE,D,20220401,000000,15.9,15.9,15.5,15.8,0,0
SPR_PE,D,20220404,000000,16.1,16.2,15.8,15.9,0,0
SPR_PE,D,20220405,000000,15.9,16,15.8,15.9,0,0
SPR_PE,D,20220406,000000,15.9,15.9,15.1,15.1,0,0
SPR_PE,D,20220407,000000,15.2,15.9,15.2,15.9,0,0
SPR_PE,D,20220408,000000,15.9,15.9,15.4,15.8,0,0
SPR_PE,D,20220411,000000,16.1,16.1,15.8,15.8,0,0
SPR_PE,D,20220412,000000,16.1,16.1,15.7,15.9,0,0
SPR_PE,D,20220413,000000,15.9,16,15.9,16,0,0
SPR_PE,D,20220414,000000,16.1,16.1,15.7,16,0,0
SPR_PE,D,20220419,000000,15.9,16,15.7,15.9,0,0
SPR_PE,D,20220420,000000,15.9,15.9,15.8,15.8,0,0
SPR_PE,D,20220421,000000,15.9,15.9,15.7,15.9,0,0
SPR_PE,D,20220422,000000,15.8,15.9,15.4,15.4,0,0
SPR_PE,D,20220425,000000,15.6,15.6,14.9,14.9,0,0
SPR_PE,D,20220426,000000,15.3,15.7,15.2,15.4,0,0
SPR_PE,D,20220427,000000,15.4,15.4,14.6,14.7,0,0
SPR_PE,D,20220428,000000,15,15.9,15,15.9,0,0
SPR_PE,D,20220429,000000,15.7,15.9,15.7,15.7,0,0
SPR_PE,D,20220502,000000,15.5,15.7,15,15,0,0
SPR_PE,D,20220504,000000,15,15.3,14.4,14.5,0,0
SPR_PE,D,20220505,000000,14.6,14.9,14.6,14.7,0,0
SPR_PE,D,20220506,000000,14.5,14.6,14.3,14.4,0,0
SPR_PE,D,20220509,000000,14.5,14.7,13.4,14.2,0,0
SPR_PE,D,20220510,000000,14.2,14.2,14.2,14.2,0,0
SPR_PE,D,20220511,000000,14.2,14.5,13.8,13.8,0,0
SPR_PE,D,20220512,000000,14.1,14.1,13.4,13.4,0,0
SPR_PE,D,20220513,000000,13.4,13.7,13,13.5,0,0
SPR_PE,D,20220516,000000,13.6,14.3,13.6,14.3,0,0
SPR_PE,D,20220517,000000,14.6,14.6,14.4,14.6,0,0
SPR_PE,D,20220518,000000,14.7,14.8,14.6,14.6,0,0
SPR_PE,D,20220519,000000,14.7,14.7,14.7,14.7,0,0
SPR_PE,D,20220520,000000,14.8,14.8,14.7,14.7,0,0
SPR_PE,D,20220523,000000,14.7,15.7,14.7,14.8,0,0
SPR_PE,D,20220524,000000,15,15.2,14.8,15.1,0,0
SPR_PE,D,20220525,000000,14.6,15,14.5,14.5,0,0
SPR_PE,D,20220526,000000,14.7,15,14.5,14.5,0,0
SPR_PE,D,20220527,000000,14.6,14.9,14.4,14.9,0,0
SPR_PE,D,20220530,000000,15,15.1,15,15.1,0,0
SPR_PE,D,20220531,000000,15.2,16.4,15.2,16,0,0
SPR_PE,D,20220601,000000,16.1,16.5,15.7,16.4,0,0
SPR_PE,D,20220602,000000,16.4,16.4,15.5,16,0,0
SPR_PE,D,20220603,000000,16.4,16.4,16,16,0,0
SPR_PE,D,20220606,000000,16.6,16.6,16.1,16.3,0,0
SPR_PE,D,20220607,000000,16.4,16.4,16.3,16.4,0,0
SPR_PE,D,20220608,000000,16.4,16.6,16.4,16.6,0,0
SPR_PE,D,20220609,000000,16.6,16.7,16.5,16.6,0,0
SPR_PE,D,20220610,000000,16.6,16.6,16.3,16.3,0,0
SPR_PE,D,20220613,000000,16.5,16.5,15.1,15.4,0,0
SPR_PE,D,20220614,000000,15.2,15.2,15.1,15.1,0,0
SPR_PE,D,20220615,000000,15.4,15.5,15,15,0,0
SPR_PE,D,20220617,000000,15.5,15.9,15.1,15.9,0,0
SPR_PE,D,20220620,000000,15.7,19.4,15.7,19.4,0,0
SPR_PE,D,20220621,000000,19.4,19.4,19,19.4,0,0
SPR_PE,D,20220622,000000,19.4,19.4,18.8,18.8,0,0
SPR_PE,D,20220623,000000,18.8,19.4,18.7,19.4,0,0
SPR_PE,D,20220624,000000,19.5,20.1,19.4,19.4,0,0
SPR_PE,D,20220627,000000,19.6,20.1,19.6,20.1,0,0
SPR_PE,D,20220628,000000,20.1,20.1,18.8,19.2,0,0
SPR_PE,D,20220629,000000,19.8,20.5,19.7,19.7,0,0
SPR_PE,D,20220630,000000,20.1,20.3,19.4,20.3,0,0
SPR_PE,D,20220701,000000,20.3,20.3,19.2,19.7,0,0
SPR_PE,D,20220704,000000,19.8,20.3,19.2,19.7,0,0
SPR_PE,D,20220705,000000,19.8,20.1,19.2,19.2,0,0
SPR_PE,D,20220706,000000,19.7,20,19.7,20,0,0
SPR_PE,D,20220707,000000,20.1,21.2,20.1,21,0,0
SPR_PE,D,20220708,000000,20.3,21.1,20.3,20.8,0,0
SPR_PE,D,20220711,000000,21.3,21.4,20.5,20.9,0,0
SPR_PE,D,20220712,000000,20.9,20.9,20.8,20.8,0,0
SPR_PE,D,20220713,000000,20.7,20.7,20.2,20.5,0,0
SPR_PE,D,20220714,000000,20.6,21,20.3,20.3,0,0
SPR_PE,D,20220715,000000,20.3,20.5,20.3,20.5,0,0
SPR_PE,D,20220718,000000,20.7,21.2,20.7,21,0,0
SPR_PE,D,20220719,000000,21.1,21.1,20.7,20.7,0,0
SPR_PE,D,20220720,000000,20.9,21.2,20.7,20.8,0,0
SPR_PE,D,20220721,000000,21.1,21.5,20.9,21.5,0,0
SPR_PE,D,20220722,000000,21.5,21.8,21.2,21.7,0,0
SPR_PE,D,20220725,000000,21.7,22.5,21.7,22.4,0,0
SPR_PE,D,20220726,000000,22.6,23,22.5,22.8,0,0
SPR_PE,D,20220727,000000,22.9,23.1,22.8,23.1,0,0
SPR_PE,D,20220728,000000,23.1,23.1,22.1,22.2,0,0
SPR_PE,D,20220729,000000,22.7,23.2,22.2,22.9,0,0
SPR_PE,D,20220801,000000,22.8,23.9,22.8,23.9,0,0
SPR_PE,D,20220802,000000,24,24.2,23.6,23.9,0,0
SPR_PE,D,20220803,000000,24,24.2,23.9,23.9,0,0
SPR_PE,D,20220804,000000,24.2,24.2,24.1,24.2,0,0
SPR_PE,D,20220805,000000,24.2,24.2,23.9,23.9,0,0
SPR_PE,D,20220808,000000,23.8,24.2,23.8,24.2,0,0
SPR_PE,D,20220809,000000,24.3,24.3,23.6,23.6,0,0
SPR_PE,D,20220810,000000,23.6,23.9,23.1,23.8,0,0
SPR_PE,D,20220811,000000,23.6,24.3,23.6,24.2,0,0
SPR_PE,D,20220812,000000,24.3,24.3,23.6,23.9,0,0
SPR_PE,D,20220816,000000,24,24,23,23.9,0,0
SPR_PE,D,20220817,000000,23.9,24.2,23.5,23.5,0,0
SPR_PE,D,20220818,000000,23.6,24.1,23.6,23.9,0,0
SPR_PE,D,20220819,000000,23.9,23.9,22.9,22.9,0,0
SPR_PE,D,20220822,000000,23.6,24.1,22.4,22.6,0,0
SPR_PE,D,20220823,000000,22.6,22.9,22.6,22.9,0,0
SPR_PE,D,20220824,000000,23.1,23.4,23.1,23.3,0,0
SPR_PE,D,20220825,000000,23.2,23.4,23.2,23.3,0,0
SPR_PE,D,20220826,000000,23.4,23.4,22.9,23.3,0,0
SPR_PE,D,20220829,000000,23.3,23.3,21.5,21.7,0,0
SPR_PE,D,20220830,000000,21.9,21.9,21.7,21.8,0,0
SPR_PE,D,20220831,000000,21.8,21.8,19.3,20.1,0,0
SPR_PE,D,20220901,000000,19.8,19.8,18.2,18.7,0,0
SPR_PE,D,20220902,000000,18.4,20,18.4,20,0,0
SPR_PE,D,20220905,000000,20,20,19.5,19.7,0,0
