<TICKER>,<PER>,<DATE>,<TIME>,<OPEN>,<HIGH>,<LOW>,<CLOSE>,<VOL>,<OPENINT>
2890.N,D,20160929,000000,100,100,100,100,0,0
2890.N,D,20160930,000000,100,100,100,100,0,0
2890.N,D,20161003,000000,100,100,100,100,0,0
2890.N,D,20161004,000000,100.01,100.01,100.01,100.01,0,0
2890.N,D,20161005,000000,100.01,100.01,100.01,100.01,0,0
2890.N,D,20161006,000000,100.01,100.01,100.01,100.01,0,0
2890.N,D,20161007,000000,100.02,100.02,100.02,100.02,0,0
2890.N,D,20161010,000000,100.02,100.02,100.02,100.02,0,0
2890.N,D,20161011,000000,100.03,100.03,100.03,100.03,0,0
2890.N,D,20161012,000000,100.03,100.03,100.03,100.03,0,0
2890.N,D,20161013,000000,100.03,100.03,100.03,100.03,0,0
2890.N,D,20161014,000000,100.04,100.04,100.04,100.04,0,0
2890.N,D,20161017,000000,100.05,100.05,100.05,100.05,0,0
2890.N,D,20161018,000000,100.05,100.05,100.05,100.05,0,0
2890.N,D,20161019,000000,100.05,100.05,100.05,100.05,0,0
2890.N,D,20161020,000000,100.06,100.06,100.06,100.06,0,0
2890.N,D,20161021,000000,100.06,100.06,100.06,100.06,0,0
2890.N,D,20161024,000000,100.07,100.07,100.07,100.07,0,0
2890.N,D,20161025,000000,100.07,100.07,100.07,100.07,0,0
2890.N,D,20161026,000000,100.08,100.08,100.08,100.08,0,0
2890.N,D,20161027,000000,100.08,100.08,100.08,100.08,0,0
2890.N,D,20161028,000000,100.08,100.08,100.08,100.08,0,0
2890.N,D,20161031,000000,100.09,100.09,100.09,100.09,0,0
2890.N,D,20161102,000000,100.1,100.1,100.1,100.1,0,0
2890.N,D,20161103,000000,100.1,100.1,100.1,100.1,0,0
2890.N,D,20161104,000000,100.11,100.11,100.11,100.11,0,0
2890.N,D,20161107,000000,100.12,100.12,100.12,100.12,0,0
2890.N,D,20161108,000000,100.12,100.12,100.12,100.12,0,0
2890.N,D,20161109,000000,100.36,100.36,100.36,100.36,0,0
2890.N,D,20161110,000000,100.12,100.12,100.12,100.12,0,0
2890.N,D,20161114,000000,100.13,100.13,100.13,100.13,0,0
2890.N,D,20161115,000000,100.04,100.04,100.04,100.04,0,0
2890.N,D,20161116,000000,100.06,100.06,100.06,100.06,0,0
2890.N,D,20161117,000000,100.02,100.02,100.02,100.02,0,0
2890.N,D,20161118,000000,100.01,100.01,100.01,100.01,0,0
2890.N,D,20161121,000000,100.02,100.02,100.02,100.02,0,0
2890.N,D,20161122,000000,100.02,100.02,100.02,100.02,0,0
2890.N,D,20161123,000000,99.77,99.77,99.77,99.77,0,0
2890.N,D,20161124,000000,99.81,99.81,99.81,99.81,0,0
2890.N,D,20161125,000000,99.85,99.85,99.85,99.85,0,0
2890.N,D,20161128,000000,99.78,99.78,99.78,99.78,0,0
2890.N,D,20161129,000000,99.9,99.9,99.9,99.9,0,0
2890.N,D,20161130,000000,99.9,99.9,99.9,99.9,0,0
2890.N,D,20161201,000000,99.93,99.93,99.93,99.93,0,0
2890.N,D,20161202,000000,99.94,99.94,99.94,99.94,0,0
2890.N,D,20161205,000000,99.96,99.96,99.96,99.96,0,0
2890.N,D,20161206,000000,99.97,99.97,99.97,99.97,0,0
2890.N,D,20161207,000000,99.98,99.98,99.98,99.98,0,0
2890.N,D,20161208,000000,99.98,99.98,99.98,99.98,0,0
2890.N,D,20161209,000000,99.99,99.99,99.99,99.99,0,0
2890.N,D,20161212,000000,100.01,100.01,100.01,100.01,0,0
2890.N,D,20161213,000000,100.11,100.11,100.11,100.11,0,0
2890.N,D,20161214,000000,100.15,100.15,100.15,100.15,0,0
2890.N,D,20161215,000000,100.11,100.11,100.11,100.11,0,0
2890.N,D,20161216,000000,100.12,100.12,100.12,100.12,0,0
2890.N,D,20161219,000000,100.15,100.15,100.15,100.15,0,0
2890.N,D,20161220,000000,100.14,100.14,100.14,100.14,0,0
2890.N,D,20161221,000000,100.16,100.16,100.16,100.16,0,0
2890.N,D,20161222,000000,100.17,100.17,100.17,100.17,0,0
2890.N,D,20161223,000000,100.18,100.18,100.18,100.18,0,0
2890.N,D,20161227,000000,100.21,100.21,100.21,100.21,0,0
2890.N,D,20161228,000000,100.2,100.2,100.2,100.2,0,0
2890.N,D,20161229,000000,100.2,100.2,100.2,100.2,0,0
2890.N,D,20161230,000000,100.3,100.3,100.3,100.3,0,0
2890.N,D,20170102,000000,100.22,100.22,100.22,100.22,0,0
2890.N,D,20170103,000000,100.21,100.21,100.21,100.21,0,0
2890.N,D,20170104,000000,100.19,100.19,100.19,100.19,0,0
2890.N,D,20170105,000000,100.28,100.28,100.28,100.28,0,0
2890.N,D,20170109,000000,100.29,100.29,100.29,100.29,0,0
2890.N,D,20170110,000000,100.48,100.48,100.48,100.48,0,0
2890.N,D,20170111,000000,100.65,100.65,100.65,100.65,0,0
2890.N,D,20170112,000000,100.67,100.67,100.67,100.67,0,0
2890.N,D,20170113,000000,100.65,100.65,100.65,100.65,0,0
2890.N,D,20170116,000000,100.7,100.7,100.7,100.7,0,0
2890.N,D,20170117,000000,100.7,100.7,100.7,100.7,0,0
2890.N,D,20170118,000000,100.74,100.74,100.74,100.74,0,0
2890.N,D,20170119,000000,100.78,100.78,100.78,100.78,0,0
2890.N,D,20170120,000000,100.82,100.82,100.82,100.82,0,0
2890.N,D,20170123,000000,100.86,100.86,100.86,100.86,0,0
2890.N,D,20170124,000000,100.9,100.9,100.9,100.9,0,0
2890.N,D,20170125,000000,100.92,100.92,100.92,100.92,0,0
2890.N,D,20170126,000000,100.9,100.9,100.9,100.9,0,0
2890.N,D,20170127,000000,100.86,100.86,100.86,100.86,0,0
2890.N,D,20170130,000000,100.89,100.89,100.89,100.89,0,0
2890.N,D,20170131,000000,100.87,100.87,100.87,100.87,0,0
2890.N,D,20170201,000000,100.9,100.9,100.9,100.9,0,0
2890.N,D,20170202,000000,100.94,100.94,100.94,100.94,0,0
2890.N,D,20170203,000000,100.9,100.9,100.9,100.9,0,0
2890.N,D,20170206,000000,100.95,100.95,100.95,100.95,0,0
2890.N,D,20170207,000000,100.94,100.94,100.94,100.94,0,0
2890.N,D,20170208,000000,100.95,100.95,100.95,100.95,0,0
2890.N,D,20170209,000000,100.96,100.96,100.96,100.96,0,0
2890.N,D,20170210,000000,100.99,100.99,100.99,100.99,0,0
2890.N,D,20170213,000000,100.88,100.88,100.88,100.88,0,0
2890.N,D,20170214,000000,100.88,100.88,100.88,100.88,0,0
2890.N,D,20170215,000000,100.86,100.86,100.86,100.86,0,0
2890.N,D,20170216,000000,101,101,101,101,0,0
2890.N,D,20170217,000000,101.03,101.03,101.03,101.03,0,0
2890.N,D,20170220,000000,101.05,101.05,101.05,101.05,0,0
2890.N,D,20170221,000000,100.94,100.94,100.94,100.94,0,0
2890.N,D,20170222,000000,101,101,101,101,0,0
2890.N,D,20170223,000000,100.96,100.96,100.96,100.96,0,0
2890.N,D,20170224,000000,100.96,100.96,100.96,100.96,0,0
2890.N,D,20170227,000000,100.96,100.96,100.96,100.96,0,0
2890.N,D,20170228,000000,100.92,100.92,100.92,100.92,0,0
2890.N,D,20170301,000000,101.04,101.04,101.04,101.04,0,0
2890.N,D,20170302,000000,101.05,101.05,101.05,101.05,0,0
2890.N,D,20170303,000000,101.07,101.07,101.07,101.07,0,0
2890.N,D,20170306,000000,101.06,101.06,101.06,101.06,0,0
2890.N,D,20170307,000000,101.02,101.02,101.02,101.02,0,0
2890.N,D,20170308,000000,101,101,101,101,0,0
2890.N,D,20170309,000000,100.98,100.98,100.98,100.98,0,0
2890.N,D,20170310,000000,100.99,100.99,100.99,100.99,0,0
2890.N,D,20170313,000000,101,101,101,101,0,0
2890.N,D,20170314,000000,101.03,101.03,101.03,101.03,0,0
2890.N,D,20170315,000000,101.05,101.05,101.05,101.05,0,0
2890.N,D,20170316,000000,100.91,100.91,100.91,100.91,0,0
2890.N,D,20170317,000000,100.92,100.92,100.92,100.92,0,0
2890.N,D,20170320,000000,100.99,100.99,100.99,100.99,0,0
2890.N,D,20170321,000000,101.03,101.03,101.03,101.03,0,0
2890.N,D,20170322,000000,101.04,101.04,101.04,101.04,0,0
2890.N,D,20170323,000000,101.06,101.06,101.06,101.06,0,0
2890.N,D,20170324,000000,101.06,101.06,101.06,101.06,0,0
2890.N,D,20170327,000000,101.11,101.11,101.11,101.11,0,0
2890.N,D,20170328,000000,101.1,101.1,101.1,101.1,0,0
2890.N,D,20170329,000000,101.1,101.1,101.1,101.1,0,0
2890.N,D,20170330,000000,101.12,101.12,101.12,101.12,0,0
2890.N,D,20170331,000000,101.12,101.12,101.12,101.12,0,0
2890.N,D,20170403,000000,101.14,101.14,101.14,101.14,0,0
2890.N,D,20170404,000000,101.14,101.14,101.14,101.14,0,0
2890.N,D,20170405,000000,101.14,101.14,101.14,101.14,0,0
2890.N,D,20170406,000000,101.15,101.15,101.15,101.15,0,0
2890.N,D,20170407,000000,101.15,101.15,101.15,101.15,0,0
2890.N,D,20170410,000000,101.16,101.16,101.16,101.16,0,0
2890.N,D,20170411,000000,101.16,101.16,101.16,101.16,0,0
2890.N,D,20170412,000000,101.17,101.17,101.17,101.17,0,0
2890.N,D,20170413,000000,101.19,101.19,101.19,101.19,0,0
2890.N,D,20170418,000000,101.2,101.2,101.2,101.2,0,0
2890.N,D,20170419,000000,101.21,101.21,101.21,101.21,0,0
2890.N,D,20170420,000000,101.2,101.2,101.2,101.2,0,0
2890.N,D,20170421,000000,101.21,101.21,101.21,101.21,0,0
2890.N,D,20170424,000000,101.24,101.24,101.24,101.24,0,0
2890.N,D,20170425,000000,101.25,101.25,101.25,101.25,0,0
2890.N,D,20170426,000000,101.25,101.25,101.25,101.25,0,0
2890.N,D,20170427,000000,101.25,101.25,101.25,101.25,0,0
2890.N,D,20170428,000000,101.26,101.26,101.26,101.26,0,0
2890.N,D,20170502,000000,101.29,101.29,101.29,101.29,0,0
2890.N,D,20170504,000000,101.28,101.28,101.28,101.28,0,0
2890.N,D,20170505,000000,101.28,101.28,101.28,101.28,0,0
2890.N,D,20170508,000000,101.29,101.29,101.29,101.29,0,0
2890.N,D,20170509,000000,101.29,101.29,101.29,101.29,0,0
2890.N,D,20170510,000000,101.3,101.3,101.3,101.3,0,0
2890.N,D,20170511,000000,101.31,101.31,101.31,101.31,0,0
2890.N,D,20170512,000000,101.33,101.33,101.33,101.33,0,0
2890.N,D,20170515,000000,101.36,101.36,101.36,101.36,0,0
2890.N,D,20170516,000000,101.46,101.46,101.46,101.46,0,0
2890.N,D,20170517,000000,101.51,101.51,101.51,101.51,0,0
2890.N,D,20170518,000000,101.49,101.49,101.49,101.49,0,0
2890.N,D,20170519,000000,101.48,101.48,101.48,101.48,0,0
2890.N,D,20170522,000000,101.47,101.47,101.47,101.47,0,0
2890.N,D,20170523,000000,101.48,101.48,101.48,101.48,0,0
2890.N,D,20170524,000000,101.49,101.49,101.49,101.49,0,0
2890.N,D,20170525,000000,101.5,101.5,101.5,101.5,0,0
2890.N,D,20170526,000000,101.52,101.52,101.52,101.52,0,0
2890.N,D,20170529,000000,101.52,101.52,101.52,101.52,0,0
2890.N,D,20170530,000000,101.5,101.5,101.5,101.5,0,0
2890.N,D,20170531,000000,101.52,101.52,101.52,101.52,0,0
2890.N,D,20170601,000000,101.51,101.51,101.51,101.51,0,0
2890.N,D,20170602,000000,101.52,101.52,101.52,101.52,0,0
2890.N,D,20170605,000000,101.52,101.52,101.52,101.52,0,0
2890.N,D,20170606,000000,101.52,101.52,101.52,101.52,0,0
2890.N,D,20170607,000000,101.54,101.54,101.54,101.54,0,0
2890.N,D,20170608,000000,101.54,101.54,101.54,101.54,0,0
2890.N,D,20170609,000000,101.56,101.56,101.56,101.56,0,0
2890.N,D,20170612,000000,101.57,101.57,101.57,101.57,0,0
2890.N,D,20170613,000000,101.57,101.57,101.57,101.57,0,0
2890.N,D,20170614,000000,101.6,101.6,101.6,101.6,0,0
2890.N,D,20170616,000000,101.58,101.58,101.58,101.58,0,0
2890.N,D,20170619,000000,101.56,101.56,101.56,101.56,0,0
2890.N,D,20170620,000000,101.56,101.56,101.56,101.56,0,0
2890.N,D,20170621,000000,101.56,101.56,101.56,101.56,0,0
2890.N,D,20170622,000000,101.56,101.56,101.56,101.56,0,0
2890.N,D,20170623,000000,101.56,101.56,101.56,101.56,0,0
2890.N,D,20170626,000000,101.59,101.59,101.59,101.59,0,0
2890.N,D,20170627,000000,101.59,101.59,101.59,101.59,0,0
2890.N,D,20170628,000000,101.56,101.56,101.56,101.56,0,0
2890.N,D,20170629,000000,101.53,101.53,101.53,101.53,0,0
2890.N,D,20170630,000000,101.58,101.58,101.58,101.58,0,0
2890.N,D,20170703,000000,101.63,101.63,101.63,101.63,0,0
2890.N,D,20170704,000000,101.63,101.63,101.63,101.63,0,0
2890.N,D,20170705,000000,101.63,101.63,101.63,101.63,0,0
2890.N,D,20170706,000000,101.62,101.62,101.62,101.62,0,0
2890.N,D,20170707,000000,101.62,101.62,101.62,101.62,0,0
2890.N,D,20170710,000000,101.65,101.65,101.65,101.65,0,0
2890.N,D,20170711,000000,101.64,101.64,101.64,101.64,0,0
2890.N,D,20170712,000000,101.66,101.66,101.66,101.66,0,0
2890.N,D,20170713,000000,101.69,101.69,101.69,101.69,0,0
2890.N,D,20170714,000000,101.71,101.71,101.71,101.71,0,0
2890.N,D,20170717,000000,101.69,101.69,101.69,101.69,0,0
2890.N,D,20170718,000000,101.71,101.71,101.71,101.71,0,0
2890.N,D,20170719,000000,101.68,101.68,101.68,101.68,0,0
2890.N,D,20170720,000000,101.67,101.67,101.67,101.67,0,0
2890.N,D,20170721,000000,101.63,101.63,101.63,101.63,0,0
2890.N,D,20170724,000000,101.68,101.68,101.68,101.68,0,0
2890.N,D,20170725,000000,101.69,101.69,101.69,101.69,0,0
2890.N,D,20170726,000000,101.69,101.69,101.69,101.69,0,0
2890.N,D,20170727,000000,101.7,101.7,101.7,101.7,0,0
2890.N,D,20170728,000000,101.69,101.69,101.69,101.69,0,0
2890.N,D,20170731,000000,101.69,101.69,101.69,101.69,0,0
2890.N,D,20170801,000000,101.74,101.74,101.74,101.74,0,0
2890.N,D,20170802,000000,101.73,101.73,101.73,101.73,0,0
2890.N,D,20170803,000000,101.74,101.74,101.74,101.74,0,0
2890.N,D,20170804,000000,101.74,101.74,101.74,101.74,0,0
2890.N,D,20170807,000000,101.74,101.74,101.74,101.74,0,0
2890.N,D,20170808,000000,101.73,101.73,101.73,101.73,0,0
2890.N,D,20170809,000000,101.73,101.73,101.73,101.73,0,0
2890.N,D,20170810,000000,101.69,101.69,101.69,101.69,0,0
2890.N,D,20170811,000000,101.65,101.65,101.65,101.65,0,0
2890.N,D,20170814,000000,101.67,101.67,101.67,101.67,0,0
2890.N,D,20170816,000000,101.69,101.69,101.69,101.69,0,0
2890.N,D,20170817,000000,101.73,101.73,101.73,101.73,0,0
2890.N,D,20170818,000000,101.76,101.76,101.76,101.76,0,0
2890.N,D,20170821,000000,101.77,101.77,101.77,101.77,0,0
2890.N,D,20170822,000000,101.77,101.77,101.77,101.77,0,0
2890.N,D,20170823,000000,101.77,101.77,101.77,101.77,0,0
2890.N,D,20170824,000000,101.78,101.78,101.78,101.78,0,0
2890.N,D,20170825,000000,101.78,101.78,101.78,101.78,0,0
2890.N,D,20170828,000000,101.79,101.79,101.79,101.79,0,0
2890.N,D,20170829,000000,101.79,101.79,101.79,101.79,0,0
2890.N,D,20170830,000000,101.8,101.8,101.8,101.8,0,0
2890.N,D,20170831,000000,101.79,101.79,101.79,101.79,0,0
2890.N,D,20170901,000000,101.86,101.86,101.86,101.86,0,0
2890.N,D,20170904,000000,101.87,101.87,101.87,101.87,0,0
2890.N,D,20170905,000000,101.91,101.91,101.91,101.91,0,0
2890.N,D,20170906,000000,101.94,101.94,101.94,101.94,0,0
2890.N,D,20170907,000000,101.97,101.97,101.97,101.97,0,0
2890.N,D,20170908,000000,101.98,101.98,101.98,101.98,0,0
2890.N,D,20170911,000000,101.98,101.98,101.98,101.98,0,0
2890.N,D,20170912,000000,101.95,101.95,101.95,101.95,0,0
2890.N,D,20170913,000000,101.95,101.95,101.95,101.95,0,0
2890.N,D,20170914,000000,101.94,101.94,101.94,101.94,0,0
2890.N,D,20170915,000000,101.93,101.93,101.93,101.93,0,0
2890.N,D,20170918,000000,101.95,101.95,101.95,101.95,0,0
2890.N,D,20170919,000000,101.94,101.94,101.94,101.94,0,0
2890.N,D,20170920,000000,101.95,101.95,101.95,101.95,0,0
2890.N,D,20170921,000000,101.97,101.97,101.97,101.97,0,0
2890.N,D,20170922,000000,101.97,101.97,101.97,101.97,0,0
2890.N,D,20170925,000000,102.01,102.01,102.01,102.01,0,0
2890.N,D,20170926,000000,102.03,102.03,102.03,102.03,0,0
2890.N,D,20170927,000000,102.03,102.03,102.03,102.03,0,0
2890.N,D,20170928,000000,102.02,102.02,102.02,102.02,0,0
2890.N,D,20170929,000000,102.06,102.06,102.06,102.06,0,0
2890.N,D,20171002,000000,102.04,102.04,102.04,102.04,0,0
2890.N,D,20171003,000000,102.04,102.04,102.04,102.04,0,0
2890.N,D,20171004,000000,102.05,102.05,102.05,102.05,0,0
2890.N,D,20171005,000000,102.05,102.05,102.05,102.05,0,0
2890.N,D,20171006,000000,102.03,102.03,102.03,102.03,0,0
2890.N,D,20171009,000000,102.06,102.06,102.06,102.06,0,0
2890.N,D,20171010,000000,102.07,102.07,102.07,102.07,0,0
2890.N,D,20171011,000000,102.08,102.08,102.08,102.08,0,0
2890.N,D,20171012,000000,102.1,102.1,102.1,102.1,0,0
2890.N,D,20171013,000000,102.13,102.13,102.13,102.13,0,0
2890.N,D,20171016,000000,102.16,102.16,102.16,102.16,0,0
2890.N,D,20171017,000000,102.16,102.16,102.16,102.16,0,0
2890.N,D,20171018,000000,102.16,102.16,102.16,102.16,0,0
2890.N,D,20171019,000000,102.19,102.19,102.19,102.19,0,0
2890.N,D,20171020,000000,102.24,102.24,102.24,102.24,0,0
2890.N,D,20171023,000000,102.26,102.26,102.26,102.26,0,0
2890.N,D,20171024,000000,102.29,102.29,102.29,102.29,0,0
2890.N,D,20171025,000000,102.34,102.34,102.34,102.34,0,0
2890.N,D,20171026,000000,102.36,102.36,102.36,102.36,0,0
2890.N,D,20171027,000000,102.38,102.38,102.38,102.38,0,0
2890.N,D,20171030,000000,102.46,102.46,102.46,102.46,0,0
2890.N,D,20171031,000000,102.46,102.46,102.46,102.46,0,0
2890.N,D,20171102,000000,102.51,102.51,102.51,102.51,0,0
2890.N,D,20171103,000000,102.49,102.49,102.49,102.49,0,0
2890.N,D,20171106,000000,102.52,102.52,102.52,102.52,0,0
2890.N,D,20171107,000000,102.5,102.5,102.5,102.5,0,0
2890.N,D,20171108,000000,102.56,102.56,102.56,102.56,0,0
2890.N,D,20171109,000000,102.59,102.59,102.59,102.59,0,0
2890.N,D,20171110,000000,102.62,102.62,102.62,102.62,0,0
2890.N,D,20171113,000000,102.67,102.67,102.67,102.67,0,0
2890.N,D,20171114,000000,102.67,102.67,102.67,102.67,0,0
2890.N,D,20171115,000000,102.71,102.71,102.71,102.71,0,0
2890.N,D,20171116,000000,102.73,102.73,102.73,102.73,0,0
2890.N,D,20171117,000000,102.72,102.72,102.72,102.72,0,0
2890.N,D,20171120,000000,102.71,102.71,102.71,102.71,0,0
2890.N,D,20171121,000000,102.73,102.73,102.73,102.73,0,0
2890.N,D,20171122,000000,102.77,102.77,102.77,102.77,0,0
2890.N,D,20171123,000000,102.81,102.81,102.81,102.81,0,0
2890.N,D,20171124,000000,102.83,102.83,102.83,102.83,0,0
2890.N,D,20171127,000000,102.82,102.82,102.82,102.82,0,0
2890.N,D,20171128,000000,102.82,102.82,102.82,102.82,0,0
2890.N,D,20171129,000000,102.84,102.84,102.84,102.84,0,0
2890.N,D,20171130,000000,102.86,102.86,102.86,102.86,0,0
2890.N,D,20171201,000000,102.88,102.88,102.88,102.88,0,0
2890.N,D,20171204,000000,102.9,102.9,102.9,102.9,0,0
2890.N,D,20171205,000000,102.91,102.91,102.91,102.91,0,0
2890.N,D,20171206,000000,102.92,102.92,102.92,102.92,0,0
2890.N,D,20171207,000000,102.92,102.92,102.92,102.92,0,0
2890.N,D,20171208,000000,102.92,102.92,102.92,102.92,0,0
2890.N,D,20171211,000000,102.95,102.95,102.95,102.95,0,0
2890.N,D,20171212,000000,102.96,102.96,102.96,102.96,0,0
2890.N,D,20171213,000000,102.97,102.97,102.97,102.97,0,0
2890.N,D,20171214,000000,102.98,102.98,102.98,102.98,0,0
2890.N,D,20171215,000000,103,103,103,103,0,0
2890.N,D,20171218,000000,103.01,103.01,103.01,103.01,0,0
2890.N,D,20171219,000000,102.97,102.97,102.97,102.97,0,0
2890.N,D,20171220,000000,102.98,102.98,102.98,102.98,0,0
2890.N,D,20171221,000000,103,103,103,103,0,0
2890.N,D,20171222,000000,103.01,103.01,103.01,103.01,0,0
2890.N,D,20171227,000000,103.04,103.04,103.04,103.04,0,0
2890.N,D,20171228,000000,103.04,103.04,103.04,103.04,0,0
2890.N,D,20171229,000000,103.06,103.06,103.06,103.06,0,0
2890.N,D,20180103,000000,103.08,103.08,103.08,103.08,0,0
2890.N,D,20180104,000000,103.13,103.13,103.13,103.13,0,0
2890.N,D,20180105,000000,103.16,103.16,103.16,103.16,0,0
2890.N,D,20180108,000000,103.17,103.17,103.17,103.17,0,0
2890.N,D,20180109,000000,103.16,103.16,103.16,103.16,0,0
2890.N,D,20180110,000000,103.18,103.18,103.18,103.18,0,0
2890.N,D,20180111,000000,103.14,103.14,103.14,103.14,0,0
2890.N,D,20180112,000000,103.15,103.15,103.15,103.15,0,0
2890.N,D,20180115,000000,103.2,103.2,103.2,103.2,0,0
2890.N,D,20180116,000000,103.2,103.2,103.2,103.2,0,0
2890.N,D,20180117,000000,103.22,103.22,103.22,103.22,0,0
2890.N,D,20180118,000000,103.22,103.22,103.22,103.22,0,0
2890.N,D,20180119,000000,103.22,103.22,103.22,103.22,0,0
2890.N,D,20180122,000000,103.25,103.25,103.25,103.25,0,0
2890.N,D,20180123,000000,103.29,103.29,103.29,103.29,0,0
2890.N,D,20180124,000000,103.3,103.3,103.3,103.3,0,0
2890.N,D,20180125,000000,103.33,103.33,103.33,103.33,0,0
2890.N,D,20180126,000000,103.35,103.35,103.35,103.35,0,0
2890.N,D,20180129,000000,103.35,103.35,103.35,103.35,0,0
2890.N,D,20180130,000000,103.35,103.35,103.35,103.35,0,0
2890.N,D,20180131,000000,103.37,103.37,103.37,103.37,0,0
2890.N,D,20180201,000000,103.37,103.37,103.37,103.37,0,0
2890.N,D,20180202,000000,103.39,103.39,103.39,103.39,0,0
2890.N,D,20180205,000000,103.41,103.41,103.41,103.41,0,0
2890.N,D,20180206,000000,103.41,103.41,103.41,103.41,0,0
2890.N,D,20180207,000000,103.41,103.41,103.41,103.41,0,0
2890.N,D,20180208,000000,103.42,103.42,103.42,103.42,0,0
2890.N,D,20180209,000000,103.42,103.42,103.42,103.42,0,0
2890.N,D,20180212,000000,103.44,103.44,103.44,103.44,0,0
2890.N,D,20180213,000000,103.47,103.47,103.47,103.47,0,0
2890.N,D,20180214,000000,103.49,103.49,103.49,103.49,0,0
2890.N,D,20180215,000000,103.5,103.5,103.5,103.5,0,0
2890.N,D,20180216,000000,103.54,103.54,103.54,103.54,0,0
2890.N,D,20180219,000000,103.55,103.55,103.55,103.55,0,0
2890.N,D,20180220,000000,103.59,103.59,103.59,103.59,0,0
2890.N,D,20180221,000000,103.59,103.59,103.59,103.59,0,0
2890.N,D,20180222,000000,103.62,103.62,103.62,103.62,0,0
2890.N,D,20180223,000000,103.64,103.64,103.64,103.64,0,0
2890.N,D,20180226,000000,103.61,103.61,103.61,103.61,0,0
2890.N,D,20180227,000000,103.63,103.63,103.63,103.63,0,0
2890.N,D,20180228,000000,103.64,103.64,103.64,103.64,0,0
2890.N,D,20180301,000000,103.65,103.65,103.65,103.65,0,0
2890.N,D,20180302,000000,103.65,103.65,103.65,103.65,0,0
2890.N,D,20180305,000000,103.65,103.65,103.65,103.65,0,0
2890.N,D,20180306,000000,103.65,103.65,103.65,103.65,0,0
2890.N,D,20180307,000000,103.65,103.65,103.65,103.65,0,0
2890.N,D,20180308,000000,103.62,103.62,103.62,103.62,0,0
2890.N,D,20180309,000000,103.6,103.6,103.6,103.6,0,0
2890.N,D,20180312,000000,103.63,103.63,103.63,103.63,0,0
2890.N,D,20180313,000000,103.62,103.62,103.62,103.62,0,0
2890.N,D,20180314,000000,103.65,103.65,103.65,103.65,0,0
2890.N,D,20180315,000000,103.66,103.66,103.66,103.66,0,0
2890.N,D,20180316,000000,103.66,103.66,103.66,103.66,0,0
2890.N,D,20180319,000000,103.67,103.67,103.67,103.67,0,0
2890.N,D,20180320,000000,103.67,103.67,103.67,103.67,0,0
2890.N,D,20180321,000000,103.66,103.66,103.66,103.66,0,0
2890.N,D,20180322,000000,103.7,103.7,103.7,103.7,0,0
2890.N,D,20180323,000000,103.72,103.72,103.72,103.72,0,0
2890.N,D,20180326,000000,103.76,103.76,103.76,103.76,0,0
2890.N,D,20180327,000000,103.77,103.77,103.77,103.77,0,0
2890.N,D,20180328,000000,103.79,103.79,103.79,103.79,0,0
2890.N,D,20180329,000000,103.83,103.83,103.83,103.83,0,0
2890.N,D,20180403,000000,103.86,103.86,103.86,103.86,0,0
2890.N,D,20180404,000000,103.83,103.83,103.83,103.83,0,0
2890.N,D,20180405,000000,103.81,103.81,103.81,103.81,0,0
2890.N,D,20180406,000000,103.83,103.83,103.83,103.83,0,0
2890.N,D,20180409,000000,103.87,103.87,103.87,103.87,0,0
2890.N,D,20180410,000000,103.89,103.89,103.89,103.89,0,0
2890.N,D,20180411,000000,103.94,103.94,103.94,103.94,0,0
2890.N,D,20180412,000000,103.95,103.95,103.95,103.95,0,0
2890.N,D,20180413,000000,103.92,103.92,103.92,103.92,0,0
2890.N,D,20180416,000000,103.93,103.93,103.93,103.93,0,0
2890.N,D,20180417,000000,103.93,103.93,103.93,103.93,0,0
2890.N,D,20180418,000000,103.96,103.96,103.96,103.96,0,0
2890.N,D,20180419,000000,104,104,104,104,0,0
2890.N,D,20180420,000000,104,104,104,104,0,0
2890.N,D,20180423,000000,104.01,104.01,104.01,104.01,0,0
2890.N,D,20180424,000000,104.04,104.04,104.04,104.04,0,0
2890.N,D,20180425,000000,104.07,104.07,104.07,104.07,0,0
2890.N,D,20180426,000000,104.09,104.09,104.09,104.09,0,0
2890.N,D,20180427,000000,104.1,104.1,104.1,104.1,0,0
2890.N,D,20180430,000000,104.07,104.07,104.07,104.07,0,0
2890.N,D,20180502,000000,104.16,104.16,104.16,104.16,0,0
2890.N,D,20180504,000000,104.12,104.12,104.12,104.12,0,0
2890.N,D,20180507,000000,104.14,104.14,104.14,104.14,0,0
2890.N,D,20180508,000000,104.1,104.1,104.1,104.1,0,0
2890.N,D,20180509,000000,104.05,104.05,104.05,104.05,0,0
2890.N,D,20180510,000000,104.09,104.09,104.09,104.09,0,0
2890.N,D,20180511,000000,104.11,104.11,104.11,104.11,0,0
2890.N,D,20180514,000000,104.11,104.11,104.11,104.11,0,0
2890.N,D,20180515,000000,104.09,104.09,104.09,104.09,0,0
2890.N,D,20180516,000000,104.1,104.1,104.1,104.1,0,0
2890.N,D,20180517,000000,104.09,104.09,104.09,104.09,0,0
2890.N,D,20180518,000000,104.06,104.06,104.06,104.06,0,0
2890.N,D,20180521,000000,104.07,104.07,104.07,104.07,0,0
2890.N,D,20180522,000000,104.11,104.11,104.11,104.11,0,0
2890.N,D,20180523,000000,104.1,104.1,104.1,104.1,0,0
2890.N,D,20180524,000000,104.12,104.12,104.12,104.12,0,0
2890.N,D,20180525,000000,104.12,104.12,104.12,104.12,0,0
2890.N,D,20180528,000000,104.13,104.13,104.13,104.13,0,0
2890.N,D,20180529,000000,104.08,104.08,104.08,104.08,0,0
2890.N,D,20180530,000000,104.08,104.08,104.08,104.08,0,0
2890.N,D,20180601,000000,104.14,104.14,104.14,104.14,0,0
2890.N,D,20180604,000000,104.2,104.2,104.2,104.2,0,0
2890.N,D,20180605,000000,104.23,104.23,104.23,104.23,0,0
2890.N,D,20180606,000000,104.24,104.24,104.24,104.24,0,0
2890.N,D,20180607,000000,104.23,104.23,104.23,104.23,0,0
2890.N,D,20180608,000000,104.23,104.23,104.23,104.23,0,0
2890.N,D,20180611,000000,104.26,104.26,104.26,104.26,0,0
2890.N,D,20180612,000000,104.28,104.28,104.28,104.28,0,0
2890.N,D,20180613,000000,104.29,104.29,104.29,104.29,0,0
2890.N,D,20180614,000000,104.29,104.29,104.29,104.29,0,0
2890.N,D,20180615,000000,104.29,104.29,104.29,104.29,0,0
2890.N,D,20180618,000000,104.32,104.32,104.32,104.32,0,0
2890.N,D,20180619,000000,104.33,104.33,104.33,104.33,0,0
2890.N,D,20180620,000000,104.34,104.34,104.34,104.34,0,0
2890.N,D,20180621,000000,104.37,104.37,104.37,104.37,0,0
2890.N,D,20180622,000000,104.37,104.37,104.37,104.37,0,0
2890.N,D,20180625,000000,104.39,104.39,104.39,104.39,0,0
2890.N,D,20180626,000000,104.35,104.35,104.35,104.35,0,0
2890.N,D,20180627,000000,104.36,104.36,104.36,104.36,0,0
2890.N,D,20180628,000000,104.37,104.37,104.37,104.37,0,0
2890.N,D,20180629,000000,104.39,104.39,104.39,104.39,0,0
2890.N,D,20180702,000000,104.47,104.47,104.47,104.47,0,0
2890.N,D,20180703,000000,104.45,104.45,104.45,104.45,0,0
2890.N,D,20180704,000000,104.47,104.47,104.47,104.47,0,0
2890.N,D,20180705,000000,104.46,104.46,104.46,104.46,0,0
2890.N,D,20180706,000000,104.45,104.45,104.45,104.45,0,0
2890.N,D,20180709,000000,104.46,104.46,104.46,104.46,0,0
2890.N,D,20180710,000000,104.47,104.47,104.47,104.47,0,0
2890.N,D,20180711,000000,104.49,104.49,104.49,104.49,0,0
2890.N,D,20180712,000000,104.49,104.49,104.49,104.49,0,0
2890.N,D,20180713,000000,104.51,104.51,104.51,104.51,0,0
2890.N,D,20180716,000000,104.53,104.53,104.53,104.53,0,0
2890.N,D,20180717,000000,104.55,104.55,104.55,104.55,0,0
2890.N,D,20180718,000000,104.54,104.54,104.54,104.54,0,0
2890.N,D,20180719,000000,104.54,104.54,104.54,104.54,0,0
2890.N,D,20180720,000000,104.55,104.55,104.55,104.55,0,0
2890.N,D,20180723,000000,104.54,104.54,104.54,104.54,0,0
2890.N,D,20180724,000000,104.57,104.57,104.57,104.57,0,0
2890.N,D,20180725,000000,104.58,104.58,104.58,104.58,0,0
2890.N,D,20180726,000000,104.58,104.58,104.58,104.58,0,0
2890.N,D,20180727,000000,104.58,104.58,104.58,104.58,0,0
2890.N,D,20180730,000000,104.59,104.59,104.59,104.59,0,0
2890.N,D,20180731,000000,104.6,104.6,104.6,104.6,0,0
2890.N,D,20180801,000000,104.62,104.62,104.62,104.62,0,0
2890.N,D,20180802,000000,104.63,104.63,104.63,104.63,0,0
2890.N,D,20180803,000000,104.64,104.64,104.64,104.64,0,0
2890.N,D,20180806,000000,104.66,104.66,104.66,104.66,0,0
2890.N,D,20180807,000000,104.66,104.66,104.66,104.66,0,0
2890.N,D,20180808,000000,104.61,104.61,104.61,104.61,0,0
2890.N,D,20180809,000000,104.57,104.57,104.57,104.57,0,0
2890.N,D,20180810,000000,104.59,104.59,104.59,104.59,0,0
2890.N,D,20180813,000000,104.59,104.59,104.59,104.59,0,0
2890.N,D,20180814,000000,104.58,104.58,104.58,104.58,0,0
2890.N,D,20180816,000000,104.59,104.59,104.59,104.59,0,0
2890.N,D,20180817,000000,104.57,104.57,104.57,104.57,0,0
2890.N,D,20180820,000000,104.54,104.54,104.54,104.54,0,0
2890.N,D,20180821,000000,104.55,104.55,104.55,104.55,0,0
2890.N,D,20180822,000000,104.52,104.52,104.52,104.52,0,0
2890.N,D,20180823,000000,104.52,104.52,104.52,104.52,0,0
2890.N,D,20180824,000000,104.52,104.52,104.52,104.52,0,0
2890.N,D,20180827,000000,104.54,104.54,104.54,104.54,0,0
2890.N,D,20180828,000000,104.55,104.55,104.55,104.55,0,0
2890.N,D,20180829,000000,104.5,104.5,104.5,104.5,0,0
2890.N,D,20180830,000000,104.49,104.49,104.49,104.49,0,0
2890.N,D,20180831,000000,104.48,104.48,104.48,104.48,0,0
2890.N,D,20180903,000000,104.4,104.4,104.4,104.4,0,0
2890.N,D,20180904,000000,104.4,104.4,104.4,104.4,0,0
2890.N,D,20180905,000000,104.4,104.4,104.4,104.4,0,0
2890.N,D,20180906,000000,104.38,104.38,104.38,104.38,0,0
2890.N,D,20180907,000000,104.46,104.46,104.46,104.46,0,0
2890.N,D,20180910,000000,104.45,104.45,104.45,104.45,0,0
2890.N,D,20180911,000000,104.47,104.47,104.47,104.47,0,0
2890.N,D,20180912,000000,104.48,104.48,104.48,104.48,0,0
2890.N,D,20180913,000000,104.48,104.48,104.48,104.48,0,0
2890.N,D,20180914,000000,104.47,104.47,104.47,104.47,0,0
2890.N,D,20180917,000000,104.48,104.48,104.48,104.48,0,0
2890.N,D,20180918,000000,104.53,104.53,104.53,104.53,0,0
2890.N,D,20180919,000000,104.55,104.55,104.55,104.55,0,0
2890.N,D,20180920,000000,104.57,104.57,104.57,104.57,0,0
2890.N,D,20180921,000000,104.61,104.61,104.61,104.61,0,0
2890.N,D,20180924,000000,104.64,104.64,104.64,104.64,0,0
2890.N,D,20180925,000000,104.65,104.65,104.65,104.65,0,0
2890.N,D,20180926,000000,104.67,104.67,104.67,104.67,0,0
2890.N,D,20180927,000000,104.68,104.68,104.68,104.68,0,0
2890.N,D,20180928,000000,104.67,104.67,104.67,104.67,0,0
2890.N,D,20181001,000000,104.66,104.66,104.66,104.66,0,0
2890.N,D,20181002,000000,104.62,104.62,104.62,104.62,0,0
2890.N,D,20181003,000000,104.64,104.64,104.64,104.64,0,0
2890.N,D,20181004,000000,104.57,104.57,104.57,104.57,0,0
2890.N,D,20181005,000000,104.6,104.6,104.6,104.6,0,0
2890.N,D,20181008,000000,104.61,104.61,104.61,104.61,0,0
2890.N,D,20181009,000000,104.61,104.61,104.61,104.61,0,0
2890.N,D,20181010,000000,104.58,104.58,104.58,104.58,0,0
2890.N,D,20181011,000000,104.57,104.57,104.57,104.57,0,0
2890.N,D,20181012,000000,104.63,104.63,104.63,104.63,0,0
2890.N,D,20181015,000000,104.66,104.66,104.66,104.66,0,0
2890.N,D,20181016,000000,104.66,104.66,104.66,104.66,0,0
2890.N,D,20181017,000000,104.68,104.68,104.68,104.68,0,0
2890.N,D,20181018,000000,104.68,104.68,104.68,104.68,0,0
2890.N,D,20181019,000000,104.67,104.67,104.67,104.67,0,0
2890.N,D,20181022,000000,104.72,104.72,104.72,104.72,0,0
2890.N,D,20181023,000000,104.72,104.72,104.72,104.72,0,0
2890.N,D,20181024,000000,104.73,104.73,104.73,104.73,0,0
2890.N,D,20181025,000000,104.73,104.73,104.73,104.73,0,0
2890.N,D,20181026,000000,104.78,104.78,104.78,104.78,0,0
2890.N,D,20181029,000000,104.8,104.8,104.8,104.8,0,0
2890.N,D,20181030,000000,104.78,104.78,104.78,104.78,0,0
2890.N,D,20181031,000000,104.76,104.76,104.76,104.76,0,0
2890.N,D,20181102,000000,104.77,104.77,104.77,104.77,0,0
2890.N,D,20181105,000000,104.77,104.77,104.77,104.77,0,0
2890.N,D,20181106,000000,104.78,104.78,104.78,104.78,0,0
2890.N,D,20181107,000000,104.79,104.79,104.79,104.79,0,0
2890.N,D,20181108,000000,104.79,104.79,104.79,104.79,0,0
2890.N,D,20181109,000000,104.79,104.79,104.79,104.79,0,0
2890.N,D,20181113,000000,104.78,104.78,104.78,104.78,0,0
2890.N,D,20181114,000000,104.67,104.67,104.67,104.67,0,0
2890.N,D,20181115,000000,104.65,104.65,104.65,104.65,0,0
2890.N,D,20181116,000000,104.63,104.63,104.63,104.63,0,0
2890.N,D,20181119,000000,104.68,104.68,104.68,104.68,0,0
2890.N,D,20181120,000000,104.72,104.72,104.72,104.72,0,0
2890.N,D,20181121,000000,104.67,104.67,104.67,104.67,0,0
2890.N,D,20181122,000000,104.7,104.7,104.7,104.7,0,0
2890.N,D,20181123,000000,104.73,104.73,104.73,104.73,0,0
2890.N,D,20181126,000000,104.74,104.74,104.74,104.74,0,0
2890.N,D,20181127,000000,104.76,104.76,104.76,104.76,0,0
2890.N,D,20181128,000000,104.83,104.83,104.83,104.83,0,0
2890.N,D,20181129,000000,104.82,104.82,104.82,104.82,0,0
2890.N,D,20181130,000000,104.83,104.83,104.83,104.83,0,0
2890.N,D,20181203,000000,104.83,104.83,104.83,104.83,0,0
2890.N,D,20181204,000000,104.83,104.83,104.83,104.83,0,0
2890.N,D,20181205,000000,104.83,104.83,104.83,104.83,0,0
2890.N,D,20181206,000000,104.84,104.84,104.84,104.84,0,0
2890.N,D,20181207,000000,104.84,104.84,104.84,104.84,0,0
2890.N,D,20181210,000000,104.88,104.88,104.88,104.88,0,0
2890.N,D,20181211,000000,104.94,104.94,104.94,104.94,0,0
2890.N,D,20181212,000000,104.98,104.98,104.98,104.98,0,0
2890.N,D,20181213,000000,105.06,105.06,105.06,105.06,0,0
2890.N,D,20181214,000000,105.06,105.06,105.06,105.06,0,0
2890.N,D,20181217,000000,105.08,105.08,105.08,105.08,0,0
2890.N,D,20181218,000000,105.09,105.09,105.09,105.09,0,0
2890.N,D,20181219,000000,105.08,105.08,105.08,105.08,0,0
2890.N,D,20181220,000000,105.2,105.2,105.2,105.2,0,0
2890.N,D,20181221,000000,105.22,105.22,105.22,105.22,0,0
2890.N,D,20181227,000000,105.16,105.16,105.16,105.16,0,0
2890.N,D,20181228,000000,105.23,105.23,105.23,105.23,0,0
2890.N,D,20190102,000000,105.21,105.21,105.21,105.21,0,0
2890.N,D,20190103,000000,105.12,105.12,105.12,105.12,0,0
2890.N,D,20190104,000000,105.13,105.13,105.13,105.13,0,0
2890.N,D,20190107,000000,105.14,105.14,105.14,105.14,0,0
2890.N,D,20190108,000000,105.14,105.14,105.14,105.14,0,0
2890.N,D,20190109,000000,105.11,105.11,105.11,105.11,0,0
2890.N,D,20190110,000000,105.13,105.13,105.13,105.13,0,0
2890.N,D,20190111,000000,105.17,105.17,105.17,105.17,0,0
2890.N,D,20190114,000000,105.18,105.18,105.18,105.18,0,0
2890.N,D,20190115,000000,105.14,105.14,105.14,105.14,0,0
2890.N,D,20190116,000000,105.15,105.15,105.15,105.15,0,0
2890.N,D,20190117,000000,105.15,105.15,105.15,105.15,0,0
2890.N,D,20190118,000000,105.16,105.16,105.16,105.16,0,0
2890.N,D,20190121,000000,105.17,105.17,105.17,105.17,0,0
2890.N,D,20190122,000000,105.16,105.16,105.16,105.16,0,0
2890.N,D,20190123,000000,105.18,105.18,105.18,105.18,0,0
2890.N,D,20190124,000000,105.19,105.19,105.19,105.19,0,0
2890.N,D,20190125,000000,105.19,105.19,105.19,105.19,0,0
2890.N,D,20190128,000000,105.21,105.21,105.21,105.21,0,0
2890.N,D,20190129,000000,105.21,105.21,105.21,105.21,0,0
2890.N,D,20190130,000000,105.21,105.21,105.21,105.21,0,0
2890.N,D,20190131,000000,105.21,105.21,105.21,105.21,0,0
2890.N,D,20190201,000000,105.18,105.18,105.18,105.18,0,0
2890.N,D,20190204,000000,105.19,105.19,105.19,105.19,0,0
2890.N,D,20190205,000000,105.19,105.19,105.19,105.19,0,0
2890.N,D,20190206,000000,105.22,105.22,105.22,105.22,0,0
2890.N,D,20190207,000000,105.22,105.22,105.22,105.22,0,0
2890.N,D,20190208,000000,105.22,105.22,105.22,105.22,0,0
2890.N,D,20190211,000000,105.23,105.23,105.23,105.23,0,0
2890.N,D,20190212,000000,105.22,105.22,105.22,105.22,0,0
2890.N,D,20190213,000000,105.22,105.22,105.22,105.22,0,0
2890.N,D,20190214,000000,105.21,105.21,105.21,105.21,0,0
2890.N,D,20190215,000000,105.22,105.22,105.22,105.22,0,0
2890.N,D,20190218,000000,105.2,105.2,105.2,105.2,0,0
2890.N,D,20190219,000000,105.22,105.22,105.22,105.22,0,0
2890.N,D,20190220,000000,105.24,105.24,105.24,105.24,0,0
2890.N,D,20190221,000000,105.23,105.23,105.23,105.23,0,0
2890.N,D,20190222,000000,105.24,105.24,105.24,105.24,0,0
2890.N,D,20190225,000000,105.13,105.13,105.13,105.13,0,0
2890.N,D,20190226,000000,105.17,105.17,105.17,105.17,0,0
2890.N,D,20190227,000000,105.2,105.2,105.2,105.2,0,0
2890.N,D,20190228,000000,105.19,105.19,105.19,105.19,0,0
2890.N,D,20190301,000000,105.2,105.2,105.2,105.2,0,0
2890.N,D,20190304,000000,105.22,105.22,105.22,105.22,0,0
2890.N,D,20190305,000000,105.23,105.23,105.23,105.23,0,0
2890.N,D,20190306,000000,105.23,105.23,105.23,105.23,0,0
2890.N,D,20190307,000000,105.23,105.23,105.23,105.23,0,0
2890.N,D,20190308,000000,105.25,105.25,105.25,105.25,0,0
2890.N,D,20190311,000000,105.26,105.26,105.26,105.26,0,0
2890.N,D,20190312,000000,105.25,105.25,105.25,105.25,0,0
2890.N,D,20190313,000000,105.25,105.25,105.25,105.25,0,0
2890.N,D,20190314,000000,105.27,105.27,105.27,105.27,0,0
2890.N,D,20190315,000000,105.27,105.27,105.27,105.27,0,0
2890.N,D,20190318,000000,105.28,105.28,105.28,105.28,0,0
2890.N,D,20190319,000000,105.28,105.28,105.28,105.28,0,0
2890.N,D,20190320,000000,105.25,105.25,105.25,105.25,0,0
2890.N,D,20190321,000000,105.25,105.25,105.25,105.25,0,0
2890.N,D,20190322,000000,105.25,105.25,105.25,105.25,0,0
2890.N,D,20190325,000000,105.18,105.18,105.18,105.18,0,0
2890.N,D,20190326,000000,105.19,105.19,105.19,105.19,0,0
2890.N,D,20190327,000000,105.2,105.2,105.2,105.2,0,0
2890.N,D,20190328,000000,105.19,105.19,105.19,105.19,0,0
2890.N,D,20190329,000000,105.2,105.2,105.2,105.2,0,0
2890.N,D,20190401,000000,105.23,105.23,105.23,105.23,0,0
2890.N,D,20190402,000000,105.24,105.24,105.24,105.24,0,0
2890.N,D,20190403,000000,105.25,105.25,105.25,105.25,0,0
2890.N,D,20190404,000000,105.26,105.26,105.26,105.26,0,0
2890.N,D,20190405,000000,105.3,105.3,105.3,105.3,0,0
2890.N,D,20190408,000000,105.31,105.31,105.31,105.31,0,0
2890.N,D,20190409,000000,105.33,105.33,105.33,105.33,0,0
2890.N,D,20190410,000000,105.38,105.38,105.38,105.38,0,0
2890.N,D,20190411,000000,105.38,105.38,105.38,105.38,0,0
2890.N,D,20190412,000000,105.39,105.39,105.39,105.39,0,0
2890.N,D,20190415,000000,105.45,105.45,105.45,105.45,0,0
2890.N,D,20190416,000000,105.5,105.5,105.5,105.5,0,0
2890.N,D,20190417,000000,105.54,105.54,105.54,105.54,0,0
2890.N,D,20190418,000000,105.52,105.52,105.52,105.52,0,0
2890.N,D,20190423,000000,105.54,105.54,105.54,105.54,0,0
2890.N,D,20190424,000000,105.55,105.55,105.55,105.55,0,0
2890.N,D,20190425,000000,105.55,105.55,105.55,105.55,0,0
2890.N,D,20190426,000000,105.52,105.52,105.52,105.52,0,0
2890.N,D,20190429,000000,105.5,105.5,105.5,105.5,0,0
2890.N,D,20190430,000000,105.5,105.5,105.5,105.5,0,0
2890.N,D,20190502,000000,105.58,105.58,105.58,105.58,0,0
2890.N,D,20190506,000000,105.61,105.61,105.61,105.61,0,0
2890.N,D,20190507,000000,105.62,105.62,105.62,105.62,0,0
2890.N,D,20190508,000000,105.66,105.66,105.66,105.66,0,0
2890.N,D,20190509,000000,105.66,105.66,105.66,105.66,0,0
2890.N,D,20190510,000000,105.65,105.65,105.65,105.65,0,0
2890.N,D,20190513,000000,105.66,105.66,105.66,105.66,0,0
2890.N,D,20190514,000000,105.65,105.65,105.65,105.65,0,0
2890.N,D,20190515,000000,105.64,105.64,105.64,105.64,0,0
2890.N,D,20190516,000000,105.67,105.67,105.67,105.67,0,0
2890.N,D,20190517,000000,105.68,105.68,105.68,105.68,0,0
2890.N,D,20190520,000000,105.66,105.66,105.66,105.66,0,0
2890.N,D,20190521,000000,105.65,105.65,105.65,105.65,0,0
2890.N,D,20190522,000000,105.64,105.64,105.64,105.64,0,0
2890.N,D,20190523,000000,105.65,105.65,105.65,105.65,0,0
2890.N,D,20190524,000000,105.66,105.66,105.66,105.66,0,0
2890.N,D,20190527,000000,105.7,105.7,105.7,105.7,0,0
2890.N,D,20190528,000000,105.73,105.73,105.73,105.73,0,0
2890.N,D,20190529,000000,105.78,105.78,105.78,105.78,0,0
2890.N,D,20190530,000000,105.8,105.8,105.8,105.8,0,0
2890.N,D,20190531,000000,105.81,105.81,105.81,105.81,0,0
2890.N,D,20190603,000000,105.78,105.78,105.78,105.78,0,0
2890.N,D,20190604,000000,105.78,105.78,105.78,105.78,0,0
2890.N,D,20190605,000000,105.78,105.78,105.78,105.78,0,0
2890.N,D,20190606,000000,105.84,105.84,105.84,105.84,0,0
2890.N,D,20190607,000000,105.8,105.8,105.8,105.8,0,0
2890.N,D,20190610,000000,105.84,105.84,105.84,105.84,0,0
2890.N,D,20190611,000000,105.85,105.85,105.85,105.85,0,0
2890.N,D,20190612,000000,105.85,105.85,105.85,105.85,0,0
2890.N,D,20190613,000000,105.87,105.87,105.87,105.87,0,0
2890.N,D,20190614,000000,105.88,105.88,105.88,105.88,0,0
2890.N,D,20190617,000000,105.9,105.9,105.9,105.9,0,0
2890.N,D,20190618,000000,105.88,105.88,105.88,105.88,0,0
2890.N,D,20190619,000000,105.91,105.91,105.91,105.91,0,0
2890.N,D,20190621,000000,105.93,105.93,105.93,105.93,0,0
2890.N,D,20190624,000000,105.95,105.95,105.95,105.95,0,0
2890.N,D,20190625,000000,105.97,105.97,105.97,105.97,0,0
2890.N,D,20190626,000000,105.98,105.98,105.98,105.98,0,0
2890.N,D,20190627,000000,105.96,105.96,105.96,105.96,0,0
2890.N,D,20190628,000000,105.97,105.97,105.97,105.97,0,0
2890.N,D,20190701,000000,106,106,106,106,0,0
2890.N,D,20190702,000000,106,106,106,106,0,0
2890.N,D,20190703,000000,106,106,106,106,0,0
2890.N,D,20190704,000000,106,106,106,106,0,0
2890.N,D,20190705,000000,106.01,106.01,106.01,106.01,0,0
2890.N,D,20190708,000000,106.03,106.03,106.03,106.03,0,0
2890.N,D,20190709,000000,106.04,106.04,106.04,106.04,0,0
2890.N,D,20190710,000000,106.05,106.05,106.05,106.05,0,0
2890.N,D,20190711,000000,106.07,106.07,106.07,106.07,0,0
2890.N,D,20190712,000000,106.04,106.04,106.04,106.04,0,0
2890.N,D,20190715,000000,106.06,106.06,106.06,106.06,0,0
2890.N,D,20190716,000000,106.06,106.06,106.06,106.06,0,0
2890.N,D,20190717,000000,106.07,106.07,106.07,106.07,0,0
2890.N,D,20190718,000000,106.08,106.08,106.08,106.08,0,0
2890.N,D,20190719,000000,106.11,106.11,106.11,106.11,0,0
2890.N,D,20190722,000000,106.14,106.14,106.14,106.14,0,0
2890.N,D,20190723,000000,106.17,106.17,106.17,106.17,0,0
2890.N,D,20190724,000000,106.23,106.23,106.23,106.23,0,0
2890.N,D,20190725,000000,106.2,106.2,106.2,106.2,0,0
2890.N,D,20190726,000000,106.24,106.24,106.24,106.24,0,0
2890.N,D,20190729,000000,106.28,106.28,106.28,106.28,0,0
2890.N,D,20190730,000000,106.3,106.3,106.3,106.3,0,0
2890.N,D,20190731,000000,106.29,106.29,106.29,106.29,0,0
2890.N,D,20190801,000000,106.35,106.35,106.35,106.35,0,0
2890.N,D,20190802,000000,106.35,106.35,106.35,106.35,0,0
2890.N,D,20190805,000000,106.33,106.33,106.33,106.33,0,0
2890.N,D,20190806,000000,106.26,106.26,106.26,106.26,0,0
2890.N,D,20190807,000000,106.26,106.26,106.26,106.26,0,0
2890.N,D,20190808,000000,106.24,106.24,106.24,106.24,0,0
2890.N,D,20190809,000000,106.24,106.24,106.24,106.24,0,0
2890.N,D,20190812,000000,106.25,106.25,106.25,106.25,0,0
2890.N,D,20190813,000000,106.25,106.25,106.25,106.25,0,0
2890.N,D,20190814,000000,106.2,106.2,106.2,106.2,0,0
2890.N,D,20190816,000000,106.22,106.22,106.22,106.22,0,0
2890.N,D,20190819,000000,106.2,106.2,106.2,106.2,0,0
2890.N,D,20190820,000000,106.24,106.24,106.24,106.24,0,0
2890.N,D,20190821,000000,106.24,106.24,106.24,106.24,0,0
2890.N,D,20190822,000000,106.24,106.24,106.24,106.24,0,0
2890.N,D,20190823,000000,106.24,106.24,106.24,106.24,0,0
2890.N,D,20190826,000000,106.26,106.26,106.26,106.26,0,0
2890.N,D,20190827,000000,106.32,106.32,106.32,106.32,0,0
2890.N,D,20190828,000000,106.34,106.34,106.34,106.34,0,0
2890.N,D,20190829,000000,106.22,106.22,106.22,106.22,0,0
2890.N,D,20190830,000000,106.31,106.31,106.31,106.31,0,0
2890.N,D,20190902,000000,106.32,106.32,106.32,106.32,0,0
2890.N,D,20190905,000000,106.31,106.31,106.31,106.31,0,0
2890.N,D,20190906,000000,106.3,106.3,106.3,106.3,0,0
2890.N,D,20190910,000000,106.3,106.3,106.3,106.3,0,0
2890.N,D,20190911,000000,106.3,106.3,106.3,106.3,0,0
2890.N,D,20190912,000000,106.34,106.34,106.34,106.34,0,0
2890.N,D,20190913,000000,106.33,106.33,106.33,106.33,0,0
2890.N,D,20190916,000000,106.35,106.35,106.35,106.35,0,0
2890.N,D,20190918,000000,106.33,106.33,106.33,106.33,0,0
2890.N,D,20190919,000000,106.35,106.35,106.35,106.35,0,0
2890.N,D,20190920,000000,106.34,106.34,106.34,106.34,0,0
2890.N,D,20190923,000000,106.33,106.33,106.33,106.33,0,0
2890.N,D,20190924,000000,106.34,106.34,106.34,106.34,0,0
2890.N,D,20190926,000000,106.3,106.3,106.3,106.3,0,0
2890.N,D,20190930,000000,106.34,106.34,106.34,106.34,0,0
2890.N,D,20191002,000000,106.42,106.42,106.42,106.42,0,0
2890.N,D,20191003,000000,106.49,106.49,106.49,106.49,0,0
2890.N,D,20191004,000000,106.55,106.55,106.55,106.55,0,0
2890.N,D,20191007,000000,106.59,106.59,106.59,106.59,0,0
2890.N,D,20191008,000000,106.55,106.55,106.55,106.55,0,0
2890.N,D,20191009,000000,106.51,106.51,106.51,106.51,0,0
2890.N,D,20191010,000000,106.56,106.56,106.56,106.56,0,0
2890.N,D,20191011,000000,106.57,106.57,106.57,106.57,0,0
2890.N,D,20191014,000000,106.6,106.6,106.6,106.6,0,0
2890.N,D,20191015,000000,106.61,106.61,106.61,106.61,0,0
2890.N,D,20191016,000000,106.64,106.64,106.64,106.64,0,0
2890.N,D,20191017,000000,106.67,106.67,106.67,106.67,0,0
2890.N,D,20191018,000000,106.64,106.64,106.64,106.64,0,0
2890.N,D,20191021,000000,106.64,106.64,106.64,106.64,0,0
2890.N,D,20191022,000000,106.67,106.67,106.67,106.67,0,0
2890.N,D,20191023,000000,106.69,106.69,106.69,106.69,0,0
2890.N,D,20191024,000000,106.72,106.72,106.72,106.72,0,0
2890.N,D,20191025,000000,106.72,106.72,106.72,106.72,0,0
2890.N,D,20191028,000000,106.79,106.79,106.79,106.79,0,0
2890.N,D,20191029,000000,106.81,106.81,106.81,106.81,0,0
2890.N,D,20191030,000000,106.81,106.81,106.81,106.81,0,0
2890.N,D,20191031,000000,106.8,106.8,106.8,106.8,0,0
2890.N,D,20191104,000000,106.82,106.82,106.82,106.82,0,0
2890.N,D,20191105,000000,106.82,106.82,106.82,106.82,0,0
2890.N,D,20191106,000000,106.82,106.82,106.82,106.82,0,0
2890.N,D,20191107,000000,106.85,106.85,106.85,106.85,0,0
2890.N,D,20191108,000000,106.68,106.68,106.68,106.68,0,0
2890.N,D,20191112,000000,106.75,106.75,106.75,106.75,0,0
2890.N,D,20191113,000000,106.79,106.79,106.79,106.79,0,0
2890.N,D,20191114,000000,106.77,106.77,106.77,106.77,0,0
2890.N,D,20191115,000000,106.79,106.79,106.79,106.79,0,0
2890.N,D,20191118,000000,106.8,106.8,106.8,106.8,0,0
2890.N,D,20191119,000000,106.79,106.79,106.79,106.79,0,0
2890.N,D,20191120,000000,106.79,106.79,106.79,106.79,0,0
2890.N,D,20191121,000000,106.8,106.8,106.8,106.8,0,0
2890.N,D,20191122,000000,106.78,106.78,106.78,106.78,0,0
2890.N,D,20191125,000000,106.75,106.75,106.75,106.75,0,0
2890.N,D,20191126,000000,106.78,106.78,106.78,106.78,0,0
2890.N,D,20191127,000000,106.8,106.8,106.8,106.8,0,0
2890.N,D,20191128,000000,106.78,106.78,106.78,106.78,0,0
2890.N,D,20191129,000000,106.79,106.79,106.79,106.79,0,0
2890.N,D,20191202,000000,106.8,106.8,106.8,106.8,0,0
2890.N,D,20191203,000000,106.82,106.82,106.82,106.82,0,0
2890.N,D,20191204,000000,106.81,106.81,106.81,106.81,0,0
2890.N,D,20191205,000000,106.8,106.8,106.8,106.8,0,0
2890.N,D,20191206,000000,106.81,106.81,106.81,106.81,0,0
2890.N,D,20191209,000000,106.81,106.81,106.81,106.81,0,0
2890.N,D,20191210,000000,106.81,106.81,106.81,106.81,0,0
2890.N,D,20191211,000000,106.81,106.81,106.81,106.81,0,0
2890.N,D,20191212,000000,106.79,106.79,106.79,106.79,0,0
2890.N,D,20191213,000000,106.79,106.79,106.79,106.79,0,0
2890.N,D,20191216,000000,106.79,106.79,106.79,106.79,0,0
2890.N,D,20191217,000000,106.77,106.77,106.77,106.77,0,0
2890.N,D,20191218,000000,106.78,106.78,106.78,106.78,0,0
2890.N,D,20191219,000000,106.79,106.79,106.79,106.79,0,0
2890.N,D,20191220,000000,106.79,106.79,106.79,106.79,0,0
2890.N,D,20191223,000000,106.79,106.79,106.79,106.79,0,0
2890.N,D,20191227,000000,106.86,106.86,106.86,106.86,0,0
2890.N,D,20191230,000000,106.83,106.83,106.83,106.83,0,0
2890.N,D,20200102,000000,106.92,106.92,106.92,106.92,0,0
2890.N,D,20200103,000000,106.97,106.97,106.97,106.97,0,0
2890.N,D,20200107,000000,106.99,106.99,106.99,106.99,0,0
2890.N,D,20200108,000000,107.01,107.01,107.01,107.01,0,0
2890.N,D,20200109,000000,107,107,107,107,0,0
2890.N,D,20200110,000000,107,107,107,107,0,0
2890.N,D,20200113,000000,107,107,107,107,0,0
2890.N,D,20200114,000000,107.02,107.02,107.02,107.02,0,0
2890.N,D,20200115,000000,107.05,107.05,107.05,107.05,0,0
2890.N,D,20200116,000000,107.05,107.05,107.05,107.05,0,0
2890.N,D,20200117,000000,107.07,107.07,107.07,107.07,0,0
2890.N,D,20200120,000000,107.11,107.11,107.11,107.11,0,0
2890.N,D,20200121,000000,107.13,107.13,107.13,107.13,0,0
2890.N,D,20200122,000000,107.15,107.15,107.15,107.15,0,0
2890.N,D,20200123,000000,107.13,107.13,107.13,107.13,0,0
2890.N,D,20200124,000000,107.11,107.11,107.11,107.11,0,0
2890.N,D,20200127,000000,107.11,107.11,107.11,107.11,0,0
2890.N,D,20200128,000000,107.15,107.15,107.15,107.15,0,0
2890.N,D,20200129,000000,107.14,107.14,107.14,107.14,0,0
2890.N,D,20200130,000000,107.12,107.12,107.12,107.12,0,0
2890.N,D,20200131,000000,107.17,107.17,107.17,107.17,0,0
2890.N,D,20200203,000000,107.17,107.17,107.17,107.17,0,0
2890.N,D,20200204,000000,107.17,107.17,107.17,107.17,0,0
2890.N,D,20200205,000000,107.17,107.17,107.17,107.17,0,0
2890.N,D,20200206,000000,107.2,107.2,107.2,107.2,0,0
2890.N,D,20200207,000000,107.22,107.22,107.22,107.22,0,0
2890.N,D,20200210,000000,107.23,107.23,107.23,107.23,0,0
2890.N,D,20200211,000000,107.23,107.23,107.23,107.23,0,0
2890.N,D,20200212,000000,107.23,107.23,107.23,107.23,0,0
2890.N,D,20200213,000000,107.24,107.24,107.24,107.24,0,0
2890.N,D,20200214,000000,107.24,107.24,107.24,107.24,0,0
2890.N,D,20200217,000000,107.25,107.25,107.25,107.25,0,0
2890.N,D,20200218,000000,107.27,107.27,107.27,107.27,0,0
2890.N,D,20200219,000000,107.26,107.26,107.26,107.26,0,0
2890.N,D,20200220,000000,107.28,107.28,107.28,107.28,0,0
2890.N,D,20200221,000000,107.29,107.29,107.29,107.29,0,0
2890.N,D,20200224,000000,107.3,107.3,107.3,107.3,0,0
2890.N,D,20200225,000000,107.31,107.31,107.31,107.31,0,0
2890.N,D,20200226,000000,107.3,107.3,107.3,107.3,0,0
2890.N,D,20200227,000000,107.3,107.3,107.3,107.3,0,0
2890.N,D,20200228,000000,107.23,107.23,107.23,107.23,0,0
2890.N,D,20200302,000000,107.18,107.18,107.18,107.18,0,0
2890.N,D,20200303,000000,107.25,107.25,107.25,107.25,0,0
2890.N,D,20200304,000000,107.25,107.25,107.25,107.25,0,0
2890.N,D,20200305,000000,107.28,107.28,107.28,107.28,0,0
2890.N,D,20200306,000000,107.27,107.27,107.27,107.27,0,0
2890.N,D,20200309,000000,107.1,107.1,107.1,107.1,0,0
2890.N,D,20200310,000000,107.13,107.13,107.13,107.13,0,0
2890.N,D,20200311,000000,106.91,106.91,106.91,106.91,0,0
2890.N,D,20200312,000000,106.66,106.66,106.66,106.66,0,0
2890.N,D,20200313,000000,106.49,106.49,106.49,106.49,0,0
2890.N,D,20200316,000000,105.94,105.94,105.94,105.94,0,0
2890.N,D,20200317,000000,106.27,106.27,106.27,106.27,0,0
2890.N,D,20200318,000000,106.3,106.3,106.3,106.3,0,0
2890.N,D,20200319,000000,105.97,105.97,105.97,105.97,0,0
2890.N,D,20200320,000000,106.23,106.23,106.23,106.23,0,0
2890.N,D,20200323,000000,106.17,106.17,106.17,106.17,0,0
2890.N,D,20200324,000000,106.49,106.49,106.49,106.49,0,0
2890.N,D,20200325,000000,106.53,106.53,106.53,106.53,0,0
2890.N,D,20200326,000000,106.49,106.49,106.49,106.49,0,0
2890.N,D,20200327,000000,106.38,106.38,106.38,106.38,0,0
2890.N,D,20200330,000000,106.54,106.54,106.54,106.54,0,0
2890.N,D,20200331,000000,106.57,106.57,106.57,106.57,0,0
2890.N,D,20200401,000000,106.27,106.27,106.27,106.27,0,0
2890.N,D,20200402,000000,106.19,106.19,106.19,106.19,0,0
2890.N,D,20200403,000000,106.07,106.07,106.07,106.07,0,0
2890.N,D,20200406,000000,106.11,106.11,106.11,106.11,0,0
2890.N,D,20200407,000000,106.2,106.2,106.2,106.2,0,0
2890.N,D,20200408,000000,106.2,106.2,106.2,106.2,0,0
2890.N,D,20200409,000000,106.37,106.37,106.37,106.37,0,0
2890.N,D,20200414,000000,106.42,106.42,106.42,106.42,0,0
2890.N,D,20200415,000000,106.42,106.42,106.42,106.42,0,0
2890.N,D,20200416,000000,106.45,106.45,106.45,106.45,0,0
2890.N,D,20200417,000000,106.47,106.47,106.47,106.47,0,0
2890.N,D,20200420,000000,106.47,106.47,106.47,106.47,0,0
2890.N,D,20200421,000000,106.56,106.56,106.56,106.56,0,0
2890.N,D,20200422,000000,106.63,106.63,106.63,106.63,0,0
2890.N,D,20200423,000000,106.65,106.65,106.65,106.65,0,0
2890.N,D,20200424,000000,106.72,106.72,106.72,106.72,0,0
2890.N,D,20200427,000000,106.75,106.75,106.75,106.75,0,0
2890.N,D,20200428,000000,106.76,106.76,106.76,106.76,0,0
2890.N,D,20200429,000000,106.77,106.77,106.77,106.77,0,0
2890.N,D,20200430,000000,106.69,106.69,106.69,106.69,0,0
2890.N,D,20200504,000000,106.55,106.55,106.55,106.55,0,0
2890.N,D,20200505,000000,106.58,106.58,106.58,106.58,0,0
2890.N,D,20200506,000000,106.59,106.59,106.59,106.59,0,0
2890.N,D,20200507,000000,106.61,106.61,106.61,106.61,0,0
2890.N,D,20200508,000000,106.61,106.61,106.61,106.61,0,0
2890.N,D,20200511,000000,106.61,106.61,106.61,106.61,0,0
2890.N,D,20200512,000000,106.66,106.66,106.66,106.66,0,0
2890.N,D,20200513,000000,106.74,106.74,106.74,106.74,0,0
2890.N,D,20200514,000000,106.89,106.89,106.89,106.89,0,0
2890.N,D,20200515,000000,106.92,106.92,106.92,106.92,0,0
2890.N,D,20200518,000000,106.94,106.94,106.94,106.94,0,0
2890.N,D,20200519,000000,106.94,106.94,106.94,106.94,0,0
2890.N,D,20200520,000000,106.92,106.92,106.92,106.92,0,0
2890.N,D,20200521,000000,106.91,106.91,106.91,106.91,0,0
2890.N,D,20200522,000000,106.93,106.93,106.93,106.93,0,0
2890.N,D,20200525,000000,106.97,106.97,106.97,106.97,0,0
2890.N,D,20200526,000000,107,107,107,107,0,0
2890.N,D,20200527,000000,107.08,107.08,107.08,107.08,0,0
2890.N,D,20200528,000000,107.16,107.16,107.16,107.16,0,0
2890.N,D,20200529,000000,107.36,107.36,107.36,107.36,0,0
2890.N,D,20200601,000000,107.37,107.37,107.37,107.37,0,0
2890.N,D,20200602,000000,107.35,107.35,107.35,107.35,0,0
2890.N,D,20200603,000000,107.31,107.31,107.31,107.31,0,0
2890.N,D,20200604,000000,107.31,107.31,107.31,107.31,0,0
2890.N,D,20200605,000000,107.34,107.34,107.34,107.34,0,0
2890.N,D,20200608,000000,107.35,107.35,107.35,107.35,0,0
2890.N,D,20200609,000000,107.33,107.33,107.33,107.33,0,0
2890.N,D,20200610,000000,107.32,107.32,107.32,107.32,0,0
2890.N,D,20200612,000000,107.35,107.35,107.35,107.35,0,0
2890.N,D,20200615,000000,107.27,107.27,107.27,107.27,0,0
2890.N,D,20200616,000000,107.28,107.28,107.28,107.28,0,0
2890.N,D,20200617,000000,107.31,107.31,107.31,107.31,0,0
2890.N,D,20200618,000000,107.31,107.31,107.31,107.31,0,0
2890.N,D,20200619,000000,107.32,107.32,107.32,107.32,0,0
2890.N,D,20200622,000000,107.34,107.34,107.34,107.34,0,0
2890.N,D,20200623,000000,107.35,107.35,107.35,107.35,0,0
2890.N,D,20200624,000000,107.26,107.26,107.26,107.26,0,0
2890.N,D,20200625,000000,107.26,107.26,107.26,107.26,0,0
2890.N,D,20200626,000000,107.35,107.35,107.35,107.35,0,0
2890.N,D,20200629,000000,107.53,107.53,107.53,107.53,0,0
2890.N,D,20200630,000000,107.57,107.57,107.57,107.57,0,0
2890.N,D,20200701,000000,107.6,107.6,107.6,107.6,0,0
2890.N,D,20200702,000000,107.65,107.65,107.65,107.65,0,0
2890.N,D,20200703,000000,107.79,107.79,107.79,107.79,0,0
2890.N,D,20200706,000000,107.81,107.81,107.81,107.81,0,0
2890.N,D,20200707,000000,107.83,107.83,107.83,107.83,0,0
2890.N,D,20200708,000000,107.86,107.86,107.86,107.86,0,0
2890.N,D,20200709,000000,107.87,107.87,107.87,107.87,0,0
2890.N,D,20200710,000000,107.89,107.89,107.89,107.89,0,0
2890.N,D,20200713,000000,107.94,107.94,107.94,107.94,0,0
2890.N,D,20200714,000000,107.95,107.95,107.95,107.95,0,0
2890.N,D,20200715,000000,107.96,107.96,107.96,107.96,0,0
2890.N,D,20200716,000000,107.98,107.98,107.98,107.98,0,0
2890.N,D,20200717,000000,107.95,107.95,107.95,107.95,0,0
2890.N,D,20200720,000000,107.95,107.95,107.95,107.95,0,0
2890.N,D,20200721,000000,107.97,107.97,107.97,107.97,0,0
2890.N,D,20200722,000000,107.97,107.97,107.97,107.97,0,0
2890.N,D,20200723,000000,108.02,108.02,108.02,108.02,0,0
2890.N,D,20200724,000000,108.03,108.03,108.03,108.03,0,0
2890.N,D,20200727,000000,108.03,108.03,108.03,108.03,0,0
2890.N,D,20200728,000000,108.05,108.05,108.05,108.05,0,0
2890.N,D,20200729,000000,108.05,108.05,108.05,108.05,0,0
2890.N,D,20200730,000000,108.07,108.07,108.07,108.07,0,0
2890.N,D,20200731,000000,108.05,108.05,108.05,108.05,0,0
2890.N,D,20200803,000000,107.99,107.99,107.99,107.99,0,0
2890.N,D,20200804,000000,108,108,108,108,0,0
2890.N,D,20200805,000000,108,108,108,108,0,0
2890.N,D,20200806,000000,108.02,108.02,108.02,108.02,0,0
2890.N,D,20200807,000000,108.02,108.02,108.02,108.02,0,0
2890.N,D,20200810,000000,108.02,108.02,108.02,108.02,0,0
2890.N,D,20200811,000000,108.02,108.02,108.02,108.02,0,0
2890.N,D,20200812,000000,108.05,108.05,108.05,108.05,0,0
2890.N,D,20200813,000000,108.08,108.08,108.08,108.08,0,0
2890.N,D,20200814,000000,108.06,108.06,108.06,108.06,0,0
2890.N,D,20200817,000000,108.06,108.06,108.06,108.06,0,0
2890.N,D,20200818,000000,108.07,108.07,108.07,108.07,0,0
2890.N,D,20200819,000000,108.11,108.11,108.11,108.11,0,0
2890.N,D,20200820,000000,108.13,108.13,108.13,108.13,0,0
2890.N,D,20200821,000000,108.14,108.14,108.14,108.14,0,0
2890.N,D,20200824,000000,108.13,108.13,108.13,108.13,0,0
2890.N,D,20200825,000000,108.14,108.14,108.14,108.14,0,0
2890.N,D,20200826,000000,108.15,108.15,108.15,108.15,0,0
2890.N,D,20200827,000000,108.13,108.13,108.13,108.13,0,0
2890.N,D,20200828,000000,108.08,108.08,108.08,108.08,0,0
2890.N,D,20200831,000000,108.08,108.08,108.08,108.08,0,0
2890.N,D,20200901,000000,108.09,108.09,108.09,108.09,0,0
2890.N,D,20200902,000000,108.1,108.1,108.1,108.1,0,0
2890.N,D,20200903,000000,108.11,108.11,108.11,108.11,0,0
2890.N,D,20200904,000000,108.12,108.12,108.12,108.12,0,0
2890.N,D,20200907,000000,108.12,108.12,108.12,108.12,0,0
2890.N,D,20200908,000000,108.12,108.12,108.12,108.12,0,0
2890.N,D,20200909,000000,108.12,108.12,108.12,108.12,0,0
2890.N,D,20200910,000000,108.12,108.12,108.12,108.12,0,0
2890.N,D,20200911,000000,108.12,108.12,108.12,108.12,0,0
2890.N,D,20200914,000000,108.13,108.13,108.13,108.13,0,0
2890.N,D,20200915,000000,108.14,108.14,108.14,108.14,0,0
2890.N,D,20200916,000000,108.14,108.14,108.14,108.14,0,0
2890.N,D,20200917,000000,108.14,108.14,108.14,108.14,0,0
2890.N,D,20200918,000000,108.15,108.15,108.15,108.15,0,0
2890.N,D,20200921,000000,108.14,108.14,108.14,108.14,0,0
2890.N,D,20200922,000000,108.11,108.11,108.11,108.11,0,0
2890.N,D,20200923,000000,108.07,108.07,108.07,108.07,0,0
2890.N,D,20200924,000000,108.06,108.06,108.06,108.06,0,0
2890.N,D,20200925,000000,108.04,108.04,108.04,108.04,0,0
2890.N,D,20200928,000000,108.04,108.04,108.04,108.04,0,0
2890.N,D,20200929,000000,108.06,108.06,108.06,108.06,0,0
2890.N,D,20200930,000000,108.1,108.1,108.1,108.1,0,0
2890.N,D,20201001,000000,108.01,108.01,108.01,108.01,0,0
2890.N,D,20201002,000000,108.02,108.02,108.02,108.02,0,0
2890.N,D,20201005,000000,108.06,108.06,108.06,108.06,0,0
2890.N,D,20201006,000000,108.04,108.04,108.04,108.04,0,0
2890.N,D,20201007,000000,108.08,108.08,108.08,108.08,0,0
2890.N,D,20201008,000000,108.08,108.08,108.08,108.08,0,0
2890.N,D,20201009,000000,108.08,108.08,108.08,108.08,0,0
2890.N,D,20201012,000000,108.08,108.08,108.08,108.08,0,0
2890.N,D,20201013,000000,108.08,108.08,108.08,108.08,0,0
2890.N,D,20201014,000000,108.08,108.08,108.08,108.08,0,0
2890.N,D,20201015,000000,108.06,108.06,108.06,108.06,0,0
2890.N,D,20201016,000000,108.05,108.05,108.05,108.05,0,0
2890.N,D,20201019,000000,108.04,108.04,108.04,108.04,0,0
2890.N,D,20201020,000000,108.06,108.06,108.06,108.06,0,0
2890.N,D,20201021,000000,108.08,108.08,108.08,108.08,0,0
2890.N,D,20201022,000000,108.09,108.09,108.09,108.09,0,0
2890.N,D,20201023,000000,108.14,108.14,108.14,108.14,0,0
2890.N,D,20201026,000000,108.13,108.13,108.13,108.13,0,0
2890.N,D,20201027,000000,108.18,108.18,108.18,108.18,0,0
2890.N,D,20201028,000000,108.26,108.26,108.26,108.26,0,0
2890.N,D,20201029,000000,108.27,108.27,108.27,108.27,0,0
2890.N,D,20201030,000000,108.33,108.33,108.33,108.33,0,0
2890.N,D,20201102,000000,108.41,108.41,108.41,108.41,0,0
2890.N,D,20201103,000000,108.43,108.43,108.43,108.43,0,0
2890.N,D,20201104,000000,108.44,108.44,108.44,108.44,0,0
2890.N,D,20201105,000000,108.42,108.42,108.42,108.42,0,0
2890.N,D,20201106,000000,108.47,108.47,108.47,108.47,0,0
2890.N,D,20201109,000000,108.68,108.68,108.68,108.68,0,0
2890.N,D,20201110,000000,108.72,108.72,108.72,108.72,0,0
2890.N,D,20201112,000000,108.74,108.74,108.74,108.74,0,0
2890.N,D,20201113,000000,108.73,108.73,108.73,108.73,0,0
2890.N,D,20201116,000000,108.73,108.73,108.73,108.73,0,0
2890.N,D,20201117,000000,108.7,108.7,108.7,108.7,0,0
2890.N,D,20201118,000000,108.69,108.69,108.69,108.69,0,0
2890.N,D,20201119,000000,108.59,108.59,108.59,108.59,0,0
2890.N,D,20201120,000000,108.66,108.66,108.66,108.66,0,0
2890.N,D,20201123,000000,108.67,108.67,108.67,108.67,0,0
2890.N,D,20201124,000000,108.67,108.67,108.67,108.67,0,0
2890.N,D,20201125,000000,108.66,108.66,108.66,108.66,0,0
2890.N,D,20201126,000000,108.66,108.66,108.66,108.66,0,0
2890.N,D,20201127,000000,108.64,108.64,108.64,108.64,0,0
2890.N,D,20201130,000000,108.64,108.64,108.64,108.64,0,0
2890.N,D,20201201,000000,108.55,108.55,108.55,108.55,0,0
2890.N,D,20201202,000000,108.61,108.61,108.61,108.61,0,0
2890.N,D,20201203,000000,108.63,108.63,108.63,108.63,0,0
2890.N,D,20201204,000000,108.55,108.55,108.55,108.55,0,0
2890.N,D,20201207,000000,108.6,108.6,108.6,108.6,0,0
2890.N,D,20201208,000000,108.6,108.6,108.6,108.6,0,0
2890.N,D,20201209,000000,108.64,108.64,108.64,108.64,0,0
2890.N,D,20201210,000000,108.65,108.65,108.65,108.65,0,0
2890.N,D,20201211,000000,108.63,108.63,108.63,108.63,0,0
2890.N,D,20201214,000000,108.61,108.61,108.61,108.61,0,0
2890.N,D,20201215,000000,108.65,108.65,108.65,108.65,0,0
2890.N,D,20201216,000000,108.66,108.66,108.66,108.66,0,0
2890.N,D,20201217,000000,108.68,108.68,108.68,108.68,0,0
2890.N,D,20201218,000000,108.67,108.67,108.67,108.67,0,0
2890.N,D,20201221,000000,108.59,108.59,108.59,108.59,0,0
2890.N,D,20201222,000000,108.63,108.63,108.63,108.63,0,0
2890.N,D,20201223,000000,108.66,108.66,108.66,108.66,0,0
2890.N,D,20201228,000000,108.71,108.71,108.71,108.71,0,0
2890.N,D,20201229,000000,108.7,108.7,108.7,108.7,0,0
2890.N,D,20201230,000000,108.68,108.68,108.68,108.68,0,0
2890.N,D,20210104,000000,108.64,108.64,108.64,108.64,0,0
2890.N,D,20210105,000000,108.62,108.62,108.62,108.62,0,0
2890.N,D,20210107,000000,108.62,108.62,108.62,108.62,0,0
2890.N,D,20210108,000000,108.62,108.62,108.62,108.62,0,0
2890.N,D,20210111,000000,108.65,108.65,108.65,108.65,0,0
2890.N,D,20210112,000000,108.68,108.68,108.68,108.68,0,0
2890.N,D,20210113,000000,108.71,108.71,108.71,108.71,0,0
2890.N,D,20210114,000000,108.71,108.71,108.71,108.71,0,0
2890.N,D,20210115,000000,108.74,108.74,108.74,108.74,0,0
2890.N,D,20210118,000000,108.74,108.74,108.74,108.74,0,0
2890.N,D,20210119,000000,108.74,108.74,108.74,108.74,0,0
2890.N,D,20210120,000000,108.72,108.72,108.72,108.72,0,0
2890.N,D,20210121,000000,108.73,108.73,108.73,108.73,0,0
2890.N,D,20210122,000000,108.77,108.77,108.77,108.77,0,0
2890.N,D,20210125,000000,108.77,108.77,108.77,108.77,0,0
2890.N,D,20210126,000000,108.77,108.77,108.77,108.77,0,0
2890.N,D,20210127,000000,108.78,108.78,108.78,108.78,0,0
2890.N,D,20210128,000000,108.76,108.76,108.76,108.76,0,0
2890.N,D,20210129,000000,108.77,108.77,108.77,108.77,0,0
2890.N,D,20210201,000000,108.79,108.79,108.79,108.79,0,0
2890.N,D,20210202,000000,108.8,108.8,108.8,108.8,0,0
2890.N,D,20210203,000000,108.8,108.8,108.8,108.8,0,0
2890.N,D,20210204,000000,108.8,108.8,108.8,108.8,0,0
2890.N,D,20210205,000000,108.81,108.81,108.81,108.81,0,0
2890.N,D,20210208,000000,108.82,108.82,108.82,108.82,0,0
2890.N,D,20210209,000000,108.83,108.83,108.83,108.83,0,0
2890.N,D,20210210,000000,108.84,108.84,108.84,108.84,0,0
2890.N,D,20210211,000000,108.83,108.83,108.83,108.83,0,0
2890.N,D,20210212,000000,108.82,108.82,108.82,108.82,0,0
2890.N,D,20210215,000000,108.82,108.82,108.82,108.82,0,0
2890.N,D,20210216,000000,108.82,108.82,108.82,108.82,0,0
2890.N,D,20210217,000000,108.81,108.81,108.81,108.81,0,0
2890.N,D,20210218,000000,108.81,108.81,108.81,108.81,0,0
2890.N,D,20210219,000000,108.81,108.81,108.81,108.81,0,0
2890.N,D,20210222,000000,108.8,108.8,108.8,108.8,0,0
2890.N,D,20210223,000000,108.8,108.8,108.8,108.8,0,0
2890.N,D,20210224,000000,108.8,108.8,108.8,108.8,0,0
2890.N,D,20210225,000000,108.8,108.8,108.8,108.8,0,0
2890.N,D,20210226,000000,108.8,108.8,108.8,108.8,0,0
2890.N,D,20210301,000000,108.86,108.86,108.86,108.86,0,0
2890.N,D,20210302,000000,108.86,108.86,108.86,108.86,0,0
2890.N,D,20210303,000000,108.87,108.87,108.87,108.87,0,0
2890.N,D,20210304,000000,108.85,108.85,108.85,108.85,0,0
2890.N,D,20210305,000000,108.84,108.84,108.84,108.84,0,0
2890.N,D,20210308,000000,108.84,108.84,108.84,108.84,0,0
2890.N,D,20210309,000000,108.84,108.84,108.84,108.84,0,0
2890.N,D,20210310,000000,108.85,108.85,108.85,108.85,0,0
2890.N,D,20210311,000000,108.82,108.82,108.82,108.82,0,0
2890.N,D,20210312,000000,108.84,108.84,108.84,108.84,0,0
2890.N,D,20210315,000000,108.84,108.84,108.84,108.84,0,0
2890.N,D,20210316,000000,108.85,108.85,108.85,108.85,0,0
2890.N,D,20210317,000000,108.9,108.9,108.9,108.9,0,0
2890.N,D,20210318,000000,108.9,108.9,108.9,108.9,0,0
2890.N,D,20210319,000000,108.9,108.9,108.9,108.9,0,0
2890.N,D,20210322,000000,108.86,108.86,108.86,108.86,0,0
2890.N,D,20210323,000000,108.86,108.86,108.86,108.86,0,0
2890.N,D,20210324,000000,108.87,108.87,108.87,108.87,0,0
2890.N,D,20210325,000000,108.86,108.86,108.86,108.86,0,0
2890.N,D,20210326,000000,108.86,108.86,108.86,108.86,0,0
2890.N,D,20210329,000000,108.87,108.87,108.87,108.87,0,0
2890.N,D,20210330,000000,108.87,108.87,108.87,108.87,0,0
2890.N,D,20210331,000000,108.87,108.87,108.87,108.87,0,0
2890.N,D,20210401,000000,108.9,108.9,108.9,108.9,0,0
2890.N,D,20210406,000000,108.91,108.91,108.91,108.91,0,0
2890.N,D,20210407,000000,108.91,108.91,108.91,108.91,0,0
2890.N,D,20210408,000000,108.9,108.9,108.9,108.9,0,0
2890.N,D,20210409,000000,108.9,108.9,108.9,108.9,0,0
2890.N,D,20210412,000000,108.9,108.9,108.9,108.9,0,0
2890.N,D,20210413,000000,108.9,108.9,108.9,108.9,0,0
2890.N,D,20210414,000000,108.9,108.9,108.9,108.9,0,0
2890.N,D,20210415,000000,108.91,108.91,108.91,108.91,0,0
2890.N,D,20210416,000000,108.91,108.91,108.91,108.91,0,0
2890.N,D,20210419,000000,108.91,108.91,108.91,108.91,0,0
2890.N,D,20210420,000000,108.91,108.91,108.91,108.91,0,0
2890.N,D,20210421,000000,108.91,108.91,108.91,108.91,0,0
2890.N,D,20210422,000000,108.9,108.9,108.9,108.9,0,0
2890.N,D,20210423,000000,108.91,108.91,108.91,108.91,0,0
2890.N,D,20210426,000000,108.92,108.92,108.92,108.92,0,0
2890.N,D,20210427,000000,108.92,108.92,108.92,108.92,0,0
2890.N,D,20210428,000000,108.92,108.92,108.92,108.92,0,0
2890.N,D,20210429,000000,108.93,108.93,108.93,108.93,0,0
2890.N,D,20210430,000000,108.92,108.92,108.92,108.92,0,0
2890.N,D,20210504,000000,108.92,108.92,108.92,108.92,0,0
2890.N,D,20210505,000000,108.92,108.92,108.92,108.92,0,0
2890.N,D,20210506,000000,108.91,108.91,108.91,108.91,0,0
2890.N,D,20210507,000000,108.9,108.9,108.9,108.9,0,0
2890.N,D,20210510,000000,108.81,108.81,108.81,108.81,0,0
2890.N,D,20210511,000000,108.79,108.79,108.79,108.79,0,0
2890.N,D,20210512,000000,108.77,108.77,108.77,108.77,0,0
2890.N,D,20210513,000000,108.72,108.72,108.72,108.72,0,0
2890.N,D,20210514,000000,108.72,108.72,108.72,108.72,0,0
2890.N,D,20210517,000000,108.65,108.65,108.65,108.65,0,0
2890.N,D,20210518,000000,108.69,108.69,108.69,108.69,0,0
2890.N,D,20210519,000000,108.72,108.72,108.72,108.72,0,0
2890.N,D,20210520,000000,108.74,108.74,108.74,108.74,0,0
2890.N,D,20210521,000000,108.76,108.76,108.76,108.76,0,0
2890.N,D,20210524,000000,108.75,108.75,108.75,108.75,0,0
2890.N,D,20210525,000000,108.76,108.76,108.76,108.76,0,0
2890.N,D,20210526,000000,108.77,108.77,108.77,108.77,0,0
2890.N,D,20210527,000000,108.74,108.74,108.74,108.74,0,0
2890.N,D,20210528,000000,108.74,108.74,108.74,108.74,0,0
2890.N,D,20210531,000000,108.74,108.74,108.74,108.74,0,0
2890.N,D,20210601,000000,108.72,108.72,108.72,108.72,0,0
2890.N,D,20210602,000000,108.72,108.72,108.72,108.72,0,0
2890.N,D,20210604,000000,108.71,108.71,108.71,108.71,0,0
2890.N,D,20210607,000000,108.7,108.7,108.7,108.7,0,0
2890.N,D,20210608,000000,108.69,108.69,108.69,108.69,0,0
2890.N,D,20210609,000000,108.68,108.68,108.68,108.68,0,0
2890.N,D,20210610,000000,108.68,108.68,108.68,108.68,0,0
2890.N,D,20210611,000000,108.68,108.68,108.68,108.68,0,0
2890.N,D,20210614,000000,108.68,108.68,108.68,108.68,0,0
2890.N,D,20210615,000000,108.67,108.67,108.67,108.67,0,0
2890.N,D,20210616,000000,108.67,108.67,108.67,108.67,0,0
2890.N,D,20210617,000000,108.67,108.67,108.67,108.67,0,0
2890.N,D,20210618,000000,108.67,108.67,108.67,108.67,0,0
2890.N,D,20210621,000000,108.66,108.66,108.66,108.66,0,0
2890.N,D,20210622,000000,108.66,108.66,108.66,108.66,0,0
2890.N,D,20210623,000000,108.67,108.67,108.67,108.67,0,0
2890.N,D,20210624,000000,108.67,108.67,108.67,108.67,0,0
2890.N,D,20210625,000000,108.67,108.67,108.67,108.67,0,0
2890.N,D,20210628,000000,108.67,108.67,108.67,108.67,0,0
2890.N,D,20210629,000000,108.67,108.67,108.67,108.67,0,0
2890.N,D,20210630,000000,108.66,108.66,108.66,108.66,0,0
2890.N,D,20210701,000000,108.7,108.7,108.7,108.7,0,0
2890.N,D,20210702,000000,108.64,108.64,108.64,108.64,0,0
2890.N,D,20210705,000000,108.6,108.6,108.6,108.6,0,0
2890.N,D,20210706,000000,108.68,108.68,108.68,108.68,0,0
2890.N,D,20210707,000000,108.69,108.69,108.69,108.69,0,0
2890.N,D,20210708,000000,108.66,108.66,108.66,108.66,0,0
2890.N,D,20210709,000000,108.6,108.6,108.6,108.6,0,0
2890.N,D,20210712,000000,108.38,108.38,108.38,108.38,0,0
2890.N,D,20210713,000000,108.4,108.4,108.4,108.4,0,0
2890.N,D,20210714,000000,108.42,108.42,108.42,108.42,0,0
2890.N,D,20210715,000000,108.43,108.43,108.43,108.43,0,0
2890.N,D,20210716,000000,108.43,108.43,108.43,108.43,0,0
2890.N,D,20210719,000000,108.54,108.54,108.54,108.54,0,0
2890.N,D,20210720,000000,108.48,108.48,108.48,108.48,0,0
2890.N,D,20210721,000000,108.43,108.43,108.43,108.43,0,0
2890.N,D,20210722,000000,108.5,108.5,108.5,108.5,0,0
2890.N,D,20210723,000000,108.54,108.54,108.54,108.54,0,0
2890.N,D,20210726,000000,108.54,108.54,108.54,108.54,0,0
2890.N,D,20210727,000000,108.59,108.59,108.59,108.59,0,0
2890.N,D,20210728,000000,108.54,108.54,108.54,108.54,0,0
2890.N,D,20210729,000000,108.47,108.47,108.47,108.47,0,0
2890.N,D,20210730,000000,108.39,108.39,108.39,108.39,0,0
2890.N,D,20210802,000000,108.44,108.44,108.44,108.44,0,0
2890.N,D,20210803,000000,108.41,108.41,108.41,108.41,0,0
2890.N,D,20210804,000000,108.42,108.42,108.42,108.42,0,0
2890.N,D,20210805,000000,108.43,108.43,108.43,108.43,0,0
2890.N,D,20210806,000000,108.4,108.4,108.4,108.4,0,0
2890.N,D,20210809,000000,108.4,108.4,108.4,108.4,0,0
2890.N,D,20210810,000000,108.42,108.42,108.42,108.42,0,0
2890.N,D,20210811,000000,108.42,108.42,108.42,108.42,0,0
2890.N,D,20210812,000000,108.42,108.42,108.42,108.42,0,0
2890.N,D,20210813,000000,108.44,108.44,108.44,108.44,0,0
2890.N,D,20210816,000000,108.49,108.49,108.49,108.49,0,0
2890.N,D,20210817,000000,108.51,108.51,108.51,108.51,0,0
2890.N,D,20210818,000000,108.51,108.51,108.51,108.51,0,0
2890.N,D,20210819,000000,108.5,108.5,108.5,108.5,0,0
2890.N,D,20210820,000000,108.53,108.53,108.53,108.53,0,0
2890.N,D,20210823,000000,108.55,108.55,108.55,108.55,0,0
2890.N,D,20210824,000000,108.52,108.52,108.52,108.52,0,0
2890.N,D,20210825,000000,108.53,108.53,108.53,108.53,0,0
2890.N,D,20210826,000000,108.5,108.5,108.5,108.5,0,0
2890.N,D,20210827,000000,108.48,108.48,108.48,108.48,0,0
2890.N,D,20210830,000000,108.47,108.47,108.47,108.47,0,0
2890.N,D,20210831,000000,108.4,108.4,108.4,108.4,0,0
2890.N,D,20210901,000000,108.42,108.42,108.42,108.42,0,0
2890.N,D,20210902,000000,108.39,108.39,108.39,108.39,0,0
2890.N,D,20210903,000000,108.34,108.34,108.34,108.34,0,0
2890.N,D,20210906,000000,108.36,108.36,108.36,108.36,0,0
2890.N,D,20210907,000000,108.35,108.35,108.35,108.35,0,0
2890.N,D,20210908,000000,108.31,108.31,108.31,108.31,0,0
2890.N,D,20210909,000000,108.34,108.34,108.34,108.34,0,0
2890.N,D,20210910,000000,108.35,108.35,108.35,108.35,0,0
2890.N,D,20210913,000000,108.35,108.35,108.35,108.35,0,0
2890.N,D,20210914,000000,108.35,108.35,108.35,108.35,0,0
2890.N,D,20210915,000000,108.34,108.34,108.34,108.34,0,0
2890.N,D,20210916,000000,108.32,108.32,108.32,108.32,0,0
2890.N,D,20210917,000000,108.3,108.3,108.3,108.3,0,0
2890.N,D,20210920,000000,108.35,108.35,108.35,108.35,0,0
2890.N,D,20210921,000000,108.31,108.31,108.31,108.31,0,0
2890.N,D,20210922,000000,108.32,108.32,108.32,108.32,0,0
2890.N,D,20210923,000000,108.28,108.28,108.28,108.28,0,0
2890.N,D,20210924,000000,108.23,108.23,108.23,108.23,0,0
2890.N,D,20210927,000000,108.29,108.29,108.29,108.29,0,0
2890.N,D,20210928,000000,108.29,108.29,108.29,108.29,0,0
2890.N,D,20210929,000000,108.26,108.26,108.26,108.26,0,0
2890.N,D,20210930,000000,108.26,108.26,108.26,108.26,0,0
2890.N,D,20211001,000000,108.24,108.24,108.24,108.24,0,0
2890.N,D,20211004,000000,108.18,108.18,108.18,108.18,0,0
2890.N,D,20211005,000000,108.11,108.11,108.11,108.11,0,0
2890.N,D,20211006,000000,108.06,108.06,108.06,108.06,0,0
2890.N,D,20211007,000000,107.97,107.97,107.97,107.97,0,0
2890.N,D,20211008,000000,108.01,108.01,108.01,108.01,0,0
2890.N,D,20211011,000000,107.94,107.94,107.94,107.94,0,0
2890.N,D,20211012,000000,107.87,107.87,107.87,107.87,0,0
2890.N,D,20211013,000000,107.66,107.66,107.66,107.66,0,0
2890.N,D,20211014,000000,107.86,107.86,107.86,107.86,0,0
2890.N,D,20211015,000000,107.84,107.84,107.84,107.84,0,0
2890.N,D,20211018,000000,107.77,107.77,107.77,107.77,0,0
2890.N,D,20211019,000000,107.76,107.76,107.76,107.76,0,0
2890.N,D,20211020,000000,107.63,107.63,107.63,107.63,0,0
2890.N,D,20211021,000000,107.59,107.59,107.59,107.59,0,0
2890.N,D,20211022,000000,107.53,107.53,107.53,107.53,0,0
2890.N,D,20211025,000000,107.48,107.48,107.48,107.48,0,0
2890.N,D,20211026,000000,107.53,107.53,107.53,107.53,0,0
2890.N,D,20211027,000000,107.55,107.55,107.55,107.55,0,0
2890.N,D,20211028,000000,107.49,107.49,107.49,107.49,0,0
2890.N,D,20211029,000000,107.48,107.48,107.48,107.48,0,0
2890.N,D,20211102,000000,107.35,107.35,107.35,107.35,0,0
2890.N,D,20211103,000000,107.25,107.25,107.25,107.25,0,0
2890.N,D,20211104,000000,106.95,106.95,106.95,106.95,0,0
2890.N,D,20211105,000000,106.97,106.97,106.97,106.97,0,0
2890.N,D,20211108,000000,106.67,106.67,106.67,106.67,0,0
2890.N,D,20211109,000000,106.85,106.85,106.85,106.85,0,0
2890.N,D,20211110,000000,106.81,106.81,106.81,106.81,0,0
2890.N,D,20211112,000000,106.76,106.76,106.76,106.76,0,0
2890.N,D,20211115,000000,106.71,106.71,106.71,106.71,0,0
2890.N,D,20211116,000000,106.84,106.84,106.84,106.84,0,0
2890.N,D,20211117,000000,106.81,106.81,106.81,106.81,0,0
2890.N,D,20211118,000000,106.7,106.7,106.7,106.7,0,0
2890.N,D,20211119,000000,106.7,106.7,106.7,106.7,0,0
2890.N,D,20211122,000000,106.55,106.55,106.55,106.55,0,0
2890.N,D,20211123,000000,106.26,106.26,106.26,106.26,0,0
2890.N,D,20211124,000000,106.11,106.11,106.11,106.11,0,0
2890.N,D,20211125,000000,106.07,106.07,106.07,106.07,0,0
2890.N,D,20211126,000000,106.19,106.19,106.19,106.19,0,0
2890.N,D,20211129,000000,106.14,106.14,106.14,106.14,0,0
2890.N,D,20211130,000000,106.11,106.11,106.11,106.11,0,0
2890.N,D,20211201,000000,105.99,105.99,105.99,105.99,0,0
2890.N,D,20211202,000000,106.01,106.01,106.01,106.01,0,0
2890.N,D,20211203,000000,106.08,106.08,106.08,106.08,0,0
2890.N,D,20211206,000000,106.14,106.14,106.14,106.14,0,0
2890.N,D,20211207,000000,106.14,106.14,106.14,106.14,0,0
2890.N,D,20211208,000000,106.25,106.25,106.25,106.25,0,0
2890.N,D,20211209,000000,106.26,106.26,106.26,106.26,0,0
2890.N,D,20211210,000000,106.24,106.24,106.24,106.24,0,0
2890.N,D,20211213,000000,106.22,106.22,106.22,106.22,0,0
2890.N,D,20211214,000000,106.25,106.25,106.25,106.25,0,0
2890.N,D,20211215,000000,106.24,106.24,106.24,106.24,0,0
2890.N,D,20211216,000000,106.21,106.21,106.21,106.21,0,0
2890.N,D,20211217,000000,106.22,106.22,106.22,106.22,0,0
2890.N,D,20211220,000000,106.14,106.14,106.14,106.14,0,0
2890.N,D,20211221,000000,106.17,106.17,106.17,106.17,0,0
2890.N,D,20211222,000000,106.26,106.26,106.26,106.26,0,0
2890.N,D,20211223,000000,106.13,106.13,106.13,106.13,0,0
2890.N,D,20211227,000000,106.2,106.2,106.2,106.2,0,0
2890.N,D,20211228,000000,106.23,106.23,106.23,106.23,0,0
2890.N,D,20211229,000000,106.22,106.22,106.22,106.22,0,0
2890.N,D,20211230,000000,106.35,106.35,106.35,106.35,0,0
2890.N,D,20220103,000000,106.4,106.4,106.4,106.4,0,0
2890.N,D,20220104,000000,106.4,106.4,106.4,106.4,0,0
2890.N,D,20220105,000000,106.52,106.52,106.52,106.52,0,0
2890.N,D,20220107,000000,106.39,106.39,106.39,106.39,0,0
2890.N,D,20220110,000000,106.41,106.41,106.41,106.41,0,0
2890.N,D,20220111,000000,106.39,106.39,106.39,106.39,0,0
2890.N,D,20220112,000000,106.45,106.45,106.45,106.45,0,0
2890.N,D,20220113,000000,106.53,106.53,106.53,106.53,0,0
2890.N,D,20220114,000000,106.5,106.5,106.5,106.5,0,0
2890.N,D,20220117,000000,106.52,106.52,106.52,106.52,0,0
2890.N,D,20220118,000000,106.51,106.51,106.51,106.51,0,0
2890.N,D,20220119,000000,106.53,106.53,106.53,106.53,0,0
2890.N,D,20220120,000000,106.54,106.54,106.54,106.54,0,0
2890.N,D,20220121,000000,106.65,106.65,106.65,106.65,0,0
2890.N,D,20220124,000000,106.49,106.49,106.49,106.49,0,0
2890.N,D,20220125,000000,106.43,106.43,106.43,106.43,0,0
2890.N,D,20220126,000000,106.51,106.51,106.51,106.51,0,0
2890.N,D,20220127,000000,106.55,106.55,106.55,106.55,0,0
2890.N,D,20220128,000000,106.45,106.45,106.45,106.45,0,0
2890.N,D,20220131,000000,106.42,106.42,106.42,106.42,0,0
2890.N,D,20220201,000000,106.45,106.45,106.45,106.45,0,0
2890.N,D,20220202,000000,106.55,106.55,106.55,106.55,0,0
2890.N,D,20220203,000000,106.51,106.51,106.51,106.51,0,0
2890.N,D,20220204,000000,106.44,106.44,106.44,106.44,0,0
2890.N,D,20220207,000000,106.44,106.44,106.44,106.44,0,0
2890.N,D,20220208,000000,106.38,106.38,106.38,106.38,0,0
2890.N,D,20220209,000000,106.38,106.38,106.38,106.38,0,0
2890.N,D,20220210,000000,106.38,106.38,106.38,106.38,0,0
2890.N,D,20220211,000000,106.39,106.39,106.39,106.39,0,0
2890.N,D,20220214,000000,106.2,106.2,106.2,106.2,0,0
2890.N,D,20220215,000000,106.29,106.29,106.29,106.29,0,0
2890.N,D,20220216,000000,106.33,106.33,106.33,106.33,0,0
2890.N,D,20220217,000000,106.47,106.47,106.47,106.47,0,0
2890.N,D,20220218,000000,106.43,106.43,106.43,106.43,0,0
2890.N,D,20220221,000000,106.43,106.43,106.43,106.43,0,0
2890.N,D,20220222,000000,106.25,106.25,106.25,106.25,0,0
2890.N,D,20220223,000000,106.21,106.21,106.21,106.21,0,0
2890.N,D,20220224,000000,105.7,105.7,105.7,105.7,0,0
2890.N,D,20220225,000000,105.68,105.68,105.68,105.68,0,0
2890.N,D,20220228,000000,105.44,105.44,105.44,105.44,0,0
2890.N,D,20220301,000000,105.51,105.51,105.51,105.51,0,0
2890.N,D,20220302,000000,105.15,105.15,105.15,105.15,0,0
2890.N,D,20220303,000000,104.95,104.95,104.95,104.95,0,0
2890.N,D,20220304,000000,104.56,104.56,104.56,104.56,0,0
2890.N,D,20220307,000000,103.74,103.74,103.74,103.74,0,0
2890.N,D,20220308,000000,103.73,103.73,103.73,103.73,0,0
2890.N,D,20220309,000000,103.51,103.51,103.51,103.51,0,0
2890.N,D,20220310,000000,103.63,103.63,103.63,103.63,0,0
2890.N,D,20220311,000000,103.46,103.46,103.46,103.46,0,0
2890.N,D,20220314,000000,103.34,103.34,103.34,103.34,0,0
2890.N,D,20220315,000000,103.32,103.32,103.32,103.32,0,0
2890.N,D,20220316,000000,103.48,103.48,103.48,103.48,0,0
2890.N,D,20220317,000000,103.89,103.89,103.89,103.89,0,0
2890.N,D,20220318,000000,104.06,104.06,104.06,104.06,0,0
2890.N,D,20220321,000000,104.09,104.09,104.09,104.09,0,0
2890.N,D,20220322,000000,103.94,103.94,103.94,103.94,0,0
2890.N,D,20220323,000000,104,104,104,104,0,0
2890.N,D,20220324,000000,103.77,103.77,103.77,103.77,0,0
2890.N,D,20220325,000000,103.78,103.78,103.78,103.78,0,0
2890.N,D,20220328,000000,103.83,103.83,103.83,103.83,0,0
2890.N,D,20220329,000000,103.89,103.89,103.89,103.89,0,0
2890.N,D,20220330,000000,103.96,103.96,103.96,103.96,0,0
2890.N,D,20220331,000000,104.1,104.1,104.1,104.1,0,0
2890.N,D,20220401,000000,104.06,104.06,104.06,104.06,0,0
2890.N,D,20220404,000000,104.11,104.11,104.11,104.11,0,0
2890.N,D,20220405,000000,104.06,104.06,104.06,104.06,0,0
2890.N,D,20220406,000000,103.94,103.94,103.94,103.94,0,0
2890.N,D,20220407,000000,103.59,103.59,103.59,103.59,0,0
2890.N,D,20220408,000000,103.11,103.11,103.11,103.11,0,0
2890.N,D,20220411,000000,102.98,102.98,102.98,102.98,0,0
2890.N,D,20220412,000000,102.96,102.96,102.96,102.96,0,0
2890.N,D,20220413,000000,103.11,103.11,103.11,103.11,0,0
2890.N,D,20220414,000000,103.12,103.12,103.12,103.12,0,0
2890.N,D,20220419,000000,102.89,102.89,102.89,102.89,0,0
2890.N,D,20220420,000000,103,103,103,103,0,0
2890.N,D,20220421,000000,102.95,102.95,102.95,102.95,0,0
2890.N,D,20220422,000000,102.87,102.87,102.87,102.87,0,0
2890.N,D,20220425,000000,102.84,102.84,102.84,102.84,0,0
2890.N,D,20220426,000000,102.91,102.91,102.91,102.91,0,0
2890.N,D,20220427,000000,102.72,102.72,102.72,102.72,0,0
2890.N,D,20220428,000000,102.77,102.77,102.77,102.77,0,0
2890.N,D,20220429,000000,102.9,102.9,102.9,102.9,0,0
2890.N,D,20220502,000000,102.73,102.73,102.73,102.73,0,0
2890.N,D,20220504,000000,102.73,102.73,102.73,102.73,0,0
2890.N,D,20220505,000000,102.74,102.74,102.74,102.74,0,0
2890.N,D,20220506,000000,102.85,102.85,102.85,102.85,0,0
2890.N,D,20220509,000000,102.77,102.77,102.77,102.77,0,0
2890.N,D,20220510,000000,102.71,102.71,102.71,102.71,0,0
2890.N,D,20220511,000000,102.68,102.68,102.68,102.68,0,0
2890.N,D,20220512,000000,102.82,102.82,102.82,102.82,0,0
2890.N,D,20220513,000000,102.96,102.96,102.96,102.96,0,0
2890.N,D,20220516,000000,103.08,103.08,103.08,103.08,0,0
2890.N,D,20220517,000000,103.21,103.21,103.21,103.21,0,0
2890.N,D,20220518,000000,103.16,103.16,103.16,103.16,0,0
2890.N,D,20220519,000000,103.18,103.18,103.18,103.18,0,0
2890.N,D,20220520,000000,103.22,103.22,103.22,103.22,0,0
2890.N,D,20220523,000000,103.48,103.48,103.48,103.48,0,0
2890.N,D,20220524,000000,103.52,103.52,103.52,103.52,0,0
2890.N,D,20220525,000000,103.56,103.56,103.56,103.56,0,0
2890.N,D,20220526,000000,103.57,103.57,103.57,103.57,0,0
2890.N,D,20220527,000000,103.59,103.59,103.59,103.59,0,0
2890.N,D,20220530,000000,103.79,103.79,103.79,103.79,0,0
2890.N,D,20220531,000000,103.82,103.82,103.82,103.82,0,0
2890.N,D,20220601,000000,103.84,103.84,103.84,103.84,0,0
2890.N,D,20220602,000000,103.78,103.78,103.78,103.78,0,0
2890.N,D,20220603,000000,103.78,103.78,103.78,103.78,0,0
2890.N,D,20220606,000000,103.97,103.97,103.97,103.97,0,0
2890.N,D,20220607,000000,104.03,104.03,104.03,104.03,0,0
2890.N,D,20220608,000000,104.01,104.01,104.01,104.01,0,0
2890.N,D,20220609,000000,103.91,103.91,103.91,103.91,0,0
2890.N,D,20220610,000000,103.78,103.78,103.78,103.78,0,0
2890.N,D,20220613,000000,103.19,103.19,103.19,103.19,0,0
2890.N,D,20220614,000000,103.06,103.06,103.06,103.06,0,0
2890.N,D,20220615,000000,102.97,102.97,102.97,102.97,0,0
2890.N,D,20220617,000000,102.82,102.82,102.82,102.82,0,0
2890.N,D,20220620,000000,102.15,102.15,102.15,102.15,0,0
2890.N,D,20220621,000000,102.38,102.38,102.38,102.38,0,0
2890.N,D,20220622,000000,102.56,102.56,102.56,102.56,0,0
2890.N,D,20220623,000000,102.66,102.66,102.66,102.66,0,0
2890.N,D,20220624,000000,102.66,102.66,102.66,102.66,0,0
2890.N,D,20220627,000000,102.35,102.35,102.35,102.35,0,0
2890.N,D,20220628,000000,102.52,102.52,102.52,102.52,0,0
2890.N,D,20220629,000000,102.55,102.55,102.55,102.55,0,0
2890.N,D,20220630,000000,102.38,102.38,102.38,102.38,0,0
2890.N,D,20220701,000000,102.63,102.63,102.63,102.63,0,0
2890.N,D,20220704,000000,102.6,102.6,102.6,102.6,0,0
2890.N,D,20220705,000000,102.54,102.54,102.54,102.54,0,0
2890.N,D,20220706,000000,102.5,102.5,102.5,102.5,0,0
2890.N,D,20220707,000000,102.43,102.43,102.43,102.43,0,0
2890.N,D,20220708,000000,102.56,102.56,102.56,102.56,0,0
2890.N,D,20220711,000000,102.67,102.67,102.67,102.67,0,0
2890.N,D,20220712,000000,102.61,102.61,102.61,102.61,0,0
2890.N,D,20220713,000000,102.58,102.58,102.58,102.58,0,0
2890.N,D,20220714,000000,102.48,102.48,102.48,102.48,0,0
2890.N,D,20220715,000000,102.64,102.64,102.64,102.64,0,0
2890.N,D,20220718,000000,103.03,103.03,103.03,103.03,0,0
2890.N,D,20220719,000000,103.05,103.05,103.05,103.05,0,0
2890.N,D,20220720,000000,103.22,103.22,103.22,103.22,0,0
2890.N,D,20220721,000000,103.43,103.43,103.43,103.43,0,0
2890.N,D,20220722,000000,103.75,103.75,103.75,103.75,0,0
2890.N,D,20220725,000000,104.13,104.13,104.13,104.13,0,0
2890.N,D,20220726,000000,104.12,104.12,104.12,104.12,0,0
2890.N,D,20220727,000000,104.06,104.06,104.06,104.06,0,0
2890.N,D,20220728,000000,103.92,103.92,103.92,103.92,0,0
2890.N,D,20220729,000000,103.99,103.99,103.99,103.99,0,0
2890.N,D,20220801,000000,103.62,103.62,103.62,103.62,0,0
2890.N,D,20220802,000000,103.81,103.81,103.81,103.81,0,0
2890.N,D,20220803,000000,103.69,103.69,103.69,103.69,0,0
2890.N,D,20220804,000000,103.8,103.8,103.8,103.8,0,0
2890.N,D,20220805,000000,103.89,103.89,103.89,103.89,0,0
2890.N,D,20220808,000000,103.81,103.81,103.81,103.81,0,0
2890.N,D,20220809,000000,103.81,103.81,103.81,103.81,0,0
2890.N,D,20220810,000000,103.83,103.83,103.83,103.83,0,0
2890.N,D,20220811,000000,103.9,103.9,103.9,103.9,0,0
2890.N,D,20220812,000000,103.94,103.94,103.94,103.94,0,0
2890.N,D,20220816,000000,104.01,104.01,104.01,104.01,0,0
2890.N,D,20220817,000000,103.94,103.94,103.94,103.94,0,0
2890.N,D,20220818,000000,103.92,103.92,103.92,103.92,0,0
2890.N,D,20220819,000000,103.7,103.7,103.7,103.7,0,0
2890.N,D,20220822,000000,103.58,103.58,103.58,103.58,0,0
2890.N,D,20220823,000000,103.35,103.35,103.35,103.35,0,0
2890.N,D,20220824,000000,103.24,103.24,103.24,103.24,0,0
2890.N,D,20220825,000000,103.49,103.49,103.49,103.49,0,0
2890.N,D,20220826,000000,103.41,103.41,103.41,103.41,0,0
2890.N,D,20220829,000000,102.95,102.95,102.95,102.95,0,0
2890.N,D,20220830,000000,103.24,103.24,103.24,103.24,0,0
2890.N,D,20220831,000000,103.17,103.17,103.17,103.17,0,0
2890.N,D,20220901,000000,103.27,103.27,103.27,103.27,0,0
2890.N,D,20220902,000000,103.44,103.44,103.44,103.44,0,0
