<TICKER>,<PER>,<DATE>,<TIME>,<OPEN>,<HIGH>,<LOW>,<CLOSE>,<VOL>,<OPENINT>
3888.N,D,20160107,000000,332.04,332.04,332.04,332.04,0,0
3888.N,D,20160108,000000,332.19,332.19,332.19,332.19,0,0
3888.N,D,20160111,000000,332.24,332.24,332.24,332.24,0,0
3888.N,D,20160112,000000,332.25,332.25,332.25,332.25,0,0
3888.N,D,20160113,000000,332.27,332.27,332.27,332.27,0,0
3888.N,D,20160114,000000,332.35,332.35,332.35,332.35,0,0
3888.N,D,20160115,000000,332.31,332.31,332.31,332.31,0,0
3888.N,D,20160118,000000,332.28,332.28,332.28,332.28,0,0
3888.N,D,20160119,000000,332.26,332.26,332.26,332.26,0,0
3888.N,D,20160120,000000,332.21,332.21,332.21,332.21,0,0
3888.N,D,20160121,000000,332.21,332.21,332.21,332.21,0,0
3888.N,D,20160122,000000,332.24,332.24,332.24,332.24,0,0
3888.N,D,20160125,000000,332.27,332.27,332.27,332.27,0,0
3888.N,D,20160126,000000,332.36,332.36,332.36,332.36,0,0
3888.N,D,20160127,000000,332.37,332.37,332.37,332.37,0,0
3888.N,D,20160128,000000,332.39,332.39,332.39,332.39,0,0
3888.N,D,20160129,000000,332.38,332.38,332.38,332.38,0,0
3888.N,D,20160201,000000,332.4,332.4,332.4,332.4,0,0
3888.N,D,20160202,000000,332.42,332.42,332.42,332.42,0,0
3888.N,D,20160203,000000,332.44,332.44,332.44,332.44,0,0
3888.N,D,20160204,000000,332.51,332.51,332.51,332.51,0,0
3888.N,D,20160205,000000,332.52,332.52,332.52,332.52,0,0
3888.N,D,20160208,000000,332.54,332.54,332.54,332.54,0,0
3888.N,D,20160209,000000,332.56,332.56,332.56,332.56,0,0
3888.N,D,20160210,000000,332.56,332.56,332.56,332.56,0,0
3888.N,D,20160211,000000,332.53,332.53,332.53,332.53,0,0
3888.N,D,20160212,000000,332.56,332.56,332.56,332.56,0,0
3888.N,D,20160215,000000,332.63,332.63,332.63,332.63,0,0
3888.N,D,20160216,000000,332.65,332.65,332.65,332.65,0,0
3888.N,D,20160217,000000,332.67,332.67,332.67,332.67,0,0
3888.N,D,20160218,000000,332.77,332.77,332.77,332.77,0,0
3888.N,D,20160219,000000,332.85,332.85,332.85,332.85,0,0
3888.N,D,20160222,000000,332.9,332.9,332.9,332.9,0,0
3888.N,D,20160223,000000,332.91,332.91,332.91,332.91,0,0
3888.N,D,20160224,000000,332.81,332.81,332.81,332.81,0,0
3888.N,D,20160225,000000,332.86,332.86,332.86,332.86,0,0
3888.N,D,20160226,000000,332.9,332.9,332.9,332.9,0,0
3888.N,D,20160229,000000,332.9,332.9,332.9,332.9,0,0
3888.N,D,20160301,000000,332.89,332.89,332.89,332.89,0,0
3888.N,D,20160302,000000,332.9,332.9,332.9,332.9,0,0
3888.N,D,20160303,000000,332.92,332.92,332.92,332.92,0,0
3888.N,D,20160304,000000,332.94,332.94,332.94,332.94,0,0
3888.N,D,20160307,000000,332.98,332.98,332.98,332.98,0,0
3888.N,D,20160308,000000,333,333,333,333,0,0
3888.N,D,20160309,000000,333.01,333.01,333.01,333.01,0,0
3888.N,D,20160310,000000,333.02,333.02,333.02,333.02,0,0
3888.N,D,20160311,000000,333.07,333.07,333.07,333.07,0,0
3888.N,D,20160314,000000,333.12,333.12,333.12,333.12,0,0
3888.N,D,20160315,000000,333.13,333.13,333.13,333.13,0,0
3888.N,D,20160316,000000,333.1,333.1,333.1,333.1,0,0
3888.N,D,20160317,000000,333.14,333.14,333.14,333.14,0,0
3888.N,D,20160318,000000,333.24,333.24,333.24,333.24,0,0
3888.N,D,20160321,000000,333.29,333.29,333.29,333.29,0,0
3888.N,D,20160322,000000,333.27,333.27,333.27,333.27,0,0
3888.N,D,20160323,000000,333.28,333.28,333.28,333.28,0,0
3888.N,D,20160324,000000,333.29,333.29,333.29,333.29,0,0
3888.N,D,20160329,000000,333.38,333.38,333.38,333.38,0,0
3888.N,D,20160330,000000,333.38,333.38,333.38,333.38,0,0
3888.N,D,20160331,000000,333.48,333.48,333.48,333.48,0,0
3888.N,D,20160401,000000,333.44,333.44,333.44,333.44,0,0
3888.N,D,20160404,000000,333.49,333.49,333.49,333.49,0,0
3888.N,D,20160405,000000,333.5,333.5,333.5,333.5,0,0
3888.N,D,20160406,000000,333.45,333.45,333.45,333.45,0,0
3888.N,D,20160407,000000,333.45,333.45,333.45,333.45,0,0
3888.N,D,20160408,000000,333.45,333.45,333.45,333.45,0,0
3888.N,D,20160411,000000,333.49,333.49,333.49,333.49,0,0
3888.N,D,20160412,000000,333.49,333.49,333.49,333.49,0,0
3888.N,D,20160413,000000,333.51,333.51,333.51,333.51,0,0
3888.N,D,20160414,000000,333.53,333.53,333.53,333.53,0,0
3888.N,D,20160415,000000,333.54,333.54,333.54,333.54,0,0
3888.N,D,20160418,000000,333.59,333.59,333.59,333.59,0,0
3888.N,D,20160419,000000,333.6,333.6,333.6,333.6,0,0
3888.N,D,20160420,000000,333.61,333.61,333.61,333.61,0,0
3888.N,D,20160421,000000,333.6,333.6,333.6,333.6,0,0
3888.N,D,20160422,000000,333.57,333.57,333.57,333.57,0,0
3888.N,D,20160425,000000,333.58,333.58,333.58,333.58,0,0
3888.N,D,20160426,000000,333.63,333.63,333.63,333.63,0,0
3888.N,D,20160427,000000,333.65,333.65,333.65,333.65,0,0
3888.N,D,20160428,000000,333.67,333.67,333.67,333.67,0,0
3888.N,D,20160429,000000,333.69,333.69,333.69,333.69,0,0
3888.N,D,20160502,000000,333.74,333.74,333.74,333.74,0,0
3888.N,D,20160504,000000,333.77,333.77,333.77,333.77,0,0
3888.N,D,20160505,000000,333.79,333.79,333.79,333.79,0,0
3888.N,D,20160506,000000,333.85,333.85,333.85,333.85,0,0
3888.N,D,20160509,000000,333.89,333.89,333.89,333.89,0,0
3888.N,D,20160510,000000,333.84,333.84,333.84,333.84,0,0
3888.N,D,20160511,000000,333.85,333.85,333.85,333.85,0,0
3888.N,D,20160512,000000,333.93,333.93,333.93,333.93,0,0
3888.N,D,20160513,000000,333.95,333.95,333.95,333.95,0,0
3888.N,D,20160516,000000,334,334,334,334,0,0
3888.N,D,20160517,000000,334.02,334.02,334.02,334.02,0,0
3888.N,D,20160518,000000,334.03,334.03,334.03,334.03,0,0
3888.N,D,20160519,000000,334.29,334.29,334.29,334.29,0,0
3888.N,D,20160520,000000,334.33,334.33,334.33,334.33,0,0
3888.N,D,20160523,000000,334.38,334.38,334.38,334.38,0,0
3888.N,D,20160524,000000,334.14,334.14,334.14,334.14,0,0
3888.N,D,20160525,000000,334.16,334.16,334.16,334.16,0,0
3888.N,D,20160527,000000,334.19,334.19,334.19,334.19,0,0
3888.N,D,20160530,000000,334.2,334.2,334.2,334.2,0,0
3888.N,D,20160531,000000,334.22,334.22,334.22,334.22,0,0
3888.N,D,20160601,000000,334.2,334.2,334.2,334.2,0,0
3888.N,D,20160602,000000,334.23,334.23,334.23,334.23,0,0
3888.N,D,20160603,000000,334.2,334.2,334.2,334.2,0,0
3888.N,D,20160606,000000,334.24,334.24,334.24,334.24,0,0
3888.N,D,20160607,000000,334.26,334.26,334.26,334.26,0,0
3888.N,D,20160608,000000,334.28,334.28,334.28,334.28,0,0
3888.N,D,20160609,000000,334.34,334.34,334.34,334.34,0,0
3888.N,D,20160610,000000,334.35,334.35,334.35,334.35,0,0
3888.N,D,20160613,000000,334.37,334.37,334.37,334.37,0,0
3888.N,D,20160614,000000,334.48,334.48,334.48,334.48,0,0
3888.N,D,20160615,000000,334.5,334.5,334.5,334.5,0,0
3888.N,D,20160616,000000,334.48,334.48,334.48,334.48,0,0
3888.N,D,20160617,000000,334.49,334.49,334.49,334.49,0,0
3888.N,D,20160620,000000,334.54,334.54,334.54,334.54,0,0
3888.N,D,20160621,000000,334.52,334.52,334.52,334.52,0,0
3888.N,D,20160622,000000,334.57,334.57,334.57,334.57,0,0
3888.N,D,20160623,000000,334.59,334.59,334.59,334.59,0,0
3888.N,D,20160624,000000,334.7,334.7,334.7,334.7,0,0
3888.N,D,20160627,000000,334.83,334.83,334.83,334.83,0,0
3888.N,D,20160628,000000,334.86,334.86,334.86,334.86,0,0
3888.N,D,20160629,000000,334.88,334.88,334.88,334.88,0,0
3888.N,D,20160630,000000,334.84,334.84,334.84,334.84,0,0
3888.N,D,20160701,000000,334.6,334.6,334.6,334.6,0,0
3888.N,D,20160704,000000,334.66,334.66,334.66,334.66,0,0
3888.N,D,20160705,000000,334.68,334.68,334.68,334.68,0,0
3888.N,D,20160706,000000,334.69,334.69,334.69,334.69,0,0
3888.N,D,20160707,000000,334.71,334.71,334.71,334.71,0,0
3888.N,D,20160708,000000,334.76,334.76,334.76,334.76,0,0
3888.N,D,20160711,000000,334.82,334.82,334.82,334.82,0,0
3888.N,D,20160712,000000,334.83,334.83,334.83,334.83,0,0
3888.N,D,20160713,000000,334.85,334.85,334.85,334.85,0,0
3888.N,D,20160714,000000,334.87,334.87,334.87,334.87,0,0
3888.N,D,20160715,000000,334.89,334.89,334.89,334.89,0,0
3888.N,D,20160718,000000,334.94,334.94,334.94,334.94,0,0
3888.N,D,20160719,000000,334.95,334.95,334.95,334.95,0,0
3888.N,D,20160720,000000,334.97,334.97,334.97,334.97,0,0
3888.N,D,20160721,000000,335,335,335,335,0,0
3888.N,D,20160722,000000,335.02,335.02,335.02,335.02,0,0
3888.N,D,20160725,000000,335.07,335.07,335.07,335.07,0,0
3888.N,D,20160726,000000,335.15,335.15,335.15,335.15,0,0
3888.N,D,20160727,000000,335.18,335.18,335.18,335.18,0,0
3888.N,D,20160728,000000,335.2,335.2,335.2,335.2,0,0
3888.N,D,20160729,000000,335.21,335.21,335.21,335.21,0,0
3888.N,D,20160801,000000,335.31,335.31,335.31,335.31,0,0
3888.N,D,20160802,000000,335.31,335.31,335.31,335.31,0,0
3888.N,D,20160803,000000,335.45,335.45,335.45,335.45,0,0
3888.N,D,20160804,000000,335.48,335.48,335.48,335.48,0,0
3888.N,D,20160805,000000,335.5,335.5,335.5,335.5,0,0
3888.N,D,20160808,000000,335.56,335.56,335.56,335.56,0,0
3888.N,D,20160809,000000,335.56,335.56,335.56,335.56,0,0
3888.N,D,20160810,000000,335.59,335.59,335.59,335.59,0,0
3888.N,D,20160811,000000,335.61,335.61,335.61,335.61,0,0
3888.N,D,20160812,000000,335.97,335.97,335.97,335.97,0,0
3888.N,D,20160816,000000,336.05,336.05,336.05,336.05,0,0
3888.N,D,20160817,000000,336.07,336.07,336.07,336.07,0,0
3888.N,D,20160818,000000,336.17,336.17,336.17,336.17,0,0
3888.N,D,20160819,000000,336.28,336.28,336.28,336.28,0,0
3888.N,D,20160822,000000,336.3,336.3,336.3,336.3,0,0
3888.N,D,20160823,000000,336.34,336.34,336.34,336.34,0,0
3888.N,D,20160824,000000,336.34,336.34,336.34,336.34,0,0
3888.N,D,20160825,000000,336.37,336.37,336.37,336.37,0,0
3888.N,D,20160826,000000,336.37,336.37,336.37,336.37,0,0
3888.N,D,20160829,000000,336.29,336.29,336.29,336.29,0,0
3888.N,D,20160830,000000,336.31,336.31,336.31,336.31,0,0
3888.N,D,20160831,000000,336.32,336.32,336.32,336.32,0,0
3888.N,D,20160901,000000,336.34,336.34,336.34,336.34,0,0
3888.N,D,20160902,000000,336.36,336.36,336.36,336.36,0,0
3888.N,D,20160905,000000,336.35,336.35,336.35,336.35,0,0
3888.N,D,20160906,000000,336.35,336.35,336.35,336.35,0,0
3888.N,D,20160907,000000,336.41,336.41,336.41,336.41,0,0
3888.N,D,20160908,000000,336.42,336.42,336.42,336.42,0,0
3888.N,D,20160909,000000,336.44,336.44,336.44,336.44,0,0
3888.N,D,20160912,000000,336.48,336.48,336.48,336.48,0,0
3888.N,D,20160913,000000,336.56,336.56,336.56,336.56,0,0
3888.N,D,20160914,000000,336.58,336.58,336.58,336.58,0,0
3888.N,D,20160915,000000,336.59,336.59,336.59,336.59,0,0
3888.N,D,20160916,000000,336.47,336.47,336.47,336.47,0,0
3888.N,D,20160919,000000,336.52,336.52,336.52,336.52,0,0
3888.N,D,20160920,000000,336.52,336.52,336.52,336.52,0,0
3888.N,D,20160921,000000,336.51,336.51,336.51,336.51,0,0
3888.N,D,20160922,000000,336.51,336.51,336.51,336.51,0,0
3888.N,D,20160923,000000,336.53,336.53,336.53,336.53,0,0
3888.N,D,20160926,000000,336.54,336.54,336.54,336.54,0,0
3888.N,D,20160927,000000,336.55,336.55,336.55,336.55,0,0
3888.N,D,20160928,000000,336.57,336.57,336.57,336.57,0,0
3888.N,D,20160929,000000,336.6,336.6,336.6,336.6,0,0
3888.N,D,20160930,000000,336.62,336.62,336.62,336.62,0,0
3888.N,D,20161003,000000,336.67,336.67,336.67,336.67,0,0
3888.N,D,20161004,000000,336.69,336.69,336.69,336.69,0,0
3888.N,D,20161005,000000,336.71,336.71,336.71,336.71,0,0
3888.N,D,20161006,000000,336.72,336.72,336.72,336.72,0,0
3888.N,D,20161007,000000,336.74,336.74,336.74,336.74,0,0
3888.N,D,20161010,000000,336.79,336.79,336.79,336.79,0,0
3888.N,D,20161011,000000,336.8,336.8,336.8,336.8,0,0
3888.N,D,20161012,000000,336.82,336.82,336.82,336.82,0,0
3888.N,D,20161013,000000,336.84,336.84,336.84,336.84,0,0
3888.N,D,20161014,000000,336.86,336.86,336.86,336.86,0,0
3888.N,D,20161017,000000,336.9,336.9,336.9,336.9,0,0
3888.N,D,20161018,000000,336.92,336.92,336.92,336.92,0,0
3888.N,D,20161019,000000,336.84,336.84,336.84,336.84,0,0
3888.N,D,20161020,000000,336.86,336.86,336.86,336.86,0,0
3888.N,D,20161021,000000,336.8,336.8,336.8,336.8,0,0
3888.N,D,20161024,000000,336.84,336.84,336.84,336.84,0,0
3888.N,D,20161025,000000,336.8,336.8,336.8,336.8,0,0
3888.N,D,20161026,000000,336.79,336.79,336.79,336.79,0,0
3888.N,D,20161027,000000,336.73,336.73,336.73,336.73,0,0
3888.N,D,20161028,000000,336.73,336.73,336.73,336.73,0,0
3888.N,D,20161031,000000,336.8,336.8,336.8,336.8,0,0
3888.N,D,20161102,000000,336.91,336.91,336.91,336.91,0,0
3888.N,D,20161103,000000,336.9,336.9,336.9,336.9,0,0
3888.N,D,20161104,000000,336.74,336.74,336.74,336.74,0,0
3888.N,D,20161107,000000,336.84,336.84,336.84,336.84,0,0
3888.N,D,20161108,000000,337.03,337.03,337.03,337.03,0,0
3888.N,D,20161109,000000,337.02,337.02,337.02,337.02,0,0
3888.N,D,20161110,000000,336.93,336.93,336.93,336.93,0,0
3888.N,D,20161114,000000,336.85,336.85,336.85,336.85,0,0
3888.N,D,20161115,000000,336.77,336.77,336.77,336.77,0,0
3888.N,D,20161116,000000,336.73,336.73,336.73,336.73,0,0
3888.N,D,20161117,000000,336.74,336.74,336.74,336.74,0,0
3888.N,D,20161118,000000,336.69,336.69,336.69,336.69,0,0
3888.N,D,20161121,000000,336.71,336.71,336.71,336.71,0,0
3888.N,D,20161122,000000,336.78,336.78,336.78,336.78,0,0
3888.N,D,20161123,000000,336.65,336.65,336.65,336.65,0,0
3888.N,D,20161124,000000,336.57,336.57,336.57,336.57,0,0
3888.N,D,20161125,000000,336.58,336.58,336.58,336.58,0,0
3888.N,D,20161128,000000,336.44,336.44,336.44,336.44,0,0
3888.N,D,20161129,000000,336.51,336.51,336.51,336.51,0,0
3888.N,D,20161130,000000,336.56,336.56,336.56,336.56,0,0
3888.N,D,20161201,000000,336.51,336.51,336.51,336.51,0,0
3888.N,D,20161202,000000,336.46,336.46,336.46,336.46,0,0
3888.N,D,20161205,000000,336.51,336.51,336.51,336.51,0,0
3888.N,D,20161206,000000,336.48,336.48,336.48,336.48,0,0
3888.N,D,20161207,000000,336.55,336.55,336.55,336.55,0,0
3888.N,D,20161208,000000,336.6,336.6,336.6,336.6,0,0
3888.N,D,20161209,000000,336.62,336.62,336.62,336.62,0,0
3888.N,D,20161212,000000,336.67,336.67,336.67,336.67,0,0
3888.N,D,20161213,000000,336.79,336.79,336.79,336.79,0,0
3888.N,D,20161214,000000,336.86,336.86,336.86,336.86,0,0
3888.N,D,20161215,000000,336.91,336.91,336.91,336.91,0,0
3888.N,D,20161216,000000,337.01,337.01,337.01,337.01,0,0
3888.N,D,20161219,000000,337.06,337.06,337.06,337.06,0,0
3888.N,D,20161220,000000,337,337,337,337,0,0
3888.N,D,20161221,000000,337.05,337.05,337.05,337.05,0,0
3888.N,D,20161222,000000,337.23,337.23,337.23,337.23,0,0
3888.N,D,20161223,000000,337.25,337.25,337.25,337.25,0,0
3888.N,D,20161227,000000,337.31,337.31,337.31,337.31,0,0
3888.N,D,20161228,000000,337.32,337.32,337.32,337.32,0,0
3888.N,D,20161229,000000,337.42,337.42,337.42,337.42,0,0
3888.N,D,20161230,000000,337.45,337.45,337.45,337.45,0,0
3888.N,D,20170102,000000,337.5,337.5,337.5,337.5,0,0
3888.N,D,20170103,000000,337.2,337.2,337.2,337.2,0,0
3888.N,D,20170104,000000,337.32,337.32,337.32,337.32,0,0
3888.N,D,20170105,000000,337.47,337.47,337.47,337.47,0,0
3888.N,D,20170109,000000,337.54,337.54,337.54,337.54,0,0
3888.N,D,20170110,000000,337.7,337.7,337.7,337.7,0,0
3888.N,D,20170111,000000,337.73,337.73,337.73,337.73,0,0
3888.N,D,20170112,000000,337.71,337.71,337.71,337.71,0,0
3888.N,D,20170113,000000,337.73,337.73,337.73,337.73,0,0
3888.N,D,20170116,000000,337.78,337.78,337.78,337.78,0,0
3888.N,D,20170117,000000,337.81,337.81,337.81,337.81,0,0
3888.N,D,20170118,000000,337.82,337.82,337.82,337.82,0,0
3888.N,D,20170119,000000,337.7,337.7,337.7,337.7,0,0
3888.N,D,20170120,000000,337.76,337.76,337.76,337.76,0,0
3888.N,D,20170123,000000,337.84,337.84,337.84,337.84,0,0
3888.N,D,20170124,000000,337.86,337.86,337.86,337.86,0,0
3888.N,D,20170125,000000,337.92,337.92,337.92,337.92,0,0
3888.N,D,20170126,000000,338.03,338.03,338.03,338.03,0,0
3888.N,D,20170127,000000,338.05,338.05,338.05,338.05,0,0
3888.N,D,20170130,000000,338.08,338.08,338.08,338.08,0,0
3888.N,D,20170131,000000,338.13,338.13,338.13,338.13,0,0
3888.N,D,20170201,000000,338.14,338.14,338.14,338.14,0,0
3888.N,D,20170202,000000,338.56,338.56,338.56,338.56,0,0
3888.N,D,20170203,000000,338.58,338.58,338.58,338.58,0,0
3888.N,D,20170206,000000,338.79,338.79,338.79,338.79,0,0
3888.N,D,20170207,000000,338.76,338.76,338.76,338.76,0,0
3888.N,D,20170208,000000,338.79,338.79,338.79,338.79,0,0
3888.N,D,20170209,000000,338.85,338.85,338.85,338.85,0,0
3888.N,D,20170210,000000,338.89,338.89,338.89,338.89,0,0
3888.N,D,20170213,000000,338.95,338.95,338.95,338.95,0,0
3888.N,D,20170214,000000,338.98,338.98,338.98,338.98,0,0
3888.N,D,20170215,000000,338.98,338.98,338.98,338.98,0,0
3888.N,D,20170216,000000,339,339,339,339,0,0
3888.N,D,20170217,000000,339.02,339.02,339.02,339.02,0,0
3888.N,D,20170220,000000,339.1,339.1,339.1,339.1,0,0
3888.N,D,20170221,000000,339.02,339.02,339.02,339.02,0,0
3888.N,D,20170222,000000,339.03,339.03,339.03,339.03,0,0
3888.N,D,20170223,000000,339.05,339.05,339.05,339.05,0,0
3888.N,D,20170224,000000,339.07,339.07,339.07,339.07,0,0
3888.N,D,20170227,000000,339.14,339.14,339.14,339.14,0,0
3888.N,D,20170228,000000,339.16,339.16,339.16,339.16,0,0
3888.N,D,20170301,000000,339.13,339.13,339.13,339.13,0,0
3888.N,D,20170302,000000,339.17,339.17,339.17,339.17,0,0
3888.N,D,20170303,000000,339.46,339.46,339.46,339.46,0,0
3888.N,D,20170306,000000,339.52,339.52,339.52,339.52,0,0
3888.N,D,20170307,000000,339.54,339.54,339.54,339.54,0,0
3888.N,D,20170308,000000,339.56,339.56,339.56,339.56,0,0
3888.N,D,20170309,000000,339.58,339.58,339.58,339.58,0,0
3888.N,D,20170310,000000,339.6,339.6,339.6,339.6,0,0
3888.N,D,20170313,000000,339.65,339.65,339.65,339.65,0,0
3888.N,D,20170314,000000,339.75,339.75,339.75,339.75,0,0
3888.N,D,20170315,000000,339.77,339.77,339.77,339.77,0,0
3888.N,D,20170316,000000,339.88,339.88,339.88,339.88,0,0
3888.N,D,20170317,000000,339.89,339.89,339.89,339.89,0,0
3888.N,D,20170320,000000,339.97,339.97,339.97,339.97,0,0
3888.N,D,20170321,000000,340,340,340,340,0,0
3888.N,D,20170322,000000,340.04,340.04,340.04,340.04,0,0
3888.N,D,20170323,000000,340.26,340.26,340.26,340.26,0,0
3888.N,D,20170324,000000,340.28,340.28,340.28,340.28,0,0
3888.N,D,20170327,000000,340.36,340.36,340.36,340.36,0,0
3888.N,D,20170328,000000,340.53,340.53,340.53,340.53,0,0
3888.N,D,20170329,000000,340.55,340.55,340.55,340.55,0,0
3888.N,D,20170330,000000,340.57,340.57,340.57,340.57,0,0
3888.N,D,20170331,000000,340.59,340.59,340.59,340.59,0,0
3888.N,D,20170403,000000,340.65,340.65,340.65,340.65,0,0
3888.N,D,20170404,000000,340.68,340.68,340.68,340.68,0,0
3888.N,D,20170405,000000,340.7,340.7,340.7,340.7,0,0
3888.N,D,20170406,000000,340.7,340.7,340.7,340.7,0,0
3888.N,D,20170407,000000,340.71,340.71,340.71,340.71,0,0
3888.N,D,20170410,000000,340.77,340.77,340.77,340.77,0,0
3888.N,D,20170411,000000,340.79,340.79,340.79,340.79,0,0
3888.N,D,20170412,000000,340.82,340.82,340.82,340.82,0,0
3888.N,D,20170413,000000,340.84,340.84,340.84,340.84,0,0
3888.N,D,20170418,000000,340.94,340.94,340.94,340.94,0,0
3888.N,D,20170419,000000,340.89,340.89,340.89,340.89,0,0
3888.N,D,20170420,000000,340.93,340.93,340.93,340.93,0,0
3888.N,D,20170421,000000,340.96,340.96,340.96,340.96,0,0
3888.N,D,20170424,000000,341.15,341.15,341.15,341.15,0,0
3888.N,D,20170425,000000,341.19,341.19,341.19,341.19,0,0
3888.N,D,20170426,000000,341.2,341.2,341.2,341.2,0,0
3888.N,D,20170427,000000,341.24,341.24,341.24,341.24,0,0
3888.N,D,20170428,000000,341.3,341.3,341.3,341.3,0,0
3888.N,D,20170502,000000,341.36,341.36,341.36,341.36,0,0
3888.N,D,20170504,000000,341.4,341.4,341.4,341.4,0,0
3888.N,D,20170505,000000,341.42,341.42,341.42,341.42,0,0
3888.N,D,20170508,000000,341.47,341.47,341.47,341.47,0,0
3888.N,D,20170509,000000,341.5,341.5,341.5,341.5,0,0
3888.N,D,20170510,000000,341.52,341.52,341.52,341.52,0,0
3888.N,D,20170511,000000,341.54,341.54,341.54,341.54,0,0
3888.N,D,20170512,000000,341.62,341.62,341.62,341.62,0,0
3888.N,D,20170515,000000,341.67,341.67,341.67,341.67,0,0
3888.N,D,20170516,000000,341.82,341.82,341.82,341.82,0,0
3888.N,D,20170517,000000,342.11,342.11,342.11,342.11,0,0
3888.N,D,20170518,000000,342.18,342.18,342.18,342.18,0,0
3888.N,D,20170519,000000,342.22,342.22,342.22,342.22,0,0
3888.N,D,20170522,000000,342.27,342.27,342.27,342.27,0,0
3888.N,D,20170523,000000,342.24,342.24,342.24,342.24,0,0
3888.N,D,20170524,000000,342.32,342.32,342.32,342.32,0,0
3888.N,D,20170525,000000,342.34,342.34,342.34,342.34,0,0
3888.N,D,20170526,000000,342.39,342.39,342.39,342.39,0,0
3888.N,D,20170529,000000,342.46,342.46,342.46,342.46,0,0
3888.N,D,20170530,000000,342.43,342.43,342.43,342.43,0,0
3888.N,D,20170531,000000,342.44,342.44,342.44,342.44,0,0
3888.N,D,20170601,000000,342.49,342.49,342.49,342.49,0,0
3888.N,D,20170602,000000,342.52,342.52,342.52,342.52,0,0
3888.N,D,20170605,000000,342.53,342.53,342.53,342.53,0,0
3888.N,D,20170606,000000,342.54,342.54,342.54,342.54,0,0
3888.N,D,20170607,000000,342.57,342.57,342.57,342.57,0,0
3888.N,D,20170608,000000,342.6,342.6,342.6,342.6,0,0
3888.N,D,20170609,000000,342.67,342.67,342.67,342.67,0,0
3888.N,D,20170612,000000,342.74,342.74,342.74,342.74,0,0
3888.N,D,20170613,000000,342.76,342.76,342.76,342.76,0,0
3888.N,D,20170614,000000,342.86,342.86,342.86,342.86,0,0
3888.N,D,20170616,000000,342.89,342.89,342.89,342.89,0,0
3888.N,D,20170619,000000,342.96,342.96,342.96,342.96,0,0
3888.N,D,20170620,000000,342.98,342.98,342.98,342.98,0,0
3888.N,D,20170621,000000,342.97,342.97,342.97,342.97,0,0
3888.N,D,20170622,000000,343.01,343.01,343.01,343.01,0,0
3888.N,D,20170623,000000,343.03,343.03,343.03,343.03,0,0
3888.N,D,20170626,000000,343.1,343.1,343.1,343.1,0,0
3888.N,D,20170627,000000,343.1,343.1,343.1,343.1,0,0
3888.N,D,20170628,000000,343.04,343.04,343.04,343.04,0,0
3888.N,D,20170629,000000,343.04,343.04,343.04,343.04,0,0
3888.N,D,20170630,000000,343.19,343.19,343.19,343.19,0,0
3888.N,D,20170703,000000,343.24,343.24,343.24,343.24,0,0
3888.N,D,20170704,000000,343.31,343.31,343.31,343.31,0,0
3888.N,D,20170705,000000,343.25,343.25,343.25,343.25,0,0
3888.N,D,20170706,000000,343.26,343.26,343.26,343.26,0,0
3888.N,D,20170707,000000,343.28,343.28,343.28,343.28,0,0
3888.N,D,20170710,000000,343.33,343.33,343.33,343.33,0,0
3888.N,D,20170711,000000,343.35,343.35,343.35,343.35,0,0
3888.N,D,20170712,000000,343.4,343.4,343.4,343.4,0,0
3888.N,D,20170713,000000,343.62,343.62,343.62,343.62,0,0
3888.N,D,20170714,000000,343.65,343.65,343.65,343.65,0,0
3888.N,D,20170717,000000,343.68,343.68,343.68,343.68,0,0
3888.N,D,20170718,000000,343.69,343.69,343.69,343.69,0,0
3888.N,D,20170719,000000,343.65,343.65,343.65,343.65,0,0
3888.N,D,20170720,000000,343.72,343.72,343.72,343.72,0,0
3888.N,D,20170721,000000,343.51,343.51,343.51,343.51,0,0
3888.N,D,20170724,000000,343.61,343.61,343.61,343.61,0,0
3888.N,D,20170725,000000,343.67,343.67,343.67,343.67,0,0
3888.N,D,20170726,000000,343.65,343.65,343.65,343.65,0,0
3888.N,D,20170727,000000,343.67,343.67,343.67,343.67,0,0
3888.N,D,20170728,000000,343.68,343.68,343.68,343.68,0,0
3888.N,D,20170731,000000,343.73,343.73,343.73,343.73,0,0
3888.N,D,20170801,000000,343.89,343.89,343.89,343.89,0,0
3888.N,D,20170802,000000,343.93,343.93,343.93,343.93,0,0
3888.N,D,20170803,000000,343.93,343.93,343.93,343.93,0,0
3888.N,D,20170804,000000,343.95,343.95,343.95,343.95,0,0
3888.N,D,20170807,000000,343.98,343.98,343.98,343.98,0,0
3888.N,D,20170808,000000,343.99,343.99,343.99,343.99,0,0
3888.N,D,20170809,000000,343.98,343.98,343.98,343.98,0,0
3888.N,D,20170810,000000,343.77,343.77,343.77,343.77,0,0
3888.N,D,20170811,000000,343.51,343.51,343.51,343.51,0,0
3888.N,D,20170814,000000,343.51,343.51,343.51,343.51,0,0
3888.N,D,20170816,000000,343.77,343.77,343.77,343.77,0,0
3888.N,D,20170817,000000,344.07,344.07,344.07,344.07,0,0
3888.N,D,20170818,000000,344.35,344.35,344.35,344.35,0,0
3888.N,D,20170821,000000,344.2,344.2,344.2,344.2,0,0
3888.N,D,20170822,000000,344.14,344.14,344.14,344.14,0,0
3888.N,D,20170823,000000,344.13,344.13,344.13,344.13,0,0
3888.N,D,20170824,000000,344.45,344.45,344.45,344.45,0,0
3888.N,D,20170825,000000,344.42,344.42,344.42,344.42,0,0
3888.N,D,20170828,000000,344.46,344.46,344.46,344.46,0,0
3888.N,D,20170829,000000,344.49,344.49,344.49,344.49,0,0
3888.N,D,20170830,000000,344.56,344.56,344.56,344.56,0,0
3888.N,D,20170831,000000,344.52,344.52,344.52,344.52,0,0
3888.N,D,20170901,000000,344.62,344.62,344.62,344.62,0,0
3888.N,D,20170904,000000,344.7,344.7,344.7,344.7,0,0
3888.N,D,20170905,000000,344.94,344.94,344.94,344.94,0,0
3888.N,D,20170906,000000,345.08,345.08,345.08,345.08,0,0
3888.N,D,20170907,000000,345.36,345.36,345.36,345.36,0,0
3888.N,D,20170908,000000,345.44,345.44,345.44,345.44,0,0
3888.N,D,20170911,000000,345.5,345.5,345.5,345.5,0,0
3888.N,D,20170912,000000,345.29,345.29,345.29,345.29,0,0
3888.N,D,20170913,000000,345.24,345.24,345.24,345.24,0,0
3888.N,D,20170914,000000,345.24,345.24,345.24,345.24,0,0
3888.N,D,20170915,000000,345.21,345.21,345.21,345.21,0,0
3888.N,D,20170918,000000,345.34,345.34,345.34,345.34,0,0
3888.N,D,20170919,000000,345.43,345.43,345.43,345.43,0,0
3888.N,D,20170920,000000,345.52,345.52,345.52,345.52,0,0
3888.N,D,20170921,000000,345.53,345.53,345.53,345.53,0,0
3888.N,D,20170922,000000,345.69,345.69,345.69,345.69,0,0
3888.N,D,20170925,000000,345.82,345.82,345.82,345.82,0,0
3888.N,D,20170926,000000,345.92,345.92,345.92,345.92,0,0
3888.N,D,20170927,000000,345.93,345.93,345.93,345.93,0,0
3888.N,D,20170928,000000,345.92,345.92,345.92,345.92,0,0
3888.N,D,20170929,000000,345.94,345.94,345.94,345.94,0,0
3888.N,D,20171002,000000,345.91,345.91,345.91,345.91,0,0
3888.N,D,20171003,000000,345.92,345.92,345.92,345.92,0,0
3888.N,D,20171004,000000,345.91,345.91,345.91,345.91,0,0
3888.N,D,20171005,000000,345.98,345.98,345.98,345.98,0,0
3888.N,D,20171006,000000,345.89,345.89,345.89,345.89,0,0
3888.N,D,20171009,000000,346.03,346.03,346.03,346.03,0,0
3888.N,D,20171010,000000,346.05,346.05,346.05,346.05,0,0
3888.N,D,20171011,000000,346.08,346.08,346.08,346.08,0,0
3888.N,D,20171012,000000,346.2,346.2,346.2,346.2,0,0
3888.N,D,20171013,000000,346.3,346.3,346.3,346.3,0,0
3888.N,D,20171016,000000,346.47,346.47,346.47,346.47,0,0
3888.N,D,20171017,000000,346.49,346.49,346.49,346.49,0,0
3888.N,D,20171018,000000,346.45,346.45,346.45,346.45,0,0
3888.N,D,20171019,000000,346.55,346.55,346.55,346.55,0,0
3888.N,D,20171020,000000,346.59,346.59,346.59,346.59,0,0
3888.N,D,20171023,000000,346.61,346.61,346.61,346.61,0,0
3888.N,D,20171024,000000,346.68,346.68,346.68,346.68,0,0
3888.N,D,20171025,000000,346.82,346.82,346.82,346.82,0,0
3888.N,D,20171026,000000,346.91,346.91,346.91,346.91,0,0
3888.N,D,20171027,000000,346.98,346.98,346.98,346.98,0,0
3888.N,D,20171030,000000,347.24,347.24,347.24,347.24,0,0
3888.N,D,20171031,000000,347.29,347.29,347.29,347.29,0,0
3888.N,D,20171102,000000,347.31,347.31,347.31,347.31,0,0
3888.N,D,20171103,000000,347.09,347.09,347.09,347.09,0,0
3888.N,D,20171106,000000,347.21,347.21,347.21,347.21,0,0
3888.N,D,20171107,000000,347.24,347.24,347.24,347.24,0,0
3888.N,D,20171108,000000,347.32,347.32,347.32,347.32,0,0
3888.N,D,20171109,000000,347.47,347.47,347.47,347.47,0,0
3888.N,D,20171110,000000,347.64,347.64,347.64,347.64,0,0
3888.N,D,20171113,000000,347.67,347.67,347.67,347.67,0,0
3888.N,D,20171114,000000,347.66,347.66,347.66,347.66,0,0
3888.N,D,20171115,000000,347.69,347.69,347.69,347.69,0,0
3888.N,D,20171116,000000,347.78,347.78,347.78,347.78,0,0
3888.N,D,20171117,000000,347.69,347.69,347.69,347.69,0,0
3888.N,D,20171120,000000,347.64,347.64,347.64,347.64,0,0
3888.N,D,20171121,000000,347.67,347.67,347.67,347.67,0,0
3888.N,D,20171122,000000,347.89,347.89,347.89,347.89,0,0
3888.N,D,20171123,000000,348.2,348.2,348.2,348.2,0,0
3888.N,D,20171124,000000,348.28,348.28,348.28,348.28,0,0
3888.N,D,20171127,000000,348.25,348.25,348.25,348.25,0,0
3888.N,D,20171128,000000,348.29,348.29,348.29,348.29,0,0
3888.N,D,20171129,000000,348.33,348.33,348.33,348.33,0,0
3888.N,D,20171130,000000,348.31,348.31,348.31,348.31,0,0
3888.N,D,20171201,000000,348.34,348.34,348.34,348.34,0,0
3888.N,D,20171204,000000,348.4,348.4,348.4,348.4,0,0
3888.N,D,20171205,000000,348.45,348.45,348.45,348.45,0,0
3888.N,D,20171206,000000,348.54,348.54,348.54,348.54,0,0
3888.N,D,20171207,000000,348.55,348.55,348.55,348.55,0,0
3888.N,D,20171208,000000,348.54,348.54,348.54,348.54,0,0
3888.N,D,20171211,000000,348.66,348.66,348.66,348.66,0,0
3888.N,D,20171212,000000,348.66,348.66,348.66,348.66,0,0
3888.N,D,20171213,000000,348.67,348.67,348.67,348.67,0,0
3888.N,D,20171214,000000,348.73,348.73,348.73,348.73,0,0
3888.N,D,20171215,000000,348.8,348.8,348.8,348.8,0,0
3888.N,D,20171218,000000,348.91,348.91,348.91,348.91,0,0
3888.N,D,20171219,000000,348.72,348.72,348.72,348.72,0,0
3888.N,D,20171220,000000,348.7,348.7,348.7,348.7,0,0
3888.N,D,20171221,000000,348.76,348.76,348.76,348.76,0,0
3888.N,D,20171222,000000,348.8,348.8,348.8,348.8,0,0
3888.N,D,20171227,000000,348.93,348.93,348.93,348.93,0,0
3888.N,D,20171228,000000,348.91,348.91,348.91,348.91,0,0
3888.N,D,20171229,000000,348.95,348.95,348.95,348.95,0,0
3888.N,D,20180103,000000,349.05,349.05,349.05,349.05,0,0
3888.N,D,20180104,000000,349.27,349.27,349.27,349.27,0,0
3888.N,D,20180105,000000,349.4,349.4,349.4,349.4,0,0
3888.N,D,20180108,000000,349.37,349.37,349.37,349.37,0,0
3888.N,D,20180109,000000,349.33,349.33,349.33,349.33,0,0
3888.N,D,20180110,000000,349.34,349.34,349.34,349.34,0,0
3888.N,D,20180111,000000,349.19,349.19,349.19,349.19,0,0
3888.N,D,20180112,000000,349.23,349.23,349.23,349.23,0,0
3888.N,D,20180115,000000,349.37,349.37,349.37,349.37,0,0
3888.N,D,20180116,000000,349.36,349.36,349.36,349.36,0,0
3888.N,D,20180117,000000,349.4,349.4,349.4,349.4,0,0
3888.N,D,20180118,000000,349.4,349.4,349.4,349.4,0,0
3888.N,D,20180119,000000,349.42,349.42,349.42,349.42,0,0
3888.N,D,20180122,000000,349.55,349.55,349.55,349.55,0,0
3888.N,D,20180123,000000,349.79,349.79,349.79,349.79,0,0
3888.N,D,20180124,000000,349.83,349.83,349.83,349.83,0,0
3888.N,D,20180125,000000,349.87,349.87,349.87,349.87,0,0
3888.N,D,20180126,000000,350.04,350.04,350.04,350.04,0,0
3888.N,D,20180129,000000,349.99,349.99,349.99,349.99,0,0
3888.N,D,20180130,000000,350.02,350.02,350.02,350.02,0,0
3888.N,D,20180131,000000,350.09,350.09,350.09,350.09,0,0
3888.N,D,20180201,000000,350.24,350.24,350.24,350.24,0,0
3888.N,D,20180202,000000,350.26,350.26,350.26,350.26,0,0
3888.N,D,20180205,000000,350.28,350.28,350.28,350.28,0,0
3888.N,D,20180206,000000,350.31,350.31,350.31,350.31,0,0
3888.N,D,20180207,000000,350.3,350.3,350.3,350.3,0,0
3888.N,D,20180208,000000,350.36,350.36,350.36,350.36,0,0
3888.N,D,20180209,000000,350.35,350.35,350.35,350.35,0,0
3888.N,D,20180212,000000,350.41,350.41,350.41,350.41,0,0
3888.N,D,20180213,000000,350.58,350.58,350.58,350.58,0,0
3888.N,D,20180214,000000,350.61,350.61,350.61,350.61,0,0
3888.N,D,20180215,000000,350.69,350.69,350.69,350.69,0,0
3888.N,D,20180216,000000,350.89,350.89,350.89,350.89,0,0
3888.N,D,20180219,000000,350.94,350.94,350.94,350.94,0,0
3888.N,D,20180220,000000,351,351,351,351,0,0
3888.N,D,20180221,000000,351.06,351.06,351.06,351.06,0,0
3888.N,D,20180222,000000,351.12,351.12,351.12,351.12,0,0
3888.N,D,20180223,000000,351.25,351.25,351.25,351.25,0,0
3888.N,D,20180226,000000,351.18,351.18,351.18,351.18,0,0
3888.N,D,20180227,000000,351.21,351.21,351.21,351.21,0,0
3888.N,D,20180228,000000,351.21,351.21,351.21,351.21,0,0
3888.N,D,20180301,000000,351.22,351.22,351.22,351.22,0,0
3888.N,D,20180302,000000,351.25,351.25,351.25,351.25,0,0
3888.N,D,20180305,000000,351.27,351.27,351.27,351.27,0,0
3888.N,D,20180306,000000,351.23,351.23,351.23,351.23,0,0
3888.N,D,20180307,000000,351.25,351.25,351.25,351.25,0,0
3888.N,D,20180308,000000,351.13,351.13,351.13,351.13,0,0
3888.N,D,20180309,000000,350.98,350.98,350.98,350.98,0,0
3888.N,D,20180312,000000,351.08,351.08,351.08,351.08,0,0
3888.N,D,20180313,000000,351.08,351.08,351.08,351.08,0,0
3888.N,D,20180314,000000,351.18,351.18,351.18,351.18,0,0
3888.N,D,20180315,000000,351.28,351.28,351.28,351.28,0,0
3888.N,D,20180316,000000,351.29,351.29,351.29,351.29,0,0
3888.N,D,20180319,000000,351.35,351.35,351.35,351.35,0,0
3888.N,D,20180320,000000,351.34,351.34,351.34,351.34,0,0
3888.N,D,20180321,000000,351.35,351.35,351.35,351.35,0,0
3888.N,D,20180322,000000,351.55,351.55,351.55,351.55,0,0
3888.N,D,20180323,000000,351.68,351.68,351.68,351.68,0,0
3888.N,D,20180326,000000,351.88,351.88,351.88,351.88,0,0
3888.N,D,20180327,000000,351.92,351.92,351.92,351.92,0,0
3888.N,D,20180328,000000,351.93,351.93,351.93,351.93,0,0
3888.N,D,20180329,000000,352.02,352.02,352.02,352.02,0,0
3888.N,D,20180403,000000,352.12,352.12,352.12,352.12,0,0
3888.N,D,20180404,000000,352.14,352.14,352.14,352.14,0,0
3888.N,D,20180405,000000,352.15,352.15,352.15,352.15,0,0
3888.N,D,20180406,000000,352.26,352.26,352.26,352.26,0,0
3888.N,D,20180409,000000,352.35,352.35,352.35,352.35,0,0
3888.N,D,20180410,000000,352.51,352.51,352.51,352.51,0,0
3888.N,D,20180411,000000,352.73,352.73,352.73,352.73,0,0
3888.N,D,20180412,000000,352.75,352.75,352.75,352.75,0,0
3888.N,D,20180413,000000,352.82,352.82,352.82,352.82,0,0
3888.N,D,20180416,000000,352.87,352.87,352.87,352.87,0,0
3888.N,D,20180417,000000,352.9,352.9,352.9,352.9,0,0
3888.N,D,20180418,000000,353,353,353,353,0,0
3888.N,D,20180419,000000,353.1,353.1,353.1,353.1,0,0
3888.N,D,20180420,000000,353.16,353.16,353.16,353.16,0,0
3888.N,D,20180423,000000,353.2,353.2,353.2,353.2,0,0
3888.N,D,20180424,000000,353.21,353.21,353.21,353.21,0,0
3888.N,D,20180425,000000,353.25,353.25,353.25,353.25,0,0
3888.N,D,20180426,000000,353.35,353.35,353.35,353.35,0,0
3888.N,D,20180427,000000,353.35,353.35,353.35,353.35,0,0
3888.N,D,20180430,000000,353.35,353.35,353.35,353.35,0,0
3888.N,D,20180502,000000,353.37,353.37,353.37,353.37,0,0
3888.N,D,20180504,000000,353.3,353.3,353.3,353.3,0,0
3888.N,D,20180507,000000,353.39,353.39,353.39,353.39,0,0
3888.N,D,20180508,000000,353.23,353.23,353.23,353.23,0,0
3888.N,D,20180509,000000,353.11,353.11,353.11,353.11,0,0
3888.N,D,20180510,000000,353.2,353.2,353.2,353.2,0,0
3888.N,D,20180511,000000,353.3,353.3,353.3,353.3,0,0
3888.N,D,20180514,000000,353.22,353.22,353.22,353.22,0,0
3888.N,D,20180515,000000,353.03,353.03,353.03,353.03,0,0
3888.N,D,20180516,000000,353.2,353.2,353.2,353.2,0,0
3888.N,D,20180517,000000,353.22,353.22,353.22,353.22,0,0
3888.N,D,20180518,000000,353.18,353.18,353.18,353.18,0,0
3888.N,D,20180521,000000,353.22,353.22,353.22,353.22,0,0
3888.N,D,20180522,000000,353.31,353.31,353.31,353.31,0,0
3888.N,D,20180523,000000,353.28,353.28,353.28,353.28,0,0
3888.N,D,20180524,000000,353.31,353.31,353.31,353.31,0,0
3888.N,D,20180525,000000,353.31,353.31,353.31,353.31,0,0
3888.N,D,20180528,000000,353.34,353.34,353.34,353.34,0,0
3888.N,D,20180529,000000,353.1,353.1,353.1,353.1,0,0
3888.N,D,20180530,000000,353.25,353.25,353.25,353.25,0,0
3888.N,D,20180601,000000,353.33,353.33,353.33,353.33,0,0
3888.N,D,20180604,000000,353.43,353.43,353.43,353.43,0,0
3888.N,D,20180605,000000,353.5,353.5,353.5,353.5,0,0
3888.N,D,20180606,000000,353.56,353.56,353.56,353.56,0,0
3888.N,D,20180607,000000,353.61,353.61,353.61,353.61,0,0
3888.N,D,20180608,000000,353.65,353.65,353.65,353.65,0,0
3888.N,D,20180611,000000,353.78,353.78,353.78,353.78,0,0
3888.N,D,20180612,000000,353.77,353.77,353.77,353.77,0,0
3888.N,D,20180613,000000,353.79,353.79,353.79,353.79,0,0
3888.N,D,20180614,000000,353.79,353.79,353.79,353.79,0,0
3888.N,D,20180615,000000,353.83,353.83,353.83,353.83,0,0
3888.N,D,20180618,000000,353.89,353.89,353.89,353.89,0,0
3888.N,D,20180619,000000,353.78,353.78,353.78,353.78,0,0
3888.N,D,20180620,000000,353.85,353.85,353.85,353.85,0,0
3888.N,D,20180621,000000,353.92,353.92,353.92,353.92,0,0
3888.N,D,20180622,000000,353.95,353.95,353.95,353.95,0,0
3888.N,D,20180625,000000,353.97,353.97,353.97,353.97,0,0
3888.N,D,20180626,000000,353.95,353.95,353.95,353.95,0,0
3888.N,D,20180627,000000,353.93,353.93,353.93,353.93,0,0
3888.N,D,20180628,000000,353.96,353.96,353.96,353.96,0,0
3888.N,D,20180629,000000,353.93,353.93,353.93,353.93,0,0
3888.N,D,20180702,000000,353.98,353.98,353.98,353.98,0,0
3888.N,D,20180703,000000,354,354,354,354,0,0
3888.N,D,20180704,000000,354.04,354.04,354.04,354.04,0,0
3888.N,D,20180705,000000,354.08,354.08,354.08,354.08,0,0
3888.N,D,20180706,000000,354.07,354.07,354.07,354.07,0,0
3888.N,D,20180709,000000,354.12,354.12,354.12,354.12,0,0
3888.N,D,20180710,000000,354.12,354.12,354.12,354.12,0,0
3888.N,D,20180711,000000,354.14,354.14,354.14,354.14,0,0
3888.N,D,20180712,000000,354.15,354.15,354.15,354.15,0,0
3888.N,D,20180713,000000,354.17,354.17,354.17,354.17,0,0
3888.N,D,20180716,000000,354.22,354.22,354.22,354.22,0,0
3888.N,D,20180717,000000,354.19,354.19,354.19,354.19,0,0
3888.N,D,20180718,000000,354.24,354.24,354.24,354.24,0,0
3888.N,D,20180719,000000,354.28,354.28,354.28,354.28,0,0
3888.N,D,20180720,000000,354.33,354.33,354.33,354.33,0,0
3888.N,D,20180723,000000,354.36,354.36,354.36,354.36,0,0
3888.N,D,20180724,000000,354.42,354.42,354.42,354.42,0,0
3888.N,D,20180725,000000,354.42,354.42,354.42,354.42,0,0
3888.N,D,20180726,000000,354.41,354.41,354.41,354.41,0,0
3888.N,D,20180727,000000,354.43,354.43,354.43,354.43,0,0
3888.N,D,20180730,000000,354.54,354.54,354.54,354.54,0,0
3888.N,D,20180731,000000,354.5,354.5,354.5,354.5,0,0
3888.N,D,20180801,000000,354.62,354.62,354.62,354.62,0,0
3888.N,D,20180802,000000,354.62,354.62,354.62,354.62,0,0
3888.N,D,20180803,000000,354.58,354.58,354.58,354.58,0,0
3888.N,D,20180806,000000,354.65,354.65,354.65,354.65,0,0
3888.N,D,20180807,000000,354.67,354.67,354.67,354.67,0,0
3888.N,D,20180808,000000,354.63,354.63,354.63,354.63,0,0
3888.N,D,20180809,000000,354.63,354.63,354.63,354.63,0,0
3888.N,D,20180810,000000,354.6,354.6,354.6,354.6,0,0
3888.N,D,20180813,000000,354.58,354.58,354.58,354.58,0,0
3888.N,D,20180814,000000,354.6,354.6,354.6,354.6,0,0
3888.N,D,20180816,000000,354.59,354.59,354.59,354.59,0,0
3888.N,D,20180817,000000,354.61,354.61,354.61,354.61,0,0
3888.N,D,20180820,000000,354.58,354.58,354.58,354.58,0,0
3888.N,D,20180821,000000,354.58,354.58,354.58,354.58,0,0
3888.N,D,20180822,000000,354.46,354.46,354.46,354.46,0,0
3888.N,D,20180823,000000,354.6,354.6,354.6,354.6,0,0
3888.N,D,20180824,000000,354.56,354.56,354.56,354.56,0,0
3888.N,D,20180827,000000,354.54,354.54,354.54,354.54,0,0
3888.N,D,20180828,000000,354.59,354.59,354.59,354.59,0,0
3888.N,D,20180829,000000,354.44,354.44,354.44,354.44,0,0
3888.N,D,20180830,000000,354.31,354.31,354.31,354.31,0,0
3888.N,D,20180831,000000,353.88,353.88,353.88,353.88,0,0
3888.N,D,20180903,000000,353.72,353.72,353.72,353.72,0,0
3888.N,D,20180904,000000,353.58,353.58,353.58,353.58,0,0
3888.N,D,20180905,000000,353.67,353.67,353.67,353.67,0,0
3888.N,D,20180906,000000,353.69,353.69,353.69,353.69,0,0
3888.N,D,20180907,000000,354.03,354.03,354.03,354.03,0,0
3888.N,D,20180910,000000,354.17,354.17,354.17,354.17,0,0
3888.N,D,20180911,000000,354.33,354.33,354.33,354.33,0,0
3888.N,D,20180912,000000,354.26,354.26,354.26,354.26,0,0
3888.N,D,20180913,000000,354.24,354.24,354.24,354.24,0,0
3888.N,D,20180914,000000,354.36,354.36,354.36,354.36,0,0
3888.N,D,20180917,000000,354.6,354.6,354.6,354.6,0,0
3888.N,D,20180918,000000,354.69,354.69,354.69,354.69,0,0
3888.N,D,20180919,000000,354.78,354.78,354.78,354.78,0,0
3888.N,D,20180920,000000,354.85,354.85,354.85,354.85,0,0
3888.N,D,20180921,000000,354.86,354.86,354.86,354.86,0,0
3888.N,D,20180924,000000,355.02,355.02,355.02,355.02,0,0
3888.N,D,20180925,000000,354.96,354.96,354.96,354.96,0,0
3888.N,D,20180926,000000,355.13,355.13,355.13,355.13,0,0
3888.N,D,20180927,000000,355.24,355.24,355.24,355.24,0,0
3888.N,D,20180928,000000,355.05,355.05,355.05,355.05,0,0
3888.N,D,20181001,000000,355.02,355.02,355.02,355.02,0,0
3888.N,D,20181002,000000,354.79,354.79,354.79,354.79,0,0
3888.N,D,20181003,000000,354.87,354.87,354.87,354.87,0,0
3888.N,D,20181004,000000,354.87,354.87,354.87,354.87,0,0
3888.N,D,20181005,000000,354.89,354.89,354.89,354.89,0,0
3888.N,D,20181008,000000,354.94,354.94,354.94,354.94,0,0
3888.N,D,20181009,000000,354.95,354.95,354.95,354.95,0,0
3888.N,D,20181010,000000,354.98,354.98,354.98,354.98,0,0
3888.N,D,20181011,000000,354.92,354.92,354.92,354.92,0,0
3888.N,D,20181012,000000,354.97,354.97,354.97,354.97,0,0
3888.N,D,20181015,000000,355.07,355.07,355.07,355.07,0,0
3888.N,D,20181016,000000,355.07,355.07,355.07,355.07,0,0
3888.N,D,20181017,000000,355.14,355.14,355.14,355.14,0,0
3888.N,D,20181018,000000,355.16,355.16,355.16,355.16,0,0
3888.N,D,20181019,000000,355.16,355.16,355.16,355.16,0,0
3888.N,D,20181022,000000,355.26,355.26,355.26,355.26,0,0
3888.N,D,20181023,000000,355.15,355.15,355.15,355.15,0,0
3888.N,D,20181024,000000,355.13,355.13,355.13,355.13,0,0
3888.N,D,20181025,000000,355.15,355.15,355.15,355.15,0,0
3888.N,D,20181026,000000,355.25,355.25,355.25,355.25,0,0
3888.N,D,20181029,000000,355.29,355.29,355.29,355.29,0,0
3888.N,D,20181030,000000,355.29,355.29,355.29,355.29,0,0
3888.N,D,20181031,000000,355.25,355.25,355.25,355.25,0,0
3888.N,D,20181102,000000,355.36,355.36,355.36,355.36,0,0
3888.N,D,20181105,000000,355.41,355.41,355.41,355.41,0,0
3888.N,D,20181106,000000,355.47,355.47,355.47,355.47,0,0
3888.N,D,20181107,000000,355.49,355.49,355.49,355.49,0,0
3888.N,D,20181108,000000,355.5,355.5,355.5,355.5,0,0
3888.N,D,20181109,000000,355.51,355.51,355.51,355.51,0,0
3888.N,D,20181113,000000,355.44,355.44,355.44,355.44,0,0
3888.N,D,20181114,000000,355.17,355.17,355.17,355.17,0,0
3888.N,D,20181115,000000,355.08,355.08,355.08,355.08,0,0
3888.N,D,20181116,000000,355.05,355.05,355.05,355.05,0,0
3888.N,D,20181119,000000,355.2,355.2,355.2,355.2,0,0
3888.N,D,20181120,000000,355.2,355.2,355.2,355.2,0,0
3888.N,D,20181121,000000,355.13,355.13,355.13,355.13,0,0
3888.N,D,20181122,000000,355.16,355.16,355.16,355.16,0,0
3888.N,D,20181123,000000,355.27,355.27,355.27,355.27,0,0
3888.N,D,20181126,000000,355.32,355.32,355.32,355.32,0,0
3888.N,D,20181127,000000,355.37,355.37,355.37,355.37,0,0
3888.N,D,20181128,000000,355.66,355.66,355.66,355.66,0,0
3888.N,D,20181129,000000,355.61,355.61,355.61,355.61,0,0
3888.N,D,20181130,000000,355.64,355.64,355.64,355.64,0,0
3888.N,D,20181203,000000,355.68,355.68,355.68,355.68,0,0
3888.N,D,20181204,000000,355.69,355.69,355.69,355.69,0,0
3888.N,D,20181205,000000,355.7,355.7,355.7,355.7,0,0
3888.N,D,20181206,000000,355.69,355.69,355.69,355.69,0,0
3888.N,D,20181207,000000,355.65,355.65,355.65,355.65,0,0
3888.N,D,20181210,000000,355.78,355.78,355.78,355.78,0,0
3888.N,D,20181211,000000,356.02,356.02,356.02,356.02,0,0
3888.N,D,20181212,000000,356.15,356.15,356.15,356.15,0,0
3888.N,D,20181213,000000,356.49,356.49,356.49,356.49,0,0
3888.N,D,20181214,000000,356.49,356.49,356.49,356.49,0,0
3888.N,D,20181217,000000,356.52,356.52,356.52,356.52,0,0
3888.N,D,20181218,000000,356.49,356.49,356.49,356.49,0,0
3888.N,D,20181219,000000,356.51,356.51,356.51,356.51,0,0
3888.N,D,20181220,000000,356.73,356.73,356.73,356.73,0,0
3888.N,D,20181221,000000,356.77,356.77,356.77,356.77,0,0
3888.N,D,20181227,000000,356.7,356.7,356.7,356.7,0,0
3888.N,D,20181228,000000,356.89,356.89,356.89,356.89,0,0
3888.N,D,20190102,000000,356.98,356.98,356.98,356.98,0,0
3888.N,D,20190103,000000,356.81,356.81,356.81,356.81,0,0
3888.N,D,20190104,000000,356.79,356.79,356.79,356.79,0,0
3888.N,D,20190107,000000,356.9,356.9,356.9,356.9,0,0
3888.N,D,20190108,000000,356.96,356.96,356.96,356.96,0,0
3888.N,D,20190109,000000,356.87,356.87,356.87,356.87,0,0
3888.N,D,20190110,000000,356.99,356.99,356.99,356.99,0,0
3888.N,D,20190111,000000,357.15,357.15,357.15,357.15,0,0
3888.N,D,20190114,000000,357.24,357.24,357.24,357.24,0,0
3888.N,D,20190115,000000,357.2,357.2,357.2,357.2,0,0
3888.N,D,20190116,000000,357.21,357.21,357.21,357.21,0,0
3888.N,D,20190117,000000,357.25,357.25,357.25,357.25,0,0
3888.N,D,20190118,000000,357.3,357.3,357.3,357.3,0,0
3888.N,D,20190121,000000,357.38,357.38,357.38,357.38,0,0
3888.N,D,20190122,000000,357.41,357.41,357.41,357.41,0,0
3888.N,D,20190123,000000,357.52,357.52,357.52,357.52,0,0
3888.N,D,20190124,000000,357.58,357.58,357.58,357.58,0,0
3888.N,D,20190125,000000,357.63,357.63,357.63,357.63,0,0
3888.N,D,20190128,000000,357.7,357.7,357.7,357.7,0,0
3888.N,D,20190129,000000,357.69,357.69,357.69,357.69,0,0
3888.N,D,20190130,000000,357.51,357.51,357.51,357.51,0,0
3888.N,D,20190131,000000,357.54,357.54,357.54,357.54,0,0
3888.N,D,20190201,000000,357.55,357.55,357.55,357.55,0,0
3888.N,D,20190204,000000,357.6,357.6,357.6,357.6,0,0
3888.N,D,20190205,000000,357.68,357.68,357.68,357.68,0,0
3888.N,D,20190206,000000,357.72,357.72,357.72,357.72,0,0
3888.N,D,20190207,000000,357.77,357.77,357.77,357.77,0,0
3888.N,D,20190208,000000,357.72,357.72,357.72,357.72,0,0
3888.N,D,20190211,000000,357.76,357.76,357.76,357.76,0,0
3888.N,D,20190212,000000,357.87,357.87,357.87,357.87,0,0
3888.N,D,20190213,000000,357.87,357.87,357.87,357.87,0,0
3888.N,D,20190214,000000,357.91,357.91,357.91,357.91,0,0
3888.N,D,20190215,000000,357.89,357.89,357.89,357.89,0,0
3888.N,D,20190218,000000,357.94,357.94,357.94,357.94,0,0
3888.N,D,20190219,000000,357.92,357.92,357.92,357.92,0,0
3888.N,D,20190220,000000,357.95,357.95,357.95,357.95,0,0
3888.N,D,20190221,000000,358.02,358.02,358.02,358.02,0,0
3888.N,D,20190222,000000,358.01,358.01,358.01,358.01,0,0
3888.N,D,20190225,000000,357.49,357.49,357.49,357.49,0,0
3888.N,D,20190226,000000,357.64,357.64,357.64,357.64,0,0
3888.N,D,20190227,000000,357.67,357.67,357.67,357.67,0,0
3888.N,D,20190228,000000,357.56,357.56,357.56,357.56,0,0
3888.N,D,20190301,000000,357.41,357.41,357.41,357.41,0,0
3888.N,D,20190304,000000,357.63,357.63,357.63,357.63,0,0
3888.N,D,20190305,000000,357.52,357.52,357.52,357.52,0,0
3888.N,D,20190306,000000,357.55,357.55,357.55,357.55,0,0
3888.N,D,20190307,000000,357.61,357.61,357.61,357.61,0,0
3888.N,D,20190308,000000,357.71,357.71,357.71,357.71,0,0
3888.N,D,20190311,000000,357.73,357.73,357.73,357.73,0,0
3888.N,D,20190312,000000,357.76,357.76,357.76,357.76,0,0
3888.N,D,20190313,000000,357.73,357.73,357.73,357.73,0,0
3888.N,D,20190314,000000,357.88,357.88,357.88,357.88,0,0
3888.N,D,20190315,000000,357.89,357.89,357.89,357.89,0,0
3888.N,D,20190318,000000,358.02,358.02,358.02,358.02,0,0
3888.N,D,20190319,000000,357.95,357.95,357.95,357.95,0,0
3888.N,D,20190320,000000,357.8,357.8,357.8,357.8,0,0
3888.N,D,20190321,000000,357.81,357.81,357.81,357.81,0,0
3888.N,D,20190322,000000,357.81,357.81,357.81,357.81,0,0
3888.N,D,20190325,000000,357.46,357.46,357.46,357.46,0,0
3888.N,D,20190326,000000,357.43,357.43,357.43,357.43,0,0
3888.N,D,20190327,000000,357.45,357.45,357.45,357.45,0,0
3888.N,D,20190328,000000,357.36,357.36,357.36,357.36,0,0
3888.N,D,20190329,000000,357.54,357.54,357.54,357.54,0,0
3888.N,D,20190401,000000,357.75,357.75,357.75,357.75,0,0
3888.N,D,20190402,000000,357.7,357.7,357.7,357.7,0,0
3888.N,D,20190403,000000,357.85,357.85,357.85,357.85,0,0
3888.N,D,20190404,000000,357.89,357.89,357.89,357.89,0,0
3888.N,D,20190405,000000,358.05,358.05,358.05,358.05,0,0
3888.N,D,20190408,000000,358.15,358.15,358.15,358.15,0,0
3888.N,D,20190409,000000,358.12,358.12,358.12,358.12,0,0
3888.N,D,20190410,000000,358.25,358.25,358.25,358.25,0,0
3888.N,D,20190411,000000,358.21,358.21,358.21,358.21,0,0
3888.N,D,20190412,000000,358.47,358.47,358.47,358.47,0,0
3888.N,D,20190415,000000,358.77,358.77,358.77,358.77,0,0
3888.N,D,20190416,000000,359.09,359.09,359.09,359.09,0,0
3888.N,D,20190417,000000,359.19,359.19,359.19,359.19,0,0
3888.N,D,20190418,000000,359.13,359.13,359.13,359.13,0,0
3888.N,D,20190423,000000,359.25,359.25,359.25,359.25,0,0
3888.N,D,20190424,000000,359.28,359.28,359.28,359.28,0,0
3888.N,D,20190425,000000,358.95,358.95,358.95,358.95,0,0
3888.N,D,20190426,000000,358.78,358.78,358.78,358.78,0,0
3888.N,D,20190429,000000,358.75,358.75,358.75,358.75,0,0
3888.N,D,20190430,000000,358.76,358.76,358.76,358.76,0,0
3888.N,D,20190502,000000,358.84,358.84,358.84,358.84,0,0
3888.N,D,20190506,000000,358.95,358.95,358.95,358.95,0,0
3888.N,D,20190507,000000,358.77,358.77,358.77,358.77,0,0
3888.N,D,20190508,000000,358.94,358.94,358.94,358.94,0,0
3888.N,D,20190509,000000,358.69,358.69,358.69,358.69,0,0
3888.N,D,20190510,000000,358.54,358.54,358.54,358.54,0,0
3888.N,D,20190513,000000,358.42,358.42,358.42,358.42,0,0
3888.N,D,20190514,000000,358.32,358.32,358.32,358.32,0,0
3888.N,D,20190515,000000,358.3,358.3,358.3,358.3,0,0
3888.N,D,20190516,000000,358.32,358.32,358.32,358.32,0,0
3888.N,D,20190517,000000,358.35,358.35,358.35,358.35,0,0
3888.N,D,20190520,000000,358.35,358.35,358.35,358.35,0,0
3888.N,D,20190521,000000,358.48,358.48,358.48,358.48,0,0
3888.N,D,20190522,000000,358.46,358.46,358.46,358.46,0,0
3888.N,D,20190523,000000,358.58,358.58,358.58,358.58,0,0
3888.N,D,20190524,000000,358.7,358.7,358.7,358.7,0,0
3888.N,D,20190527,000000,358.79,358.79,358.79,358.79,0,0
3888.N,D,20190528,000000,358.95,358.95,358.95,358.95,0,0
3888.N,D,20190529,000000,359.13,359.13,359.13,359.13,0,0
3888.N,D,20190530,000000,359.14,359.14,359.14,359.14,0,0
3888.N,D,20190531,000000,359.22,359.22,359.22,359.22,0,0
3888.N,D,20190603,000000,359.33,359.33,359.33,359.33,0,0
3888.N,D,20190604,000000,359.4,359.4,359.4,359.4,0,0
3888.N,D,20190605,000000,359.41,359.41,359.41,359.41,0,0
3888.N,D,20190606,000000,360.01,360.01,360.01,360.01,0,0
3888.N,D,20190607,000000,360.15,360.15,360.15,360.15,0,0
3888.N,D,20190610,000000,360.33,360.33,360.33,360.33,0,0
3888.N,D,20190611,000000,360.39,360.39,360.39,360.39,0,0
3888.N,D,20190612,000000,360.38,360.38,360.38,360.38,0,0
3888.N,D,20190613,000000,360.36,360.36,360.36,360.36,0,0
3888.N,D,20190614,000000,360.46,360.46,360.46,360.46,0,0
3888.N,D,20190617,000000,360.44,360.44,360.44,360.44,0,0
3888.N,D,20190618,000000,360.51,360.51,360.51,360.51,0,0
3888.N,D,20190619,000000,360.86,360.86,360.86,360.86,0,0
3888.N,D,20190621,000000,361.07,361.07,361.07,361.07,0,0
3888.N,D,20190624,000000,361.09,361.09,361.09,361.09,0,0
3888.N,D,20190625,000000,361.15,361.15,361.15,361.15,0,0
3888.N,D,20190626,000000,361.21,361.21,361.21,361.21,0,0
3888.N,D,20190627,000000,361.14,361.14,361.14,361.14,0,0
3888.N,D,20190628,000000,361.12,361.12,361.12,361.12,0,0
3888.N,D,20190701,000000,361.4,361.4,361.4,361.4,0,0
3888.N,D,20190702,000000,361.53,361.53,361.53,361.53,0,0
3888.N,D,20190703,000000,361.58,361.58,361.58,361.58,0,0
3888.N,D,20190704,000000,361.74,361.74,361.74,361.74,0,0
3888.N,D,20190705,000000,361.61,361.61,361.61,361.61,0,0
3888.N,D,20190708,000000,361.78,361.78,361.78,361.78,0,0
3888.N,D,20190709,000000,361.96,361.96,361.96,361.96,0,0
3888.N,D,20190710,000000,361.92,361.92,361.92,361.92,0,0
3888.N,D,20190711,000000,361.87,361.87,361.87,361.87,0,0
3888.N,D,20190712,000000,361.67,361.67,361.67,361.67,0,0
3888.N,D,20190715,000000,361.86,361.86,361.86,361.86,0,0
3888.N,D,20190716,000000,361.88,361.88,361.88,361.88,0,0
3888.N,D,20190717,000000,361.93,361.93,361.93,361.93,0,0
3888.N,D,20190718,000000,362.05,362.05,362.05,362.05,0,0
3888.N,D,20190719,000000,362.32,362.32,362.32,362.32,0,0
3888.N,D,20190722,000000,362.55,362.55,362.55,362.55,0,0
3888.N,D,20190723,000000,362.87,362.87,362.87,362.87,0,0
3888.N,D,20190724,000000,363.27,363.27,363.27,363.27,0,0
3888.N,D,20190725,000000,363.18,363.18,363.18,363.18,0,0
3888.N,D,20190726,000000,363.31,363.31,363.31,363.31,0,0
3888.N,D,20190729,000000,363.53,363.53,363.53,363.53,0,0
3888.N,D,20190730,000000,363.56,363.56,363.56,363.56,0,0
3888.N,D,20190731,000000,363.59,363.59,363.59,363.59,0,0
3888.N,D,20190801,000000,363.69,363.69,363.69,363.69,0,0
3888.N,D,20190802,000000,363.73,363.73,363.73,363.73,0,0
3888.N,D,20190805,000000,363.77,363.77,363.77,363.77,0,0
3888.N,D,20190806,000000,363.25,363.25,363.25,363.25,0,0
3888.N,D,20190807,000000,363.44,363.44,363.44,363.44,0,0
3888.N,D,20190808,000000,363.58,363.58,363.58,363.58,0,0
3888.N,D,20190809,000000,363.67,363.67,363.67,363.67,0,0
3888.N,D,20190812,000000,363.65,363.65,363.65,363.65,0,0
3888.N,D,20190813,000000,363.69,363.69,363.69,363.69,0,0
3888.N,D,20190814,000000,363.25,363.25,363.25,363.25,0,0
3888.N,D,20190816,000000,363.66,363.66,363.66,363.66,0,0
3888.N,D,20190819,000000,363.19,363.19,363.19,363.19,0,0
3888.N,D,20190820,000000,363.35,363.35,363.35,363.35,0,0
3888.N,D,20190821,000000,362.8,362.8,362.8,362.8,0,0
3888.N,D,20190822,000000,362.55,362.55,362.55,362.55,0,0
3888.N,D,20190823,000000,362.48,362.48,362.48,362.48,0,0
3888.N,D,20190826,000000,363.11,363.11,363.11,363.11,0,0
3888.N,D,20190827,000000,363.72,363.72,363.72,363.72,0,0
3888.N,D,20190828,000000,364.03,364.03,364.03,364.03,0,0
3888.N,D,20190829,000000,363.44,363.44,363.44,363.44,0,0
3888.N,D,20190830,000000,363.56,363.56,363.56,363.56,0,0
3888.N,D,20190902,000000,363.59,363.59,363.59,363.59,0,0
3888.N,D,20190903,000000,363.68,363.68,363.68,363.68,0,0
3888.N,D,20190904,000000,363.39,363.39,363.39,363.39,0,0
3888.N,D,20190905,000000,363.49,363.49,363.49,363.49,0,0
3888.N,D,20190906,000000,363.53,363.53,363.53,363.53,0,0
3888.N,D,20190909,000000,363.27,363.27,363.27,363.27,0,0
3888.N,D,20190910,000000,362.9,362.9,362.9,362.9,0,0
3888.N,D,20190911,000000,362.85,362.85,362.85,362.85,0,0
3888.N,D,20190912,000000,363.35,363.35,363.35,363.35,0,0
3888.N,D,20190913,000000,363.34,363.34,363.34,363.34,0,0
3888.N,D,20190916,000000,363.28,363.28,363.28,363.28,0,0
3888.N,D,20190917,000000,363.52,363.52,363.52,363.52,0,0
3888.N,D,20190918,000000,363.59,363.59,363.59,363.59,0,0
3888.N,D,20190919,000000,363.78,363.78,363.78,363.78,0,0
3888.N,D,20190920,000000,363.79,363.79,363.79,363.79,0,0
3888.N,D,20190923,000000,363.57,363.57,363.57,363.57,0,0
3888.N,D,20190924,000000,363.47,363.47,363.47,363.47,0,0
3888.N,D,20190925,000000,363.6,363.6,363.6,363.6,0,0
3888.N,D,20190926,000000,363.58,363.58,363.58,363.58,0,0
3888.N,D,20190927,000000,363.61,363.61,363.61,363.61,0,0
3888.N,D,20190930,000000,363.82,363.82,363.82,363.82,0,0
3888.N,D,20191001,000000,363.9,363.9,363.9,363.9,0,0
3888.N,D,20191002,000000,363.92,363.92,363.92,363.92,0,0
3888.N,D,20191003,000000,364.18,364.18,364.18,364.18,0,0
3888.N,D,20191004,000000,364.41,364.41,364.41,364.41,0,0
3888.N,D,20191007,000000,364.55,364.55,364.55,364.55,0,0
3888.N,D,20191008,000000,364.57,364.57,364.57,364.57,0,0
3888.N,D,20191009,000000,364.52,364.52,364.52,364.52,0,0
3888.N,D,20191010,000000,364.36,364.36,364.36,364.36,0,0
3888.N,D,20191011,000000,364.35,364.35,364.35,364.35,0,0
3888.N,D,20191014,000000,364.42,364.42,364.42,364.42,0,0
3888.N,D,20191015,000000,364.34,364.34,364.34,364.34,0,0
3888.N,D,20191016,000000,364.34,364.34,364.34,364.34,0,0
3888.N,D,20191017,000000,364.37,364.37,364.37,364.37,0,0
3888.N,D,20191018,000000,364.27,364.27,364.27,364.27,0,0
3888.N,D,20191021,000000,364.31,364.31,364.31,364.31,0,0
3888.N,D,20191022,000000,364.37,364.37,364.37,364.37,0,0
3888.N,D,20191023,000000,364.43,364.43,364.43,364.43,0,0
3888.N,D,20191024,000000,364.5,364.5,364.5,364.5,0,0
3888.N,D,20191025,000000,364.51,364.51,364.51,364.51,0,0
3888.N,D,20191028,000000,364.6,364.6,364.6,364.6,0,0
3888.N,D,20191029,000000,364.69,364.69,364.69,364.69,0,0
3888.N,D,20191030,000000,364.67,364.67,364.67,364.67,0,0
3888.N,D,20191031,000000,364.45,364.45,364.45,364.45,0,0
3888.N,D,20191104,000000,364.59,364.59,364.59,364.59,0,0
3888.N,D,20191105,000000,364.56,364.56,364.56,364.56,0,0
3888.N,D,20191106,000000,364.62,364.62,364.62,364.62,0,0
3888.N,D,20191107,000000,364.6,364.6,364.6,364.6,0,0
3888.N,D,20191108,000000,364.43,364.43,364.43,364.43,0,0
3888.N,D,20191112,000000,364.57,364.57,364.57,364.57,0,0
3888.N,D,20191113,000000,364.61,364.61,364.61,364.61,0,0
3888.N,D,20191114,000000,364.7,364.7,364.7,364.7,0,0
3888.N,D,20191115,000000,364.66,364.66,364.66,364.66,0,0
3888.N,D,20191118,000000,364.7,364.7,364.7,364.7,0,0
3888.N,D,20191119,000000,364.71,364.71,364.71,364.71,0,0
3888.N,D,20191120,000000,364.76,364.76,364.76,364.76,0,0
3888.N,D,20191121,000000,364.75,364.75,364.75,364.75,0,0
3888.N,D,20191122,000000,364.71,364.71,364.71,364.71,0,0
3888.N,D,20191125,000000,364.8,364.8,364.8,364.8,0,0
3888.N,D,20191126,000000,364.84,364.84,364.84,364.84,0,0
3888.N,D,20191127,000000,364.85,364.85,364.85,364.85,0,0
3888.N,D,20191128,000000,364.84,364.84,364.84,364.84,0,0
3888.N,D,20191129,000000,364.84,364.84,364.84,364.84,0,0
3888.N,D,20191202,000000,364.94,364.94,364.94,364.94,0,0
3888.N,D,20191203,000000,365,365,365,365,0,0
3888.N,D,20191204,000000,364.99,364.99,364.99,364.99,0,0
3888.N,D,20191205,000000,365.04,365.04,365.04,365.04,0,0
3888.N,D,20191206,000000,365.08,365.08,365.08,365.08,0,0
3888.N,D,20191209,000000,365.06,365.06,365.06,365.06,0,0
3888.N,D,20191210,000000,365.06,365.06,365.06,365.06,0,0
3888.N,D,20191211,000000,365.08,365.08,365.08,365.08,0,0
3888.N,D,20191212,000000,365.06,365.06,365.06,365.06,0,0
3888.N,D,20191213,000000,365.09,365.09,365.09,365.09,0,0
3888.N,D,20191216,000000,365.1,365.1,365.1,365.1,0,0
3888.N,D,20191217,000000,365.17,365.17,365.17,365.17,0,0
3888.N,D,20191218,000000,365.16,365.16,365.16,365.16,0,0
3888.N,D,20191219,000000,365.19,365.19,365.19,365.19,0,0
3888.N,D,20191220,000000,365.13,365.13,365.13,365.13,0,0
3888.N,D,20191223,000000,365.11,365.11,365.11,365.11,0,0
3888.N,D,20191227,000000,365.32,365.32,365.32,365.32,0,0
3888.N,D,20191230,000000,365.33,365.33,365.33,365.33,0,0
3888.N,D,20200102,000000,365.44,365.44,365.44,365.44,0,0
3888.N,D,20200103,000000,365.66,365.66,365.66,365.66,0,0
3888.N,D,20200107,000000,365.76,365.76,365.76,365.76,0,0
3888.N,D,20200108,000000,365.75,365.75,365.75,365.75,0,0
3888.N,D,20200109,000000,365.82,365.82,365.82,365.82,0,0
3888.N,D,20200110,000000,365.79,365.79,365.79,365.79,0,0
3888.N,D,20200113,000000,365.76,365.76,365.76,365.76,0,0
3888.N,D,20200114,000000,365.88,365.88,365.88,365.88,0,0
3888.N,D,20200115,000000,365.99,365.99,365.99,365.99,0,0
3888.N,D,20200116,000000,365.96,365.96,365.96,365.96,0,0
3888.N,D,20200117,000000,365.95,365.95,365.95,365.95,0,0
3888.N,D,20200120,000000,366.01,366.01,366.01,366.01,0,0
3888.N,D,20200121,000000,366.08,366.08,366.08,366.08,0,0
3888.N,D,20200122,000000,366.13,366.13,366.13,366.13,0,0
3888.N,D,20200123,000000,366.07,366.07,366.07,366.07,0,0
3888.N,D,20200124,000000,366.07,366.07,366.07,366.07,0,0
3888.N,D,20200127,000000,366.12,366.12,366.12,366.12,0,0
3888.N,D,20200128,000000,366.11,366.11,366.11,366.11,0,0
3888.N,D,20200129,000000,366.12,366.12,366.12,366.12,0,0
3888.N,D,20200130,000000,366.14,366.14,366.14,366.14,0,0
3888.N,D,20200131,000000,366.25,366.25,366.25,366.25,0,0
3888.N,D,20200203,000000,366.26,366.26,366.26,366.26,0,0
3888.N,D,20200204,000000,366.32,366.32,366.32,366.32,0,0
3888.N,D,20200205,000000,366.35,366.35,366.35,366.35,0,0
3888.N,D,20200206,000000,366.38,366.38,366.38,366.38,0,0
3888.N,D,20200207,000000,366.44,366.44,366.44,366.44,0,0
3888.N,D,20200210,000000,366.49,366.49,366.49,366.49,0,0
3888.N,D,20200211,000000,366.49,366.49,366.49,366.49,0,0
3888.N,D,20200212,000000,366.54,366.54,366.54,366.54,0,0
3888.N,D,20200213,000000,366.55,366.55,366.55,366.55,0,0
3888.N,D,20200214,000000,366.58,366.58,366.58,366.58,0,0
3888.N,D,20200217,000000,366.62,366.62,366.62,366.62,0,0
3888.N,D,20200218,000000,366.75,366.75,366.75,366.75,0,0
3888.N,D,20200219,000000,366.77,366.77,366.77,366.77,0,0
3888.N,D,20200220,000000,366.82,366.82,366.82,366.82,0,0
3888.N,D,20200221,000000,366.87,366.87,366.87,366.87,0,0
3888.N,D,20200224,000000,366.93,366.93,366.93,366.93,0,0
3888.N,D,20200225,000000,366.93,366.93,366.93,366.93,0,0
3888.N,D,20200226,000000,366.84,366.84,366.84,366.84,0,0
3888.N,D,20200227,000000,366.84,366.84,366.84,366.84,0,0
3888.N,D,20200228,000000,366.68,366.68,366.68,366.68,0,0
3888.N,D,20200302,000000,366.32,366.32,366.32,366.32,0,0
3888.N,D,20200303,000000,366.74,366.74,366.74,366.74,0,0
3888.N,D,20200304,000000,366.85,366.85,366.85,366.85,0,0
3888.N,D,20200305,000000,366.84,366.84,366.84,366.84,0,0
3888.N,D,20200306,000000,366.78,366.78,366.78,366.78,0,0
3888.N,D,20200309,000000,366.11,366.11,366.11,366.11,0,0
3888.N,D,20200310,000000,366.08,366.08,366.08,366.08,0,0
3888.N,D,20200311,000000,365.4,365.4,365.4,365.4,0,0
3888.N,D,20200312,000000,364.41,364.41,364.41,364.41,0,0
3888.N,D,20200313,000000,363.46,363.46,363.46,363.46,0,0
3888.N,D,20200316,000000,361.15,361.15,361.15,361.15,0,0
3888.N,D,20200317,000000,362.49,362.49,362.49,362.49,0,0
3888.N,D,20200318,000000,363.15,363.15,363.15,363.15,0,0
3888.N,D,20200319,000000,362.02,362.02,362.02,362.02,0,0
3888.N,D,20200320,000000,362.24,362.24,362.24,362.24,0,0
3888.N,D,20200323,000000,362.46,362.46,362.46,362.46,0,0
3888.N,D,20200324,000000,363.39,363.39,363.39,363.39,0,0
3888.N,D,20200325,000000,363.63,363.63,363.63,363.63,0,0
3888.N,D,20200326,000000,363.36,363.36,363.36,363.36,0,0
3888.N,D,20200327,000000,363.32,363.32,363.32,363.32,0,0
3888.N,D,20200330,000000,363.3,363.3,363.3,363.3,0,0
3888.N,D,20200331,000000,362.55,362.55,362.55,362.55,0,0
3888.N,D,20200401,000000,362.2,362.2,362.2,362.2,0,0
3888.N,D,20200402,000000,361.94,361.94,361.94,361.94,0,0
3888.N,D,20200403,000000,361.61,361.61,361.61,361.61,0,0
3888.N,D,20200406,000000,361.81,361.81,361.81,361.81,0,0
3888.N,D,20200407,000000,361.97,361.97,361.97,361.97,0,0
3888.N,D,20200408,000000,362.18,362.18,362.18,362.18,0,0
3888.N,D,20200409,000000,362.95,362.95,362.95,362.95,0,0
3888.N,D,20200414,000000,363.34,363.34,363.34,363.34,0,0
3888.N,D,20200415,000000,363.32,363.32,363.32,363.32,0,0
3888.N,D,20200416,000000,363.38,363.38,363.38,363.38,0,0
3888.N,D,20200417,000000,363.41,363.41,363.41,363.41,0,0
3888.N,D,20200420,000000,363.45,363.45,363.45,363.45,0,0
3888.N,D,20200421,000000,364,364,364,364,0,0
3888.N,D,20200422,000000,364.44,364.44,364.44,364.44,0,0
3888.N,D,20200423,000000,364.37,364.37,364.37,364.37,0,0
3888.N,D,20200424,000000,364.46,364.46,364.46,364.46,0,0
3888.N,D,20200427,000000,364.45,364.45,364.45,364.45,0,0
3888.N,D,20200428,000000,364.35,364.35,364.35,364.35,0,0
3888.N,D,20200429,000000,364.21,364.21,364.21,364.21,0,0
3888.N,D,20200430,000000,364.25,364.25,364.25,364.25,0,0
3888.N,D,20200504,000000,364.48,364.48,364.48,364.48,0,0
3888.N,D,20200505,000000,364.4,364.4,364.4,364.4,0,0
3888.N,D,20200506,000000,364.37,364.37,364.37,364.37,0,0
3888.N,D,20200507,000000,364.36,364.36,364.36,364.36,0,0
3888.N,D,20200508,000000,364.38,364.38,364.38,364.38,0,0
3888.N,D,20200511,000000,364.52,364.52,364.52,364.52,0,0
3888.N,D,20200512,000000,364.84,364.84,364.84,364.84,0,0
3888.N,D,20200513,000000,365.53,365.53,365.53,365.53,0,0
3888.N,D,20200514,000000,365.84,365.84,365.84,365.84,0,0
3888.N,D,20200515,000000,366.01,366.01,366.01,366.01,0,0
3888.N,D,20200518,000000,366.1,366.1,366.1,366.1,0,0
3888.N,D,20200519,000000,366.11,366.11,366.11,366.11,0,0
3888.N,D,20200520,000000,365.95,365.95,365.95,365.95,0,0
3888.N,D,20200521,000000,366.17,366.17,366.17,366.17,0,0
3888.N,D,20200522,000000,366.18,366.18,366.18,366.18,0,0
3888.N,D,20200525,000000,366.41,366.41,366.41,366.41,0,0
3888.N,D,20200526,000000,366.49,366.49,366.49,366.49,0,0
3888.N,D,20200527,000000,366.78,366.78,366.78,366.78,0,0
3888.N,D,20200528,000000,367.26,367.26,367.26,367.26,0,0
3888.N,D,20200529,000000,368.21,368.21,368.21,368.21,0,0
3888.N,D,20200601,000000,368.47,368.47,368.47,368.47,0,0
3888.N,D,20200602,000000,368.38,368.38,368.38,368.38,0,0
3888.N,D,20200603,000000,368.18,368.18,368.18,368.18,0,0
3888.N,D,20200604,000000,368.3,368.3,368.3,368.3,0,0
3888.N,D,20200605,000000,368.52,368.52,368.52,368.52,0,0
3888.N,D,20200608,000000,368.56,368.56,368.56,368.56,0,0
3888.N,D,20200609,000000,368.47,368.47,368.47,368.47,0,0
3888.N,D,20200610,000000,368.42,368.42,368.42,368.42,0,0
3888.N,D,20200612,000000,368.44,368.44,368.44,368.44,0,0
3888.N,D,20200615,000000,367.89,367.89,367.89,367.89,0,0
3888.N,D,20200616,000000,367.98,367.98,367.98,367.98,0,0
3888.N,D,20200617,000000,368.25,368.25,368.25,368.25,0,0
3888.N,D,20200618,000000,368.35,368.35,368.35,368.35,0,0
3888.N,D,20200619,000000,368.39,368.39,368.39,368.39,0,0
3888.N,D,20200622,000000,368.46,368.46,368.46,368.46,0,0
3888.N,D,20200623,000000,368.51,368.51,368.51,368.51,0,0
3888.N,D,20200624,000000,368.57,368.57,368.57,368.57,0,0
3888.N,D,20200625,000000,368.96,368.96,368.96,368.96,0,0
3888.N,D,20200626,000000,368.99,368.99,368.99,368.99,0,0
3888.N,D,20200629,000000,369.28,369.28,369.28,369.28,0,0
3888.N,D,20200630,000000,370.18,370.18,370.18,370.18,0,0
3888.N,D,20200701,000000,370.5,370.5,370.5,370.5,0,0
3888.N,D,20200702,000000,370.58,370.58,370.58,370.58,0,0
3888.N,D,20200703,000000,371.05,371.05,371.05,371.05,0,0
3888.N,D,20200706,000000,371.22,371.22,371.22,371.22,0,0
3888.N,D,20200707,000000,371.16,371.16,371.16,371.16,0,0
3888.N,D,20200708,000000,371.3,371.3,371.3,371.3,0,0
3888.N,D,20200709,000000,371.42,371.42,371.42,371.42,0,0
3888.N,D,20200710,000000,371.46,371.46,371.46,371.46,0,0
3888.N,D,20200713,000000,371.55,371.55,371.55,371.55,0,0
3888.N,D,20200714,000000,371.49,371.49,371.49,371.49,0,0
3888.N,D,20200715,000000,371.47,371.47,371.47,371.47,0,0
3888.N,D,20200716,000000,371.57,371.57,371.57,371.57,0,0
3888.N,D,20200717,000000,371.57,371.57,371.57,371.57,0,0
3888.N,D,20200720,000000,371.59,371.59,371.59,371.59,0,0
3888.N,D,20200721,000000,371.58,371.58,371.58,371.58,0,0
3888.N,D,20200722,000000,371.65,371.65,371.65,371.65,0,0
3888.N,D,20200723,000000,371.69,371.69,371.69,371.69,0,0
3888.N,D,20200724,000000,371.76,371.76,371.76,371.76,0,0
3888.N,D,20200727,000000,371.81,371.81,371.81,371.81,0,0
3888.N,D,20200728,000000,371.88,371.88,371.88,371.88,0,0
3888.N,D,20200729,000000,371.92,371.92,371.92,371.92,0,0
3888.N,D,20200730,000000,371.9,371.9,371.9,371.9,0,0
3888.N,D,20200731,000000,371.9,371.9,371.9,371.9,0,0
3888.N,D,20200803,000000,372.1,372.1,372.1,372.1,0,0
3888.N,D,20200804,000000,372.13,372.13,372.13,372.13,0,0
3888.N,D,20200805,000000,372.17,372.17,372.17,372.17,0,0
3888.N,D,20200806,000000,372.23,372.23,372.23,372.23,0,0
3888.N,D,20200807,000000,372.28,372.28,372.28,372.28,0,0
3888.N,D,20200810,000000,372.29,372.29,372.29,372.29,0,0
3888.N,D,20200811,000000,372.39,372.39,372.39,372.39,0,0
3888.N,D,20200812,000000,372.41,372.41,372.41,372.41,0,0
3888.N,D,20200813,000000,372.37,372.37,372.37,372.37,0,0
3888.N,D,20200814,000000,373.12,373.12,373.12,373.12,0,0
3888.N,D,20200817,000000,373.15,373.15,373.15,373.15,0,0
3888.N,D,20200818,000000,373.26,373.26,373.26,373.26,0,0
3888.N,D,20200819,000000,373.27,373.27,373.27,373.27,0,0
3888.N,D,20200820,000000,373.3,373.3,373.3,373.3,0,0
3888.N,D,20200821,000000,373.35,373.35,373.35,373.35,0,0
3888.N,D,20200824,000000,373.38,373.38,373.38,373.38,0,0
3888.N,D,20200825,000000,373.27,373.27,373.27,373.27,0,0
3888.N,D,20200826,000000,373.41,373.41,373.41,373.41,0,0
3888.N,D,20200827,000000,373.4,373.4,373.4,373.4,0,0
3888.N,D,20200828,000000,373.32,373.32,373.32,373.32,0,0
3888.N,D,20200831,000000,373.21,373.21,373.21,373.21,0,0
3888.N,D,20200901,000000,373.28,373.28,373.28,373.28,0,0
3888.N,D,20200902,000000,373.31,373.31,373.31,373.31,0,0
3888.N,D,20200903,000000,373.32,373.32,373.32,373.32,0,0
3888.N,D,20200904,000000,373.31,373.31,373.31,373.31,0,0
3888.N,D,20200907,000000,373.33,373.33,373.33,373.33,0,0
3888.N,D,20200908,000000,373.35,373.35,373.35,373.35,0,0
3888.N,D,20200909,000000,373.39,373.39,373.39,373.39,0,0
3888.N,D,20200910,000000,373.41,373.41,373.41,373.41,0,0
3888.N,D,20200911,000000,373.44,373.44,373.44,373.44,0,0
3888.N,D,20200914,000000,373.46,373.46,373.46,373.46,0,0
3888.N,D,20200915,000000,373.46,373.46,373.46,373.46,0,0
3888.N,D,20200916,000000,373.44,373.44,373.44,373.44,0,0
3888.N,D,20200917,000000,373.45,373.45,373.45,373.45,0,0
3888.N,D,20200918,000000,373.48,373.48,373.48,373.48,0,0
3888.N,D,20200921,000000,373.57,373.57,373.57,373.57,0,0
3888.N,D,20200922,000000,373.54,373.54,373.54,373.54,0,0
3888.N,D,20200923,000000,373.4,373.4,373.4,373.4,0,0
3888.N,D,20200924,000000,373.46,373.46,373.46,373.46,0,0
3888.N,D,20200925,000000,373.43,373.43,373.43,373.43,0,0
3888.N,D,20200928,000000,373.47,373.47,373.47,373.47,0,0
3888.N,D,20200929,000000,373.5,373.5,373.5,373.5,0,0
3888.N,D,20200930,000000,373.53,373.53,373.53,373.53,0,0
3888.N,D,20201001,000000,373.56,373.56,373.56,373.56,0,0
3888.N,D,20201002,000000,373.71,373.71,373.71,373.71,0,0
3888.N,D,20201005,000000,373.74,373.74,373.74,373.74,0,0
3888.N,D,20201006,000000,373.78,373.78,373.78,373.78,0,0
3888.N,D,20201007,000000,373.86,373.86,373.86,373.86,0,0
3888.N,D,20201008,000000,373.89,373.89,373.89,373.89,0,0
3888.N,D,20201009,000000,373.94,373.94,373.94,373.94,0,0
3888.N,D,20201012,000000,373.98,373.98,373.98,373.98,0,0
3888.N,D,20201013,000000,374.03,374.03,374.03,374.03,0,0
3888.N,D,20201014,000000,374.06,374.06,374.06,374.06,0,0
3888.N,D,20201015,000000,374.07,374.07,374.07,374.07,0,0
3888.N,D,20201016,000000,374.33,374.33,374.33,374.33,0,0
3888.N,D,20201019,000000,374.41,374.41,374.41,374.41,0,0
3888.N,D,20201020,000000,374.46,374.46,374.46,374.46,0,0
3888.N,D,20201021,000000,374.45,374.45,374.45,374.45,0,0
3888.N,D,20201022,000000,374.47,374.47,374.47,374.47,0,0
3888.N,D,20201023,000000,374.5,374.5,374.5,374.5,0,0
3888.N,D,20201026,000000,374.57,374.57,374.57,374.57,0,0
3888.N,D,20201027,000000,374.71,374.71,374.71,374.71,0,0
3888.N,D,20201028,000000,374.91,374.91,374.91,374.91,0,0
3888.N,D,20201029,000000,374.93,374.93,374.93,374.93,0,0
3888.N,D,20201030,000000,375.57,375.57,375.57,375.57,0,0
3888.N,D,20201102,000000,375.61,375.61,375.61,375.61,0,0
3888.N,D,20201103,000000,375.53,375.53,375.53,375.53,0,0
3888.N,D,20201104,000000,375.62,375.62,375.62,375.62,0,0
3888.N,D,20201105,000000,375.62,375.62,375.62,375.62,0,0
3888.N,D,20201106,000000,375.96,375.96,375.96,375.96,0,0
3888.N,D,20201109,000000,376.12,376.12,376.12,376.12,0,0
3888.N,D,20201110,000000,376.18,376.18,376.18,376.18,0,0
3888.N,D,20201112,000000,376.14,376.14,376.14,376.14,0,0
3888.N,D,20201113,000000,376.12,376.12,376.12,376.12,0,0
3888.N,D,20201116,000000,376.1,376.1,376.1,376.1,0,0
3888.N,D,20201117,000000,376.05,376.05,376.05,376.05,0,0
3888.N,D,20201118,000000,376.07,376.07,376.07,376.07,0,0
3888.N,D,20201119,000000,375.85,375.85,375.85,375.85,0,0
3888.N,D,20201120,000000,375.99,375.99,375.99,375.99,0,0
3888.N,D,20201123,000000,376,376,376,376,0,0
3888.N,D,20201124,000000,376.13,376.13,376.13,376.13,0,0
3888.N,D,20201125,000000,375.91,375.91,375.91,375.91,0,0
3888.N,D,20201126,000000,376.06,376.06,376.06,376.06,0,0
3888.N,D,20201127,000000,375.93,375.93,375.93,375.93,0,0
3888.N,D,20201130,000000,376.02,376.02,376.02,376.02,0,0
3888.N,D,20201201,000000,375.92,375.92,375.92,375.92,0,0
3888.N,D,20201202,000000,376.06,376.06,376.06,376.06,0,0
3888.N,D,20201203,000000,376.05,376.05,376.05,376.05,0,0
3888.N,D,20201204,000000,375.62,375.62,375.62,375.62,0,0
3888.N,D,20201207,000000,375.85,375.85,375.85,375.85,0,0
3888.N,D,20201208,000000,375.93,375.93,375.93,375.93,0,0
3888.N,D,20201209,000000,375.97,375.97,375.97,375.97,0,0
3888.N,D,20201210,000000,375.99,375.99,375.99,375.99,0,0
3888.N,D,20201211,000000,376.03,376.03,376.03,376.03,0,0
3888.N,D,20201214,000000,375.97,375.97,375.97,375.97,0,0
3888.N,D,20201215,000000,376.22,376.22,376.22,376.22,0,0
3888.N,D,20201216,000000,376.34,376.34,376.34,376.34,0,0
3888.N,D,20201217,000000,376.46,376.46,376.46,376.46,0,0
3888.N,D,20201218,000000,376.31,376.31,376.31,376.31,0,0
3888.N,D,20201221,000000,376.28,376.28,376.28,376.28,0,0
3888.N,D,20201222,000000,376.71,376.71,376.71,376.71,0,0
3888.N,D,20201223,000000,376.47,376.47,376.47,376.47,0,0
3888.N,D,20201228,000000,376.74,376.74,376.74,376.74,0,0
3888.N,D,20201229,000000,376.63,376.63,376.63,376.63,0,0
3888.N,D,20201230,000000,376.66,376.66,376.66,376.66,0,0
3888.N,D,20210104,000000,376.72,376.72,376.72,376.72,0,0
3888.N,D,20210105,000000,376.62,376.62,376.62,376.62,0,0
3888.N,D,20210107,000000,376.56,376.56,376.56,376.56,0,0
3888.N,D,20210108,000000,376.65,376.65,376.65,376.65,0,0
3888.N,D,20210111,000000,376.69,376.69,376.69,376.69,0,0
3888.N,D,20210112,000000,376.69,376.69,376.69,376.69,0,0
3888.N,D,20210113,000000,376.9,376.9,376.9,376.9,0,0
3888.N,D,20210114,000000,376.9,376.9,376.9,376.9,0,0
3888.N,D,20210115,000000,376.84,376.84,376.84,376.84,0,0
3888.N,D,20210118,000000,376.96,376.96,376.96,376.96,0,0
3888.N,D,20210119,000000,376.97,376.97,376.97,376.97,0,0
3888.N,D,20210120,000000,376.9,376.9,376.9,376.9,0,0
3888.N,D,20210121,000000,376.82,376.82,376.82,376.82,0,0
3888.N,D,20210122,000000,376.84,376.84,376.84,376.84,0,0
3888.N,D,20210125,000000,377.07,377.07,377.07,377.07,0,0
3888.N,D,20210126,000000,377.16,377.16,377.16,377.16,0,0
3888.N,D,20210127,000000,377.19,377.19,377.19,377.19,0,0
3888.N,D,20210128,000000,377.1,377.1,377.1,377.1,0,0
3888.N,D,20210129,000000,377.17,377.17,377.17,377.17,0,0
3888.N,D,20210201,000000,377.13,377.13,377.13,377.13,0,0
3888.N,D,20210202,000000,377.06,377.06,377.06,377.06,0,0
3888.N,D,20210203,000000,377.11,377.11,377.11,377.11,0,0
3888.N,D,20210204,000000,377.15,377.15,377.15,377.15,0,0
3888.N,D,20210205,000000,377.12,377.12,377.12,377.12,0,0
3888.N,D,20210208,000000,376.94,376.94,376.94,376.94,0,0
3888.N,D,20210209,000000,376.93,376.93,376.93,376.93,0,0
3888.N,D,20210210,000000,376.89,376.89,376.89,376.89,0,0
3888.N,D,20210211,000000,376.98,376.98,376.98,376.98,0,0
3888.N,D,20210212,000000,376.86,376.86,376.86,376.86,0,0
3888.N,D,20210215,000000,376.69,376.69,376.69,376.69,0,0
3888.N,D,20210216,000000,376.5,376.5,376.5,376.5,0,0
3888.N,D,20210217,000000,376.82,376.82,376.82,376.82,0,0
3888.N,D,20210218,000000,376.47,376.47,376.47,376.47,0,0
3888.N,D,20210219,000000,376.55,376.55,376.55,376.55,0,0
3888.N,D,20210222,000000,376.93,376.93,376.93,376.93,0,0
3888.N,D,20210223,000000,376.8,376.8,376.8,376.8,0,0
3888.N,D,20210224,000000,376.62,376.62,376.62,376.62,0,0
3888.N,D,20210225,000000,376.2,376.2,376.2,376.2,0,0
3888.N,D,20210226,000000,376.17,376.17,376.17,376.17,0,0
3888.N,D,20210301,000000,376.5,376.5,376.5,376.5,0,0
3888.N,D,20210302,000000,376.55,376.55,376.55,376.55,0,0
3888.N,D,20210303,000000,376.37,376.37,376.37,376.37,0,0
3888.N,D,20210304,000000,376.32,376.32,376.32,376.32,0,0
3888.N,D,20210305,000000,376.28,376.28,376.28,376.28,0,0
3888.N,D,20210308,000000,376.25,376.25,376.25,376.25,0,0
3888.N,D,20210309,000000,376.62,376.62,376.62,376.62,0,0
3888.N,D,20210310,000000,376.36,376.36,376.36,376.36,0,0
3888.N,D,20210311,000000,376.42,376.42,376.42,376.42,0,0
3888.N,D,20210312,000000,376.18,376.18,376.18,376.18,0,0
3888.N,D,20210315,000000,376.32,376.32,376.32,376.32,0,0
3888.N,D,20210316,000000,376.36,376.36,376.36,376.36,0,0
3888.N,D,20210317,000000,376.85,376.85,376.85,376.85,0,0
3888.N,D,20210318,000000,376.8,376.8,376.8,376.8,0,0
3888.N,D,20210319,000000,376.94,376.94,376.94,376.94,0,0
3888.N,D,20210322,000000,377.04,377.04,377.04,377.04,0,0
3888.N,D,20210323,000000,376.97,376.97,376.97,376.97,0,0
3888.N,D,20210324,000000,377.04,377.04,377.04,377.04,0,0
3888.N,D,20210325,000000,377.29,377.29,377.29,377.29,0,0
3888.N,D,20210326,000000,377.28,377.28,377.28,377.28,0,0
3888.N,D,20210329,000000,377.07,377.07,377.07,377.07,0,0
3888.N,D,20210330,000000,376.75,376.75,376.75,376.75,0,0
3888.N,D,20210331,000000,376.69,376.69,376.69,376.69,0,0
3888.N,D,20210401,000000,376.63,376.63,376.63,376.63,0,0
3888.N,D,20210406,000000,376.75,376.75,376.75,376.75,0,0
3888.N,D,20210407,000000,376.84,376.84,376.84,376.84,0,0
3888.N,D,20210408,000000,376.88,376.88,376.88,376.88,0,0
3888.N,D,20210409,000000,376.76,376.76,376.76,376.76,0,0
3888.N,D,20210412,000000,376.68,376.68,376.68,376.68,0,0
3888.N,D,20210413,000000,376.86,376.86,376.86,376.86,0,0
3888.N,D,20210414,000000,376.75,376.75,376.75,376.75,0,0
3888.N,D,20210415,000000,376.86,376.86,376.86,376.86,0,0
3888.N,D,20210416,000000,376.83,376.83,376.83,376.83,0,0
3888.N,D,20210419,000000,376.75,376.75,376.75,376.75,0,0
3888.N,D,20210420,000000,376.69,376.69,376.69,376.69,0,0
3888.N,D,20210421,000000,376.68,376.68,376.68,376.68,0,0
3888.N,D,20210422,000000,376.68,376.68,376.68,376.68,0,0
3888.N,D,20210423,000000,376.81,376.81,376.81,376.81,0,0
3888.N,D,20210426,000000,376.8,376.8,376.8,376.8,0,0
3888.N,D,20210427,000000,376.85,376.85,376.85,376.85,0,0
3888.N,D,20210428,000000,376.83,376.83,376.83,376.83,0,0
3888.N,D,20210429,000000,376.48,376.48,376.48,376.48,0,0
3888.N,D,20210430,000000,376.48,376.48,376.48,376.48,0,0
3888.N,D,20210504,000000,376.54,376.54,376.54,376.54,0,0
3888.N,D,20210505,000000,376.65,376.65,376.65,376.65,0,0
3888.N,D,20210506,000000,376.48,376.48,376.48,376.48,0,0
3888.N,D,20210507,000000,376.44,376.44,376.44,376.44,0,0
3888.N,D,20210510,000000,375.59,375.59,375.59,375.59,0,0
3888.N,D,20210511,000000,375.18,375.18,375.18,375.18,0,0
3888.N,D,20210512,000000,375.24,375.24,375.24,375.24,0,0
3888.N,D,20210513,000000,374.74,374.74,374.74,374.74,0,0
3888.N,D,20210514,000000,374.69,374.69,374.69,374.69,0,0
3888.N,D,20210517,000000,373.68,373.68,373.68,373.68,0,0
3888.N,D,20210518,000000,373.76,373.76,373.76,373.76,0,0
3888.N,D,20210519,000000,373.96,373.96,373.96,373.96,0,0
3888.N,D,20210520,000000,374.07,374.07,374.07,374.07,0,0
3888.N,D,20210521,000000,374.12,374.12,374.12,374.12,0,0
3888.N,D,20210524,000000,374.01,374.01,374.01,374.01,0,0
3888.N,D,20210525,000000,374.03,374.03,374.03,374.03,0,0
3888.N,D,20210526,000000,373.99,373.99,373.99,373.99,0,0
3888.N,D,20210527,000000,373.78,373.78,373.78,373.78,0,0
3888.N,D,20210528,000000,373.62,373.62,373.62,373.62,0,0
3888.N,D,20210531,000000,373.62,373.62,373.62,373.62,0,0
3888.N,D,20210601,000000,373.51,373.51,373.51,373.51,0,0
3888.N,D,20210602,000000,373.53,373.53,373.53,373.53,0,0
3888.N,D,20210604,000000,373.54,373.54,373.54,373.54,0,0
3888.N,D,20210607,000000,373.52,373.52,373.52,373.52,0,0
3888.N,D,20210608,000000,373.47,373.47,373.47,373.47,0,0
3888.N,D,20210609,000000,373.39,373.39,373.39,373.39,0,0
3888.N,D,20210610,000000,373.25,373.25,373.25,373.25,0,0
3888.N,D,20210611,000000,373.26,373.26,373.26,373.26,0,0
3888.N,D,20210614,000000,373.03,373.03,373.03,373.03,0,0
3888.N,D,20210615,000000,373.04,373.04,373.04,373.04,0,0
3888.N,D,20210616,000000,373.04,373.04,373.04,373.04,0,0
3888.N,D,20210617,000000,373.04,373.04,373.04,373.04,0,0
3888.N,D,20210618,000000,372.74,372.74,372.74,372.74,0,0
3888.N,D,20210621,000000,372.61,372.61,372.61,372.61,0,0
3888.N,D,20210622,000000,372.45,372.45,372.45,372.45,0,0
3888.N,D,20210623,000000,372.39,372.39,372.39,372.39,0,0
3888.N,D,20210624,000000,372.33,372.33,372.33,372.33,0,0
3888.N,D,20210625,000000,372.2,372.2,372.2,372.2,0,0
3888.N,D,20210628,000000,372.31,372.31,372.31,372.31,0,0
3888.N,D,20210629,000000,372.12,372.12,372.12,372.12,0,0
3888.N,D,20210630,000000,372.21,372.21,372.21,372.21,0,0
3888.N,D,20210701,000000,372.5,372.5,372.5,372.5,0,0
3888.N,D,20210702,000000,372.12,372.12,372.12,372.12,0,0
3888.N,D,20210705,000000,372.03,372.03,372.03,372.03,0,0
3888.N,D,20210706,000000,372.09,372.09,372.09,372.09,0,0
3888.N,D,20210707,000000,372.38,372.38,372.38,372.38,0,0
3888.N,D,20210708,000000,372.32,372.32,372.32,372.32,0,0
3888.N,D,20210709,000000,372.22,372.22,372.22,372.22,0,0
3888.N,D,20210712,000000,371.83,371.83,371.83,371.83,0,0
3888.N,D,20210713,000000,372.41,372.41,372.41,372.41,0,0
3888.N,D,20210714,000000,371.96,371.96,371.96,371.96,0,0
3888.N,D,20210715,000000,372.2,372.2,372.2,372.2,0,0
3888.N,D,20210716,000000,372.03,372.03,372.03,372.03,0,0
3888.N,D,20210719,000000,372.34,372.34,372.34,372.34,0,0
3888.N,D,20210720,000000,372.38,372.38,372.38,372.38,0,0
3888.N,D,20210721,000000,372.4,372.4,372.4,372.4,0,0
3888.N,D,20210722,000000,372.16,372.16,372.16,372.16,0,0
3888.N,D,20210723,000000,372.23,372.23,372.23,372.23,0,0
3888.N,D,20210726,000000,372.34,372.34,372.34,372.34,0,0
3888.N,D,20210727,000000,372.52,372.52,372.52,372.52,0,0
3888.N,D,20210728,000000,372.57,372.57,372.57,372.57,0,0
3888.N,D,20210729,000000,372.52,372.52,372.52,372.52,0,0
3888.N,D,20210730,000000,372.48,372.48,372.48,372.48,0,0
3888.N,D,20210802,000000,372.85,372.85,372.85,372.85,0,0
3888.N,D,20210803,000000,373.1,373.1,373.1,373.1,0,0
3888.N,D,20210804,000000,372.99,372.99,372.99,372.99,0,0
3888.N,D,20210805,000000,372.91,372.91,372.91,372.91,0,0
3888.N,D,20210806,000000,373.1,373.1,373.1,373.1,0,0
3888.N,D,20210809,000000,373.01,373.01,373.01,373.01,0,0
3888.N,D,20210810,000000,373.18,373.18,373.18,373.18,0,0
3888.N,D,20210811,000000,373.67,373.67,373.67,373.67,0,0
3888.N,D,20210812,000000,373.57,373.57,373.57,373.57,0,0
3888.N,D,20210813,000000,373.71,373.71,373.71,373.71,0,0
3888.N,D,20210816,000000,373.75,373.75,373.75,373.75,0,0
3888.N,D,20210817,000000,373.73,373.73,373.73,373.73,0,0
3888.N,D,20210818,000000,373.67,373.67,373.67,373.67,0,0
3888.N,D,20210819,000000,373.7,373.7,373.7,373.7,0,0
3888.N,D,20210820,000000,374.39,374.39,374.39,374.39,0,0
3888.N,D,20210823,000000,374.75,374.75,374.75,374.75,0,0
3888.N,D,20210824,000000,374.42,374.42,374.42,374.42,0,0
3888.N,D,20210825,000000,374.66,374.66,374.66,374.66,0,0
3888.N,D,20210826,000000,374.28,374.28,374.28,374.28,0,0
3888.N,D,20210827,000000,374.16,374.16,374.16,374.16,0,0
3888.N,D,20210830,000000,374.18,374.18,374.18,374.18,0,0
3888.N,D,20210831,000000,373.72,373.72,373.72,373.72,0,0
3888.N,D,20210901,000000,373.58,373.58,373.58,373.58,0,0
3888.N,D,20210902,000000,373.72,373.72,373.72,373.72,0,0
3888.N,D,20210903,000000,373.8,373.8,373.8,373.8,0,0
3888.N,D,20210906,000000,374.86,374.86,374.86,374.86,0,0
3888.N,D,20210907,000000,374.1,374.1,374.1,374.1,0,0
3888.N,D,20210908,000000,373.65,373.65,373.65,373.65,0,0
3888.N,D,20210909,000000,373.97,373.97,373.97,373.97,0,0
3888.N,D,20210910,000000,374.04,374.04,374.04,374.04,0,0
3888.N,D,20210913,000000,373.84,373.84,373.84,373.84,0,0
3888.N,D,20210914,000000,373.75,373.75,373.75,373.75,0,0
3888.N,D,20210915,000000,373.73,373.73,373.73,373.73,0,0
3888.N,D,20210916,000000,373.63,373.63,373.63,373.63,0,0
3888.N,D,20210917,000000,373.49,373.49,373.49,373.49,0,0
3888.N,D,20210920,000000,373.73,373.73,373.73,373.73,0,0
3888.N,D,20210921,000000,373.93,373.93,373.93,373.93,0,0
3888.N,D,20210922,000000,373.79,373.79,373.79,373.79,0,0
3888.N,D,20210923,000000,373.55,373.55,373.55,373.55,0,0
3888.N,D,20210924,000000,373.54,373.54,373.54,373.54,0,0
3888.N,D,20210927,000000,373.57,373.57,373.57,373.57,0,0
3888.N,D,20210928,000000,373.54,373.54,373.54,373.54,0,0
3888.N,D,20210929,000000,373.68,373.68,373.68,373.68,0,0
3888.N,D,20210930,000000,373.42,373.42,373.42,373.42,0,0
3888.N,D,20211001,000000,373.68,373.68,373.68,373.68,0,0
3888.N,D,20211004,000000,373.62,373.62,373.62,373.62,0,0
3888.N,D,20211005,000000,372.95,372.95,372.95,372.95,0,0
3888.N,D,20211006,000000,372.08,372.08,372.08,372.08,0,0
3888.N,D,20211007,000000,371.72,371.72,371.72,371.72,0,0
3888.N,D,20211008,000000,371.6,371.6,371.6,371.6,0,0
3888.N,D,20211011,000000,370.88,370.88,370.88,370.88,0,0
3888.N,D,20211012,000000,369.77,369.77,369.77,369.77,0,0
3888.N,D,20211013,000000,369.12,369.12,369.12,369.12,0,0
3888.N,D,20211014,000000,369.91,369.91,369.91,369.91,0,0
3888.N,D,20211015,000000,369.46,369.46,369.46,369.46,0,0
3888.N,D,20211018,000000,368.51,368.51,368.51,368.51,0,0
3888.N,D,20211019,000000,368.81,368.81,368.81,368.81,0,0
3888.N,D,20211020,000000,368.29,368.29,368.29,368.29,0,0
3888.N,D,20211021,000000,367.99,367.99,367.99,367.99,0,0
3888.N,D,20211022,000000,367.73,367.73,367.73,367.73,0,0
3888.N,D,20211025,000000,367.59,367.59,367.59,367.59,0,0
3888.N,D,20211026,000000,367.82,367.82,367.82,367.82,0,0
3888.N,D,20211027,000000,368.13,368.13,368.13,368.13,0,0
3888.N,D,20211028,000000,367.8,367.8,367.8,367.8,0,0
3888.N,D,20211029,000000,366.66,366.66,366.66,366.66,0,0
3888.N,D,20211102,000000,366.42,366.42,366.42,366.42,0,0
3888.N,D,20211103,000000,365.62,365.62,365.62,365.62,0,0
3888.N,D,20211104,000000,364.77,364.77,364.77,364.77,0,0
3888.N,D,20211105,000000,364.38,364.38,364.38,364.38,0,0
3888.N,D,20211108,000000,363.27,363.27,363.27,363.27,0,0
3888.N,D,20211109,000000,363.44,363.44,363.44,363.44,0,0
3888.N,D,20211110,000000,363.66,363.66,363.66,363.66,0,0
3888.N,D,20211112,000000,363.36,363.36,363.36,363.36,0,0
3888.N,D,20211115,000000,363.2,363.2,363.2,363.2,0,0
3888.N,D,20211116,000000,363.94,363.94,363.94,363.94,0,0
3888.N,D,20211117,000000,363.96,363.96,363.96,363.96,0,0
3888.N,D,20211118,000000,363.19,363.19,363.19,363.19,0,0
3888.N,D,20211119,000000,363.16,363.16,363.16,363.16,0,0
3888.N,D,20211122,000000,362.4,362.4,362.4,362.4,0,0
3888.N,D,20211123,000000,361.23,361.23,361.23,361.23,0,0
3888.N,D,20211124,000000,361.41,361.41,361.41,361.41,0,0
3888.N,D,20211125,000000,361.54,361.54,361.54,361.54,0,0
3888.N,D,20211126,000000,363.13,363.13,363.13,363.13,0,0
3888.N,D,20211129,000000,362.89,362.89,362.89,362.89,0,0
3888.N,D,20211130,000000,362.89,362.89,362.89,362.89,0,0
3888.N,D,20211201,000000,362.05,362.05,362.05,362.05,0,0
3888.N,D,20211202,000000,361.37,361.37,361.37,361.37,0,0
3888.N,D,20211203,000000,361.67,361.67,361.67,361.67,0,0
3888.N,D,20211206,000000,361.62,361.62,361.62,361.62,0,0
3888.N,D,20211207,000000,362.31,362.31,362.31,362.31,0,0
3888.N,D,20211208,000000,362.15,362.15,362.15,362.15,0,0
3888.N,D,20211209,000000,363.04,363.04,363.04,363.04,0,0
3888.N,D,20211210,000000,362.64,362.64,362.64,362.64,0,0
3888.N,D,20211213,000000,363.29,363.29,363.29,363.29,0,0
3888.N,D,20211214,000000,363.02,363.02,363.02,363.02,0,0
3888.N,D,20211215,000000,363.1,363.1,363.1,363.1,0,0
3888.N,D,20211216,000000,363.28,363.28,363.28,363.28,0,0
3888.N,D,20211217,000000,363.26,363.26,363.26,363.26,0,0
3888.N,D,20211220,000000,362.36,362.36,362.36,362.36,0,0
3888.N,D,20211221,000000,362.22,362.22,362.22,362.22,0,0
3888.N,D,20211222,000000,362.19,362.19,362.19,362.19,0,0
3888.N,D,20211223,000000,361.86,361.86,361.86,361.86,0,0
3888.N,D,20211227,000000,362.6,362.6,362.6,362.6,0,0
3888.N,D,20211228,000000,362.53,362.53,362.53,362.53,0,0
3888.N,D,20211229,000000,361.85,361.85,361.85,361.85,0,0
3888.N,D,20211230,000000,361.89,361.89,361.89,361.89,0,0
3888.N,D,20220103,000000,362,362,362,362,0,0
3888.N,D,20220104,000000,361.95,361.95,361.95,361.95,0,0
3888.N,D,20220105,000000,362.02,362.02,362.02,362.02,0,0
3888.N,D,20220107,000000,362.07,362.07,362.07,362.07,0,0
3888.N,D,20220110,000000,362.39,362.39,362.39,362.39,0,0
3888.N,D,20220111,000000,362.64,362.64,362.64,362.64,0,0
3888.N,D,20220112,000000,362.97,362.97,362.97,362.97,0,0
3888.N,D,20220113,000000,362.96,362.96,362.96,362.96,0,0
3888.N,D,20220114,000000,363.32,363.32,363.32,363.32,0,0
3888.N,D,20220117,000000,363.6,363.6,363.6,363.6,0,0
3888.N,D,20220118,000000,363.66,363.66,363.66,363.66,0,0
3888.N,D,20220119,000000,363.83,363.83,363.83,363.83,0,0
3888.N,D,20220120,000000,364.12,364.12,364.12,364.12,0,0
3888.N,D,20220121,000000,364.41,364.41,364.41,364.41,0,0
3888.N,D,20220124,000000,364.03,364.03,364.03,364.03,0,0
3888.N,D,20220125,000000,364.14,364.14,364.14,364.14,0,0
3888.N,D,20220126,000000,364.05,364.05,364.05,364.05,0,0
3888.N,D,20220127,000000,364.22,364.22,364.22,364.22,0,0
3888.N,D,20220128,000000,364.11,364.11,364.11,364.11,0,0
3888.N,D,20220131,000000,364.24,364.24,364.24,364.24,0,0
3888.N,D,20220201,000000,364.54,364.54,364.54,364.54,0,0
3888.N,D,20220202,000000,364.97,364.97,364.97,364.97,0,0
3888.N,D,20220203,000000,365.59,365.59,365.59,365.59,0,0
3888.N,D,20220204,000000,365.79,365.79,365.79,365.79,0,0
3888.N,D,20220207,000000,365.73,365.73,365.73,365.73,0,0
3888.N,D,20220208,000000,365.38,365.38,365.38,365.38,0,0
3888.N,D,20220209,000000,364.57,364.57,364.57,364.57,0,0
3888.N,D,20220210,000000,364.93,364.93,364.93,364.93,0,0
3888.N,D,20220211,000000,365.03,365.03,365.03,365.03,0,0
3888.N,D,20220214,000000,364.02,364.02,364.02,364.02,0,0
3888.N,D,20220215,000000,365.13,365.13,365.13,365.13,0,0
3888.N,D,20220216,000000,365.41,365.41,365.41,365.41,0,0
3888.N,D,20220217,000000,365.49,365.49,365.49,365.49,0,0
3888.N,D,20220218,000000,365.24,365.24,365.24,365.24,0,0
3888.N,D,20220221,000000,365.12,365.12,365.12,365.12,0,0
3888.N,D,20220222,000000,364.71,364.71,364.71,364.71,0,0
3888.N,D,20220223,000000,364.59,364.59,364.59,364.59,0,0
3888.N,D,20220224,000000,362.89,362.89,362.89,362.89,0,0
3888.N,D,20220225,000000,363.18,363.18,363.18,363.18,0,0
3888.N,D,20220228,000000,362.35,362.35,362.35,362.35,0,0
3888.N,D,20220301,000000,362.7,362.7,362.7,362.7,0,0
3888.N,D,20220302,000000,361.95,361.95,361.95,361.95,0,0
3888.N,D,20220303,000000,361.27,361.27,361.27,361.27,0,0
3888.N,D,20220304,000000,359.37,359.37,359.37,359.37,0,0
3888.N,D,20220307,000000,357.34,357.34,357.34,357.34,0,0
3888.N,D,20220308,000000,357.96,357.96,357.96,357.96,0,0
3888.N,D,20220309,000000,358.03,358.03,358.03,358.03,0,0
3888.N,D,20220310,000000,357.63,357.63,357.63,357.63,0,0
3888.N,D,20220311,000000,357.26,357.26,357.26,357.26,0,0
3888.N,D,20220314,000000,356.29,356.29,356.29,356.29,0,0
3888.N,D,20220315,000000,357,357,357,357,0,0
3888.N,D,20220316,000000,357.8,357.8,357.8,357.8,0,0
3888.N,D,20220317,000000,358.62,358.62,358.62,358.62,0,0
3888.N,D,20220318,000000,358.64,358.64,358.64,358.64,0,0
3888.N,D,20220321,000000,357.96,357.96,357.96,357.96,0,0
3888.N,D,20220322,000000,357.01,357.01,357.01,357.01,0,0
3888.N,D,20220323,000000,356.49,356.49,356.49,356.49,0,0
3888.N,D,20220324,000000,355.22,355.22,355.22,355.22,0,0
3888.N,D,20220325,000000,356,356,356,356,0,0
3888.N,D,20220328,000000,355.68,355.68,355.68,355.68,0,0
3888.N,D,20220329,000000,357.54,357.54,357.54,357.54,0,0
3888.N,D,20220330,000000,356.7,356.7,356.7,356.7,0,0
3888.N,D,20220331,000000,356.73,356.73,356.73,356.73,0,0
3888.N,D,20220401,000000,355.97,355.97,355.97,355.97,0,0
3888.N,D,20220404,000000,355.39,355.39,355.39,355.39,0,0
3888.N,D,20220405,000000,355.22,355.22,355.22,355.22,0,0
3888.N,D,20220406,000000,354.41,354.41,354.41,354.41,0,0
3888.N,D,20220407,000000,352.25,352.25,352.25,352.25,0,0
3888.N,D,20220408,000000,349.72,349.72,349.72,349.72,0,0
3888.N,D,20220411,000000,348.62,348.62,348.62,348.62,0,0
3888.N,D,20220412,000000,349.99,349.99,349.99,349.99,0,0
3888.N,D,20220413,000000,351.77,351.77,351.77,351.77,0,0
3888.N,D,20220414,000000,351.26,351.26,351.26,351.26,0,0
3888.N,D,20220419,000000,349.16,349.16,349.16,349.16,0,0
3888.N,D,20220420,000000,349.95,349.95,349.95,349.95,0,0
3888.N,D,20220421,000000,349.56,349.56,349.56,349.56,0,0
3888.N,D,20220422,000000,349.19,349.19,349.19,349.19,0,0
3888.N,D,20220425,000000,350.01,350.01,350.01,350.01,0,0
3888.N,D,20220426,000000,351.62,351.62,351.62,351.62,0,0
3888.N,D,20220427,000000,350.85,350.85,350.85,350.85,0,0
3888.N,D,20220428,000000,350.95,350.95,350.95,350.95,0,0
3888.N,D,20220429,000000,350.47,350.47,350.47,350.47,0,0
3888.N,D,20220502,000000,350.02,350.02,350.02,350.02,0,0
3888.N,D,20220504,000000,349.48,349.48,349.48,349.48,0,0
3888.N,D,20220505,000000,350.08,350.08,350.08,350.08,0,0
3888.N,D,20220506,000000,349.47,349.47,349.47,349.47,0,0
3888.N,D,20220509,000000,349.24,349.24,349.24,349.24,0,0
3888.N,D,20220510,000000,349.61,349.61,349.61,349.61,0,0
3888.N,D,20220511,000000,350.03,350.03,350.03,350.03,0,0
3888.N,D,20220512,000000,351.63,351.63,351.63,351.63,0,0
3888.N,D,20220513,000000,352.15,352.15,352.15,352.15,0,0
3888.N,D,20220516,000000,353.24,353.24,353.24,353.24,0,0
3888.N,D,20220517,000000,354.45,354.45,354.45,354.45,0,0
3888.N,D,20220518,000000,354.08,354.08,354.08,354.08,0,0
3888.N,D,20220519,000000,354.33,354.33,354.33,354.33,0,0
3888.N,D,20220520,000000,354.51,354.51,354.51,354.51,0,0
3888.N,D,20220523,000000,355.19,355.19,355.19,355.19,0,0
3888.N,D,20220524,000000,355.7,355.7,355.7,355.7,0,0
3888.N,D,20220525,000000,355.69,355.69,355.69,355.69,0,0
3888.N,D,20220526,000000,355.88,355.88,355.88,355.88,0,0
3888.N,D,20220527,000000,355.57,355.57,355.57,355.57,0,0
3888.N,D,20220530,000000,355.31,355.31,355.31,355.31,0,0
3888.N,D,20220531,000000,355.15,355.15,355.15,355.15,0,0
3888.N,D,20220601,000000,355.49,355.49,355.49,355.49,0,0
3888.N,D,20220602,000000,354.9,354.9,354.9,354.9,0,0
3888.N,D,20220603,000000,354.79,354.79,354.79,354.79,0,0
3888.N,D,20220606,000000,355.22,355.22,355.22,355.22,0,0
3888.N,D,20220607,000000,355.78,355.78,355.78,355.78,0,0
3888.N,D,20220608,000000,355.95,355.95,355.95,355.95,0,0
3888.N,D,20220609,000000,355.53,355.53,355.53,355.53,0,0
3888.N,D,20220610,000000,354.75,354.75,354.75,354.75,0,0
3888.N,D,20220613,000000,352.05,352.05,352.05,352.05,0,0
3888.N,D,20220614,000000,351.22,351.22,351.22,351.22,0,0
3888.N,D,20220615,000000,350.05,350.05,350.05,350.05,0,0
3888.N,D,20220617,000000,348.87,348.87,348.87,348.87,0,0
3888.N,D,20220620,000000,347.55,347.55,347.55,347.55,0,0
3888.N,D,20220621,000000,348.87,348.87,348.87,348.87,0,0
3888.N,D,20220622,000000,350.21,350.21,350.21,350.21,0,0
3888.N,D,20220623,000000,350.97,350.97,350.97,350.97,0,0
3888.N,D,20220624,000000,350.73,350.73,350.73,350.73,0,0
3888.N,D,20220627,000000,348.67,348.67,348.67,348.67,0,0
3888.N,D,20220628,000000,350.92,350.92,350.92,350.92,0,0
3888.N,D,20220629,000000,350.83,350.83,350.83,350.83,0,0
3888.N,D,20220630,000000,351.15,351.15,351.15,351.15,0,0
3888.N,D,20220701,000000,352.58,352.58,352.58,352.58,0,0
3888.N,D,20220704,000000,352.68,352.68,352.68,352.68,0,0
3888.N,D,20220705,000000,351.34,351.34,351.34,351.34,0,0
3888.N,D,20220706,000000,351,351,351,351,0,0
3888.N,D,20220707,000000,350.82,350.82,350.82,350.82,0,0
3888.N,D,20220708,000000,351.52,351.52,351.52,351.52,0,0
3888.N,D,20220711,000000,351.97,351.97,351.97,351.97,0,0
3888.N,D,20220712,000000,351.25,351.25,351.25,351.25,0,0
3888.N,D,20220713,000000,350.17,350.17,350.17,350.17,0,0
3888.N,D,20220714,000000,350.07,350.07,350.07,350.07,0,0
3888.N,D,20220715,000000,350.89,350.89,350.89,350.89,0,0
3888.N,D,20220718,000000,351.73,351.73,351.73,351.73,0,0
3888.N,D,20220719,000000,351.95,351.95,351.95,351.95,0,0
3888.N,D,20220720,000000,352.34,352.34,352.34,352.34,0,0
3888.N,D,20220721,000000,353.67,353.67,353.67,353.67,0,0
3888.N,D,20220722,000000,355.26,355.26,355.26,355.26,0,0
3888.N,D,20220725,000000,355.34,355.34,355.34,355.34,0,0
3888.N,D,20220726,000000,355.32,355.32,355.32,355.32,0,0
3888.N,D,20220727,000000,355.12,355.12,355.12,355.12,0,0
3888.N,D,20220728,000000,354.37,354.37,354.37,354.37,0,0
3888.N,D,20220729,000000,355,355,355,355,0,0
3888.N,D,20220801,000000,355.62,355.62,355.62,355.62,0,0
3888.N,D,20220802,000000,355.75,355.75,355.75,355.75,0,0
3888.N,D,20220803,000000,355.05,355.05,355.05,355.05,0,0
3888.N,D,20220804,000000,355.56,355.56,355.56,355.56,0,0
3888.N,D,20220805,000000,356.47,356.47,356.47,356.47,0,0
3888.N,D,20220808,000000,356.49,356.49,356.49,356.49,0,0
3888.N,D,20220809,000000,356.42,356.42,356.42,356.42,0,0
3888.N,D,20220810,000000,356.63,356.63,356.63,356.63,0,0
3888.N,D,20220811,000000,356.79,356.79,356.79,356.79,0,0
3888.N,D,20220812,000000,356.87,356.87,356.87,356.87,0,0
3888.N,D,20220816,000000,356.98,356.98,356.98,356.98,0,0
3888.N,D,20220817,000000,356.72,356.72,356.72,356.72,0,0
3888.N,D,20220818,000000,356.69,356.69,356.69,356.69,0,0
3888.N,D,20220819,000000,356.5,356.5,356.5,356.5,0,0
3888.N,D,20220822,000000,356.45,356.45,356.45,356.45,0,0
3888.N,D,20220823,000000,356.27,356.27,356.27,356.27,0,0
3888.N,D,20220824,000000,356.1,356.1,356.1,356.1,0,0
3888.N,D,20220825,000000,356.4,356.4,356.4,356.4,0,0
3888.N,D,20220826,000000,356.53,356.53,356.53,356.53,0,0
3888.N,D,20220829,000000,355.8,355.8,355.8,355.8,0,0
3888.N,D,20220830,000000,356.39,356.39,356.39,356.39,0,0
3888.N,D,20220831,000000,356.53,356.53,356.53,356.53,0,0
3888.N,D,20220901,000000,356.63,356.63,356.63,356.63,0,0
3888.N,D,20220902,000000,357.48,357.48,357.48,357.48,0,0
