<TICKER>,<PER>,<DATE>,<TIME>,<OPEN>,<HIGH>,<LOW>,<CLOSE>,<VOL>,<OPENINT>
3442.N,D,20170627,000000,101.27,101.27,101.27,101.27,0,0
3442.N,D,20170628,000000,101.38,101.38,101.38,101.38,0,0
3442.N,D,20170629,000000,101.23,101.23,101.23,101.23,0,0
3442.N,D,20170630,000000,101.24,101.24,101.24,101.24,0,0
3442.N,D,20170703,000000,101.26,101.26,101.26,101.26,0,0
3442.N,D,20170704,000000,101.23,101.23,101.23,101.23,0,0
3442.N,D,20170705,000000,101.26,101.26,101.26,101.26,0,0
3442.N,D,20170706,000000,101.05,101.05,101.05,101.05,0,0
3442.N,D,20170707,000000,101.68,101.68,101.68,101.68,0,0
3442.N,D,20170710,000000,101.77,101.77,101.77,101.77,0,0
3442.N,D,20170711,000000,101.97,101.97,101.97,101.97,0,0
3442.N,D,20170712,000000,102.45,102.45,102.45,102.45,0,0
3442.N,D,20170713,000000,102.54,102.54,102.54,102.54,0,0
3442.N,D,20170714,000000,102.93,102.93,102.93,102.93,0,0
3442.N,D,20170717,000000,102.91,102.91,102.91,102.91,0,0
3442.N,D,20170718,000000,102.56,102.56,102.56,102.56,0,0
3442.N,D,20170719,000000,102.84,102.84,102.84,102.84,0,0
3442.N,D,20170720,000000,102.71,102.71,102.71,102.71,0,0
3442.N,D,20170721,000000,102.17,102.17,102.17,102.17,0,0
3442.N,D,20170724,000000,102.13,102.13,102.13,102.13,0,0
3442.N,D,20170725,000000,102.41,102.41,102.41,102.41,0,0
3442.N,D,20170726,000000,103.2,103.2,103.2,103.2,0,0
3442.N,D,20170727,000000,103.17,103.17,103.17,103.17,0,0
3442.N,D,20170728,000000,103.06,103.06,103.06,103.06,0,0
3442.N,D,20170731,000000,103.01,103.01,103.01,103.01,0,0
3442.N,D,20170801,000000,103.25,103.25,103.25,103.25,0,0
3442.N,D,20170802,000000,102.78,102.78,102.78,102.78,0,0
3442.N,D,20170803,000000,103.29,103.29,103.29,103.29,0,0
3442.N,D,20170804,000000,103.48,103.48,103.48,103.48,0,0
3442.N,D,20170807,000000,103.72,103.72,103.72,103.72,0,0
3442.N,D,20170808,000000,103.48,103.48,103.48,103.48,0,0
3442.N,D,20170809,000000,103.43,103.43,103.43,103.43,0,0
3442.N,D,20170810,000000,102.77,102.77,102.77,102.77,0,0
3442.N,D,20170811,000000,102.58,102.58,102.58,102.58,0,0
3442.N,D,20170814,000000,102.97,102.97,102.97,102.97,0,0
3442.N,D,20170816,000000,103.08,103.08,103.08,103.08,0,0
3442.N,D,20170817,000000,102.19,102.19,102.19,102.19,0,0
3442.N,D,20170818,000000,102.07,102.07,102.07,102.07,0,0
3442.N,D,20170821,000000,101.87,101.87,101.87,101.87,0,0
3442.N,D,20170822,000000,102.54,102.54,102.54,102.54,0,0
3442.N,D,20170823,000000,102.17,102.17,102.17,102.17,0,0
3442.N,D,20170824,000000,102.33,102.33,102.33,102.33,0,0
3442.N,D,20170825,000000,102.28,102.28,102.28,102.28,0,0
3442.N,D,20170828,000000,102.01,102.01,102.01,102.01,0,0
3442.N,D,20170829,000000,101.05,101.05,101.05,101.05,0,0
3442.N,D,20170830,000000,102.24,102.24,102.24,102.24,0,0
3442.N,D,20170831,000000,103.73,103.73,103.73,103.73,0,0
3442.N,D,20170901,000000,103.73,103.73,103.73,103.73,0,0
3442.N,D,20170904,000000,103.73,103.73,103.73,103.73,0,0
3442.N,D,20170905,000000,102.94,102.94,102.94,102.94,0,0
3442.N,D,20170906,000000,103.21,103.21,103.21,103.21,0,0
3442.N,D,20170907,000000,103.52,103.52,103.52,103.52,0,0
3442.N,D,20170908,000000,103.29,103.29,103.29,103.29,0,0
3442.N,D,20170911,000000,104.27,104.27,104.27,104.27,0,0
3442.N,D,20170912,000000,104.93,104.93,104.93,104.93,0,0
3442.N,D,20170913,000000,104.73,104.73,104.73,104.73,0,0
3442.N,D,20170914,000000,105.15,105.15,105.15,105.15,0,0
3442.N,D,20170915,000000,105.94,105.94,105.94,105.94,0,0
3442.N,D,20170918,000000,106.26,106.26,106.26,106.26,0,0
3442.N,D,20170919,000000,106.45,106.45,106.45,106.45,0,0
3442.N,D,20170920,000000,106.01,106.01,106.01,106.01,0,0
3442.N,D,20170921,000000,106.15,106.15,106.15,106.15,0,0
3442.N,D,20170922,000000,106.13,106.13,106.13,106.13,0,0
3442.N,D,20170925,000000,106.01,106.01,106.01,106.01,0,0
3442.N,D,20170926,000000,106.17,106.17,106.17,106.17,0,0
3442.N,D,20170927,000000,107.22,107.22,107.22,107.22,0,0
3442.N,D,20170928,000000,107.48,107.48,107.48,107.48,0,0
3442.N,D,20170929,000000,107.98,107.98,107.98,107.98,0,0
3442.N,D,20171002,000000,108.41,108.41,108.41,108.41,0,0
3442.N,D,20171003,000000,108.19,108.19,108.19,108.19,0,0
3442.N,D,20171004,000000,108.54,108.54,108.54,108.54,0,0
3442.N,D,20171005,000000,109.01,109.01,109.01,109.01,0,0
3442.N,D,20171006,000000,109.9,109.9,109.9,109.9,0,0
3442.N,D,20171009,000000,109.97,109.97,109.97,109.97,0,0
3442.N,D,20171010,000000,109.35,109.35,109.35,109.35,0,0
3442.N,D,20171011,000000,109.27,109.27,109.27,109.27,0,0
3442.N,D,20171012,000000,108.54,108.54,108.54,108.54,0,0
3442.N,D,20171013,000000,108.27,108.27,108.27,108.27,0,0
3442.N,D,20171016,000000,108.19,108.19,108.19,108.19,0,0
3442.N,D,20171017,000000,108.14,108.14,108.14,108.14,0,0
3442.N,D,20171018,000000,107.93,107.93,107.93,107.93,0,0
3442.N,D,20171019,000000,107.67,107.67,107.67,107.67,0,0
3442.N,D,20171020,000000,107.45,107.45,107.45,107.45,0,0
3442.N,D,20171023,000000,107.12,107.12,107.12,107.12,0,0
3442.N,D,20171024,000000,106.81,106.81,106.81,106.81,0,0
3442.N,D,20171025,000000,106.26,106.26,106.26,106.26,0,0
3442.N,D,20171026,000000,105.89,105.89,105.89,105.89,0,0
3442.N,D,20171027,000000,107.45,107.45,107.45,107.45,0,0
3442.N,D,20171030,000000,107.68,107.68,107.68,107.68,0,0
3442.N,D,20171031,000000,107.71,107.71,107.71,107.71,0,0
3442.N,D,20171102,000000,106.27,106.27,106.27,106.27,0,0
3442.N,D,20171103,000000,106.73,106.73,106.73,106.73,0,0
3442.N,D,20171106,000000,107.09,107.09,107.09,107.09,0,0
3442.N,D,20171107,000000,106.36,106.36,106.36,106.36,0,0
3442.N,D,20171108,000000,106.09,106.09,106.09,106.09,0,0
3442.N,D,20171109,000000,104.87,104.87,104.87,104.87,0,0
3442.N,D,20171110,000000,104.61,104.61,104.61,104.61,0,0
3442.N,D,20171113,000000,103.98,103.98,103.98,103.98,0,0
3442.N,D,20171114,000000,103.57,103.57,103.57,103.57,0,0
3442.N,D,20171115,000000,103.45,103.45,103.45,103.45,0,0
3442.N,D,20171116,000000,104.88,104.88,104.88,104.88,0,0
3442.N,D,20171117,000000,105.47,105.47,105.47,105.47,0,0
3442.N,D,20171120,000000,105.34,105.34,105.34,105.34,0,0
3442.N,D,20171121,000000,106.94,106.94,106.94,106.94,0,0
3442.N,D,20171122,000000,106.6,106.6,106.6,106.6,0,0
3442.N,D,20171123,000000,106.01,106.01,106.01,106.01,0,0
3442.N,D,20171124,000000,106.15,106.15,106.15,106.15,0,0
3442.N,D,20171127,000000,105.54,105.54,105.54,105.54,0,0
3442.N,D,20171128,000000,106.4,106.4,106.4,106.4,0,0
3442.N,D,20171129,000000,106.54,106.54,106.54,106.54,0,0
3442.N,D,20171130,000000,106.13,106.13,106.13,106.13,0,0
3442.N,D,20171201,000000,106.06,106.06,106.06,106.06,0,0
3442.N,D,20171204,000000,105.63,105.63,105.63,105.63,0,0
3442.N,D,20171205,000000,105.49,105.49,105.49,105.49,0,0
3442.N,D,20171206,000000,105.43,105.43,105.43,105.43,0,0
3442.N,D,20171207,000000,105.62,105.62,105.62,105.62,0,0
3442.N,D,20171208,000000,106.71,106.71,106.71,106.71,0,0
3442.N,D,20171211,000000,106.99,106.99,106.99,106.99,0,0
3442.N,D,20171212,000000,107.76,107.76,107.76,107.76,0,0
3442.N,D,20171213,000000,108.29,108.29,108.29,108.29,0,0
3442.N,D,20171214,000000,107.54,107.54,107.54,107.54,0,0
3442.N,D,20171215,000000,108.11,108.11,108.11,108.11,0,0
3442.N,D,20171218,000000,108.48,108.48,108.48,108.48,0,0
3442.N,D,20171219,000000,108.55,108.55,108.55,108.55,0,0
3442.N,D,20171220,000000,108.03,108.03,108.03,108.03,0,0
3442.N,D,20171221,000000,107.99,107.99,107.99,107.99,0,0
3442.N,D,20171222,000000,107.84,107.84,107.84,107.84,0,0
3442.N,D,20171227,000000,107.6,107.6,107.6,107.6,0,0
3442.N,D,20171228,000000,107.26,107.26,107.26,107.26,0,0
3442.N,D,20171229,000000,106.44,106.44,106.44,106.44,0,0
3442.N,D,20180103,000000,108.16,108.16,108.16,108.16,0,0
3442.N,D,20180104,000000,107.84,107.84,107.84,107.84,0,0
3442.N,D,20180105,000000,108.08,108.08,108.08,108.08,0,0
3442.N,D,20180108,000000,107.85,107.85,107.85,107.85,0,0
3442.N,D,20180109,000000,108.51,108.51,108.51,108.51,0,0
3442.N,D,20180110,000000,108.09,108.09,108.09,108.09,0,0
3442.N,D,20180111,000000,108.24,108.24,108.24,108.24,0,0
3442.N,D,20180112,000000,107.44,107.44,107.44,107.44,0,0
3442.N,D,20180115,000000,107.44,107.44,107.44,107.44,0,0
3442.N,D,20180116,000000,107.2,107.2,107.2,107.2,0,0
3442.N,D,20180117,000000,106.63,106.63,106.63,106.63,0,0
3442.N,D,20180118,000000,106.54,106.54,106.54,106.54,0,0
3442.N,D,20180119,000000,107.42,107.42,107.42,107.42,0,0
3442.N,D,20180122,000000,108.69,108.69,108.69,108.69,0,0
3442.N,D,20180123,000000,109.31,109.31,109.31,109.31,0,0
3442.N,D,20180124,000000,107.75,107.75,107.75,107.75,0,0
3442.N,D,20180125,000000,107.06,107.06,107.06,107.06,0,0
3442.N,D,20180126,000000,107.54,107.54,107.54,107.54,0,0
3442.N,D,20180129,000000,107.6,107.6,107.6,107.6,0,0
3442.N,D,20180130,000000,106.41,106.41,106.41,106.41,0,0
3442.N,D,20180131,000000,105.4,105.4,105.4,105.4,0,0
3442.N,D,20180201,000000,105.31,105.31,105.31,105.31,0,0
3442.N,D,20180202,000000,104.16,104.16,104.16,104.16,0,0
3442.N,D,20180205,000000,101.35,101.35,101.35,101.35,0,0
3442.N,D,20180206,000000,101.43,101.43,101.43,101.43,0,0
3442.N,D,20180207,000000,102.01,102.01,102.01,102.01,0,0
3442.N,D,20180208,000000,100.53,100.53,100.53,100.53,0,0
3442.N,D,20180209,000000,100.25,100.25,100.25,100.25,0,0
3442.N,D,20180212,000000,101.42,101.42,101.42,101.42,0,0
3442.N,D,20180213,000000,101.08,101.08,101.08,101.08,0,0
3442.N,D,20180214,000000,102.91,102.91,102.91,102.91,0,0
3442.N,D,20180215,000000,102.7,102.7,102.7,102.7,0,0
3442.N,D,20180216,000000,102.2,102.2,102.2,102.2,0,0
3442.N,D,20180219,000000,102.83,102.83,102.83,102.83,0,0
3442.N,D,20180220,000000,102.71,102.71,102.71,102.71,0,0
3442.N,D,20180221,000000,102.67,102.67,102.67,102.67,0,0
3442.N,D,20180222,000000,102.1,102.1,102.1,102.1,0,0
3442.N,D,20180223,000000,102.74,102.74,102.74,102.74,0,0
3442.N,D,20180226,000000,102.8,102.8,102.8,102.8,0,0
3442.N,D,20180227,000000,102.11,102.11,102.11,102.11,0,0
3442.N,D,20180228,000000,102.93,102.93,102.93,102.93,0,0
3442.N,D,20180301,000000,102.47,102.47,102.47,102.47,0,0
3442.N,D,20180302,000000,102.13,102.13,102.13,102.13,0,0
3442.N,D,20180305,000000,102.45,102.45,102.45,102.45,0,0
3442.N,D,20180306,000000,102.35,102.35,102.35,102.35,0,0
3442.N,D,20180307,000000,102.35,102.35,102.35,102.35,0,0
3442.N,D,20180308,000000,103.71,103.71,103.71,103.71,0,0
3442.N,D,20180309,000000,104.95,104.95,104.95,104.95,0,0
3442.N,D,20180312,000000,104.96,104.96,104.96,104.96,0,0
3442.N,D,20180313,000000,103.88,103.88,103.88,103.88,0,0
3442.N,D,20180314,000000,103.8,103.8,103.8,103.8,0,0
3442.N,D,20180315,000000,103.27,103.27,103.27,103.27,0,0
3442.N,D,20180316,000000,103.82,103.82,103.82,103.82,0,0
3442.N,D,20180319,000000,102.22,102.22,102.22,102.22,0,0
3442.N,D,20180320,000000,101.79,101.79,101.79,101.79,0,0
3442.N,D,20180321,000000,101.93,101.93,101.93,101.93,0,0
3442.N,D,20180322,000000,99.8,99.8,99.8,99.8,0,0
3442.N,D,20180323,000000,98.33,98.33,98.33,98.33,0,0
3442.N,D,20180326,000000,98.6,98.6,98.6,98.6,0,0
3442.N,D,20180327,000000,97.9,97.9,97.9,97.9,0,0
3442.N,D,20180328,000000,98.14,98.14,98.14,98.14,0,0
3442.N,D,20180329,000000,99.14,99.14,99.14,99.14,0,0
3442.N,D,20180403,000000,97.47,97.47,97.47,97.47,0,0
3442.N,D,20180404,000000,98.98,98.98,98.98,98.98,0,0
3442.N,D,20180405,000000,99.59,99.59,99.59,99.59,0,0
3442.N,D,20180406,000000,98.22,98.22,98.22,98.22,0,0
3442.N,D,20180409,000000,98.14,98.14,98.14,98.14,0,0
3442.N,D,20180410,000000,99.65,99.65,99.65,99.65,0,0
3442.N,D,20180411,000000,99.45,99.45,99.45,99.45,0,0
3442.N,D,20180412,000000,100.55,100.55,100.55,100.55,0,0
3442.N,D,20180413,000000,100.05,100.05,100.05,100.05,0,0
3442.N,D,20180416,000000,99.84,99.84,99.84,99.84,0,0
3442.N,D,20180417,000000,100.25,100.25,100.25,100.25,0,0
3442.N,D,20180418,000000,99.62,99.62,99.62,99.62,0,0
3442.N,D,20180419,000000,99.13,99.13,99.13,99.13,0,0
3442.N,D,20180420,000000,98.77,98.77,98.77,98.77,0,0
3442.N,D,20180423,000000,99.25,99.25,99.25,99.25,0,0
3442.N,D,20180424,000000,99.02,99.02,99.02,99.02,0,0
3442.N,D,20180425,000000,98.7,98.7,98.7,98.7,0,0
3442.N,D,20180426,000000,98.55,98.55,98.55,98.55,0,0
3442.N,D,20180427,000000,98.06,98.06,98.06,98.06,0,0
3442.N,D,20180430,000000,96.95,96.95,96.95,96.95,0,0
3442.N,D,20180502,000000,98.12,98.12,98.12,98.12,0,0
3442.N,D,20180504,000000,98.66,98.66,98.66,98.66,0,0
3442.N,D,20180507,000000,99.05,99.05,99.05,99.05,0,0
3442.N,D,20180508,000000,99.27,99.27,99.27,99.27,0,0
3442.N,D,20180509,000000,100.08,100.08,100.08,100.08,0,0
3442.N,D,20180510,000000,99.4,99.4,99.4,99.4,0,0
3442.N,D,20180511,000000,100.21,100.21,100.21,100.21,0,0
3442.N,D,20180514,000000,100.52,100.52,100.52,100.52,0,0
3442.N,D,20180515,000000,99.87,99.87,99.87,99.87,0,0
3442.N,D,20180516,000000,101.23,101.23,101.23,101.23,0,0
3442.N,D,20180517,000000,101.35,101.35,101.35,101.35,0,0
3442.N,D,20180518,000000,101.04,101.04,101.04,101.04,0,0
3442.N,D,20180521,000000,100.88,100.88,100.88,100.88,0,0
3442.N,D,20180522,000000,100.25,100.25,100.25,100.25,0,0
3442.N,D,20180523,000000,100.98,100.98,100.98,100.98,0,0
3442.N,D,20180524,000000,100.58,100.58,100.58,100.58,0,0
3442.N,D,20180525,000000,101.41,101.41,101.41,101.41,0,0
3442.N,D,20180528,000000,101.55,101.55,101.55,101.55,0,0
3442.N,D,20180529,000000,101.53,101.53,101.53,101.53,0,0
3442.N,D,20180530,000000,102.71,102.71,102.71,102.71,0,0
3442.N,D,20180601,000000,102.07,102.07,102.07,102.07,0,0
3442.N,D,20180604,000000,101.56,101.56,101.56,101.56,0,0
3442.N,D,20180605,000000,101.65,101.65,101.65,101.65,0,0
3442.N,D,20180606,000000,102,102,102,102,0,0
3442.N,D,20180607,000000,101.08,101.08,101.08,101.08,0,0
3442.N,D,20180608,000000,102.21,102.21,102.21,102.21,0,0
3442.N,D,20180611,000000,101.45,101.45,101.45,101.45,0,0
3442.N,D,20180612,000000,101.87,101.87,101.87,101.87,0,0
3442.N,D,20180613,000000,101.93,101.93,101.93,101.93,0,0
3442.N,D,20180614,000000,102.02,102.02,102.02,102.02,0,0
3442.N,D,20180615,000000,103.19,103.19,103.19,103.19,0,0
3442.N,D,20180618,000000,102.21,102.21,102.21,102.21,0,0
3442.N,D,20180619,000000,103.03,103.03,103.03,103.03,0,0
3442.N,D,20180620,000000,104.2,104.2,104.2,104.2,0,0
3442.N,D,20180621,000000,103.61,103.61,103.61,103.61,0,0
3442.N,D,20180622,000000,102.57,102.57,102.57,102.57,0,0
3442.N,D,20180625,000000,101,101,101,101,0,0
3442.N,D,20180626,000000,101.16,101.16,101.16,101.16,0,0
3442.N,D,20180627,000000,100.78,100.78,100.78,100.78,0,0
3442.N,D,20180628,000000,101.3,101.3,101.3,101.3,0,0
3442.N,D,20180629,000000,101.57,101.57,101.57,101.57,0,0
3442.N,D,20180702,000000,102.7,102.7,102.7,102.7,0,0
3442.N,D,20180703,000000,101.45,101.45,101.45,101.45,0,0
3442.N,D,20180704,000000,101.29,101.29,101.29,101.29,0,0
3442.N,D,20180705,000000,101.7,101.7,101.7,101.7,0,0
3442.N,D,20180706,000000,102.68,102.68,102.68,102.68,0,0
3442.N,D,20180709,000000,102.51,102.51,102.51,102.51,0,0
3442.N,D,20180710,000000,103.13,103.13,103.13,103.13,0,0
3442.N,D,20180711,000000,102.43,102.43,102.43,102.43,0,0
3442.N,D,20180712,000000,103.93,103.93,103.93,103.93,0,0
3442.N,D,20180713,000000,104.68,104.68,104.68,104.68,0,0
3442.N,D,20180716,000000,105.2,105.2,105.2,105.2,0,0
3442.N,D,20180717,000000,105.18,105.18,105.18,105.18,0,0
3442.N,D,20180718,000000,106.01,106.01,106.01,106.01,0,0
3442.N,D,20180719,000000,105.98,105.98,105.98,105.98,0,0
3442.N,D,20180720,000000,106.18,106.18,106.18,106.18,0,0
3442.N,D,20180723,000000,105.57,105.57,105.57,105.57,0,0
3442.N,D,20180724,000000,105.62,105.62,105.62,105.62,0,0
3442.N,D,20180725,000000,105.45,105.45,105.45,105.45,0,0
3442.N,D,20180726,000000,105.59,105.59,105.59,105.59,0,0
3442.N,D,20180727,000000,105.38,105.38,105.38,105.38,0,0
3442.N,D,20180730,000000,104.28,104.28,104.28,104.28,0,0
3442.N,D,20180731,000000,103.67,103.67,103.67,103.67,0,0
3442.N,D,20180801,000000,103.19,103.19,103.19,103.19,0,0
3442.N,D,20180802,000000,103.76,103.76,103.76,103.76,0,0
3442.N,D,20180803,000000,105.61,105.61,105.61,105.61,0,0
3442.N,D,20180806,000000,104.82,104.82,104.82,104.82,0,0
3442.N,D,20180807,000000,104.73,104.73,104.73,104.73,0,0
3442.N,D,20180808,000000,105.78,105.78,105.78,105.78,0,0
3442.N,D,20180809,000000,106.18,106.18,106.18,106.18,0,0
3442.N,D,20180810,000000,106.75,106.75,106.75,106.75,0,0
3442.N,D,20180813,000000,107.24,107.24,107.24,107.24,0,0
3442.N,D,20180814,000000,106.62,106.62,106.62,106.62,0,0
3442.N,D,20180816,000000,105.06,105.06,105.06,105.06,0,0
3442.N,D,20180817,000000,104.55,104.55,104.55,104.55,0,0
3442.N,D,20180820,000000,105.01,105.01,105.01,105.01,0,0
3442.N,D,20180821,000000,105.5,105.5,105.5,105.5,0,0
3442.N,D,20180822,000000,105.26,105.26,105.26,105.26,0,0
3442.N,D,20180823,000000,105.18,105.18,105.18,105.18,0,0
3442.N,D,20180824,000000,105.27,105.27,105.27,105.27,0,0
3442.N,D,20180827,000000,105.83,105.83,105.83,105.83,0,0
3442.N,D,20180828,000000,105.85,105.85,105.85,105.85,0,0
3442.N,D,20180829,000000,106.87,106.87,106.87,106.87,0,0
3442.N,D,20180830,000000,106.29,106.29,106.29,106.29,0,0
3442.N,D,20180831,000000,106.52,106.52,106.52,106.52,0,0
3442.N,D,20180903,000000,106.3,106.3,106.3,106.3,0,0
3442.N,D,20180904,000000,105.39,105.39,105.39,105.39,0,0
3442.N,D,20180905,000000,103.98,103.98,103.98,103.98,0,0
3442.N,D,20180906,000000,101.82,101.82,101.82,101.82,0,0
3442.N,D,20180907,000000,101.01,101.01,101.01,101.01,0,0
3442.N,D,20180910,000000,101.18,101.18,101.18,101.18,0,0
3442.N,D,20180911,000000,100.65,100.65,100.65,100.65,0,0
3442.N,D,20180912,000000,100.76,100.76,100.76,100.76,0,0
3442.N,D,20180913,000000,102.21,102.21,102.21,102.21,0,0
3442.N,D,20180914,000000,101.98,101.98,101.98,101.98,0,0
3442.N,D,20180917,000000,100.89,100.89,100.89,100.89,0,0
3442.N,D,20180918,000000,101.61,101.61,101.61,101.61,0,0
3442.N,D,20180919,000000,101.08,101.08,101.08,101.08,0,0
3442.N,D,20180920,000000,102.12,102.12,102.12,102.12,0,0
3442.N,D,20180921,000000,101.4,101.4,101.4,101.4,0,0
3442.N,D,20180924,000000,101.79,101.79,101.79,101.79,0,0
3442.N,D,20180925,000000,101,101,101,101,0,0
3442.N,D,20180926,000000,100.62,100.62,100.62,100.62,0,0
3442.N,D,20180927,000000,100.66,100.66,100.66,100.66,0,0
3442.N,D,20180928,000000,99.58,99.58,99.58,99.58,0,0
3442.N,D,20181001,000000,99.54,99.54,99.54,99.54,0,0
3442.N,D,20181002,000000,99.75,99.75,99.75,99.75,0,0
3442.N,D,20181003,000000,100,100,100,100,0,0
3442.N,D,20181004,000000,99.32,99.32,99.32,99.32,0,0
3442.N,D,20181005,000000,98.41,98.41,98.41,98.41,0,0
3442.N,D,20181008,000000,97.94,97.94,97.94,97.94,0,0
3442.N,D,20181009,000000,96.74,96.74,96.74,96.74,0,0
3442.N,D,20181010,000000,94.46,94.46,94.46,94.46,0,0
3442.N,D,20181011,000000,93.84,93.84,93.84,93.84,0,0
3442.N,D,20181012,000000,95.05,95.05,95.05,95.05,0,0
3442.N,D,20181015,000000,94.25,94.25,94.25,94.25,0,0
3442.N,D,20181016,000000,96.2,96.2,96.2,96.2,0,0
3442.N,D,20181017,000000,96.16,96.16,96.16,96.16,0,0
3442.N,D,20181018,000000,95.45,95.45,95.45,95.45,0,0
3442.N,D,20181019,000000,95.03,95.03,95.03,95.03,0,0
3442.N,D,20181022,000000,94.1,94.1,94.1,94.1,0,0
3442.N,D,20181023,000000,92.59,92.59,92.59,92.59,0,0
3442.N,D,20181024,000000,89.86,89.86,89.86,89.86,0,0
3442.N,D,20181025,000000,90.79,90.79,90.79,90.79,0,0
3442.N,D,20181026,000000,88.96,88.96,88.96,88.96,0,0
3442.N,D,20181029,000000,89.04,89.04,89.04,89.04,0,0
3442.N,D,20181030,000000,90.55,90.55,90.55,90.55,0,0
3442.N,D,20181031,000000,93.37,93.37,93.37,93.37,0,0
3442.N,D,20181102,000000,95.92,95.92,95.92,95.92,0,0
3442.N,D,20181105,000000,95.41,95.41,95.41,95.41,0,0
3442.N,D,20181106,000000,95.82,95.82,95.82,95.82,0,0
3442.N,D,20181107,000000,96.38,96.38,96.38,96.38,0,0
3442.N,D,20181108,000000,95.47,95.47,95.47,95.47,0,0
3442.N,D,20181109,000000,94.31,94.31,94.31,94.31,0,0
3442.N,D,20181113,000000,92.85,92.85,92.85,92.85,0,0
3442.N,D,20181114,000000,92.63,92.63,92.63,92.63,0,0
3442.N,D,20181115,000000,92.55,92.55,92.55,92.55,0,0
3442.N,D,20181116,000000,91.83,91.83,91.83,91.83,0,0
3442.N,D,20181119,000000,89.47,89.47,89.47,89.47,0,0
3442.N,D,20181120,000000,89.1,89.1,89.1,89.1,0,0
3442.N,D,20181121,000000,89.94,89.94,89.94,89.94,0,0
3442.N,D,20181122,000000,89.98,89.98,89.98,89.98,0,0
3442.N,D,20181123,000000,90.49,90.49,90.49,90.49,0,0
3442.N,D,20181126,000000,91.68,91.68,91.68,91.68,0,0
3442.N,D,20181127,000000,91.95,91.95,91.95,91.95,0,0
3442.N,D,20181128,000000,93.32,93.32,93.32,93.32,0,0
3442.N,D,20181129,000000,92.66,92.66,92.66,92.66,0,0
3442.N,D,20181130,000000,92.81,92.81,92.81,92.81,0,0
3442.N,D,20181203,000000,94.34,94.34,94.34,94.34,0,0
3442.N,D,20181204,000000,91.6,91.6,91.6,91.6,0,0
3442.N,D,20181205,000000,91.71,91.71,91.71,91.71,0,0
3442.N,D,20181206,000000,90.45,90.45,90.45,90.45,0,0
3442.N,D,20181207,000000,89.11,89.11,89.11,89.11,0,0
3442.N,D,20181210,000000,87.68,87.68,87.68,87.68,0,0
3442.N,D,20181211,000000,88.77,88.77,88.77,88.77,0,0
3442.N,D,20181212,000000,89.6,89.6,89.6,89.6,0,0
3442.N,D,20181213,000000,89.02,89.02,89.02,89.02,0,0
3442.N,D,20181214,000000,88.46,88.46,88.46,88.46,0,0
3442.N,D,20181217,000000,86.58,86.58,86.58,86.58,0,0
3442.N,D,20181218,000000,84.62,84.62,84.62,84.62,0,0
3442.N,D,20181219,000000,84.15,84.15,84.15,84.15,0,0
3442.N,D,20181220,000000,82.98,82.98,82.98,82.98,0,0
3442.N,D,20181221,000000,82.15,82.15,82.15,82.15,0,0
3442.N,D,20181227,000000,83.28,83.28,83.28,83.28,0,0
3442.N,D,20181228,000000,83.43,83.43,83.43,83.43,0,0
3442.N,D,20190102,000000,84.95,84.95,84.95,84.95,0,0
3442.N,D,20190103,000000,84.27,84.27,84.27,84.27,0,0
3442.N,D,20190104,000000,87.24,87.24,87.24,87.24,0,0
3442.N,D,20190107,000000,88.18,88.18,88.18,88.18,0,0
3442.N,D,20190108,000000,88.76,88.76,88.76,88.76,0,0
3442.N,D,20190109,000000,89.65,89.65,89.65,89.65,0,0
3442.N,D,20190110,000000,89.59,89.59,89.59,89.59,0,0
3442.N,D,20190111,000000,89.06,89.06,89.06,89.06,0,0
3442.N,D,20190114,000000,88.82,88.82,88.82,88.82,0,0
3442.N,D,20190115,000000,89.36,89.36,89.36,89.36,0,0
3442.N,D,20190116,000000,89.95,89.95,89.95,89.95,0,0
3442.N,D,20190117,000000,90.14,90.14,90.14,90.14,0,0
3442.N,D,20190118,000000,91.34,91.34,91.34,91.34,0,0
3442.N,D,20190121,000000,91.35,91.35,91.35,91.35,0,0
3442.N,D,20190122,000000,89.92,89.92,89.92,89.92,0,0
3442.N,D,20190123,000000,89.89,89.89,89.89,89.89,0,0
3442.N,D,20190124,000000,91.16,91.16,91.16,91.16,0,0
3442.N,D,20190125,000000,93.18,93.18,93.18,93.18,0,0
3442.N,D,20190128,000000,91.78,91.78,91.78,91.78,0,0
3442.N,D,20190129,000000,91.09,91.09,91.09,91.09,0,0
3442.N,D,20190130,000000,92.45,92.45,92.45,92.45,0,0
3442.N,D,20190131,000000,93.32,93.32,93.32,93.32,0,0
3442.N,D,20190201,000000,93.67,93.67,93.67,93.67,0,0
3442.N,D,20190204,000000,93.89,93.89,93.89,93.89,0,0
3442.N,D,20190205,000000,94.67,94.67,94.67,94.67,0,0
3442.N,D,20190206,000000,94.79,94.79,94.79,94.79,0,0
3442.N,D,20190207,000000,93.72,93.72,93.72,93.72,0,0
3442.N,D,20190208,000000,93.47,93.47,93.47,93.47,0,0
3442.N,D,20190211,000000,93.84,93.84,93.84,93.84,0,0
3442.N,D,20190212,000000,94.46,94.46,94.46,94.46,0,0
3442.N,D,20190213,000000,94.94,94.94,94.94,94.94,0,0
3442.N,D,20190214,000000,94.45,94.45,94.45,94.45,0,0
3442.N,D,20190215,000000,94.61,94.61,94.61,94.61,0,0
3442.N,D,20190218,000000,94.65,94.65,94.65,94.65,0,0
3442.N,D,20190219,000000,94.91,94.91,94.91,94.91,0,0
3442.N,D,20190220,000000,94.62,94.62,94.62,94.62,0,0
3442.N,D,20190221,000000,93.88,93.88,93.88,93.88,0,0
3442.N,D,20190222,000000,94.54,94.54,94.54,94.54,0,0
3442.N,D,20190225,000000,95.09,95.09,95.09,95.09,0,0
3442.N,D,20190226,000000,94.87,94.87,94.87,94.87,0,0
3442.N,D,20190227,000000,94.08,94.08,94.08,94.08,0,0
3442.N,D,20190228,000000,94.08,94.08,94.08,94.08,0,0
3442.N,D,20190301,000000,94.92,94.92,94.92,94.92,0,0
3442.N,D,20190304,000000,94.71,94.71,94.71,94.71,0,0
3442.N,D,20190305,000000,94.94,94.94,94.94,94.94,0,0
3442.N,D,20190306,000000,94.57,94.57,94.57,94.57,0,0
3442.N,D,20190307,000000,93.7,93.7,93.7,93.7,0,0
3442.N,D,20190308,000000,93.84,93.84,93.84,93.84,0,0
3442.N,D,20190311,000000,94.64,94.64,94.64,94.64,0,0
3442.N,D,20190312,000000,94.63,94.63,94.63,94.63,0,0
3442.N,D,20190313,000000,95.15,95.15,95.15,95.15,0,0
3442.N,D,20190314,000000,94.76,94.76,94.76,94.76,0,0
3442.N,D,20190315,000000,95.54,95.54,95.54,95.54,0,0
3442.N,D,20190318,000000,95.18,95.18,95.18,95.18,0,0
3442.N,D,20190319,000000,95.68,95.68,95.68,95.68,0,0
3442.N,D,20190320,000000,94.81,94.81,94.81,94.81,0,0
3442.N,D,20190321,000000,95.32,95.32,95.32,95.32,0,0
3442.N,D,20190322,000000,93.89,93.89,93.89,93.89,0,0
3442.N,D,20190325,000000,93.72,93.72,93.72,93.72,0,0
3442.N,D,20190326,000000,94.53,94.53,94.53,94.53,0,0
3442.N,D,20190327,000000,93.75,93.75,93.75,93.75,0,0
3442.N,D,20190328,000000,94.01,94.01,94.01,94.01,0,0
3442.N,D,20190329,000000,94.79,94.79,94.79,94.79,0,0
3442.N,D,20190401,000000,95.78,95.78,95.78,95.78,0,0
3442.N,D,20190402,000000,96.73,96.73,96.73,96.73,0,0
3442.N,D,20190403,000000,97.26,97.26,97.26,97.26,0,0
3442.N,D,20190404,000000,97.5,97.5,97.5,97.5,0,0
3442.N,D,20190405,000000,98.1,98.1,98.1,98.1,0,0
3442.N,D,20190408,000000,98.35,98.35,98.35,98.35,0,0
3442.N,D,20190409,000000,97.6,97.6,97.6,97.6,0,0
3442.N,D,20190410,000000,97.91,97.91,97.91,97.91,0,0
3442.N,D,20190411,000000,97.37,97.37,97.37,97.37,0,0
3442.N,D,20190412,000000,97.86,97.86,97.86,97.86,0,0
3442.N,D,20190415,000000,97.44,97.44,97.44,97.44,0,0
3442.N,D,20190416,000000,97.99,97.99,97.99,97.99,0,0
3442.N,D,20190417,000000,97.67,97.67,97.67,97.67,0,0
3442.N,D,20190418,000000,97.68,97.68,97.68,97.68,0,0
3442.N,D,20190423,000000,98.58,98.58,98.58,98.58,0,0
3442.N,D,20190424,000000,98.56,98.56,98.56,98.56,0,0
3442.N,D,20190425,000000,98.91,98.91,98.91,98.91,0,0
3442.N,D,20190426,000000,99.38,99.38,99.38,99.38,0,0
3442.N,D,20190429,000000,99.61,99.61,99.61,99.61,0,0
3442.N,D,20190430,000000,99.39,99.39,99.39,99.39,0,0
3442.N,D,20190502,000000,99.48,99.48,99.48,99.48,0,0
3442.N,D,20190506,000000,99.55,99.55,99.55,99.55,0,0
3442.N,D,20190507,000000,97.86,97.86,97.86,97.86,0,0
3442.N,D,20190508,000000,98.24,98.24,98.24,98.24,0,0
3442.N,D,20190509,000000,97.43,97.43,97.43,97.43,0,0
3442.N,D,20190510,000000,97.36,97.36,97.36,97.36,0,0
3442.N,D,20190513,000000,95.13,95.13,95.13,95.13,0,0
3442.N,D,20190514,000000,96.63,96.63,96.63,96.63,0,0
3442.N,D,20190515,000000,97.42,97.42,97.42,97.42,0,0
3442.N,D,20190516,000000,97.37,97.37,97.37,97.37,0,0
3442.N,D,20190517,000000,96.59,96.59,96.59,96.59,0,0
3442.N,D,20190520,000000,95.02,95.02,95.02,95.02,0,0
3442.N,D,20190521,000000,95.88,95.88,95.88,95.88,0,0
3442.N,D,20190522,000000,95.77,95.77,95.77,95.77,0,0
3442.N,D,20190523,000000,94.55,94.55,94.55,94.55,0,0
3442.N,D,20190524,000000,94.43,94.43,94.43,94.43,0,0
3442.N,D,20190527,000000,94.82,94.82,94.82,94.82,0,0
3442.N,D,20190528,000000,94.27,94.27,94.27,94.27,0,0
3442.N,D,20190529,000000,93.03,93.03,93.03,93.03,0,0
3442.N,D,20190530,000000,93.26,93.26,93.26,93.26,0,0
3442.N,D,20190531,000000,92.43,92.43,92.43,92.43,0,0
3442.N,D,20190603,000000,92.21,92.21,92.21,92.21,0,0
3442.N,D,20190604,000000,93.34,93.34,93.34,93.34,0,0
3442.N,D,20190605,000000,92.99,92.99,92.99,92.99,0,0
3442.N,D,20190606,000000,92.76,92.76,92.76,92.76,0,0
3442.N,D,20190607,000000,93.44,93.44,93.44,93.44,0,0
3442.N,D,20190610,000000,93.41,93.41,93.41,93.41,0,0
3442.N,D,20190611,000000,93.79,93.79,93.79,93.79,0,0
3442.N,D,20190612,000000,92.8,92.8,92.8,92.8,0,0
3442.N,D,20190613,000000,93.26,93.26,93.26,93.26,0,0
3442.N,D,20190614,000000,92,92,92,92,0,0
3442.N,D,20190617,000000,92.69,92.69,92.69,92.69,0,0
3442.N,D,20190618,000000,94.05,94.05,94.05,94.05,0,0
3442.N,D,20190619,000000,94.92,94.92,94.92,94.92,0,0
3442.N,D,20190621,000000,95.33,95.33,95.33,95.33,0,0
3442.N,D,20190624,000000,94.09,94.09,94.09,94.09,0,0
3442.N,D,20190625,000000,94.53,94.53,94.53,94.53,0,0
3442.N,D,20190626,000000,95.4,95.4,95.4,95.4,0,0
3442.N,D,20190627,000000,96.65,96.65,96.65,96.65,0,0
3442.N,D,20190628,000000,97.28,97.28,97.28,97.28,0,0
3442.N,D,20190701,000000,98.77,98.77,98.77,98.77,0,0
3442.N,D,20190702,000000,98.98,98.98,98.98,98.98,0,0
3442.N,D,20190703,000000,99.24,99.24,99.24,99.24,0,0
3442.N,D,20190704,000000,99.44,99.44,99.44,99.44,0,0
3442.N,D,20190705,000000,98.97,98.97,98.97,98.97,0,0
3442.N,D,20190708,000000,98.6,98.6,98.6,98.6,0,0
3442.N,D,20190709,000000,99.01,99.01,99.01,99.01,0,0
3442.N,D,20190710,000000,99.18,99.18,99.18,99.18,0,0
3442.N,D,20190711,000000,98.69,98.69,98.69,98.69,0,0
3442.N,D,20190712,000000,98.67,98.67,98.67,98.67,0,0
3442.N,D,20190715,000000,98.92,98.92,98.92,98.92,0,0
3442.N,D,20190716,000000,98.53,98.53,98.53,98.53,0,0
3442.N,D,20190717,000000,98.3,98.3,98.3,98.3,0,0
3442.N,D,20190718,000000,98.16,98.16,98.16,98.16,0,0
3442.N,D,20190719,000000,98.01,98.01,98.01,98.01,0,0
3442.N,D,20190722,000000,98.42,98.42,98.42,98.42,0,0
3442.N,D,20190723,000000,99.21,99.21,99.21,99.21,0,0
3442.N,D,20190724,000000,99.98,99.98,99.98,99.98,0,0
3442.N,D,20190725,000000,99.19,99.19,99.19,99.19,0,0
3442.N,D,20190726,000000,99.93,99.93,99.93,99.93,0,0
3442.N,D,20190729,000000,100.1,100.1,100.1,100.1,0,0
3442.N,D,20190730,000000,100.11,100.11,100.11,100.11,0,0
3442.N,D,20190731,000000,100.15,100.15,100.15,100.15,0,0
3442.N,D,20190801,000000,103.19,103.19,103.19,103.19,0,0
3442.N,D,20190802,000000,102.49,102.49,102.49,102.49,0,0
3442.N,D,20190805,000000,99.78,99.78,99.78,99.78,0,0
3442.N,D,20190806,000000,99.7,99.7,99.7,99.7,0,0
3442.N,D,20190807,000000,99.69,99.69,99.69,99.69,0,0
3442.N,D,20190808,000000,100.89,100.89,100.89,100.89,0,0
3442.N,D,20190809,000000,100.18,100.18,100.18,100.18,0,0
3442.N,D,20190812,000000,99.15,99.15,99.15,99.15,0,0
3442.N,D,20190813,000000,100.37,100.37,100.37,100.37,0,0
3442.N,D,20190814,000000,98.04,98.04,98.04,98.04,0,0
3442.N,D,20190816,000000,98.94,98.94,98.94,98.94,0,0
3442.N,D,20190819,000000,100.35,100.35,100.35,100.35,0,0
3442.N,D,20190820,000000,100.09,100.09,100.09,100.09,0,0
3442.N,D,20190821,000000,100.8,100.8,100.8,100.8,0,0
3442.N,D,20190822,000000,100.4,100.4,100.4,100.4,0,0
3442.N,D,20190823,000000,98.62,98.62,98.62,98.62,0,0
3442.N,D,20190826,000000,98.85,98.85,98.85,98.85,0,0
3442.N,D,20190827,000000,98.13,98.13,98.13,98.13,0,0
3442.N,D,20190828,000000,97.94,97.94,97.94,97.94,0,0
3442.N,D,20190829,000000,98.81,98.81,98.81,98.81,0,0
3442.N,D,20190830,000000,98.64,98.64,98.64,98.64,0,0
3442.N,D,20190902,000000,98.78,98.78,98.78,98.78,0,0
3442.N,D,20190903,000000,97.61,97.61,97.61,97.61,0,0
3442.N,D,20190904,000000,98.36,98.36,98.36,98.36,0,0
3442.N,D,20190905,000000,99.84,99.84,99.84,99.84,0,0
3442.N,D,20190906,000000,99.8,99.8,99.8,99.8,0,0
3442.N,D,20190909,000000,100.01,100.01,100.01,100.01,0,0
3442.N,D,20190910,000000,100.88,100.88,100.88,100.88,0,0
3442.N,D,20190911,000000,101.71,101.71,101.71,101.71,0,0
3442.N,D,20190912,000000,101.64,101.64,101.64,101.64,0,0
3442.N,D,20190913,000000,102,102,102,102,0,0
3442.N,D,20190916,000000,102.35,102.35,102.35,102.35,0,0
3442.N,D,20190917,000000,102.08,102.08,102.08,102.08,0,0
3442.N,D,20190918,000000,101.98,101.98,101.98,101.98,0,0
3442.N,D,20190919,000000,102.4,102.4,102.4,102.4,0,0
3442.N,D,20190920,000000,102.34,102.34,102.34,102.34,0,0
3442.N,D,20190923,000000,101.46,101.46,101.46,101.46,0,0
3442.N,D,20190924,000000,100.54,100.54,100.54,100.54,0,0
3442.N,D,20190925,000000,100.48,100.48,100.48,100.48,0,0
3442.N,D,20190926,000000,100.12,100.12,100.12,100.12,0,0
3442.N,D,20190927,000000,99.36,99.36,99.36,99.36,0,0
3442.N,D,20190930,000000,99.84,99.84,99.84,99.84,0,0
3442.N,D,20191001,000000,98.91,98.91,98.91,98.91,0,0
3442.N,D,20191002,000000,97.73,97.73,97.73,97.73,0,0
3442.N,D,20191003,000000,98.17,98.17,98.17,98.17,0,0
3442.N,D,20191004,000000,98.5,98.5,98.5,98.5,0,0
3442.N,D,20191007,000000,98.22,98.22,98.22,98.22,0,0
3442.N,D,20191008,000000,97.11,97.11,97.11,97.11,0,0
3442.N,D,20191009,000000,98.05,98.05,98.05,98.05,0,0
3442.N,D,20191010,000000,99.1,99.1,99.1,99.1,0,0
3442.N,D,20191011,000000,100.41,100.41,100.41,100.41,0,0
3442.N,D,20191014,000000,100.78,100.78,100.78,100.78,0,0
3442.N,D,20191015,000000,101.08,101.08,101.08,101.08,0,0
3442.N,D,20191016,000000,100.86,100.86,100.86,100.86,0,0
3442.N,D,20191017,000000,100.73,100.73,100.73,100.73,0,0
3442.N,D,20191018,000000,100.08,100.08,100.08,100.08,0,0
3442.N,D,20191021,000000,100.81,100.81,100.81,100.81,0,0
3442.N,D,20191022,000000,100.68,100.68,100.68,100.68,0,0
3442.N,D,20191023,000000,101.37,101.37,101.37,101.37,0,0
3442.N,D,20191024,000000,101.97,101.97,101.97,101.97,0,0
3442.N,D,20191025,000000,101.92,101.92,101.92,101.92,0,0
3442.N,D,20191028,000000,102.72,102.72,102.72,102.72,0,0
3442.N,D,20191029,000000,102.83,102.83,102.83,102.83,0,0
3442.N,D,20191030,000000,102.6,102.6,102.6,102.6,0,0
3442.N,D,20191031,000000,102.55,102.55,102.55,102.55,0,0
3442.N,D,20191104,000000,103.69,103.69,103.69,103.69,0,0
3442.N,D,20191105,000000,103.68,103.68,103.68,103.68,0,0
3442.N,D,20191106,000000,102.75,102.75,102.75,102.75,0,0
3442.N,D,20191107,000000,103.12,103.12,103.12,103.12,0,0
3442.N,D,20191108,000000,103.38,103.38,103.38,103.38,0,0
3442.N,D,20191112,000000,103.12,103.12,103.12,103.12,0,0
3442.N,D,20191113,000000,102.62,102.62,102.62,102.62,0,0
3442.N,D,20191114,000000,102.46,102.46,102.46,102.46,0,0
3442.N,D,20191115,000000,103.02,103.02,103.02,103.02,0,0
3442.N,D,20191118,000000,102.67,102.67,102.67,102.67,0,0
3442.N,D,20191119,000000,103.25,103.25,103.25,103.25,0,0
3442.N,D,20191120,000000,102.88,102.88,102.88,102.88,0,0
3442.N,D,20191121,000000,103.75,103.75,103.75,103.75,0,0
3442.N,D,20191122,000000,104.32,104.32,104.32,104.32,0,0
3442.N,D,20191125,000000,105.62,105.62,105.62,105.62,0,0
3442.N,D,20191126,000000,105.36,105.36,105.36,105.36,0,0
3442.N,D,20191127,000000,106.09,106.09,106.09,106.09,0,0
3442.N,D,20191128,000000,105.92,105.92,105.92,105.92,0,0
3442.N,D,20191129,000000,106.16,106.16,106.16,106.16,0,0
3442.N,D,20191202,000000,105.15,105.15,105.15,105.15,0,0
3442.N,D,20191203,000000,104.88,104.88,104.88,104.88,0,0
3442.N,D,20191204,000000,105.54,105.54,105.54,105.54,0,0
3442.N,D,20191205,000000,105.11,105.11,105.11,105.11,0,0
3442.N,D,20191206,000000,105.57,105.57,105.57,105.57,0,0
3442.N,D,20191209,000000,104.97,104.97,104.97,104.97,0,0
3442.N,D,20191210,000000,105.16,105.16,105.16,105.16,0,0
3442.N,D,20191211,000000,105.35,105.35,105.35,105.35,0,0
3442.N,D,20191212,000000,106.36,106.36,106.36,106.36,0,0
3442.N,D,20191213,000000,106.36,106.36,106.36,106.36,0,0
3442.N,D,20191216,000000,107.15,107.15,107.15,107.15,0,0
3442.N,D,20191217,000000,107.28,107.28,107.28,107.28,0,0
3442.N,D,20191218,000000,107.52,107.52,107.52,107.52,0,0
3442.N,D,20191219,000000,107.48,107.48,107.48,107.48,0,0
3442.N,D,20191220,000000,107.8,107.8,107.8,107.8,0,0
3442.N,D,20191223,000000,107.84,107.84,107.84,107.84,0,0
3442.N,D,20191227,000000,107.45,107.45,107.45,107.45,0,0
3442.N,D,20191230,000000,106.96,106.96,106.96,106.96,0,0
3442.N,D,20200102,000000,108.6,108.6,108.6,108.6,0,0
3442.N,D,20200103,000000,108.06,108.06,108.06,108.06,0,0
3442.N,D,20200107,000000,108.8,108.8,108.8,108.8,0,0
3442.N,D,20200108,000000,109.03,109.03,109.03,109.03,0,0
3442.N,D,20200109,000000,109.43,109.43,109.43,109.43,0,0
3442.N,D,20200110,000000,109.5,109.5,109.5,109.5,0,0
3442.N,D,20200113,000000,109.94,109.94,109.94,109.94,0,0
3442.N,D,20200114,000000,110.25,110.25,110.25,110.25,0,0
3442.N,D,20200115,000000,111,111,111,111,0,0
3442.N,D,20200116,000000,111.64,111.64,111.64,111.64,0,0
3442.N,D,20200117,000000,111.82,111.82,111.82,111.82,0,0
3442.N,D,20200120,000000,111.96,111.96,111.96,111.96,0,0
3442.N,D,20200121,000000,111.84,111.84,111.84,111.84,0,0
3442.N,D,20200122,000000,112.29,112.29,112.29,112.29,0,0
3442.N,D,20200123,000000,112.21,112.21,112.21,112.21,0,0
3442.N,D,20200124,000000,112.5,112.5,112.5,112.5,0,0
3442.N,D,20200127,000000,111.24,111.24,111.24,111.24,0,0
3442.N,D,20200128,000000,112.01,112.01,112.01,112.01,0,0
3442.N,D,20200129,000000,112.04,112.04,112.04,112.04,0,0
3442.N,D,20200130,000000,111.47,111.47,111.47,111.47,0,0
3442.N,D,20200131,000000,110.61,110.61,110.61,110.61,0,0
3442.N,D,20200203,000000,111.24,111.24,111.24,111.24,0,0
3442.N,D,20200204,000000,112.52,112.52,112.52,112.52,0,0
3442.N,D,20200205,000000,113.68,113.68,113.68,113.68,0,0
3442.N,D,20200206,000000,114.62,114.62,114.62,114.62,0,0
3442.N,D,20200207,000000,113.69,113.69,113.69,113.69,0,0
3442.N,D,20200210,000000,113.69,113.69,113.69,113.69,0,0
3442.N,D,20200211,000000,113.93,113.93,113.93,113.93,0,0
3442.N,D,20200212,000000,114.05,114.05,114.05,114.05,0,0
3442.N,D,20200213,000000,114.02,114.02,114.02,114.02,0,0
3442.N,D,20200214,000000,113.82,113.82,113.82,113.82,0,0
3442.N,D,20200217,000000,113.88,113.88,113.88,113.88,0,0
3442.N,D,20200218,000000,113.75,113.75,113.75,113.75,0,0
3442.N,D,20200219,000000,114.16,114.16,114.16,114.16,0,0
3442.N,D,20200220,000000,113.94,113.94,113.94,113.94,0,0
3442.N,D,20200221,000000,113.28,113.28,113.28,113.28,0,0
3442.N,D,20200224,000000,110.26,110.26,110.26,110.26,0,0
3442.N,D,20200225,000000,108.78,108.78,108.78,108.78,0,0
3442.N,D,20200226,000000,108.71,108.71,108.71,108.71,0,0
3442.N,D,20200227,000000,105.56,105.56,105.56,105.56,0,0
3442.N,D,20200228,000000,104.8,104.8,104.8,104.8,0,0
3442.N,D,20200302,000000,106,106,106,106,0,0
3442.N,D,20200303,000000,105.11,105.11,105.11,105.11,0,0
3442.N,D,20200304,000000,108.21,108.21,108.21,108.21,0,0
3442.N,D,20200305,000000,105.87,105.87,105.87,105.87,0,0
3442.N,D,20200306,000000,103.85,103.85,103.85,103.85,0,0
3442.N,D,20200309,000000,96.7,96.7,96.7,96.7,0,0
3442.N,D,20200310,000000,99.13,99.13,99.13,99.13,0,0
3442.N,D,20200311,000000,94.91,94.91,94.91,94.91,0,0
3442.N,D,20200312,000000,84.93,84.93,84.93,84.93,0,0
3442.N,D,20200313,000000,88.87,88.87,88.87,88.87,0,0
3442.N,D,20200316,000000,81.89,81.89,81.89,81.89,0,0
3442.N,D,20200317,000000,83.91,83.91,83.91,83.91,0,0
3442.N,D,20200318,000000,81.81,81.81,81.81,81.81,0,0
3442.N,D,20200319,000000,85.56,85.56,85.56,85.56,0,0
3442.N,D,20200320,000000,86.62,86.62,86.62,86.62,0,0
3442.N,D,20200323,000000,85.56,85.56,85.56,85.56,0,0
3442.N,D,20200324,000000,91.48,91.48,91.48,91.48,0,0
3442.N,D,20200325,000000,92.51,92.51,92.51,92.51,0,0
3442.N,D,20200326,000000,95.08,95.08,95.08,95.08,0,0
3442.N,D,20200327,000000,92.87,92.87,92.87,92.87,0,0
3442.N,D,20200330,000000,94.39,94.39,94.39,94.39,0,0
3442.N,D,20200331,000000,94.18,94.18,94.18,94.18,0,0
3442.N,D,20200401,000000,91.09,91.09,91.09,91.09,0,0
3442.N,D,20200402,000000,92.97,92.97,92.97,92.97,0,0
3442.N,D,20200403,000000,92.28,92.28,92.28,92.28,0,0
3442.N,D,20200406,000000,97.96,97.96,97.96,97.96,0,0
3442.N,D,20200407,000000,97.65,97.65,97.65,97.65,0,0
3442.N,D,20200408,000000,99,99,99,99,0,0
3442.N,D,20200409,000000,100.5,100.5,100.5,100.5,0,0
3442.N,D,20200414,000000,102.9,102.9,102.9,102.9,0,0
3442.N,D,20200415,000000,100.69,100.69,100.69,100.69,0,0
3442.N,D,20200416,000000,101.67,101.67,101.67,101.67,0,0
3442.N,D,20200417,000000,103.93,103.93,103.93,103.93,0,0
3442.N,D,20200420,000000,104.86,104.86,104.86,104.86,0,0
3442.N,D,20200421,000000,102.78,102.78,102.78,102.78,0,0
3442.N,D,20200422,000000,104.56,104.56,104.56,104.56,0,0
3442.N,D,20200423,000000,105.38,105.38,105.38,105.38,0,0
3442.N,D,20200424,000000,105.85,105.85,105.85,105.85,0,0
3442.N,D,20200427,000000,107.8,107.8,107.8,107.8,0,0
3442.N,D,20200428,000000,107.63,107.63,107.63,107.63,0,0
3442.N,D,20200429,000000,109.99,109.99,109.99,109.99,0,0
3442.N,D,20200430,000000,108.68,108.68,108.68,108.68,0,0
3442.N,D,20200504,000000,107.2,107.2,107.2,107.2,0,0
3442.N,D,20200505,000000,108.45,108.45,108.45,108.45,0,0
3442.N,D,20200506,000000,109.52,109.52,109.52,109.52,0,0
3442.N,D,20200507,000000,111.09,111.09,111.09,111.09,0,0
3442.N,D,20200508,000000,112.24,112.24,112.24,112.24,0,0
3442.N,D,20200511,000000,113.21,113.21,113.21,113.21,0,0
3442.N,D,20200512,000000,112.7,112.7,112.7,112.7,0,0
3442.N,D,20200513,000000,111.24,111.24,111.24,111.24,0,0
3442.N,D,20200514,000000,110.7,110.7,110.7,110.7,0,0
3442.N,D,20200515,000000,111.19,111.19,111.19,111.19,0,0
3442.N,D,20200518,000000,114.11,114.11,114.11,114.11,0,0
3442.N,D,20200519,000000,114.1,114.1,114.1,114.1,0,0
3442.N,D,20200520,000000,116.42,116.42,116.42,116.42,0,0
3442.N,D,20200521,000000,115.86,115.86,115.86,115.86,0,0
3442.N,D,20200522,000000,115.63,115.63,115.63,115.63,0,0
3442.N,D,20200525,000000,116.08,116.08,116.08,116.08,0,0
3442.N,D,20200526,000000,116.45,116.45,116.45,116.45,0,0
3442.N,D,20200527,000000,116.27,116.27,116.27,116.27,0,0
3442.N,D,20200528,000000,117.1,117.1,117.1,117.1,0,0
3442.N,D,20200529,000000,117.15,117.15,117.15,117.15,0,0
3442.N,D,20200601,000000,117.93,117.93,117.93,117.93,0,0
3442.N,D,20200602,000000,119.19,119.19,119.19,119.19,0,0
3442.N,D,20200603,000000,119.82,119.82,119.82,119.82,0,0
3442.N,D,20200604,000000,120.08,120.08,120.08,120.08,0,0
3442.N,D,20200605,000000,121.83,121.83,121.83,121.83,0,0
3442.N,D,20200608,000000,122.7,122.7,122.7,122.7,0,0
3442.N,D,20200609,000000,121.86,121.86,121.86,121.86,0,0
3442.N,D,20200610,000000,121.58,121.58,121.58,121.58,0,0
3442.N,D,20200612,000000,117.65,117.65,117.65,117.65,0,0
3442.N,D,20200615,000000,118.22,118.22,118.22,118.22,0,0
3442.N,D,20200616,000000,119.29,119.29,119.29,119.29,0,0
3442.N,D,20200617,000000,120.68,120.68,120.68,120.68,0,0
3442.N,D,20200618,000000,117.67,117.67,117.67,117.67,0,0
3442.N,D,20200619,000000,117.47,117.47,117.47,117.47,0,0
3442.N,D,20200622,000000,117.02,117.02,117.02,117.02,0,0
3442.N,D,20200623,000000,117.55,117.55,117.55,117.55,0,0
3442.N,D,20200624,000000,116.2,116.2,116.2,116.2,0,0
3442.N,D,20200625,000000,116.33,116.33,116.33,116.33,0,0
3442.N,D,20200626,000000,115.15,115.15,115.15,115.15,0,0
3442.N,D,20200629,000000,115.17,115.17,115.17,115.17,0,0
3442.N,D,20200630,000000,116.07,116.07,116.07,116.07,0,0
3442.N,D,20200701,000000,115.53,115.53,115.53,115.53,0,0
3442.N,D,20200702,000000,116.36,116.36,116.36,116.36,0,0
3442.N,D,20200703,000000,116.8,116.8,116.8,116.8,0,0
3442.N,D,20200706,000000,117.88,117.88,117.88,117.88,0,0
3442.N,D,20200707,000000,117.94,117.94,117.94,117.94,0,0
3442.N,D,20200708,000000,118.45,118.45,118.45,118.45,0,0
3442.N,D,20200709,000000,118.49,118.49,118.49,118.49,0,0
3442.N,D,20200710,000000,119.09,119.09,119.09,119.09,0,0
3442.N,D,20200713,000000,118.58,118.58,118.58,118.58,0,0
3442.N,D,20200714,000000,118.28,118.28,118.28,118.28,0,0
3442.N,D,20200715,000000,118.95,118.95,118.95,118.95,0,0
3442.N,D,20200716,000000,118.53,118.53,118.53,118.53,0,0
3442.N,D,20200717,000000,118.97,118.97,118.97,118.97,0,0
3442.N,D,20200720,000000,119.01,119.01,119.01,119.01,0,0
3442.N,D,20200721,000000,118.47,118.47,118.47,118.47,0,0
3442.N,D,20200722,000000,117.92,117.92,117.92,117.92,0,0
3442.N,D,20200723,000000,116.95,116.95,116.95,116.95,0,0
3442.N,D,20200724,000000,116.06,116.06,116.06,116.06,0,0
3442.N,D,20200727,000000,116.82,116.82,116.82,116.82,0,0
3442.N,D,20200728,000000,116.07,116.07,116.07,116.07,0,0
3442.N,D,20200729,000000,117.56,117.56,117.56,117.56,0,0
3442.N,D,20200730,000000,116.81,116.81,116.81,116.81,0,0
3442.N,D,20200731,000000,116.04,116.04,116.04,116.04,0,0
3442.N,D,20200803,000000,118.82,118.82,118.82,118.82,0,0
3442.N,D,20200804,000000,118.78,118.78,118.78,118.78,0,0
3442.N,D,20200805,000000,118.63,118.63,118.63,118.63,0,0
3442.N,D,20200806,000000,118.59,118.59,118.59,118.59,0,0
3442.N,D,20200807,000000,118.54,118.54,118.54,118.54,0,0
3442.N,D,20200810,000000,118.82,118.82,118.82,118.82,0,0
3442.N,D,20200811,000000,119.57,119.57,119.57,119.57,0,0
3442.N,D,20200812,000000,119.75,119.75,119.75,119.75,0,0
3442.N,D,20200813,000000,118.35,118.35,118.35,118.35,0,0
3442.N,D,20200814,000000,117.79,117.79,117.79,117.79,0,0
3442.N,D,20200817,000000,118.06,118.06,118.06,118.06,0,0
3442.N,D,20200818,000000,117.5,117.5,117.5,117.5,0,0
3442.N,D,20200819,000000,117.4,117.4,117.4,117.4,0,0
3442.N,D,20200820,000000,117.62,117.62,117.62,117.62,0,0
3442.N,D,20200821,000000,116.88,116.88,116.88,116.88,0,0
3442.N,D,20200824,000000,117.45,117.45,117.45,117.45,0,0
3442.N,D,20200825,000000,116.56,116.56,116.56,116.56,0,0
3442.N,D,20200826,000000,117.6,117.6,117.6,117.6,0,0
3442.N,D,20200827,000000,117.41,117.41,117.41,117.41,0,0
3442.N,D,20200828,000000,118.31,118.31,118.31,118.31,0,0
3442.N,D,20200831,000000,118.24,118.24,118.24,118.24,0,0
3442.N,D,20200901,000000,117.38,117.38,117.38,117.38,0,0
3442.N,D,20200902,000000,119.85,119.85,119.85,119.85,0,0
3442.N,D,20200903,000000,117.88,117.88,117.88,117.88,0,0
3442.N,D,20200904,000000,117.11,117.11,117.11,117.11,0,0
3442.N,D,20200907,000000,118.52,118.52,118.52,118.52,0,0
3442.N,D,20200908,000000,116.6,116.6,116.6,116.6,0,0
3442.N,D,20200909,000000,118.39,118.39,118.39,118.39,0,0
3442.N,D,20200910,000000,117.49,117.49,117.49,117.49,0,0
3442.N,D,20200911,000000,118.2,118.2,118.2,118.2,0,0
3442.N,D,20200914,000000,119.52,119.52,119.52,119.52,0,0
3442.N,D,20200915,000000,119.75,119.75,119.75,119.75,0,0
3442.N,D,20200916,000000,120.53,120.53,120.53,120.53,0,0
3442.N,D,20200917,000000,121.24,121.24,121.24,121.24,0,0
3442.N,D,20200918,000000,120.98,120.98,120.98,120.98,0,0
3442.N,D,20200921,000000,118.95,118.95,118.95,118.95,0,0
3442.N,D,20200922,000000,120.07,120.07,120.07,120.07,0,0
3442.N,D,20200923,000000,118.76,118.76,118.76,118.76,0,0
3442.N,D,20200924,000000,118.51,118.51,118.51,118.51,0,0
3442.N,D,20200925,000000,119.27,119.27,119.27,119.27,0,0
3442.N,D,20200929,000000,120.63,120.63,120.63,120.63,0,0
3442.N,D,20200930,000000,119.34,119.34,119.34,119.34,0,0
3442.N,D,20201001,000000,119.18,119.18,119.18,119.18,0,0
3442.N,D,20201002,000000,118.14,118.14,118.14,118.14,0,0
3442.N,D,20201005,000000,120.06,120.06,120.06,120.06,0,0
3442.N,D,20201006,000000,119.84,119.84,119.84,119.84,0,0
3442.N,D,20201007,000000,120.16,120.16,120.16,120.16,0,0
3442.N,D,20201008,000000,121.12,121.12,121.12,121.12,0,0
3442.N,D,20201009,000000,120.83,120.83,120.83,120.83,0,0
3442.N,D,20201012,000000,122.83,122.83,122.83,122.83,0,0
3442.N,D,20201013,000000,122.74,122.74,122.74,122.74,0,0
3442.N,D,20201014,000000,122.77,122.77,122.77,122.77,0,0
3442.N,D,20201015,000000,122.85,122.85,122.85,122.85,0,0
3442.N,D,20201016,000000,123.78,123.78,123.78,123.78,0,0
3442.N,D,20201019,000000,123.25,123.25,123.25,123.25,0,0
3442.N,D,20201020,000000,123.4,123.4,123.4,123.4,0,0
3442.N,D,20201021,000000,121.48,121.48,121.48,121.48,0,0
3442.N,D,20201022,000000,121.74,121.74,121.74,121.74,0,0
3442.N,D,20201023,000000,121.83,121.83,121.83,121.83,0,0
3442.N,D,20201026,000000,120.43,120.43,120.43,120.43,0,0
3442.N,D,20201027,000000,119.95,119.95,119.95,119.95,0,0
3442.N,D,20201028,000000,117.58,117.58,117.58,117.58,0,0
3442.N,D,20201029,000000,119.26,119.26,119.26,119.26,0,0
3442.N,D,20201030,000000,119.01,119.01,119.01,119.01,0,0
3442.N,D,20201102,000000,120.15,120.15,120.15,120.15,0,0
3442.N,D,20201103,000000,120.78,120.78,120.78,120.78,0,0
3442.N,D,20201104,000000,124.7,124.7,124.7,124.7,0,0
3442.N,D,20201105,000000,124.04,124.04,124.04,124.04,0,0
3442.N,D,20201106,000000,122.91,122.91,122.91,122.91,0,0
3442.N,D,20201109,000000,124.47,124.47,124.47,124.47,0,0
3442.N,D,20201110,000000,125.77,125.77,125.77,125.77,0,0
3442.N,D,20201112,000000,124.65,124.65,124.65,124.65,0,0
3442.N,D,20201113,000000,125.69,125.69,125.69,125.69,0,0
3442.N,D,20201116,000000,126.56,126.56,126.56,126.56,0,0
3442.N,D,20201117,000000,126.95,126.95,126.95,126.95,0,0
3442.N,D,20201118,000000,125.95,125.95,125.95,125.95,0,0
3442.N,D,20201119,000000,127.08,127.08,127.08,127.08,0,0
3442.N,D,20201120,000000,127.26,127.26,127.26,127.26,0,0
3442.N,D,20201123,000000,127.05,127.05,127.05,127.05,0,0
3442.N,D,20201124,000000,127.57,127.57,127.57,127.57,0,0
3442.N,D,20201125,000000,127.56,127.56,127.56,127.56,0,0
3442.N,D,20201126,000000,127.96,127.96,127.96,127.96,0,0
3442.N,D,20201127,000000,129.68,129.68,129.68,129.68,0,0
3442.N,D,20201130,000000,129.31,129.31,129.31,129.31,0,0
3442.N,D,20201201,000000,129.77,129.77,129.77,129.77,0,0
3442.N,D,20201202,000000,129.13,129.13,129.13,129.13,0,0
3442.N,D,20201203,000000,128.98,128.98,128.98,128.98,0,0
3442.N,D,20201204,000000,129.54,129.54,129.54,129.54,0,0
3442.N,D,20201207,000000,129.66,129.66,129.66,129.66,0,0
3442.N,D,20201208,000000,130.62,130.62,130.62,130.62,0,0
3442.N,D,20201209,000000,129.97,129.97,129.97,129.97,0,0
3442.N,D,20201210,000000,130.44,130.44,130.44,130.44,0,0
3442.N,D,20201211,000000,130.06,130.06,130.06,130.06,0,0
3442.N,D,20201214,000000,133.81,133.81,133.81,133.81,0,0
3442.N,D,20201215,000000,133.92,133.92,133.92,133.92,0,0
3442.N,D,20201216,000000,133.89,133.89,133.89,133.89,0,0
3442.N,D,20201217,000000,134.59,134.59,134.59,134.59,0,0
3442.N,D,20201218,000000,134.97,134.97,134.97,134.97,0,0
3442.N,D,20201221,000000,135.26,135.26,135.26,135.26,0,0
3442.N,D,20201222,000000,135.82,135.82,135.82,135.82,0,0
3442.N,D,20201223,000000,136.22,136.22,136.22,136.22,0,0
3442.N,D,20201228,000000,135.71,135.71,135.71,135.71,0,0
3442.N,D,20201229,000000,136.34,136.34,136.34,136.34,0,0
3442.N,D,20201230,000000,137.71,137.71,137.71,137.71,0,0
3442.N,D,20210104,000000,138.23,138.23,138.23,138.23,0,0
3442.N,D,20210105,000000,138.46,138.46,138.46,138.46,0,0
3442.N,D,20210107,000000,139.34,139.34,139.34,139.34,0,0
3442.N,D,20210108,000000,140.94,140.94,140.94,140.94,0,0
3442.N,D,20210111,000000,141.15,141.15,141.15,141.15,0,0
3442.N,D,20210112,000000,140.82,140.82,140.82,140.82,0,0
3442.N,D,20210113,000000,140.91,140.91,140.91,140.91,0,0
3442.N,D,20210114,000000,141.91,141.91,141.91,141.91,0,0
3442.N,D,20210115,000000,141.74,141.74,141.74,141.74,0,0
3442.N,D,20210118,000000,142.04,142.04,142.04,142.04,0,0
3442.N,D,20210119,000000,142.69,142.69,142.69,142.69,0,0
3442.N,D,20210120,000000,143.19,143.19,143.19,143.19,0,0
3442.N,D,20210121,000000,143.1,143.1,143.1,143.1,0,0
3442.N,D,20210122,000000,143.28,143.28,143.28,143.28,0,0
3442.N,D,20210125,000000,144.06,144.06,144.06,144.06,0,0
3442.N,D,20210126,000000,144.11,144.11,144.11,144.11,0,0
3442.N,D,20210127,000000,142.91,142.91,142.91,142.91,0,0
3442.N,D,20210128,000000,143.27,143.27,143.27,143.27,0,0
3442.N,D,20210129,000000,142.23,142.23,142.23,142.23,0,0
3442.N,D,20210201,000000,142.42,142.42,142.42,142.42,0,0
3442.N,D,20210202,000000,142.74,142.74,142.74,142.74,0,0
3442.N,D,20210203,000000,142.63,142.63,142.63,142.63,0,0
3442.N,D,20210204,000000,143.68,143.68,143.68,143.68,0,0
3442.N,D,20210205,000000,144.14,144.14,144.14,144.14,0,0
3442.N,D,20210208,000000,144.3,144.3,144.3,144.3,0,0
3442.N,D,20210209,000000,144.41,144.41,144.41,144.41,0,0
3442.N,D,20210210,000000,143.67,143.67,143.67,143.67,0,0
3442.N,D,20210211,000000,144.63,144.63,144.63,144.63,0,0
3442.N,D,20210212,000000,144.56,144.56,144.56,144.56,0,0
3442.N,D,20210215,000000,145.21,145.21,145.21,145.21,0,0
3442.N,D,20210216,000000,144.03,144.03,144.03,144.03,0,0
3442.N,D,20210217,000000,143.56,143.56,143.56,143.56,0,0
3442.N,D,20210218,000000,142.57,142.57,142.57,142.57,0,0
3442.N,D,20210219,000000,142.78,142.78,142.78,142.78,0,0
3442.N,D,20210222,000000,142.12,142.12,142.12,142.12,0,0
3442.N,D,20210223,000000,141.42,141.42,141.42,141.42,0,0
3442.N,D,20210224,000000,141.95,141.95,141.95,141.95,0,0
3442.N,D,20210225,000000,140.93,140.93,140.93,140.93,0,0
3442.N,D,20210226,000000,140.63,140.63,140.63,140.63,0,0
3442.N,D,20210301,000000,142.86,142.86,142.86,142.86,0,0
3442.N,D,20210302,000000,142.43,142.43,142.43,142.43,0,0
3442.N,D,20210303,000000,140.36,140.36,140.36,140.36,0,0
3442.N,D,20210304,000000,139.64,139.64,139.64,139.64,0,0
3442.N,D,20210305,000000,140.93,140.93,140.93,140.93,0,0
3442.N,D,20210308,000000,141.64,141.64,141.64,141.64,0,0
3442.N,D,20210309,000000,142.84,142.84,142.84,142.84,0,0
3442.N,D,20210310,000000,142.49,142.49,142.49,142.49,0,0
3442.N,D,20210311,000000,143.46,143.46,143.46,143.46,0,0
3442.N,D,20210312,000000,142.98,142.98,142.98,142.98,0,0
3442.N,D,20210315,000000,144.9,144.9,144.9,144.9,0,0
3442.N,D,20210316,000000,144.62,144.62,144.62,144.62,0,0
3442.N,D,20210317,000000,144.99,144.99,144.99,144.99,0,0
3442.N,D,20210318,000000,144.63,144.63,144.63,144.63,0,0
3442.N,D,20210319,000000,145.19,145.19,145.19,145.19,0,0
3442.N,D,20210322,000000,145.49,145.49,145.49,145.49,0,0
3442.N,D,20210323,000000,143.56,143.56,143.56,143.56,0,0
3442.N,D,20210324,000000,142.66,142.66,142.66,142.66,0,0
3442.N,D,20210325,000000,142.86,142.86,142.86,142.86,0,0
3442.N,D,20210326,000000,144.67,144.67,144.67,144.67,0,0
3442.N,D,20210329,000000,145.65,145.65,145.65,145.65,0,0
3442.N,D,20210330,000000,145.44,145.44,145.44,145.44,0,0
3442.N,D,20210331,000000,145.93,145.93,145.93,145.93,0,0
3442.N,D,20210401,000000,146.73,146.73,146.73,146.73,0,0
3442.N,D,20210406,000000,147.82,147.82,147.82,147.82,0,0
3442.N,D,20210407,000000,146.08,146.08,146.08,146.08,0,0
3442.N,D,20210408,000000,145.92,145.92,145.92,145.92,0,0
3442.N,D,20210409,000000,146.77,146.77,146.77,146.77,0,0
3442.N,D,20210412,000000,146.12,146.12,146.12,146.12,0,0
3442.N,D,20210413,000000,147.02,147.02,147.02,147.02,0,0
3442.N,D,20210414,000000,147.67,147.67,147.67,147.67,0,0
3442.N,D,20210415,000000,148.02,148.02,148.02,148.02,0,0
3442.N,D,20210416,000000,147.7,147.7,147.7,147.7,0,0
3442.N,D,20210419,000000,146.63,146.63,146.63,146.63,0,0
3442.N,D,20210420,000000,145.56,145.56,145.56,145.56,0,0
3442.N,D,20210421,000000,146.42,146.42,146.42,146.42,0,0
3442.N,D,20210422,000000,146.67,146.67,146.67,146.67,0,0
3442.N,D,20210423,000000,146.52,146.52,146.52,146.52,0,0
3442.N,D,20210426,000000,146.63,146.63,146.63,146.63,0,0
3442.N,D,20210427,000000,146.22,146.22,146.22,146.22,0,0
3442.N,D,20210428,000000,146.99,146.99,146.99,146.99,0,0
3442.N,D,20210429,000000,146.41,146.41,146.41,146.41,0,0
3442.N,D,20210430,000000,145.51,145.51,145.51,145.51,0,0
3442.N,D,20210504,000000,142.78,142.78,142.78,142.78,0,0
3442.N,D,20210505,000000,142.98,142.98,142.98,142.98,0,0
3442.N,D,20210506,000000,142.56,142.56,142.56,142.56,0,0
3442.N,D,20210507,000000,143.7,143.7,143.7,143.7,0,0
3442.N,D,20210510,000000,141.58,141.58,141.58,141.58,0,0
3442.N,D,20210511,000000,141.48,141.48,141.48,141.48,0,0
3442.N,D,20210512,000000,140.44,140.44,140.44,140.44,0,0
3442.N,D,20210513,000000,139.84,139.84,139.84,139.84,0,0
3442.N,D,20210514,000000,141.8,141.8,141.8,141.8,0,0
3442.N,D,20210517,000000,141.71,141.71,141.71,141.71,0,0
3442.N,D,20210518,000000,141.56,141.56,141.56,141.56,0,0
3442.N,D,20210519,000000,140.62,140.62,140.62,140.62,0,0
3442.N,D,20210520,000000,142.98,142.98,142.98,142.98,0,0
3442.N,D,20210521,000000,141.72,141.72,141.72,141.72,0,0
3442.N,D,20210524,000000,141.32,141.32,141.32,141.32,0,0
3442.N,D,20210525,000000,140.41,140.41,140.41,140.41,0,0
3442.N,D,20210526,000000,140.69,140.69,140.69,140.69,0,0
3442.N,D,20210527,000000,142.03,142.03,142.03,142.03,0,0
3442.N,D,20210528,000000,142.07,142.07,142.07,142.07,0,0
3442.N,D,20210531,000000,141.63,141.63,141.63,141.63,0,0
3442.N,D,20210601,000000,140.85,140.85,140.85,140.85,0,0
3442.N,D,20210602,000000,140.92,140.92,140.92,140.92,0,0
3442.N,D,20210604,000000,142.46,142.46,142.46,142.46,0,0
3442.N,D,20210607,000000,142.73,142.73,142.73,142.73,0,0
3442.N,D,20210608,000000,142.88,142.88,142.88,142.88,0,0
3442.N,D,20210609,000000,143.84,143.84,143.84,143.84,0,0
3442.N,D,20210610,000000,144.68,144.68,144.68,144.68,0,0
3442.N,D,20210611,000000,143.97,143.97,143.97,143.97,0,0
3442.N,D,20210614,000000,145.2,145.2,145.2,145.2,0,0
3442.N,D,20210615,000000,145.08,145.08,145.08,145.08,0,0
3442.N,D,20210616,000000,144.81,144.81,144.81,144.81,0,0
3442.N,D,20210617,000000,145.84,145.84,145.84,145.84,0,0
3442.N,D,20210618,000000,145.58,145.58,145.58,145.58,0,0
3442.N,D,20210621,000000,145.09,145.09,145.09,145.09,0,0
3442.N,D,20210622,000000,144.68,144.68,144.68,144.68,0,0
3442.N,D,20210623,000000,143.79,143.79,143.79,143.79,0,0
3442.N,D,20210624,000000,145.68,145.68,145.68,145.68,0,0
3442.N,D,20210625,000000,146.08,146.08,146.08,146.08,0,0
3442.N,D,20210628,000000,147.19,147.19,147.19,147.19,0,0
3442.N,D,20210629,000000,147.57,147.57,147.57,147.57,0,0
3442.N,D,20210630,000000,146.98,146.98,146.98,146.98,0,0
3442.N,D,20210701,000000,147.79,147.79,147.79,147.79,0,0
3442.N,D,20210702,000000,148.08,148.08,148.08,148.08,0,0
3442.N,D,20210705,000000,147.48,147.48,147.48,147.48,0,0
3442.N,D,20210706,000000,146.4,146.4,146.4,146.4,0,0
3442.N,D,20210707,000000,146.38,146.38,146.38,146.38,0,0
3442.N,D,20210708,000000,145.56,145.56,145.56,145.56,0,0
3442.N,D,20210709,000000,146.62,146.62,146.62,146.62,0,0
3442.N,D,20210712,000000,146.56,146.56,146.56,146.56,0,0
3442.N,D,20210713,000000,146.09,146.09,146.09,146.09,0,0
3442.N,D,20210714,000000,146.08,146.08,146.08,146.08,0,0
3442.N,D,20210715,000000,143.82,143.82,143.82,143.82,0,0
3442.N,D,20210716,000000,144.66,144.66,144.66,144.66,0,0
3442.N,D,20210719,000000,142.93,142.93,142.93,142.93,0,0
3442.N,D,20210720,000000,143.88,143.88,143.88,143.88,0,0
3442.N,D,20210721,000000,145.13,145.13,145.13,145.13,0,0
3442.N,D,20210722,000000,145.03,145.03,145.03,145.03,0,0
3442.N,D,20210723,000000,145.11,145.11,145.11,145.11,0,0
3442.N,D,20210726,000000,144.22,144.22,144.22,144.22,0,0
3442.N,D,20210727,000000,143.43,143.43,143.43,143.43,0,0
3442.N,D,20210728,000000,144.7,144.7,144.7,144.7,0,0
3442.N,D,20210729,000000,144.4,144.4,144.4,144.4,0,0
3442.N,D,20210730,000000,143.8,143.8,143.8,143.8,0,0
3442.N,D,20210802,000000,144.83,144.83,144.83,144.83,0,0
3442.N,D,20210803,000000,143.65,143.65,143.65,143.65,0,0
3442.N,D,20210804,000000,143.53,143.53,143.53,143.53,0,0
3442.N,D,20210805,000000,143.9,143.9,143.9,143.9,0,0
3442.N,D,20210806,000000,143.16,143.16,143.16,143.16,0,0
3442.N,D,20210809,000000,144.15,144.15,144.15,144.15,0,0
3442.N,D,20210810,000000,144,144,144,144,0,0
3442.N,D,20210811,000000,142.89,142.89,142.89,142.89,0,0
3442.N,D,20210812,000000,142.57,142.57,142.57,142.57,0,0
3442.N,D,20210813,000000,142.85,142.85,142.85,142.85,0,0
3442.N,D,20210816,000000,141.5,141.5,141.5,141.5,0,0
3442.N,D,20210817,000000,141.56,141.56,141.56,141.56,0,0
3442.N,D,20210818,000000,140.62,140.62,140.62,140.62,0,0
3442.N,D,20210819,000000,139.84,139.84,139.84,139.84,0,0
3442.N,D,20210820,000000,140.02,140.02,140.02,140.02,0,0
3442.N,D,20210823,000000,141.24,141.24,141.24,141.24,0,0
3442.N,D,20210824,000000,142.34,142.34,142.34,142.34,0,0
3442.N,D,20210825,000000,142.9,142.9,142.9,142.9,0,0
3442.N,D,20210826,000000,142.39,142.39,142.39,142.39,0,0
3442.N,D,20210827,000000,143.55,143.55,143.55,143.55,0,0
3442.N,D,20210830,000000,142.96,142.96,142.96,142.96,0,0
3442.N,D,20210831,000000,145.86,145.86,145.86,145.86,0,0
3442.N,D,20210901,000000,146.74,146.74,146.74,146.74,0,0
3442.N,D,20210902,000000,147.42,147.42,147.42,147.42,0,0
3442.N,D,20210903,000000,146.73,146.73,146.73,146.73,0,0
3442.N,D,20210906,000000,146.91,146.91,146.91,146.91,0,0
3442.N,D,20210907,000000,147.16,147.16,147.16,147.16,0,0
3442.N,D,20210908,000000,146.52,146.52,146.52,146.52,0,0
3442.N,D,20210909,000000,145.71,145.71,145.71,145.71,0,0
3442.N,D,20210910,000000,144.84,144.84,144.84,144.84,0,0
3442.N,D,20210913,000000,144.58,144.58,144.58,144.58,0,0
3442.N,D,20210914,000000,143.86,143.86,143.86,143.86,0,0
3442.N,D,20210915,000000,144.15,144.15,144.15,144.15,0,0
3442.N,D,20210916,000000,143.51,143.51,143.51,143.51,0,0
3442.N,D,20210917,000000,143.75,143.75,143.75,143.75,0,0
3442.N,D,20210920,000000,141.16,141.16,141.16,141.16,0,0
3442.N,D,20210921,000000,141.32,141.32,141.32,141.32,0,0
3442.N,D,20210922,000000,141.91,141.91,141.91,141.91,0,0
3442.N,D,20210923,000000,142.63,142.63,142.63,142.63,0,0
3442.N,D,20210924,000000,142.07,142.07,142.07,142.07,0,0
3442.N,D,20210927,000000,141.48,141.48,141.48,141.48,0,0
3442.N,D,20210928,000000,140.05,140.05,140.05,140.05,0,0
3442.N,D,20210929,000000,139.74,139.74,139.74,139.74,0,0
3442.N,D,20210930,000000,139.59,139.59,139.59,139.59,0,0
3442.N,D,20211001,000000,139.91,139.91,139.91,139.91,0,0
3442.N,D,20211004,000000,137.97,137.97,137.97,137.97,0,0
3442.N,D,20211005,000000,138.69,138.69,138.69,138.69,0,0
3442.N,D,20211006,000000,138.52,138.52,138.52,138.52,0,0
3442.N,D,20211007,000000,138.99,138.99,138.99,138.99,0,0
3442.N,D,20211008,000000,139.62,139.62,139.62,139.62,0,0
3442.N,D,20211011,000000,139.25,139.25,139.25,139.25,0,0
3442.N,D,20211012,000000,138.07,138.07,138.07,138.07,0,0
3442.N,D,20211013,000000,139.35,139.35,139.35,139.35,0,0
3442.N,D,20211014,000000,141.48,141.48,141.48,141.48,0,0
3442.N,D,20211015,000000,141.57,141.57,141.57,141.57,0,0
3442.N,D,20211018,000000,141.12,141.12,141.12,141.12,0,0
3442.N,D,20211019,000000,142.57,142.57,142.57,142.57,0,0
3442.N,D,20211020,000000,142.63,142.63,142.63,142.63,0,0
3442.N,D,20211021,000000,142.86,142.86,142.86,142.86,0,0
3442.N,D,20211022,000000,142.26,142.26,142.26,142.26,0,0
3442.N,D,20211025,000000,142.61,142.61,142.61,142.61,0,0
3442.N,D,20211026,000000,142.94,142.94,142.94,142.94,0,0
3442.N,D,20211027,000000,141.87,141.87,141.87,141.87,0,0
3442.N,D,20211028,000000,142.52,142.52,142.52,142.52,0,0
3442.N,D,20211029,000000,142.28,142.28,142.28,142.28,0,0
3442.N,D,20211102,000000,142.5,142.5,142.5,142.5,0,0
3442.N,D,20211103,000000,143.29,143.29,143.29,143.29,0,0
3442.N,D,20211104,000000,145.38,145.38,145.38,145.38,0,0
3442.N,D,20211105,000000,146.41,146.41,146.41,146.41,0,0
3442.N,D,20211108,000000,148.39,148.39,148.39,148.39,0,0
3442.N,D,20211109,000000,147.92,147.92,147.92,147.92,0,0
3442.N,D,20211110,000000,147.04,147.04,147.04,147.04,0,0
3442.N,D,20211112,000000,148.82,148.82,148.82,148.82,0,0
3442.N,D,20211115,000000,148.54,148.54,148.54,148.54,0,0
3442.N,D,20211116,000000,150.08,150.08,150.08,150.08,0,0
3442.N,D,20211117,000000,149.46,149.46,149.46,149.46,0,0
3442.N,D,20211118,000000,150.27,150.27,150.27,150.27,0,0
3442.N,D,20211119,000000,150.62,150.62,150.62,150.62,0,0
3442.N,D,20211122,000000,149.62,149.62,149.62,149.62,0,0
3442.N,D,20211123,000000,148.83,148.83,148.83,148.83,0,0
3442.N,D,20211124,000000,149.42,149.42,149.42,149.42,0,0
3442.N,D,20211125,000000,149.56,149.56,149.56,149.56,0,0
3442.N,D,20211126,000000,146.36,146.36,146.36,146.36,0,0
3442.N,D,20211129,000000,148.25,148.25,148.25,148.25,0,0
3442.N,D,20211130,000000,146.28,146.28,146.28,146.28,0,0
3442.N,D,20211201,000000,146.7,146.7,146.7,146.7,0,0
3442.N,D,20211202,000000,145.89,145.89,145.89,145.89,0,0
3442.N,D,20211203,000000,145.67,145.67,145.67,145.67,0,0
3442.N,D,20211206,000000,146.28,146.28,146.28,146.28,0,0
3442.N,D,20211207,000000,149.24,149.24,149.24,149.24,0,0
3442.N,D,20211208,000000,149.61,149.61,149.61,149.61,0,0
3442.N,D,20211209,000000,148.87,148.87,148.87,148.87,0,0
3442.N,D,20211210,000000,149.14,149.14,149.14,149.14,0,0
3442.N,D,20211213,000000,148.31,148.31,148.31,148.31,0,0
3442.N,D,20211214,000000,147.43,147.43,147.43,147.43,0,0
3442.N,D,20211215,000000,148.92,148.92,148.92,148.92,0,0
3442.N,D,20211216,000000,148.26,148.26,148.26,148.26,0,0
3442.N,D,20211217,000000,147.7,147.7,147.7,147.7,0,0
3442.N,D,20211220,000000,146.4,146.4,146.4,146.4,0,0
3442.N,D,20211221,000000,149.47,149.47,149.47,149.47,0,0
3442.N,D,20211222,000000,150.96,150.96,150.96,150.96,0,0
3442.N,D,20211223,000000,152.31,152.31,152.31,152.31,0,0
3442.N,D,20211227,000000,153.64,153.64,153.64,153.64,0,0
3442.N,D,20211228,000000,152.82,152.82,152.82,152.82,0,0
3442.N,D,20211229,000000,153.1,153.1,153.1,153.1,0,0
3442.N,D,20211230,000000,153.28,153.28,153.28,153.28,0,0
3442.N,D,20220103,000000,154.04,154.04,154.04,154.04,0,0
3442.N,D,20220104,000000,153.71,153.71,153.71,153.71,0,0
3442.N,D,20220105,000000,150.74,150.74,150.74,150.74,0,0
3442.N,D,20220107,000000,149.04,149.04,149.04,149.04,0,0
3442.N,D,20220110,000000,147.5,147.5,147.5,147.5,0,0
3442.N,D,20220111,000000,149.67,149.67,149.67,149.67,0,0
3442.N,D,20220112,000000,150.44,150.44,150.44,150.44,0,0
3442.N,D,20220113,000000,148.48,148.48,148.48,148.48,0,0
3442.N,D,20220114,000000,148.64,148.64,148.64,148.64,0,0
3442.N,D,20220117,000000,148.99,148.99,148.99,148.99,0,0
3442.N,D,20220118,000000,146.41,146.41,146.41,146.41,0,0
3442.N,D,20220119,000000,144.93,144.93,144.93,144.93,0,0
3442.N,D,20220120,000000,144.49,144.49,144.49,144.49,0,0
3442.N,D,20220121,000000,140.85,140.85,140.85,140.85,0,0
3442.N,D,20220124,000000,138.01,138.01,138.01,138.01,0,0
3442.N,D,20220125,000000,136.83,136.83,136.83,136.83,0,0
3442.N,D,20220126,000000,138.11,138.11,138.11,138.11,0,0
3442.N,D,20220127,000000,136.4,136.4,136.4,136.4,0,0
3442.N,D,20220128,000000,139.9,139.9,139.9,139.9,0,0
3442.N,D,20220131,000000,143.45,143.45,143.45,143.45,0,0
3442.N,D,20220201,000000,144.34,144.34,144.34,144.34,0,0
3442.N,D,20220202,000000,144.48,144.48,144.48,144.48,0,0
3442.N,D,20220203,000000,140.75,140.75,140.75,140.75,0,0
3442.N,D,20220204,000000,141.39,141.39,141.39,141.39,0,0
3442.N,D,20220207,000000,141.2,141.2,141.2,141.2,0,0
3442.N,D,20220208,000000,141.9,141.9,141.9,141.9,0,0
3442.N,D,20220209,000000,144.3,144.3,144.3,144.3,0,0
3442.N,D,20220210,000000,142.21,142.21,142.21,142.21,0,0
3442.N,D,20220211,000000,139.34,139.34,139.34,139.34,0,0
3442.N,D,20220214,000000,138.95,138.95,138.95,138.95,0,0
3442.N,D,20220215,000000,141.58,141.58,141.58,141.58,0,0
3442.N,D,20220216,000000,141.49,141.49,141.49,141.49,0,0
3442.N,D,20220217,000000,138.49,138.49,138.49,138.49,0,0
3442.N,D,20220218,000000,137.03,137.03,137.03,137.03,0,0
3442.N,D,20220221,000000,136.42,136.42,136.42,136.42,0,0
3442.N,D,20220222,000000,135.51,135.51,135.51,135.51,0,0
3442.N,D,20220223,000000,132.9,132.9,132.9,132.9,0,0
3442.N,D,20220224,000000,133.75,133.75,133.75,133.75,0,0
3442.N,D,20220225,000000,136.7,136.7,136.7,136.7,0,0
3442.N,D,20220228,000000,136.5,136.5,136.5,136.5,0,0
3442.N,D,20220301,000000,133.72,133.72,133.72,133.72,0,0
3442.N,D,20220302,000000,135.76,135.76,135.76,135.76,0,0
3442.N,D,20220303,000000,133.78,133.78,133.78,133.78,0,0
3442.N,D,20220304,000000,130.38,130.38,130.38,130.38,0,0
3442.N,D,20220307,000000,125.9,125.9,125.9,125.9,0,0
3442.N,D,20220308,000000,125.67,125.67,125.67,125.67,0,0
3442.N,D,20220309,000000,130.48,130.48,130.48,130.48,0,0
3442.N,D,20220310,000000,129.22,129.22,129.22,129.22,0,0
3442.N,D,20220311,000000,127.73,127.73,127.73,127.73,0,0
3442.N,D,20220314,000000,126.06,126.06,126.06,126.06,0,0
3442.N,D,20220315,000000,129.27,129.27,129.27,129.27,0,0
3442.N,D,20220316,000000,134.15,134.15,134.15,134.15,0,0
3442.N,D,20220317,000000,135.37,135.37,135.37,135.37,0,0
3442.N,D,20220318,000000,137.47,137.47,137.47,137.47,0,0
3442.N,D,20220321,000000,137.28,137.28,137.28,137.28,0,0
3442.N,D,20220322,000000,139.16,139.16,139.16,139.16,0,0
3442.N,D,20220323,000000,137.64,137.64,137.64,137.64,0,0
3442.N,D,20220324,000000,140.12,140.12,140.12,140.12,0,0
3442.N,D,20220325,000000,140.29,140.29,140.29,140.29,0,0
3442.N,D,20220328,000000,141.39,141.39,141.39,141.39,0,0
3442.N,D,20220329,000000,143.54,143.54,143.54,143.54,0,0
3442.N,D,20220330,000000,141.63,141.63,141.63,141.63,0,0
3442.N,D,20220331,000000,139.57,139.57,139.57,139.57,0,0
3442.N,D,20220401,000000,139.63,139.63,139.63,139.63,0,0
3442.N,D,20220404,000000,141.33,141.33,141.33,141.33,0,0
3442.N,D,20220405,000000,139,139,139,139,0,0
3442.N,D,20220406,000000,135.92,135.92,135.92,135.92,0,0
3442.N,D,20220407,000000,135.61,135.61,135.61,135.61,0,0
3442.N,D,20220408,000000,134.97,134.97,134.97,134.97,0,0
3442.N,D,20220411,000000,132.46,132.46,132.46,132.46,0,0
3442.N,D,20220412,000000,131.91,131.91,131.91,131.91,0,0
3442.N,D,20220413,000000,133.26,133.26,133.26,133.26,0,0
3442.N,D,20220414,000000,131.56,131.56,131.56,131.56,0,0
3442.N,D,20220419,000000,133.08,133.08,133.08,133.08,0,0
3442.N,D,20220420,000000,132.46,132.46,132.46,132.46,0,0
3442.N,D,20220421,000000,130.84,130.84,130.84,130.84,0,0
3442.N,D,20220422,000000,128.19,128.19,128.19,128.19,0,0
3442.N,D,20220425,000000,128.53,128.53,128.53,128.53,0,0
3442.N,D,20220426,000000,124.94,124.94,124.94,124.94,0,0
3442.N,D,20220427,000000,125.57,125.57,125.57,125.57,0,0
3442.N,D,20220428,000000,128.45,128.45,128.45,128.45,0,0
3442.N,D,20220429,000000,125.05,125.05,125.05,125.05,0,0
3442.N,D,20220502,000000,125.37,125.37,125.37,125.37,0,0
3442.N,D,20220504,000000,127.98,127.98,127.98,127.98,0,0
3442.N,D,20220505,000000,124.5,124.5,124.5,124.5,0,0
3442.N,D,20220506,000000,123.21,123.21,123.21,123.21,0,0
3442.N,D,20220509,000000,118.07,118.07,118.07,118.07,0,0
3442.N,D,20220510,000000,118.89,118.89,118.89,118.89,0,0
3442.N,D,20220511,000000,118.01,118.01,118.01,118.01,0,0
3442.N,D,20220512,000000,117,117,117,117,0,0
3442.N,D,20220513,000000,120.39,120.39,120.39,120.39,0,0
3442.N,D,20220516,000000,119.36,119.36,119.36,119.36,0,0
3442.N,D,20220517,000000,122.82,122.82,122.82,122.82,0,0
3442.N,D,20220518,000000,119.04,119.04,119.04,119.04,0,0
3442.N,D,20220519,000000,118.17,118.17,118.17,118.17,0,0
3442.N,D,20220520,000000,118.03,118.03,118.03,118.03,0,0
3442.N,D,20220523,000000,120.47,120.47,120.47,120.47,0,0
3442.N,D,20220524,000000,118.06,118.06,118.06,118.06,0,0
3442.N,D,20220525,000000,119.36,119.36,119.36,119.36,0,0
3442.N,D,20220526,000000,121.99,121.99,121.99,121.99,0,0
3442.N,D,20220527,000000,125.02,125.02,125.02,125.02,0,0
3442.N,D,20220530,000000,125.63,125.63,125.63,125.63,0,0
3442.N,D,20220531,000000,125.28,125.28,125.28,125.28,0,0
3442.N,D,20220601,000000,124.76,124.76,124.76,124.76,0,0
3442.N,D,20220602,000000,127.48,127.48,127.48,127.48,0,0
3442.N,D,20220603,000000,125.04,125.04,125.04,125.04,0,0
3442.N,D,20220606,000000,125.87,125.87,125.87,125.87,0,0
3442.N,D,20220607,000000,126.32,126.32,126.32,126.32,0,0
3442.N,D,20220608,000000,125.6,125.6,125.6,125.6,0,0
3442.N,D,20220609,000000,122.64,122.64,122.64,122.64,0,0
3442.N,D,20220610,000000,117.95,117.95,117.95,117.95,0,0
3442.N,D,20220613,000000,112.67,112.67,112.67,112.67,0,0
3442.N,D,20220614,000000,112.63,112.63,112.63,112.63,0,0
3442.N,D,20220615,000000,114.61,114.61,114.61,114.61,0,0
3442.N,D,20220617,000000,110.88,110.88,110.88,110.88,0,0
3442.N,D,20220620,000000,111.36,111.36,111.36,111.36,0,0
3442.N,D,20220621,000000,113.78,113.78,113.78,113.78,0,0
3442.N,D,20220622,000000,113.12,113.12,113.12,113.12,0,0
3442.N,D,20220623,000000,113.56,113.56,113.56,113.56,0,0
3442.N,D,20220624,000000,117.4,117.4,117.4,117.4,0,0
3442.N,D,20220627,000000,116.93,116.93,116.93,116.93,0,0
3442.N,D,20220628,000000,114.22,114.22,114.22,114.22,0,0
3442.N,D,20220629,000000,113.73,113.73,113.73,113.73,0,0
3442.N,D,20220630,000000,111.99,111.99,111.99,111.99,0,0
3442.N,D,20220701,000000,111.54,111.54,111.54,111.54,0,0
3442.N,D,20220704,000000,111.83,111.83,111.83,111.83,0,0
3442.N,D,20220705,000000,112.16,112.16,112.16,112.16,0,0
3442.N,D,20220706,000000,112.77,112.77,112.77,112.77,0,0
3442.N,D,20220707,000000,115.26,115.26,115.26,115.26,0,0
3442.N,D,20220708,000000,115.55,115.55,115.55,115.55,0,0
3442.N,D,20220711,000000,114.05,114.05,114.05,114.05,0,0
3442.N,D,20220712,000000,113.14,113.14,113.14,113.14,0,0
3442.N,D,20220713,000000,112.87,112.87,112.87,112.87,0,0
3442.N,D,20220714,000000,112.77,112.77,112.77,112.77,0,0
3442.N,D,20220715,000000,115.05,115.05,115.05,115.05,0,0
3442.N,D,20220718,000000,114.8,114.8,114.8,114.8,0,0
3442.N,D,20220719,000000,117.41,117.41,117.41,117.41,0,0
3442.N,D,20220720,000000,118.63,118.63,118.63,118.63,0,0
3442.N,D,20220721,000000,119.88,119.88,119.88,119.88,0,0
3442.N,D,20220722,000000,118.7,118.7,118.7,118.7,0,0
3442.N,D,20220725,000000,118.31,118.31,118.31,118.31,0,0
3442.N,D,20220726,000000,116.72,116.72,116.72,116.72,0,0
3442.N,D,20220727,000000,119.77,119.77,119.77,119.77,0,0
3442.N,D,20220728,000000,121.13,121.13,121.13,121.13,0,0
3442.N,D,20220729,000000,122.8,122.8,122.8,122.8,0,0
3442.N,D,20220801,000000,122.36,122.36,122.36,122.36,0,0
3442.N,D,20220802,000000,121.97,121.97,121.97,121.97,0,0
3442.N,D,20220803,000000,123.89,123.89,123.89,123.89,0,0
3442.N,D,20220804,000000,124.68,124.68,124.68,124.68,0,0
3442.N,D,20220805,000000,123.94,123.94,123.94,123.94,0,0
3442.N,D,20220808,000000,123.23,123.23,123.23,123.23,0,0
3442.N,D,20220809,000000,121.59,121.59,121.59,121.59,0,0
3442.N,D,20220810,000000,124.04,124.04,124.04,124.04,0,0
3442.N,D,20220811,000000,123.71,123.71,123.71,123.71,0,0
3442.N,D,20220812,000000,125.47,125.47,125.47,125.47,0,0
3442.N,D,20220816,000000,126.75,126.75,126.75,126.75,0,0
3442.N,D,20220817,000000,125.45,125.45,125.45,125.45,0,0
3442.N,D,20220818,000000,126.18,126.18,126.18,126.18,0,0
3442.N,D,20220819,000000,124.43,124.43,124.43,124.43,0,0
3442.N,D,20220822,000000,121.65,121.65,121.65,121.65,0,0
3442.N,D,20220823,000000,121.54,121.54,121.54,121.54,0,0
3442.N,D,20220824,000000,121.72,121.72,121.72,121.72,0,0
3442.N,D,20220825,000000,123.53,123.53,123.53,123.53,0,0
3442.N,D,20220826,000000,120.12,120.12,120.12,120.12,0,0
3442.N,D,20220829,000000,118.62,118.62,118.62,118.62,0,0
3442.N,D,20220830,000000,117.39,117.39,117.39,117.39,0,0
3442.N,D,20220831,000000,116.6,116.6,116.6,116.6,0,0
3442.N,D,20220901,000000,116.2,116.2,116.2,116.2,0,0
3442.N,D,20220902,000000,115.95,115.95,115.95,115.95,0,0
