<TICKER>,<PER>,<DATE>,<TIME>,<OPEN>,<HIGH>,<LOW>,<CLOSE>,<VOL>,<OPENINT>
ART,D,20161117,000000,21.22,22,20.11,22,35684,0
ART,D,20161118,000000,22,22.23,21.48,21.93,8806,0
ART,D,20161121,000000,21.54,22.59,21.54,22.55,14489,0
ART,D,20161122,000000,22.69,22.69,22.3,22.55,6470,0
ART,D,20161123,000000,22.53,22.53,21.92,22.5,5776,0
ART,D,20161124,000000,22.02,23.61,22.02,23.49,56823,0
ART,D,20161125,000000,23.6,23.6,22.71,22.73,3372,0
ART,D,20161128,000000,22.59,22.6,22.5,22.5,614,0
ART,D,20161129,000000,22.85,22.85,21.31,21.95,4046,0
ART,D,20161130,000000,22.45,22.5,21.95,22.5,2592,0
ART,D,20161201,000000,22.6,22.6,22.4,22.55,532,0
ART,D,20161202,000000,22.6,22.6,22,22.49,747,0
ART,D,20161205,000000,22.49,22.49,21.11,22.2,1674,0
ART,D,20161206,000000,22.47,22.47,21.21,21.21,4978,0
ART,D,20161207,000000,21.31,21.58,21,21.01,3666,0
ART,D,20161208,000000,21.01,21.85,19.77,21.85,6350,0
ART,D,20161209,000000,21.85,21.85,21.11,21.5,3856,0
ART,D,20161212,000000,21.4,21.87,20.43,21.87,2914,0
ART,D,20161213,000000,21.86,22.37,21.5,22.3,8574,0
ART,D,20161214,000000,22.34,22.36,22,22.3,173,0
ART,D,20161215,000000,22.1,22.36,22,22.25,1813,0
ART,D,20161216,000000,22.3,22.3,21,22,5132,0
ART,D,20161219,000000,22.15,22.15,21.98,22.15,799,0
ART,D,20161220,000000,22.15,22.15,21.74,21.99,3,0
ART,D,20161221,000000,22,22,21.52,22,1154,0
ART,D,20161222,000000,21.51,22.84,21.51,22,17493,0
ART,D,20161223,000000,22,22,21.99,21.99,2,0
ART,D,20161227,000000,21.99,22,21.79,22,1548,0
ART,D,20161228,000000,22,22.49,21.5,22.01,10930,0
ART,D,20161229,000000,22.01,22.49,21.99,22.41,5502,0
ART,D,20161230,000000,22.48,22.5,21.9,22.5,6423,0
ART,D,20170102,000000,22.5,22.5,22.03,22.47,371,0
ART,D,20170103,000000,22.47,22.47,22.25,22.25,3,0
ART,D,20170104,000000,22.44,22.5,20.67,22.5,2898,0
ART,D,20170105,000000,22.5,22.5,21.89,21.89,24249,0
ART,D,20170109,000000,21.89,21.99,21.89,21.99,601,0
ART,D,20170110,000000,21.9,21.9,21.32,21.4,923,0
ART,D,20170111,000000,21.9,21.9,21.77,21.8,114,0
ART,D,20170112,000000,21.8,21.9,21.33,21.4,1348,0
ART,D,20170113,000000,21.8,21.8,21.77,21.77,2,0
ART,D,20170116,000000,21.7,21.7,21.6,21.6,2,0
ART,D,20170117,000000,21.7,21.7,21.5,21.5,402,0
ART,D,20170118,000000,21.1,21.25,21.1,21.25,788,0
ART,D,20170119,000000,21.5,21.5,20.6,21.1,674,0
ART,D,20170120,000000,21.2,21.5,19.3,20.5,3050,0
ART,D,20170123,000000,20.5,21,20.5,20.99,781,0
ART,D,20170124,000000,20.51,20.99,20.49,20.99,393,0
ART,D,20170125,000000,20.99,22,20.41,22,11277,0
ART,D,20170126,000000,21.2,21.8,21.2,21.8,202,0
ART,D,20170127,000000,22,22,20.99,20.99,523,0
ART,D,20170130,000000,21.84,21.84,20.43,21.6,804,0
ART,D,20170131,000000,21.6,21.88,20.42,20.62,855,0
ART,D,20170201,000000,20.5,21.4,20.5,21.39,161,0
ART,D,20170202,000000,21.89,21.89,20.63,21,1635,0
ART,D,20170203,000000,21.7,21.7,20.8,20.8,303,0
ART,D,20170206,000000,21.65,21.65,21.1,21.3,102,0
ART,D,20170207,000000,21.1,21.1,20.53,21,612,0
ART,D,20170208,000000,21.7,21.7,20.53,20.89,747,0
ART,D,20170209,000000,20.89,20.89,20.5,20.79,3039,0
ART,D,20170210,000000,20.79,20.98,20.5,20.93,431,0
ART,D,20170213,000000,20.93,20.93,20.5,20.89,197,0
ART,D,20170214,000000,20.89,21,20.55,20.98,1388,0
ART,D,20170215,000000,20.98,21.5,20.65,21.48,25764,0
ART,D,20170216,000000,21.4,21.4,21.05,21.3,586,0
ART,D,20170217,000000,21.29,21.29,20.63,20.7,3620,0
ART,D,20170220,000000,20.52,21.29,20.52,21,67,0
ART,D,20170221,000000,21.29,22.69,21,22.5,26158,0
ART,D,20170222,000000,22,23.5,22,23.5,22022,0
ART,D,20170223,000000,23.59,23.84,23.13,23.78,11639,0
ART,D,20170224,000000,23.74,23.75,22.6,23,2007,0
ART,D,20170227,000000,22.99,23.1,22.63,22.9,1042,0
ART,D,20170228,000000,22.89,22.89,22.51,22.65,831,0
ART,D,20170301,000000,22.64,22.7,22.31,22.55,3043,0
ART,D,20170302,000000,22.85,22.85,22.55,22.55,21159,0
ART,D,20170303,000000,22.65,22.8,22.65,22.67,6031,0
ART,D,20170306,000000,22.7,22.7,21.99,22.7,7714,0
ART,D,20170307,000000,22.5,22.5,21.62,22,4338,0
ART,D,20170308,000000,22,22,21.67,22,1148,0
ART,D,20170309,000000,21.67,22,21.67,22,2204,0
ART,D,20170310,000000,22,22,21.4,21.98,1044,0
ART,D,20170313,000000,21.98,21.98,20.87,20.87,7275,0
ART,D,20170314,000000,20.87,20.87,19.95,19.95,31081,0
ART,D,20170315,000000,19.95,20.2,19.41,19.81,5264,0
ART,D,20170316,000000,21.19,21.19,19.9,20.7,359,0
ART,D,20170317,000000,20.68,20.68,20,20.24,4637,0
ART,D,20170320,000000,20.69,20.69,20,20.25,4130,0
ART,D,20170321,000000,20.54,20.54,19.7,19.74,2380,0
ART,D,20170322,000000,19.8,19.8,19.8,19.8,1089,0
ART,D,20170323,000000,20.4,20.4,19.7,20,812,0
ART,D,20170324,000000,20.25,20.25,19.73,20.19,248,0
ART,D,20170327,000000,20.19,20.19,20.15,20.15,82,0
ART,D,20170328,000000,20.15,20.3,19.75,20,11339,0
ART,D,20170329,000000,20.3,20.43,20,20,281,0
ART,D,20170330,000000,20.55,20.55,19.9,20,674,0
ART,D,20170331,000000,20.5,20.5,19.72,20.4,390,0
ART,D,20170403,000000,20.4,20.55,19.9,20.55,442,0
ART,D,20170404,000000,20.55,20.55,20.49,20.5,2998,0
ART,D,20170405,000000,20.5,20.5,20.45,20.5,172,0
ART,D,20170406,000000,20,20,18.55,19,15729,0
ART,D,20170407,000000,19.5,19.5,19,19.43,2283,0
ART,D,20170410,000000,19.65,19.65,18.73,19,7619,0
ART,D,20170411,000000,19,19,17.56,18,29423,0
ART,D,20170412,000000,18.95,18.95,17.2,17.85,6483,0
ART,D,20170413,000000,17.85,18,17.85,18,183,0
ART,D,20170418,000000,18,18,17.65,18,20376,0
ART,D,20170419,000000,18,18,17.16,17.48,2777,0
ART,D,20170420,000000,17.18,17.5,17.01,17.5,5270,0
ART,D,20170421,000000,18.28,18.28,17.02,17.18,1280,0
ART,D,20170424,000000,17.05,18,17.05,18,1271,0
ART,D,20170425,000000,18,18.35,17.56,17.7,922,0
ART,D,20170426,000000,18,18,16.82,17.13,8636,0
ART,D,20170427,000000,17.2,17.3,16.91,17.15,3510,0
ART,D,20170428,000000,17.4,17.65,16.05,16.3,172427,0
ART,D,20170502,000000,16.3,16.5,16,16.5,524,0
ART,D,20170504,000000,16.6,17,16.35,17,833,0
ART,D,20170505,000000,17,17,16.3,16.89,956,0
ART,D,20170508,000000,16.89,16.89,16.78,16.78,1689,0
ART,D,20170509,000000,16.78,16.78,15.42,15.5,5017,0
ART,D,20170510,000000,16.5,16.5,14.85,15,2138,0
ART,D,20170511,000000,16.5,16.5,14.95,14.95,852,0
ART,D,20170512,000000,15.2,15.2,14.45,15.2,428,0
ART,D,20170515,000000,15.52,15.52,14.75,15.48,406,0
ART,D,20170516,000000,15.48,15.48,14.56,15,1851,0
ART,D,20170517,000000,15,15,14.56,14.98,722,0
ART,D,20170518,000000,14.58,14.99,14.58,14.58,591,0
ART,D,20170519,000000,15.48,15.48,14.56,15.48,324,0
ART,D,20170522,000000,15.48,15.48,14.99,15.35,269,0
ART,D,20170523,000000,15.48,15.8,15.35,15.8,274,0
ART,D,20170524,000000,15.8,16,15.8,16,381,0
ART,D,20170525,000000,16.5,16.5,15.99,15.99,102,0
ART,D,20170526,000000,15.57,15.99,15.57,15.99,84,0
ART,D,20170529,000000,15.99,15.99,15.42,15.43,310,0
ART,D,20170530,000000,15.99,15.99,15.43,15.43,370,0
ART,D,20170531,000000,15.99,15.99,15.35,15.98,468,0
ART,D,20170601,000000,15.98,15.98,15.35,15.5,493,0
ART,D,20170602,000000,15.5,15.5,15.1,15.35,486,0
ART,D,20170605,000000,15.5,15.5,14.78,15.09,855,0
ART,D,20170606,000000,15.4,15.4,15.4,15.4,2,0
ART,D,20170607,000000,15.5,15.5,15.5,15.5,2,0
ART,D,20170608,000000,15.5,15.5,15.5,15.5,2,0
ART,D,20170609,000000,15.5,15.5,15,15.5,107,0
ART,D,20170612,000000,15.5,15.5,15.4,15.4,12,0
ART,D,20170613,000000,14.82,14.83,14,14.35,3223,0
ART,D,20170614,000000,13.65,14.1,12.92,13.07,6669,0
ART,D,20170616,000000,13.99,14.9,13.67,14.5,3757,0
ART,D,20170619,000000,13.61,14.49,13.61,14.49,877,0
ART,D,20170620,000000,14.8,14.8,13.71,14,4246,0
ART,D,20170621,000000,14.8,14.8,14,14.11,38875,0
ART,D,20170622,000000,14.11,14.11,14,14.11,303,0
ART,D,20170623,000000,14.6,14.6,13.9,14.5,5202,0
ART,D,20170626,000000,14.8,14.8,14,14.3,729,0
ART,D,20170627,000000,14.65,14.65,13.71,14.47,1027,0
ART,D,20170628,000000,14.4,14.4,13.71,14,447,0
ART,D,20170629,000000,14.47,14.47,13.75,14.39,219,0
ART,D,20170630,000000,14.39,14.39,14,14,2,0
ART,D,20170703,000000,13.9,13.9,13.5,13.5,1003,0
ART,D,20170704,000000,14,14,13.14,13.14,801,0
ART,D,20170705,000000,13,13.2,12.99,13,482,0
ART,D,20170706,000000,13.18,13.18,13,13,3,0
ART,D,20170707,000000,12.98,12.98,12.7,12.98,1729,0
ART,D,20170710,000000,12.8,13.2,12.8,13.2,727,0
ART,D,20170711,000000,13.62,13.62,13.15,13.15,2155,0
ART,D,20170712,000000,13.62,13.62,13.6,13.6,3,0
ART,D,20170713,000000,13.6,13.6,13.5,13.5,402,0
ART,D,20170714,000000,13.5,13.5,12.82,13,1214,0
ART,D,20170717,000000,12.82,12.82,12.81,12.82,625,0
ART,D,20170718,000000,12.9,13.1,12.85,13,501,0
ART,D,20170719,000000,13.49,13.49,13.34,13.34,2,0
ART,D,20170720,000000,13.49,13.49,13.34,13.45,675,0
ART,D,20170721,000000,13.49,13.49,13.45,13.45,2,0
ART,D,20170724,000000,13.49,13.49,13.2,13.48,192,0
ART,D,20170725,000000,13.49,13.49,13.2,13.4,112,0
ART,D,20170726,000000,13.49,13.49,12.92,13.49,32,0
ART,D,20170727,000000,13.49,13.49,12.92,13.4,267,0
ART,D,20170728,000000,13.45,13.45,12.95,13.42,319,0
ART,D,20170731,000000,13.4,13.4,12.7,12.7,1056,0
ART,D,20170801,000000,13.4,13.4,12.64,13,2242,0
ART,D,20170802,000000,13.4,13.4,13.19,13.19,2,0
ART,D,20170803,000000,13.19,13.19,12.98,12.98,743,0
ART,D,20170804,000000,13,13.19,12.64,13.17,1005,0
ART,D,20170807,000000,13.17,13.17,13,13.17,261,0
ART,D,20170808,000000,13.17,13.17,12.64,13.1,1035,0
ART,D,20170809,000000,13,13.17,12.65,13.17,382,0
ART,D,20170810,000000,13.17,13.17,13.06,13.06,2,0
ART,D,20170811,000000,13.17,13.17,12.7,13.05,139,0
ART,D,20170814,000000,13.17,13.5,13.15,13.5,2653,0
ART,D,20170816,000000,13.5,14.3,13.5,14.3,1983,0
ART,D,20170817,000000,14.78,14.78,14,14.3,544,0
ART,D,20170818,000000,14.49,14.49,13.6,14,1116,0
ART,D,20170821,000000,13.98,13.98,13.53,13.98,154,0
ART,D,20170822,000000,13.98,13.98,13.56,13.89,428,0
ART,D,20170823,000000,13.98,13.98,13.5,13.5,570,0
ART,D,20170824,000000,13.98,13.98,13.8,13.95,351,0
ART,D,20170825,000000,13.98,13.98,13.11,13.68,547,0
ART,D,20170828,000000,13.68,13.68,13.12,13.4,4017,0
ART,D,20170829,000000,13.4,13.4,13.4,13.4,2,0
ART,D,20170830,000000,13.17,13.17,13.12,13.15,1033,0
ART,D,20170831,000000,13.27,13.72,13.27,13.72,4701,0
ART,D,20170901,000000,13.98,13.98,13.27,13.49,687,0
ART,D,20170904,000000,13.7,13.7,13.65,13.65,503,0
ART,D,20170905,000000,13.68,13.68,13.1,13.5,720,0
ART,D,20170906,000000,13.95,13.95,13.48,13.48,11,0
ART,D,20170907,000000,13.45,13.45,13,13.25,636,0
ART,D,20170908,000000,13,13.01,13,13.01,1357,0
ART,D,20170911,000000,13.5,13.5,12.96,12.96,932,0
ART,D,20170912,000000,12.7,13,12.7,12.98,2343,0
ART,D,20170913,000000,13.15,13.15,12.5,12.5,4119,0
ART,D,20170914,000000,12.6,12.6,12.03,12.3,1677,0
ART,D,20170915,000000,12.05,12.2,11.51,11.99,1122,0
ART,D,20170918,000000,11.7,11.7,10.62,11.5,14417,0
ART,D,20170919,000000,11.5,11.5,10.35,10.35,21387,0
ART,D,20170920,000000,10.2,10.2,9.2,9.47,20078,0
ART,D,20170921,000000,9.47,9.5,9.25,9.49,10361,0
ART,D,20170922,000000,9.4,10,9.4,9.5,59200,0
ART,D,20170925,000000,9.58,9.93,9.1,9.5,15600,0
ART,D,20170926,000000,9.4,9.4,9,9,9978,0
ART,D,20170927,000000,9.06,9.2,9.05,9.2,1615,0
ART,D,20170928,000000,9.45,9.45,9.08,9.45,2055,0
ART,D,20170929,000000,9.47,9.47,9.4,9.4,1142,0
ART,D,20171002,000000,9.46,9.5,9.45,9.49,1327,0
ART,D,20171003,000000,9.49,9.55,9.1,9.1,23270,0
ART,D,20171004,000000,8.7,9.5,8.1,9.5,32099,0
ART,D,20171005,000000,9.75,9.75,9.15,9.5,17370,0
ART,D,20171006,000000,9.2,9.65,9.2,9.5,935,0
ART,D,20171009,000000,9.49,9.49,9.45,9.45,745,0
ART,D,20171010,000000,9.48,9.48,8.72,9.25,88,0
ART,D,20171011,000000,9.25,9.48,8.97,9.15,16807,0
ART,D,20171012,000000,9.01,9.1,8.87,9.1,428,0
ART,D,20171013,000000,8.86,9.15,8.86,9.09,3,0
ART,D,20171016,000000,9,9.1,9,9.02,10562,0
ART,D,20171017,000000,9,9,8.82,8.99,437,0
ART,D,20171018,000000,8.99,8.99,8.99,8.99,1,0
ART,D,20171019,000000,8.99,8.99,8.9,8.9,2273,0
ART,D,20171020,000000,8.9,9.24,8.8,9.24,6108,0
ART,D,20171023,000000,9.44,9.44,9.17,9.17,1272,0
ART,D,20171024,000000,9.16,9.16,9,9,2660,0
ART,D,20171025,000000,9,9.1,9,9.05,2528,0
ART,D,20171026,000000,9,9.1,8.73,9.1,192,0
ART,D,20171027,000000,9.17,9.17,9.14,9.15,463,0
ART,D,20171030,000000,9.17,9.17,9.1,9.17,74,0
ART,D,20171031,000000,9.17,9.17,8.94,8.98,15106,0
ART,D,20171102,000000,9,9,8.71,8.71,1862,0
ART,D,20171103,000000,8.99,8.99,8.73,8.98,917,0
ART,D,20171106,000000,9.14,9.14,8.9,8.9,14,0
ART,D,20171107,000000,8.9,8.9,8.86,8.86,1026,0
ART,D,20171108,000000,8.86,9.44,8.86,8.95,1986,0
ART,D,20171109,000000,9.2,9.3,8.5,8.5,3117,0
ART,D,20171110,000000,8.51,8.67,8.17,8.35,7218,0
ART,D,20171113,000000,8.2,8.99,7.42,8,13641,0
ART,D,20171114,000000,7.7,8.4,7.7,8.2,13577,0
ART,D,20171115,000000,8.2,9,8.2,8.77,10310,0
ART,D,20171116,000000,9,9,8.61,9,5709,0
ART,D,20171117,000000,9.13,9.88,8.9,9.8,6591,0
ART,D,20171120,000000,10.85,10.85,9.82,10.3,5566,0
ART,D,20171121,000000,10.25,10.25,9.83,10.09,3253,0
ART,D,20171122,000000,9.99,9.99,9.54,9.89,768,0
ART,D,20171123,000000,9.96,10.15,9.8,9.9,2291,0
ART,D,20171124,000000,9.58,9.58,8.75,8.99,12867,0
ART,D,20171127,000000,9.4,9.4,8.46,9.1,2898,0
ART,D,20171128,000000,9.1,9.1,8.46,8.6,5519,0
ART,D,20171129,000000,8.69,8.87,7.84,8.01,6509,0
ART,D,20171130,000000,7.9,8.19,7.85,7.85,385,0
ART,D,20171201,000000,8,8.18,8,8.18,2497,0
ART,D,20171204,000000,8.18,8.6,8.18,8.3,143,0
ART,D,20171205,000000,8.6,8.6,8.45,8.45,260,0
ART,D,20171206,000000,8.55,8.55,8.21,8.4,481,0
ART,D,20171207,000000,8.55,8.8,8.5,8.8,1438,0
ART,D,20171208,000000,8.88,8.89,8.55,8.84,1485,0
ART,D,20171211,000000,8.84,8.84,8.48,8.48,2173,0
ART,D,20171212,000000,8.48,8.48,8.46,8.46,1043,0
ART,D,20171213,000000,8.48,8.48,8.2,8.48,203,0
ART,D,20171214,000000,8.48,8.48,8,8.39,1761,0
ART,D,20171215,000000,8.45,8.45,8.2,8.21,6097,0
ART,D,20171218,000000,8.2,8.39,8.2,8.21,2467,0
ART,D,20171219,000000,8.2,8.39,8.2,8.21,6883,0
ART,D,20171220,000000,8.21,8.3,8.17,8.3,16837,0
ART,D,20171221,000000,8.3,8.49,8.2,8.49,100339,0
ART,D,20171222,000000,8.46,8.47,8.3,8.47,16040,0
ART,D,20171227,000000,8.49,8.49,8.2,8.36,25896,0
ART,D,20171228,000000,8.36,8.5,8.36,8.4,971,0
ART,D,20171229,000000,8.4,8.46,8.12,8.12,1595,0
ART,D,20180103,000000,8.4,8.4,8.06,8.12,12200,0
ART,D,20180104,000000,8.12,8.12,8,8.1,1401,0
ART,D,20180105,000000,7.9,8.1,7.9,8.1,3887,0
ART,D,20180108,000000,8.58,8.58,8.3,8.3,301,0
ART,D,20180109,000000,8.3,8.58,8.3,8.58,1625,0
ART,D,20180110,000000,8.58,8.8,8.4,8.8,4046,0
ART,D,20180111,000000,8.8,9.12,8.8,9.12,1421,0
ART,D,20180112,000000,9.16,10.25,9.16,9.9,5327,0
ART,D,20180115,000000,10.4,11,9.56,9.66,5436,0
ART,D,20180116,000000,9.66,9.66,9.56,9.6,231,0
ART,D,20180117,000000,9.6,9.66,9.6,9.66,643,0
ART,D,20180118,000000,9.66,9.8,9.66,9.7,1189,0
ART,D,20180119,000000,9.7,9.8,9.66,9.8,187,0
ART,D,20180122,000000,9.78,9.78,9.7,9.76,607,0
ART,D,20180123,000000,9.8,9.8,9.56,9.7,2644,0
ART,D,20180124,000000,9.76,9.76,9.5,9.6,1484,0
ART,D,20180125,000000,9.8,9.8,9.5,9.5,765,0
ART,D,20180126,000000,9.52,9.52,9.5,9.5,765,0
ART,D,20180129,000000,9.8,9.8,9.08,9.3,3111,0
ART,D,20180130,000000,9.34,9.36,9.3,9.3,1282,0
ART,D,20180131,000000,9.46,9.6,9.34,9.34,1274,0
ART,D,20180201,000000,9.26,9.48,9.26,9.48,1189,0
ART,D,20180202,000000,9.22,9.98,9.2,9.8,8399,0
ART,D,20180205,000000,9.8,9.8,9.52,9.52,654,0
ART,D,20180206,000000,9.5,9.86,9.18,9.2,1544,0
ART,D,20180207,000000,9.2,9.6,9.2,9.6,39,0
ART,D,20180208,000000,9.58,9.58,9.58,9.58,123,0
ART,D,20180209,000000,9.4,9.4,9.22,9.24,394,0
ART,D,20180212,000000,9.22,9.54,9.1,9.5,949,0
ART,D,20180213,000000,9.48,9.48,8.86,9.18,2917,0
ART,D,20180214,000000,9.44,9.44,8.82,9.2,15,0
ART,D,20180215,000000,9.44,9.44,9,9.1,17,0
ART,D,20180216,000000,9.06,9.06,8.9,8.98,1061,0
ART,D,20180219,000000,8.98,9.1,8.98,9.1,273,0
ART,D,20180220,000000,9.1,9.1,9.1,9.1,2,0
ART,D,20180221,000000,9.4,9.4,8.82,8.82,192,0
ART,D,20180222,000000,8.82,9.02,8.82,9.02,6,0
ART,D,20180223,000000,9.44,9.44,9.02,9.4,281,0
ART,D,20180226,000000,9.44,9.44,8.56,8.56,1526,0
ART,D,20180227,000000,8.58,8.6,8.58,8.6,600,0
ART,D,20180228,000000,8.56,8.94,8.56,8.9,509,0
ART,D,20180301,000000,8.68,8.8,8.68,8.74,116,0
ART,D,20180302,000000,8.92,8.92,8.92,8.92,1,0
ART,D,20180305,000000,8.92,8.92,8.6,8.6,1264,0
ART,D,20180306,000000,8.92,8.92,8.92,8.92,1,0
ART,D,20180307,000000,8.92,9,8.92,9,784,0
ART,D,20180308,000000,9.3,9.3,9,9,221,0
ART,D,20180309,000000,9,9,9,9,289,0
ART,D,20180312,000000,9.4,9.78,8.9,9.56,2540,0
ART,D,20180313,000000,9.5,9.6,9.34,9.4,7935,0
ART,D,20180314,000000,9.8,9.8,9.5,9.66,9625,0
ART,D,20180315,000000,9.64,9.64,9.32,9.32,1491,0
ART,D,20180316,000000,9.68,9.68,9.24,9.28,1240,0
ART,D,20180319,000000,9.3,9.3,9.3,9.3,36,0
ART,D,20180320,000000,9.78,9.78,9.34,9.34,11,0
ART,D,20180321,000000,9.78,9.78,9.38,9.38,3,0
ART,D,20180322,000000,9.2,9.2,9.2,9.2,2,0
ART,D,20180323,000000,9,9,9,9,363,0
ART,D,20180326,000000,9.2,9.2,8.76,8.76,1000,0
ART,D,20180327,000000,8.44,8.76,8.28,8.76,4230,0
ART,D,20180328,000000,9.18,9.18,9.18,9.18,1,0
ART,D,20180329,000000,9.18,9.18,8.74,8.76,1495,0
ART,D,20180403,000000,9.18,9.18,8.64,8.64,94,0
ART,D,20180404,000000,8.64,8.64,8.5,8.5,1058,0
ART,D,20180405,000000,8.24,8.7,8.24,8.7,1409,0
ART,D,20180406,000000,9.18,9.18,8.96,8.98,96,0
ART,D,20180409,000000,9.16,9.16,8.56,8.9,707,0
ART,D,20180410,000000,9.16,9.16,8.88,8.88,3,0
ART,D,20180411,000000,8.88,8.88,8.4,8.6,2703,0
ART,D,20180412,000000,8.5,8.64,7.82,8.1,8918,0
ART,D,20180413,000000,8,8.02,8,8,2491,0
ART,D,20180416,000000,8,8.26,8,8.26,6224,0
ART,D,20180417,000000,8.46,8.46,8.24,8.26,133,0
ART,D,20180418,000000,8.46,8.46,7.98,8,3534,0
ART,D,20180419,000000,8,8,8,8,390,0
ART,D,20180420,000000,8.46,8.46,8.06,8.06,2331,0
ART,D,20180423,000000,8.06,8.26,8.02,8.26,1111,0
ART,D,20180424,000000,8.4,8.4,8,8.3,4145,0
ART,D,20180425,000000,8.24,8.24,8,8.2,257,0
ART,D,20180426,000000,8.1,8.1,7.86,8,1335,0
ART,D,20180427,000000,7.8,8.28,7.8,8.28,1098,0
ART,D,20180430,000000,8.3,8.3,8.28,8.3,21,0
ART,D,20180502,000000,8,8,8,8,84,0
ART,D,20180504,000000,8.26,8.26,8.2,8.2,187,0
ART,D,20180507,000000,8.28,8.28,8.16,8.18,261,0
ART,D,20180508,000000,8.18,8.18,8.18,8.18,1,0
ART,D,20180509,000000,8.12,8.12,7.86,7.98,1815,0
ART,D,20180510,000000,7.98,8,7.84,8,980,0
ART,D,20180511,000000,8.18,8.18,7.4,7.7,14945,0
ART,D,20180514,000000,8,8.2,7.8,8.1,12932,0
ART,D,20180515,000000,8.1,8.2,7.9,8.18,8918,0
ART,D,20180516,000000,8.18,8.3,8.18,8.3,1781,0
ART,D,20180517,000000,8.2,8.98,8.2,8.98,5945,0
ART,D,20180518,000000,8.98,9.86,8.98,9.2,12791,0
ART,D,20180521,000000,9.1,9.2,9,9.2,3294,0
ART,D,20180522,000000,9.2,9.2,9.2,9.2,1226,0
ART,D,20180523,000000,9.2,9.2,8.34,8.88,5937,0
ART,D,20180524,000000,8.88,8.88,8,8.3,12578,0
ART,D,20180525,000000,8.3,8.38,7.5,7.6,12389,0
ART,D,20180528,000000,7.98,8.24,7.94,8.24,1545,0
ART,D,20180529,000000,8.1,8.1,7.5,7.5,7416,0
ART,D,20180530,000000,7.6,7.6,7.48,7.5,5594,0
ART,D,20180601,000000,7.58,7.58,7.5,7.5,6771,0
ART,D,20180604,000000,7.64,7.64,7.28,7.5,4175,0
ART,D,20180605,000000,7.3,7.3,6.84,7,39695,0
ART,D,20180606,000000,7.04,7.04,6.76,6.94,3237,0
ART,D,20180607,000000,7,7.08,6.98,7,19564,0
ART,D,20180608,000000,7.08,7.08,7,7.06,4059,0
ART,D,20180611,000000,7,7,6.68,6.9,4476,0
ART,D,20180612,000000,6.88,6.9,6.7,6.78,3614,0
ART,D,20180613,000000,6.8,6.88,6.68,6.84,4374,0
ART,D,20180614,000000,6.86,7,6.7,7,8688,0
ART,D,20180615,000000,7.04,7.7,7.04,7.64,34511,0
ART,D,20180618,000000,7.68,7.9,7.6,7.62,4442,0
ART,D,20180619,000000,7.7,7.7,7.6,7.6,5868,0
ART,D,20180620,000000,7.6,7.6,7.26,7.5,650,0
ART,D,20180621,000000,7.5,7.5,7.22,7.4,418,0
ART,D,20180622,000000,7.5,7.5,7.5,7.5,65,0
ART,D,20180625,000000,7.6,7.6,7.42,7.5,10702,0
ART,D,20180626,000000,7.5,7.5,7.24,7.24,11045,0
ART,D,20180627,000000,7.38,7.38,7.2,7.36,6314,0
ART,D,20180628,000000,7.38,7.38,6.96,6.96,9105,0
ART,D,20180629,000000,7.14,7.14,7.14,7.14,20,0
ART,D,20180702,000000,7,7,6.8,6.86,1873,0
ART,D,20180703,000000,6.88,6.88,6.76,6.8,7327,0
ART,D,20180704,000000,6.86,6.88,6.54,6.88,14788,0
ART,D,20180705,000000,6.76,6.82,6.7,6.8,3521,0
ART,D,20180706,000000,6.6,6.76,6.6,6.6,2446,0
ART,D,20180709,000000,6.8,7,6.8,6.8,11558,0
ART,D,20180710,000000,7,7.06,6.8,7,19489,0
ART,D,20180711,000000,7.08,7.08,6.84,7,1339,0
ART,D,20180712,000000,7,7.08,7,7,10831,0
ART,D,20180713,000000,7.06,7.06,6.94,6.98,638,0
ART,D,20180716,000000,7.08,7.1,6.98,7,7532,0
ART,D,20180717,000000,7.08,7.08,6.98,7,10129,0
ART,D,20180718,000000,7,7.1,7,7.1,2244,0
ART,D,20180719,000000,7.1,7.1,7,7,3882,0
ART,D,20180720,000000,7,7.14,7,7.14,141,0
ART,D,20180723,000000,7.14,7.14,7,7.1,10721,0
ART,D,20180724,000000,7.1,7.7,7.1,7.6,30978,0
ART,D,20180725,000000,7.84,8.14,7.56,7.6,25132,0
ART,D,20180726,000000,7.7,7.72,7.5,7.6,11318,0
ART,D,20180727,000000,7.8,8.4,7.5,8.2,26820,0
ART,D,20180730,000000,8.14,9.58,8.14,9.3,68241,0
ART,D,20180731,000000,9.48,9.48,8.58,8.7,19700,0
ART,D,20180801,000000,8.96,8.96,8.5,8.76,9507,0
ART,D,20180802,000000,8.26,8.84,8.22,8.84,45870,0
ART,D,20180803,000000,8.84,8.84,8.8,8.84,1469,0
ART,D,20180806,000000,8.8,8.84,8.52,8.82,4984,0
ART,D,20180807,000000,8.84,8.84,8.82,8.84,1213,0
ART,D,20180808,000000,8.84,8.84,8.66,8.7,826,0
ART,D,20180809,000000,8.84,8.84,8.6,8.8,587,0
ART,D,20180810,000000,8.8,8.8,8.6,8.72,2514,0
ART,D,20180813,000000,8.74,8.74,8.42,8.72,5052,0
ART,D,20180814,000000,8.7,8.7,8.5,8.7,1360,0
ART,D,20180816,000000,8.74,8.74,8.38,8.7,5898,0
ART,D,20180817,000000,8.7,8.76,8.6,8.76,4457,0
ART,D,20180820,000000,8.8,9.48,8.78,9.3,9264,0
ART,D,20180821,000000,9.34,9.38,9.16,9.18,2486,0
ART,D,20180822,000000,9.1,9.1,8.7,9,2960,0
ART,D,20180823,000000,9,9,8.66,8.8,4045,0
ART,D,20180824,000000,8.66,9.2,8.66,9.06,2067,0
ART,D,20180827,000000,9.16,9.16,8.74,9,1546,0
ART,D,20180828,000000,9.06,9.06,9,9,136,0
ART,D,20180829,000000,9.06,9.06,8.5,8.9,8647,0
ART,D,20180830,000000,8.9,8.9,8.8,8.8,170,0
ART,D,20180831,000000,8.96,8.96,8.48,8.8,4191,0
ART,D,20180903,000000,8.96,8.96,8.3,8.6,3118,0
ART,D,20180904,000000,8.58,8.6,8.22,8.6,317,0
ART,D,20180905,000000,8.8,8.8,8,8,6882,0
ART,D,20180906,000000,8.3,8.3,7.24,7.62,4909,0
ART,D,20180907,000000,7.5,7.6,7.14,7.46,1250,0
ART,D,20180910,000000,7.4,7.7,7.28,7.7,2836,0
ART,D,20180911,000000,7.7,7.7,7.44,7.7,358,0
ART,D,20180912,000000,7.7,7.7,7.5,7.5,4018,0
ART,D,20180913,000000,7.5,7.5,6.8,7,7165,0
ART,D,20180914,000000,7.1,7.48,7.06,7.48,2601,0
ART,D,20180917,000000,7.3,7.48,7,7.48,6895,0
ART,D,20180918,000000,7.48,7.48,7.48,7.48,1,0
ART,D,20180919,000000,7.48,7.48,7.02,7.3,7380,0
ART,D,20180920,000000,7.3,7.42,7.3,7.42,1834,0
ART,D,20180921,000000,7.42,7.8,7.34,7.68,3146,0
ART,D,20180924,000000,7.66,7.66,7.4,7.46,2590,0
ART,D,20180925,000000,7.48,7.48,7.4,7.4,2,0
ART,D,20180926,000000,7.44,7.44,7.18,7.4,227,0
ART,D,20180927,000000,7.44,7.44,7.16,7.4,572,0
ART,D,20180928,000000,7.4,7.4,7.12,7.28,1194,0
ART,D,20181001,000000,7.26,7.26,6.7,6.98,6028,0
ART,D,20181002,000000,6.92,6.92,6.78,6.82,1126,0
ART,D,20181003,000000,6.82,6.96,6.8,6.96,2495,0
ART,D,20181004,000000,6.86,7,6.82,7,353,0
ART,D,20181005,000000,7,7,6.98,6.98,521,0
ART,D,20181008,000000,6.98,7.18,6.9,7.18,4412,0
ART,D,20181009,000000,7.18,7.18,6.48,6.9,1762,0
ART,D,20181010,000000,6.92,6.94,6.8,6.94,1646,0
ART,D,20181011,000000,6.72,6.9,6.72,6.9,355,0
ART,D,20181012,000000,6.9,6.9,6.78,6.78,280,0
ART,D,20181015,000000,6.92,6.92,6.7,6.78,291,0
ART,D,20181016,000000,6.7,6.78,6.7,6.78,259,0
ART,D,20181017,000000,6.78,6.86,6.78,6.86,2280,0
ART,D,20181018,000000,6.86,7.22,6.6,7.22,1922,0
ART,D,20181019,000000,7.2,7.2,6.84,7.14,571,0
ART,D,20181022,000000,7,7.14,6.8,7.1,2830,0
ART,D,20181023,000000,7.1,7.1,6.6,7,1399,0
ART,D,20181024,000000,7,7,6.5,6.5,4816,0
ART,D,20181025,000000,6.5,6.6,6.5,6.6,2737,0
ART,D,20181026,000000,6.86,6.86,6.56,6.56,962,0
ART,D,20181029,000000,6.82,6.82,6.38,6.56,2105,0
ART,D,20181030,000000,6.56,6.56,6,6.5,3024,0
ART,D,20181031,000000,6.5,6.5,6.46,6.46,124,0
ART,D,20181102,000000,6.56,6.56,6.48,6.5,520,0
ART,D,20181105,000000,6.5,6.5,6.3,6.3,527,0
ART,D,20181106,000000,6.22,6.5,6.22,6.5,1335,0
ART,D,20181107,000000,6.56,6.56,6.22,6.48,873,0
ART,D,20181108,000000,6.48,6.5,6.22,6.3,1323,0
ART,D,20181109,000000,6.3,6.3,6.1,6.1,2019,0
ART,D,20181113,000000,6,6.1,5.7,5.7,2852,0
ART,D,20181114,000000,5.7,5.7,5.62,5.62,866,0
ART,D,20181115,000000,5.88,5.88,5.88,5.88,1654,0
ART,D,20181116,000000,5.86,5.88,5.62,5.88,510,0
ART,D,20181119,000000,5.62,5.88,5.58,5.6,3133,0
ART,D,20181120,000000,5.86,5.86,5.44,5.44,2079,0
ART,D,20181121,000000,5.24,5.24,4.8,4.9,11828,0
ART,D,20181122,000000,4.8,5.14,4.8,5.12,4443,0
ART,D,20181123,000000,5.12,5.12,5.12,5.12,100,0
ART,D,20181126,000000,5.06,5.06,4.96,5,3142,0
ART,D,20181127,000000,4.88,4.98,4.88,4.98,2695,0
ART,D,20181128,000000,4.96,4.96,4.8,4.96,159,0
ART,D,20181129,000000,4.98,4.99,4.53,4.79,5745,0
ART,D,20181130,000000,4.98,4.98,4.8,4.8,2200,0
ART,D,20181203,000000,4.9,4.9,4.8,4.8,720,0
ART,D,20181204,000000,4.8,4.8,4.5,4.56,6973,0
ART,D,20181205,000000,4.5,4.56,4.4,4.54,2188,0
ART,D,20181206,000000,4.54,4.57,4.4,4.4,4948,0
ART,D,20181207,000000,4.59,4.59,4.57,4.59,1837,0
ART,D,20181210,000000,4.59,4.59,4.4,4.58,1275,0
ART,D,20181211,000000,4.58,4.58,4.38,4.55,1530,0
ART,D,20181212,000000,4.55,4.55,4.16,4.28,3169,0
ART,D,20181213,000000,4.19,4.19,3.86,4.18,16035,0
ART,D,20181214,000000,4.25,4.25,3.85,4.19,10978,0
ART,D,20181217,000000,4.15,4.2,3.96,4.04,5374,0
ART,D,20181218,000000,4.05,4.05,3.65,4,27902,0
ART,D,20181219,000000,4,4.05,3.8,3.94,6430,0
ART,D,20181220,000000,3.94,3.99,3.78,3.99,8838,0
ART,D,20181221,000000,4,4.11,3.85,3.9,25303,0
ART,D,20181227,000000,3.9,4.2,3.9,3.95,11770,0
ART,D,20181228,000000,4.2,4.2,4.2,4.2,1,0
ART,D,20190102,000000,4.2,4.25,3.92,3.99,8793,0
ART,D,20190103,000000,3.99,4.13,3.99,4.12,1401,0
ART,D,20190104,000000,4.11,4.25,4.11,4.25,2186,0
ART,D,20190107,000000,4.25,4.45,4.25,4.25,8158,0
ART,D,20190108,000000,4.5,4.5,4,4,16013,0
ART,D,20190109,000000,3.94,4.11,3.94,4.11,3567,0
ART,D,20190110,000000,4.29,4.29,4.1,4.2,1793,0
ART,D,20190111,000000,4.2,4.3,4.09,4.11,10777,0
ART,D,20190114,000000,4.25,4.52,4.03,4.52,30394,0
ART,D,20190115,000000,4.8,5.28,4.53,5.18,53132,0
ART,D,20190116,000000,5.22,5.28,4.86,4.9,12826,0
ART,D,20190117,000000,4.9,4.95,4.9,4.95,420,0
ART,D,20190118,000000,5.34,5.34,5,5.34,453,0
ART,D,20190121,000000,5.46,5.46,4.96,5,3543,0
ART,D,20190122,000000,5,5,4.77,4.97,5552,0
ART,D,20190123,000000,4.9,4.9,4.78,4.9,2221,0
ART,D,20190124,000000,4.9,5.38,4.75,5.38,10479,0
ART,D,20190125,000000,5.42,5.42,5.06,5.4,5533,0
ART,D,20190128,000000,5.42,5.42,5.2,5.42,520,0
ART,D,20190129,000000,5.42,5.62,5.4,5.5,10357,0
ART,D,20190130,000000,5.6,5.6,5.58,5.58,462,0
ART,D,20190131,000000,5.86,6.3,5.86,5.96,5894,0
ART,D,20190201,000000,6.1,6.14,5.92,5.92,843,0
ART,D,20190204,000000,6.3,6.3,5.92,6.18,6547,0
ART,D,20190205,000000,6.18,7,6,7,11827,0
ART,D,20190206,000000,7,7,6.8,6.8,10311,0
ART,D,20190207,000000,7,7,5.92,5.92,4359,0
ART,D,20190208,000000,6,6.2,5.82,6.2,23042,0
ART,D,20190211,000000,6.3,6.6,5.76,6.6,10404,0
ART,D,20190212,000000,6.6,6.86,6.38,6.86,4528,0
ART,D,20190213,000000,6.86,7.2,6.56,7.2,5945,0
ART,D,20190214,000000,7.2,7.3,6.74,6.74,55029,0
ART,D,20190215,000000,6.88,7.2,6.5,6.78,48676,0
ART,D,20190218,000000,6.4,6.4,6.4,6.4,44,0
ART,D,20190219,000000,6.4,6.5,6.4,6.5,2168,0
ART,D,20190220,000000,6.56,6.56,6.54,6.56,90,0
ART,D,20190221,000000,6.56,6.56,6.16,6.16,1969,0
ART,D,20190222,000000,6.2,6.2,6,6,1104,0
ART,D,20190225,000000,6.1,6.1,5.92,5.92,3881,0
ART,D,20190226,000000,5.86,5.9,5.62,5.9,2171,0
ART,D,20190227,000000,5.86,5.86,5.7,5.7,270,0
ART,D,20190228,000000,5.7,5.86,5.7,5.86,368,0
ART,D,20190301,000000,5.86,5.86,5.66,5.66,2499,0
ART,D,20190304,000000,5.8,5.8,5.78,5.78,550,0
ART,D,20190305,000000,5.7,5.7,5.7,5.7,70,0
ART,D,20190306,000000,5.7,5.88,5.7,5.7,6605,0
ART,D,20190307,000000,5.7,5.7,5.54,5.66,3595,0
ART,D,20190308,000000,5.82,5.82,5.82,5.82,5,0
ART,D,20190311,000000,5.74,5.74,5.48,5.74,2160,0
ART,D,20190312,000000,5.76,5.76,5.54,5.54,2230,0
ART,D,20190313,000000,5.76,5.82,5.52,5.82,2162,0
ART,D,20190314,000000,5.82,5.82,5.48,5.48,2341,0
ART,D,20190315,000000,5.6,5.7,5.5,5.5,3087,0
ART,D,20190318,000000,5.7,5.7,5.5,5.6,195,0
ART,D,20190319,000000,5.6,5.6,5.44,5.44,391,0
ART,D,20190320,000000,5.44,5.44,5.2,5.4,5068,0
ART,D,20190321,000000,5.4,5.4,5.38,5.38,35,0
ART,D,20190322,000000,5.4,5.4,5.36,5.36,700,0
ART,D,20190325,000000,5.36,5.38,5.22,5.38,1400,0
ART,D,20190326,000000,5.44,5.44,5.44,5.44,5,0
ART,D,20190327,000000,5.42,5.42,5.3,5.42,1075,0
ART,D,20190328,000000,5.42,5.42,5.42,5.42,5,0
ART,D,20190329,000000,5.42,5.44,5.3,5.44,4828,0
ART,D,20190401,000000,5.2,5.2,4.68,4.78,22632,0
ART,D,20190402,000000,4.76,4.845,4.72,4.845,10181,0
ART,D,20190403,000000,4.85,5.2,4.83,4.91,7626,0
ART,D,20190404,000000,4.91,5.15,4.91,4.91,1625,0
ART,D,20190405,000000,4.8,4.89,4.72,4.89,3312,0
ART,D,20190408,000000,4.91,4.91,4.91,4.91,5,0
ART,D,20190409,000000,4.87,4.87,4.55,4.75,5310,0
ART,D,20190410,000000,4.85,4.85,4.57,4.57,2790,0
ART,D,20190411,000000,4.5,4.51,4.46,4.51,3662,0
ART,D,20190412,000000,4.6,4.685,4.6,4.685,1168,0
ART,D,20190415,000000,4.685,4.685,4.685,4.685,59,0
ART,D,20190416,000000,4.72,4.8,4.72,4.77,3102,0
ART,D,20190417,000000,4.85,4.9,4.8,4.9,2210,0
ART,D,20190418,000000,4.9,4.9,4.89,4.89,44,0
ART,D,20190423,000000,4.945,4.945,4.82,4.82,2500,0
ART,D,20190424,000000,4.98,4.98,4.785,4.88,1213,0
ART,D,20190425,000000,4.88,4.88,4.88,4.88,32,0
ART,D,20190426,000000,4.88,4.88,4.86,4.86,102,0
ART,D,20190429,000000,4.84,4.84,4.84,4.84,576,0
ART,D,20190430,000000,4.88,4.88,4.58,4.815,2655,0
ART,D,20190502,000000,4.98,4.98,4.59,4.71,244,0
ART,D,20190506,000000,4.98,4.98,4.65,4.65,40,0
ART,D,20190507,000000,4.64,4.65,4.64,4.65,56,0
ART,D,20190508,000000,4.65,4.75,4.65,4.75,1075,0
ART,D,20190509,000000,4.9,4.9,4.64,4.7,4092,0
ART,D,20190510,000000,4.9,4.9,4.72,4.75,2471,0
ART,D,20190513,000000,4.75,4.75,4.75,4.75,5,0
ART,D,20190514,000000,4.75,4.75,4.55,4.55,1995,0
ART,D,20190515,000000,4.615,4.675,4.5,4.675,9195,0
ART,D,20190516,000000,4.75,4.75,4.42,4.42,3249,0
ART,D,20190517,000000,4.42,4.42,3.9,4.18,11963,0
ART,D,20190520,000000,4.175,4.175,4.175,4.175,44,0
ART,D,20190521,000000,4.175,4.175,3.76,3.8,20298,0
ART,D,20190522,000000,3.75,3.795,3.7,3.795,200,0
ART,D,20190523,000000,3.795,3.81,3.64,3.8,804,0
ART,D,20190524,000000,3.8,4.05,3.8,3.85,7420,0
ART,D,20190527,000000,3.82,3.87,3.75,3.87,2735,0
ART,D,20190528,000000,3.87,4,3.69,4,6143,0
ART,D,20190529,000000,4,4,3.7,3.8,3785,0
ART,D,20190530,000000,3.9,3.9,3.77,3.88,1116,0
ART,D,20190531,000000,3.8,3.8,3.75,3.8,3530,0
ART,D,20190603,000000,3.8,3.8,3.67,3.67,3840,0
ART,D,20190604,000000,3.775,3.775,3.65,3.67,450,0
ART,D,20190605,000000,3.67,3.675,3.67,3.675,30,0
ART,D,20190606,000000,3.675,3.7,3.675,3.675,1509,0
ART,D,20190607,000000,3.65,3.7,3.63,3.7,2662,0
ART,D,20190610,000000,3.78,3.94,3.7,3.94,1815,0
ART,D,20190611,000000,3.95,4,3.95,4,520,0
ART,D,20190612,000000,4,4,3.71,3.875,5857,0
ART,D,20190613,000000,3.87,3.87,3.7,3.7,800,0
ART,D,20190614,000000,3.845,3.845,3.67,3.67,46,0
ART,D,20190617,000000,3.675,3.745,3.655,3.655,1155,0
ART,D,20190618,000000,3.585,3.66,3.435,3.56,4656,0
ART,D,20190619,000000,3.56,3.56,3.435,3.56,326,0
ART,D,20190621,000000,3.585,4,3.585,4,18972,0
ART,D,20190624,000000,4.1,4.1,3.72,3.77,5113,0
ART,D,20190625,000000,4,4,3.81,3.81,1056,0
ART,D,20190626,000000,3.89,3.89,3.71,3.71,100,0
ART,D,20190627,000000,3.89,3.89,3.71,3.71,60,0
ART,D,20190628,000000,3.72,4.08,3.70,4.08,8015,0
ART,D,20190701,000000,4,4,3.99,3.99,134,0
ART,D,20190702,000000,3.93,3.93,3.765,3.8,500,0
ART,D,20190703,000000,3.95,3.95,3.78,3.78,891,0
ART,D,20190704,000000,3.785,3.785,3.785,3.785,273,0
ART,D,20190705,000000,3.785,3.79,3.78,3.78,3966,0
ART,D,20190708,000000,3.78,3.8,3.75,3.75,6850,0
ART,D,20190709,000000,4,4,3.7,3.7,505,0
ART,D,20190710,000000,3.7,3.7,3.7,3.7,1018,0
ART,D,20190711,000000,3.7,4,3.7,4,2860,0
ART,D,20190712,000000,3.99,3.99,3.8,3.8,7019,0
ART,D,20190715,000000,3.86,3.86,3.795,3.795,4234,0
ART,D,20190716,000000,3.82,3.82,3.7,3.7,2599,0
ART,D,20190717,000000,3.7,3.7,3.36,3.695,20235,0
ART,D,20190718,000000,3.695,3.695,3.6,3.6,3074,0
ART,D,20190719,000000,3.675,3.68,3.675,3.68,885,0
ART,D,20190722,000000,3.7,3.7,3.68,3.68,53,0
ART,D,20190723,000000,3.68,3.68,3.55,3.65,6677,0
ART,D,20190724,000000,3.68,3.68,3.67,3.67,30,0
ART,D,20190725,000000,3.67,3.67,3.65,3.65,306,0
ART,D,20190726,000000,3.65,3.65,3.485,3.56,2936,0
ART,D,20190729,000000,3.56,3.56,3.44,3.55,1304,0
ART,D,20190730,000000,3.45,3.55,3.41,3.44,1558,0
ART,D,20190731,000000,3.55,3.69,3.55,3.69,4416,0
ART,D,20190801,000000,3.7,3.7,3.69,3.69,501,0
ART,D,20190802,000000,3.69,3.69,3.6,3.68,2012,0
ART,D,20190805,000000,3.65,3.72,3.65,3.65,2333,0
ART,D,20190806,000000,3.65,3.65,3.6,3.6,2462,0
ART,D,20190807,000000,3.57,3.7,3.57,3.7,200,0
ART,D,20190808,000000,3.75,3.75,3.75,3.75,3,0
ART,D,20190809,000000,3.75,3.76,3.75,3.76,660,0
ART,D,20190812,000000,3.8,3.85,3.76,3.76,1997,0
ART,D,20190813,000000,3.76,3.76,3.76,3.76,84,0
ART,D,20190814,000000,3.95,3.95,3.78,3.78,3007,0
ART,D,20190816,000000,3.8,3.8,3.66,3.75,6074,0
ART,D,20190819,000000,3.645,3.75,3.56,3.68,2622,0
ART,D,20190820,000000,3.68,3.68,3.51,3.62,1580,0
ART,D,20190821,000000,3.8,3.8,3.62,3.62,205,0
ART,D,20190822,000000,3.62,3.62,3.62,3.62,1475,0
ART,D,20190823,000000,3.7,3.7,3.45,3.45,9139,0
ART,D,20190826,000000,3.555,3.555,3.5,3.535,42,0
ART,D,20190827,000000,3.5,3.64,3.3,3.64,4385,0
ART,D,20190828,000000,3.65,3.65,3.48,3.59,1729,0
ART,D,20190829,000000,3.6,3.6,3.42,3.545,1040,0
ART,D,20190830,000000,3.6,3.6,3.435,3.585,3083,0
ART,D,20190902,000000,3.69,3.69,3.44,3.575,517,0
ART,D,20190903,000000,3.65,3.65,3.455,3.595,1909,0
ART,D,20190904,000000,3.59,3.59,3.455,3.58,3127,0
ART,D,20190905,000000,3.57,3.57,3.57,3.57,16,0
ART,D,20190906,000000,3.58,3.58,3.56,3.58,1399,0
ART,D,20190909,000000,3.56,3.585,3.455,3.565,5772,0
ART,D,20190910,000000,3.6,3.6,3.46,3.5,1753,0
ART,D,20190911,000000,3.45,3.5,3.45,3.45,1385,0
ART,D,20190912,000000,3.495,3.555,3.405,3.555,4092,0
ART,D,20190913,000000,3.5,3.5,3.4,3.4,2372,0
ART,D,20190916,000000,3.49,3.49,3.49,3.49,355,0
ART,D,20190917,000000,3.49,3.495,3.335,3.43,1932,0
ART,D,20190918,000000,3.5,3.5,3.43,3.43,453,0
ART,D,20190919,000000,3.5,3.5,3.43,3.43,1002,0
ART,D,20190920,000000,3.5,3.5,3.32,3.5,5849,0
ART,D,20190923,000000,3.5,3.5,3.3,3.49,3856,0
ART,D,20190924,000000,3.5,3.5,3.43,3.5,3442,0
ART,D,20190925,000000,3.5,3.5,3.5,3.5,898,0
ART,D,20190926,000000,3.5,3.5,3.5,3.5,10,0
ART,D,20190927,000000,3.5,3.5,3.3,3.32,4669,0
ART,D,20190930,000000,3.39,3.465,3.35,3.39,2756,0
ART,D,20191001,000000,3.45,3.45,3.445,3.445,603,0
ART,D,20191002,000000,3.445,3.445,3.25,3.25,4761,0
ART,D,20191003,000000,3.265,3.265,3.26,3.26,1261,0
ART,D,20191004,000000,3.26,3.26,3.25,3.25,135,0
ART,D,20191007,000000,3.2,3.25,3.2,3.25,1207,0
ART,D,20191008,000000,3.26,3.26,3.255,3.255,400,0
ART,D,20191009,000000,3.255,3.255,3.2,3.2,642,0
ART,D,20191010,000000,3.2,3.25,3.2,3.25,222,0
ART,D,20191011,000000,3.25,3.25,3.245,3.245,529,0
ART,D,20191014,000000,3.25,3.25,3.2,3.2,1342,0
ART,D,20191015,000000,3.2,3.25,3.2,3.25,1218,0
ART,D,20191016,000000,3.26,3.26,3.14,3.14,278,0
ART,D,20191017,000000,3.26,3.26,3.26,3.26,3,0
ART,D,20191018,000000,3.26,3.26,3,3.18,5919,0
ART,D,20191021,000000,3.2,3.2,3.135,3.135,328,0
ART,D,20191022,000000,3.2,3.2,3.02,3.135,1132,0
ART,D,20191023,000000,3.2,3.2,3.2,3.2,3,0
ART,D,20191024,000000,3.2,3.2,3.15,3.16,53,0
ART,D,20191025,000000,3.2,3.2,3.01,3.13,1232,0
ART,D,20191028,000000,3.13,3.13,3.12,3.12,202,0
ART,D,20191029,000000,3.1,3.1,3.05,3.09,957,0
ART,D,20191030,000000,3.05,3.05,3.02,3.02,1479,0
ART,D,20191031,000000,3.02,3.02,2.955,3.015,1102,0
ART,D,20191104,000000,2.82,3.05,2.82,2.98,5145,0
ART,D,20191105,000000,2.9,2.995,2.75,2.85,5950,0
ART,D,20191106,000000,2.89,2.89,2.8,2.8,838,0
ART,D,20191107,000000,2.8,2.86,2.76,2.83,3404,0
ART,D,20191108,000000,2.86,2.86,2.6,2.69,16261,0
ART,D,20191112,000000,2.68,2.75,2.65,2.65,7758,0
ART,D,20191113,000000,2.7,2.7,2.52,2.52,3904,0
ART,D,20191114,000000,2.52,2.62,2.5,2.62,5009,0
ART,D,20191115,000000,2.53,2.625,2.53,2.62,560,0
ART,D,20191118,000000,2.7,2.75,2.6,2.6,1446,0
ART,D,20191119,000000,2.75,2.8,2.67,2.67,4114,0
ART,D,20191120,000000,2.645,3,2.645,3,6826,0
ART,D,20191121,000000,2.995,2.995,2.8,2.8,4673,0
ART,D,20191122,000000,2.92,2.92,2.9,2.9,219,0
ART,D,20191125,000000,2.89,2.89,2.75,2.795,1846,0
ART,D,20191126,000000,2.795,2.89,2.795,2.89,5590,0
ART,D,20191127,000000,2.89,2.89,2.89,2.89,26,0
ART,D,20191128,000000,2.89,2.92,2.7,2.885,10033,0
ART,D,20191129,000000,2.88,2.88,2.755,2.84,3940,0
ART,D,20191202,000000,2.83,2.83,2.75,2.82,4684,0
ART,D,20191203,000000,2.88,2.88,2.86,2.86,99,0
ART,D,20191204,000000,2.8,2.8,2.8,2.8,370,0
ART,D,20191205,000000,2.77,2.81,2.75,2.75,1159,0
ART,D,20191206,000000,2.76,2.87,2.76,2.87,4,0
ART,D,20191209,000000,2.88,2.95,2.77,2.86,6232,0
ART,D,20191210,000000,2.8,2.88,2.75,2.86,5565,0
ART,D,20191211,000000,2.8,2.8,2.8,2.8,3,0
ART,D,20191212,000000,2.86,2.86,2.86,2.86,3,0
ART,D,20191213,000000,2.82,2.83,2.75,2.75,1071,0
ART,D,20191216,000000,2.83,2.83,2.7,2.7,3032,0
ART,D,20191217,000000,2.74,2.74,2.7,2.7,1300,0
ART,D,20191218,000000,2.69,2.69,2.61,2.69,2350,0
ART,D,20191219,000000,2.69,2.69,2.55,2.69,9853,0
ART,D,20191220,000000,2.66,2.75,2.58,2.75,7557,0
ART,D,20191223,000000,2.75,2.89,2.62,2.83,10168,0
ART,D,20191227,000000,2.83,2.83,2.8,2.83,3132,0
ART,D,20191230,000000,2.83,2.95,2.83,2.94,15115,0
ART,D,20200102,000000,3.03,3.655,3.03,3.4,47362,0
ART,D,20200103,000000,3.48,3.5,3.175,3.295,13005,0
ART,D,20200107,000000,3.3,3.34,3.3,3.3,2627,0
ART,D,20200108,000000,3.36,3.36,3.1,3.1,9791,0
ART,D,20200109,000000,3.1,3.645,3.1,3.445,48668,0
ART,D,20200110,000000,3.35,3.405,3.18,3.21,31968,0
ART,D,20200113,000000,3.25,3.29,3.14,3.205,5205,0
ART,D,20200114,000000,3.2,3.2,3,3.07,25093,0
ART,D,20200115,000000,3.18,3.215,3.1,3.185,31511,0
ART,D,20200116,000000,3.195,3.2,3.095,3.195,22112,0
ART,D,20200117,000000,3.19,3.19,3,3.09,13554,0
ART,D,20200120,000000,3.15,3.2,3,3.19,15499,0
ART,D,20200121,000000,3.2,3.2,3.19,3.2,3314,0
ART,D,20200122,000000,3.2,3.215,3.1,3.165,31801,0
ART,D,20200123,000000,3.185,3.19,3.06,3.14,794,0
ART,D,20200124,000000,3.165,3.165,3.06,3.06,3795,0
ART,D,20200127,000000,3.05,3.05,2.9,2.9,23103,0
ART,D,20200128,000000,2.97,2.99,2.9,2.99,1504,0
ART,D,20200129,000000,3.06,3.06,2.9,3,894,0
ART,D,20200130,000000,3.05,3.05,2.82,2.83,6484,0
ART,D,20200131,000000,2.84,2.955,2.815,2.83,4832,0
ART,D,20200203,000000,2.84,2.92,2.84,2.85,3187,0
ART,D,20200204,000000,2.85,2.96,2.85,2.96,16457,0
ART,D,20200205,000000,2.95,2.95,2.86,2.945,4055,0
ART,D,20200206,000000,2.96,3.25,2.96,3.195,214545,0
ART,D,20200207,000000,3.195,3.2,3.17,3.18,79569,0
ART,D,20200210,000000,3.215,3.39,3.215,3.38,28259,0
ART,D,20200211,000000,3.4,3.5,3.15,3.23,34756,0
ART,D,20200212,000000,3.38,3.38,3.03,3.1,27232,0
ART,D,20200213,000000,3.1,3.28,3,3.1,19289,0
ART,D,20200214,000000,3.1,3.145,3,3.1,13432,0
ART,D,20200217,000000,3.22,3.22,3.04,3.1,3240,0
ART,D,20200218,000000,3.135,3.135,3.025,3.05,4485,0
ART,D,20200219,000000,3.09,3.17,3.04,3.15,8935,0
ART,D,20200220,000000,3.195,3.195,3.15,3.16,1994,0
ART,D,20200221,000000,3.155,3.3,3.065,3.25,113002,0
ART,D,20200224,000000,3.3,3.3,3.07,3.17,89590,0
ART,D,20200225,000000,3.205,3.3,2.93,2.97,37515,0
ART,D,20200226,000000,2.9,3.11,2.68,3.11,123090,0
ART,D,20200227,000000,3.15,3.15,2.975,3.12,14837,0
ART,D,20200228,000000,2.975,2.99,2.68,2.75,31072,0
ART,D,20200302,000000,2.82,3.06,2.82,3.06,9313,0
ART,D,20200303,000000,3.07,3.1,2.95,3.1,24914,0
ART,D,20200304,000000,3.15,3.15,2.97,3.15,2557,0
ART,D,20200305,000000,3.15,3.15,3.15,3.15,150,0
ART,D,20200306,000000,3.15,3.15,2.86,3.02,13006,0
ART,D,20200309,000000,2.66,2.9,2.66,2.67,14802,0
ART,D,20200310,000000,2.54,2.69,2.54,2.665,7699,0
ART,D,20200311,000000,2.665,2.665,2.39,2.49,18417,0
ART,D,20200312,000000,2.28,2.28,1.9,1.91,19264,0
ART,D,20200313,000000,2,2.15,1.93,2.04,25464,0
ART,D,20200316,000000,2,2.2,1.99,2.04,44634,0
ART,D,20200317,000000,2.08,2.08,1.95,2.05,42858,0
ART,D,20200318,000000,2.055,2.24,1.98,2.02,25566,0
ART,D,20200319,000000,2.05,2.06,1.846,1.93,29978,0
ART,D,20200320,000000,1.84,2,1.74,1.938,47522,0
ART,D,20200323,000000,1.99,1.99,1.9,1.99,6282,0
ART,D,20200324,000000,2.01,2.195,1.95,1.998,14770,0
ART,D,20200325,000000,2,2,1.96,1.99,10462,0
ART,D,20200326,000000,2,2,1.99,2,54710,0
ART,D,20200327,000000,2.12,2.12,1.908,1.908,51826,0
ART,D,20200330,000000,1.9,1.904,1.85,1.86,9939,0
ART,D,20200331,000000,1.9,1.95,1.9,1.92,9974,0
ART,D,20200401,000000,1.92,1.99,1.92,1.93,4217,0
ART,D,20200402,000000,1.99,2.01,1.95,1.97,3662,0
ART,D,20200403,000000,1.97,1.98,1.875,1.935,21133,0
ART,D,20200406,000000,1.95,1.995,1.87,1.995,6277,0
ART,D,20200407,000000,1.995,2.35,1.85,1.945,209794,0
ART,D,20200408,000000,2.09,2.51,2,2.51,472255,0
ART,D,20200409,000000,2.9,3.05,2.75,2.84,258427,0
ART,D,20200414,000000,3,3.63,3,3.63,103728,0
ART,D,20200415,000000,3.8,4,3.18,3.21,98898,0
ART,D,20200416,000000,3.51,3.52,3.19,3.2,21707,0
ART,D,20200417,000000,3.22,3.6,3.21,3.39,25839,0
ART,D,20200420,000000,3.6,3.6,3.36,3.39,16261,0
ART,D,20200421,000000,3.5,3.5,2.98,2.98,50666,0
ART,D,20200422,000000,3.03,3.58,3.03,3.45,77363,0
ART,D,20200423,000000,3.5,3.5,3.2,3.38,24816,0
ART,D,20200424,000000,3.34,3.34,3.2,3.34,25854,0
ART,D,20200427,000000,3.32,3.32,3.18,3.28,50073,0
ART,D,20200428,000000,3.2,3.39,3.09,3.22,61482,0
ART,D,20200429,000000,3.29,3.33,3.09,3.3,39040,0
ART,D,20200430,000000,3.3,3.39,3.21,3.3,14829,0
ART,D,20200504,000000,3.3,3.63,3.3,3.63,69758,0
ART,D,20200505,000000,3.68,4.55,3.68,4.55,214285,0
ART,D,20200506,000000,5,5.5,4.6,4.75,99190,0
ART,D,20200507,000000,5.02,6.1,4.9,6.1,199475,0
ART,D,20200508,000000,6.4,7.3,6.3,6.3,305831,0
ART,D,20200511,000000,6.3,6.78,5.68,5.74,99014,0
ART,D,20200512,000000,5.74,6.22,5.74,6,43022,0
ART,D,20200513,000000,6,6.26,5.62,6,21210,0
ART,D,20200514,000000,6,6,4.86,6,54868,0
ART,D,20200515,000000,5.94,6.18,5.52,5.94,38292,0
ART,D,20200518,000000,5.9,5.94,5.7,5.94,17690,0
ART,D,20200519,000000,5.92,5.94,5.7,5.94,7515,0
ART,D,20200520,000000,6,6.44,5.96,6.16,33555,0
ART,D,20200521,000000,6.18,6.46,6.1,6.38,61780,0
ART,D,20200522,000000,6.3,6.38,6.06,6.24,6562,0
ART,D,20200525,000000,6.32,6.32,6.02,6.2,12220,0
ART,D,20200526,000000,6.12,6.66,5.86,6.4,24342,0
ART,D,20200527,000000,6.5,6.76,5.9,6,38443,0
ART,D,20200528,000000,6.24,6.34,6,6.08,17185,0
ART,D,20200529,000000,6.2,6.4,6.04,6.18,12609,0
ART,D,20200601,000000,6.04,6.62,5.96,6.5,49134,0
ART,D,20200602,000000,6.58,6.88,6.5,6.66,30129,0
ART,D,20200603,000000,6.7,6.7,6.2,6.56,9607,0
ART,D,20200604,000000,6.56,6.96,6.44,6.7,47194,0
ART,D,20200605,000000,6.7,6.84,6.5,6.8,17555,0
ART,D,20200608,000000,6.84,6.88,6.5,6.7,25085,0
ART,D,20200609,000000,7.02,7.5,7,7.28,71578,0
ART,D,20200610,000000,7.28,7.36,7.02,7.36,17844,0
ART,D,20200612,000000,6.74,7.34,6.74,7.3,13890,0
ART,D,20200615,000000,7,7.28,7,7.16,2287,0
ART,D,20200616,000000,7.3,7.3,6.96,7.08,8776,0
ART,D,20200617,000000,7,7.08,6.8,6.92,4486,0
ART,D,20200618,000000,6.88,7.3,6.3,7.3,75064,0
ART,D,20200619,000000,7.26,7.26,7,7.12,12085,0
ART,D,20200622,000000,7.1,7.18,7.02,7.12,8224,0
ART,D,20200623,000000,7,7.16,6.98,7.1,31432,0
ART,D,20200624,000000,7.1,7.1,6.8,6.86,8314,0
ART,D,20200625,000000,6.86,7,6.72,6.9,6444,0
ART,D,20200626,000000,7,7,6.7,6.86,4499,0
ART,D,20200629,000000,6.9,7,6.62,7,5626,0
ART,D,20200630,000000,7,7,6.8,6.9,2000,0
ART,D,20200701,000000,6.8,6.98,6.76,6.76,6051,0
ART,D,20200702,000000,6.76,6.88,6.58,6.78,7530,0
ART,D,20200703,000000,6.78,6.78,6.14,6.5,35804,0
ART,D,20200706,000000,6.5,6.7,6.32,6.64,17946,0
ART,D,20200707,000000,6.7,6.7,6.5,6.66,6599,0
ART,D,20200708,000000,6.66,8.5,6.66,8.08,163004,0
ART,D,20200709,000000,8.78,9.3,8.1,8.2,156014,0
ART,D,20200710,000000,8.04,8.04,7.52,7.98,26405,0
ART,D,20200713,000000,8,8,7.3,7.5,32516,0
ART,D,20200714,000000,7.6,7.78,7.4,7.5,21513,0
ART,D,20200715,000000,7.4,8.1,7.4,8.1,25391,0
ART,D,20200716,000000,8.36,8.36,7.9,7.9,8015,0
ART,D,20200717,000000,7.98,8,7.8,8,16032,0
ART,D,20200720,000000,8.2,8.2,7.72,7.8,9891,0
ART,D,20200721,000000,7.74,8,7.54,8,29747,0
ART,D,20200722,000000,8,8,7.6,7.9,28395,0
ART,D,20200723,000000,7.94,8,7.82,7.9,30254,0
ART,D,20200724,000000,8,8.14,7.9,8,7143,0
ART,D,20200727,000000,8.1,8.42,7.9,8.32,27039,0
ART,D,20200728,000000,8.42,8.5,8.3,8.4,17407,0
ART,D,20200729,000000,8.46,8.46,8.22,8.3,10339,0
ART,D,20200730,000000,8.48,8.48,7.16,7.2,27675,0
ART,D,20200731,000000,7,7.2,6.52,7.04,20798,0
ART,D,20200803,000000,7.04,7.6,7.04,7.6,7344,0
ART,D,20200804,000000,7.78,7.98,7.3,7.78,16788,0
ART,D,20200805,000000,7.8,8.5,7.6,8.5,18456,0
ART,D,20200806,000000,10,10.75,9.3,9.7,141210,0
ART,D,20200807,000000,9.8,10,8.7,9.12,47268,0
ART,D,20200810,000000,10,11.5,9.58,11.25,227846,0
ART,D,20200811,000000,11.25,11.4,10.1,10.1,66995,0
ART,D,20200812,000000,10.5,10.5,9,9.48,74332,0
ART,D,20200813,000000,9.5,10.2,9.5,9.68,38023,0
ART,D,20200814,000000,9.82,10.3,9.7,9.76,17917,0
ART,D,20200817,000000,10.25,10.25,9.74,10,16421,0
ART,D,20200818,000000,10,10,9.02,9.06,31740,0
ART,D,20200819,000000,9.2,9.4,9.02,9.14,11874,0
ART,D,20200820,000000,9.18,9.32,8.66,9.14,14275,0
ART,D,20200821,000000,9.16,9.4,8.8,9.4,6259,0
ART,D,20200824,000000,9.38,9.4,8.92,8.96,24268,0
ART,D,20200825,000000,8.92,9.08,8.84,8.84,8468,0
ART,D,20200826,000000,9,9,8.62,8.62,26006,0
ART,D,20200827,000000,8.9,9.24,8.72,9.06,9979,0
ART,D,20200828,000000,9.26,9.3,9.08,9.3,9609,0
ART,D,20200831,000000,9.42,9.46,9.06,9.2,6368,0
ART,D,20200901,000000,9.26,9.28,8.76,9.04,11677,0
ART,D,20200902,000000,9.28,9.64,9.18,9.5,26765,0
ART,D,20200903,000000,9.6,10.15,9.6,10,56534,0
ART,D,20200904,000000,9.72,10.6,9.72,10.6,35678,0
ART,D,20200907,000000,10.6,10.7,10.05,10.5,11982,0
ART,D,20200908,000000,10.75,10.75,9.7,10,87227,0
ART,D,20200909,000000,9.82,10.35,9.62,10.35,16053,0
ART,D,20200910,000000,10,10.3,10,10,2540,0
ART,D,20200911,000000,9.9,9.9,9.66,9.66,5963,0
ART,D,20200914,000000,9.98,9.98,9,9.22,4231,0
ART,D,20200915,000000,9.24,9.6,9.22,9.6,7518,0
ART,D,20200916,000000,9.5,9.6,9.1,9.46,33579,0
ART,D,20200917,000000,9.1,9.26,9.1,9.18,4858,0
ART,D,20200918,000000,9.42,9.42,8.82,9.4,3736,0
ART,D,20200921,000000,9.42,9.5,8.96,8.96,3356,0
ART,D,20200922,000000,9,9.2,8.92,9.16,6837,0
ART,D,20200923,000000,9.16,9.16,8.52,8.74,11588,0
ART,D,20200924,000000,8.8,8.96,8.66,8.88,4325,0
ART,D,20200925,000000,8.98,9.46,8.9,9.36,3375,0
ART,D,20200928,000000,9.36,9.84,9.1,9.84,7423,0
ART,D,20200929,000000,9.9,10.4,9.28,9.8,18389,0
ART,D,20200930,000000,9.9,9.9,9.4,9.78,17450,0
ART,D,20201001,000000,9.4,10,9.18,9.9,12096,0
ART,D,20201002,000000,10,10,9.2,9.62,4323,0
ART,D,20201005,000000,9.78,9.78,9.34,9.34,4399,0
ART,D,20201006,000000,9.54,9.98,9.34,9.74,22442,0
ART,D,20201007,000000,9.9,10.35,9.58,10.3,23232,0
ART,D,20201008,000000,10.6,11.15,10,10,56294,0
ART,D,20201009,000000,9.66,10,9.38,9.84,6391,0
ART,D,20201012,000000,9.96,9.98,9.5,9.5,3344,0
ART,D,20201013,000000,9.5,9.52,9.2,9.5,6106,0
ART,D,20201014,000000,9.5,9.5,9,9.48,10314,0
ART,D,20201015,000000,9.48,9.48,8.7,8.7,17586,0
ART,D,20201016,000000,9.18,9.18,8.8,9,2963,0
ART,D,20201019,000000,9.98,10.75,9.5,9.84,48141,0
ART,D,20201020,000000,9.84,10.3,9.82,10.25,25554,0
ART,D,20201021,000000,10.3,10.4,9.56,9.56,9502,0
ART,D,20201022,000000,9.74,9.74,9.38,9.5,9966,0
ART,D,20201023,000000,9.16,9.5,9.14,9.16,7862,0
ART,D,20201026,000000,9.3,9.5,8.72,9.5,10573,0
ART,D,20201027,000000,9.46,9.46,8.62,8.98,4630,0
ART,D,20201028,000000,9.46,9.46,8.62,8.62,18125,0
ART,D,20201029,000000,8.6,8.6,8,8.44,21350,0
ART,D,20201030,000000,8.4,8.4,8,8.1,20297,0
ART,D,20201102,000000,8.1,8.9,8.1,8.8,8909,0
ART,D,20201103,000000,9,9.24,9,9.2,8154,0
ART,D,20201104,000000,9.2,9.2,8.88,8.96,5942,0
ART,D,20201105,000000,9,9.06,8.84,8.84,15253,0
ART,D,20201106,000000,9.06,9.46,8.8,9.12,7333,0
ART,D,20201109,000000,9.4,9.4,8.62,8.74,27618,0
ART,D,20201110,000000,9.2,9.2,8.76,9.1,3468,0
ART,D,20201112,000000,9,9.02,8.7,9,5392,0
ART,D,20201113,000000,9.02,9.2,8.8,8.82,8526,0
ART,D,20201116,000000,8.84,9.14,8.8,9.1,12016,0
ART,D,20201117,000000,9.2,9.24,8.84,9.2,7897,0
ART,D,20201118,000000,9.16,9.2,8.9,9.18,4454,0
ART,D,20201119,000000,9.22,9.22,8.96,9.1,3465,0
ART,D,20201120,000000,9.2,9.26,8.9,9.2,3784,0
ART,D,20201123,000000,9.26,9.32,9.22,9.24,8463,0
ART,D,20201124,000000,9.32,9.8,9.32,9.68,16239,0
ART,D,20201125,000000,9.68,9.9,9.14,9.6,16457,0
ART,D,20201126,000000,9.6,9.6,9.2,9.48,3704,0
ART,D,20201127,000000,9.46,9.46,9,9,3694,0
ART,D,20201130,000000,9.28,9.28,8.76,8.76,12628,0
ART,D,20201201,000000,9.18,9.18,8.4,8.58,14298,0
ART,D,20201202,000000,8.58,8.72,8.32,8.4,13087,0
ART,D,20201203,000000,8.4,8.48,8.28,8.46,13769,0
ART,D,20201204,000000,8.64,8.64,8.22,8.3,30753,0
ART,D,20201207,000000,8.3,8.46,8,8.2,20338,0
ART,D,20201208,000000,8.3,8.66,8.3,8.56,15476,0
ART,D,20201209,000000,8.72,8.9,8.44,8.74,13413,0
ART,D,20201210,000000,8.84,8.84,8.46,8.68,7521,0
ART,D,20201211,000000,8.76,8.76,8.38,8.5,4562,0
ART,D,20201214,000000,8.76,8.76,8.1,8.48,10595,0
ART,D,20201215,000000,8.36,8.78,8.22,8.6,14967,0
ART,D,20201216,000000,8.78,8.8,8.4,8.5,14814,0
ART,D,20201217,000000,8.68,8.9,8.5,8.66,12387,0
ART,D,20201218,000000,8.88,8.88,8.4,8.5,21766,0
ART,D,20201221,000000,8.7,8.7,8.1,8.48,10237,0
ART,D,20201222,000000,8.56,8.7,8.32,8.7,7292,0
ART,D,20201223,000000,8.7,8.7,8.5,8.5,5968,0
ART,D,20201228,000000,8.5,8.5,8.18,8.18,28322,0
ART,D,20201229,000000,8.2,8.48,8.2,8.42,10195,0
ART,D,20201230,000000,8.46,8.46,8.3,8.46,5502,0
ART,D,20210104,000000,8.46,8.98,8.46,8.96,13518,0
ART,D,20210105,000000,8.96,9.24,8.94,9.24,14199,0
ART,D,20210107,000000,9.3,9.62,9.3,9.44,22819,0
ART,D,20210108,000000,9.44,9.6,9.34,9.44,3984,0
ART,D,20210111,000000,9.4,10.1,9.4,9.98,52308,0
ART,D,20210112,000000,10.1,10.15,9.8,9.9,9393,0
ART,D,20210113,000000,9.96,10.4,9.72,10.3,21153,0
ART,D,20210114,000000,10.2,11,9.92,10.75,56983,0
ART,D,20210115,000000,10.95,10.95,10.1,10.85,32771,0
ART,D,20210118,000000,10.8,10.9,10.3,10.9,12255,0
ART,D,20210119,000000,10.85,11,10.5,11,20624,0
ART,D,20210120,000000,10.95,11.5,10.7,11.2,27131,0
ART,D,20210121,000000,11.1,11.1,10.6,10.7,5037,0
ART,D,20210122,000000,10.7,10.7,10.2,10.5,19990,0
ART,D,20210125,000000,10.3,11,10.15,10.55,14089,0
ART,D,20210126,000000,10.8,10.9,10.4,10.85,10907,0
ART,D,20210127,000000,10.8,10.95,10.5,10.5,12566,0
ART,D,20210128,000000,10.4,10.95,10.3,10.5,12446,0
ART,D,20210129,000000,10.7,11.5,10.5,11.35,46755,0
ART,D,20210201,000000,11.5,12,11.3,11.95,40831,0
ART,D,20210202,000000,12,12.45,11.5,11.75,34192,0
ART,D,20210203,000000,11.75,11.75,11.05,11.5,8783,0
ART,D,20210204,000000,11.5,11.8,11,11.7,10655,0
ART,D,20210205,000000,11.7,11.75,11.3,11.75,3668,0
ART,D,20210208,000000,11.85,12.35,11.8,12.1,22288,0
ART,D,20210209,000000,12.35,12.6,12,12.5,26631,0
ART,D,20210210,000000,12.5,12.5,12,12,12021,0
ART,D,20210211,000000,12,12.35,12,12.35,4931,0
ART,D,20210212,000000,12.4,12.4,12.1,12.35,4789,0
ART,D,20210215,000000,12.3,12.55,12.3,12.4,8548,0
ART,D,20210216,000000,12.6,12.8,12.4,12.4,13847,0
ART,D,20210217,000000,12.75,12.9,12.45,12.8,16032,0
ART,D,20210218,000000,12.9,12.95,12.8,12.8,11482,0
ART,D,20210219,000000,12.8,12.8,11.8,12.35,11850,0
ART,D,20210222,000000,12.4,12.5,11.65,12,16446,0
ART,D,20210223,000000,12.65,12.65,11.45,12,20253,0
ART,D,20210224,000000,12,12.75,11.6,12.5,8592,0
ART,D,20210225,000000,12.45,12.45,12,12,7830,0
ART,D,20210226,000000,12,12.3,11.6,12.3,10347,0
ART,D,20210301,000000,11.7,12.5,11.7,12.4,9270,0
ART,D,20210302,000000,12.45,12.9,12.45,12.9,16950,0
ART,D,20210303,000000,12.95,13,12.5,12.55,7247,0
ART,D,20210304,000000,12.6,12.95,12.2,12.8,3968,0
ART,D,20210305,000000,12.85,12.95,12.2,12.9,12749,0
ART,D,20210308,000000,12.9,13.85,12.9,13.6,38115,0
ART,D,20210309,000000,13.6,13.6,13.2,13.6,8111,0
ART,D,20210310,000000,13.6,13.6,13,13.4,4168,0
ART,D,20210311,000000,13.35,13.35,12.3,12.95,21190,0
ART,D,20210312,000000,12.95,12.95,12.35,12.7,9422,0
ART,D,20210315,000000,12.95,12.95,12.5,12.75,3374,0
ART,D,20210316,000000,12.75,12.75,12.3,12.5,3649,0
ART,D,20210317,000000,12.5,12.75,12.4,12.7,6905,0
ART,D,20210318,000000,12.75,13.45,12.7,13.4,19994,0
ART,D,20210319,000000,13.45,13.55,13.1,13.4,6610,0
ART,D,20210322,000000,13.5,13.5,12.9,13.35,13845,0
ART,D,20210323,000000,13.35,13.45,12.65,13.2,10257,0
ART,D,20210324,000000,12.9,14.1,12.85,13.5,55952,0
ART,D,20210325,000000,13.5,14.4,13.5,14.4,29091,0
ART,D,20210326,000000,14.5,14.9,14.45,14.8,15291,0
ART,D,20210329,000000,14.7,14.8,14.1,14.3,10760,0
ART,D,20210330,000000,14.7,14.95,14.5,14.9,17677,0
ART,D,20210331,000000,14.95,15.3,14.5,15,26918,0
ART,D,20210401,000000,14.8,15.25,14.75,15.25,6615,0
ART,D,20210406,000000,15.3,15.8,15.25,15.6,15331,0
ART,D,20210407,000000,15.6,15.6,15.2,15.4,18672,0
ART,D,20210408,000000,15.6,15.8,15.5,15.8,12162,0
ART,D,20210409,000000,15.95,17.5,15.95,17.05,31441,0
ART,D,20210412,000000,17.05,17.9,17,17.2,24860,0
ART,D,20210413,000000,17.1,18.5,17.1,18,30581,0
ART,D,20210414,000000,18.2,18.7,17.3,17.35,39648,0
ART,D,20210415,000000,17.6,18,17.5,17.8,23155,0
ART,D,20210416,000000,18.5,19.2,18.3,18.4,41148,0
ART,D,20210419,000000,19,19,17.5,18,33008,0
ART,D,20210420,000000,18.2,18.4,17.55,17.95,5725,0
ART,D,20210421,000000,18,18,17.65,18,9024,0
ART,D,20210422,000000,18.2,18.2,17.9,18,15566,0
ART,D,20210423,000000,18.55,18.55,17,17,33240,0
ART,D,20210426,000000,17.2,17.7,15.8,17.45,43851,0
ART,D,20210427,000000,17.7,17.7,17,17.5,14002,0
ART,D,20210428,000000,17.7,17.7,17.1,17.6,2879,0
ART,D,20210429,000000,17.9,18,17.15,17.25,5809,0
ART,D,20210430,000000,17.5,17.7,16.35,16.35,23405,0
ART,D,20210504,000000,16.5,17.3,16.35,16.85,23545,0
ART,D,20210505,000000,16.8,17.1,16.5,17.1,2750,0
ART,D,20210506,000000,17.1,17.15,16.75,16.8,5922,0
ART,D,20210507,000000,16.8,17.3,15.65,17,45246,0
ART,D,20210510,000000,17.1,17.9,16.8,17.45,25386,0
ART,D,20210511,000000,17.8,17.8,16.8,17.35,5889,0
ART,D,20210512,000000,17.15,17.4,17.15,17.35,2673,0
ART,D,20210513,000000,17.35,17.35,16.55,17,10288,0
ART,D,20210514,000000,17.1,17.1,16.55,17.1,4939,0
ART,D,20210517,000000,17,17.15,16.55,17.15,7209,0
ART,D,20210518,000000,17,17,16.8,16.9,938,0
ART,D,20210519,000000,16.95,16.95,16.25,16.75,7952,0
ART,D,20210520,000000,16.35,16.65,15.9,16.5,12943,0
ART,D,20210521,000000,16.45,16.45,15.8,15.95,10142,0
ART,D,20210524,000000,15.9,16.45,15.6,15.95,17491,0
ART,D,20210525,000000,16,16,15.6,15.9,10657,0
ART,D,20210526,000000,15.6,16.5,15.55,15.95,14626,0
ART,D,20210527,000000,16,16.35,15.7,16.1,2136,0
ART,D,20210528,000000,16,16.1,15.55,16,16008,0
ART,D,20210531,000000,16.4,16.4,15.8,16.1,6920,0
ART,D,20210601,000000,15.8,15.8,15.15,15.45,10972,0
ART,D,20210602,000000,15.75,15.75,14.65,15.05,13694,0
ART,D,20210604,000000,15,15,14.1,14.5,14984,0
ART,D,20210607,000000,14.95,14.95,13.9,13.9,24644,0
ART,D,20210608,000000,13.85,14.1,13.4,13.4,20971,0
ART,D,20210609,000000,13.6,14.75,13.6,14.65,16826,0
ART,D,20210610,000000,14,14.4,13.7,13.75,15374,0
ART,D,20210611,000000,14.15,14.2,13.8,13.8,14504,0
ART,D,20210614,000000,13.95,14.2,13.8,14.05,4719,0
ART,D,20210615,000000,14.15,14.5,14,14.1,2325,0
ART,D,20210616,000000,13.75,14.65,13.75,14.65,14667,0
ART,D,20210617,000000,14.65,14.7,14.2,14.4,13415,0
ART,D,20210618,000000,14.6,14.6,13.95,14,23982,0
ART,D,20210621,000000,13.9,14.35,13.15,14,11570,0
ART,D,20210622,000000,14,14.3,13.4,14.2,22645,0
ART,D,20210623,000000,14.2,14.2,13.9,14.2,214,0
ART,D,20210624,000000,14.3,14.65,14.2,14.55,18631,0
ART,D,20210625,000000,14.7,14.7,14.1,14.7,5702,0
ART,D,20210628,000000,14.7,14.9,14.45,14.8,8455,0
ART,D,20210629,000000,14.9,15.55,14.9,15.25,23459,0
ART,D,20210630,000000,15.6,15.6,14.95,15.4,11082,0
ART,D,20210701,000000,15.75,15.75,15.25,15.25,4721,0
ART,D,20210702,000000,15.6,15.6,15.05,15.3,4165,0
ART,D,20210705,000000,15.05,15.5,14.9,14.9,16359,0
ART,D,20210706,000000,14.85,15.4,14.5,14.95,3995,0
ART,D,20210707,000000,14.9,14.9,14.35,14.7,2462,0
ART,D,20210708,000000,14.9,14.9,13.9,14,4381,0
ART,D,20210709,000000,14.5,14.7,14.25,14.65,15402,0
ART,D,20210712,000000,15,15,14.2,14.2,2863,0
ART,D,20210713,000000,14.7,14.7,13.7,13.95,5148,0
ART,D,20210714,000000,13.95,14.65,13.9,14.2,2818,0
ART,D,20210715,000000,14.35,14.35,13.8,13.8,2246,0
ART,D,20210716,000000,14.05,14.05,13.45,13.8,3911,0
ART,D,20210719,000000,13.8,14,12.65,14,36137,0
ART,D,20210720,000000,14.15,14.15,13.55,13.95,2369,0
ART,D,20210721,000000,14.1,14.8,13.75,14.8,33108,0
ART,D,20210722,000000,14.65,14.85,14.5,14.75,1712,0
ART,D,20210723,000000,14.5,14.5,14.25,14.25,2157,0
ART,D,20210726,000000,14.6,14.6,14,14,3102,0
ART,D,20210727,000000,14.25,14.25,13.9,13.9,6547,0
ART,D,20210728,000000,14.25,14.7,14,14.5,17694,0
ART,D,20210729,000000,14.5,14.95,14.5,14.95,7315,0
ART,D,20210730,000000,15,15.2,14.95,15.15,17282,0
ART,D,20210802,000000,15.3,15.5,14.7,15,12719,0
ART,D,20210803,000000,15,15.2,14.8,15,13180,0
ART,D,20210804,000000,15,15.7,15,15.5,19170,0
ART,D,20210805,000000,15.55,15.7,15.45,15.6,8661,0
ART,D,20210806,000000,15.65,15.65,15.3,15.5,15920,0
ART,D,20210809,000000,15.65,15.75,15.45,15.65,5442,0
ART,D,20210810,000000,15.85,15.85,14.95,15.35,9329,0
ART,D,20210811,000000,15.5,15.5,14.85,14.85,3332,0
ART,D,20210812,000000,15,15,14.95,15,1022,0
ART,D,20210813,000000,15.3,15.3,14.6,14.9,3201,0
ART,D,20210816,000000,14.9,15,14.7,14.7,2774,0
ART,D,20210817,000000,15,15.15,14.85,15,1733,0
ART,D,20210818,000000,15.1,15.1,14.25,14.25,2734,0
ART,D,20210819,000000,14.1,14.6,14,14.1,6165,0
ART,D,20210820,000000,14,14.25,14,14,10222,0
ART,D,20210823,000000,14.6,14.8,14.5,14.7,731,0
ART,D,20210824,000000,14.8,14.8,14.05,14.45,3818,0
ART,D,20210825,000000,14.4,14.95,14.4,14.65,2665,0
ART,D,20210826,000000,14.95,14.95,14.55,14.7,2012,0
ART,D,20210827,000000,14.9,14.9,14.4,14.75,6190,0
ART,D,20210830,000000,14.75,14.75,14.15,14.7,7144,0
ART,D,20210831,000000,14.5,14.8,14.35,14.75,10340,0
ART,D,20210901,000000,14.7,14.9,14.5,14.9,7075,0
ART,D,20210902,000000,14.95,14.95,14.2,14.5,37743,0
ART,D,20210903,000000,14.7,14.7,14.1,14.15,21653,0
ART,D,20210906,000000,14.1,14.3,14,14.15,6130,0
ART,D,20210907,000000,14.4,14.4,14,14.15,7671,0
ART,D,20210908,000000,14.2,14.35,14.1,14.1,11162,0
ART,D,20210909,000000,14.4,14.4,14.15,14.15,2886,0
ART,D,20210910,000000,14.3,14.3,14.15,14.25,826,0
ART,D,20210913,000000,14.8,15.15,14.65,15.1,22977,0
ART,D,20210914,000000,15.15,15.15,13.85,14,41205,0
ART,D,20210915,000000,14.2,14.2,13.9,13.95,2670,0
ART,D,20210916,000000,14.1,14.2,13.8,13.9,6659,0
ART,D,20210917,000000,14.15,14.55,13.25,14.3,129215,0
ART,D,20210920,000000,14.5,14.5,13.75,13.8,4186,0
ART,D,20210921,000000,14,14,13.7,13.85,1981,0
ART,D,20210922,000000,13.9,14.05,13.5,14.05,5501,0
ART,D,20210923,000000,14.1,14.3,13.8,13.8,1593,0
ART,D,20210924,000000,14,14,13.5,14,3777,0
ART,D,20210927,000000,14.25,14.25,13.6,13.9,1299,0
ART,D,20210928,000000,13.95,14.2,13.8,13.8,3891,0
ART,D,20210929,000000,14.15,14.15,13.9,14.05,306,0
ART,D,20210930,000000,14.15,14.15,13.8,13.8,3043,0
ART,D,20211001,000000,13.4,13.8,13.35,13.55,8830,0
ART,D,20211004,000000,13.8,13.8,13.3,13.5,7089,0
ART,D,20211005,000000,13.65,13.65,12.85,13.1,12447,0
ART,D,20211006,000000,13.35,13.35,12.75,12.75,3473,0
ART,D,20211007,000000,12.6,12.95,12.25,12.4,16056,0
ART,D,20211008,000000,13.2,13.2,12.3,12.45,10469,0
ART,D,20211011,000000,12.7,12.7,12.3,12.45,4776,0
ART,D,20211012,000000,12.6,12.6,12.3,12.3,5727,0
ART,D,20211013,000000,12.5,12.5,12.25,12.3,7594,0
ART,D,20211014,000000,12.5,12.5,12.3,12.3,2129,0
ART,D,20211015,000000,12.45,12.45,12.3,12.3,883,0
ART,D,20211018,000000,12.45,12.5,12.2,12.5,5462,0
ART,D,20211019,000000,12.5,12.5,12.35,12.35,2461,0
ART,D,20211020,000000,12.45,12.45,12.3,12.4,1394,0
ART,D,20211021,000000,12.4,12.4,12.15,12.3,2763,0
ART,D,20211022,000000,12.3,12.3,11.85,12.3,2468,0
ART,D,20211025,000000,12.4,12.55,12.4,12.5,6257,0
ART,D,20211026,000000,12.95,13.3,12.65,13.1,6109,0
ART,D,20211027,000000,13.4,13.5,12.35,12.6,9735,0
ART,D,20211028,000000,12.5,12.5,12.3,12.3,1624,0
ART,D,20211029,000000,12.3,12.5,12,12.5,3690,0
ART,D,20211102,000000,12,12.2,10.6,10.6,60051,0
ART,D,20211103,000000,10.7,11.4,10.6,11,28641,0
ART,D,20211104,000000,11.1,11.5,10.7,11.2,15922,0
ART,D,20211105,000000,11.2,11.4,10.8,11.4,4737,0
ART,D,20211108,000000,10.85,11.5,10.8,11.5,11682,0
ART,D,20211109,000000,11.5,11.5,11.15,11.15,2843,0
ART,D,20211110,000000,11.5,11.5,11.2,11.5,1986,0
ART,D,20211112,000000,11.1,11.5,11.05,11.5,2977,0
ART,D,20211115,000000,11.6,11.6,11.1,11.1,740,0
ART,D,20211116,000000,11.2,11.2,10.75,11.1,3305,0
ART,D,20211117,000000,11.1,11.1,10.8,10.8,541,0
ART,D,20211118,000000,10.8,10.8,10.3,10.5,5937,0
ART,D,20211119,000000,10.9,10.9,10.3,10.85,6264,0
ART,D,20211122,000000,10.35,10.5,10,10.1,10683,0
ART,D,20211123,000000,10.1,10.55,9.9,10.25,34921,0
ART,D,20211124,000000,10.4,10.5,10,10,13919,0
ART,D,20211125,000000,10.1,10.4,9.9,10.1,10722,0
ART,D,20211126,000000,10.15,10.15,9.6,9.78,10961,0
ART,D,20211129,000000,9.84,9.84,9.5,9.5,18665,0
ART,D,20211130,000000,9.68,9.68,9.24,9.52,6333,0
ART,D,20211201,000000,9.54,9.6,9.32,9.5,7597,0
ART,D,20211202,000000,9.58,9.58,9.12,9.38,2493,0
ART,D,20211203,000000,9.34,9.38,9.18,9.34,10072,0
ART,D,20211206,000000,9.34,9.34,9.04,9.18,6867,0
ART,D,20211207,000000,9,9.28,8.92,9.2,9689,0
ART,D,20211208,000000,9.2,9.34,9.08,9.18,7565,0
ART,D,20211209,000000,9.18,9.18,9,9.1,7541,0
ART,D,20211210,000000,9,9.2,8.8,9.18,20049,0
ART,D,20211213,000000,9.2,9.3,9,9.26,57588,0
ART,D,20211214,000000,9.32,9.4,9.2,9.24,35543,0
ART,D,20211215,000000,9.28,9.28,8.92,9,15322,0
ART,D,20211216,000000,9.06,9.36,8.96,9,9784,0
ART,D,20211217,000000,9.16,9.26,9.04,9.14,22111,0
ART,D,20211220,000000,9.1,9.1,8.94,9.08,6469,0
ART,D,20211221,000000,9.08,9.08,8.94,9.06,2171,0
ART,D,20211222,000000,9.12,9.12,8.94,9,7226,0
ART,D,20211223,000000,8.92,9,8.6,8.86,15996,0
ART,D,20211227,000000,8.86,9.22,8.6,9.2,53712,0
ART,D,20211228,000000,9.14,9.68,9.14,9.68,45402,0
ART,D,20211229,000000,9.74,9.74,9.4,9.66,11676,0
ART,D,20211230,000000,9.66,9.68,9.48,9.5,5053,0
ART,D,20220103,000000,9.6,9.9,9.54,9.86,17214,0
ART,D,20220104,000000,9.86,10,9.78,9.94,18590,0
ART,D,20220105,000000,9.94,10.5,9.9,9.94,11179,0
ART,D,20220107,000000,9.76,9.96,9.62,9.88,17927,0
ART,D,20220110,000000,10,10.25,9.72,9.98,11340,0
ART,D,20220111,000000,10,10,9.54,9.9,15688,0
ART,D,20220112,000000,9.9,9.9,9.78,9.88,4290,0
ART,D,20220113,000000,9.9,9.9,9.4,9.68,16023,0
ART,D,20220114,000000,9.66,9.7,9.3,9.56,8781,0
ART,D,20220117,000000,9.86,10.2,9.8,9.94,39936,0
ART,D,20220118,000000,10.3,10.75,10.3,10.65,49243,0
ART,D,20220119,000000,10.65,10.65,9.96,10.45,20992,0
ART,D,20220120,000000,10.5,10.7,10.1,10.45,27406,0
ART,D,20220121,000000,10.25,10.35,9.58,10,26554,0
ART,D,20220124,000000,10.2,10.2,9.32,9.4,31831,0
ART,D,20220125,000000,9.38,9.82,9.3,9.82,45467,0
ART,D,20220126,000000,9.9,11.45,9.7,10.45,78257,0
ART,D,20220127,000000,10.7,10.7,9.9,10,34307,0
ART,D,20220128,000000,10.25,10.25,9.72,9.98,5123,0
ART,D,20220131,000000,10.1,10.35,9.84,10.3,14560,0
ART,D,20220201,000000,10.35,10.35,10.1,10.25,5927,0
ART,D,20220202,000000,10.35,10.6,10.25,10.55,19921,0
ART,D,20220203,000000,10.65,11.15,10.5,11,18084,0
ART,D,20220204,000000,11.2,11.8,11.2,11.35,18889,0
ART,D,20220207,000000,11.45,11.45,11,11.25,13438,0
ART,D,20220208,000000,11.45,11.45,10.7,11,21270,0
ART,D,20220209,000000,11.1,11.4,11.05,11.15,4616,0
ART,D,20220210,000000,11.25,11.35,11.15,11.3,4568,0
ART,D,20220211,000000,11.5,12,11.5,11.8,27409,0
ART,D,20220214,000000,11.7,11.7,11.1,11.5,22603,0
ART,D,20220215,000000,11.3,11.7,11.3,11.6,11894,0
ART,D,20220216,000000,11.7,12.3,11.7,11.8,25252,0
ART,D,20220217,000000,12.3,12.4,11.6,11.7,17355,0
ART,D,20220218,000000,12,12,11.1,11.2,11840,0
ART,D,20220221,000000,11.4,11.6,10.7,11.05,21984,0
ART,D,20220222,000000,10.9,11.75,10.1,11.45,16456,0
ART,D,20220223,000000,11.35,11.75,11.2,11.5,3600,0
ART,D,20220224,000000,10.5,10.95,9.3,9.9,78774,0
ART,D,20220225,000000,9.8,10.5,9.8,10.5,15227,0
ART,D,20220228,000000,10.3,10.45,10.05,10.3,14158,0
ART,D,20220301,000000,10.5,10.55,10.2,10.35,15873,0
ART,D,20220302,000000,10.5,10.5,9.5,10,34992,0
ART,D,20220303,000000,10,10.2,9.9,10.1,3223,0
ART,D,20220304,000000,10.1,10.1,9.4,9.72,13401,0
ART,D,20220307,000000,9.7,9.7,8.92,9.5,18683,0
ART,D,20220308,000000,9.36,9.68,9.02,9.2,7123,0
ART,D,20220309,000000,9.32,9.6,9.32,9.5,4071,0
ART,D,20220310,000000,9.7,10.25,9.38,10.2,4907,0
ART,D,20220311,000000,10.1,10.4,9.84,10.25,5648,0
ART,D,20220314,000000,10.25,10.25,10.05,10.2,3771,0
ART,D,20220315,000000,10.25,10.45,9.9,10.45,4921,0
ART,D,20220316,000000,10.45,10.8,10.35,10.8,14966,0
ART,D,20220317,000000,10.9,10.9,10,10.05,13623,0
ART,D,20220318,000000,10.4,10.55,10.05,10.25,5012,0
ART,D,20220321,000000,10.25,10.3,10.15,10.3,798,0
ART,D,20220322,000000,10.3,10.85,10.1,10.55,6215,0
ART,D,20220323,000000,10.7,10.7,10.1,10.3,4120,0
ART,D,20220324,000000,10.3,10.3,9.98,10.3,7456,0
ART,D,20220325,000000,10.3,10.4,10,10.4,5639,0
ART,D,20220328,000000,10.4,10.5,9.98,10.05,14320,0
ART,D,20220329,000000,10.05,10.8,9.9,9.9,16766,0
ART,D,20220330,000000,10.1,10.2,9.7,10,15037,0
ART,D,20220331,000000,10.2,10.25,9.5,9.52,21230,0
ART,D,20220401,000000,9.8,10.15,9.78,9.94,10899,0
ART,D,20220404,000000,9.96,10,9.84,9.98,5395,0
ART,D,20220405,000000,9.94,10.1,9.86,10,3472,0
ART,D,20220406,000000,10,10,9.86,9.98,5082,0
ART,D,20220407,000000,9.62,9.8,9.5,9.78,9982,0
ART,D,20220408,000000,9.78,9.78,9.46,9.6,9243,0
ART,D,20220411,000000,9.6,9.66,9.42,9.64,2604,0
ART,D,20220412,000000,9.64,9.64,9.52,9.52,1466,0
ART,D,20220413,000000,9.64,9.64,9,9.18,20256,0
ART,D,20220414,000000,9.2,9.46,9.04,9.46,4026,0
ART,D,20220419,000000,9.46,9.58,9.3,9.44,5349,0
ART,D,20220420,000000,9.44,9.44,9,9.14,6392,0
ART,D,20220421,000000,9.14,9.26,8.94,9.26,3250,0
ART,D,20220422,000000,9.2,9.2,8.4,8.54,14382,0
ART,D,20220425,000000,8.7,8.84,8.5,8.68,5443,0
ART,D,20220426,000000,8.72,8.88,8.62,8.74,5742,0
ART,D,20220427,000000,8.8,8.8,8.5,8.72,2631,0
ART,D,20220428,000000,8.78,8.86,8.54,8.78,2073,0
ART,D,20220429,000000,8.84,8.84,8.06,8.5,8494,0
ART,D,20220502,000000,8.48,8.48,7.94,8.28,4952,0
ART,D,20220504,000000,8.16,8.4,8.16,8.4,5032,0
ART,D,20220505,000000,8.4,8.66,8.4,8.42,3063,0
ART,D,20220506,000000,8.58,8.58,7.82,8.08,16429,0
ART,D,20220509,000000,8.4,8.4,7.66,7.78,12336,0
ART,D,20220510,000000,7.78,8,7.78,7.78,3276,0
ART,D,20220511,000000,7.76,7.88,7.74,7.82,5384,0
ART,D,20220512,000000,7.8,7.8,7.14,7.4,10145,0
ART,D,20220513,000000,7.44,7.78,7.28,7.78,11119,0
ART,D,20220516,000000,7.8,8.02,7.8,7.96,5445,0
ART,D,20220517,000000,8,8,7.8,7.94,3998,0
ART,D,20220518,000000,7.96,7.96,7.6,7.92,3739,0
ART,D,20220519,000000,7.92,7.92,7.44,7.7,3867,0
ART,D,20220520,000000,7.7,7.7,7.56,7.56,2148,0
ART,D,20220523,000000,7.56,7.64,7.12,7.28,8473,0
ART,D,20220524,000000,7.4,7.4,6.8,6.96,26758,0
ART,D,20220525,000000,6.76,6.96,6.7,6.78,10086,0
ART,D,20220526,000000,6.78,6.88,6.68,6.88,7266,0
ART,D,20220527,000000,6.98,7.16,6.9,7.1,5813,0
ART,D,20220530,000000,7.16,7.4,7.16,7.2,7101,0
ART,D,20220531,000000,7.28,7.28,6.9,7,4150,0
ART,D,20220601,000000,6.98,7.14,6.7,6.8,5012,0
ART,D,20220602,000000,6.94,7.58,6.86,7.48,34627,0
ART,D,20220603,000000,7.66,7.84,7.44,7.5,9362,0
ART,D,20220606,000000,7.6,7.94,7.5,7.94,20417,0
ART,D,20220607,000000,7.94,8.2,7.64,7.9,18507,0
ART,D,20220608,000000,7.94,8,7.66,7.88,6756,0
ART,D,20220609,000000,7.9,7.9,7.34,7.62,4125,0
ART,D,20220610,000000,7.76,7.76,7.1,7.58,1480,0
ART,D,20220613,000000,7.58,7.58,6.9,7.22,4173,0
ART,D,20220614,000000,7.52,7.52,7,7.1,1878,0
ART,D,20220615,000000,7.52,7.52,6.9,7,2634,0
ART,D,20220617,000000,7.08,7.08,6.7,6.98,8813,0
ART,D,20220620,000000,6.96,7.44,6.64,7.3,6746,0
ART,D,20220621,000000,7.52,7.6,7.2,7.6,8486,0
ART,D,20220622,000000,7.48,7.88,7,7.88,7525,0
ART,D,20220623,000000,7.88,7.88,7.5,7.78,3470,0
ART,D,20220624,000000,7.78,8,7.48,8,10295,0
ART,D,20220627,000000,7.98,8.22,7.8,7.96,15305,0
ART,D,20220628,000000,8.28,8.28,7.8,8.02,16335,0
ART,D,20220629,000000,7.86,7.98,7.46,7.82,4308,0
ART,D,20220630,000000,7.98,7.98,7.56,7.8,3682,0
ART,D,20220701,000000,7.62,8.02,7.62,8.02,4256,0
ART,D,20220704,000000,8.02,8.08,7.7,8.04,7281,0
ART,D,20220705,000000,8.16,8.16,7.36,7.9,19271,0
ART,D,20220706,000000,7.98,7.98,7.5,7.56,5952,0
ART,D,20220707,000000,7.9,7.92,7.56,7.92,6090,0
ART,D,20220708,000000,8.1,8.1,7.4,7.72,27346,0
ART,D,20220711,000000,7.7,7.82,7.66,7.82,492,0
ART,D,20220712,000000,7.9,7.9,7.3,7.44,30323,0
ART,D,20220713,000000,7.42,7.48,7.38,7.38,778,0
ART,D,20220714,000000,7.5,7.5,7.2,7.38,2054,0
ART,D,20220715,000000,7.38,7.4,7.2,7.4,1724,0
ART,D,20220718,000000,7.5,7.82,7.48,7.82,7561,0
ART,D,20220719,000000,7.88,7.88,7.68,7.7,236,0
ART,D,20220720,000000,7.86,7.86,7.48,7.76,6387,0
ART,D,20220721,000000,7.76,7.76,7.52,7.54,1949,0
ART,D,20220722,000000,7.76,7.76,7.68,7.74,2177,0
ART,D,20220725,000000,7.7,7.7,7.5,7.5,4629,0
ART,D,20220726,000000,7.7,7.7,7.44,7.66,1388,0
ART,D,20220727,000000,7.7,8.2,7.52,8.2,11161,0
ART,D,20220728,000000,8.08,8.08,7.42,7.86,6835,0
ART,D,20220729,000000,7.9,7.9,7.68,7.88,1113,0
ART,D,20220801,000000,7.98,8,7.94,8,4645,0
ART,D,20220802,000000,7.96,7.96,7.8,7.9,5309,0
ART,D,20220803,000000,7.88,7.96,7.7,7.76,5907,0
ART,D,20220804,000000,7.94,7.96,7.84,7.96,4394,0
ART,D,20220805,000000,7.96,7.96,7.7,7.94,4475,0
ART,D,20220808,000000,7.9,8,7.64,8,4059,0
ART,D,20220809,000000,8,8,7.88,7.9,5240,0
ART,D,20220810,000000,7.96,7.96,7.6,7.66,2808,0
ART,D,20220811,000000,7.9,7.9,7.68,7.88,2905,0
ART,D,20220812,000000,7.8,8.2,7.8,8.08,12126,0
ART,D,20220816,000000,8.1,8.18,7.94,8.1,2662,0
ART,D,20220817,000000,8.1,8.1,7.9,8.04,1344,0
ART,D,20220818,000000,8.04,8.04,7.76,8,793,0
ART,D,20220819,000000,8,8,7.8,8,1919,0
ART,D,20220822,000000,7.8,7.9,7.52,7.88,4730,0
ART,D,20220823,000000,7.88,7.88,7.5,7.54,2834,0
ART,D,20220824,000000,7.68,7.68,7.5,7.6,2024,0
ART,D,20220825,000000,7.78,7.78,7.5,7.66,344,0
ART,D,20220826,000000,7.68,7.8,7.4,7.8,7274,0
ART,D,20220829,000000,7.76,7.76,7.4,7.64,3142,0
ART,D,20220830,000000,7.64,7.64,7.4,7.4,705,0
ART,D,20220831,000000,7.5,7.5,6.8,7.08,11950,0
ART,D,20220901,000000,6.92,7,6.72,6.84,4550,0
ART,D,20220902,000000,6.88,6.88,6.64,6.66,5302,0
ART,D,20220905,000000,6.64,6.82,6.64,6.66,2483,0
