<TICKER>,<PER>,<DATE>,<TIME>,<OPEN>,<HIGH>,<LOW>,<CLOSE>,<VOL>,<OPENINT>
CRJ,D,20180806,000000,95.6827,109.078,86.1145,94.5154,34551.689403096,0
CRJ,D,20180807,000000,94.4389,98.9359,88.9849,89.1763,5059.429171215601,0
CRJ,D,20180808,000000,90.7072,94.6207,86.9852,93.2811,2572.0419728076004,0
CRJ,D,20180809,000000,94.6302,94.6302,88.0281,88.0281,1692.0503673204003,0
CRJ,D,20180810,000000,88.1238,88.3152,80.3735,84.1051,2118.4596013332,0
CRJ,D,20180813,000000,80.3735,90.8986,78.4598,88.0281,1238.4679958460001,0
CRJ,D,20180814,000000,88.9849,94.2475,88.0281,89.9418,763.9832109396001,0
CRJ,D,20180816,000000,94.2475,106.686,94.2475,102.381,5819.2318994688,0
CRJ,D,20180817,000000,105.251,116.733,102.381,112.427,3547.1395594104006,0
CRJ,D,20180820,000000,113.862,118.647,110.035,110.035,1850.9087094036001,0
CRJ,D,20180821,000000,109.557,110.514,102.381,107.165,2076.6547744692,0
CRJ,D,20180822,000000,105.251,108.121,101.424,106.208,2039.0304302916002,0
CRJ,D,20180823,000000,103.337,108.121,101.424,104.294,737.8551941496,0
CRJ,D,20180824,000000,101.424,104.198,98.5532,104.198,383.55928647720003,0
CRJ,D,20180827,000000,106.112,106.112,92.9079,98.5532,2993.2256034624,0
CRJ,D,20180828,000000,101.424,102.381,95.6827,97.5964,4087.4669466276005,0
CRJ,D,20180829,000000,95.6827,112.906,89.0806,93.7691,25197.859392276,0
CRJ,D,20180830,000000,92.6209,92.8122,78.9383,81.426,16583.9748169488,0
CRJ,D,20180831,000000,83.0526,88.5065,72.25,84.2008,10246.363064366402,0
CRJ,D,20180903,000000,100.467,120.56,97.5964,113.862,23989.699895906404,0
CRJ,D,20180904,000000,115.776,155.963,112.906,134.913,31021.271774431203,0
CRJ,D,20180905,000000,133.86,148.308,125.44,133.956,13601.200420202402,0
CRJ,D,20180906,000000,133.975,141.61,124.388,131.085,7048.293809270401,0
CRJ,D,20180907,000000,132.042,138.74,127.258,138.74,3902.4805877544004,0
CRJ,D,20180910,000000,147.351,152.136,140.654,148.595,4198.2497378172,0
CRJ,D,20180911,000000,152.136,177.97,145.438,172.994,8358.875131456802,0
CRJ,D,20180912,000000,167.445,170.22,159.79,162.661,3271.2277021080004,0
CRJ,D,20180913,000000,160.747,167.445,145.438,158.833,4884.894019058401,0
CRJ,D,20180914,000000,158.833,161.704,151.179,161.225,1941.8342078328003,0
CRJ,D,20180917,000000,155.006,159.79,151.657,155.006,2092.3315845432003,0
CRJ,D,20180918,000000,157.877,157.877,148.519,155.484,1929.2927597736002,0
CRJ,D,20180919,000000,155.963,185.624,155.963,177.013,8806.186778901601,0
CRJ,D,20180920,000000,177.013,186.562,172.325,175.099,909.2549842920001,0
CRJ,D,20180921,000000,172.325,177.013,167.445,170.315,954.1951731708001,0
CRJ,D,20180924,000000,172.229,176.056,170.315,172.229,676.1930745252,0
CRJ,D,20180925,000000,172.229,186.562,172.229,184.668,1632.4784890392002,0
CRJ,D,20180926,000000,181.797,186.581,177.013,186.524,405.5068205808,0
CRJ,D,20180927,000000,186.581,186.581,177.97,184.668,487.02623296560006,0
CRJ,D,20180928,000000,177.97,179.309,173.205,177.013,594.6736621404001,0
CRJ,D,20181001,000000,172.229,172.229,157.877,157.877,2386.0104932628,0
CRJ,D,20181002,000000,160.747,170.315,160.747,164.096,608.2602308712001,0
CRJ,D,20181003,000000,162.661,166.488,157.877,164.574,394.01049319320003,0
CRJ,D,20181004,000000,162.661,165.531,157.877,164.574,248.73871984080003,0
CRJ,D,20181005,000000,157.877,163.139,155.963,157.877,939.5634837684001,0
CRJ,D,20181008,000000,163.617,163.617,149.265,157.857,533.0115425160001,0
CRJ,D,20181009,000000,154.528,155.963,145.629,155.963,728.4491081052,0
CRJ,D,20181010,000000,153.092,174.143,153.092,169.071,6590.530955109601,0
CRJ,D,20181011,000000,172.229,172.229,155.982,160.747,1370.1532004676,0
CRJ,D,20181012,000000,152.136,167.445,145.916,167.445,1048.2560336148001,0
CRJ,D,20181015,000000,167.445,167.445,160.747,162.661,218.43022036440001,0
CRJ,D,20181016,000000,162.661,162.661,150.222,153.092,745.1710388508001,0
CRJ,D,20181017,000000,154.049,162.661,148.308,148.404,461.94333684720004,0
CRJ,D,20181018,000000,157.302,165.531,148.5,164.574,1195.6180483104001,0
CRJ,D,20181019,000000,164.574,165.531,155.006,162.565,1234.2875131596002,0
CRJ,D,20181022,000000,154.528,162.661,147.753,153.284,5291.445960310801,0
CRJ,D,20181023,000000,155.963,157.877,147.83,148.901,1538.4176285952,0
CRJ,D,20181024,000000,147.83,152.136,144.481,146.873,1144.4071354020002,0
CRJ,D,20181025,000000,144.194,144.194,134.913,138.836,1314.7618048728002,0
CRJ,D,20181026,000000,142.567,142.567,128.215,134.052,1669.0577125452003,0
CRJ,D,20181029,000000,130.129,135.774,128.234,131.564,405.5068205808,0
CRJ,D,20181030,000000,130.129,132.999,122.857,127.258,735.7649528064001,0
CRJ,D,20181031,000000,127.258,133.956,126.301,133.956,656.3357817648001,0
CRJ,D,20181102,000000,126.339,143.62,126.339,143.524,664.6967471376,0
CRJ,D,20181105,000000,144.481,152.518,140.673,141.132,299.9496327492,0
CRJ,D,20181106,000000,139.697,153.571,134.052,149.571,1774.6149003768003,0
CRJ,D,20181107,000000,159.79,163.617,148.308,148.308,1287.5886674112,0
CRJ,D,20181108,000000,148.308,153.092,144.481,144.481,731.5844701200001,0
CRJ,D,20181109,000000,144.481,162.565,121.517,138.74,786.9758657148001,0
CRJ,D,20181113,000000,129.172,154.815,129.172,133.975,698.1406086288001,0
CRJ,D,20181114,000000,132.042,147.926,132.042,139.697,125.41448059200002,0
CRJ,D,20181115,000000,139.697,139.697,134.913,134.913,713.8174187028001,0
CRJ,D,20181116,000000,135.487,135.487,127.258,133.956,637.5236096760001,0
CRJ,D,20181119,000000,132.999,134.913,129.172,134.913,378.33368311920003,0
CRJ,D,20181120,000000,134.913,135.104,129.191,129.229,623.9370409452,0
CRJ,D,20181121,000000,132.042,132.999,129.172,130.224,506.8835257260001,0
CRJ,D,20181122,000000,129.267,133.956,128.215,132.999,219.47534103600003,0
CRJ,D,20181123,000000,132.616,138.74,131.181,132.999,180.80587618680002,0
CRJ,D,20181126,000000,134.913,149.743,134.913,142.567,475.52990557800007,0
CRJ,D,20181127,000000,141.61,148.308,139.697,139.697,424.31899266960005,0
CRJ,D,20181128,000000,139.314,143.524,139.314,141.61,293.67890871960003,0
CRJ,D,20181129,000000,145.438,151.179,145.438,151.179,450.44700945960005,0
CRJ,D,20181130,000000,152.136,152.136,145.438,145.438,192.3022035744,0
CRJ,D,20181203,000000,151.083,151.083,141.61,147.447,502.70304303960006,0
CRJ,D,20181204,000000,147.026,147.026,141.132,141.132,65.8426023108,0
CRJ,D,20181205,000000,141.132,143.524,139.697,141.515,152.5876180536,0
CRJ,D,20181206,000000,143.524,143.524,136.826,136.826,280.0923399888,0
CRJ,D,20181207,000000,137.783,137.879,133.956,136.826,494.34207766680004,0
CRJ,D,20181210,000000,136.826,138.74,131.181,137.783,164.08394544120003,0
CRJ,D,20181211,000000,136.826,143.524,136.826,136.845,181.8509968584,0
CRJ,D,20181212,000000,136.845,139.697,135.869,139.697,95.10598111560002,0
CRJ,D,20181213,000000,134.913,142.931,134.913,142.931,11.496327387600001,0
CRJ,D,20181214,000000,142.835,144.481,140.654,140.654,179.76075551520003,0
CRJ,D,20181217,000000,140.654,142.567,135.869,142.567,168.2644281276,0
CRJ,D,20181219,000000,136.826,140.654,136.826,140.654,99.28646380200001,0
CRJ,D,20181220,000000,135.869,141.61,135.869,135.869,148.40713536720003,0
CRJ,D,20181221,000000,135.869,140.654,127.354,134.913,164.08394544120003,0
CRJ,D,20181227,000000,133.956,134.913,127.258,127.258,317.71668416640006,0
CRJ,D,20181228,000000,134.626,134.913,134.626,134.913,125.41448059200002,0
CRJ,D,20190102,000000,135.85,152.136,135.85,142.548,375.19832110440007,0
CRJ,D,20190103,000000,142.567,142.567,141.61,141.61,11.496327387600001,0
CRJ,D,20190104,000000,141.706,141.706,141.61,141.61,109.73767051800002,0
CRJ,D,20190107,000000,142.089,142.089,140.654,142.089,131.6852046216,0
CRJ,D,20190108,000000,142.089,143.524,138.74,141.61,297.85939140600004,0
CRJ,D,20190109,000000,141.61,141.61,137.783,137.783,304.13011543560003,0
CRJ,D,20190110,000000,136.922,141.572,136.826,141.572,68.97796432560001,0
CRJ,D,20190111,000000,141.572,150.222,141.572,145.438,281.13746066040005,0
CRJ,D,20190114,000000,141.802,141.802,139.697,141.802,25.0828961184,0
CRJ,D,20190115,000000,139.792,142.567,136.826,142.567,160.9485834264,0
CRJ,D,20190116,000000,143.046,143.046,139.697,139.697,235.15215111000003,0
CRJ,D,20190117,000000,140.654,143.237,139.697,140.654,627.0724029600001,0
CRJ,D,20190118,000000,139.792,142.567,137.783,139.697,132.73032529320002,0
CRJ,D,20190121,000000,136.826,141.61,136.826,141.61,89.88037775760002,0
CRJ,D,20190122,000000,141.61,150.222,140.654,146.395,428.49947535600006,0
CRJ,D,20190123,000000,146.299,154.528,142.567,150.796,392.96537252160005,0
CRJ,D,20190124,000000,151.083,164.096,151.083,162.642,456.71773348920004,0
CRJ,D,20190125,000000,162.642,178.927,153.092,171.272,697.0954879572,0
CRJ,D,20190128,000000,172.133,172.133,165.531,165.531,143.18153200920003,0
CRJ,D,20190129,000000,163.617,165.531,158.068,158.355,447.31164744480003,0
CRJ,D,20190130,000000,161.704,171.272,159.407,164.574,383.55928647720003,0
CRJ,D,20190131,000000,164.574,167.445,159.79,160.269,139.00104932280001,0
CRJ,D,20190201,000000,164.574,167.445,162.661,162.68,74.20356768360001,0
CRJ,D,20190204,000000,163.617,176.477,163.617,176.477,477.62014692120005,0
CRJ,D,20190205,000000,177.013,178.735,172.229,173.856,55.3913955948,0
CRJ,D,20190206,000000,174.143,177.013,170.315,172.229,310.4008394652,0
CRJ,D,20190207,000000,167.445,171.081,150.7,161.704,230.97166842360002,0
CRJ,D,20190208,000000,161.799,171.081,161.799,161.799,38.669464849200004,0
CRJ,D,20190211,000000,155.963,178.831,155.197,172.229,937.4732424252,0
CRJ,D,20190212,000000,175.386,181.797,168.593,168.593,332.3483735688,0
CRJ,D,20190213,000000,163.235,174.143,163.235,172.229,124.36935992040002,0
CRJ,D,20190214,000000,170.315,173.664,170.315,172.229,38.669464849200004,0
CRJ,D,20190215,000000,167.445,167.445,166.488,167.349,72.11332634040001,0
CRJ,D,20190218,000000,168.402,168.402,161.704,168.402,31.353620148000005,0
CRJ,D,20190219,000000,168.402,176.477,167.445,167.445,272.7764952876,0
CRJ,D,20190220,000000,167.445,172.229,167.445,167.445,120.18887723400002,0
CRJ,D,20190221,000000,166.01,172.229,165.531,172.229,223.65582372240002,0
CRJ,D,20190222,000000,168.402,174.143,165.531,169.358,60.6169989528,0
CRJ,D,20190225,000000,172.229,172.229,167.445,167.445,109.73767051800002,0
CRJ,D,20190226,000000,170.315,174.143,170.315,174.143,107.64742917480001,0
CRJ,D,20190227,000000,167.923,172.229,167.923,172.229,8.3609653728,0
CRJ,D,20190228,000000,172.229,176.056,172.229,176.056,229.92654775200003,0
CRJ,D,20190301,000000,172.42,173.186,168.402,168.402,68.97796432560001,0
CRJ,D,20190304,000000,172.133,172.229,168.88,168.88,151.54249738200002,0
CRJ,D,20190305,000000,170.315,184.668,166.488,171.272,941.6537251116001,0
CRJ,D,20190306,000000,173.186,177.587,167.445,171.272,491.20671565200007,0
CRJ,D,20190307,000000,172.133,178.161,167.828,172.229,874.7660021292,0
CRJ,D,20190308,000000,172.707,172.707,165.531,167.445,1008.5414480940001,0
CRJ,D,20190311,000000,166.488,171.846,166.488,167.445,123.32423924880001,0
CRJ,D,20190312,000000,171.215,175.999,138.74,155.982,3397.6873033716,0
CRJ,D,20190313,000000,154.049,157.666,154.049,154.049,472.39454356320005,0
CRJ,D,20190314,000000,155.867,158.355,155.867,157.877,173.4900314856,0
CRJ,D,20190315,000000,157.398,170.315,157.398,170.315,407.59706192400006,0
CRJ,D,20190318,000000,170.296,170.296,163.617,167.445,99.28646380200001,0
CRJ,D,20190319,000000,170.105,170.124,163.809,163.809,34.488982162800006,0
CRJ,D,20190320,000000,164.096,170.22,164.096,170.22,83.60965372800001,0
CRJ,D,20190321,000000,164.766,164.766,162.661,162.661,125.41448059200002,0
CRJ,D,20190322,000000,162.699,162.699,162.699,162.699,207.9790136484,0
CRJ,D,20190325,000000,162.661,166.488,160.747,161.13,85.6998950712,0
CRJ,D,20190326,000000,161.359,167.445,161.359,162.661,74.20356768360001,0
CRJ,D,20190327,000000,164.574,166.488,162.699,166.201,53.3011542516,0
CRJ,D,20190328,000000,162.661,162.661,159.312,162.661,1138.1364113724,0
CRJ,D,20190329,000000,162.661,162.661,158.833,161.704,165.12906611280002,0
CRJ,D,20190401,000000,158.833,165.531,158.833,164.574,300.9947534208,0
CRJ,D,20190402,000000,164.574,170.315,162.661,163.617,646.9296957204001,0
CRJ,D,20190403,000000,165.531,166.488,163.617,163.617,309.35571879360003,0
CRJ,D,20190404,000000,162.661,166.105,157.877,166.105,639.6138510192001,0
CRJ,D,20190405,000000,165.914,199.02,165.914,181.606,1576.0419727728001,0
CRJ,D,20190408,000000,175.099,177.013,168.402,172.229,178.71563484360001,0
CRJ,D,20190409,000000,175.865,175.865,175.099,175.099,47.03043022200001,0
CRJ,D,20190410,000000,173.377,173.377,173.186,173.186,71.0682056688,0
CRJ,D,20190411,000000,173.186,173.186,165.722,172.229,241.42287513960002,0
CRJ,D,20190412,000000,169.358,169.358,162.661,169.358,846.5477439960001,0
CRJ,D,20190415,000000,165.531,165.531,159.79,161.704,380.42392446240007,0
CRJ,D,20190416,000000,161.704,162.661,159.79,162.661,58.526757609600004,0
CRJ,D,20190417,000000,160.747,160.747,160.747,160.747,33.4438614912,0
CRJ,D,20190418,000000,161.704,161.704,157.877,158.451,227.83630640880003,0
CRJ,D,20190423,000000,159.216,162.661,158.833,162.661,204.84365163360002,0
CRJ,D,20190424,000000,161.321,162.469,157.877,162.469,288.45330536160003,0
CRJ,D,20190425,000000,158.068,158.068,154.241,157.877,417.0031479684,0
CRJ,D,20190426,000000,159.79,159.79,157.877,158.833,20.902413432000003,0
CRJ,D,20190429,000000,155.963,159.79,155.963,158.833,124.36935992040002,0
CRJ,D,20190430,000000,157.302,158.833,155.963,157.877,257.0996852136,0
CRJ,D,20190502,000000,156.92,160.747,156.92,158.833,159.90346275480002,0
CRJ,D,20190506,000000,160.747,165.531,159.216,165.531,209.02413432000003,0
CRJ,D,20190507,000000,169.167,169.55,160.747,160.747,419.09338931160005,0
CRJ,D,20190508,000000,166.679,167.062,159.79,162.661,233.06190976680003,0
CRJ,D,20190509,000000,162.661,162.661,159.79,159.79,143.18153200920003,0
CRJ,D,20190510,000000,162.661,165.34,159.79,159.79,678.2833158684001,0
CRJ,D,20190513,000000,160.747,162.087,160.747,162.087,109.73767051800002,0
CRJ,D,20190514,000000,162.087,162.087,157.494,161.704,450.44700945960005,0
CRJ,D,20190515,000000,162.469,162.469,158.259,158.259,304.13011543560003,0
CRJ,D,20190516,000000,161.512,162.469,159.982,160.173,490.1615949804,0
CRJ,D,20190517,000000,161.704,162.469,160.747,161.512,315.6264428232,0
CRJ,D,20190520,000000,162.469,162.661,158.833,160.747,922.8415530228001,0
CRJ,D,20190521,000000,160.747,160.747,155.389,155.389,604.0797481848001,0
CRJ,D,20190522,000000,155.389,157.877,155.389,157.877,104.51206716000002,0
CRJ,D,20190523,000000,157.877,157.877,155.006,157.877,271.73137461600004,0
CRJ,D,20190524,000000,157.877,159.79,148.308,155.389,793.2465897444001,0
CRJ,D,20190527,000000,155.771,155.963,150.222,153.092,318.76180483800005,0
CRJ,D,20190528,000000,153.092,155.197,151.179,153.092,547.6432319184,0
CRJ,D,20190529,000000,152.136,153.666,148.308,151.944,293.67890871960003,0
CRJ,D,20190530,000000,152.901,153.092,148.5,152.136,66.8877229824,0
CRJ,D,20190531,000000,150.222,153.092,141.61,150.222,163.0388247696,0
CRJ,D,20190603,000000,153.092,155.006,153.092,153.092,192.3022035744,0
CRJ,D,20190604,000000,153.092,153.092,146.395,150.222,386.69464849200006,0
CRJ,D,20190605,000000,153.092,153.092,148.308,148.308,169.30954879920003,0
CRJ,D,20190606,000000,146.395,153.092,146.395,153.092,67.93284365400001,0
CRJ,D,20190607,000000,153.092,156.728,146.395,148.308,1637.7040923972002,0
CRJ,D,20190610,000000,147.351,147.351,128.215,145.055,2048.4365163360003,0
CRJ,D,20190611,000000,143.141,147.926,143.141,145.438,161.99370409800002,0
CRJ,D,20190612,000000,147.926,154.049,143.907,150.222,274.8667366308,0
CRJ,D,20190613,000000,152.518,153.092,148.308,148.308,121.2339979056,0
CRJ,D,20190614,000000,151.179,151.179,145.438,147.926,28.218258133200003,0
CRJ,D,20190617,000000,145.438,149.265,145.438,149.265,57.48163693800001,0
CRJ,D,20190618,000000,145.438,160.747,145.438,156.92,214.24973767800003,0
CRJ,D,20190619,000000,155.963,155.963,147.351,153.092,184.98635887320003,0
CRJ,D,20190621,000000,153.092,155.006,153.092,155.006,15.676810074000002,0
CRJ,D,20190624,000000,146.777,155.963,146.777,154.049,771.2990556408001,0
CRJ,D,20190625,000000,154.049,154.049,150.222,151.179,60.6169989528,0
CRJ,D,20190626,000000,150.222,151.179,150.222,151.179,134.8205666364,0
CRJ,D,20190627,000000,151.179,151.179,151.179,151.179,67.93284365400001,0
CRJ,D,20190628,000000,153.092,153.092,151.179,153.092,95.10598111560002,0
CRJ,D,20190701,000000,153.092,179.884,153.092,168.402,1918.8415530576,0
CRJ,D,20190702,000000,172.038,174.908,171.655,172.229,363.7019937168,0
CRJ,D,20190703,000000,170.315,175.099,170.315,174.143,273.8216159592,0
CRJ,D,20190704,000000,174.143,175.099,174.143,175.099,206.93389297680002,0
CRJ,D,20190705,000000,175.099,175.099,174.908,174.908,188.12172088800003,0
CRJ,D,20190708,000000,174.908,174.908,172.229,173.951,257.0996852136,0
CRJ,D,20190709,000000,171.081,173.186,170.315,173.186,89.88037775760002,0
CRJ,D,20190710,000000,172.229,172.229,171.272,171.272,74.20356768360001,0
CRJ,D,20190711,000000,171.272,171.272,170.315,170.507,165.12906611280002,0
CRJ,D,20190712,000000,170.698,171.081,167.445,171.081,160.9485834264,0
CRJ,D,20190715,000000,171.272,171.272,168.402,171.272,176.6253935004,0
CRJ,D,20190716,000000,172.038,172.229,166.488,166.488,1285.498426068,0
CRJ,D,20190717,000000,171.272,173.186,164.574,170.698,366.83735573160004,0
CRJ,D,20190718,000000,170.698,171.272,167.445,167.445,89.88037775760002,0
CRJ,D,20190719,000000,172.038,172.229,169.358,172.038,238.28751312480003,0
CRJ,D,20190722,000000,172.229,172.229,167.636,167.636,20.902413432000003,0
CRJ,D,20190723,000000,167.828,171.272,167.828,171.272,8.3609653728,0
CRJ,D,20190724,000000,172.038,175.099,172.038,175.099,241.42287513960002,0
CRJ,D,20190725,000000,171.655,205.718,171.655,200.455,1762.0734523176002,0
CRJ,D,20190726,000000,193.758,202.847,190.409,191.365,1602.1699895628,0
CRJ,D,20190729,000000,191.365,202.847,191.365,199.977,360.56663170200005,0
CRJ,D,20190730,000000,198.063,200.934,191.365,191.365,1895.8488982824001,0
CRJ,D,20190731,000000,196.15,199.977,196.15,199.977,116.0083945476,0
CRJ,D,20190801,000000,199.02,199.02,191.365,196.15,176.6253935004,0
CRJ,D,20190802,000000,196.15,196.15,196.15,196.15,16.7219307456,0
CRJ,D,20190805,000000,191.365,194.236,186.581,191.365,428.49947535600006,0
CRJ,D,20190806,000000,191.174,195.193,183.902,195.193,96.1511017872,0
CRJ,D,20190807,000000,197.106,200.934,181.797,194.236,708.5918153448001,0
CRJ,D,20190808,000000,191.365,196.628,191.365,192.322,785.9307450432001,0
CRJ,D,20190809,000000,195.193,208.588,195.193,208.588,779.6600210136,0
CRJ,D,20190812,000000,209.067,231.552,208.588,222.941,1044.0755509284002,0
CRJ,D,20190813,000000,223.898,229.639,220.07,220.07,293.67890871960003,0
CRJ,D,20190814,000000,221.984,226.768,221.984,222.941,130.64008395000002,0
CRJ,D,20190816,000000,222.941,231.552,222.941,231.552,183.94123820160002,0
CRJ,D,20190819,000000,230.595,230.595,222.941,226.768,969.8719832448,0
CRJ,D,20190820,000000,226.768,229.639,205.239,219.113,497.47743968160006,0
CRJ,D,20190821,000000,215.286,226.29,215.286,222.941,460.89821617560006,0
CRJ,D,20190822,000000,224.854,235.38,222.941,235.38,143.18153200920003,0
CRJ,D,20190823,000000,234.423,237.293,215.286,227.725,811.0136411616,0
CRJ,D,20190826,000000,219.592,220.07,184.668,194.236,3272.2728227796,0
CRJ,D,20190827,000000,191.365,204.283,187.538,196.15,2998.4512068204003,0
CRJ,D,20190828,000000,197.106,199.02,190.409,197.106,1379.5592865120002,0
CRJ,D,20190829,000000,195.671,199.977,189.452,199.02,2401.6873033368,0
CRJ,D,20190830,000000,199.977,212.416,198.063,209.545,2022.3084995460001,0
CRJ,D,20190902,000000,209.545,213.372,195.193,200.455,3414.4092341172004,0
CRJ,D,20190903,000000,195.193,209.545,194.236,196.628,2429.90556147,0
CRJ,D,20190904,000000,197.106,207.632,196.628,202.847,2135.1815320788,0
CRJ,D,20190905,000000,203.804,220.07,193.279,214.329,5120.046170168401,0
CRJ,D,20190906,000000,206.675,210.502,199.977,206.675,2396.4616999788004,0
CRJ,D,20190909,000000,220.07,227.725,216.721,221.984,2039.0304302916002,0
CRJ,D,20190910,000000,223.898,223.898,197.585,203.326,1897.9391396256,0
CRJ,D,20190911,000000,200.934,208.588,192.801,198.063,1734.9003148560003,0
CRJ,D,20190912,000000,194.236,194.236,172.229,175.865,6144.264428336401,0
CRJ,D,20190913,000000,179.884,189.26,176.63,186.581,2359.8824764728,0
CRJ,D,20190916,000000,188.495,192.322,178.735,183.711,1254.1448059200002,0
CRJ,D,20190917,000000,178.927,186.581,175.865,181.797,710.6820566880001,0
CRJ,D,20190918,000000,178.927,184.668,171.272,184.094,1881.2172088800003,0
CRJ,D,20190919,000000,183.711,186.199,178.927,180.84,282.18258133200004,0
CRJ,D,20190920,000000,183.711,183.711,175.099,180.84,601.9895068416,0
CRJ,D,20190923,000000,183.711,183.711,180.84,181.797,415.9580272968,0
CRJ,D,20190924,000000,181.606,181.797,177.013,179.884,213.2046170064,0
CRJ,D,20190925,000000,178.927,179.884,171.272,176.822,791.1563484012,0
CRJ,D,20190926,000000,172.229,180.84,172.229,179.884,384.6044071488,0
CRJ,D,20190927,000000,179.884,181.797,174.143,180.649,381.46904513400005,0
CRJ,D,20190930,000000,179.884,188.304,174.143,177.97,965.6915005584001,0
CRJ,D,20191001,000000,178.927,180.649,175.099,179.309,304.13011543560003,0
CRJ,D,20191002,000000,175.099,178.544,168.402,171.655,362.65687304520003,0
CRJ,D,20191003,000000,170.124,178.927,168.402,177.97,1342.9800630060001,0
CRJ,D,20191004,000000,178.927,181.032,177.013,177.97,292.63378804800004,0
CRJ,D,20191007,000000,179.884,181.797,178.161,178.161,251.87408185560002,0
CRJ,D,20191008,000000,181.606,187.921,178.927,186.199,553.9139559480001,0
CRJ,D,20191009,000000,186.581,195.193,186.581,190.791,1351.3410283788,0
CRJ,D,20191010,000000,190.791,195.671,190.791,194.236,675.1479538536,0
CRJ,D,20191011,000000,196.15,198.063,196.15,197.585,435.81532005720004,0
CRJ,D,20191014,000000,199.977,203.804,198.542,199.977,519.4249737852001,0
CRJ,D,20191015,000000,200.934,202.847,193.758,199.02,501.6579223680001,0
CRJ,D,20191016,000000,195.193,199.498,195.193,198.542,140.0461699944,0
CRJ,D,20191017,000000,196.15,198.063,189.452,194.714,490.1615949804,0
CRJ,D,20191018,000000,191.365,191.365,187.538,191.365,450.44700945960005,0
CRJ,D,20191021,000000,187.538,194.236,187.538,194.236,213.2046170064,0
CRJ,D,20191022,000000,194.236,202.847,192.322,196.15,613.4858342292,0
CRJ,D,20191023,000000,196.15,196.15,184.859,184.859,1039.8950682420002,0
CRJ,D,20191024,000000,188.495,190.409,182.18,190.409,170.35466947080002,0
CRJ,D,20191025,000000,191.365,199.02,191.365,197.106,1055.571878316,0
CRJ,D,20191028,000000,196.15,198.063,185.624,194.714,537.1920252024,0
CRJ,D,20191029,000000,193.758,193.758,183.711,184.668,652.1552990784,0
CRJ,D,20191030,000000,181.797,181.797,174.334,177.013,1279.2277020384001,0
CRJ,D,20191031,000000,178.927,178.927,172.229,177.97,469.2591815484,0
CRJ,D,20191104,000000,178.927,178.927,172.229,177.97,902.9842602624001,0
CRJ,D,20191105,000000,177.97,177.97,164.957,167.445,1736.9905561992002,0
CRJ,D,20191106,000000,164.957,179.884,164.957,174.143,689.7796432560001,0
CRJ,D,20191107,000000,180.266,180.266,158.451,175.865,1882.2623295516003,0
CRJ,D,20191108,000000,175.865,176.63,172.42,176.056,380.42392446240007,0
CRJ,D,20191112,000000,175.865,175.865,172.229,174.143,288.45330536160003,0
CRJ,D,20191113,000000,173.186,173.186,170.315,171.081,418.04826864000006,0
CRJ,D,20191114,000000,168.593,172.229,165.722,169.358,491.20671565200007,0
CRJ,D,20191115,000000,172.038,172.038,162.661,166.488,527.785939158,0
CRJ,D,20191118,000000,162.661,166.488,152.136,160.747,1946.0146905192003,0
CRJ,D,20191119,000000,158.833,169.167,158.833,160.747,606.1699895280001,0
CRJ,D,20191120,000000,160.747,164.574,153.092,155.197,773.3892969840001,0
CRJ,D,20191121,000000,156.92,164.574,156.92,164.574,385.64952782040007,0
CRJ,D,20191122,000000,166.297,175.099,166.297,174.908,524.6505771432,0
CRJ,D,20191125,000000,175.865,176.63,172.229,176.63,177.67051417200003,0
CRJ,D,20191126,000000,175.291,175.482,144.864,173.186,714.8625393744001,0
CRJ,D,20191127,000000,168.402,172.994,166.488,167.445,685.5991605696,0
CRJ,D,20191128,000000,167.445,170.315,162.661,170.315,238.28751312480003,0
CRJ,D,20191129,000000,170.124,170.124,158.259,162.661,607.2151101996001,0
CRJ,D,20191202,000000,163.617,166.488,162.661,162.661,293.67890871960003,0
CRJ,D,20191203,000000,161.321,166.488,161.321,162.661,260.23504722840005,0
CRJ,D,20191204,000000,166.488,170.315,162.661,164.574,295.7691500628,0
CRJ,D,20191205,000000,164.574,167.445,161.704,167.445,331.3032528972,0
CRJ,D,20191206,000000,167.445,172.229,167.445,172.229,241.42287513960002,0
CRJ,D,20191209,000000,172.229,172.229,167.445,172.038,60.6169989528,0
CRJ,D,20191210,000000,167.445,171.272,167.445,171.272,42.8499475356,0
CRJ,D,20191211,000000,170.315,170.315,164.574,169.358,225.74606506560002,0
CRJ,D,20191212,000000,169.358,172.229,162.661,170.889,388.78488983520003,0
CRJ,D,20191213,000000,167.445,170.889,166.488,170.889,64.7974816392,0
CRJ,D,20191216,000000,167.445,168.402,165.531,168.402,541.3725078888001,0
CRJ,D,20191217,000000,172.229,174.143,166.488,174.143,896.7135362328,0
CRJ,D,20191218,000000,172.229,172.229,163.809,171.846,668.8772298240001,0
CRJ,D,20191219,000000,170.698,170.698,164.574,169.358,1175.76075555,0
CRJ,D,20191220,000000,167.445,168.402,160.747,163.617,1395.236096586,0
CRJ,D,20191223,000000,162.661,166.488,155.006,166.105,2353.6117524432,0
CRJ,D,20191227,000000,167.253,175.865,166.297,174.908,1545.7334732964002,0
CRJ,D,20191230,000000,175.673,180.84,169.55,172.229,890.4428122032001,0
CRJ,D,20200102,000000,172.229,178.927,156.154,178.927,546.5981112468,0
CRJ,D,20200103,000000,172.612,175.099,162.661,172.229,666.7869884808001,0
CRJ,D,20200107,000000,173.186,185.624,173.186,181.797,398.19097587960005,0
CRJ,D,20200108,000000,177.013,178.927,172.229,176.439,2679.6894019824003,0
CRJ,D,20200109,000000,177.013,186.39,176.63,185.624,1825.8258132852002,0
CRJ,D,20200110,000000,185.816,198.063,185.816,191.365,2142.49737678,0
CRJ,D,20200113,000000,195.193,197.106,191.365,195.193,405.5068205808,0
CRJ,D,20200114,000000,192.322,192.322,186.581,188.495,635.4333683328001,0
CRJ,D,20200115,000000,188.495,207.632,188.495,198.063,4234.8289613232,0
CRJ,D,20200116,000000,202.847,205.718,188.686,194.236,2365.1080798308003,0
CRJ,D,20200117,000000,191.365,195.671,187.538,195.671,502.70304303960006,0
CRJ,D,20200120,000000,195.193,195.193,191.365,193.279,652.1552990784,0
CRJ,D,20200121,000000,191.174,197.585,189.452,197.585,412.82266528200006,0
CRJ,D,20200122,000000,197.585,199.02,191.365,199.02,518.3798531136,0
CRJ,D,20200123,000000,201.412,201.412,196.15,197.585,604.0797481848001,0
CRJ,D,20200124,000000,200.455,200.455,196.15,199.498,247.6935991692,0
CRJ,D,20200127,000000,198.063,198.063,186.581,186.581,2426.7701994552003,0
CRJ,D,20200128,000000,187.538,195.193,186.581,191.365,1083.7901364492002,0
CRJ,D,20200129,000000,188.112,196.15,186.581,191.365,1854.0440714184,0
CRJ,D,20200130,000000,196.15,196.15,182.754,182.754,2531.2822666152,0
CRJ,D,20200131,000000,181.797,190.409,181.797,189.452,1070.2035677184,0
CRJ,D,20200203,000000,189.452,193.758,186.199,193.758,508.97376706920005,0
CRJ,D,20200204,000000,193.758,199.977,189.452,199.977,1441.2214061364002,0
CRJ,D,20200205,000000,199.977,208.588,199.977,201.891,1016.9024134668001,0
CRJ,D,20200206,000000,201.891,205.718,196.15,202.369,1046.1657922716001,0
CRJ,D,20200207,000000,201.891,201.891,196.15,199.977,172.44491081400002,0
CRJ,D,20200210,000000,199.02,199.02,196.15,196.15,436.86044072880003,0
CRJ,D,20200211,000000,199.02,200.934,199.02,200.934,586.3126967676001,0
CRJ,D,20200212,000000,202.847,203.326,196.15,196.15,257.0996852136,0
CRJ,D,20200213,000000,196.15,203.326,196.15,202.847,371.01783841800005,0
CRJ,D,20200214,000000,196.15,200.934,189.452,200.934,1559.3200420272,0
CRJ,D,20200217,000000,199.02,202.369,192.322,199.02,546.5981112468,0
CRJ,D,20200218,000000,196.15,200.934,196.15,200.934,169.30954879920003,0
CRJ,D,20200219,000000,200.934,214.329,199.977,210.502,1665.9223505304,0
CRJ,D,20200220,000000,210.502,212.416,205.718,205.718,205.8887723052,0
CRJ,D,20200221,000000,207.632,218.635,207.632,217.2,1635.6138510540002,0
CRJ,D,20200224,000000,217.2,221.027,204.761,211.937,1592.7639035184002,0
CRJ,D,20200225,000000,209.545,209.545,189.452,196.15,4674.8247640668005,0
CRJ,D,20200226,000000,191.365,196.628,175.099,196.15,5464.9359917964,0
CRJ,D,20200227,000000,195.671,195.671,180.649,190.217,1540.5078699384,0
CRJ,D,20200228,000000,179.884,179.884,153.092,164.574,3669.4186779876004,0
CRJ,D,20200302,000000,173.186,181.797,158.833,172.229,2817.6453306336,0
CRJ,D,20200303,000000,181.797,197.106,179.884,191.365,4610.027282427601,0
CRJ,D,20200304,000000,191.365,195.193,183.711,191.365,1110.9632739108001,0
CRJ,D,20200305,000000,191.365,196.15,185.05,187.347,1245.7838405472,0
CRJ,D,20200306,000000,183.328,190.791,178.927,182.754,886.2623295168,0
CRJ,D,20200309,000000,165.531,170.889,160.747,163.617,3635.9748164964003,0
CRJ,D,20200310,000000,172.229,177.013,167.636,167.636,469.2591815484,0
CRJ,D,20200311,000000,172.229,172.229,143.524,143.524,4067.6096538672004,0
CRJ,D,20200312,000000,125.344,143.524,104.294,106.208,5034.3462750972,0
CRJ,D,20200313,000000,124.388,149.265,116.733,129.172,7441.259181792001,0
CRJ,D,20200316,000000,127.067,151.179,119.603,150.222,7800.780692822401,0
CRJ,D,20200317,000000,164.574,177.013,138.74,163.617,2818.6904513052004,0
CRJ,D,20200318,000000,170.315,174.143,156.92,158.068,1996.1804827560002,0
CRJ,D,20200319,000000,162.661,171.272,159.79,171.272,933.2927597388001,0
CRJ,D,20200320,000000,172.229,177.013,158.833,164.574,3722.7198322392005,0
CRJ,D,20200323,000000,161.512,166.488,146.395,161.704,913.4354669784001,0
CRJ,D,20200324,000000,168.402,171.846,154.049,165.914,4636.1552992176,0
CRJ,D,20200325,000000,166.488,188.304,144.481,168.402,7128.768100983601,0
CRJ,D,20200326,000000,168.402,169.358,166.105,169.167,871.6306401144001,0
CRJ,D,20200327,000000,169.167,169.167,163.617,165.148,1129.7754459996002,0
CRJ,D,20200330,000000,165.148,165.148,157.877,159.79,2055.7523610372,0
CRJ,D,20200331,000000,163.235,171.272,160.747,160.747,2671.3284366096004,0
CRJ,D,20200401,000000,169.358,177.97,163.617,174.143,1061.8426023456002,0
CRJ,D,20200402,000000,177.013,199.02,169.358,196.15,7386.912906868801,0
CRJ,D,20200403,000000,200.934,213.372,199.977,205.718,8426.807975110802,0
CRJ,D,20200406,000000,214.329,227.725,204.761,215.286,9819.953830353601,0
CRJ,D,20200407,000000,211.459,224.854,203.804,219.113,13521.771249160802,0
CRJ,D,20200408,000000,241.12,344.458,233.466,334.89,21961.120672330802,0
CRJ,D,20200409,000000,397.083,397.083,326.278,352.112,17113.85099745,0
CRJ,D,20200414,000000,406.652,429.615,325.321,368.379,25244.889822498004,0
CRJ,D,20200415,000000,366.465,366.465,299.487,304.271,21099.941238932402,0
CRJ,D,20200416,000000,307.142,329.149,298.53,329.149,7959.639034905601,0
CRJ,D,20200417,000000,334.89,341.587,291.832,306.185,14413.259182035601,0
CRJ,D,20200420,000000,333.933,399.954,323.408,392.299,15455.244491620802,0
CRJ,D,20200421,000000,392.299,400.911,356.897,391.342,8088.188877512401,0
CRJ,D,20200422,000000,389.429,459.277,388.472,447.795,8972.360965686,0
CRJ,D,20200423,000000,469.802,469.802,423.874,441.097,6411.8153202660005,0
CRJ,D,20200424,000000,430.572,440.141,418.134,421.961,3301.5362015844003,0
CRJ,D,20200427,000000,436.313,491.809,436.313,471.716,9207.513116796,0
CRJ,D,20200428,000000,499.464,510.946,480.327,497.55,6409.725078922801,0
CRJ,D,20200429,000000,535.823,535.823,487.982,497.55,5702.178384249601,0
CRJ,D,20200430,000000,507.118,516.687,489.896,516.687,5393.867786127601,0
CRJ,D,20200504,000000,526.255,564.528,526.255,553.046,9644.373557524801,0
CRJ,D,20200505,000000,564.528,566.442,528.169,543.478,5803.5550893948,0
CRJ,D,20200506,000000,549.219,554.96,526.255,533.91,2927.3830011516,0
CRJ,D,20200507,000000,533.91,541.564,512.859,531.996,1830.0062959716001,0
CRJ,D,20200508,000000,539.651,541.564,516.687,533.91,3063.2486884596,0
CRJ,D,20200511,000000,541.564,574.096,541.564,564.528,6368.9653727304,0
CRJ,D,20200512,000000,564.528,564.528,526.255,537.737,5104.369360094401,0
CRJ,D,20200513,000000,526.255,543.478,503.291,512.859,4610.027282427601,0
CRJ,D,20200514,000000,512.859,516.687,457.363,487.982,13488.327387669602,0
CRJ,D,20200515,000000,501.378,507.118,489.896,503.291,3417.544596132,0
CRJ,D,20200518,000000,507.118,539.651,507.118,531.996,3747.8027283576002,0
CRJ,D,20200519,000000,533.91,539.651,520.514,531.996,1041.9853095852002,0
CRJ,D,20200520,000000,531.996,553.046,524.341,551.133,1157.9937041328,0
CRJ,D,20200521,000000,553.046,554.96,520.514,541.564,1603.2151102344,0
CRJ,D,20200522,000000,541.564,551.133,533.91,551.133,668.8772298240001,0
CRJ,D,20200525,000000,560.701,629.592,551.133,629.592,5843.2696749156,0
CRJ,D,20200526,000000,652.556,763.548,614.283,708.052,4999.857292934401,0
CRJ,D,20200527,000000,698.484,717.62,650.643,650.643,5818.1867787972005,0
CRJ,D,20200528,000000,662.124,715.707,660.211,694.657,3925.4732425296006,0
CRJ,D,20200529,000000,696.57,708.052,692.743,696.57,952.1049318276001,0
CRJ,D,20200601,000000,687.002,715.707,687.002,715.707,1130.8205666712001,0
CRJ,D,20200602,000000,715.707,715.707,688.916,694.657,821.4648478776,0
CRJ,D,20200603,000000,696.57,696.57,664.038,667.865,2637.8845751184003,0
CRJ,D,20200604,000000,667.865,690.829,662.124,669.779,1330.4386149468,0
CRJ,D,20200605,000000,677.434,683.175,665.952,667.865,1009.5865687656001,0
CRJ,D,20200608,000000,673.606,685.088,641.074,673.606,4115.685204760801,0
CRJ,D,20200609,000000,669.779,685.088,658.297,685.088,1127.6852046564002,0
CRJ,D,20200610,000000,685.088,755.894,675.52,748.239,2706.862539444,0
CRJ,D,20200612,000000,704.225,734.843,679.347,729.102,2044.2560336496,0
CRJ,D,20200615,000000,725.275,755.894,704.225,748.239,1298.0398741272002,0
CRJ,D,20200616,000000,757.807,771.203,727.189,744.412,3266.00209875,0
CRJ,D,20200617,000000,734.843,849.663,734.843,842.008,3816.7806926832004,0
CRJ,D,20200618,000000,824.785,935.777,824.785,935.777,3788.5624345500005,0
CRJ,D,20200619,000000,935.777,956.827,872.627,930.036,4687.366212126,0
CRJ,D,20200622,000000,928.122,928.122,870.713,886.022,3374.6946485964004,0
CRJ,D,20200623,000000,874.54,895.59,855.404,870.713,1586.4931794888003,0
CRJ,D,20200624,000000,874.54,1014.24,874.54,966.396,4874.4428123424,0
CRJ,D,20200625,000000,990.316,1052.51,971.18,1033.37,3081.0157398768,0
CRJ,D,20200626,000000,1023.81,1215.17,1014.24,1109.92,6620.839454586001,0
CRJ,D,20200629,000000,1138.62,1191.25,1047.73,1109.92,4182.5729277432,0
CRJ,D,20200630,000000,1129.06,1129.06,1038.16,1062.08,2047.3913956644003,0
CRJ,D,20200701,000000,1081.21,1105.14,1009.45,1100.35,1877.0367261936,0
CRJ,D,20200702,000000,1100.35,1176.9,1090.78,1109.92,1425.5445960624002,0
CRJ,D,20200703,000000,1109.92,1109.92,1033.37,1071.65,3286.9045121820004,0
CRJ,D,20200706,000000,1138.62,1186.47,1071.65,1119.49,6753.569779879201,0
CRJ,D,20200707,000000,1100.35,1129.06,1042.94,1071.65,6075.286464010801,0
CRJ,D,20200708,000000,1081.21,1114.7,1071.65,1071.65,3853.3599161892002,0
CRJ,D,20200709,000000,1086,1086,1004.67,1004.67,5794.149003350401,0
CRJ,D,20200710,000000,1004.67,1148.19,1004.67,1114.7,12449.477440099201,0
CRJ,D,20200713,000000,1119.49,1200.82,1105.14,1186.47,3079.9706192052004,0
CRJ,D,20200714,000000,1196.03,1320.42,1162.55,1267.8,4296.4910809476005,0
CRJ,D,20200715,000000,1267.8,1286.93,1200.82,1239.09,1852.9989507468001,0
CRJ,D,20200716,000000,1243.88,1248.66,1167.33,1248.66,2070.3840504396003,0
CRJ,D,20200717,000000,1248.66,1325.21,1224.74,1306.07,4814.8709340612,0
CRJ,D,20200720,000000,1329.99,1339.56,1243.88,1296.5,2491.5676810944,0
CRJ,D,20200721,000000,1296.5,1296.5,1234.31,1243.88,4464.7555090752,0
CRJ,D,20200722,000000,1234.31,1243.88,1176.9,1205.6,2074.5645331260002,0
CRJ,D,20200723,000000,1176.9,1215.17,1119.49,1172.11,1841.5026233592002,0
CRJ,D,20200724,000000,1148.19,1148.19,1086,1124.27,3235.6935992736003,0
CRJ,D,20200727,000000,1124.27,1138.62,1081.21,1086,2803.0136412312004,0
CRJ,D,20200728,000000,1086,1277.36,1014.24,1062.08,10497.192025550401,0
CRJ,D,20200729,000000,1004.67,1167.33,961.611,1086,10308.025183990801,0
CRJ,D,20200730,000000,1100.35,1129.06,943.432,961.611,7242.686254188001,0
CRJ,D,20200731,000000,1004.67,1090.78,999.885,1028.59,3610.8919203780006,0
CRJ,D,20200803,000000,1019.02,1109.92,1019.02,1081.21,2179.076600286,0
CRJ,D,20200804,000000,1100.35,1119.49,1014.24,1052.51,2203.1143757328,0
CRJ,D,20200805,000000,1062.08,1081.21,1033.37,1066.86,1244.7387198756,0
CRJ,D,20200806,000000,1071.65,1100.35,1052.51,1071.65,2319.1227702804003,0
CRJ,D,20200807,000000,1071.65,1095.57,1038.16,1090.78,2151.9034628244003,0
CRJ,D,20200810,000000,1095.57,1100.35,1076.43,1086,670.9674711672001,0
CRJ,D,20200811,000000,1086,1086,1057.29,1066.86,593.6285414688001,0
CRJ,D,20200812,000000,1057.29,1066.86,1019.02,1047.73,1489.2969570300002,0
CRJ,D,20200813,000000,1052.51,1148.19,1033.37,1148.19,1882.2623295516003,0
CRJ,D,20200814,000000,1138.62,1138.62,1062.08,1129.06,2518.7408185560002,0
CRJ,D,20200817,000000,1114.7,1243.88,1100.35,1219.95,3901.4354670828,0
CRJ,D,20200818,000000,1215.17,1253.44,1186.47,1234.31,2473.8006296772,0
CRJ,D,20200819,000000,1239.09,1243.88,1181.68,1196.03,1031.5341028692,0
CRJ,D,20200820,000000,1162.55,1186.47,1133.84,1176.9,921.7964323512001,0
CRJ,D,20200821,000000,1143.41,1191.25,1105.14,1105.14,2475.8908710204,0
CRJ,D,20200824,000000,1119.49,1138.62,1095.57,1100.35,1428.6799580772001,0
CRJ,D,20200825,000000,1109.92,1114.7,1071.65,1100.35,1213.3850997276002,0
CRJ,D,20200826,000000,1100.35,1105.14,1081.21,1100.35,536.1469045308,0
CRJ,D,20200827,000000,1105.14,1186.47,1105.14,1176.9,1901.0745016404003,0
CRJ,D,20200828,000000,1186.47,1215.17,1157.76,1200.82,2811.3746066040003,0
CRJ,D,20200831,000000,1215.17,1239.09,1114.7,1138.62,2703.7271774292003,0
CRJ,D,20200901,000000,1129.06,1138.62,1052.51,1090.78,2074.5645331260002,0
CRJ,D,20200902,000000,1095.57,1100.35,1023.81,1057.29,2939.9244492108005,0
CRJ,D,20200903,000000,1066.86,1109.92,1047.73,1047.73,4511.7859392972005,0
CRJ,D,20200904,000000,1028.59,1052.51,1014.24,1023.81,2245.9643232684,0
CRJ,D,20200907,000000,1023.81,1090.78,1019.02,1042.94,1417.1836306896002,0
CRJ,D,20200908,000000,1033.37,1042.94,920.468,995.1,5195.294858523601,0
CRJ,D,20200909,000000,975.964,1023.81,971.18,1004.67,1081.6998951060002,0
CRJ,D,20200910,000000,1004.67,1014.24,961.611,966.396,1634.5687303824002,0
CRJ,D,20200911,000000,980.748,1033.37,947.259,999.885,1921.9769150724003,0
CRJ,D,20200914,000000,1014.24,1052.51,1014.24,1052.51,1346.1154250208,0
CRJ,D,20200915,000000,1052.51,1076.43,1004.67,1004.67,1501.8384050892003,0
CRJ,D,20200916,000000,1004.67,1042.94,999.885,1042.94,1162.1741868192,0
CRJ,D,20200917,000000,1042.94,1042.94,971.18,995.1,2345.2507870704003,0
CRJ,D,20200918,000000,990.316,1004.67,985.532,995.1,757.71248691,0
CRJ,D,20200921,000000,995.1,995.1,943.432,956.827,1440.1762854648002,0
CRJ,D,20200922,000000,954.914,971.18,947.259,947.259,1346.1154250208,0
CRJ,D,20200923,000000,953,956.827,901.331,916.641,2380.7848899048004,0
CRJ,D,20200924,000000,886.022,899.418,849.663,880.281,5625.884575222801,0
CRJ,D,20200925,000000,899.418,961.611,893.677,947.259,3022.4889822672003,0
CRJ,D,20200928,000000,971.18,1004.67,956.827,985.532,1223.8363064436,0
CRJ,D,20200929,000000,985.532,1004.67,956.827,971.18,912.3903463068001,0
CRJ,D,20200930,000000,961.611,975.964,937.691,975.964,6842.4050369652,0
CRJ,D,20201001,000000,975.964,1014.24,949.173,953,1156.9485834612,0
CRJ,D,20201002,000000,949.173,980.748,947.259,980.748,413.86778595360005,0
CRJ,D,20201005,000000,1004.67,1047.73,1004.67,1028.59,2627.4333684024004,0
CRJ,D,20201006,000000,1028.59,1052.51,975.964,975.964,1026.3084995112001,0
CRJ,D,20201007,000000,975.964,1004.67,971.18,985.532,605.1248688564001,0
CRJ,D,20201008,000000,995.1,1004.67,966.396,985.532,3716.4491082096006,0
CRJ,D,20201009,000000,966.396,980.748,941.518,971.18,2716.2686254884,0
CRJ,D,20201012,000000,995.1,999.885,971.18,980.748,1670.1028332168003,0
CRJ,D,20201013,000000,985.532,985.532,961.611,985.532,2096.5120672296002,0
CRJ,D,20201014,000000,966.396,971.18,943.432,971.18,2226.107030508,0
CRJ,D,20201015,000000,954.914,971.18,910.9,937.691,2253.2801679696004,0
CRJ,D,20201016,000000,908.986,956.827,908.986,954.914,2534.4176286300003,0
CRJ,D,20201019,000000,951.086,1124.27,930.036,1109.92,7755.840503943601,0
CRJ,D,20201020,000000,1095.57,1100.35,1033.37,1062.08,1334.6190976332002,0
CRJ,D,20201021,000000,1042.94,1076.43,975.964,1014.24,789.0661070580001,0
CRJ,D,20201022,000000,1004.67,1042.94,975.964,1019.02,1055.571878316,0
CRJ,D,20201023,000000,1009.45,1028.59,954.914,990.316,991.8195173484002,0
CRJ,D,20201026,000000,961.611,995.1,956.827,971.18,1056.6169989876,0
CRJ,D,20201027,000000,966.396,966.396,933.863,966.396,588.4029381108,0
CRJ,D,20201028,000000,956.827,961.611,861.145,918.554,4741.712487049201,0
CRJ,D,20201029,000000,916.641,954.914,887.936,953,2324.3483736384,0
CRJ,D,20201030,000000,935.777,937.691,899.418,928.122,666.7869884808001,0
CRJ,D,20201102,000000,937.691,953,931.95,947.259,424.31899266960005,0
CRJ,D,20201103,000000,943.432,966.396,922.382,947.259,865.3599160848,0
CRJ,D,20201104,000000,954.914,954.914,939.604,951.086,219.47534103600003,0
CRJ,D,20201105,000000,951.086,1023.81,951.086,1009.45,2525.0115425856,0
CRJ,D,20201106,000000,1004.67,1014.24,961.611,999.885,591.5383001256,0
CRJ,D,20201109,000000,1009.45,1023.81,961.611,985.532,1056.6169989876,0
CRJ,D,20201110,000000,990.316,990.316,920.468,985.532,570.6358866936,0
CRJ,D,20201112,000000,971.18,1038.16,971.18,1023.81,1261.4606506212,0
CRJ,D,20201113,000000,1028.59,1028.59,990.316,1009.45,300.9947534208,0
CRJ,D,20201116,000000,1019.02,1033.37,985.532,999.885,419.09338931160005,0
CRJ,D,20201117,000000,918.554,971.18,918.554,941.518,2226.107030508,0
CRJ,D,20201118,000000,924.295,956.827,924.295,930.036,538.237145874,0
CRJ,D,20201119,000000,935.777,945.345,930.036,941.518,464.0335781904,0
CRJ,D,20201120,000000,947.259,947.259,924.295,931.95,673.0577125104,0
CRJ,D,20201123,000000,937.691,937.691,903.245,931.95,753.5320042236001,0
CRJ,D,20201124,000000,931.95,933.863,914.727,928.122,526.7408184864,0
CRJ,D,20201125,000000,922.382,926.209,903.245,908.986,530.9213011728001,0
CRJ,D,20201126,000000,918.554,935.777,899.418,899.418,670.9674711672001,0
CRJ,D,20201127,000000,907.072,907.072,880.281,897.504,599.8992654984,0
CRJ,D,20201130,000000,889.849,897.504,861.145,868.799,1747.4417629152001,0
CRJ,D,20201201,000000,880.281,907.072,849.663,903.245,6135.903462963601,0
CRJ,D,20201202,000000,907.072,916.641,872.627,886.022,1112.0083945824001,0
CRJ,D,20201203,000000,886.022,899.418,874.54,880.281,644.8394543772,0
CRJ,D,20201204,000000,878.367,893.677,874.54,886.022,651.1101784068001,0
CRJ,D,20201207,000000,926.209,1004.67,901.331,999.885,4941.330535324801,0
CRJ,D,20201208,000000,975.964,990.316,961.611,975.964,612.4407135576,0
CRJ,D,20201209,000000,1004.67,1004.67,928.122,928.122,2151.9034628244003,0
CRJ,D,20201210,000000,937.691,971.18,928.122,956.827,1897.9391396256,0
CRJ,D,20201211,000000,956.827,966.396,901.331,931.95,1874.9464848504,0
CRJ,D,20201214,000000,931.95,937.691,889.849,899.418,2258.5057713276,0
CRJ,D,20201215,000000,924.295,990.316,910.9,954.914,1413.0031480032,0
CRJ,D,20201216,000000,947.259,953,930.036,947.259,499.56768102480004,0
CRJ,D,20201217,000000,947.259,953,931.95,945.345,794.2917104160001,0
CRJ,D,20201218,000000,949.173,949.173,908.986,928.122,933.2927597388001,0
CRJ,D,20201221,000000,912.813,926.209,889.849,918.554,582.1322140812,0
CRJ,D,20201222,000000,920.468,926.209,899.418,910.9,1074.3840504048,0
CRJ,D,20201223,000000,907.072,918.554,897.504,912.813,1077.5194124196,0
CRJ,D,20201228,000000,899.418,926.209,897.504,926.209,3668.373557316,0
CRJ,D,20201229,000000,926.209,1033.37,924.295,1019.02,2817.6453306336,0
CRJ,D,20201230,000000,1023.81,1062.08,999.885,1052.51,4387.416579376801,0
CRJ,D,20210104,000000,1052.51,1109.92,1052.51,1076.43,1808.0587618680001,0
CRJ,D,20210105,000000,1076.43,1143.41,1071.65,1109.92,2336.8898216976004,0
CRJ,D,20210107,000000,1109.92,1133.84,1071.65,1100.35,915.5257083216001,0
CRJ,D,20210108,000000,1100.35,1105.14,1052.51,1066.86,1470.4847849412001,0
CRJ,D,20210111,000000,1071.65,1119.49,1023.81,1057.29,1161.1290661476,0
CRJ,D,20210112,000000,1062.08,1090.78,1004.67,1042.94,2488.4323190796003,0
CRJ,D,20210113,000000,1042.94,1062.08,1033.37,1052.51,805.7880378036001,0
CRJ,D,20210114,000000,1062.08,1086,1033.37,1086,729.4942287768001,0
CRJ,D,20210115,000000,1052.51,1076.43,1028.59,1052.51,841.3221406380001,0
CRJ,D,20210118,000000,1028.59,1095.57,1028.59,1066.86,606.1699895280001,0
CRJ,D,20210119,000000,1071.65,1081.21,1038.16,1081.21,331.3032528972,0
CRJ,D,20210120,000000,1086,1167.33,1086,1129.06,2857.3599161544003,0
CRJ,D,20210121,000000,1162.55,1162.55,1124.27,1143.41,594.6736621404001,0
CRJ,D,20210122,000000,1143.41,1143.41,1076.43,1129.06,1044.0755509284002,0
CRJ,D,20210125,000000,1138.62,1152.98,1086,1095.57,781.7502623568001,0
CRJ,D,20210126,000000,1081.21,1109.92,1076.43,1100.35,566.4554040072001,0
CRJ,D,20210127,000000,1109.92,1133.84,1047.73,1052.51,1223.8363064436,0
CRJ,D,20210128,000000,1052.51,1090.78,1004.67,1071.65,1288.6337880828,0
CRJ,D,20210129,000000,1086,1138.62,1081.21,1133.84,1491.3871983732001,0
CRJ,D,20210201,000000,1133.84,1133.84,1076.43,1086,1390.010493228,0
CRJ,D,20210202,000000,1090.78,1119.49,1038.16,1081.21,1208.1594963696002,0
CRJ,D,20210203,000000,1071.65,1076.43,1023.81,1042.94,1697.2759706784002,0
CRJ,D,20210204,000000,1047.73,1047.73,990.316,999.885,1770.4344176904,0
CRJ,D,20210205,000000,999.885,1042.94,999.885,1014.24,1097.37670518,0
CRJ,D,20210208,000000,1009.45,1042.94,990.316,1004.67,1203.9790136832,0
CRJ,D,20210209,000000,1004.67,1009.45,961.611,990.316,1781.9307450780002,0
CRJ,D,20210210,000000,975.964,1033.37,933.863,1014.24,3607.7565583632004,0
CRJ,D,20210211,000000,1019.02,1023.81,995.1,1019.02,768.163693626,0
CRJ,D,20210212,000000,1019.02,1028.59,956.827,980.748,2930.5183631664004,0
CRJ,D,20210215,000000,971.18,995.1,961.611,985.532,1058.7072403308,0
CRJ,D,20210216,000000,956.827,985.532,951.086,985.532,3666.2833159728,0
CRJ,D,20210217,000000,985.532,985.532,966.396,975.964,406.5519412524,0
CRJ,D,20210218,000000,980.748,990.316,953,956.827,1224.8814271152,0
CRJ,D,20210219,000000,956.827,985.532,956.827,975.964,726.358866762,0
CRJ,D,20210222,000000,985.532,985.532,947.259,956.827,1005.4060860792001,0
CRJ,D,20210223,000000,947.259,954.914,916.641,953,1247.8740818904,0
CRJ,D,20210224,000000,947.259,990.316,947.259,980.748,983.4585519756001,0
CRJ,D,20210225,000000,985.532,985.532,953,961.611,386.69464849200006,0
CRJ,D,20210226,000000,947.259,951.086,928.122,947.259,846.5477439960001,0
CRJ,D,20210301,000000,939.604,961.611,939.604,954.914,736.810073478,0
CRJ,D,20210302,000000,954.914,954.914,939.604,947.259,317.71668416640006,0
CRJ,D,20210303,000000,947.259,953,899.418,910.9,1194.5729276388001,0
CRJ,D,20210304,000000,910.9,928.122,897.504,928.122,2112.1888773036003,0
CRJ,D,20210305,000000,920.468,947.259,901.331,939.604,368.9275970748,0
CRJ,D,20210308,000000,943.432,954.914,918.554,954.914,391.92025185000006,0
CRJ,D,20210309,000000,956.827,961.611,933.863,951.086,338.61909759840006,0
CRJ,D,20210310,000000,954.914,961.611,930.036,933.863,498.52256035320005,0
CRJ,D,20210311,000000,937.691,949.173,933.863,943.432,795.3368310876001,0
CRJ,D,20210312,000000,937.691,949.173,920.468,937.691,339.66421827000005,0
CRJ,D,20210315,000000,935.777,943.432,924.295,926.209,546.5981112468,0
CRJ,D,20210316,000000,926.209,947.259,926.209,941.518,261.28016790000004,0
CRJ,D,20210317,000000,937.691,951.086,908.986,930.036,656.3357817648001,0
CRJ,D,20210318,000000,935.777,975.964,935.777,954.914,848.6379853392001,0
CRJ,D,20210319,000000,954.914,971.18,947.259,966.396,442.08604408680003,0
CRJ,D,20210322,000000,975.964,975.964,943.432,954.914,244.55823715440002,0
CRJ,D,20210323,000000,954.914,956.827,931.95,945.345,235.15215111000003,0
CRJ,D,20210324,000000,947.259,949.173,928.122,949.173,428.49947535600006,0
CRJ,D,20210325,000000,945.345,961.611,933.863,953,328.16789088240006,0
CRJ,D,20210326,000000,937.691,954.914,928.122,943.432,593.6285414688001,0
CRJ,D,20210329,000000,945.345,951.086,928.122,941.518,488.07135363720005,0
CRJ,D,20210330,000000,933.863,945.345,928.122,935.777,372.06295908960004,0
CRJ,D,20210331,000000,928.122,935.777,908.986,926.209,679.3284365400001,0
CRJ,D,20210401,000000,918.554,926.209,910.9,912.813,550.7785939332,0
CRJ,D,20210406,000000,918.554,944.389,918.554,928.122,518.3798531136,0
CRJ,D,20210407,000000,939.604,939.604,913.77,931.95,551.8237146048001,0
CRJ,D,20210408,000000,931.95,938.648,899.418,899.418,1123.5047219700002,0
CRJ,D,20210409,000000,870.713,899.418,864.015,896.547,939.5634837684001,0
CRJ,D,20210412,000000,901.331,901.331,861.145,861.145,1736.9905561992002,0
CRJ,D,20210413,000000,860.188,875.497,852.533,873.583,1150.6778594316002,0
CRJ,D,20210414,000000,871.67,882.195,867.842,882.195,744.1259181792001,0
CRJ,D,20210415,000000,882.195,889.849,870.713,881.238,827.7355719072001,0
CRJ,D,20210416,000000,885.065,889.849,867.842,884.108,748.3064008656,0
CRJ,D,20210419,000000,885.065,899.418,851.576,899.418,1470.4847849412001,0
CRJ,D,20210420,000000,899.418,903.245,871.67,899.418,789.0661070580001,0
CRJ,D,20210421,000000,883.152,889.849,862.101,880.281,1049.3011542864,0
CRJ,D,20210422,000000,879.324,879.324,826.699,861.145,2370.3336831888,0
CRJ,D,20210423,000000,861.145,861.145,808.519,861.145,2375.5592865468,0
CRJ,D,20210426,000000,851.576,851.576,822.871,822.871,960.4658972004001,0
CRJ,D,20210427,000000,813.303,818.087,782.685,803.735,2283.5886674460003,0
CRJ,D,20210428,000000,792.253,828.612,753.98,826.699,3607.7565583632004,0
CRJ,D,20210429,000000,830.526,830.526,796.08,803.735,957.3305351856001,0
CRJ,D,20210430,000000,836.267,836.267,803.735,813.303,845.5026233244001,0
CRJ,D,20210504,000000,822.871,828.612,765.462,775.03,1662.7869885156001,0
CRJ,D,20210505,000000,770.246,803.735,761.635,797.994,1210.2497377128002,0
CRJ,D,20210506,000000,801.821,801.821,772.16,775.987,1832.0965373148001,0
CRJ,D,20210507,000000,775.03,788.426,763.548,788.426,1752.6673662732003,0
CRJ,D,20210510,000000,788.426,808.519,775.03,775.03,754.5771248952001,0
CRJ,D,20210511,000000,770.246,794.167,760.678,764.505,1212.3399790560002,0
CRJ,D,20210512,000000,764.505,777.901,741.541,765.462,1792.381951794,0
CRJ,D,20210513,000000,763.548,763.548,719.534,727.189,3191.7985310664003,0
CRJ,D,20210514,000000,746.325,781.728,727.189,781.728,1110.9632739108001,0
CRJ,D,20210517,000000,798.951,840.094,791.296,815.217,1300.1301154704001,0
CRJ,D,20210518,000000,815.217,815.217,783.642,790.339,417.0031479684,0
CRJ,D,20210519,000000,778.857,786.512,750.153,772.16,888.3525708600001,0
CRJ,D,20210520,000000,769.289,822.871,766.419,806.605,2086.0608605136003,0
CRJ,D,20210521,000000,807.562,840.094,806.605,832.44,748.3064008656,0
CRJ,D,20210524,000000,832.44,838.181,806.605,813.303,651.1101784068001,0
CRJ,D,20210525,000000,822.871,822.871,785.555,787.469,1311.6264428580002,0
CRJ,D,20210526,000000,802.778,830.526,796.08,812.346,1437.04092345,0
CRJ,D,20210527,000000,827.656,895.59,810.433,894.634,2610.7114376568,0
CRJ,D,20210528,000000,897.504,897.504,865.929,882.195,1069.1584470468001,0
CRJ,D,20210531,000000,891.763,904.202,880.281,904.202,2793.6075551868003,0
CRJ,D,20210601,000000,900.374,901.331,875.497,880.281,813.1038825048,0
CRJ,D,20210602,000000,885.065,888.893,865.929,883.152,1054.5267576444,0
CRJ,D,20210604,000000,883.152,889.849,865.929,873.583,691.8698845992001,0
CRJ,D,20210607,000000,943.432,943.432,886.979,886.979,1427.6348374056001,0
CRJ,D,20210608,000000,891.763,908.986,884.108,900.374,457.76285416080003,0
CRJ,D,20210609,000000,901.331,916.641,901.331,911.856,566.4554040072001,0
CRJ,D,20210610,000000,912.813,912.813,876.454,885.065,737.8551941496,0
CRJ,D,20210611,000000,885.065,885.065,814.26,857.317,5542.274921494801,0
CRJ,D,20210614,000000,879.324,904.202,879.324,885.065,2622.2077650444003,0
CRJ,D,20210615,000000,896.547,903.245,888.893,893.677,631.2528856464,0
CRJ,D,20210616,000000,906.115,906.115,863.058,884.108,1581.2675761308,0
CRJ,D,20210617,000000,888.893,888.893,861.145,866.886,610.3504722144,0
CRJ,D,20210618,000000,867.842,878.367,857.317,873.583,475.52990557800007,0
CRJ,D,20210621,000000,861.145,864.972,824.785,844.879,1267.7313746508,0
CRJ,D,20210622,000000,848.706,848.706,798.951,817.131,1756.8478489596002,0
CRJ,D,20210623,000000,813.303,813.303,769.289,783.642,3946.3756559616004,0
CRJ,D,20210624,000000,775.987,806.605,769.289,787.469,1295.9496327840002,0
CRJ,D,20210625,000000,784.598,792.253,771.203,778.857,803.6977964604001,0
CRJ,D,20210628,000000,779.814,782.685,765.462,770.246,601.9895068416,0
CRJ,D,20210629,000000,767.376,773.116,739.628,762.591,1237.4228751744001,0
CRJ,D,20210630,000000,762.591,779.814,732.93,760.678,2346.295907742,0
CRJ,D,20210701,000000,760.678,794.167,756.85,779.814,2353.6117524432,0
CRJ,D,20210702,000000,772.16,779.814,765.462,774.073,404.46169990920004,0
CRJ,D,20210705,000000,775.03,806.605,760.678,806.605,1348.205666364,0
CRJ,D,20210706,000000,810.433,832.44,803.735,816.174,871.6306401144001,0
CRJ,D,20210707,000000,813.303,816.174,805.649,811.39,312.49108080840006,0
CRJ,D,20210708,000000,807.562,813.303,796.08,802.778,1452.717733524,0
CRJ,D,20210709,000000,794.167,815.217,789.383,813.303,366.83735573160004,0
CRJ,D,20210712,000000,813.303,830.526,797.037,828.612,721.1332634040001,0
CRJ,D,20210713,000000,829.569,843.922,826.699,840.094,417.0031479684,0
CRJ,D,20210714,000000,832.44,847.749,814.26,814.26,727.4039874336,0
CRJ,D,20210715,000000,814.26,814.26,775.03,795.123,572.7261280368001,0
CRJ,D,20210716,000000,808.519,813.303,775.03,800.864,265.46065058640005,0
CRJ,D,20210719,000000,790.339,800.864,765.462,771.203,757.71248691,0
CRJ,D,20210720,000000,774.073,779.814,736.757,773.116,2418.4092340824004,0
CRJ,D,20210721,000000,772.16,773.116,746.325,750.153,701.2759706436001,0
CRJ,D,20210722,000000,758.764,775.03,751.109,775.03,467.16894020520004,0
CRJ,D,20210723,000000,775.03,775.03,726.232,740.584,2477.9811123636005,0
CRJ,D,20210726,000000,740.584,748.239,737.714,745.368,267.5508919296,0
CRJ,D,20210727,000000,750.153,760.678,736.757,741.541,577.9517313948,0
CRJ,D,20210728,000000,746.325,746.325,729.102,732.93,338.61909759840006,0
CRJ,D,20210729,000000,751.109,751.109,681.261,681.261,4876.533053685601,0
CRJ,D,20210730,000000,693.7,698.484,685.088,687.002,1353.431269722,0
CRJ,D,20210802,000000,674.563,746.325,673.606,746.325,3235.6935992736003,0
CRJ,D,20210803,000000,738.671,760.678,702.311,705.182,923.8866736944001,0
CRJ,D,20210804,000000,709.966,711.88,693.7,703.268,1323.1227702456001,0
CRJ,D,20210805,000000,704.225,727.189,693.7,727.189,1585.4480588172003,0
CRJ,D,20210806,000000,728.146,735.8,708.052,724.318,224.70094439400003,0
CRJ,D,20210809,000000,711.88,736.757,711.88,730.059,246.64847849760002,0
CRJ,D,20210810,000000,731.016,741.541,717.62,727.189,244.55823715440002,0
CRJ,D,20210811,000000,718.577,723.361,717.62,723.361,561.2298006492,0
CRJ,D,20210812,000000,720.491,764.505,720.491,736.757,1109.9181532392001,0
CRJ,D,20210813,000000,727.189,741.541,726.232,741.541,229.92654775200003,0
CRJ,D,20210816,000000,750.153,755.894,734.843,755.894,656.3357817648001,0
CRJ,D,20210817,000000,746.325,746.325,693.7,736.757,1696.2308500068002,0
CRJ,D,20210818,000000,738.671,739.628,718.577,725.275,157.8132214116,0
CRJ,D,20210819,000000,718.577,740.584,700.398,740.584,782.7953830284001,0
CRJ,D,20210820,000000,729.102,736.757,728.146,735.8,160.9485834264,0
CRJ,D,20210823,000000,731.016,754.937,715.707,732.93,715.907660046,0
CRJ,D,20210824,000000,746.325,754.937,733.887,741.541,1322.0776495740001,0
CRJ,D,20210825,000000,732.93,744.412,712.836,744.412,546.5981112468,0
CRJ,D,20210826,000000,746.325,746.325,717.62,744.412,588.4029381108,0
CRJ,D,20210827,000000,723.361,738.671,719.534,722.405,757.71248691,0
CRJ,D,20210830,000000,727.189,734.843,711.88,734.843,319.80692550960003,0
CRJ,D,20210831,000000,732.93,738.671,713.793,733.887,789.0661070580001,0
CRJ,D,20210901,000000,723.361,732.93,704.225,713.793,2374.5141658752004,0
CRJ,D,20210902,000000,706.139,722.405,703.268,718.577,332.3483735688,0
CRJ,D,20210903,000000,718.577,718.577,707.095,709.966,5589.305351716801,0
CRJ,D,20210906,000000,706.139,722.405,687.959,722.405,5630.065057909201,0
CRJ,D,20210907,000000,717.62,723.361,707.095,713.793,452.53725080280003,0
CRJ,D,20210908,000000,706.139,708.052,694.657,698.484,512.1091290840001,0
CRJ,D,20210909,000000,699.441,707.095,693.7,707.095,379.3788037908,0
CRJ,D,20210910,000000,707.095,711.88,693.7,711.88,405.5068205808,0
CRJ,D,20210913,000000,707.095,709.009,694.657,704.225,584.2224554244001,0
CRJ,D,20210914,000000,705.182,716.664,683.175,716.664,1115.1437565972,0
CRJ,D,20210915,000000,717.62,717.62,700.398,709.966,714.8625393744001,0
CRJ,D,20210916,000000,708.052,708.052,688.916,705.182,652.1552990784,0
CRJ,D,20210917,000000,695.613,705.182,688.916,704.225,827.7355719072001,0
CRJ,D,20210920,000000,690.829,698.484,668.822,698.484,2120.5498426764,0
CRJ,D,20210921,000000,689.872,689.872,658.297,669.779,1316.8520462160002,0
CRJ,D,20210922,000000,669.779,688.916,663.081,671.693,480.75550893600007,0
CRJ,D,20210923,000000,677.434,715.707,670.736,715.707,576.9066107232001,0
CRJ,D,20210924,000000,706.139,706.139,685.088,698.484,396.10073453640007,0
CRJ,D,20210927,000000,708.052,712.836,681.261,703.268,1124.5498426416002,0
CRJ,D,20210928,000000,707.095,707.095,688.916,705.182,350.11542498600005,0
CRJ,D,20210929,000000,706.139,706.139,688.916,697.527,487.02623296560006,0
CRJ,D,20210930,000000,687.002,698.484,681.261,698.484,759.8027282532,0
CRJ,D,20211001,000000,687.002,712.836,674.563,707.095,906.1196222772,0
CRJ,D,20211004,000000,707.095,732.93,690.829,719.534,1368.0629591244,0
CRJ,D,20211005,000000,725.275,725.275,672.65,706.139,3146.8583421876,0
CRJ,D,20211006,000000,694.657,702.311,686.045,694.657,1102.6023085380002,0
CRJ,D,20211007,000000,688.916,696.57,683.175,688.916,1004.3609654076001,0
CRJ,D,20211008,000000,687.002,707.095,685.088,707.095,822.5099685492,0
CRJ,D,20211011,000000,707.095,707.095,686.045,688.916,482.84575027920005,0
CRJ,D,20211012,000000,691.786,691.786,666.909,666.909,1555.1395593408001,0
CRJ,D,20211013,000000,666.909,678.391,662.124,669.779,1530.0566632224002,0
CRJ,D,20211014,000000,669.779,674.563,647.772,669.779,2001.4060861140001,0
CRJ,D,20211015,000000,668.822,668.822,652.556,664.038,706.5015740016,0
CRJ,D,20211018,000000,661.168,661.168,646.815,655.427,1309.5362015148,0
CRJ,D,20211019,000000,652.556,653.513,641.074,653.513,914.4805876500001,0
CRJ,D,20211020,000000,653.513,673.606,642.988,671.693,2183.2570829724004,0
CRJ,D,20211021,000000,671.693,698.484,671.693,696.57,1407.7775446452001,0
CRJ,D,20211022,000000,696.57,702.311,677.434,702.311,644.8394543772,0
CRJ,D,20211025,000000,702.311,702.311,683.175,698.484,538.237145874,0
CRJ,D,20211026,000000,693.7,696.57,686.045,695.613,725.3137460904001,0
CRJ,D,20211027,000000,697.527,697.527,664.995,686.045,1156.9485834612,0
CRJ,D,20211028,000000,684.132,691.786,670.736,690.829,437.9055614004,0
CRJ,D,20211029,000000,683.175,698.484,664.995,698.484,1461.0786988968002,0
CRJ,D,20211102,000000,682.218,690.829,675.52,689.872,362.65687304520003,0
CRJ,D,20211103,000000,682.218,688.916,673.606,688.916,904.0293809340001,0
CRJ,D,20211104,000000,683.175,702.311,681.261,698.484,543.4627492320001,0
CRJ,D,20211105,000000,693.7,715.707,690.829,715.707,2481.1164743784,0
CRJ,D,20211108,000000,714.75,736.757,709.966,728.146,1283.4081847248,0
CRJ,D,20211109,000000,728.146,729.102,715.707,723.361,315.6264428232,0
CRJ,D,20211110,000000,723.361,723.361,698.484,711.88,554.9590766196001,0
CRJ,D,20211112,000000,699.441,717.62,699.441,717.62,293.67890871960003,0
CRJ,D,20211115,000000,716.664,727.189,711.88,711.88,193.34732424600003,0
CRJ,D,20211116,000000,719.534,759.721,719.534,735.8,5650.9674713412005,0
CRJ,D,20211117,000000,736.757,752.066,728.146,731.016,760.8478489248001,0
CRJ,D,20211118,000000,731.973,784.598,705.182,783.642,3178.2119623356,0
CRJ,D,20211119,000000,784.598,791.296,753.023,753.023,907.1647429488,0
CRJ,D,20211122,000000,753.023,780.771,738.671,757.807,1145.4522560736002,0
CRJ,D,20211123,000000,753.98,753.98,694.657,744.412,3473.9811123984005,0
CRJ,D,20211124,000000,744.412,755.894,721.448,755.894,956.2854145140001,0
CRJ,D,20211125,000000,755.894,759.721,732.93,759.721,842.3672613096,0
CRJ,D,20211126,000000,745.368,745.368,721.448,741.541,1306.4008395,0
CRJ,D,20211129,000000,741.541,758.764,727.189,758.764,795.3368310876001,0
CRJ,D,20211130,000000,751.109,754.937,736.757,749.196,731.5844701200001,0
CRJ,D,20211201,000000,748.239,759.721,744.412,759.721,550.7785939332,0
CRJ,D,20211202,000000,759.721,769.289,751.109,764.505,889.3976915316001,0
CRJ,D,20211203,000000,765.462,775.03,757.807,775.03,1687.869884634,0
CRJ,D,20211206,000000,775.03,779.814,765.462,775.03,894.6232948896001,0
CRJ,D,20211207,000000,775.03,777.901,761.635,765.462,743.0807975076001,0
CRJ,D,20211208,000000,762.591,769.289,758.764,760.678,501.6579223680001,0
CRJ,D,20211209,000000,771.203,771.203,753.023,754.937,929.1122770524001,0
CRJ,D,20211210,000000,754.937,754.937,725.275,733.887,1145.4522560736002,0
CRJ,D,20211213,000000,738.671,759.721,716.664,759.721,1061.8426023456002,0
CRJ,D,20211214,000000,755.894,765.462,723.361,753.023,1190.3924449524002,0
CRJ,D,20211215,000000,753.023,755.894,709.009,731.016,1672.1930745600002,0
CRJ,D,20211216,000000,717.62,741.541,717.62,727.189,822.5099685492,0
CRJ,D,20211217,000000,728.146,732.93,703.268,717.62,858.0440713836001,0
CRJ,D,20211220,000000,708.052,725.275,698.484,725.275,1324.1678909172,0
CRJ,D,20211221,000000,725.275,736.757,703.268,736.757,1174.7156348784001,0
CRJ,D,20211222,000000,736.757,736.757,721.448,725.275,687.6894019128001,0
CRJ,D,20211223,000000,725.275,736.757,692.743,736.757,5019.714585694801,0
CRJ,D,20211227,000000,736.757,736.757,712.836,717.62,1225.9265477868,0
CRJ,D,20211228,000000,717.62,723.361,700.398,714.75,2517.6956978844,0
CRJ,D,20211229,000000,712.836,736.757,707.095,736.757,647.9748163920001,0
CRJ,D,20211230,000000,734.843,760.678,728.146,760.678,688.7345225844001,0
CRJ,D,20220103,000000,760.678,786.512,760.678,764.505,1453.7628541956,0
CRJ,D,20220104,000000,765.462,774.073,761.635,767.376,3350.6568731496004,0
CRJ,D,20220105,000000,765.462,765.462,753.98,758.764,220.52046170760002,0
CRJ,D,20220107,000000,757.807,771.203,751.109,769.289,462.98845751880003,0
CRJ,D,20220110,000000,773.116,806.605,773.116,794.167,2930.5183631664004,0
CRJ,D,20220111,000000,799.908,811.39,796.08,809.476,2045.3011543212,0
CRJ,D,20220112,000000,813.303,820.958,798.951,806.605,1928.2476391020002,0
CRJ,D,20220113,000000,806.605,817.131,788.426,806.605,1645.0199370984,0
CRJ,D,20220114,000000,806.605,815.217,799.908,808.519,481.80062960760006,0
CRJ,D,20220117,000000,803.735,810.433,793.21,807.562,1927.2025184304002,0
CRJ,D,20220118,000000,807.562,834.353,794.167,821.915,1708.772298066,0
CRJ,D,20220119,000000,817.131,820.958,794.167,803.735,1958.5561385784001,0
CRJ,D,20220120,000000,794.167,803.735,784.598,785.555,837.1416579516001,0
CRJ,D,20220121,000000,784.598,784.598,756.85,766.419,835.0514166084001,0
CRJ,D,20220124,000000,765.462,773.116,712.836,729.102,6348.0629592984005,0
CRJ,D,20220125,000000,731.973,754.937,729.102,735.8,1846.7282267172002,0
CRJ,D,20220126,000000,732.93,753.98,728.146,736.757,1652.3357817996002,0
CRJ,D,20220127,000000,727.189,727.189,708.052,720.491,1203.9790136832,0
CRJ,D,20220128,000000,717.62,721.448,710.923,717.62,406.5519412524,0
CRJ,D,20220131,000000,717.62,752.066,717.62,740.584,1235.3326338312002,0
CRJ,D,20220201,000000,751.109,775.03,742.498,755.894,2538.5981113164003,0
CRJ,D,20220202,000000,757.807,774.073,754.937,760.678,961.5110178720001,0
CRJ,D,20220203,000000,766.419,800.864,755.894,775.03,1092.151101822,0
CRJ,D,20220204,000000,782.685,783.642,743.455,760.678,1121.4144806268,0
CRJ,D,20220207,000000,760.678,765.462,745.368,754.937,702.3210913152001,0
CRJ,D,20220208,000000,753.98,763.548,750.153,759.721,680.3735572116001,0
CRJ,D,20220209,000000,746.325,777.901,745.368,772.16,737.8551941496,0
CRJ,D,20220210,000000,772.16,775.03,758.764,772.16,828.7806925788001,0
CRJ,D,20220211,000000,771.203,781.728,761.635,774.073,606.1699895280001,0
CRJ,D,20220214,000000,763.548,768.332,734.843,749.196,1553.0493179976002,0
CRJ,D,20220215,000000,746.325,780.771,738.671,773.116,944.7890871264001,0
CRJ,D,20220216,000000,779.814,782.685,763.548,770.246,1489.2969570300002,0
CRJ,D,20220217,000000,771.203,775.03,743.455,743.455,1186.2119622660002,0
CRJ,D,20220218,000000,741.541,748.239,717.62,717.62,1847.7733473888002,0
CRJ,D,20220221,000000,719.534,725.275,694.657,707.095,2004.5414481288003,0
CRJ,D,20220222,000000,693.7,757.807,693.7,754.937,1258.3252886064001,0
CRJ,D,20220223,000000,761.635,775.03,738.671,738.671,2506.1993704968004,0
CRJ,D,20220224,000000,698.484,731.973,660.211,694.657,3601.4858343336005,0
CRJ,D,20220225,000000,694.657,725.275,684.132,721.448,2522.9213012424,0
CRJ,D,20220228,000000,716.664,745.368,698.484,736.757,1177.8509968932,0
CRJ,D,20220301,000000,741.541,742.498,708.052,712.836,272.7764952876,0
CRJ,D,20220302,000000,709.009,709.009,681.261,699.441,969.8719832448,0
CRJ,D,20220303,000000,699.441,702.311,688.916,696.57,339.66421827000005,0
CRJ,D,20220304,000000,688.916,688.916,651.599,664.038,1048.2560336148001,0
CRJ,D,20220307,000000,650.643,660.211,604.715,639.161,2320.167890952,0
CRJ,D,20220308,000000,623.851,654.47,615.24,616.197,1330.4386149468,0
CRJ,D,20220309,000000,641.074,664.038,639.161,660.211,1327.303252932,0
CRJ,D,20220310,000000,662.124,679.347,653.513,661.168,626.0272822884001,0
CRJ,D,20220311,000000,661.168,669.779,658.297,667.865,697.0954879572,0
CRJ,D,20220314,000000,667.865,672.65,654.47,658.297,342.7995802848,0
CRJ,D,20220315,000000,664.995,669.779,639.161,669.779,475.52990557800007,0
CRJ,D,20220316,000000,668.822,687.002,650.643,665.952,1441.2214061364002,0
CRJ,D,20220317,000000,669.779,683.175,651.599,683.175,544.5078699036001,0
CRJ,D,20220318,000000,675.52,685.088,660.211,669.779,499.56768102480004,0
CRJ,D,20220321,000000,663.081,681.261,657.34,681.261,329.21301155400005,0
CRJ,D,20220322,000000,679.347,698.484,670.736,688.916,643.7943337056,0
CRJ,D,20220323,000000,690.829,706.139,679.347,679.347,1216.5204617424001,0
CRJ,D,20220324,000000,679.347,697.527,669.779,697.527,238.28751312480003,0
CRJ,D,20220325,000000,689.872,706.139,689.872,706.139,251.87408185560002,0
CRJ,D,20220328,000000,706.139,706.139,682.218,698.484,322.94228752440006,0
CRJ,D,20220329,000000,697.527,703.268,683.175,685.088,332.3483735688,0
CRJ,D,20220330,000000,688.916,696.57,685.088,685.088,193.34732424600003,0
CRJ,D,20220331,000000,684.132,684.132,670.736,676.477,361.61175237360004,0
CRJ,D,20220401,000000,674.563,702.311,668.822,702.311,622.8919202736,0
CRJ,D,20220404,000000,701.354,701.354,684.132,698.484,313.53620148000005,0
CRJ,D,20220405,000000,696.57,704.225,688.916,704.225,356.38614901560004,0
CRJ,D,20220406,000000,705.182,705.182,675.52,691.786,711.7271773596001,0
CRJ,D,20220407,000000,679.347,698.484,672.65,698.484,490.1615949804,0
CRJ,D,20220408,000000,690.829,716.664,676.477,716.664,875.8111228008,0
CRJ,D,20220411,000000,755.894,759.721,698.484,709.009,1677.4186779180002,0
CRJ,D,20220412,000000,709.009,709.009,679.347,692.743,749.3515215372,0
CRJ,D,20220413,000000,684.132,686.045,663.081,680.304,616.6211962440001,0
CRJ,D,20220414,000000,679.347,691.786,667.865,683.175,618.7114375872001,0
CRJ,D,20220419,000000,681.261,681.261,662.124,675.52,628.1175236316001,0
CRJ,D,20220420,000000,669.779,669.779,652.556,660.211,252.9192025272,0
CRJ,D,20220421,000000,655.427,668.822,646.815,651.599,354.29590767240006,0
CRJ,D,20220422,000000,651.599,686.045,642.988,669.779,636.4784890044001,0
CRJ,D,20220425,000000,642.988,658.297,623.851,658.297,885.2172088452,0
CRJ,D,20220426,000000,646.815,657.34,626.722,639.161,548.68835259,0
CRJ,D,20220427,000000,627.679,649.686,616.197,649.686,467.16894020520004,0
CRJ,D,20220428,000000,640.117,647.772,623.851,623.851,737.8551941496,0
CRJ,D,20220429,000000,630.549,650.643,611.413,650.643,754.5771248952001,0
CRJ,D,20220502,000000,629.592,650.643,617.154,647.772,419.09338931160005,0
CRJ,D,20220504,000000,649.686,649.686,631.506,632.463,375.19832110440007,0
CRJ,D,20220505,000000,637.247,647.772,623.851,641.074,302.03987409240005,0
CRJ,D,20220506,000000,631.506,640.117,608.542,635.333,666.7869884808001,0
CRJ,D,20220509,000000,622.895,631.506,610.456,620.981,270.68625394440005,0
CRJ,D,20220510,000000,620.024,620.981,596.103,607.585,541.3725078888001,0
CRJ,D,20220511,000000,611.413,611.413,596.103,598.974,357.43126968720003,0
CRJ,D,20220512,000000,592.276,592.276,559.744,564.528,788.0209863864001,0
CRJ,D,20220513,000000,566.442,574.096,552.089,570.269,964.6463798868001,0
CRJ,D,20220516,000000,566.442,569.312,537.737,549.219,907.1647429488,0
CRJ,D,20220517,000000,547.305,567.399,539.651,555.917,919.7061910080001,0
CRJ,D,20220518,000000,556.873,576.967,550.176,574.096,2877.2172089148003,0
CRJ,D,20220519,000000,564.528,564.528,549.219,556.873,151.54249738200002,0
CRJ,D,20220520,000000,554.96,580.794,547.305,579.837,628.1175236316001,0
CRJ,D,20220523,000000,578.881,608.542,576.01,587.492,455.67261281760005,0
CRJ,D,20220524,000000,587.492,587.492,559.744,562.614,436.86044072880003,0
CRJ,D,20220525,000000,560.701,560.701,531.996,554.96,692.9150052708001,0
CRJ,D,20220526,000000,550.176,570.269,531.996,570.269,545.5529905752,0
CRJ,D,20220527,000000,559.744,578.881,543.478,566.442,351.16054565760004,0
CRJ,D,20220530,000000,555.917,609.499,555.917,608.542,872.6757607860001,0
CRJ,D,20220531,000000,589.406,628.636,589.406,621.938,742.0356768360001,0
CRJ,D,20220601,000000,629.592,629.592,605.672,612.369,188.12172088800003,0
CRJ,D,20220602,000000,615.24,621.938,580.794,580.794,438.95068207200006,0
CRJ,D,20220603,000000,569.312,589.406,532.953,554.003,2166.5351522268,0
CRJ,D,20220606,000000,547.305,559.744,535.823,559.744,356.38614901560004,0
CRJ,D,20220607,000000,553.046,571.226,551.133,567.399,434.77019938560005,0
CRJ,D,20220608,000000,569.312,569.312,545.392,552.089,427.4543546844,0
CRJ,D,20220609,000000,551.133,554.003,535.823,535.823,437.9055614004,0
CRJ,D,20220610,000000,531.039,539.651,507.118,516.687,676.1930745252,0
CRJ,D,20220613,000000,497.55,515.73,473.63,473.63,1248.9192025620002,0
CRJ,D,20220614,000000,478.414,487.025,468.845,487.025,502.70304303960006,0
CRJ,D,20220615,000000,486.068,486.068,469.324,482.241,387.73976916360004,0
CRJ,D,20220617,000000,469.802,482.241,468.845,476.5,559.139559306,0
CRJ,D,20220620,000000,483,490,473,486.5,212,0
CRJ,D,20220621,000000,488,496,485,494,356,0
CRJ,D,20220622,000000,491.5,491.5,470,480,125,0
CRJ,D,20220623,000000,470,494,470,494,143,0
CRJ,D,20220624,000000,494,496.5,470,494.5,750,0
CRJ,D,20220627,000000,498,509,490,496.5,760,0
CRJ,D,20220628,000000,499,499,485,489,430,0
CRJ,D,20220629,000000,486,487.5,480,486.5,280,0
CRJ,D,20220630,000000,480,486,478,478,478,0
CRJ,D,20220701,000000,470,477.5,462,470,347,0
CRJ,D,20220704,000000,470,470,460,463,439,0
CRJ,D,20220705,000000,469,469,443.5,447.5,621,0
CRJ,D,20220706,000000,447,456,443.5,447,616,0
CRJ,D,20220707,000000,443,452.5,440.5,449.5,934,0
CRJ,D,20220708,000000,452,489,452,489,3113,0
CRJ,D,20220711,000000,489,545,475,520,4906,0
CRJ,D,20220712,000000,520,524,480,514,5662,0
CRJ,D,20220713,000000,513,538,501,538,1082,0
CRJ,D,20220714,000000,539,542,525,534,771,0
CRJ,D,20220715,000000,540,582,539,573,1230,0
CRJ,D,20220718,000000,578,584,560,574,1297,0
CRJ,D,20220719,000000,579,588,570,577,1185,0
CRJ,D,20220720,000000,586,586,568,574,235,0
CRJ,D,20220721,000000,570,588,570,588,2638,0
CRJ,D,20220722,000000,592,635,585,625,526,0
CRJ,D,20220725,000000,625,629,615,615,2663,0
CRJ,D,20220726,000000,622,622,561,563,807,0
CRJ,D,20220727,000000,570,585,570,583,340,0
CRJ,D,20220728,000000,589,591,581,582,113,0
CRJ,D,20220729,000000,594,615,583,615,401,0
CRJ,D,20220801,000000,615,615,598,613,165,0
CRJ,D,20220802,000000,614,647,614,647,680,0
CRJ,D,20220803,000000,647,713,644,690,1976,0
CRJ,D,20220804,000000,698,698,661,675,413,0
CRJ,D,20220805,000000,675,687,670,679,617,0
CRJ,D,20220808,000000,678,678,638,640,1242,0
CRJ,D,20220809,000000,650,660,630,644,674,0
CRJ,D,20220810,000000,647,647,614,629,416,0
CRJ,D,20220811,000000,616,673,616,660,463,0
CRJ,D,20220812,000000,668,668,642,644,492,0
CRJ,D,20220816,000000,645,649,630,634,192,0
CRJ,D,20220817,000000,650,672,645,658,513,0
CRJ,D,20220818,000000,657,675,651,660,205,0
CRJ,D,20220819,000000,675,675,658,660,83,0
CRJ,D,20220822,000000,662,668,622,622,293,0
CRJ,D,20220823,000000,625,637,622,632,328,0
CRJ,D,20220824,000000,621,633,605,620,425,0
CRJ,D,20220825,000000,620,639,608,608,164,0
CRJ,D,20220826,000000,607,618,601,609,143,0
CRJ,D,20220829,000000,612,612,570,610,828,0
CRJ,D,20220830,000000,610,619,572,590,3047,0
CRJ,D,20220831,000000,590,598,590,598,343,0
CRJ,D,20220901,000000,600,611,600,604,514,0
CRJ,D,20220902,000000,604,645,604,632,472,0
CRJ,D,20220905,000000,630,632,620,626,143,0
