<TICKER>,<PER>,<DATE>,<TIME>,<OPEN>,<HIGH>,<LOW>,<CLOSE>,<VOL>,<OPENINT>
1991.N,D,20180209,000000,991.6,991.6,991.6,991.6,0,0
1991.N,D,20180212,000000,991.51,991.51,991.51,991.51,0,0
1991.N,D,20180213,000000,993.56,993.56,993.56,993.56,0,0
1991.N,D,20180214,000000,994.59,994.59,994.59,994.59,0,0
1991.N,D,20180215,000000,994.52,994.52,994.52,994.52,0,0
1991.N,D,20180216,000000,994.68,994.68,994.68,994.68,0,0
1991.N,D,20180219,000000,993.32,993.32,993.32,993.32,0,0
1991.N,D,20180220,000000,992.13,992.13,992.13,992.13,0,0
1991.N,D,20180221,000000,992.3,992.3,992.3,992.3,0,0
1991.N,D,20180222,000000,993.47,993.47,993.47,993.47,0,0
1991.N,D,20180223,000000,993.4,993.4,993.4,993.4,0,0
1991.N,D,20180226,000000,993.8,993.8,993.8,993.8,0,0
1991.N,D,20180227,000000,994.69,994.69,994.69,994.69,0,0
1991.N,D,20180228,000000,992.77,992.77,992.77,992.77,0,0
1991.N,D,20180301,000000,991.11,991.11,991.11,991.11,0,0
1991.N,D,20180302,000000,988.98,988.98,988.98,988.98,0,0
1991.N,D,20180305,000000,989.63,989.63,989.63,989.63,0,0
1991.N,D,20180306,000000,991.02,991.02,991.02,991.02,0,0
1991.N,D,20180307,000000,992.41,992.41,992.41,992.41,0,0
1991.N,D,20180308,000000,992.03,992.03,992.03,992.03,0,0
1991.N,D,20180309,000000,993.28,993.28,993.28,993.28,0,0
1991.N,D,20180312,000000,994.58,994.58,994.58,994.58,0,0
1991.N,D,20180313,000000,992.72,992.72,992.72,992.72,0,0
1991.N,D,20180314,000000,992.28,992.28,992.28,992.28,0,0
1991.N,D,20180315,000000,991.84,991.84,991.84,991.84,0,0
1991.N,D,20180316,000000,990.24,990.24,990.24,990.24,0,0
1991.N,D,20180319,000000,987.41,987.41,987.41,987.41,0,0
1991.N,D,20180320,000000,987.75,987.75,987.75,987.75,0,0
1991.N,D,20180321,000000,990.62,990.62,990.62,990.62,0,0
1991.N,D,20180322,000000,987.39,987.39,987.39,987.39,0,0
1991.N,D,20180323,000000,985.36,985.36,985.36,985.36,0,0
1991.N,D,20180326,000000,984.27,984.27,984.27,984.27,0,0
1991.N,D,20180327,000000,984.82,984.82,984.82,984.82,0,0
1991.N,D,20180328,000000,980.94,980.94,980.94,980.94,0,0
1991.N,D,20180329,000000,982.47,982.47,982.47,982.47,0,0
1991.N,D,20180403,000000,983.65,983.65,983.65,983.65,0,0
1991.N,D,20180404,000000,982.5,982.5,982.5,982.5,0,0
1991.N,D,20180405,000000,986.05,986.05,986.05,986.05,0,0
1991.N,D,20180406,000000,986.96,986.96,986.96,986.96,0,0
1991.N,D,20180409,000000,988.11,988.11,988.11,988.11,0,0
1991.N,D,20180410,000000,988.49,988.49,988.49,988.49,0,0
1991.N,D,20180411,000000,987.29,987.29,987.29,987.29,0,0
1991.N,D,20180412,000000,989.04,989.04,989.04,989.04,0,0
1991.N,D,20180413,000000,989.2,989.2,989.2,989.2,0,0
1991.N,D,20180416,000000,988.02,988.02,988.02,988.02,0,0
1991.N,D,20180417,000000,987.81,987.81,987.81,987.81,0,0
1991.N,D,20180418,000000,990.06,990.06,990.06,990.06,0,0
1991.N,D,20180419,000000,990.1,990.1,990.1,990.1,0,0
1991.N,D,20180420,000000,988.1,988.1,988.1,988.1,0,0
1991.N,D,20180423,000000,987.05,987.05,987.05,987.05,0,0
1991.N,D,20180424,000000,986.34,986.34,986.34,986.34,0,0
1991.N,D,20180425,000000,984.72,984.72,984.72,984.72,0,0
1991.N,D,20180426,000000,985.67,985.67,985.67,985.67,0,0
1991.N,D,20180427,000000,986.54,986.54,986.54,986.54,0,0
1991.N,D,20180430,000000,986.78,986.78,986.78,986.78,0,0
1991.N,D,20180502,000000,986.24,986.24,986.24,986.24,0,0
1991.N,D,20180504,000000,982.27,982.27,982.27,982.27,0,0
1991.N,D,20180507,000000,981.58,981.58,981.58,981.58,0,0
1991.N,D,20180508,000000,979.38,979.38,979.38,979.38,0,0
1991.N,D,20180509,000000,981.18,981.18,981.18,981.18,0,0
1991.N,D,20180510,000000,983.03,983.03,983.03,983.03,0,0
1991.N,D,20180511,000000,986.04,986.04,986.04,986.04,0,0
1991.N,D,20180514,000000,986.63,986.63,986.63,986.63,0,0
1991.N,D,20180515,000000,982.53,982.53,982.53,982.53,0,0
1991.N,D,20180516,000000,983.32,983.32,983.32,983.32,0,0
1991.N,D,20180517,000000,982.5,982.5,982.5,982.5,0,0
1991.N,D,20180518,000000,980.17,980.17,980.17,980.17,0,0
1991.N,D,20180521,000000,980.89,980.89,980.89,980.89,0,0
1991.N,D,20180522,000000,980.64,980.64,980.64,980.64,0,0
1991.N,D,20180523,000000,976.69,976.69,976.69,976.69,0,0
1991.N,D,20180524,000000,977.94,977.94,977.94,977.94,0,0
1991.N,D,20180525,000000,978.07,978.07,978.07,978.07,0,0
1991.N,D,20180528,000000,979.66,979.66,979.66,979.66,0,0
1991.N,D,20180529,000000,975.66,975.66,975.66,975.66,0,0
1991.N,D,20180530,000000,975.27,975.27,975.27,975.27,0,0
1991.N,D,20180601,000000,976.05,976.05,976.05,976.05,0,0
1991.N,D,20180604,000000,976.33,976.33,976.33,976.33,0,0
1991.N,D,20180605,000000,977.77,977.77,977.77,977.77,0,0
1991.N,D,20180606,000000,977.2,977.2,977.2,977.2,0,0
1991.N,D,20180607,000000,978.9,978.9,978.9,978.9,0,0
1991.N,D,20180608,000000,977.12,977.12,977.12,977.12,0,0
1991.N,D,20180611,000000,976.26,976.26,976.26,976.26,0,0
1991.N,D,20180612,000000,976.64,976.64,976.64,976.64,0,0
1991.N,D,20180613,000000,975.51,975.51,975.51,975.51,0,0
1991.N,D,20180614,000000,976.07,976.07,976.07,976.07,0,0
1991.N,D,20180615,000000,972.77,972.77,972.77,972.77,0,0
1991.N,D,20180618,000000,968.34,968.34,968.34,968.34,0,0
1991.N,D,20180619,000000,966.09,966.09,966.09,966.09,0,0
1991.N,D,20180620,000000,967.88,967.88,967.88,967.88,0,0
1991.N,D,20180621,000000,966.99,966.99,966.99,966.99,0,0
1991.N,D,20180622,000000,966.74,966.74,966.74,966.74,0,0
1991.N,D,20180625,000000,964.97,964.97,964.97,964.97,0,0
1991.N,D,20180626,000000,962.45,962.45,962.45,962.45,0,0
1991.N,D,20180627,000000,962.85,962.85,962.85,962.85,0,0
1991.N,D,20180628,000000,959.54,959.54,959.54,959.54,0,0
1991.N,D,20180629,000000,963.53,963.53,963.53,963.53,0,0
1991.N,D,20180702,000000,961.6,961.6,961.6,961.6,0,0
1991.N,D,20180703,000000,962.96,962.96,962.96,962.96,0,0
1991.N,D,20180704,000000,965.67,965.67,965.67,965.67,0,0
1991.N,D,20180705,000000,966.17,966.17,966.17,966.17,0,0
1991.N,D,20180706,000000,964.56,964.56,964.56,964.56,0,0
1991.N,D,20180709,000000,964.46,964.46,964.46,964.46,0,0
1991.N,D,20180710,000000,965.87,965.87,965.87,965.87,0,0
1991.N,D,20180711,000000,962.24,962.24,962.24,962.24,0,0
1991.N,D,20180712,000000,962.43,962.43,962.43,962.43,0,0
1991.N,D,20180713,000000,962.06,962.06,962.06,962.06,0,0
1991.N,D,20180716,000000,961.21,961.21,961.21,961.21,0,0
1991.N,D,20180717,000000,961.05,961.05,961.05,961.05,0,0
1991.N,D,20180718,000000,961.11,961.11,961.11,961.11,0,0
1991.N,D,20180719,000000,960.44,960.44,960.44,960.44,0,0
1991.N,D,20180720,000000,962.43,962.43,962.43,962.43,0,0
1991.N,D,20180723,000000,963.38,963.38,963.38,963.38,0,0
1991.N,D,20180724,000000,966.04,966.04,966.04,966.04,0,0
1991.N,D,20180725,000000,966.52,966.52,966.52,966.52,0,0
1991.N,D,20180726,000000,969.12,969.12,969.12,969.12,0,0
1991.N,D,20180727,000000,968.86,968.86,968.86,968.86,0,0
1991.N,D,20180730,000000,969.04,969.04,969.04,969.04,0,0
1991.N,D,20180731,000000,968.94,968.94,968.94,968.94,0,0
1991.N,D,20180801,000000,969.35,969.35,969.35,969.35,0,0
1991.N,D,20180802,000000,965.82,965.82,965.82,965.82,0,0
1991.N,D,20180803,000000,967.46,967.46,967.46,967.46,0,0
1991.N,D,20180806,000000,967.5,967.5,967.5,967.5,0,0
1991.N,D,20180807,000000,967.65,967.65,967.65,967.65,0,0
1991.N,D,20180808,000000,969.35,969.35,969.35,969.35,0,0
1991.N,D,20180809,000000,970.44,970.44,970.44,970.44,0,0
1991.N,D,20180810,000000,964.65,964.65,964.65,964.65,0,0
1991.N,D,20180813,000000,962.48,962.48,962.48,962.48,0,0
1991.N,D,20180814,000000,962.45,962.45,962.45,962.45,0,0
1991.N,D,20180816,000000,961.83,961.83,961.83,961.83,0,0
1991.N,D,20180817,000000,960.54,960.54,960.54,960.54,0,0
1991.N,D,20180820,000000,959.94,959.94,959.94,959.94,0,0
1991.N,D,20180821,000000,962.33,962.33,962.33,962.33,0,0
1991.N,D,20180822,000000,962,962,962,962,0,0
1991.N,D,20180823,000000,962.21,962.21,962.21,962.21,0,0
1991.N,D,20180824,000000,962.06,962.06,962.06,962.06,0,0
1991.N,D,20180827,000000,965.03,965.03,965.03,965.03,0,0
1991.N,D,20180828,000000,965.42,965.42,965.42,965.42,0,0
1991.N,D,20180829,000000,964.9,964.9,964.9,964.9,0,0
1991.N,D,20180830,000000,963.63,963.63,963.63,963.63,0,0
1991.N,D,20180831,000000,962.05,962.05,962.05,962.05,0,0
1991.N,D,20180903,000000,959.25,959.25,959.25,959.25,0,0
1991.N,D,20180904,000000,955.95,955.95,955.95,955.95,0,0
1991.N,D,20180905,000000,952.86,952.86,952.86,952.86,0,0
1991.N,D,20180906,000000,950.42,950.42,950.42,950.42,0,0
1991.N,D,20180907,000000,949.05,949.05,949.05,949.05,0,0
1991.N,D,20180910,000000,949.62,949.62,949.62,949.62,0,0
1991.N,D,20180911,000000,948.33,948.33,948.33,948.33,0,0
1991.N,D,20180912,000000,947.63,947.63,947.63,947.63,0,0
1991.N,D,20180913,000000,949.88,949.88,949.88,949.88,0,0
1991.N,D,20180914,000000,951.23,951.23,951.23,951.23,0,0
1991.N,D,20180917,000000,949.29,949.29,949.29,949.29,0,0
1991.N,D,20180918,000000,951.41,951.41,951.41,951.41,0,0
1991.N,D,20180919,000000,954.08,954.08,954.08,954.08,0,0
1991.N,D,20180920,000000,955.08,955.08,955.08,955.08,0,0
1991.N,D,20180921,000000,955.07,955.07,955.07,955.07,0,0
1991.N,D,20180924,000000,956.46,956.46,956.46,956.46,0,0
1991.N,D,20180925,000000,956.61,956.61,956.61,956.61,0,0
1991.N,D,20180926,000000,957.18,957.18,957.18,957.18,0,0
1991.N,D,20180927,000000,957.69,957.69,957.69,957.69,0,0
1991.N,D,20180928,000000,956.03,956.03,956.03,956.03,0,0
1991.N,D,20181001,000000,956.15,956.15,956.15,956.15,0,0
1991.N,D,20181002,000000,955.9,955.9,955.9,955.9,0,0
1991.N,D,20181003,000000,956.95,956.95,956.95,956.95,0,0
1991.N,D,20181004,000000,954.83,954.83,954.83,954.83,0,0
1991.N,D,20181005,000000,953.49,953.49,953.49,953.49,0,0
1991.N,D,20181008,000000,950.6,950.6,950.6,950.6,0,0
1991.N,D,20181009,000000,951.21,951.21,951.21,951.21,0,0
1991.N,D,20181010,000000,947.77,947.77,947.77,947.77,0,0
1991.N,D,20181011,000000,945.35,945.35,945.35,945.35,0,0
1991.N,D,20181012,000000,947.14,947.14,947.14,947.14,0,0
1991.N,D,20181015,000000,947.25,947.25,947.25,947.25,0,0
1991.N,D,20181016,000000,950.42,950.42,950.42,950.42,0,0
1991.N,D,20181017,000000,950.85,950.85,950.85,950.85,0,0
1991.N,D,20181018,000000,949.47,949.47,949.47,949.47,0,0
1991.N,D,20181019,000000,948.52,948.52,948.52,948.52,0,0
1991.N,D,20181022,000000,947.68,947.68,947.68,947.68,0,0
1991.N,D,20181023,000000,943.27,943.27,943.27,943.27,0,0
1991.N,D,20181024,000000,942.67,942.67,942.67,942.67,0,0
1991.N,D,20181025,000000,942.6,942.6,942.6,942.6,0,0
1991.N,D,20181026,000000,940.01,940.01,940.01,940.01,0,0
1991.N,D,20181029,000000,939.34,939.34,939.34,939.34,0,0
1991.N,D,20181030,000000,939.99,939.99,939.99,939.99,0,0
1991.N,D,20181031,000000,943.12,943.12,943.12,943.12,0,0
1991.N,D,20181102,000000,947.54,947.54,947.54,947.54,0,0
1991.N,D,20181105,000000,948.67,948.67,948.67,948.67,0,0
1991.N,D,20181106,000000,947.61,947.61,947.61,947.61,0,0
1991.N,D,20181107,000000,950.01,950.01,950.01,950.01,0,0
1991.N,D,20181108,000000,949.75,949.75,949.75,949.75,0,0
1991.N,D,20181109,000000,946.13,946.13,946.13,946.13,0,0
1991.N,D,20181113,000000,943.77,943.77,943.77,943.77,0,0
1991.N,D,20181114,000000,943.09,943.09,943.09,943.09,0,0
1991.N,D,20181115,000000,940.97,940.97,940.97,940.97,0,0
1991.N,D,20181116,000000,936.77,936.77,936.77,936.77,0,0
1991.N,D,20181119,000000,937.98,937.98,937.98,937.98,0,0
1991.N,D,20181120,000000,934.28,934.28,934.28,934.28,0,0
1991.N,D,20181121,000000,938.13,938.13,938.13,938.13,0,0
1991.N,D,20181122,000000,940.02,940.02,940.02,940.02,0,0
1991.N,D,20181123,000000,940.42,940.42,940.42,940.42,0,0
1991.N,D,20181126,000000,940.41,940.41,940.41,940.41,0,0
1991.N,D,20181127,000000,941.2,941.2,941.2,941.2,0,0
1991.N,D,20181128,000000,944.63,944.63,944.63,944.63,0,0
1991.N,D,20181129,000000,948.14,948.14,948.14,948.14,0,0
1991.N,D,20181130,000000,948.04,948.04,948.04,948.04,0,0
1991.N,D,20181203,000000,951.92,951.92,951.92,951.92,0,0
1991.N,D,20181204,000000,951.01,951.01,951.01,951.01,0,0
1991.N,D,20181205,000000,949.64,949.64,949.64,949.64,0,0
1991.N,D,20181206,000000,943.71,943.71,943.71,943.71,0,0
1991.N,D,20181207,000000,942.81,942.81,942.81,942.81,0,0
1991.N,D,20181210,000000,939.37,939.37,939.37,939.37,0,0
1991.N,D,20181211,000000,939.2,939.2,939.2,939.2,0,0
1991.N,D,20181212,000000,943.86,943.86,943.86,943.86,0,0
1991.N,D,20181213,000000,947.04,947.04,947.04,947.04,0,0
1991.N,D,20181214,000000,947.38,947.38,947.38,947.38,0,0
1991.N,D,20181217,000000,944.05,944.05,944.05,944.05,0,0
1991.N,D,20181218,000000,945.22,945.22,945.22,945.22,0,0
1991.N,D,20181219,000000,946.42,946.42,946.42,946.42,0,0
1991.N,D,20181220,000000,944.29,944.29,944.29,944.29,0,0
1991.N,D,20181221,000000,941.59,941.59,941.59,941.59,0,0
1991.N,D,20181227,000000,939.29,939.29,939.29,939.29,0,0
1991.N,D,20181228,000000,943.24,943.24,943.24,943.24,0,0
1991.N,D,20190102,000000,944.63,944.63,944.63,944.63,0,0
1991.N,D,20190103,000000,938.26,938.26,938.26,938.26,0,0
1991.N,D,20190104,000000,941.3,941.3,941.3,941.3,0,0
1991.N,D,20190107,000000,945.27,945.27,945.27,945.27,0,0
1991.N,D,20190108,000000,945.28,945.28,945.28,945.28,0,0
1991.N,D,20190109,000000,947.16,947.16,947.16,947.16,0,0
1991.N,D,20190110,000000,947.21,947.21,947.21,947.21,0,0
1991.N,D,20190111,000000,948.75,948.75,948.75,948.75,0,0
1991.N,D,20190114,000000,947.89,947.89,947.89,947.89,0,0
1991.N,D,20190115,000000,949.82,949.82,949.82,949.82,0,0
1991.N,D,20190116,000000,953.21,953.21,953.21,953.21,0,0
1991.N,D,20190117,000000,953.14,953.14,953.14,953.14,0,0
1991.N,D,20190118,000000,955.59,955.59,955.59,955.59,0,0
1991.N,D,20190121,000000,954.62,954.62,954.62,954.62,0,0
1991.N,D,20190122,000000,953.47,953.47,953.47,953.47,0,0
1991.N,D,20190123,000000,957.31,957.31,957.31,957.31,0,0
1991.N,D,20190124,000000,959.4,959.4,959.4,959.4,0,0
1991.N,D,20190125,000000,960.16,960.16,960.16,960.16,0,0
1991.N,D,20190128,000000,958.68,958.68,958.68,958.68,0,0
1991.N,D,20190129,000000,959.21,959.21,959.21,959.21,0,0
1991.N,D,20190130,000000,958.43,958.43,958.43,958.43,0,0
1991.N,D,20190131,000000,960.89,960.89,960.89,960.89,0,0
1991.N,D,20190201,000000,961.77,961.77,961.77,961.77,0,0
1991.N,D,20190204,000000,961.4,961.4,961.4,961.4,0,0
1991.N,D,20190205,000000,964.31,964.31,964.31,964.31,0,0
1991.N,D,20190206,000000,965.27,965.27,965.27,965.27,0,0
1991.N,D,20190207,000000,961.7,961.7,961.7,961.7,0,0
1991.N,D,20190208,000000,961.33,961.33,961.33,961.33,0,0
1991.N,D,20190211,000000,961.56,961.56,961.56,961.56,0,0
1991.N,D,20190212,000000,962.83,962.83,962.83,962.83,0,0
1991.N,D,20190213,000000,960.71,960.71,960.71,960.71,0,0
1991.N,D,20190214,000000,958.25,958.25,958.25,958.25,0,0
1991.N,D,20190215,000000,960.37,960.37,960.37,960.37,0,0
1991.N,D,20190218,000000,959.98,959.98,959.98,959.98,0,0
1991.N,D,20190219,000000,959.9,959.9,959.9,959.9,0,0
1991.N,D,20190220,000000,963.43,963.43,963.43,963.43,0,0
1991.N,D,20190221,000000,962.06,962.06,962.06,962.06,0,0
1991.N,D,20190222,000000,963.19,963.19,963.19,963.19,0,0
1991.N,D,20190225,000000,964.42,964.42,964.42,964.42,0,0
1991.N,D,20190226,000000,964.34,964.34,964.34,964.34,0,0
1991.N,D,20190227,000000,963.04,963.04,963.04,963.04,0,0
1991.N,D,20190228,000000,962.46,962.46,962.46,962.46,0,0
1991.N,D,20190301,000000,963.76,963.76,963.76,963.76,0,0
1991.N,D,20190304,000000,963.46,963.46,963.46,963.46,0,0
1991.N,D,20190305,000000,963,963,963,963,0,0
1991.N,D,20190306,000000,963.73,963.73,963.73,963.73,0,0
1991.N,D,20190307,000000,962.08,962.08,962.08,962.08,0,0
1991.N,D,20190308,000000,960.57,960.57,960.57,960.57,0,0
1991.N,D,20190311,000000,960.52,960.52,960.52,960.52,0,0
1991.N,D,20190312,000000,961.06,961.06,961.06,961.06,0,0
1991.N,D,20190313,000000,962.78,962.78,962.78,962.78,0,0
1991.N,D,20190314,000000,963.43,963.43,963.43,963.43,0,0
1991.N,D,20190315,000000,966.26,966.26,966.26,966.26,0,0
1991.N,D,20190318,000000,967.11,967.11,967.11,967.11,0,0
1991.N,D,20190319,000000,967.82,967.82,967.82,967.82,0,0
1991.N,D,20190320,000000,967.73,967.73,967.73,967.73,0,0
1991.N,D,20190321,000000,968.55,968.55,968.55,968.55,0,0
1991.N,D,20190322,000000,964.6,964.6,964.6,964.6,0,0
1991.N,D,20190325,000000,962.08,962.08,962.08,962.08,0,0
1991.N,D,20190326,000000,963.13,963.13,963.13,963.13,0,0
1991.N,D,20190327,000000,962.17,962.17,962.17,962.17,0,0
1991.N,D,20190328,000000,962.4,962.4,962.4,962.4,0,0
1991.N,D,20190329,000000,963.61,963.61,963.61,963.61,0,0
1991.N,D,20190401,000000,966.17,966.17,966.17,966.17,0,0
1991.N,D,20190402,000000,970.28,970.28,970.28,970.28,0,0
1991.N,D,20190403,000000,973.66,973.66,973.66,973.66,0,0
1991.N,D,20190404,000000,972.46,972.46,972.46,972.46,0,0
1991.N,D,20190405,000000,970.44,970.44,970.44,970.44,0,0
1991.N,D,20190408,000000,970.42,970.42,970.42,970.42,0,0
1991.N,D,20190409,000000,971.52,971.52,971.52,971.52,0,0
1991.N,D,20190410,000000,973.06,973.06,973.06,973.06,0,0
1991.N,D,20190411,000000,971.89,971.89,971.89,971.89,0,0
1991.N,D,20190412,000000,971.44,971.44,971.44,971.44,0,0
1991.N,D,20190415,000000,970.91,970.91,970.91,970.91,0,0
1991.N,D,20190416,000000,972.26,972.26,972.26,972.26,0,0
1991.N,D,20190417,000000,973.27,973.27,973.27,973.27,0,0
1991.N,D,20190418,000000,971.41,971.41,971.41,971.41,0,0
1991.N,D,20190423,000000,971.41,971.41,971.41,971.41,0,0
1991.N,D,20190424,000000,970.88,970.88,970.88,970.88,0,0
1991.N,D,20190425,000000,969.65,969.65,969.65,969.65,0,0
1991.N,D,20190426,000000,970.68,970.68,970.68,970.68,0,0
1991.N,D,20190429,000000,969.92,969.92,969.92,969.92,0,0
1991.N,D,20190430,000000,966.5,966.5,966.5,966.5,0,0
1991.N,D,20190502,000000,964.33,964.33,964.33,964.33,0,0
1991.N,D,20190506,000000,960.79,960.79,960.79,960.79,0,0
1991.N,D,20190507,000000,955.9,955.9,955.9,955.9,0,0
1991.N,D,20190508,000000,954.54,954.54,954.54,954.54,0,0
1991.N,D,20190509,000000,950.72,950.72,950.72,950.72,0,0
1991.N,D,20190510,000000,952.05,952.05,952.05,952.05,0,0
1991.N,D,20190513,000000,948.91,948.91,948.91,948.91,0,0
1991.N,D,20190514,000000,948.99,948.99,948.99,948.99,0,0
1991.N,D,20190515,000000,949.02,949.02,949.02,949.02,0,0
1991.N,D,20190516,000000,950.51,950.51,950.51,950.51,0,0
1991.N,D,20190517,000000,950.01,950.01,950.01,950.01,0,0
1991.N,D,20190520,000000,947.82,947.82,947.82,947.82,0,0
1991.N,D,20190521,000000,949.4,949.4,949.4,949.4,0,0
1991.N,D,20190522,000000,951.18,951.18,951.18,951.18,0,0
1991.N,D,20190523,000000,948.19,948.19,948.19,948.19,0,0
1991.N,D,20190524,000000,949.75,949.75,949.75,949.75,0,0
1991.N,D,20190527,000000,949.46,949.46,949.46,949.46,0,0
1991.N,D,20190528,000000,950.22,950.22,950.22,950.22,0,0
1991.N,D,20190529,000000,949.43,949.43,949.43,949.43,0,0
1991.N,D,20190530,000000,952.59,952.59,952.59,952.59,0,0
1991.N,D,20190531,000000,953.99,953.99,953.99,953.99,0,0
1991.N,D,20190603,000000,953.8,953.8,953.8,953.8,0,0
1991.N,D,20190604,000000,953.61,953.61,953.61,953.61,0,0
1991.N,D,20190605,000000,953.56,953.56,953.56,953.56,0,0
1991.N,D,20190606,000000,956.43,956.43,956.43,956.43,0,0
1991.N,D,20190607,000000,959.97,959.97,959.97,959.97,0,0
1991.N,D,20190610,000000,959.85,959.85,959.85,959.85,0,0
1991.N,D,20190611,000000,961.4,961.4,961.4,961.4,0,0
1991.N,D,20190612,000000,959.36,959.36,959.36,959.36,0,0
1991.N,D,20190613,000000,961.44,961.44,961.44,961.44,0,0
1991.N,D,20190614,000000,960.45,960.45,960.45,960.45,0,0
1991.N,D,20190617,000000,959.88,959.88,959.88,959.88,0,0
1991.N,D,20190618,000000,963.9,963.9,963.9,963.9,0,0
1991.N,D,20190619,000000,963.88,963.88,963.88,963.88,0,0
1991.N,D,20190621,000000,962.89,962.89,962.89,962.89,0,0
1991.N,D,20190624,000000,964.89,964.89,964.89,964.89,0,0
1991.N,D,20190625,000000,963.25,963.25,963.25,963.25,0,0
1991.N,D,20190626,000000,965.34,965.34,965.34,965.34,0,0
1991.N,D,20190627,000000,967.18,967.18,967.18,967.18,0,0
1991.N,D,20190628,000000,967.2,967.2,967.2,967.2,0,0
1991.N,D,20190701,000000,967.93,967.93,967.93,967.93,0,0
1991.N,D,20190702,000000,968.8,968.8,968.8,968.8,0,0
1991.N,D,20190703,000000,969.65,969.65,969.65,969.65,0,0
1991.N,D,20190704,000000,970.76,970.76,970.76,970.76,0,0
1991.N,D,20190705,000000,970.28,970.28,970.28,970.28,0,0
1991.N,D,20190708,000000,969.89,969.89,969.89,969.89,0,0
1991.N,D,20190709,000000,967.98,967.98,967.98,967.98,0,0
1991.N,D,20190710,000000,968.33,968.33,968.33,968.33,0,0
1991.N,D,20190711,000000,968.9,968.9,968.9,968.9,0,0
1991.N,D,20190712,000000,968.46,968.46,968.46,968.46,0,0
1991.N,D,20190715,000000,968.3,968.3,968.3,968.3,0,0
1991.N,D,20190716,000000,968.41,968.41,968.41,968.41,0,0
1991.N,D,20190717,000000,967.37,967.37,967.37,967.37,0,0
1991.N,D,20190718,000000,968.24,968.24,968.24,968.24,0,0
1991.N,D,20190719,000000,971.13,971.13,971.13,971.13,0,0
1991.N,D,20190722,000000,971.28,971.28,971.28,971.28,0,0
1991.N,D,20190723,000000,971.2,971.2,971.2,971.2,0,0
1991.N,D,20190724,000000,972.31,972.31,972.31,972.31,0,0
1991.N,D,20190725,000000,970.35,970.35,970.35,970.35,0,0
1991.N,D,20190726,000000,970.19,970.19,970.19,970.19,0,0
1991.N,D,20190729,000000,968.96,968.96,968.96,968.96,0,0
1991.N,D,20190730,000000,967.35,967.35,967.35,967.35,0,0
1991.N,D,20190731,000000,968.87,968.87,968.87,968.87,0,0
1991.N,D,20190801,000000,965.42,965.42,965.42,965.42,0,0
1991.N,D,20190802,000000,963.13,963.13,963.13,963.13,0,0
1991.N,D,20190805,000000,957.69,957.69,957.69,957.69,0,0
1991.N,D,20190806,000000,957.01,957.01,957.01,957.01,0,0
1991.N,D,20190807,000000,955.24,955.24,955.24,955.24,0,0
1991.N,D,20190808,000000,957.91,957.91,957.91,957.91,0,0
1991.N,D,20190809,000000,954.91,954.91,954.91,954.91,0,0
1991.N,D,20190812,000000,953.06,953.06,953.06,953.06,0,0
1991.N,D,20190813,000000,957.75,957.75,957.75,957.75,0,0
1991.N,D,20190814,000000,952.24,952.24,952.24,952.24,0,0
1991.N,D,20190816,000000,951.37,951.37,951.37,951.37,0,0
1991.N,D,20190819,000000,952.79,952.79,952.79,952.79,0,0
1991.N,D,20190820,000000,953.32,953.32,953.32,953.32,0,0
1991.N,D,20190821,000000,952.46,952.46,952.46,952.46,0,0
1991.N,D,20190822,000000,952.01,952.01,952.01,952.01,0,0
1991.N,D,20190823,000000,951.85,951.85,951.85,951.85,0,0
1991.N,D,20190826,000000,951.78,951.78,951.78,951.78,0,0
1991.N,D,20190827,000000,951.99,951.99,951.99,951.99,0,0
1991.N,D,20190828,000000,948.33,948.33,948.33,948.33,0,0
1991.N,D,20190829,000000,949.32,949.32,949.32,949.32,0,0
1991.N,D,20190830,000000,955.33,955.33,955.33,955.33,0,0
1991.N,D,20190902,000000,956.59,956.59,956.59,956.59,0,0
1991.N,D,20190903,000000,953.74,953.74,953.74,953.74,0,0
1991.N,D,20190904,000000,953.96,953.96,953.96,953.96,0,0
1991.N,D,20190905,000000,954.8,954.8,954.8,954.8,0,0
1991.N,D,20190906,000000,955.18,955.18,955.18,955.18,0,0
1991.N,D,20190909,000000,959.5,959.5,959.5,959.5,0,0
1991.N,D,20190910,000000,959.85,959.85,959.85,959.85,0,0
1991.N,D,20190911,000000,959.61,959.61,959.61,959.61,0,0
1991.N,D,20190912,000000,959.83,959.83,959.83,959.83,0,0
1991.N,D,20190913,000000,960.8,960.8,960.8,960.8,0,0
1991.N,D,20190916,000000,961.63,961.63,961.63,961.63,0,0
1991.N,D,20190917,000000,959.64,959.64,959.64,959.64,0,0
1991.N,D,20190918,000000,960.62,960.62,960.62,960.62,0,0
1991.N,D,20190919,000000,959.84,959.84,959.84,959.84,0,0
1991.N,D,20190920,000000,957.53,957.53,957.53,957.53,0,0
1991.N,D,20190923,000000,955.12,955.12,955.12,955.12,0,0
1991.N,D,20190924,000000,957.23,957.23,957.23,957.23,0,0
1991.N,D,20190925,000000,955.1,955.1,955.1,955.1,0,0
1991.N,D,20190926,000000,956.17,956.17,956.17,956.17,0,0
1991.N,D,20190927,000000,957.43,957.43,957.43,957.43,0,0
1991.N,D,20190930,000000,956.48,956.48,956.48,956.48,0,0
1991.N,D,20191001,000000,954.5,954.5,954.5,954.5,0,0
1991.N,D,20191002,000000,949.01,949.01,949.01,949.01,0,0
1991.N,D,20191003,000000,948.8,948.8,948.8,948.8,0,0
1991.N,D,20191004,000000,951.41,951.41,951.41,951.41,0,0
1991.N,D,20191007,000000,951.16,951.16,951.16,951.16,0,0
1991.N,D,20191008,000000,951.22,951.22,951.22,951.22,0,0
1991.N,D,20191009,000000,950.76,950.76,950.76,950.76,0,0
1991.N,D,20191010,000000,949.78,949.78,949.78,949.78,0,0
1991.N,D,20191011,000000,953.43,953.43,953.43,953.43,0,0
1991.N,D,20191014,000000,952.13,952.13,952.13,952.13,0,0
1991.N,D,20191015,000000,952.97,952.97,952.97,952.97,0,0
1991.N,D,20191016,000000,953.85,953.85,953.85,953.85,0,0
1991.N,D,20191017,000000,955.44,955.44,955.44,955.44,0,0
1991.N,D,20191018,000000,954.29,954.29,954.29,954.29,0,0
1991.N,D,20191021,000000,955.5,955.5,955.5,955.5,0,0
1991.N,D,20191022,000000,958.16,958.16,958.16,958.16,0,0
1991.N,D,20191023,000000,958.42,958.42,958.42,958.42,0,0
1991.N,D,20191024,000000,958.77,958.77,958.77,958.77,0,0
1991.N,D,20191025,000000,956.98,956.98,956.98,956.98,0,0
1991.N,D,20191028,000000,959.31,959.31,959.31,959.31,0,0
1991.N,D,20191029,000000,959.98,959.98,959.98,959.98,0,0
1991.N,D,20191030,000000,960.02,960.02,960.02,960.02,0,0
1991.N,D,20191031,000000,957.55,957.55,957.55,957.55,0,0
1991.N,D,20191104,000000,963.82,963.82,963.82,963.82,0,0
1991.N,D,20191105,000000,964.63,964.63,964.63,964.63,0,0
1991.N,D,20191106,000000,963.87,963.87,963.87,963.87,0,0
1991.N,D,20191107,000000,965.25,965.25,965.25,965.25,0,0
1991.N,D,20191108,000000,962.87,962.87,962.87,962.87,0,0
1991.N,D,20191112,000000,963.06,963.06,963.06,963.06,0,0
1991.N,D,20191113,000000,961.96,961.96,961.96,961.96,0,0
1991.N,D,20191114,000000,961.62,961.62,961.62,961.62,0,0
1991.N,D,20191115,000000,961.74,961.74,961.74,961.74,0,0
1991.N,D,20191118,000000,962.35,962.35,962.35,962.35,0,0
1991.N,D,20191119,000000,962,962,962,962,0,0
1991.N,D,20191120,000000,960.32,960.32,960.32,960.32,0,0
1991.N,D,20191121,000000,958.64,958.64,958.64,958.64,0,0
1991.N,D,20191122,000000,959.37,959.37,959.37,959.37,0,0
1991.N,D,20191125,000000,960.64,960.64,960.64,960.64,0,0
1991.N,D,20191126,000000,960.67,960.67,960.67,960.67,0,0
1991.N,D,20191127,000000,960.55,960.55,960.55,960.55,0,0
1991.N,D,20191128,000000,960.36,960.36,960.36,960.36,0,0
1991.N,D,20191129,000000,959.97,959.97,959.97,959.97,0,0
1991.N,D,20191202,000000,957.52,957.52,957.52,957.52,0,0
1991.N,D,20191203,000000,954.97,954.97,954.97,954.97,0,0
1991.N,D,20191204,000000,955.18,955.18,955.18,955.18,0,0
1991.N,D,20191205,000000,956.12,956.12,956.12,956.12,0,0
1991.N,D,20191206,000000,955.27,955.27,955.27,955.27,0,0
1991.N,D,20191209,000000,954.5,954.5,954.5,954.5,0,0
1991.N,D,20191210,000000,953.44,953.44,953.44,953.44,0,0
1991.N,D,20191211,000000,953.36,953.36,953.36,953.36,0,0
1991.N,D,20191212,000000,957.4,957.4,957.4,957.4,0,0
1991.N,D,20191213,000000,958.7,958.7,958.7,958.7,0,0
1991.N,D,20191216,000000,959.02,959.02,959.02,959.02,0,0
1991.N,D,20191217,000000,960.2,960.2,960.2,960.2,0,0
1991.N,D,20191218,000000,960,960,960,960,0,0
1991.N,D,20191219,000000,961.06,961.06,961.06,961.06,0,0
1991.N,D,20191220,000000,960.34,960.34,960.34,960.34,0,0
1991.N,D,20191223,000000,961.49,961.49,961.49,961.49,0,0
1991.N,D,20191227,000000,963.21,963.21,963.21,963.21,0,0
1991.N,D,20191230,000000,962.81,962.81,962.81,962.81,0,0
1991.N,D,20200102,000000,969.7,969.7,969.7,969.7,0,0
1991.N,D,20200103,000000,968.48,968.48,968.48,968.48,0,0
1991.N,D,20200107,000000,968.02,968.02,968.02,968.02,0,0
1991.N,D,20200108,000000,964.67,964.67,964.67,964.67,0,0
1991.N,D,20200109,000000,967.54,967.54,967.54,967.54,0,0
1991.N,D,20200110,000000,968.97,968.97,968.97,968.97,0,0
1991.N,D,20200113,000000,971.54,971.54,971.54,971.54,0,0
1991.N,D,20200114,000000,970.96,970.96,970.96,970.96,0,0
1991.N,D,20200115,000000,969.11,969.11,969.11,969.11,0,0
1991.N,D,20200116,000000,971.48,971.48,971.48,971.48,0,0
1991.N,D,20200117,000000,972.01,972.01,972.01,972.01,0,0
1991.N,D,20200120,000000,972.58,972.58,972.58,972.58,0,0
1991.N,D,20200121,000000,970.13,970.13,970.13,970.13,0,0
1991.N,D,20200122,000000,969.81,969.81,969.81,969.81,0,0
1991.N,D,20200123,000000,969.1,969.1,969.1,969.1,0,0
1991.N,D,20200124,000000,970.77,970.77,970.77,970.77,0,0
1991.N,D,20200127,000000,963.34,963.34,963.34,963.34,0,0
1991.N,D,20200128,000000,965.03,965.03,965.03,965.03,0,0
1991.N,D,20200129,000000,964.38,964.38,964.38,964.38,0,0
1991.N,D,20200130,000000,962.09,962.09,962.09,962.09,0,0
1991.N,D,20200131,000000,961.76,961.76,961.76,961.76,0,0
1991.N,D,20200203,000000,961.57,961.57,961.57,961.57,0,0
1991.N,D,20200204,000000,965.35,965.35,965.35,965.35,0,0
1991.N,D,20200205,000000,968.86,968.86,968.86,968.86,0,0
1991.N,D,20200206,000000,968.31,968.31,968.31,968.31,0,0
1991.N,D,20200207,000000,968.18,968.18,968.18,968.18,0,0
1991.N,D,20200210,000000,966.17,966.17,966.17,966.17,0,0
1991.N,D,20200211,000000,968.1,968.1,968.1,968.1,0,0
1991.N,D,20200212,000000,969.97,969.97,969.97,969.97,0,0
1991.N,D,20200213,000000,968.76,968.76,968.76,968.76,0,0
1991.N,D,20200214,000000,968.99,968.99,968.99,968.99,0,0
1991.N,D,20200217,000000,970.01,970.01,970.01,970.01,0,0
1991.N,D,20200218,000000,969.08,969.08,969.08,969.08,0,0
1991.N,D,20200219,000000,969.66,969.66,969.66,969.66,0,0
1991.N,D,20200220,000000,968.77,968.77,968.77,968.77,0,0
1991.N,D,20200221,000000,967.52,967.52,967.52,967.52,0,0
1991.N,D,20200224,000000,957.58,957.58,957.58,957.58,0,0
1991.N,D,20200225,000000,951.01,951.01,951.01,951.01,0,0
1991.N,D,20200226,000000,949.97,949.97,949.97,949.97,0,0
1991.N,D,20200227,000000,937.11,937.11,937.11,937.11,0,0
1991.N,D,20200228,000000,927.75,927.75,927.75,927.75,0,0
1991.N,D,20200302,000000,931.78,931.78,931.78,931.78,0,0
1991.N,D,20200303,000000,940.02,940.02,940.02,940.02,0,0
1991.N,D,20200304,000000,940.09,940.09,940.09,940.09,0,0
1991.N,D,20200305,000000,934.71,934.71,934.71,934.71,0,0
1991.N,D,20200306,000000,925.79,925.79,925.79,925.79,0,0
1991.N,D,20200309,000000,899.55,899.55,899.55,899.55,0,0
1991.N,D,20200310,000000,899.64,899.64,899.64,899.64,0,0
1991.N,D,20200311,000000,883.71,883.71,883.71,883.71,0,0
1991.N,D,20200312,000000,845.79,845.79,845.79,845.79,0,0
1991.N,D,20200313,000000,853.72,853.72,853.72,853.72,0,0
1991.N,D,20200316,000000,833.98,833.98,833.98,833.98,0,0
1991.N,D,20200317,000000,843.29,843.29,843.29,843.29,0,0
1991.N,D,20200318,000000,835.56,835.56,835.56,835.56,0,0
1991.N,D,20200319,000000,839.42,839.42,839.42,839.42,0,0
1991.N,D,20200320,000000,841.77,841.77,841.77,841.77,0,0
1991.N,D,20200323,000000,828.39,828.39,828.39,828.39,0,0
1991.N,D,20200324,000000,837.9,837.9,837.9,837.9,0,0
1991.N,D,20200325,000000,839.04,839.04,839.04,839.04,0,0
1991.N,D,20200326,000000,847.4,847.4,847.4,847.4,0,0
1991.N,D,20200327,000000,845.18,845.18,845.18,845.18,0,0
1991.N,D,20200330,000000,844.73,844.73,844.73,844.73,0,0
1991.N,D,20200331,000000,848.96,848.96,848.96,848.96,0,0
1991.N,D,20200401,000000,844.12,844.12,844.12,844.12,0,0
1991.N,D,20200402,000000,845.3,845.3,845.3,845.3,0,0
1991.N,D,20200403,000000,845.19,845.19,845.19,845.19,0,0
1991.N,D,20200406,000000,857.41,857.41,857.41,857.41,0,0
1991.N,D,20200407,000000,862.04,862.04,862.04,862.04,0,0
1991.N,D,20200408,000000,862.71,862.71,862.71,862.71,0,0
1991.N,D,20200409,000000,870.72,870.72,870.72,870.72,0,0
1991.N,D,20200414,000000,883.14,883.14,883.14,883.14,0,0
1991.N,D,20200415,000000,876.28,876.28,876.28,876.28,0,0
1991.N,D,20200416,000000,876.7,876.7,876.7,876.7,0,0
1991.N,D,20200417,000000,881.15,881.15,881.15,881.15,0,0
1991.N,D,20200420,000000,881.82,881.82,881.82,881.82,0,0
1991.N,D,20200421,000000,872.97,872.97,872.97,872.97,0,0
1991.N,D,20200422,000000,877.05,877.05,877.05,877.05,0,0
1991.N,D,20200423,000000,880.49,880.49,880.49,880.49,0,0
1991.N,D,20200424,000000,878.46,878.46,878.46,878.46,0,0
1991.N,D,20200427,000000,879.12,879.12,879.12,879.12,0,0
1991.N,D,20200428,000000,878.92,878.92,878.92,878.92,0,0
1991.N,D,20200429,000000,885.9,885.9,885.9,885.9,0,0
1991.N,D,20200430,000000,885.98,885.98,885.98,885.98,0,0
1991.N,D,20200504,000000,879.44,879.44,879.44,879.44,0,0
1991.N,D,20200505,000000,880.38,880.38,880.38,880.38,0,0
1991.N,D,20200506,000000,878.21,878.21,878.21,878.21,0,0
1991.N,D,20200507,000000,880.5,880.5,880.5,880.5,0,0
1991.N,D,20200508,000000,883.18,883.18,883.18,883.18,0,0
1991.N,D,20200511,000000,883.01,883.01,883.01,883.01,0,0
1991.N,D,20200512,000000,886.21,886.21,886.21,886.21,0,0
1991.N,D,20200513,000000,884.57,884.57,884.57,884.57,0,0
1991.N,D,20200514,000000,880.95,880.95,880.95,880.95,0,0
1991.N,D,20200515,000000,880.95,880.95,880.95,880.95,0,0
1991.N,D,20200518,000000,888.47,888.47,888.47,888.47,0,0
1991.N,D,20200519,000000,888.95,888.95,888.95,888.95,0,0
1991.N,D,20200520,000000,891.84,891.84,891.84,891.84,0,0
1991.N,D,20200521,000000,890.92,890.92,890.92,890.92,0,0
1991.N,D,20200522,000000,890.46,890.46,890.46,890.46,0,0
1991.N,D,20200525,000000,892.95,892.95,892.95,892.95,0,0
1991.N,D,20200526,000000,899.07,899.07,899.07,899.07,0,0
1991.N,D,20200527,000000,900.82,900.82,900.82,900.82,0,0
1991.N,D,20200528,000000,902.66,902.66,902.66,902.66,0,0
1991.N,D,20200529,000000,903.43,903.43,903.43,903.43,0,0
1991.N,D,20200601,000000,906.76,906.76,906.76,906.76,0,0
1991.N,D,20200602,000000,908.65,908.65,908.65,908.65,0,0
1991.N,D,20200603,000000,913.35,913.35,913.35,913.35,0,0
1991.N,D,20200604,000000,915.26,915.26,915.26,915.26,0,0
1991.N,D,20200605,000000,922.58,922.58,922.58,922.58,0,0
1991.N,D,20200608,000000,923.37,923.37,923.37,923.37,0,0
1991.N,D,20200609,000000,921.84,921.84,921.84,921.84,0,0
1991.N,D,20200610,000000,923.01,923.01,923.01,923.01,0,0
1991.N,D,20200612,000000,914.84,914.84,914.84,914.84,0,0
1991.N,D,20200615,000000,910.35,910.35,910.35,910.35,0,0
1991.N,D,20200616,000000,917.95,917.95,917.95,917.95,0,0
1991.N,D,20200617,000000,917.94,917.94,917.94,917.94,0,0
1991.N,D,20200618,000000,918.64,918.64,918.64,918.64,0,0
1991.N,D,20200619,000000,919.66,919.66,919.66,919.66,0,0
1991.N,D,20200622,000000,920.58,920.58,920.58,920.58,0,0
1991.N,D,20200623,000000,924.03,924.03,924.03,924.03,0,0
1991.N,D,20200624,000000,918.81,918.81,918.81,918.81,0,0
1991.N,D,20200625,000000,919.69,919.69,919.69,919.69,0,0
1991.N,D,20200626,000000,916.01,916.01,916.01,916.01,0,0
1991.N,D,20200629,000000,916.94,916.94,916.94,916.94,0,0
1991.N,D,20200630,000000,916.32,916.32,916.32,916.32,0,0
1991.N,D,20200701,000000,919.08,919.08,919.08,919.08,0,0
1991.N,D,20200702,000000,924.29,924.29,924.29,924.29,0,0
1991.N,D,20200703,000000,924.44,924.44,924.44,924.44,0,0
1991.N,D,20200706,000000,927.74,927.74,927.74,927.74,0,0
1991.N,D,20200707,000000,925.49,925.49,925.49,925.49,0,0
1991.N,D,20200708,000000,925.44,925.44,925.44,925.44,0,0
1991.N,D,20200709,000000,926.12,926.12,926.12,926.12,0,0
1991.N,D,20200710,000000,926.61,926.61,926.61,926.61,0,0
1991.N,D,20200713,000000,925.9,925.9,925.9,925.9,0,0
1991.N,D,20200714,000000,923.89,923.89,923.89,923.89,0,0
1991.N,D,20200715,000000,926.48,926.48,926.48,926.48,0,0
1991.N,D,20200716,000000,926.58,926.58,926.58,926.58,0,0
1991.N,D,20200717,000000,926.63,926.63,926.63,926.63,0,0
1991.N,D,20200720,000000,931.84,931.84,931.84,931.84,0,0
1991.N,D,20200721,000000,933.53,933.53,933.53,933.53,0,0
1991.N,D,20200722,000000,932.05,932.05,932.05,932.05,0,0
1991.N,D,20200723,000000,931.46,931.46,931.46,931.46,0,0
1991.N,D,20200724,000000,930.04,930.04,930.04,930.04,0,0
1991.N,D,20200727,000000,931.47,931.47,931.47,931.47,0,0
1991.N,D,20200728,000000,930.99,930.99,930.99,930.99,0,0
1991.N,D,20200729,000000,931.47,931.47,931.47,931.47,0,0
1991.N,D,20200730,000000,923.53,923.53,923.53,923.53,0,0
1991.N,D,20200731,000000,924.57,924.57,924.57,924.57,0,0
1991.N,D,20200803,000000,929.43,929.43,929.43,929.43,0,0
1991.N,D,20200804,000000,931.31,931.31,931.31,931.31,0,0
1991.N,D,20200805,000000,933.86,933.86,933.86,933.86,0,0
1991.N,D,20200806,000000,932.12,932.12,932.12,932.12,0,0
1991.N,D,20200807,000000,931.47,931.47,931.47,931.47,0,0
1991.N,D,20200810,000000,932.23,932.23,932.23,932.23,0,0
1991.N,D,20200811,000000,935.48,935.48,935.48,935.48,0,0
1991.N,D,20200812,000000,936.47,936.47,936.47,936.47,0,0
1991.N,D,20200813,000000,937.03,937.03,937.03,937.03,0,0
1991.N,D,20200814,000000,935.77,935.77,935.77,935.77,0,0
1991.N,D,20200817,000000,936.76,936.76,936.76,936.76,0,0
1991.N,D,20200818,000000,936.03,936.03,936.03,936.03,0,0
1991.N,D,20200819,000000,935.16,935.16,935.16,935.16,0,0
1991.N,D,20200820,000000,934.13,934.13,934.13,934.13,0,0
1991.N,D,20200821,000000,933.99,933.99,933.99,933.99,0,0
1991.N,D,20200824,000000,936.02,936.02,936.02,936.02,0,0
1991.N,D,20200825,000000,934.51,934.51,934.51,934.51,0,0
1991.N,D,20200826,000000,937,937,937,937,0,0
1991.N,D,20200827,000000,936.58,936.58,936.58,936.58,0,0
1991.N,D,20200828,000000,935.77,935.77,935.77,935.77,0,0
1991.N,D,20200831,000000,933.23,933.23,933.23,933.23,0,0
1991.N,D,20200901,000000,931.4,931.4,931.4,931.4,0,0
1991.N,D,20200902,000000,934.37,934.37,934.37,934.37,0,0
1991.N,D,20200903,000000,930.68,930.68,930.68,930.68,0,0
1991.N,D,20200904,000000,928.67,928.67,928.67,928.67,0,0
1991.N,D,20200907,000000,929.64,929.64,929.64,929.64,0,0
1991.N,D,20200908,000000,923.5,923.5,923.5,923.5,0,0
1991.N,D,20200909,000000,928.59,928.59,928.59,928.59,0,0
1991.N,D,20200910,000000,927.86,927.86,927.86,927.86,0,0
1991.N,D,20200911,000000,927.88,927.88,927.88,927.88,0,0
1991.N,D,20200914,000000,927.32,927.32,927.32,927.32,0,0
1991.N,D,20200915,000000,926.11,926.11,926.11,926.11,0,0
1991.N,D,20200916,000000,925.61,925.61,925.61,925.61,0,0
1991.N,D,20200917,000000,925.91,925.91,925.91,925.91,0,0
1991.N,D,20200918,000000,924.61,924.61,924.61,924.61,0,0
1991.N,D,20200921,000000,919.38,919.38,919.38,919.38,0,0
1991.N,D,20200922,000000,920.54,920.54,920.54,920.54,0,0
1991.N,D,20200923,000000,918.36,918.36,918.36,918.36,0,0
1991.N,D,20200924,000000,915.45,915.45,915.45,915.45,0,0
1991.N,D,20200925,000000,916.89,916.89,916.89,916.89,0,0
1991.N,D,20200928,000000,923.58,923.58,923.58,923.58,0,0
1991.N,D,20200929,000000,923.28,923.28,923.28,923.28,0,0
1991.N,D,20200930,000000,923.36,923.36,923.36,923.36,0,0
1991.N,D,20201001,000000,923.45,923.45,923.45,923.45,0,0
1991.N,D,20201002,000000,922.57,922.57,922.57,922.57,0,0
1991.N,D,20201005,000000,927.3,927.3,927.3,927.3,0,0
1991.N,D,20201006,000000,928.32,928.32,928.32,928.32,0,0
1991.N,D,20201007,000000,929.55,929.55,929.55,929.55,0,0
1991.N,D,20201008,000000,929.09,929.09,929.09,929.09,0,0
1991.N,D,20201009,000000,927.55,927.55,927.55,927.55,0,0
1991.N,D,20201012,000000,931.22,931.22,931.22,931.22,0,0
1991.N,D,20201013,000000,931.26,931.26,931.26,931.26,0,0
1991.N,D,20201014,000000,930.48,930.48,930.48,930.48,0,0
1991.N,D,20201015,000000,924.69,924.69,924.69,924.69,0,0
1991.N,D,20201016,000000,927.99,927.99,927.99,927.99,0,0
1991.N,D,20201019,000000,927.12,927.12,927.12,927.12,0,0
1991.N,D,20201020,000000,928.86,928.86,928.86,928.86,0,0
1991.N,D,20201021,000000,925.86,925.86,925.86,925.86,0,0
1991.N,D,20201022,000000,925.95,925.95,925.95,925.95,0,0
1991.N,D,20201023,000000,925.44,925.44,925.44,925.44,0,0
1991.N,D,20201026,000000,922.32,922.32,922.32,922.32,0,0
1991.N,D,20201027,000000,921.62,921.62,921.62,921.62,0,0
1991.N,D,20201028,000000,910.05,910.05,910.05,910.05,0,0
1991.N,D,20201029,000000,911.42,911.42,911.42,911.42,0,0
1991.N,D,20201030,000000,907.81,907.81,907.81,907.81,0,0
1991.N,D,20201102,000000,911.39,911.39,911.39,911.39,0,0
1991.N,D,20201103,000000,919.77,919.77,919.77,919.77,0,0
1991.N,D,20201104,000000,924.69,924.69,924.69,924.69,0,0
1991.N,D,20201105,000000,930.8,930.8,930.8,930.8,0,0
1991.N,D,20201106,000000,933.45,933.45,933.45,933.45,0,0
1991.N,D,20201109,000000,941.72,941.72,941.72,941.72,0,0
1991.N,D,20201110,000000,942.36,942.36,942.36,942.36,0,0
1991.N,D,20201112,000000,944.58,944.58,944.58,944.58,0,0
1991.N,D,20201113,000000,943.1,943.1,943.1,943.1,0,0
1991.N,D,20201116,000000,949.27,949.27,949.27,949.27,0,0
1991.N,D,20201117,000000,949.62,949.62,949.62,949.62,0,0
1991.N,D,20201118,000000,950.99,950.99,950.99,950.99,0,0
1991.N,D,20201119,000000,948.62,948.62,948.62,948.62,0,0
1991.N,D,20201120,000000,951.49,951.49,951.49,951.49,0,0
1991.N,D,20201123,000000,953.45,953.45,953.45,953.45,0,0
1991.N,D,20201124,000000,955.41,955.41,955.41,955.41,0,0
1991.N,D,20201125,000000,956.27,956.27,956.27,956.27,0,0
1991.N,D,20201126,000000,955.79,955.79,955.79,955.79,0,0
1991.N,D,20201127,000000,957.1,957.1,957.1,957.1,0,0
1991.N,D,20201130,000000,954.99,954.99,954.99,954.99,0,0
1991.N,D,20201201,000000,956.76,956.76,956.76,956.76,0,0
1991.N,D,20201202,000000,960.43,960.43,960.43,960.43,0,0
1991.N,D,20201203,000000,960.55,960.55,960.55,960.55,0,0
1991.N,D,20201204,000000,965.77,965.77,965.77,965.77,0,0
1991.N,D,20201207,000000,966.48,966.48,966.48,966.48,0,0
1991.N,D,20201208,000000,967.57,967.57,967.57,967.57,0,0
1991.N,D,20201209,000000,969.39,969.39,969.39,969.39,0,0
1991.N,D,20201210,000000,967.76,967.76,967.76,967.76,0,0
1991.N,D,20201211,000000,965.31,965.31,965.31,965.31,0,0
1991.N,D,20201214,000000,964.59,964.59,964.59,964.59,0,0
1991.N,D,20201215,000000,966.4,966.4,966.4,966.4,0,0
1991.N,D,20201216,000000,971.06,971.06,971.06,971.06,0,0
1991.N,D,20201217,000000,971.19,971.19,971.19,971.19,0,0
1991.N,D,20201218,000000,969.91,969.91,969.91,969.91,0,0
1991.N,D,20201221,000000,965.02,965.02,965.02,965.02,0,0
1991.N,D,20201222,000000,969.38,969.38,969.38,969.38,0,0
1991.N,D,20201223,000000,971.77,971.77,971.77,971.77,0,0
1991.N,D,20201228,000000,976.09,976.09,976.09,976.09,0,0
1991.N,D,20201229,000000,978.05,978.05,978.05,978.05,0,0
1991.N,D,20201230,000000,976.81,976.81,976.81,976.81,0,0
1991.N,D,20210104,000000,979,979,979,979,0,0
1991.N,D,20210105,000000,980,980,980,980,0,0
1991.N,D,20210107,000000,985.69,985.69,985.69,985.69,0,0
1991.N,D,20210108,000000,988.47,988.47,988.47,988.47,0,0
1991.N,D,20210111,000000,988.12,988.12,988.12,988.12,0,0
1991.N,D,20210112,000000,986.11,986.11,986.11,986.11,0,0
1991.N,D,20210113,000000,985.01,985.01,985.01,985.01,0,0
1991.N,D,20210114,000000,986.89,986.89,986.89,986.89,0,0
1991.N,D,20210115,000000,983.5,983.5,983.5,983.5,0,0
1991.N,D,20210118,000000,986.58,986.58,986.58,986.58,0,0
1991.N,D,20210119,000000,986.58,986.58,986.58,986.58,0,0
1991.N,D,20210120,000000,988.93,988.93,988.93,988.93,0,0
1991.N,D,20210121,000000,986.8,986.8,986.8,986.8,0,0
1991.N,D,20210122,000000,987.48,987.48,987.48,987.48,0,0
1991.N,D,20210125,000000,985.83,985.83,985.83,985.83,0,0
1991.N,D,20210126,000000,986.84,986.84,986.84,986.84,0,0
1991.N,D,20210127,000000,981.25,981.25,981.25,981.25,0,0
1991.N,D,20210128,000000,984.48,984.48,984.48,984.48,0,0
1991.N,D,20210129,000000,982.15,982.15,982.15,982.15,0,0
1991.N,D,20210201,000000,984.92,984.92,984.92,984.92,0,0
1991.N,D,20210202,000000,986.8,986.8,986.8,986.8,0,0
1991.N,D,20210203,000000,986.37,986.37,986.37,986.37,0,0
1991.N,D,20210204,000000,987.03,987.03,987.03,987.03,0,0
1991.N,D,20210205,000000,990.03,990.03,990.03,990.03,0,0
1991.N,D,20210208,000000,990.99,990.99,990.99,990.99,0,0
1991.N,D,20210209,000000,990.53,990.53,990.53,990.53,0,0
1991.N,D,20210210,000000,989.48,989.48,989.48,989.48,0,0
1991.N,D,20210211,000000,993.41,993.41,993.41,993.41,0,0
1991.N,D,20210212,000000,992.37,992.37,992.37,992.37,0,0
1991.N,D,20210215,000000,995.09,995.09,995.09,995.09,0,0
1991.N,D,20210216,000000,998.06,998.06,998.06,998.06,0,0
1991.N,D,20210217,000000,995.74,995.74,995.74,995.74,0,0
1991.N,D,20210218,000000,994,994,994,994,0,0
1991.N,D,20210219,000000,993.99,993.99,993.99,993.99,0,0
1991.N,D,20210222,000000,990.51,990.51,990.51,990.51,0,0
1991.N,D,20210223,000000,986.33,986.33,986.33,986.33,0,0
1991.N,D,20210224,000000,988.74,988.74,988.74,988.74,0,0
1991.N,D,20210225,000000,986.52,986.52,986.52,986.52,0,0
1991.N,D,20210226,000000,984.2,984.2,984.2,984.2,0,0
1991.N,D,20210301,000000,989.89,989.89,989.89,989.89,0,0
1991.N,D,20210302,000000,989.45,989.45,989.45,989.45,0,0
1991.N,D,20210303,000000,986.47,986.47,986.47,986.47,0,0
1991.N,D,20210304,000000,984.03,984.03,984.03,984.03,0,0
1991.N,D,20210305,000000,983.23,983.23,983.23,983.23,0,0
1991.N,D,20210308,000000,983.62,983.62,983.62,983.62,0,0
1991.N,D,20210309,000000,988.33,988.33,988.33,988.33,0,0
1991.N,D,20210310,000000,990.13,990.13,990.13,990.13,0,0
1991.N,D,20210311,000000,992.32,992.32,992.32,992.32,0,0
1991.N,D,20210312,000000,991.86,991.86,991.86,991.86,0,0
1991.N,D,20210315,000000,993.33,993.33,993.33,993.33,0,0
1991.N,D,20210316,000000,992.21,992.21,992.21,992.21,0,0
1991.N,D,20210317,000000,989.83,989.83,989.83,989.83,0,0
1991.N,D,20210318,000000,988.19,988.19,988.19,988.19,0,0
1991.N,D,20210319,000000,987.09,987.09,987.09,987.09,0,0
1991.N,D,20210322,000000,989.6,989.6,989.6,989.6,0,0
1991.N,D,20210323,000000,988.51,988.51,988.51,988.51,0,0
1991.N,D,20210324,000000,985.86,985.86,985.86,985.86,0,0
1991.N,D,20210325,000000,984.44,984.44,984.44,984.44,0,0
1991.N,D,20210326,000000,988.38,988.38,988.38,988.38,0,0
1991.N,D,20210329,000000,990.04,990.04,990.04,990.04,0,0
1991.N,D,20210330,000000,988.71,988.71,988.71,988.71,0,0
1991.N,D,20210331,000000,990.67,990.67,990.67,990.67,0,0
1991.N,D,20210401,000000,993.64,993.64,993.64,993.64,0,0
1991.N,D,20210406,000000,998.71,998.71,998.71,998.71,0,0
1991.N,D,20210407,000000,998.43,998.43,998.43,998.43,0,0
1991.N,D,20210408,000000,999.19,999.19,999.19,999.19,0,0
1991.N,D,20210409,000000,999.23,999.23,999.23,999.23,0,0
1991.N,D,20210412,000000,1000.83,1000.83,1000.83,1000.83,0,0
1991.N,D,20210413,000000,1001.19,1001.19,1001.19,1001.19,0,0
1991.N,D,20210414,000000,1002.58,1002.58,1002.58,1002.58,0,0
1991.N,D,20210415,000000,1004.44,1004.44,1004.44,1004.44,0,0
1991.N,D,20210416,000000,1004.12,1004.12,1004.12,1004.12,0,0
1991.N,D,20210419,000000,1001.79,1001.79,1001.79,1001.79,0,0
1991.N,D,20210420,000000,998.89,998.89,998.89,998.89,0,0
1991.N,D,20210421,000000,998.94,998.94,998.94,998.94,0,0
1991.N,D,20210422,000000,1000.24,1000.24,1000.24,1000.24,0,0
1991.N,D,20210423,000000,1001.45,1001.45,1001.45,1001.45,0,0
1991.N,D,20210427,000000,1003.8,1003.8,1003.8,1003.8,0,0
1991.N,D,20210429,000000,1006.04,1006.04,1006.04,1006.04,0,0
1991.N,D,20210430,000000,1004.56,1004.56,1004.56,1004.56,0,0
1991.N,D,20210505,000000,1003.73,1003.73,1003.73,1003.73,0,0
1991.N,D,20210506,000000,1003.24,1003.24,1003.24,1003.24,0,0
1991.N,D,20210507,000000,1007.16,1007.16,1007.16,1007.16,0,0
1991.N,D,20210510,000000,1007.39,1007.39,1007.39,1007.39,0,0
1991.N,D,20210511,000000,1005.17,1005.17,1005.17,1005.17,0,0
1991.N,D,20210512,000000,1002.25,1002.25,1002.25,1002.25,0,0
1991.N,D,20210513,000000,999.15,999.15,999.15,999.15,0,0
1991.N,D,20210514,000000,1002.06,1002.06,1002.06,1002.06,0,0
1991.N,D,20210517,000000,1002.28,1002.28,1002.28,1002.28,0,0
1991.N,D,20210518,000000,1003.15,1003.15,1003.15,1003.15,0,0
1991.N,D,20210519,000000,1001.82,1001.82,1001.82,1001.82,0,0
1991.N,D,20210520,000000,1005.19,1005.19,1005.19,1005.19,0,0
1991.N,D,20210521,000000,1006.4,1006.4,1006.4,1006.4,0,0
1991.N,D,20210524,000000,1007.4,1007.4,1007.4,1007.4,0,0
1991.N,D,20210525,000000,1009.01,1009.01,1009.01,1009.01,0,0
1991.N,D,20210526,000000,1011.6,1011.6,1011.6,1011.6,0,0
1991.N,D,20210527,000000,1013.29,1013.29,1013.29,1013.29,0,0
1991.N,D,20210528,000000,1015.63,1015.63,1015.63,1015.63,0,0
1991.N,D,20210531,000000,1016.17,1016.17,1016.17,1016.17,0,0
1991.N,D,20210601,000000,1015.85,1015.85,1015.85,1015.85,0,0
1991.N,D,20210602,000000,1017.83,1017.83,1017.83,1017.83,0,0
1991.N,D,20210604,000000,1018.83,1018.83,1018.83,1018.83,0,0
1991.N,D,20210607,000000,1018.97,1018.97,1018.97,1018.97,0,0
1991.N,D,20210608,000000,1018.46,1018.46,1018.46,1018.46,0,0
1991.N,D,20210609,000000,1018.4,1018.4,1018.4,1018.4,0,0
1991.N,D,20210610,000000,1019.61,1019.61,1019.61,1019.61,0,0
1991.N,D,20210611,000000,1020.24,1020.24,1020.24,1020.24,0,0
1991.N,D,20210614,000000,1021.91,1021.91,1021.91,1021.91,0,0
1991.N,D,20210615,000000,1019.63,1019.63,1019.63,1019.63,0,0
1991.N,D,20210616,000000,1018.83,1018.83,1018.83,1018.83,0,0
1991.N,D,20210617,000000,1018.85,1018.85,1018.85,1018.85,0,0
1991.N,D,20210618,000000,1018.77,1018.77,1018.77,1018.77,0,0
1991.N,D,20210621,000000,1018.44,1018.44,1018.44,1018.44,0,0
1991.N,D,20210622,000000,1020.52,1020.52,1020.52,1020.52,0,0
1991.N,D,20210623,000000,1022.78,1022.78,1022.78,1022.78,0,0
1991.N,D,20210624,000000,1025.25,1025.25,1025.25,1025.25,0,0
1991.N,D,20210625,000000,1025.24,1025.24,1025.24,1025.24,0,0
1991.N,D,20210628,000000,1026.02,1026.02,1026.02,1026.02,0,0
1991.N,D,20210629,000000,1024.68,1024.68,1024.68,1024.68,0,0
1991.N,D,20210630,000000,1021.78,1021.78,1021.78,1021.78,0,0
1991.N,D,20210701,000000,1023.14,1023.14,1023.14,1023.14,0,0
1991.N,D,20210702,000000,1023.94,1023.94,1023.94,1023.94,0,0
1991.N,D,20210705,000000,1025.11,1025.11,1025.11,1025.11,0,0
1991.N,D,20210706,000000,1023.82,1023.82,1023.82,1023.82,0,0
1991.N,D,20210707,000000,1026.41,1026.41,1026.41,1026.41,0,0
1991.N,D,20210708,000000,1022.05,1022.05,1022.05,1022.05,0,0
1991.N,D,20210709,000000,1024.38,1024.38,1024.38,1024.38,0,0
1991.N,D,20210712,000000,1024.25,1024.25,1024.25,1024.25,0,0
1991.N,D,20210713,000000,1024.8,1024.8,1024.8,1024.8,0,0
1991.N,D,20210714,000000,1025.44,1025.44,1025.44,1025.44,0,0
1991.N,D,20210715,000000,1023.48,1023.48,1023.48,1023.48,0,0
1991.N,D,20210716,000000,1023.63,1023.63,1023.63,1023.63,0,0
1991.N,D,20210719,000000,1017.85,1017.85,1017.85,1017.85,0,0
1991.N,D,20210720,000000,1019.57,1019.57,1019.57,1019.57,0,0
1991.N,D,20210721,000000,1024.19,1024.19,1024.19,1024.19,0,0
1991.N,D,20210722,000000,1024.01,1024.01,1024.01,1024.01,0,0
1991.N,D,20210723,000000,1025.95,1025.95,1025.95,1025.95,0,0
1991.N,D,20210726,000000,1025.53,1025.53,1025.53,1025.53,0,0
1991.N,D,20210727,000000,1023.38,1023.38,1023.38,1023.38,0,0
1991.N,D,20210728,000000,1026.38,1026.38,1026.38,1026.38,0,0
1991.N,D,20210729,000000,1027.5,1027.5,1027.5,1027.5,0,0
1991.N,D,20210730,000000,1026.88,1026.88,1026.88,1026.88,0,0
1991.N,D,20210802,000000,1028.75,1028.75,1028.75,1028.75,0,0
1991.N,D,20210803,000000,1028.74,1028.74,1028.74,1028.74,0,0
1991.N,D,20210804,000000,1029.79,1029.79,1029.79,1029.79,0,0
1991.N,D,20210805,000000,1031.04,1031.04,1031.04,1031.04,0,0
1991.N,D,20210806,000000,1030.7,1030.7,1030.7,1030.7,0,0
1991.N,D,20210809,000000,1031.14,1031.14,1031.14,1031.14,0,0
1991.N,D,20210810,000000,1031.01,1031.01,1031.01,1031.01,0,0
1991.N,D,20210811,000000,1031.07,1031.07,1031.07,1031.07,0,0
1991.N,D,20210812,000000,1031.6,1031.6,1031.6,1031.6,0,0
1991.N,D,20210813,000000,1032.25,1032.25,1032.25,1032.25,0,0
1991.N,D,20210816,000000,1031.68,1031.68,1031.68,1031.68,0,0
1991.N,D,20210817,000000,1031.37,1031.37,1031.37,1031.37,0,0
1991.N,D,20210818,000000,1030.27,1030.27,1030.27,1030.27,0,0
1991.N,D,20210819,000000,1026.94,1026.94,1026.94,1026.94,0,0
1991.N,D,20210820,000000,1028.32,1028.32,1028.32,1028.32,0,0
1991.N,D,20210823,000000,1030.56,1030.56,1030.56,1030.56,0,0
1991.N,D,20210824,000000,1031.97,1031.97,1031.97,1031.97,0,0
1991.N,D,20210825,000000,1033.53,1033.53,1033.53,1033.53,0,0
1991.N,D,20210826,000000,1032.31,1032.31,1032.31,1032.31,0,0
1991.N,D,20210827,000000,1034.22,1034.22,1034.22,1034.22,0,0
1991.N,D,20210830,000000,1035.69,1035.69,1035.69,1035.69,0,0
1991.N,D,20210831,000000,1036.19,1036.19,1036.19,1036.19,0,0
1991.N,D,20210901,000000,1036.75,1036.75,1036.75,1036.75,0,0
1991.N,D,20210902,000000,1037.49,1037.49,1037.49,1037.49,0,0
1991.N,D,20210903,000000,1036.39,1036.39,1036.39,1036.39,0,0
1991.N,D,20210906,000000,1039.25,1039.25,1039.25,1039.25,0,0
1991.N,D,20210907,000000,1038.65,1038.65,1038.65,1038.65,0,0
1991.N,D,20210908,000000,1036.03,1036.03,1036.03,1036.03,0,0
1991.N,D,20210909,000000,1036.65,1036.65,1036.65,1036.65,0,0
1991.N,D,20210910,000000,1036.29,1036.29,1036.29,1036.29,0,0
1991.N,D,20210913,000000,1036.88,1036.88,1036.88,1036.88,0,0
1991.N,D,20210914,000000,1037.27,1037.27,1037.27,1037.27,0,0
1991.N,D,20210915,000000,1036.49,1036.49,1036.49,1036.49,0,0
1991.N,D,20210916,000000,1036.49,1036.49,1036.49,1036.49,0,0
1991.N,D,20210917,000000,1034.81,1034.81,1034.81,1034.81,0,0
1991.N,D,20210920,000000,1027.49,1027.49,1027.49,1027.49,0,0
1991.N,D,20210921,000000,1029.34,1029.34,1029.34,1029.34,0,0
1991.N,D,20210922,000000,1033.72,1033.72,1033.72,1033.72,0,0
1991.N,D,20210923,000000,1034.36,1034.36,1034.36,1034.36,0,0
1991.N,D,20210924,000000,1032.56,1032.56,1032.56,1032.56,0,0
1991.N,D,20210927,000000,1031.5,1031.5,1031.5,1031.5,0,0
1991.N,D,20210928,000000,1026.94,1026.94,1026.94,1026.94,0,0
1991.N,D,20210929,000000,1028,1028,1028,1028,0,0
1991.N,D,20210930,000000,1028.08,1028.08,1028.08,1028.08,0,0
1991.N,D,20211001,000000,1029.01,1029.01,1029.01,1029.01,0,0
1991.N,D,20211004,000000,1028.1,1028.1,1028.1,1028.1,0,0
1991.N,D,20211005,000000,1029.42,1029.42,1029.42,1029.42,0,0
1991.N,D,20211006,000000,1027.63,1027.63,1027.63,1027.63,0,0
1991.N,D,20211007,000000,1029.43,1029.43,1029.43,1029.43,0,0
1991.N,D,20211008,000000,1031.51,1031.51,1031.51,1031.51,0,0
1991.N,D,20211011,000000,1032.77,1032.77,1032.77,1032.77,0,0
1991.N,D,20211012,000000,1031.47,1031.47,1031.47,1031.47,0,0
1991.N,D,20211013,000000,1030.53,1030.53,1030.53,1030.53,0,0
1991.N,D,20211014,000000,1034,1034,1034,1034,0,0
1991.N,D,20211015,000000,1033.25,1033.25,1033.25,1033.25,0,0
1991.N,D,20211018,000000,1032.9,1032.9,1032.9,1032.9,0,0
1991.N,D,20211019,000000,1032.8,1032.8,1032.8,1032.8,0,0
1991.N,D,20211020,000000,1032.13,1032.13,1032.13,1032.13,0,0
1991.N,D,20211021,000000,1031.76,1031.76,1031.76,1031.76,0,0
1991.N,D,20211022,000000,1029.29,1029.29,1029.29,1029.29,0,0
1991.N,D,20211025,000000,1029.96,1029.96,1029.96,1029.96,0,0
1991.N,D,20211026,000000,1030.33,1030.33,1030.33,1030.33,0,0
1991.N,D,20211027,000000,1030.23,1030.23,1030.23,1030.23,0,0
1991.N,D,20211028,000000,1029.27,1029.27,1029.27,1029.27,0,0
1991.N,D,20211029,000000,1028.9,1028.9,1028.9,1028.9,0,0
1991.N,D,20211102,000000,1028.82,1028.82,1028.82,1028.82,0,0
1991.N,D,20211103,000000,1025.17,1025.17,1025.17,1025.17,0,0
1991.N,D,20211104,000000,1028.88,1028.88,1028.88,1028.88,0,0
1991.N,D,20211105,000000,1030.33,1030.33,1030.33,1030.33,0,0
1991.N,D,20211108,000000,1028.09,1028.09,1028.09,1028.09,0,0
1991.N,D,20211109,000000,1026.22,1026.22,1026.22,1026.22,0,0
1991.N,D,20211110,000000,1021.31,1021.31,1021.31,1021.31,0,0
1991.N,D,20211112,000000,1020.31,1020.31,1020.31,1020.31,0,0
1991.N,D,20211115,000000,1019.24,1019.24,1019.24,1019.24,0,0
1991.N,D,20211116,000000,1021.77,1021.77,1021.77,1021.77,0,0
1991.N,D,20211117,000000,1017.65,1017.65,1017.65,1017.65,0,0
1991.N,D,20211118,000000,1011.56,1011.56,1011.56,1011.56,0,0
1991.N,D,20211119,000000,1011.08,1011.08,1011.08,1011.08,0,0
1991.N,D,20211122,000000,1006.89,1006.89,1006.89,1006.89,0,0
1991.N,D,20211123,000000,1003.15,1003.15,1003.15,1003.15,0,0
1991.N,D,20211124,000000,1002.75,1002.75,1002.75,1002.75,0,0
1991.N,D,20211125,000000,1001.91,1001.91,1001.91,1001.91,0,0
1991.N,D,20211126,000000,997.8,997.8,997.8,997.8,0,0
1991.N,D,20211129,000000,998.31,998.31,998.31,998.31,0,0
1991.N,D,20211130,000000,1001.33,1001.33,1001.33,1001.33,0,0
1991.N,D,20211201,000000,999.71,999.71,999.71,999.71,0,0
1991.N,D,20211202,000000,998.66,998.66,998.66,998.66,0,0
1991.N,D,20211203,000000,997.11,997.11,997.11,997.11,0,0
1991.N,D,20211206,000000,998.53,998.53,998.53,998.53,0,0
1991.N,D,20211207,000000,1005.99,1005.99,1005.99,1005.99,0,0
1991.N,D,20211208,000000,1007.63,1007.63,1007.63,1007.63,0,0
1991.N,D,20211209,000000,1003.51,1003.51,1003.51,1003.51,0,0
1991.N,D,20211210,000000,1001.83,1001.83,1001.83,1001.83,0,0
1991.N,D,20211213,000000,1001.07,1001.07,1001.07,1001.07,0,0
1991.N,D,20211214,000000,997.4,997.4,997.4,997.4,0,0
1991.N,D,20211215,000000,993.89,993.89,993.89,993.89,0,0
1991.N,D,20211216,000000,997.88,997.88,997.88,997.88,0,0
1991.N,D,20211217,000000,994.48,994.48,994.48,994.48,0,0
1991.N,D,20211220,000000,988.68,988.68,988.68,988.68,0,0
1991.N,D,20211221,000000,991.53,991.53,991.53,991.53,0,0
1991.N,D,20211222,000000,993.77,993.77,993.77,993.77,0,0
1991.N,D,20211223,000000,995.06,995.06,995.06,995.06,0,0
1991.N,D,20211227,000000,995.13,995.13,995.13,995.13,0,0
1991.N,D,20211228,000000,996.38,996.38,996.38,996.38,0,0
1991.N,D,20211229,000000,995.49,995.49,995.49,995.49,0,0
1991.N,D,20211230,000000,997.09,997.09,997.09,997.09,0,0
1991.N,D,20220103,000000,1000.11,1000.11,1000.11,1000.11,0,0
1991.N,D,20220104,000000,999.54,999.54,999.54,999.54,0,0
1991.N,D,20220105,000000,997.95,997.95,997.95,997.95,0,0
1991.N,D,20220107,000000,995.11,995.11,995.11,995.11,0,0
1991.N,D,20220110,000000,994.43,994.43,994.43,994.43,0,0
1991.N,D,20220111,000000,999.81,999.81,999.81,999.81,0,0
1991.N,D,20220112,000000,1005.92,1005.92,1005.92,1005.92,0,0
1991.N,D,20220113,000000,1006.69,1006.69,1006.69,1006.69,0,0
1991.N,D,20220114,000000,1004.25,1004.25,1004.25,1004.25,0,0
1991.N,D,20220117,000000,1003.42,1003.42,1003.42,1003.42,0,0
1991.N,D,20220118,000000,997.76,997.76,997.76,997.76,0,0
1991.N,D,20220119,000000,997.8,997.8,997.8,997.8,0,0
1991.N,D,20220120,000000,996.71,996.71,996.71,996.71,0,0
1991.N,D,20220121,000000,992.44,992.44,992.44,992.44,0,0
1991.N,D,20220124,000000,980.78,980.78,980.78,980.78,0,0
1991.N,D,20220125,000000,981.94,981.94,981.94,981.94,0,0
1991.N,D,20220126,000000,985.36,985.36,985.36,985.36,0,0
1991.N,D,20220127,000000,983.7,983.7,983.7,983.7,0,0
1991.N,D,20220128,000000,981,981,981,981,0,0
1991.N,D,20220131,000000,983.79,983.79,983.79,983.79,0,0
1991.N,D,20220201,000000,986.85,986.85,986.85,986.85,0,0
1991.N,D,20220202,000000,990.54,990.54,990.54,990.54,0,0
1991.N,D,20220203,000000,986.13,986.13,986.13,986.13,0,0
1991.N,D,20220204,000000,983.85,983.85,983.85,983.85,0,0
1991.N,D,20220207,000000,982.35,982.35,982.35,982.35,0,0
1991.N,D,20220208,000000,985.55,985.55,985.55,985.55,0,0
1991.N,D,20220209,000000,987.29,987.29,987.29,987.29,0,0
1991.N,D,20220210,000000,984.69,984.69,984.69,984.69,0,0
1991.N,D,20220211,000000,981.66,981.66,981.66,981.66,0,0
1991.N,D,20220214,000000,973.1,973.1,973.1,973.1,0,0
1991.N,D,20220215,000000,981.1,981.1,981.1,981.1,0,0
1991.N,D,20220216,000000,981.84,981.84,981.84,981.84,0,0
1991.N,D,20220217,000000,976.41,976.41,976.41,976.41,0,0
1991.N,D,20220218,000000,973.92,973.92,973.92,973.92,0,0
1991.N,D,20220221,000000,967.85,967.85,967.85,967.85,0,0
1991.N,D,20220222,000000,967.45,967.45,967.45,967.45,0,0
1991.N,D,20220223,000000,961.59,961.59,961.59,961.59,0,0
1991.N,D,20220224,000000,938.33,938.33,938.33,938.33,0,0
1991.N,D,20220225,000000,953.14,953.14,953.14,953.14,0,0
1991.N,D,20220228,000000,953.81,953.81,953.81,953.81,0,0
1991.N,D,20220301,000000,950.84,950.84,950.84,950.84,0,0
1991.N,D,20220302,000000,953.55,953.55,953.55,953.55,0,0
1991.N,D,20220303,000000,949.9,949.9,949.9,949.9,0,0
1991.N,D,20220304,000000,937.33,937.33,937.33,937.33,0,0
1991.N,D,20220307,000000,928.52,928.52,928.52,928.52,0,0
1991.N,D,20220308,000000,927.49,927.49,927.49,927.49,0,0
1991.N,D,20220309,000000,936.54,936.54,936.54,936.54,0,0
1991.N,D,20220310,000000,934.22,934.22,934.22,934.22,0,0
1991.N,D,20220311,000000,937.48,937.48,937.48,937.48,0,0
1991.N,D,20220314,000000,931.82,931.82,931.82,931.82,0,0
1991.N,D,20220315,000000,935.33,935.33,935.33,935.33,0,0
1991.N,D,20220316,000000,946.98,946.98,946.98,946.98,0,0
1991.N,D,20220317,000000,953.96,953.96,953.96,953.96,0,0
1991.N,D,20220318,000000,955.53,955.53,955.53,955.53,0,0
1991.N,D,20220321,000000,953.77,953.77,953.77,953.77,0,0
1991.N,D,20220322,000000,955.72,955.72,955.72,955.72,0,0
1991.N,D,20220323,000000,954.04,954.04,954.04,954.04,0,0
1991.N,D,20220324,000000,955.88,955.88,955.88,955.88,0,0
1991.N,D,20220325,000000,954.66,954.66,954.66,954.66,0,0
1991.N,D,20220328,000000,955.5,955.5,955.5,955.5,0,0
1991.N,D,20220329,000000,962.72,962.72,962.72,962.72,0,0
1991.N,D,20220330,000000,962.41,962.41,962.41,962.41,0,0
1991.N,D,20220331,000000,959.55,959.55,959.55,959.55,0,0
1991.N,D,20220401,000000,960.61,960.61,960.61,960.61,0,0
1991.N,D,20220404,000000,962.48,962.48,962.48,962.48,0,0
1991.N,D,20220405,000000,958.45,958.45,958.45,958.45,0,0
1991.N,D,20220406,000000,952.51,952.51,952.51,952.51,0,0
1991.N,D,20220407,000000,948.58,948.58,948.58,948.58,0,0
1991.N,D,20220408,000000,945.21,945.21,945.21,945.21,0,0
1991.N,D,20220411,000000,943.65,943.65,943.65,943.65,0,0
1991.N,D,20220412,000000,943.02,943.02,943.02,943.02,0,0
1991.N,D,20220413,000000,946.37,946.37,946.37,946.37,0,0
1991.N,D,20220414,000000,943.86,943.86,943.86,943.86,0,0
1991.N,D,20220419,000000,941.76,941.76,941.76,941.76,0,0
1991.N,D,20220420,000000,941.97,941.97,941.97,941.97,0,0
1991.N,D,20220421,000000,939.93,939.93,939.93,939.93,0,0
1991.N,D,20220422,000000,933.57,933.57,933.57,933.57,0,0
1991.N,D,20220425,000000,929.85,929.85,929.85,929.85,0,0
1991.N,D,20220426,000000,927.79,927.79,927.79,927.79,0,0
1991.N,D,20220427,000000,922.43,922.43,922.43,922.43,0,0
1991.N,D,20220428,000000,925.09,925.09,925.09,925.09,0,0
1991.N,D,20220429,000000,921.56,921.56,921.56,921.56,0,0
1991.N,D,20220502,000000,919.79,919.79,919.79,919.79,0,0
1991.N,D,20220504,000000,920.13,920.13,920.13,920.13,0,0
1991.N,D,20220505,000000,914.62,914.62,914.62,914.62,0,0
1991.N,D,20220506,000000,910.5,910.5,910.5,910.5,0,0
1991.N,D,20220509,000000,903.13,903.13,903.13,903.13,0,0
1991.N,D,20220510,000000,902.94,902.94,902.94,902.94,0,0
1991.N,D,20220511,000000,901.96,901.96,901.96,901.96,0,0
1991.N,D,20220512,000000,900.67,900.67,900.67,900.67,0,0
1991.N,D,20220513,000000,910.54,910.54,910.54,910.54,0,0
1991.N,D,20220516,000000,911.26,911.26,911.26,911.26,0,0
1991.N,D,20220517,000000,918.02,918.02,918.02,918.02,0,0
1991.N,D,20220518,000000,914.32,914.32,914.32,914.32,0,0
1991.N,D,20220519,000000,911.78,911.78,911.78,911.78,0,0
1991.N,D,20220520,000000,911.88,911.88,911.88,911.88,0,0
1991.N,D,20220523,000000,918.22,918.22,918.22,918.22,0,0
1991.N,D,20220524,000000,915.1,915.1,915.1,915.1,0,0
1991.N,D,20220525,000000,916.31,916.31,916.31,916.31,0,0
1991.N,D,20220526,000000,920.69,920.69,920.69,920.69,0,0
1991.N,D,20220527,000000,922.17,922.17,922.17,922.17,0,0
1991.N,D,20220530,000000,926.41,926.41,926.41,926.41,0,0
1991.N,D,20220531,000000,925.19,925.19,925.19,925.19,0,0
1991.N,D,20220601,000000,924.06,924.06,924.06,924.06,0,0
1991.N,D,20220602,000000,925.13,925.13,925.13,925.13,0,0
1991.N,D,20220603,000000,922.31,922.31,922.31,922.31,0,0
1991.N,D,20220606,000000,925.56,925.56,925.56,925.56,0,0
1991.N,D,20220607,000000,925.72,925.72,925.72,925.72,0,0
1991.N,D,20220608,000000,921.54,921.54,921.54,921.54,0,0
1991.N,D,20220609,000000,916.48,916.48,916.48,916.48,0,0
1991.N,D,20220610,000000,908.43,908.43,908.43,908.43,0,0
1991.N,D,20220613,000000,894.35,894.35,894.35,894.35,0,0
1991.N,D,20220614,000000,892.49,892.49,892.49,892.49,0,0
1991.N,D,20220615,000000,893.28,893.28,893.28,893.28,0,0
1991.N,D,20220617,000000,887.71,887.71,887.71,887.71,0,0
1991.N,D,20220620,000000,888.26,888.26,888.26,888.26,0,0
1991.N,D,20220621,000000,894.32,894.32,894.32,894.32,0,0
1991.N,D,20220622,000000,892.74,892.74,892.74,892.74,0,0
1991.N,D,20220623,000000,891.54,891.54,891.54,891.54,0,0
1991.N,D,20220624,000000,895.5,895.5,895.5,895.5,0,0
1991.N,D,20220627,000000,895.61,895.61,895.61,895.61,0,0
1991.N,D,20220628,000000,897.19,897.19,897.19,897.19,0,0
1991.N,D,20220629,000000,897.62,897.62,897.62,897.62,0,0
1991.N,D,20220630,000000,892.54,892.54,892.54,892.54,0,0
1991.N,D,20220701,000000,894.41,894.41,894.41,894.41,0,0
1991.N,D,20220704,000000,893.29,893.29,893.29,893.29,0,0
1991.N,D,20220705,000000,888.64,888.64,888.64,888.64,0,0
1991.N,D,20220706,000000,887.98,887.98,887.98,887.98,0,0
1991.N,D,20220707,000000,895.55,895.55,895.55,895.55,0,0
1991.N,D,20220708,000000,898.82,898.82,898.82,898.82,0,0
1991.N,D,20220711,000000,897.03,897.03,897.03,897.03,0,0
1991.N,D,20220712,000000,891.2,891.2,891.2,891.2,0,0
1991.N,D,20220713,000000,888.52,888.52,888.52,888.52,0,0
1991.N,D,20220714,000000,885.1,885.1,885.1,885.1,0,0
1991.N,D,20220715,000000,888.8,888.8,888.8,888.8,0,0
1991.N,D,20220718,000000,893.03,893.03,893.03,893.03,0,0
1991.N,D,20220719,000000,896.75,896.75,896.75,896.75,0,0
1991.N,D,20220720,000000,900.95,900.95,900.95,900.95,0,0
1991.N,D,20220721,000000,902.89,902.89,902.89,902.89,0,0
1991.N,D,20220722,000000,906.16,906.16,906.16,906.16,0,0
1991.N,D,20220725,000000,905.96,905.96,905.96,905.96,0,0
1991.N,D,20220726,000000,901.5,901.5,901.5,901.5,0,0
1991.N,D,20220727,000000,903.84,903.84,903.84,903.84,0,0
1991.N,D,20220728,000000,906.51,906.51,906.51,906.51,0,0
1991.N,D,20220729,000000,914.42,914.42,914.42,914.42,0,0
1991.N,D,20220801,000000,915.86,915.86,915.86,915.86,0,0
1991.N,D,20220802,000000,914.28,914.28,914.28,914.28,0,0
1991.N,D,20220803,000000,917.51,917.51,917.51,917.51,0,0
1991.N,D,20220804,000000,918,918,918,918,0,0
1991.N,D,20220805,000000,916.92,916.92,916.92,916.92,0,0
1991.N,D,20220808,000000,920.51,920.51,920.51,920.51,0,0
1991.N,D,20220809,000000,917.68,917.68,917.68,917.68,0,0
1991.N,D,20220810,000000,922.03,922.03,922.03,922.03,0,0
1991.N,D,20220811,000000,925.02,925.02,925.02,925.02,0,0
1991.N,D,20220812,000000,928.79,928.79,928.79,928.79,0,0
1991.N,D,20220816,000000,929.77,929.77,929.77,929.77,0,0
1991.N,D,20220817,000000,922.59,922.59,922.59,922.59,0,0
1991.N,D,20220818,000000,924.93,924.93,924.93,924.93,0,0
1991.N,D,20220819,000000,918.35,918.35,918.35,918.35,0,0
1991.N,D,20220822,000000,910.7,910.7,910.7,910.7,0,0
1991.N,D,20220823,000000,911.03,911.03,911.03,911.03,0,0
1991.N,D,20220824,000000,909.04,909.04,909.04,909.04,0,0
1991.N,D,20220825,000000,912.61,912.61,912.61,912.61,0,0
1991.N,D,20220826,000000,906.16,906.16,906.16,906.16,0,0
1991.N,D,20220829,000000,900.15,900.15,900.15,900.15,0,0
1991.N,D,20220830,000000,896.78,896.78,896.78,896.78,0,0
1991.N,D,20220831,000000,895.44,895.44,895.44,895.44,0,0
1991.N,D,20220901,000000,889.95,889.95,889.95,889.95,0,0
1991.N,D,20220902,000000,893.74,893.74,893.74,893.74,0,0
