<TICKER>,<PER>,<DATE>,<TIME>,<OPEN>,<HIGH>,<LOW>,<CLOSE>,<VOL>,<OPENINT>
CDA,D,20190508,000000,6.65913,9.98902,4.70051,9.98902,30281.218750996402,0
CDA,D,20190509,000000,11.987,14.2583,10.969,13.5534,40394.113637692804,0
CDA,D,20190510,000000,11.9074,12.5354,10.1845,10.1845,13803.9744322724,0
CDA,D,20190513,000000,9.63702,9.67593,6.65913,7.79504,26412.21590996,0
CDA,D,20190514,000000,7.75594,10.5763,7.05086,8.61721,29054.5426145924,0
CDA,D,20190515,000000,10.0985,11.9074,9.79356,11.7436,22139.8465916376,0
CDA,D,20190516,000000,12.6132,14.8066,10.3492,11.1246,53039.928979018005,0
CDA,D,20190517,000000,12.2992,13.2403,11.8296,12.4566,16135.7642050764,0
CDA,D,20190520,000000,12.5354,12.7697,11.5943,12.2992,4805.0340910672,0
CDA,D,20190521,000000,11.2812,11.4766,10.3564,11.1943,3817.0625001256003,0
CDA,D,20190522,000000,11.2893,11.2893,9.2443,9.2443,8017.599432082,0
CDA,D,20190523,000000,9.75375,11.1246,9.2443,10.569,4168.488636500801,0
CDA,D,20190524,000000,10.8116,10.8116,9.51848,10.2397,2813.6193182744,0
CDA,D,20190527,000000,10.3329,10.4197,9.79356,10.4197,1268.6704545872,0
CDA,D,20190528,000000,9.87862,10.9527,8.61721,9.51848,10264.2954548832,0
CDA,D,20190529,000000,10.1374,10.1374,8.85339,9.40084,1167.0000000384,0
CDA,D,20190530,000000,9.2443,9.40084,9.12666,9.12666,1863.2215909704,0
CDA,D,20190531,000000,8.65703,9.71484,8.61721,8.79005,1349.3437500444,0
CDA,D,20190603,000000,8.85339,9.40084,8.62717,9.00903,2012.4119318844,0
CDA,D,20190604,000000,8.61721,9.00903,8.30485,8.46121,4927.701704707601,0
CDA,D,20190605,000000,8.69594,8.77376,8.02985,8.38303,3034.6420455544003,0
CDA,D,20190606,000000,8.38303,8.38303,7.44249,7.83422,2462.1931818992,0
CDA,D,20190607,000000,7.52086,8.22667,7.12922,8.22667,4716.6250001552,0
CDA,D,20190610,000000,8.14767,8.22667,7.23102,7.44249,6868.281250226,0
CDA,D,20190611,000000,7.45037,8.21816,7.44249,8.14767,5217.2414774444005,0
CDA,D,20190612,000000,7.99076,8.10767,7.12922,7.28586,2101.9261364328,0
CDA,D,20190613,000000,7.30929,7.74816,7.30929,7.74816,489.5653409252,0
CDA,D,20190614,000000,7.67758,7.83422,7.52086,7.83422,376.8437500124,0
CDA,D,20190617,000000,7.83422,7.83422,7.20912,7.36422,816.6789772996,0
CDA,D,20190618,000000,7.23102,7.36422,6.51806,6.72184,5789.6903410996,0
CDA,D,20190619,000000,6.71397,6.98824,6.54946,6.54946,3450.1647728408,0
CDA,D,20190621,000000,6.61208,6.97259,6.61208,6.97259,550.3465909272,0
CDA,D,20190624,000000,6.81577,6.81577,6.51806,6.54159,1001.2329545784,0
CDA,D,20190625,000000,6.65913,7.05086,6.65913,6.65913,1003.4431818512,0
CDA,D,20190626,000000,6.97259,6.97259,6.42414,6.56512,1780.3380682404002,0
CDA,D,20190627,000000,6.40848,6.40848,5.79732,6.11068,4367.4090910528,0
CDA,D,20190628,000000,6.11068,6.89413,5.98545,6.88626,5515.6221592724005,0
CDA,D,20190701,000000,6.7375,7.372,6.7375,7.05086,3635.8238637560003,0
CDA,D,20190702,000000,6.90988,6.90988,6.26741,6.34577,3736.3892046684,0
CDA,D,20190703,000000,6.27691,6.72962,6.26741,6.61208,3507.6306819336,0
CDA,D,20190704,000000,6.62004,6.7375,6.34577,6.7375,2394.7812500788,0
CDA,D,20190705,000000,6.39274,6.65126,6.29094,6.65126,1076.3806818536,0
CDA,D,20190708,000000,6.65126,6.65913,6.28388,6.65126,594.5511363832001,0
CDA,D,20190709,000000,6.99258,6.99258,5.99368,6.36821,4994.0085228916005,0
CDA,D,20190710,000000,6.3674,6.52639,6.26008,6.40993,2083.139204614,0
CDA,D,20190711,000000,6.40993,6.40993,6.32659,6.32659,56.360795456400005,0
CDA,D,20190712,000000,6.24343,6.44314,5.99368,6.44314,2128.4488637064,0
CDA,D,20190715,000000,6.07775,6.15846,5.99531,6.16009,1548.2642045964,0
CDA,D,20190716,000000,6.27673,6.27673,5.99531,6.24343,794.5767045716,0
CDA,D,20190717,000000,6.23004,6.23004,5.99368,6.21837,1978.1534091560002,0
CDA,D,20190718,000000,6.01033,6.19339,6.01033,6.16009,167.9772727328,0
CDA,D,20190719,000000,6.04354,6.11856,6.03522,6.07693,1812.386363696,0
CDA,D,20190722,000000,5.84383,6.07693,5.49419,5.50251,5838.3153411012,0
CDA,D,20190723,000000,5.52749,5.53581,4.82819,5.49419,18334.9403415124,0
CDA,D,20190724,000000,5.49084,5.99368,5.41094,5.66068,5774.21875019,0
CDA,D,20190725,000000,5.64403,5.64403,5.17784,5.41094,8449.6988639144,0
CDA,D,20190726,000000,5.41094,5.49419,5.17784,5.17784,969.1846591228,0
CDA,D,20190729,000000,5.17784,5.36931,5.17784,5.36931,703.9573863868001,0
CDA,D,20190730,000000,5.45256,5.45256,5.18119,5.45256,425.468750014,0
CDA,D,20190731,000000,5.39429,5.39429,5.24444,5.37682,2189.2301137084,0
CDA,D,20190801,000000,5.37682,5.37682,5.37682,5.37682,75.1477272752,0
CDA,D,20190802,000000,5.31936,5.31936,5.07794,5.07794,987.9715909416001,0
CDA,D,20190805,000000,5.31104,5.41094,5.08798,5.16128,1111.7443182184,0
CDA,D,20190806,000000,5.16128,5.45256,5.07875,5.45256,1221.150568222,0
CDA,D,20190807,000000,5.41094,7.32558,5.41094,6.82609,17596.7244323972,0
CDA,D,20190808,000000,6.82609,8.03311,6.82609,7.36721,4412.7187501452,0
CDA,D,20190809,000000,7.40883,9.90486,7.40883,9.01536,25051.8210235516,0
CDA,D,20190812,000000,8.42474,9.99807,8.42474,9.40627,9508.3977275856,0
CDA,D,20190813,000000,9.65602,10.8215,8.57432,9.15743,12327.542614042,0
CDA,D,20190814,000000,9.72298,9.72298,7.95828,8.30829,5714.5426138244,0
CDA,D,20190816,000000,8.24965,8.30829,6.60131,7.90824,3136.3125001032,0
CDA,D,20190819,000000,7.65858,8.1578,6.92843,7.333,6302.4630683892,0
CDA,D,20190820,000000,7.90742,7.90742,6.96761,7.45878,1642.1988636904,0
CDA,D,20190821,000000,7.64193,7.64193,6.89268,6.97177,800.1022727536,0
CDA,D,20190822,000000,7.40711,7.74174,6.97177,7.15076,881.8806818472,0
CDA,D,20190826,000000,6.65959,7.06751,6.57643,6.90933,3505.4204546608003,0
CDA,D,20190827,000000,6.57643,6.90852,6.25176,6.40993,957.0284091224,0
CDA,D,20190828,000000,6.26008,7.50041,6.26008,7.50041,5279.1278410828,0
CDA,D,20190829,000000,7.58356,8.99093,7.58356,8.99093,15346.7130686868,0
CDA,D,20190830,000000,8.74118,8.90768,8.07455,8.57432,7007.5255684124,0
CDA,D,20190902,000000,8.74118,8.74118,7.82508,7.99158,3112.0000001024,0
CDA,D,20190903,000000,8.74118,8.74118,7.7002,7.86661,3282.187500108,0
CDA,D,20190904,000000,7.86661,8.04144,7.17573,7.40883,2580.440340994,0
CDA,D,20190905,000000,7.65442,7.69188,7.23401,7.69188,859.7784091192,0
CDA,D,20190906,000000,7.75839,8.32439,7.75839,8.1578,2682.1107955428,0
CDA,D,20190909,000000,8.1578,8.59133,8.03311,8.53261,1563.7357955060002,0
CDA,D,20190910,000000,8.20793,8.55731,8.07455,8.40773,1298.5085227700001,0
CDA,D,20190911,000000,8.44936,9.98902,8.44936,9.15743,12358.485795861201,0
CDA,D,20190912,000000,9.08142,10.3229,8.61631,9.73927,12607.1363640512,0
CDA,D,20190913,000000,9.73927,9.73927,8.74118,8.74118,4189.4857955924,0
CDA,D,20190916,000000,9.53115,9.57277,8.90949,9.57277,2356.1022728048,0
CDA,D,20190917,000000,9.73927,9.90577,8.65793,8.65793,3284.3977273808,0
CDA,D,20190918,000000,8.79095,9.36465,8.53261,8.53261,1940.5795455184,0
CDA,D,20190919,000000,8.53605,9.15743,7.99158,9.15743,2141.7102273432,0
CDA,D,20190920,000000,9.15743,9.15743,8.74118,8.74118,455.3068181968,0
CDA,D,20190923,000000,9.1158,9.1158,8.03311,8.59133,1207.8892045852,0
CDA,D,20190924,000000,8.24114,8.65793,8.1578,8.65793,3115.3153410116,0
CDA,D,20190925,000000,8.67332,8.94931,8.61631,8.94931,479.6193181976,0
CDA,D,20190926,000000,8.94931,9.07237,8.50799,8.99817,175.71306818760002,0
CDA,D,20190927,000000,8.49098,9.15743,8.49098,8.94931,816.6789772996,0
CDA,D,20190930,000000,8.67332,8.67332,8.57432,8.57432,1037.7017045796001,0
CDA,D,20191001,000000,8.90768,8.90768,8.57432,8.57432,192.28977273360002,0
CDA,D,20191002,000000,8.60726,8.60726,8.60726,8.60726,1.1051136364,0
CDA,D,20191003,000000,8.57432,8.57432,8.24114,8.24114,516.0880681988,0
CDA,D,20191004,000000,8.24965,8.24965,8.24114,8.24114,360.2670454664,0
CDA,D,20191007,000000,8.49949,8.74118,8.49098,8.74118,467.4630681972,0
CDA,D,20191008,000000,8.27426,8.49098,8.27426,8.49098,66.30681818400001,0
CDA,D,20191010,000000,8.74118,9.57277,8.74118,9.19905,4291.1562501412,0
CDA,D,20191011,000000,9.15743,9.36465,8.75747,9.15743,595.6562500196001,0
CDA,D,20191014,000000,8.7991,8.7991,8.78281,8.78281,575.7642045644001,0
CDA,D,20191015,000000,8.78281,9.38998,7.90824,8.24114,2226.803977346,0
CDA,D,20191016,000000,8.12468,8.47397,8.02479,8.47397,459.72727274240003,0
CDA,D,20191017,000000,8.65793,9.48228,7.90824,8.90768,3398.2244319300003,0
CDA,D,20191021,000000,8.86606,9.24792,8.85701,8.99093,2462.1931818992,0
CDA,D,20191022,000000,9.15743,9.15743,8.44936,8.67332,1253.1988636776,0
CDA,D,20191023,000000,8.67332,8.94931,8.32611,8.94931,1504.0596591404,0
CDA,D,20191024,000000,8.52419,8.52419,8.32439,8.32439,1041.0170454888,0
CDA,D,20191025,000000,8.32439,8.40773,8.32439,8.40773,242.01988637160002,0
CDA,D,20191028,000000,8.49949,8.90768,8.44936,8.44936,228.7585227348,0
CDA,D,20191029,000000,8.44936,8.49949,8.29978,8.49949,1804.6505682412,0
CDA,D,20191030,000000,8.74118,8.74118,8.32439,8.73213,875.2500000288001,0
CDA,D,20191031,000000,8.71494,8.74118,8.32439,8.32439,3167.2556819224,0
CDA,D,20191104,000000,8.65793,8.76561,8.29978,8.74118,2342.840909168,0
CDA,D,20191105,000000,8.73213,8.73213,8.32439,8.64888,1754.9204546032001,0
CDA,D,20191106,000000,8.74118,9.07418,8.74118,9.00722,3839.1647728536,0
CDA,D,20191107,000000,9.15743,10.2397,9.15743,9.4479,17060.7443187432,0
CDA,D,20191108,000000,9.90577,9.90577,8.57432,8.94026,9310.582386670001,0
CDA,D,20191112,000000,9.2814,9.65602,9.07418,9.65602,5642.7102274584,0
CDA,D,20191113,000000,9.32302,9.43161,9.07418,9.39903,355.8465909208,0
CDA,D,20191114,000000,8.85882,9.3737,8.85882,9.3737,360.2670454664,0
CDA,D,20191115,000000,8.85701,9.15743,8.85701,8.8742,720.5340909328,0
CDA,D,20191118,000000,8.85701,8.88234,8.74118,8.75747,1547.15909096,0
CDA,D,20191119,000000,8.74118,8.74118,8.49098,8.57432,392.315340922,0
CDA,D,20191120,000000,8.36602,8.74118,8.32439,8.49098,2139.5000000704,0
CDA,D,20191121,000000,8.32439,9.40627,8.32439,9.14024,2024.5681818848,0
CDA,D,20191122,000000,9.14024,9.14024,8.75747,8.77376,78.4630681844,0
CDA,D,20191125,000000,8.78281,8.78281,8.42474,8.42474,3515.3664773884,0
CDA,D,20191126,000000,8.68237,8.74118,8.53261,8.74118,348.110795466,0
CDA,D,20191127,000000,8.74118,8.96559,8.36602,8.76561,2391.4659091696003,0
CDA,D,20191128,000000,8.57432,8.57432,8.57432,8.57432,360.2670454664,0
CDA,D,20191129,000000,8.34991,8.76561,8.3414,8.76561,480.72443183400003,0
CDA,D,20191202,000000,8.74118,8.82443,8.57432,8.57432,817.784090936,0
CDA,D,20191203,000000,8.74118,8.90768,8.65793,8.90768,1023.3352273064,0
CDA,D,20191204,000000,8.60545,8.65793,8.57432,8.60726,1180.2613636752,0
CDA,D,20191205,000000,8.80724,8.80724,8.51569,8.51569,563.607954564,0
CDA,D,20191206,000000,8.51569,8.53261,8.51569,8.51569,513.877840926,0
CDA,D,20191209,000000,8.51569,8.51569,8.44936,8.44936,125.98295454960001,0
CDA,D,20191210,000000,8.74118,8.78281,8.74118,8.78281,753.6875000248,0
CDA,D,20191211,000000,8.74118,8.78281,8.74118,8.74118,2783.7812500916,0
CDA,D,20191212,000000,8.78281,8.78281,8.78281,8.78281,2.2102272728,0
CDA,D,20191213,000000,8.78281,8.78281,8.49098,8.74118,2896.5028410044,0
CDA,D,20191216,000000,8.53433,9.07418,8.53433,9.07418,2283.1647728024,0
CDA,D,20191217,000000,8.78281,9.07418,8.78281,9.07418,1600.2045455072,0
CDA,D,20191218,000000,9.07418,9.07418,9.07418,9.07418,12.1562500004,0
CDA,D,20191219,000000,9.03256,9.15743,9.03256,9.15743,732.6903409332,0
CDA,D,20191220,000000,9.15743,9.40627,9.15743,9.23977,617.7585227476001,0
CDA,D,20191223,000000,9.47323,9.57277,9.23977,9.57277,1986.9943182472,0
CDA,D,20191227,000000,9.73927,9.856,9.57277,9.57277,631.0198863844,0
CDA,D,20191230,000000,9.57277,9.81438,9.57277,9.81438,921.6647727576001,0
CDA,D,20200102,000000,9.73927,10.2397,9.65602,9.98902,3520.8920455704,0
CDA,D,20200103,000000,9.40627,10.1564,9.32302,10.1564,2904.2386364592003,0
CDA,D,20200107,000000,10.0732,11.6549,10.0732,10.7383,4472.3948865108005,0
CDA,D,20200108,000000,11.6549,11.6549,10.9138,11.5717,3119.7357955572,0
CDA,D,20200109,000000,11.5717,12.4032,11.5717,12.4032,4350.8323865068005,0
CDA,D,20200110,000000,12.1535,12.3951,12.0703,12.3951,1588.0482955068,0
CDA,D,20200113,000000,12.0703,12.3951,12.0703,12.32,488.4602272888,0
CDA,D,20200114,000000,12.1535,12.4865,11.5717,11.9047,2045.5653409764002,0
CDA,D,20200115,000000,11.5717,12.2368,10.2397,12.0703,3768.437500124,0
CDA,D,20200116,000000,11.587,12.0703,11.587,11.9463,2195.8607955268003,0
CDA,D,20200117,000000,11.9463,12.0295,11.6459,11.9372,2108.5568182512,0
CDA,D,20200120,000000,11.9372,11.9463,11.7382,11.7382,230.96875000760002,0
CDA,D,20200121,000000,11.8214,11.9047,11.5717,11.9047,1317.2954545888,0
CDA,D,20200122,000000,11.9047,12.0703,11.321,12.0703,1125.0056818552,0
CDA,D,20200123,000000,12.0703,12.32,11.6549,12.32,753.6875000248,0
CDA,D,20200124,000000,12.32,12.995,11.6549,12.995,2551.7073864476,0
CDA,D,20200127,000000,13.0611,13.3199,11.8214,12.4747,2757.258522818,0
CDA,D,20200128,000000,13.2366,13.3199,12.5697,13.2692,3146.2585228308003,0
CDA,D,20200129,000000,13.3108,13.3108,12.8195,13.2195,1168.1051136748001,0
CDA,D,20200130,000000,13.2195,13.2195,12.9027,13.2195,204.446022734,0
CDA,D,20200131,000000,12.4865,12.4865,12.1535,12.1535,339.2698863748,0
CDA,D,20200203,000000,12.4865,12.7037,12.4032,12.5869,2277.6392046204,0
CDA,D,20200204,000000,12.5535,12.5535,12.3698,12.3698,324.9034091016,0
CDA,D,20200205,000000,12.3698,12.7037,12.3698,12.3788,896.2471591204,0
CDA,D,20200206,000000,12.3788,12.6114,12.3788,12.6114,636.5454545664,0
CDA,D,20200207,000000,12.653,12.653,12.6114,12.653,270.752840918,0
CDA,D,20200210,000000,12.4865,12.7951,12.4865,12.7362,1015.5994318516,0
CDA,D,20200211,000000,12.8865,12.9027,12.8195,12.9027,1152.6335227652,0
CDA,D,20200212,000000,12.9027,12.9027,12.9027,12.9027,41.9943181832,0
CDA,D,20200213,000000,12.4032,12.9027,11.9047,12.4865,545.9261363816,0
CDA,D,20200214,000000,12.4865,12.8195,12.4865,12.8195,128.1931818224,0
CDA,D,20200217,000000,12.5281,12.653,12.4955,12.653,109.40625000360001,0
CDA,D,20200218,000000,12.6449,12.6449,12.6114,12.6114,80.6732954572,0
CDA,D,20200219,000000,12.6114,12.6114,12.4865,12.4865,26.5227272736,0
CDA,D,20200220,000000,12.6114,12.6114,12.32,12.32,292.855113646,0
CDA,D,20200221,000000,12.32,12.5697,12.2368,12.2368,173.5028409148,0
CDA,D,20200224,000000,12.2368,12.2368,9.98902,11.1961,3781.6988637608,0
CDA,D,20200225,000000,11.1961,12.4765,11.1545,12.0295,3799.3806819432,0
CDA,D,20200226,000000,12.0703,12.4367,11.6549,12.4367,2310.7926137124,0
CDA,D,20200227,000000,12.4367,12.4784,12.0703,12.1535,2471.0340909904003,0
CDA,D,20200228,000000,12.0703,12.0703,9.65602,11.321,3957.4119319484003,0
CDA,D,20200302,000000,11.2378,11.9879,11.2378,11.2378,576.8693182008,0
CDA,D,20200303,000000,11.2378,11.6133,11.2378,11.5717,566.9232954732,0
CDA,D,20200304,000000,11.321,11.6549,11.1545,11.6549,749.2670454792001,0
CDA,D,20200305,000000,11.6549,12.3951,11.6549,12.3951,3456.7954546592,0
CDA,D,20200306,000000,12.3616,12.3616,12.1535,12.1535,497.30113638,0
CDA,D,20200309,000000,12.1535,12.1535,11.6558,12.0703,878.5653409380001,0
CDA,D,20200310,000000,12.0703,12.32,12.0703,12.0703,1522.8465909592,0
CDA,D,20200311,000000,12.32,14.7351,12.0703,13.3199,18641.0568187952,0
CDA,D,20200312,000000,15.4835,18.5637,14.5677,18.5637,31679.1875010424,0
CDA,D,20200313,000000,23.2211,23.2211,19.0713,20.9028,40506.8352286056,0
CDA,D,20200316,000000,21.6439,31.1669,21.4774,30.8005,35368.0568193456,0
CDA,D,20200317,000000,30.8005,43.1965,29.968,33.2943,63998.2357975604,0
CDA,D,20200318,000000,34.3386,35.171,22.7262,26.5384,40941.144887710805,0
CDA,D,20200319,000000,27.8867,29.1355,23.4745,23.4745,17280.6619323868,0
CDA,D,20200320,000000,20.8531,24.8065,19.4794,20.0622,46106.446024244404,0
CDA,D,20200323,000000,20.1617,28.2197,20.1617,27.4714,51113.7159107728,0
CDA,D,20200324,000000,29.5517,34.1304,29.0522,32.2157,48493.491478868404,0
CDA,D,20200325,000000,32.4654,32.4654,28.303,30.634,17712.7613642192,0
CDA,D,20200326,000000,30.6258,30.6258,26.8045,28.303,13608.3693186296,0
CDA,D,20200327,000000,29.0685,29.0685,27.1981,28.388,5153.1448865332,0
CDA,D,20200330,000000,27.8017,27.9636,22.7787,25.4046,12424.7926140452,0
CDA,D,20200331,000000,25.7114,26.3484,23.8328,25.4046,9749.3125003208,0
CDA,D,20200401,000000,24.6481,26.3484,24.6481,25.4987,1731.7130682388001,0
CDA,D,20200402,000000,25.4987,26.3484,24.8183,25.4987,5029.3721592564,0
CDA,D,20200403,000000,25.4987,25.4987,22.7787,25.4987,10801.3806821736,0
CDA,D,20200406,000000,23.7985,25.0734,23.2039,23.7985,4698.943181972801,0
CDA,D,20200407,000000,22.7533,23.6283,22.7533,22.9488,5581.9289774564,0
CDA,D,20200408,000000,23.0338,23.0338,19.5491,22.8637,5956.562500196001,0
CDA,D,20200409,000000,22.8556,22.8556,21.6738,21.7588,2340.6306818952003,0
CDA,D,20200414,000000,21.5037,21.7588,19.7192,19.7192,8241.9375002712,0
CDA,D,20200415,000000,18.104,21.206,17.1693,21.0784,11633.5312503828,0
CDA,D,20200416,000000,21.0784,21.2485,19.8034,20.3735,2027.883522794,0
CDA,D,20200417,000000,28.0487,28.0487,23.2039,23.4157,29838.0681828,0
CDA,D,20200420,000000,23.7985,24.6481,23.4582,23.7985,4334.2556819608,0
CDA,D,20200421,000000,23.4582,23.4582,20.8241,22.0819,6430.6562502116,0
CDA,D,20200422,000000,22.0819,22.6936,22.014,22.4384,2570.4943182664,0
CDA,D,20200423,000000,22.4384,22.4384,21.2575,22.0991,1376.9715909544,0
CDA,D,20200424,000000,21.929,21.929,20.5264,21.1634,3120.8409091936,0
CDA,D,20200427,000000,20.9942,21.2485,19.8079,20.739,2359.4176137140003,0
CDA,D,20200428,000000,19.8079,21.1634,19.6342,21.1634,5266.9715910824,0
CDA,D,20200429,000000,20.9942,21.1634,19.6342,20.7816,838.7812500276,0
CDA,D,20200430,000000,20.739,20.7816,18.8686,20.7173,3369.4914773836003,0
CDA,D,20200504,000000,20.2459,22.5235,20.2459,21.4611,3607.0909092096003,0
CDA,D,20200505,000000,22.4384,25.4137,22.4384,25.4137,7431.88920479,0
CDA,D,20200506,000000,25.7539,26.3484,21.2485,23.7985,4228.1647728664,0
CDA,D,20200507,000000,23.8754,23.8835,23.2039,23.8835,1949.4204546096,0
CDA,D,20200508,000000,23.8835,29.663,23.7985,24.9377,56807.261365505605,0
CDA,D,20200511,000000,24.9884,25.8299,22.9488,22.9488,10725.127841262001,0
CDA,D,20200512,000000,22.9488,24.2238,21.1634,23.7985,8622.0965911928,0
CDA,D,20200513,000000,22.7787,23.7985,21.8521,22.9234,2639.0113637232002,0
CDA,D,20200514,000000,22.0991,22.5235,21.2485,22.005,2108.5568182512,0
CDA,D,20200515,000000,21.3426,22.9062,21.3426,22.4809,1079.6960227628,0
CDA,D,20200518,000000,23.7134,23.7134,22.6085,23.7134,5696.860795642,0
CDA,D,20200519,000000,23.7053,23.7053,23.3741,23.6283,1326.1363636800002,0
CDA,D,20200520,000000,23.6283,23.7985,23.3741,23.3741,414.41761365,0
CDA,D,20200521,000000,23.3741,23.3741,22.2258,23.0338,581.2897727464,0
CDA,D,20200522,000000,22.9488,23.7985,22.6085,23.7985,1917.372159154,0
CDA,D,20200525,000000,23.7985,24.2192,22.2258,23.3741,1708.5056818744001,0
CDA,D,20200526,000000,23.5777,23.5777,21.3761,22.9488,2350.5767046228,0
CDA,D,20200527,000000,22.4384,23.3741,22.2683,22.9488,1594.6789773252,0
CDA,D,20200528,000000,22.9488,23.2039,22.2683,23.0338,720.5340909328,0
CDA,D,20200529,000000,23.28,23.28,22.3534,23.1189,780.2102272984,0
CDA,D,20200601,000000,22.8637,23.3569,21.4186,23.3569,1676.4573864188,0
CDA,D,20200602,000000,23.3569,23.3741,22.5235,23.1614,723.8494318420001,0
CDA,D,20200603,000000,22.9488,23.1614,22.4384,22.9397,643.1761363848,0
CDA,D,20200604,000000,23.1189,23.3777,22.5235,23.3777,2475.4545455360003,0
CDA,D,20200605,000000,23.4582,23.7433,22.728,23.5695,1254.3039773140001,0
CDA,D,20200608,000000,22.9533,23.6709,22.7787,23.3741,1564.8409091424,0
CDA,D,20200609,000000,23.3741,23.5397,22.9569,23.3741,1268.6704545872,0
CDA,D,20200610,000000,22.966,23.3741,22.966,23.3741,524.92897729,0
CDA,D,20200612,000000,22.8556,23.6283,22.5235,23.6283,2697.5823864524,0
CDA,D,20200615,000000,22.9488,24.2238,22.9488,23.7985,2167.1278409804,0
CDA,D,20200616,000000,24.079,24.079,23.289,23.7985,527.1392045628,0
CDA,D,20200617,000000,23.7985,25.9448,23.7985,25.4897,5018.3210228924,0
CDA,D,20200618,000000,25.3286,25.9403,24.8183,24.8183,2345.0511364408003,0
CDA,D,20200619,000000,25.4987,25.9068,24.6653,25.8381,1063.1193182168001,0
CDA,D,20200622,000000,25.8896,27.1556,25.8896,26.6887,3697.7102273944,0
CDA,D,20200623,000000,27.1094,27.113,25.4987,26.7221,5273.6022729008,0
CDA,D,20200624,000000,26.7221,26.7737,25.7539,26.6669,411.1022727408,0
CDA,D,20200625,000000,26.7737,26.7737,25.7539,26.6715,1536.1079545960001,0
CDA,D,20200626,000000,26.6715,26.6715,25.0734,26.2552,1638.8835227812,0
CDA,D,20200629,000000,25.9195,25.9195,24.6481,25.7494,686.2755682044,0
CDA,D,20200630,000000,25.7539,25.7539,24.6481,25.4517,405.57670455880003,0
CDA,D,20200701,000000,25.4987,25.4987,23.803,24.2238,1779.232954604,0
CDA,D,20200702,000000,24.6445,26.6715,24.6445,26.3484,3366.1761364744,0
CDA,D,20200703,000000,26.7737,29.0595,26.7737,28.8133,11800.4034094792,0
CDA,D,20200706,000000,29.3237,29.4078,28.0568,29.2296,1659.8806818728,0
CDA,D,20200707,000000,29.2296,29.2296,28.4731,28.8984,702.8522727504001,0
CDA,D,20200708,000000,28.8984,28.8984,28.0487,28.8939,642.0710227484,0
CDA,D,20200709,000000,28.8812,28.8812,26.3529,27.7419,2181.4943182536,0
CDA,D,20200710,000000,28.7708,28.7708,27.5809,28.626,223.2329545528,0
CDA,D,20200713,000000,28.6857,28.6857,27.5637,28.626,1278.6164773148,0
CDA,D,20200714,000000,28.0442,28.388,26.1783,28.3844,1415.6505682284,0
CDA,D,20200715,000000,28.3799,28.3799,26.8497,27.9383,2044.46022734,0
CDA,D,20200716,000000,27.9636,27.9636,26.1783,27.5302,2660.0085228148,0
CDA,D,20200717,000000,27.5302,27.5302,26.3484,27.4533,729.375000024,0
CDA,D,20200720,000000,27.5302,27.5302,26.3484,27.4533,2015.7272727936002,0
CDA,D,20200721,000000,27.5302,27.5383,26.5185,27.3682,3812.6420455800003,0
CDA,D,20200722,000000,27.3682,31.8727,26.7819,30.8529,11586.0113640176,0
CDA,D,20200723,000000,31.4483,33.1477,30.1734,32.6292,4613.84943197,0
CDA,D,20200724,000000,31.3208,32.8247,31.3208,32.298,787.9460227532,0
CDA,D,20200727,000000,32.2899,33.5558,29.1536,33.1477,3656.8210228476,0
CDA,D,20200728,000000,32.9785,33.3178,31.9578,33.0627,3841.3750001264,0
CDA,D,20200729,000000,31.9578,32.3831,30.6828,31.661,1252.0937500412,0
CDA,D,20200730,000000,31.7035,32.0429,25.5838,27.9636,13620.52556863,0
CDA,D,20200731,000000,28.7283,28.7283,26.9094,28.3546,3542.9943182984002,0
CDA,D,20200803,000000,30.5941,32.2682,30.1734,30.7679,4054.6619319516003,0
CDA,D,20200804,000000,30.938,31.0231,29.7481,30.0032,1159.2642045836,0
CDA,D,20200805,000000,28.8984,30.5046,28.8052,29.578,1862.1164773340001,0
CDA,D,20200806,000000,30.4448,32.213,30.4448,31.7035,2690.951704634,0
CDA,D,20200807,000000,30.0883,35.6977,24.9033,27.3682,35098.409092064,0
CDA,D,20200810,000000,29.4078,29.4078,25.5838,26.7737,3312.0255682908,0
CDA,D,20200811,000000,25.9231,26.2634,25.116,26.2552,5262.5511365368,0
CDA,D,20200812,000000,26.2634,26.2634,22.6936,22.8637,7045.09943205,0
CDA,D,20200813,000000,22.9488,23.6799,21.929,22.6936,4968.5909092544,0
CDA,D,20200814,000000,23.1098,25.3286,23.1098,24.6997,4679.0511365176,0
CDA,D,20200817,000000,25.4987,25.4987,24.2699,24.2699,292.855113646,0
CDA,D,20200818,000000,24.2699,24.2699,22.0566,22.8257,1651.0397727816,0
CDA,D,20200819,000000,22.1841,22.3534,21.929,22.014,2953.9687500972,0
CDA,D,20200820,000000,21.8439,22.0819,21.4186,22.014,2434.5653409892,0
CDA,D,20200821,000000,22.014,24.1812,22.014,24.1387,2076.5085227956,0
CDA,D,20200824,000000,22.6131,25.2436,22.6131,24.2238,3190.4630682868,0
CDA,D,20200825,000000,24.9549,25.4987,24.317,24.6319,2255.5369318924,0
CDA,D,20200826,000000,24.3088,24.3088,22.6257,23.8835,1085.2215909448,0
CDA,D,20200827,000000,23.9179,23.9686,23.051,23.3741,631.0198863844,0
CDA,D,20200828,000000,23.3741,24.0283,23.0338,23.1614,691.8011363864,0
CDA,D,20200831,000000,23.0764,24.0536,23.0764,24.0536,375.738636376,0
CDA,D,20200901,000000,24.3088,24.3088,24.0536,24.0536,1208.9943182216,0
CDA,D,20200902,000000,23.7985,24.4789,23.7985,24.4789,645.3863636576,0
CDA,D,20200903,000000,24.4789,25.1757,23.926,25.1757,616.6534091112001,0
CDA,D,20200904,000000,25.1757,25.1757,24.3088,25.1585,9.9460227276,0
CDA,D,20200907,000000,24.9884,24.9884,23.888,23.888,1309.559659134,0
CDA,D,20200908,000000,22.6131,23.3741,20.0586,21.2403,4822.7159092496,0
CDA,D,20200909,000000,21.2449,22.8637,20.3988,22.8637,1925.1079546088001,0
CDA,D,20200910,000000,23.1614,23.1614,23.1614,23.1614,58.5710227292,0
CDA,D,20200911,000000,22.9488,22.9488,22.2683,22.2683,166.8721590964,0
CDA,D,20200914,000000,22.3534,22.49,22.3534,22.4384,278.4886363728,0
CDA,D,20200915,000000,22.3959,22.8637,21.5037,22.8637,235.38920455320002,0
CDA,D,20200916,000000,22.6936,22.6936,21.6313,22.6936,285.1193181912,0
CDA,D,20200917,000000,22.6085,22.7787,22.0991,22.7787,166.8721590964,0
CDA,D,20200918,000000,22.4384,23.365,22.2855,22.2945,384.57954546720003,0
CDA,D,20200921,000000,22.8637,23.4419,22.3534,22.3534,702.8522727504001,0
CDA,D,20200922,000000,22.3624,23.289,22.3624,22.4475,276.27840910000003,0
CDA,D,20200923,000000,22.9488,22.9488,22.0991,22.0991,1129.4261364008,0
CDA,D,20200924,000000,22.0991,22.0991,21.5037,21.5037,277.38352273640004,0
CDA,D,20200925,000000,22.0991,22.8637,20.1101,21.7588,592.3409091104,0
CDA,D,20200928,000000,22.1027,22.9062,20.9942,21.206,2947.3380682788,0
CDA,D,20200929,000000,21.4186,21.929,21.2485,21.2485,2629.0653409956003,0
CDA,D,20200930,000000,21.9968,22.014,21.2485,21.929,179.0284090968,0
CDA,D,20201001,000000,22.014,22.09,22.014,22.09,44.204545456000005,0
CDA,D,20201002,000000,22.09,22.09,22.09,22.09,311.6420454648,0
CDA,D,20201005,000000,22.0991,22.0991,22.0991,22.0991,150.2954545504,0
CDA,D,20201006,000000,21.6738,21.6738,21.5163,21.5462,1049.85795458,0
CDA,D,20201007,000000,21.5543,21.6738,21.3507,21.6738,267.4375000088,0
CDA,D,20201008,000000,21.4358,21.6313,20.8241,21.5381,2813.6193182744,0
CDA,D,20201009,000000,20.4459,21.4358,19.9735,21.4358,1605.7301136892002,0
CDA,D,20201012,000000,20.7472,21.5887,20.739,21.5715,1347.1335227716002,0
CDA,D,20201013,000000,20.9517,21.5715,20.407,21.5715,459.72727274240003,0
CDA,D,20201014,000000,21.5037,21.5037,21.4186,21.4186,474.0937500156,0
CDA,D,20201015,000000,20.739,22.7787,20.739,22.5235,2286.4801137116,0
CDA,D,20201016,000000,22.851,25.1413,22.5235,24.1387,3539.6789773892,0
CDA,D,20201019,000000,24.3088,25.4987,24.3088,25.0734,2083.139204614,0
CDA,D,20201020,000000,25.4987,25.9068,24.564,24.564,611.1278409292,0
CDA,D,20201021,000000,24.6481,25.2436,24.2238,25.0734,353.63636364800004,0
CDA,D,20201022,000000,25.1585,25.1585,24.0536,24.6481,766.9488636616001,0
CDA,D,20201023,000000,24.0111,24.6481,23.3741,24.6481,2215.752840982,0
CDA,D,20201026,000000,24.6481,24.6481,23.4582,24.6445,679.644886386,0
CDA,D,20201027,000000,23.042,24.6445,22.9488,24.6445,2494.2414773548003,0
CDA,D,20201028,000000,23.8157,24.3088,22.9488,24.0536,726.0596591148001,0
CDA,D,20201029,000000,24.1296,24.1296,21.2575,22.728,1986.9943182472,0
CDA,D,20201030,000000,21.5082,22.2348,21.2657,21.7588,2971.6505682796,0
CDA,D,20201102,000000,22.3534,22.8637,22.3534,22.7787,858.6732954828001,0
CDA,D,20201103,000000,22.7787,23.7985,22.7787,23.6283,928.295454576,0
CDA,D,20201104,000000,23.6283,23.7985,23.3741,23.7985,639.8607954756001,0
CDA,D,20201105,000000,23.7985,24.2238,23.7985,23.9686,143.66477273200002,0
CDA,D,20201106,000000,24.2238,25.9068,23.8075,24.6481,5283.5482956284,0
CDA,D,20201109,000000,24.6481,24.6481,21.7588,22.566,2353.892045532,0
CDA,D,20201110,000000,23.0338,23.1696,21.7715,23.1696,776.8948863892,0
CDA,D,20201112,000000,23.1696,24.564,23.1696,23.7985,2163.8125000712002,0
CDA,D,20201113,000000,24.2916,24.3767,23.7985,24.3767,402.2613636496,0
CDA,D,20201116,000000,24.3767,24.564,23.7985,23.7985,180.1335227332,0
CDA,D,20201117,000000,23.7985,24.0536,23.7985,24.0536,372.4232954668,0
CDA,D,20201118,000000,23.7985,24.0111,23.7985,23.7985,236.49431818960002,0
CDA,D,20201119,000000,24.0111,24.0111,22.9488,22.9488,501.7215909256,0
CDA,D,20201120,000000,23.9686,24.0111,23.127,24.0111,605.6022727472,0
CDA,D,20201123,000000,23.7985,23.7985,22.1841,23.3741,1108.4289773092,0
CDA,D,20201124,000000,23.5433,23.5433,22.6085,23.4582,116.036931822,0
CDA,D,20201125,000000,22.9569,22.9569,22.3534,22.3534,1448.8039773204,0
CDA,D,20201126,000000,23.365,23.365,22.4384,22.9488,355.8465909208,0
CDA,D,20201127,000000,22.9488,22.9488,22.9488,22.9488,307.2215909192,0
CDA,D,20201130,000000,22.9488,23.289,22.5235,23.289,3967.357954676,0
CDA,D,20201201,000000,22.528,23.289,22.528,22.9488,253.0710227356,0
CDA,D,20201202,000000,22.9488,23.3741,22.9488,22.9488,1542.7386364144002,0
CDA,D,20201203,000000,22.9488,22.9533,22.9488,22.9533,216.6022727344,0
CDA,D,20201204,000000,23.3315,23.3741,22.9488,22.9488,456.4119318332,0
CDA,D,20201207,000000,23.3741,23.3741,22.9488,22.9488,1055.383522762,0
CDA,D,20201208,000000,23.289,23.289,22.9488,22.9488,1414.5454545920002,0
CDA,D,20201209,000000,22.9488,23.4582,22.528,22.9488,2111.8721591604,0
CDA,D,20201210,000000,23.4582,23.4582,22.6176,22.9488,1418.9659091376,0
CDA,D,20201211,000000,23.1189,23.1189,22.9488,22.9488,88.40909091200001,0
CDA,D,20201214,000000,23.289,23.289,22.9488,22.9488,1100.6931818544,0
CDA,D,20201215,000000,22.9488,27.5383,22.9488,24.6527,6124.539772928801,0
CDA,D,20201216,000000,25.0734,25.0734,23.2039,23.2039,722.7443182056,0
CDA,D,20201217,000000,23.2039,24.6056,22.528,24.564,2409.147727352,0
CDA,D,20201218,000000,23.1189,23.3741,22.5235,23.3741,7423.0482956988,0
CDA,D,20201221,000000,23.3741,23.3741,22.5407,23.1098,982.4460227596,0
CDA,D,20201222,000000,23.1189,23.1189,22.5235,22.9488,2585.965909176,0
CDA,D,20201223,000000,22.5235,23.0764,22.1923,23.0764,2710.8437500892,0
CDA,D,20201228,000000,22.8637,22.8637,22.4809,22.4855,1438.8579545928,0
CDA,D,20201229,000000,23.0764,23.0764,22.4855,22.6085,316.0625000104,0
CDA,D,20201230,000000,22.5235,22.9488,22.5235,22.5235,213.2869318252,0
CDA,D,20210104,000000,22.5325,22.9913,22.5325,22.9913,450.88636365120004,0
CDA,D,20210105,000000,23.0338,23.6283,22.9569,23.0338,475.198863652,0
CDA,D,20210107,000000,22.9488,22.9488,22.4429,22.4429,894.0369318476,0
CDA,D,20210108,000000,22.8637,22.9488,22.4601,22.9062,374.63352273960004,0
CDA,D,20210111,000000,22.6085,22.6085,22.4384,22.4556,1354.8693182264,0
CDA,D,20210112,000000,22.4809,22.4809,22.4809,22.4809,187.869318188,0
CDA,D,20210113,000000,22.8637,22.9488,22.4809,22.4809,236.49431818960002,0
CDA,D,20210114,000000,22.49,22.9062,22.4384,22.9062,287.32954546400003,0
CDA,D,20210118,000000,22.8556,22.8556,22.5235,22.5235,405.57670455880003,0
CDA,D,20210119,000000,22.5235,22.5235,22.5235,22.5235,135.9289772772,0
CDA,D,20210120,000000,22.5235,23.7134,22.49,23.7134,4492.286931966,0
CDA,D,20210121,000000,23.7134,23.7134,22.9994,23.2039,990.1818182144,0
CDA,D,20210122,000000,22.9488,22.9488,22.6085,22.7787,779.105113662,0
CDA,D,20210125,000000,22.7787,22.7787,22.5325,22.5325,665.2784091128,0
CDA,D,20210126,000000,22.5235,22.9234,22.5235,22.9234,54.1505681836,0
CDA,D,20210127,000000,23.2718,23.2718,22.2819,23.1361,535.980113654,0
CDA,D,20210128,000000,22.2773,23.0338,21.9715,22.6085,870.8295454832,0
CDA,D,20210129,000000,21.9751,22.6085,21.9751,22.6085,74.0426136388,0
CDA,D,20210201,000000,22.1027,22.9488,22.014,22.9488,374.63352273960004,0
CDA,D,20210202,000000,22.9488,23.0592,22.5235,22.9488,127.088068186,0
CDA,D,20210203,000000,22.9488,23.0764,22.9488,22.9488,959.2386363952,0
CDA,D,20210204,000000,22.9488,22.9488,22.7787,22.9488,71.83238636600001,0
CDA,D,20210205,000000,22.9488,22.9488,22.5235,22.5235,30.9431818192,0
CDA,D,20210208,000000,22.9488,23.3741,22.9442,23.3741,873.039772756,0
CDA,D,20210209,000000,22.9533,23.3741,22.9533,23.3741,60.781250002,0
CDA,D,20210210,000000,23.3741,23.3741,22.5235,23.1189,694.0113636592,0
CDA,D,20210211,000000,23.1189,23.3315,22.7787,23.2039,28.732954546400002,0
CDA,D,20210212,000000,22.9488,23.28,22.9488,23.2718,179.0284090968,0
CDA,D,20210215,000000,23.0338,23.0338,23.0338,23.0338,481.82954547040003,0
CDA,D,20210216,000000,22.9488,22.9488,22.8212,22.9488,269.6477272816,0
CDA,D,20210217,000000,22.8637,22.8637,22.8637,22.8637,1.1051136364,0
CDA,D,20210218,000000,22.9488,24.2147,22.9488,23.9007,2421.3039773524,0
CDA,D,20210219,000000,23.8754,23.8754,22.966,23.7903,83.9886363664,0
CDA,D,20210222,000000,23.7903,23.9514,23.3741,23.3741,1130.5312500372002,0
CDA,D,20210223,000000,23.3741,23.3741,22.8637,23.3741,272.9630681908,0
CDA,D,20210224,000000,23.3741,23.7813,23.3741,23.3822,93.934659094,0
CDA,D,20210225,000000,23.1189,23.1189,23.0338,23.1189,1289.6676136788,0
CDA,D,20210226,000000,23.7985,24.1387,22.5325,23.2039,2660.0085228148,0
CDA,D,20210301,000000,22.6936,23.1189,22.1841,23.0936,638.7556818392001,0
CDA,D,20210302,000000,23.0936,23.0936,22.0991,22.0991,344.7954545568,0
CDA,D,20210303,000000,22.0647,22.6085,19.6378,21.5887,1311.7698864068,0
CDA,D,20210304,000000,21.4955,21.4955,19.8034,20.654,2679.90056827,0
CDA,D,20210305,000000,20.654,20.8241,20.654,20.8241,58.5710227292,0
CDA,D,20210308,000000,21.2485,24.3088,21.2485,24.3088,4206.0625001384005,0
CDA,D,20210309,000000,26.2634,27.1981,25.4137,26.0082,12587.244318596,0
CDA,D,20210310,000000,26.1702,26.2634,24.4789,24.6481,3183.8323864684003,0
CDA,D,20210311,000000,25.4987,25.4987,24.6481,25.4987,1842.2244318788,0
CDA,D,20210312,000000,25.4987,25.4987,24.7757,24.7757,3357.3352273832,0
CDA,D,20210315,000000,25.0734,25.5838,24.7757,25.0734,1558.210227324,0
CDA,D,20210316,000000,25.4137,25.5838,25.0734,25.0734,1639.9886364176,0
CDA,D,20210317,000000,25.0734,25.0816,25.0734,25.0734,571.3437500188,0
CDA,D,20210318,000000,25.239,25.4562,25.239,25.4562,77.35795454800001,0
CDA,D,20210319,000000,25.2861,25.2861,24.6572,24.6572,795.681818208,0
CDA,D,20210322,000000,24.6653,25.2861,23.5098,23.5858,2012.4119318844,0
CDA,D,20210323,000000,23.7985,25.1585,23.6283,24.6481,667.4886363856,0
CDA,D,20210324,000000,24.6481,24.9712,24.6481,24.9712,200.0255681884,0
CDA,D,20210325,000000,24.9712,24.9712,24.9712,24.9712,88.40909091200001,0
CDA,D,20210326,000000,24.9884,25.2436,24.9802,25.2436,1049.85795458,0
CDA,D,20210329,000000,25.3286,25.4046,23.6283,24.8183,1357.0795454992,0
CDA,D,20210330,000000,23.8835,24.6481,23.8835,24.6481,15.4715909096,0
CDA,D,20210331,000000,24.8101,24.8101,23.926,23.9686,475.198863652,0
CDA,D,20210401,000000,23.9939,24.0111,23.9903,23.9939,259.701704554,0
CDA,D,20210406,000000,24.0536,24.564,24.0536,24.564,697.3267045684,0
CDA,D,20210407,000000,24.8183,26.1783,24.6481,25.8553,3990.5653410404,0
CDA,D,20210408,000000,26.0082,26.0082,25.4987,25.4987,1691.9289773284002,0
CDA,D,20210409,000000,25.9231,25.9231,24.9884,25.4942,980.2357954868,0
CDA,D,20210412,000000,25.4987,25.9657,25.2436,25.8381,1070.8551136716,0
CDA,D,20210413,000000,26.1783,26.1783,25.4137,26.0851,768.0539772980001,0
CDA,D,20210414,000000,25.4987,25.6598,25.2436,25.6598,2141.7102273432,0
CDA,D,20210415,000000,25.6689,25.6689,25.4987,25.6001,481.82954547040003,0
CDA,D,20210416,000000,25.6001,25.9231,25.2436,25.4137,1259.829545496,0
CDA,D,20210419,000000,25.4987,25.9231,25.201,25.201,2435.6704546256,0
CDA,D,20210420,000000,24.1604,27.142,24.0699,24.8843,1843.3295455152002,0
CDA,D,20210421,000000,24.1604,25.6987,23.346,23.346,1702.9801136924,0
CDA,D,20210422,000000,24.8481,24.8843,24.4319,24.4319,277.38352273640004,0
CDA,D,20210423,000000,23.9794,26.2054,23.1922,25.3368,2569.38920463,0
CDA,D,20210426,000000,24.8843,25.7892,24.8843,24.8843,868.6193182104,0
CDA,D,20210427,000000,24.7033,25.1558,24.4319,25.1558,322.6931818288,0
CDA,D,20210428,000000,24.2509,25.3368,24.2509,25.3368,1281.9318182240002,0
CDA,D,20210429,000000,25.4272,25.4272,24.6129,25.3368,291.7500000096,0
CDA,D,20210430,000000,25.3368,25.3368,25.3368,25.3368,579.0795454736,0
CDA,D,20210504,000000,24.7938,25.6942,24.5224,25.6942,836.5710227548001,0
CDA,D,20210505,000000,25.0653,26.6036,24.8843,25.3368,2463.2982955356,0
CDA,D,20210506,000000,25.4634,25.4634,23.9794,24.8843,994.60227276,0
CDA,D,20210507,000000,24.8843,24.8843,23.5813,24.4319,1101.7982954908,0
CDA,D,20210510,000000,24.1604,24.2961,23.5903,23.5903,1139.3721591284,0
CDA,D,20210511,000000,23.9794,24.3369,23.7623,24.3369,369.1079545576,0
CDA,D,20210512,000000,24.4319,24.4319,23.9794,23.9794,314.957386374,0
CDA,D,20210513,000000,24.7441,24.7441,23.7532,23.7532,296.1704545552,0
CDA,D,20210514,000000,24.4274,24.4274,24.0699,24.0699,104.985795458,0
CDA,D,20210517,000000,24.3414,24.3414,23.527,24.2826,167.9772727328,0
CDA,D,20210518,000000,24.2826,24.2826,24.2826,24.2826,5.525568182000001,0
CDA,D,20210519,000000,23.6175,24.2464,23.346,24.2464,381.264204558,0
CDA,D,20210520,000000,23.346,23.8618,22.5316,22.5316,1264.2500000416,0
CDA,D,20210521,000000,22.8529,22.9841,22.5316,22.5316,619.9687500204001,0
CDA,D,20210524,000000,22.5316,23.2555,22.1697,22.1697,846.5170454824,0
CDA,D,20210525,000000,22.8076,24.4319,22.8076,24.4319,629.914772748,0
CDA,D,20210526,000000,22.6719,23.898,22.6719,22.9026,191.1846590972,0
CDA,D,20210527,000000,22.9886,24.3369,22.9886,23.9794,645.3863636576,0
CDA,D,20210528,000000,23.9749,23.9749,23.3008,23.7985,146.9801136412,0
CDA,D,20210531,000000,23.6175,23.8889,23.6175,23.8889,165.76704546000002,0
CDA,D,20210601,000000,23.3913,23.8437,23.3913,23.8437,12.1562500004,0
CDA,D,20210602,000000,23.6175,23.9613,23.6175,23.9613,242.01988637160002,0
CDA,D,20210604,000000,23.9749,23.9749,23.9749,23.9749,142.5596590956,0
CDA,D,20210607,000000,24.0699,24.0699,23.803,23.803,334.8494318292,0
CDA,D,20210608,000000,23.9794,23.9794,23.4365,23.8889,51.9403409108,0
CDA,D,20210609,000000,23.898,24.1604,23.0746,23.8889,485.1448863796,0
CDA,D,20210610,000000,23.8889,23.9794,23.8889,23.9342,141.4545454592,0
CDA,D,20210611,000000,23.527,23.6175,22.7126,22.7126,826.6250000272,0
CDA,D,20210614,000000,22.8031,22.8936,22.8031,22.8936,80.6732954572,0
CDA,D,20210615,000000,23.4365,23.4365,22.8031,22.8936,1165.894886402,0
CDA,D,20210616,000000,22.7216,23.0746,22.6221,23.0746,139.2443181864,0
CDA,D,20210617,000000,23.165,23.4275,23.165,23.4275,44.204545456000005,0
CDA,D,20210618,000000,23.2193,23.2193,23.2012,23.2012,137.0340909136,0
CDA,D,20210621,000000,22.6221,23.2012,22.6221,22.6221,128.1931818224,0
CDA,D,20210622,000000,22.8031,23.165,22.8031,23.165,81.7784090936,0
CDA,D,20210625,000000,22.7126,23.0655,22.6221,23.0655,67.4119318204,0
CDA,D,20210628,000000,22.7216,22.7578,22.6493,22.6493,107.19602273080001,0
CDA,D,20210629,000000,23.6175,24.6129,23.165,24.6129,5000.63920471,0
CDA,D,20210630,000000,24.6129,24.6129,23.9794,23.9794,880.7755682108001,0
CDA,D,20210701,000000,24.4228,24.4319,24.3414,24.4319,727.1647727512001,0
CDA,D,20210702,000000,24.4319,24.4319,23.6175,23.9794,131.5085227316,0
CDA,D,20210705,000000,24.4274,24.6083,23.9794,23.9794,582.3948863828,0
CDA,D,20210706,000000,23.9794,23.9794,23.9794,23.9794,13.2613636368,0
CDA,D,20210709,000000,23.7351,23.9749,23.0067,23.9749,573.5539772916001,0
CDA,D,20210712,000000,23.9794,23.9794,23.0112,23.9251,387.8948863764,0
CDA,D,20210713,000000,23.9251,23.9251,23.536,23.7985,22.102272728000003,0
CDA,D,20210714,000000,23.8573,23.9206,23.708,23.9206,113.8267045492,0
CDA,D,20210715,000000,23.9206,23.9794,23.8889,23.8889,150.2954545504,0
CDA,D,20210716,000000,23.9794,23.9794,23.527,23.527,27.62784091,0
CDA,D,20210719,000000,23.527,23.9659,22.8031,23.527,826.6250000272,0
CDA,D,20210720,000000,23.0746,23.2193,22.6493,23.2193,516.0880681988,0
CDA,D,20210721,000000,23.4094,23.4094,22.7262,23.4094,183.4488636424,0
CDA,D,20210722,000000,23.3415,23.3415,22.7307,22.7307,40.8892045468,0
CDA,D,20210723,000000,22.6266,22.7171,22.6221,22.7171,466.3579545608,0
CDA,D,20210726,000000,22.7171,22.794,22.3733,22.794,380.1590909216,0
CDA,D,20210727,000000,22.8031,23.0293,22.8031,23.0293,51.9403409108,0
CDA,D,20210728,000000,22.6221,22.6221,22.6221,22.6221,165.76704546000002,0
CDA,D,20210729,000000,22.6221,22.6221,22.4592,22.4592,103.8806818216,0
CDA,D,20210730,000000,22.6221,22.6221,22.3733,22.5316,227.6534090984,0
CDA,D,20210802,000000,22.3778,22.3778,22.3778,22.3778,48.6250000016,0
CDA,D,20210803,000000,22.509,22.509,22.509,22.509,16.576704546000002,0
CDA,D,20210804,000000,22.509,22.5135,22.509,22.5135,55.25568182,0
CDA,D,20210805,000000,22.5316,22.8936,22.3597,22.8936,596.7613636560001,0
CDA,D,20210806,000000,22.8031,23.527,22.8031,23.527,649.8068182032,0
CDA,D,20210809,000000,23.613,23.613,22.7216,23.5994,141.4545454592,0
CDA,D,20210810,000000,23.5994,23.5994,23.0746,23.2555,131.5085227316,0
CDA,D,20210811,000000,23.346,23.346,23.346,23.346,32.0482954556,0
CDA,D,20210812,000000,23.613,23.9794,22.4592,22.4592,1610.1505682348002,0
CDA,D,20210813,000000,22.5316,22.6221,22.5316,22.6221,114.93181818560001,0
CDA,D,20210816,000000,22.6221,23.165,22.6221,23.165,77.35795454800001,0
CDA,D,20210817,000000,22.7216,22.7216,22.7126,22.7126,33.153409092000004,0
CDA,D,20210818,000000,22.6447,23.165,22.6221,23.165,239.8096590988,0
CDA,D,20210819,000000,23.165,23.165,22.6266,22.6266,132.61363636800002,0
CDA,D,20210820,000000,22.6266,22.6266,22.6266,22.6266,6.6306818184,0
CDA,D,20210823,000000,22.9841,23.2103,22.9841,23.2103,171.29261364200002,0
CDA,D,20210824,000000,23.4817,23.7713,22.6266,23.7713,200.0255681884,0
CDA,D,20210825,000000,23.7668,23.7668,23.7668,23.7668,1.1051136364,0
CDA,D,20210826,000000,23.7034,23.7034,23.2103,23.2103,25.417613637200002,0
CDA,D,20210827,000000,23.165,23.527,23.165,23.527,38.678977274000005,0
CDA,D,20210830,000000,23.527,23.7034,23.527,23.527,169.0823863692,0
CDA,D,20210831,000000,23.5225,23.5225,23.1696,23.1696,117.1420454584,0
CDA,D,20210901,000000,23.1696,23.5225,22.6493,23.5225,419.943181832,0
CDA,D,20210902,000000,23.4365,23.5225,22.7352,22.7352,635.44034093,0
CDA,D,20210903,000000,22.7216,22.7216,22.6221,22.6221,275.1732954636,0
CDA,D,20210906,000000,23.2555,23.2555,22.6131,22.6131,581.2897727464,0
CDA,D,20210907,000000,22.5135,22.6221,22.4999,22.4999,737.1107954788,0
CDA,D,20210908,000000,22.5316,22.5316,22.5316,22.5316,11.051136364000001,0
CDA,D,20210909,000000,22.6221,22.7126,22.6221,22.7126,78.4630681844,0
CDA,D,20210910,000000,22.6221,22.6221,22.4457,22.4457,68.5170454568,0
CDA,D,20210913,000000,22.4411,22.8031,22.3823,22.6176,309.43181819200004,0
CDA,D,20210914,000000,22.6176,22.6221,22.6176,22.6221,148.0852272776,0
CDA,D,20210915,000000,22.6221,22.6221,22.3823,22.6221,251.96590909920002,0
CDA,D,20210916,000000,22.3868,22.595,22.3687,22.595,213.2869318252,0
CDA,D,20210917,000000,22.595,22.6221,22.3959,22.3959,235.38920455320002,0
CDA,D,20210920,000000,22.3959,22.5226,22.2647,22.2647,774.6846591164,0
CDA,D,20210921,000000,22.2602,22.2602,22.1697,22.1697,232.073863644,0
CDA,D,20210922,000000,22.0792,22.0792,21.7217,21.9887,111.6164772764,0
CDA,D,20210923,000000,22.6221,22.6221,21.7172,21.7172,906.193181848,0
CDA,D,20210924,000000,21.7172,21.7172,19.817,21.5362,1328.3465909528,0
CDA,D,20210927,000000,20.3599,21.1562,20.3599,21.1562,219.91761364360002,0
CDA,D,20210928,000000,20.3599,20.8123,20.2332,20.8123,666.3835227492,0
CDA,D,20210929,000000,20.3644,20.3689,19.455,19.455,2839.0369319116003,0
CDA,D,20210930,000000,19.7174,19.9075,19.0026,19.455,870.8295454832,0
CDA,D,20211001,000000,19.5003,20.2694,19.0026,20.2694,1201.2585227668,0
CDA,D,20211004,000000,20.2694,20.2694,19.3736,19.3736,552.5568182000001,0
CDA,D,20211005,000000,19.455,19.455,19.0931,19.0931,663.0681818400001,0
CDA,D,20211006,000000,19.0026,19.7265,18.1882,19.6179,1274.1960227692,0
CDA,D,20211007,000000,18.7402,19.0026,18.7311,19.0026,1060.9090909440001,0
CDA,D,20211008,000000,19.0026,19.0026,18.3239,18.4687,1149.3181818560001,0
CDA,D,20211011,000000,18.998,19.1654,18.4868,18.4868,1036.5965909432,0
CDA,D,20211012,000000,18.8895,18.9664,18.6406,18.6451,751.477272752,0
CDA,D,20211013,000000,18.8216,18.8216,18.2877,18.2877,652.017045476,0
CDA,D,20211014,000000,18.7763,18.7854,18.2063,18.2787,1258.7244318596001,0
CDA,D,20211015,000000,17.8986,18.6497,17.8914,17.962,2020.1477273392002,0
CDA,D,20211018,000000,18.2877,18.7311,18.2877,18.5501,347.0056818296,0
CDA,D,20211019,000000,18.5501,18.5501,18.2968,18.5501,205.5511363704,0
CDA,D,20211020,000000,18.1294,18.7854,18.1294,18.161,486.250000016,0
CDA,D,20211021,000000,18.6451,18.8668,18.6451,18.8668,225.44318182560002,0
CDA,D,20211022,000000,18.8623,19.5546,18.8623,19.5546,1138.267045492,0
CDA,D,20211025,000000,19.5546,19.817,19.0297,19.817,406.68181819520004,0
CDA,D,20211026,000000,19.8894,19.8984,19.1383,19.1383,282.9090909184,0
CDA,D,20211027,000000,19.1835,19.1835,18.7763,18.7763,322.6931818288,0
CDA,D,20211028,000000,18.342,18.5682,18.2787,18.5682,663.0681818400001,0
CDA,D,20211029,000000,18.9121,18.9121,18.5501,18.9121,185.6590909152,0
CDA,D,20211102,000000,18.5592,18.9121,18.5592,18.9121,110.51136364,0
CDA,D,20211103,000000,18.9121,19.1835,18.9121,19.1835,435.4147727416,0
CDA,D,20211104,000000,19.3555,19.5003,18.8306,19.1835,386.78977274,0
CDA,D,20211105,000000,19.5003,19.5003,19.0026,19.455,593.4460227468,0
CDA,D,20211108,000000,19.455,19.455,18.8668,19.274,633.2301136572,0
CDA,D,20211109,000000,19.1835,19.1835,18.8442,18.8442,272.9630681908,0
CDA,D,20211110,000000,18.9121,19.0026,18.8397,19.0026,440.9403409236,0
CDA,D,20211112,000000,19.3645,19.4505,19.3645,19.3645,216.6022727344,0
CDA,D,20211115,000000,19.3645,19.3645,19.0116,19.274,177.9232954604,0
CDA,D,20211116,000000,19.274,19.3645,19.0207,19.274,278.4886363728,0
CDA,D,20211117,000000,19.1926,19.1926,17.9981,18.7311,2599.2272728128,0
CDA,D,20211118,000000,18.9121,18.9121,18.1882,18.1882,89.5142045484,0
CDA,D,20211119,000000,18.2968,18.7356,18.2787,18.7356,570.2386363824,0
CDA,D,20211122,000000,18.8216,18.9935,18.8216,18.9935,225.44318182560002,0
CDA,D,20211123,000000,18.9845,18.9845,18.8216,18.8216,121.562500004,0
CDA,D,20211124,000000,18.1158,18.894,18.1158,18.894,317.1676136468,0
CDA,D,20211125,000000,18.9845,18.9845,18.1158,18.1882,497.30113638,0
CDA,D,20211126,000000,18.0072,18.0072,17.5548,17.9167,518.2982954716,0
CDA,D,20211129,000000,18.704,18.704,17.4914,17.9167,456.4119318332,0
CDA,D,20211130,000000,17.971,17.971,17.971,17.971,131.5085227316,0
CDA,D,20211201,000000,18.0977,18.5501,18.0977,18.5501,224.33806818920002,0
CDA,D,20211202,000000,18.5501,18.5501,18.5501,18.5501,198.920454552,0
CDA,D,20211203,000000,18.5954,18.998,18.5501,18.998,845.411931846,0
CDA,D,20211206,000000,18.0977,19.0026,18.0977,19.0026,789.0511363896001,0
CDA,D,20211207,000000,19.1745,19.7265,19.1745,19.5907,903.9829545752,0
CDA,D,20211208,000000,19.8984,19.8984,19.1835,19.455,97.2500000032,0
CDA,D,20211209,000000,19.4505,19.455,19.4505,19.455,55.25568182,0
CDA,D,20211210,000000,19.455,19.455,19.455,19.455,218.81250000720001,0
CDA,D,20211213,000000,19.7265,19.7265,19.7265,19.7265,61.8863636384,0
CDA,D,20211214,000000,19.7174,19.7174,19.6179,19.6269,44.204545456000005,0
CDA,D,20211215,000000,19.5817,19.636,19.1383,19.1383,291.7500000096,0
CDA,D,20211216,000000,19.1383,19.1383,18.5592,18.7311,604.4971591108,0
CDA,D,20211217,000000,19.274,19.274,19.0026,19.2605,123.7727272768,0
CDA,D,20211220,000000,19.274,19.455,19.274,19.455,1181.3664773116,0
CDA,D,20211221,000000,19.5455,19.5455,19.1021,19.4505,479.6193181976,0
CDA,D,20211222,000000,19.4505,19.4505,19.0026,19.0026,159.1363636416,0
CDA,D,20211223,000000,19.4188,19.4414,19.0026,19.4098,798.9971591172,0
CDA,D,20211227,000000,19.1881,19.2605,19.0297,19.0297,639.8607954756001,0
CDA,D,20211228,000000,19.0116,19.1338,19.0026,19.0026,1005.6534091240001,0
CDA,D,20211229,000000,19.3148,19.3148,18.6497,18.8216,534.8750000176,0
CDA,D,20211230,000000,19.3374,19.3374,18.7311,19.3193,824.4147727544,0
CDA,D,20220103,000000,19.3555,19.5953,18.9121,19.5953,386.78977274,0
CDA,D,20220104,000000,19.5772,19.5772,18.8035,19.3826,547.031250018,0
CDA,D,20220105,000000,19.1926,19.4098,19.1926,19.3645,227.6534090984,0
CDA,D,20220107,000000,19.0976,19.3645,18.8487,19.3645,62.991477274800005,0
CDA,D,20220110,000000,19.1881,19.3645,19.1835,19.3645,276.27840910000003,0
CDA,D,20220111,000000,19.3464,19.36,19.274,19.36,268.5426136452,0
CDA,D,20220112,000000,19.0026,19.0026,19.0026,19.0026,44.204545456000005,0
CDA,D,20220113,000000,19.3555,19.3645,19.351,19.36,408.892045468,0
CDA,D,20220114,000000,19.351,19.5817,19.351,19.36,397.840909104,0
CDA,D,20220117,000000,19.5455,19.5455,19.541,19.5455,143.66477273200002,0
CDA,D,20220118,000000,19.4098,19.4098,19.1202,19.1202,160.24147727800002,0
CDA,D,20220119,000000,19.4098,19.4098,19.4098,19.4098,74.0426136388,0
CDA,D,20220120,000000,19.3555,19.3555,19.1202,19.1383,131.5085227316,0
CDA,D,20220121,000000,19.1383,19.1383,18.6859,18.6859,1147.1079545832001,0
CDA,D,20220124,000000,18.6859,18.6859,17.5548,18.0072,1048.7528409436,0
CDA,D,20220125,000000,17.6452,18.0162,17.3864,18.0072,300.5909091008,0
CDA,D,20220126,000000,18.0072,18.0072,17.3864,18.0072,204.446022734,0
CDA,D,20220127,000000,18.0072,18.0977,18.0072,18.0977,116.036931822,0
CDA,D,20220128,000000,18.0977,18.0977,17.6452,18.0977,155.8210227324,0
CDA,D,20220201,000000,18.0886,18.0977,17.8262,17.8262,547.031250018,0
CDA,D,20220202,000000,18.0977,18.998,18.0977,18.998,697.3267045684,0
CDA,D,20220204,000000,18.9935,19.0026,18.2198,18.2198,254.176136372,0
CDA,D,20220207,000000,18.6406,18.8125,18.6406,18.8125,75.1477272752,0
CDA,D,20220208,000000,18.8125,18.8125,18.7763,18.7763,166.8721590964,0
CDA,D,20220209,000000,18.8035,18.8035,18.7583,18.7583,9.9460227276,0
CDA,D,20220210,000000,18.7356,19.0026,18.7356,18.998,160.24147727800002,0
CDA,D,20220211,000000,18.2334,18.2334,18.2334,18.2334,6.6306818184,0
CDA,D,20220214,000000,18.5501,18.5501,18.2334,18.2334,65.2017045476,0
CDA,D,20220215,000000,18.1882,18.8216,18.0977,18.0977,139.2443181864,0
CDA,D,20220216,000000,18.1882,18.1882,18.1882,18.1882,2.2102272728,0
CDA,D,20220218,000000,18.8216,18.8216,18.1882,18.1882,131.5085227316,0
CDA,D,20220221,000000,18.0977,18.2787,18.0977,18.2787,77.35795454800001,0
CDA,D,20220222,000000,18.7311,18.8216,17.6452,18.0072,267.4375000088,0
CDA,D,20220224,000000,17.8262,17.828,14.4781,15.184,3205.9346591964,0
CDA,D,20220225,000000,16.1703,17.1838,15.3848,16.3766,434.3096591052,0
CDA,D,20220228,000000,16.3766,16.3766,15.383,15.383,1218.9403409492,0
CDA,D,20220301,000000,15.4011,15.4735,15.383,15.4735,331.53409092000004,0
CDA,D,20220302,000000,15.3848,16.0165,14.9577,15.926,953.7130682132,0
CDA,D,20220303,000000,16.0146,16.1974,15.9984,16.1974,391.2102272856,0
CDA,D,20220304,000000,16.1974,16.1974,15.0211,15.6545,919.4545454848001,0
CDA,D,20220307,000000,15.2021,15.2021,14.4781,14.4781,1899.6903409716,0
CDA,D,20220308,000000,14.8202,15.184,14.8202,15.184,202.2357954612,0
CDA,D,20220309,000000,15.1098,15.2021,14.6682,14.6682,1552.684659142,0
CDA,D,20220310,000000,15.383,15.5622,15.383,15.5622,663.0681818400001,0
CDA,D,20220311,000000,15.5188,15.564,15.1116,15.1116,457.5170454696,0
CDA,D,20220314,000000,15.6454,15.6454,15.564,15.564,66.30681818400001,0
CDA,D,20220316,000000,15.383,15.383,14.3424,15.2021,2473.2443182632,0
CDA,D,20220317,000000,15.2925,15.564,14.48,14.8401,1700.7698864196,0
CDA,D,20220318,000000,15.383,15.6545,15.383,15.6545,414.41761365,0
CDA,D,20220321,000000,15.8174,16.2698,15.2925,15.926,1968.2073864284,0
CDA,D,20220322,000000,15.8355,16.1069,15.383,16.1069,1231.0965909496,0
CDA,D,20220323,000000,16.1069,16.2861,16.1069,16.2861,200.0255681884,0
CDA,D,20220324,000000,16.1522,16.3784,16.1522,16.1992,1329.4517045892,0
CDA,D,20220325,000000,16.3603,16.5594,16.2517,16.4237,800.1022727536,0
CDA,D,20220328,000000,16.7404,17.971,16.7404,17.2833,730.4801136604,0
CDA,D,20220329,000000,17.3738,17.7448,17.3285,17.7249,718.32386366,0
CDA,D,20220330,000000,17.7267,17.9801,17.6887,17.9801,421.0482954684,0
CDA,D,20220331,000000,17.9782,17.9801,17.3846,17.9059,133.7187500044,0
CDA,D,20220401,000000,17.5548,17.9059,17.5548,17.9059,224.33806818920002,0
CDA,D,20220404,000000,17.9059,17.9801,17.9059,17.9801,224.33806818920002,0
CDA,D,20220405,000000,17.9801,17.9801,16.9304,17.4281,561.3977272912,0
CDA,D,20220406,000000,17.4281,17.5548,17.0118,17.5548,690.69602275,0
CDA,D,20220407,000000,16.9394,17.5529,16.9376,17.3285,332.6392045564,0
CDA,D,20220408,000000,16.9702,16.9702,16.9412,16.9412,65.2017045476,0
CDA,D,20220411,000000,16.9485,17.1747,16.9213,17.0118,492.88068183440004,0
CDA,D,20220412,000000,17.2634,17.2634,17.2634,17.2634,5.525568182000001,0
CDA,D,20220413,000000,18.8216,18.8216,16.8308,17.1928,240.91477273520002,0
CDA,D,20220414,000000,17.1928,17.3738,17.1928,17.3738,309.43181819200004,0
CDA,D,20220419,000000,17.3738,17.3738,16.6499,17.1928,894.0369318476,0
CDA,D,20220420,000000,16.9213,17.3738,16.9213,17.3738,277.38352273640004,0
CDA,D,20220421,000000,17.3285,17.3738,16.8308,17.1928,1131.6363636736,0
CDA,D,20220425,000000,17.2833,17.3738,17.2833,17.3738,250.8607954628,0
CDA,D,20220426,000000,17.3738,17.3738,17.1928,17.3738,389.0000000128,0
CDA,D,20220427,000000,17.0118,17.0118,16.9213,16.9213,122.6676136404,0
CDA,D,20220428,000000,16.9213,16.9213,15.8355,16.7404,671.9090909312,0
CDA,D,20220429,000000,16.1522,16.6499,16.1522,16.2879,161.3465909144,0
CDA,D,20220502,000000,16.3332,16.3332,16.2879,16.2879,470.77840910640003,0
CDA,D,20220505,000000,16.2879,16.2879,15.8807,16.2427,183.4488636424,0
CDA,D,20220506,000000,15.8807,15.8807,15.564,15.564,467.4630681972,0
CDA,D,20220509,000000,15.6997,16.1522,12.6684,15.745,1486.377840958,0
CDA,D,20220510,000000,15.1568,15.2925,14.9306,14.9306,233.1789772804,0
CDA,D,20220511,000000,14.8853,17.0118,14.7949,16.5594,2479.8750000816003,0
CDA,D,20220512,000000,16.0165,16.6499,15.564,16.2427,2149.4460227980003,0
CDA,D,20220513,000000,16.0165,16.3784,15.7902,15.7902,1367.0255682268,0
CDA,D,20220516,000000,16.2879,16.5594,16.2879,16.5141,1125.0056818552,0
CDA,D,20220518,000000,16.4689,16.6499,15.9712,16.6499,422.1534091048,0
CDA,D,20220519,000000,16.5594,16.5594,16.2879,16.2879,45.309659092400004,0
CDA,D,20220520,000000,16.2879,16.5141,16.2879,16.5141,253.0710227356,0
CDA,D,20220523,000000,16.6499,16.6951,16.6499,16.6951,131.5085227316,0
CDA,D,20220524,000000,16.7404,16.7404,16.7404,16.7404,77.35795454800001,0
CDA,D,20220525,000000,16.8761,17.0118,16.8761,17.0118,57.465909092800004,0
CDA,D,20220526,000000,16.8761,17.0118,16.8761,17.0118,246.44034091720002,0
CDA,D,20220527,000000,16.9213,17.1023,16.9213,17.1023,167.9772727328,0
CDA,D,20220530,000000,17.1928,17.781,17.1928,17.781,953.7130682132,0
CDA,D,20220531,000000,17.7357,17.781,17.6452,17.781,383.47443183080003,0
CDA,D,20220601,000000,17.8262,17.8262,17.6452,17.6452,453.096590924,0
CDA,D,20220602,000000,17.8262,17.8262,17.4643,17.781,169.0823863692,0
CDA,D,20220603,000000,17.8262,17.8262,17.3738,17.3738,417.73295455920004,0
CDA,D,20220606,000000,17.3738,17.6905,17.0571,17.6905,348.110795466,0
CDA,D,20220607,000000,17.6,17.6,17.0118,17.0118,377.9488636488,0
CDA,D,20220608,000000,17.4643,17.6452,17.4643,17.6452,23.2073863644,0
CDA,D,20220609,000000,17.1928,17.1928,17.1023,17.1023,14.366477273200001,0
CDA,D,20220610,000000,17.6,17.6452,16.8761,16.8761,1351.5539773172,0
CDA,D,20220613,000000,16.8761,18.6406,16.4689,18.0977,3562.8863637536,0
CDA,D,20220614,000000,17.9167,18.0524,17.8262,17.8262,514.9829545624,0
CDA,D,20220615,000000,17.962,17.962,17.962,17.962,127.088068186,0
CDA,D,20220617,000000,17.3738,17.8262,17.3738,17.419,77.35795454800001,0
CDA,D,20220620,000000,17.8715,17.8715,17.8715,17.8715,12.1562500004,0
CDA,D,20220621,000000,17.8715,17.8715,17.3285,17.6452,1268.6704545872,0
CDA,D,20220622,000000,17.7357,17.781,17.3738,17.781,174.6079545512,0
CDA,D,20220623,000000,17.238,17.6452,17.0571,17.1928,828.8352273,0
CDA,D,20220624,000000,17.1023,17.6,17.1023,17.6,110.51136364,0
CDA,D,20220627,000000,17.6,18.4596,17.5548,17.6,2078.7187500684,0
CDA,D,20220628,000000,16.95,19.6,16.95,18.8,1806,0
CDA,D,20220629,000000,18.85,19,17.75,17.75,1340,0
CDA,D,20220630,000000,17.85,17.9,17.65,17.65,213,0
CDA,D,20220701,000000,17.5,17.6,17.25,17.6,383,0
CDA,D,20220704,000000,17.5,17.95,17.5,17.95,1463,0
CDA,D,20220705,000000,18.05,18.35,18.05,18.35,32,0
CDA,D,20220706,000000,18.4,18.5,18.4,18.5,50,0
CDA,D,20220707,000000,18.45,18.45,18.05,18.4,1415,0
CDA,D,20220708,000000,18.5,18.6,18.4,18.4,2700,0
CDA,D,20220711,000000,18.2,18.4,18.05,18.05,1414,0
CDA,D,20220712,000000,18.05,18.1,18.05,18.05,2559,0
CDA,D,20220713,000000,18.05,18.35,18.05,18.35,6932,0
CDA,D,20220714,000000,18.35,18.35,18.3,18.3,106,0
CDA,D,20220718,000000,18.15,18.15,18.1,18.15,176,0
CDA,D,20220719,000000,18.1,18.15,18.05,18.05,843,0
CDA,D,20220720,000000,18.05,18.05,18.05,18.05,66,0
CDA,D,20220721,000000,18.1,18.1,18.1,18.1,160,0
CDA,D,20220725,000000,18.1,18.25,18.1,18.25,1891,0
CDA,D,20220726,000000,18.1,18.35,18.1,18.35,324,0
CDA,D,20220727,000000,18.1,18.55,18.1,18.55,227,0
CDA,D,20220728,000000,18.3,18.3,18.3,18.3,20,0
CDA,D,20220729,000000,18.6,19,18.35,19,397,0
CDA,D,20220801,000000,19,19.05,19,19.05,100,0
CDA,D,20220802,000000,19.05,19.05,19,19,11,0
CDA,D,20220803,000000,18.85,19,18.85,19,50,0
CDA,D,20220804,000000,19,19,18.55,18.55,131,0
CDA,D,20220805,000000,18.55,18.9,18.55,18.9,101,0
CDA,D,20220808,000000,18.9,18.9,18.6,18.6,113,0
CDA,D,20220809,000000,18.9,19,18.9,19,150,0
CDA,D,20220810,000000,18.8,18.9,18.5,18.8,3470,0
CDA,D,20220811,000000,18.7,18.8,18.6,18.6,155,0
CDA,D,20220812,000000,18.8,18.8,18.8,18.8,150,0
CDA,D,20220816,000000,18.45,18.45,18.25,18.25,410,0
CDA,D,20220817,000000,18.3,18.3,18.3,18.3,23,0
CDA,D,20220818,000000,18.3,18.4,18.25,18.25,618,0
CDA,D,20220819,000000,18.3,18.7,18.25,18.7,165,0
CDA,D,20220822,000000,18.7,18.7,18.25,18.25,14,0
CDA,D,20220823,000000,18.3,18.3,18.25,18.25,266,0
CDA,D,20220824,000000,18.25,18.25,18.25,18.25,4628,0
CDA,D,20220825,000000,18.65,18.65,18.65,18.65,11,0
CDA,D,20220826,000000,18.5,18.5,18.25,18.25,30,0
CDA,D,20220829,000000,18.25,18.25,18.25,18.25,614,0
CDA,D,20220830,000000,18.45,18.45,18.45,18.45,1,0
CDA,D,20220831,000000,18.45,18.7,18.45,18.7,591,0
CDA,D,20220901,000000,18.7,18.7,18.7,18.7,1,0
CDA,D,20220902,000000,18.5,20.4,18.5,18.75,1498,0
CDA,D,20220905,000000,19.75,19.75,19.75,19.75,10,0
