<TICKER>,<PER>,<DATE>,<TIME>,<OPEN>,<HIGH>,<LOW>,<CLOSE>,<VOL>,<OPENINT>
UNV,D,20111227,000000,6.6,7.92,6.01,6.9,8172,0
UNV,D,20111228,000000,6.31,9.2,6.21,9.2,4286,0
UNV,D,20111229,000000,9.95,10,8.02,8.6,1495,0
UNV,D,20111230,000000,8,8,6.11,7,1071,0
UNV,D,20120102,000000,7.8,7.8,6.25,6.6,667,0
UNV,D,20120103,000000,6.6,6.6,5.3,6.57,687,0
UNV,D,20120104,000000,6.5,6.5,6,6.4,207,0
UNV,D,20120105,000000,6.49,6.49,5.5,6.4,62,0
UNV,D,20120109,000000,6.4,6.4,6.4,6.4,3,0
UNV,D,20120110,000000,6.2,6.39,6.2,6.39,25,0
UNV,D,20120111,000000,6.29,6.29,6.29,6.29,2,0
UNV,D,20120112,000000,6.29,6.29,6.29,6.29,2,0
UNV,D,20120113,000000,6.29,7.48,6.29,7.48,512,0
UNV,D,20120116,000000,7.35,7.35,5.5,7.18,472,0
UNV,D,20120117,000000,7.15,7.15,7.15,7.15,2,0
UNV,D,20120118,000000,7.1,7.1,7.1,7.1,1,0
UNV,D,20120119,000000,7,7,5.7,6.98,7,0
UNV,D,20120120,000000,6.96,6.96,6.96,6.96,3,0
UNV,D,20120123,000000,6.96,6.96,6.96,6.96,9,0
UNV,D,20120124,000000,6.96,6.96,6.96,6.96,8,0
UNV,D,20120125,000000,6.94,6.94,6.94,6.94,5,0
UNV,D,20120126,000000,6.9,6.9,6.9,6.9,9,0
UNV,D,20120127,000000,6.88,7.5,6.88,7.5,207,0
UNV,D,20120130,000000,6.99,6.99,6.99,6.99,2,0
UNV,D,20120131,000000,5.98,5.98,5.6,5.97,590,0
UNV,D,20120201,000000,5.98,5.98,5.98,5.98,1,0
UNV,D,20120202,000000,5.98,5.98,5.98,5.98,2,0
UNV,D,20120203,000000,5.6,5.98,5.28,5.98,400,0
UNV,D,20120206,000000,5.98,5.98,5.98,5.98,1,0
UNV,D,20120207,000000,5.98,5.98,5.98,5.98,2,0
UNV,D,20120208,000000,5.59,5.59,5.59,5.59,10,0
UNV,D,20120209,000000,5.98,5.98,5.98,5.98,1,0
UNV,D,20120210,000000,5.98,5.98,5.98,5.98,1,0
UNV,D,20120213,000000,6.55,6.55,5.32,5.32,471,0
UNV,D,20120214,000000,5.3,5.3,5.3,5.3,1,0
UNV,D,20120215,000000,5.3,5.3,5.3,5.3,1,0
UNV,D,20120216,000000,5.3,5.3,5.3,5.3,1,0
UNV,D,20120220,000000,5.25,5.25,5.23,5.23,490,0
UNV,D,20120222,000000,4.39,6.27,4.39,6.25,1008,0
UNV,D,20120224,000000,6.32,6.32,6.32,6.32,1,0
UNV,D,20120227,000000,7.55,7.55,7.55,7.55,1,0
UNV,D,20120301,000000,7.32,7.32,6.67,6.99,393,0
UNV,D,20120305,000000,5.9,6,5.72,6,1381,0
UNV,D,20120306,000000,5,5.79,5,5.79,465,0
UNV,D,20120307,000000,6.55,6.55,6.55,6.55,1,0
UNV,D,20120308,000000,5.25,6,5,5,1839,0
UNV,D,20120312,000000,6,6.3,4.92,5.17,521,0
UNV,D,20120313,000000,6,6,4.8,5.02,534,0
UNV,D,20120314,000000,6,6,6,6,1,0
UNV,D,20120319,000000,5.99,5.99,5.2,5.9,499,0
UNV,D,20120323,000000,4.73,5.9,4.73,5.9,1053,0
UNV,D,20120326,000000,5.9,5.9,5.9,5.9,1,0
UNV,D,20120330,000000,5.8,5.8,5.8,5.8,11,0
UNV,D,20120402,000000,4.68,4.93,4.68,4.93,546,0
UNV,D,20120403,000000,4.67,4.95,4.61,4.95,856,0
UNV,D,20120404,000000,4.27,4.95,4.27,4.9,1140,0
UNV,D,20120405,000000,4.93,4.93,4.93,4.93,1,0
UNV,D,20120410,000000,5.8,5.8,4.9,5.4,480,0
UNV,D,20120411,000000,5.8,5.8,5.8,5.8,12,0
UNV,D,20120412,000000,5.8,5.8,5.8,5.8,2,0
UNV,D,20120413,000000,5.8,5.8,5.8,5.8,1,0
UNV,D,20120416,000000,4.65,4.65,4.65,4.65,352,0
UNV,D,20120417,000000,4.65,4.65,3.79,3.97,2061,0
UNV,D,20120418,000000,3.89,3.89,3.33,3.89,1457,0
UNV,D,20120425,000000,3.2,3.99,3.2,3.99,1005,0
UNV,D,20120426,000000,3.99,3.99,3.99,3.99,1,0
UNV,D,20120427,000000,3.99,3.99,3.99,3.99,1,0
UNV,D,20120430,000000,3.99,3.99,3.99,3.99,10,0
UNV,D,20120502,000000,3.99,3.99,3.99,3.99,2,0
UNV,D,20120504,000000,3.99,3.99,3.43,3.99,736,0
UNV,D,20120507,000000,3.99,3.99,3.2,3.61,746,0
UNV,D,20120508,000000,3.99,3.99,3.99,3.99,1,0
UNV,D,20120524,000000,4.77,4.77,4.77,4.77,8,0
UNV,D,20120604,000000,3.81,3.91,3.81,3.91,669,0
UNV,D,20120605,000000,4.69,4.69,4.69,4.69,1,0
UNV,D,20120606,000000,4.77,4.77,3.81,3.9,602,0
UNV,D,20120608,000000,4.68,4.68,4.68,4.68,1,0
UNV,D,20120611,000000,4.77,4.77,3.81,4,678,0
UNV,D,20120625,000000,3.21,3.83,2.57,3.83,151,0
UNV,D,20120626,000000,3.8,3.8,3.8,3.8,4,0
UNV,D,20120627,000000,3.82,3.82,3.82,3.82,5,0
UNV,D,20120628,000000,3.8,3.8,3.1,3.1,1658,0
UNV,D,20120629,000000,3.09,3.66,3,3.1,1637,0
UNV,D,20120702,000000,3.72,3.72,3.72,3.72,3,0
UNV,D,20120703,000000,3.82,3.82,3.82,3.82,3,0
UNV,D,20120704,000000,3.81,3.81,3.81,3.81,4,0
UNV,D,20120705,000000,3.81,3.81,3.81,3.81,2,0
UNV,D,20120706,000000,3.82,3.82,3.82,3.82,3,0
UNV,D,20120710,000000,4.43,4.43,4.43,4.43,1,0
UNV,D,20120718,000000,4.35,4.45,3.55,3.55,2002,0
UNV,D,20120720,000000,4,4.26,4,4.26,2,0
UNV,D,20120723,000000,4.37,4.37,4.37,4.37,1,0
UNV,D,20120731,000000,4.25,4.32,3.49,4.32,326,0
UNV,D,20120801,000000,4.19,4.19,4.19,4.19,2800,0
UNV,D,20120808,000000,4.14,4.14,3.34,3.34,321,0
UNV,D,20120809,000000,4,4,3.22,3.22,53,0
UNV,D,20120813,000000,3.5,3.5,3.5,3.5,1,0
UNV,D,20120814,000000,4.19,4.19,4.19,4.19,2,0
UNV,D,20120821,000000,4.1,4.1,4.1,4.1,1,0
UNV,D,20120829,000000,4.15,4.15,4.15,4.15,1,0
UNV,D,20120905,000000,4.15,4.18,4.15,4.18,2701,0
UNV,D,20120907,000000,4.28,4.28,4.28,4.28,1,0
UNV,D,20120910,000000,4.1,4.25,3.28,3.88,632,0
UNV,D,20120911,000000,4.04,4.04,4,4,2,0
UNV,D,20120912,000000,3.2,3.7,3.2,3.7,2,0
UNV,D,20120917,000000,4.15,4.15,4.15,4.15,1,0
UNV,D,20120919,000000,4,4,3.32,3.99,3,0
UNV,D,20120926,000000,2.5,2.5,2.5,2.5,150,0
UNV,D,20120927,000000,2,2.5,2,2,1602,0
UNV,D,20120928,000000,2,2.5,1.61,2.5,4105,0
UNV,D,20121001,000000,2.48,2.48,1.99,1.99,3201,0
UNV,D,20121002,000000,2,2,2,2,1,0
UNV,D,20121003,000000,2,2,2,2,1,0
UNV,D,20121004,000000,2,2,2,2,2,0
UNV,D,20121005,000000,2,2,1.61,1.98,703,0
UNV,D,20121008,000000,1.98,1.98,1.98,1.98,3,0
UNV,D,20121009,000000,1.98,1.98,1.98,1.98,2,0
UNV,D,20121010,000000,1.98,1.98,1.98,1.98,1,0
UNV,D,20121011,000000,1.98,1.98,1.98,1.98,1,0
UNV,D,20121012,000000,1.98,1.98,1.98,1.98,212,0
UNV,D,20121015,000000,1.5,1.5,1.5,1.5,624,0
UNV,D,20121016,000000,1.6,1.8,1.2,1.45,4568,0
UNV,D,20121017,000000,1.01,1.01,0.81,0.89,22316,0
UNV,D,20121018,000000,0.9,0.9,0.72,0.72,5291,0
UNV,D,20121019,000000,0.7,0.75,0.65,0.75,11297,0
UNV,D,20121022,000000,0.75,0.89,0.75,0.8,3359,0
UNV,D,20121023,000000,0.77,0.86,0.77,0.86,2101,0
UNV,D,20121024,000000,0.98,0.98,0.98,0.98,500,0
UNV,D,20121025,000000,1.08,1.08,0.95,1.02,2002,0
UNV,D,20121026,000000,1.04,1.04,0.9,1.04,4003,0
UNV,D,20121029,000000,1.03,1.03,1.02,1.03,9,0
UNV,D,20121030,000000,1.03,1.04,1.03,1.04,1000,0
UNV,D,20121031,000000,1.02,1.3,0.98,1.16,20884,0
UNV,D,20121102,000000,1.19,1.31,0.96,1.08,8320,0
UNV,D,20121105,000000,1.13,1.13,1.13,1.13,1,0
UNV,D,20121106,000000,1.07,1.07,1.07,1.07,1,0
UNV,D,20121107,000000,1.05,1.05,0.7,0.81,4173,0
UNV,D,20121108,000000,0.7,0.81,0.65,0.73,19039,0
UNV,D,20121109,000000,0.73,0.87,0.68,0.86,3059,0
UNV,D,20121112,000000,0.89,0.89,0.89,0.89,2,0
UNV,D,20121113,000000,0.87,0.9,0.72,0.86,6779,0
UNV,D,20121114,000000,0.86,1.03,0.84,1,12572,0
UNV,D,20121115,000000,1,1.14,0.85,0.9,3151,0
UNV,D,20121116,000000,1.06,1.06,1.06,1.06,1,0
UNV,D,20121119,000000,1.06,1.06,1.06,1.06,1,0
UNV,D,20121120,000000,0.98,0.98,0.98,0.98,1,0
UNV,D,20121121,000000,0.98,0.98,0.98,0.98,18,0
UNV,D,20121122,000000,0.93,0.93,0.79,0.93,402,0
UNV,D,20121123,000000,0.97,0.97,0.75,0.95,404,0
UNV,D,20121126,000000,0.95,0.95,0.95,0.95,1,0
UNV,D,20121127,000000,0.98,0.98,0.76,0.93,826,0
UNV,D,20121128,000000,0.97,0.97,0.97,0.97,1,0
UNV,D,20121129,000000,0.92,0.92,0.92,0.92,11,0
UNV,D,20121130,000000,0.92,0.92,0.92,0.92,1,0
UNV,D,20121203,000000,0.92,0.92,0.8,0.8,501,0
UNV,D,20121204,000000,0.71,0.82,0.64,0.78,2449,0
UNV,D,20121205,000000,0.82,0.82,0.82,0.82,1,0
UNV,D,20121206,000000,0.81,0.81,0.66,0.8,7056,0
UNV,D,20121207,000000,0.8,0.82,0.8,0.82,3,0
UNV,D,20121210,000000,0.7,0.81,0.7,0.81,2,0
UNV,D,20121211,000000,0.81,0.81,0.55,0.75,5659,0
UNV,D,20121212,000000,0.75,0.81,0.6,0.69,9376,0
UNV,D,20121213,000000,0.73,0.73,0.57,0.73,43,0
UNV,D,20121214,000000,0.73,0.74,0.73,0.74,23,0
UNV,D,20121217,000000,0.7,0.7,0.7,0.7,11,0
UNV,D,20121218,000000,0.73,0.73,0.73,0.73,2,0
UNV,D,20121219,000000,0.74,0.75,0.62,0.62,3749,0
UNV,D,20121220,000000,0.73,0.74,0.51,0.55,11428,0
UNV,D,20121221,000000,0.64,0.64,0.55,0.64,4395,0
UNV,D,20121227,000000,0.65,0.7,0.57,0.7,4523,0
UNV,D,20121228,000000,0.7,0.84,0.7,0.7,5054,0
UNV,D,20130102,000000,0.84,0.84,0.83,0.83,471,0
UNV,D,20130103,000000,0.77,0.77,0.77,0.77,4,0
UNV,D,20130104,000000,0.77,0.92,0.64,0.9,1105,0
UNV,D,20130107,000000,0.89,0.95,0.72,0.95,5486,0
UNV,D,20130108,000000,0.84,0.84,0.72,0.8,1003,0
UNV,D,20130109,000000,0.8,0.8,0.8,0.8,3601,0
UNV,D,20130110,000000,0.66,0.82,0.66,0.82,506,0
UNV,D,20130111,000000,0.8,0.8,0.8,0.8,5,0
UNV,D,20130114,000000,0.79,0.82,0.64,0.78,2761,0
UNV,D,20130115,000000,0.78,0.78,0.78,0.78,2,0
UNV,D,20130116,000000,0.77,0.77,0.77,0.77,4,0
UNV,D,20130117,000000,0.77,0.77,0.65,0.7,2005,0
UNV,D,20130118,000000,0.75,0.75,0.65,0.75,429,0
UNV,D,20130121,000000,0.7,0.9,0.7,0.9,11493,0
UNV,D,20130122,000000,0.96,1.09,0.96,1.09,28375,0
UNV,D,20130123,000000,1.26,1.26,1.01,1.14,42653,0
UNV,D,20130124,000000,1.26,1.26,1.01,1.15,2225,0
UNV,D,20130125,000000,1.15,1.15,1.13,1.13,853,0
UNV,D,20130128,000000,1.12,1.26,1.12,1.26,4803,0
UNV,D,20130129,000000,1.46,1.49,1.46,1.48,1206,0
UNV,D,20130130,000000,1.47,1.47,1.14,1.2,3163,0
UNV,D,20130131,000000,1.2,1.2,0.85,1.09,1511,0
UNV,D,20130201,000000,1.2,1.2,1.2,1.2,3,0
UNV,D,20130204,000000,1.19,1.2,0.96,1.09,505,0
UNV,D,20130205,000000,0.92,1.12,0.92,1,712,0
UNV,D,20130206,000000,1.05,1.05,0.98,1.02,605,0
UNV,D,20130207,000000,0.95,1.02,0.82,0.99,1228,0
UNV,D,20130208,000000,0.96,1.12,0.8,1,17112,0
UNV,D,20130211,000000,0.81,1.1,0.81,1.1,15971,0
UNV,D,20130212,000000,0.99,0.99,0.98,0.98,5,0
UNV,D,20130213,000000,0.86,0.95,0.78,0.78,5150,0
UNV,D,20130214,000000,0.93,0.93,0.77,0.91,5434,0
UNV,D,20130215,000000,0.91,0.91,0.75,0.75,3780,0
UNV,D,20130218,000000,0.75,0.88,0.71,0.75,5050,0
UNV,D,20130219,000000,0.83,0.83,0.83,0.83,2,0
UNV,D,20130220,000000,0.82,0.83,0.78,0.8,3032,0
UNV,D,20130221,000000,0.79,0.79,0.65,0.77,6131,0
UNV,D,20130222,000000,0.66,0.9,0.65,0.89,33063,0
UNV,D,20130225,000000,1.05,1.05,1.02,1.02,13968,0
UNV,D,20130226,000000,1.02,1.06,0.89,1.01,26997,0
UNV,D,20130227,000000,1,1.01,0.84,1.01,16729,0
UNV,D,20130228,000000,0.88,1.01,0.87,0.97,17801,0
UNV,D,20130301,000000,0.96,0.96,0.95,0.95,57,0
UNV,D,20130304,000000,0.9,0.94,0.9,0.94,2520,0
UNV,D,20130305,000000,0.93,0.96,0.82,0.94,18015,0
UNV,D,20130306,000000,0.92,0.92,0.77,0.88,5016,0
UNV,D,20130307,000000,0.75,0.87,0.73,0.87,10614,0
UNV,D,20130308,000000,0.87,0.98,0.87,0.98,18200,0
UNV,D,20130311,000000,0.99,1.41,0.99,1.41,18937,0
UNV,D,20130312,000000,1.51,1.54,1.21,1.35,57940,0
UNV,D,20130313,000000,1.4,1.4,1.14,1.16,32958,0
UNV,D,20130314,000000,1.12,1.12,0.96,1.12,10713,0
UNV,D,20130315,000000,1.08,1.09,0.97,1.08,22141,0
UNV,D,20130318,000000,1.05,1.05,0.87,0.98,4386,0
UNV,D,20130319,000000,0.99,0.99,0.98,0.98,503,0
UNV,D,20130320,000000,0.93,1,0.9,0.99,4094,0
UNV,D,20130321,000000,0.99,0.99,0.88,0.99,4601,0
UNV,D,20130322,000000,1,1.07,0.96,1.06,4815,0
UNV,D,20130325,000000,1.13,1.13,1.03,1.12,691,0
UNV,D,20130326,000000,1.12,1.12,1.12,1.12,3,0
UNV,D,20130327,000000,1.12,1.12,1.11,1.12,80,0
UNV,D,20130328,000000,1,1.1,0.9,1.1,459,0
UNV,D,20130402,000000,1.06,1.06,0.99,1.06,382,0
UNV,D,20130403,000000,1.05,1.05,0.93,1.05,2750,0
UNV,D,20130404,000000,0.9,1.04,0.88,1.03,3744,0
UNV,D,20130405,000000,1.02,1.02,0.9,0.99,505,0
UNV,D,20130408,000000,0.98,0.98,0.98,0.98,5,0
UNV,D,20130409,000000,0.98,0.98,0.98,0.98,2,0
UNV,D,20130410,000000,1.02,1.02,1.02,1.02,5,0
UNV,D,20130411,000000,1.02,1.02,0.85,1.02,4174,0
UNV,D,20130412,000000,0.99,0.99,0.85,0.99,3709,0
UNV,D,20130415,000000,0.99,0.99,0.85,0.98,3695,0
UNV,D,20130417,000000,0.98,0.98,0.98,0.98,3,0
UNV,D,20130418,000000,0.98,0.98,0.85,0.98,4004,0
UNV,D,20130419,000000,0.95,0.95,0.95,0.95,3,0
UNV,D,20130422,000000,0.93,0.93,0.87,0.93,1721,0
UNV,D,20130423,000000,0.92,0.92,0.8,0.88,2319,0
UNV,D,20130424,000000,0.88,0.89,0.88,0.89,1002,0
UNV,D,20130425,000000,0.89,0.98,0.85,0.98,10599,0
UNV,D,20130426,000000,0.95,0.97,0.95,0.97,3750,0
UNV,D,20130429,000000,0.94,0.97,0.84,0.95,5554,0
UNV,D,20130430,000000,0.94,0.97,0.8,0.94,4904,0
UNV,D,20130502,000000,0.9,0.94,0.9,0.94,1027,0
UNV,D,20130506,000000,0.94,0.94,0.94,0.94,5,0
UNV,D,20130507,000000,0.94,0.94,0.94,0.94,3,0
UNV,D,20130508,000000,0.94,0.94,0.81,0.88,7342,0
UNV,D,20130509,000000,0.9,0.9,0.8,0.9,602,0
UNV,D,20130510,000000,0.89,0.89,0.89,0.89,2,0
UNV,D,20130513,000000,0.89,0.89,0.89,0.89,3,0
UNV,D,20130514,000000,0.87,0.9,0.81,0.9,3235,0
UNV,D,20130515,000000,0.89,0.89,0.81,0.89,14,0
UNV,D,20130516,000000,0.89,0.89,0.82,0.89,542,0
UNV,D,20130517,000000,0.89,0.89,0.88,0.89,4,0
UNV,D,20130520,000000,0.87,0.87,0.71,0.87,2590,0
UNV,D,20130521,000000,0.85,0.85,0.83,0.85,1002,0
UNV,D,20130522,000000,0.84,0.84,0.84,0.84,5,0
UNV,D,20130523,000000,0.84,0.84,0.84,0.84,11,0
UNV,D,20130524,000000,0.83,0.84,0.83,0.84,1007,0
UNV,D,20130527,000000,0.84,0.99,0.84,0.97,8337,0
UNV,D,20130528,000000,0.92,1.08,0.9,1.02,3231,0
UNV,D,20130529,000000,0.91,1.04,0.9,1.02,5890,0
UNV,D,20130531,000000,1,1.17,0.87,1.16,11368,0
UNV,D,20130603,000000,1.16,1.17,1.08,1.13,1585,0
UNV,D,20130604,000000,0.98,1.12,0.97,1.02,1506,0
UNV,D,20130605,000000,1.09,1.1,0.9,1.1,1500,0
UNV,D,20130606,000000,1.1,1.1,1.1,1.1,5,0
UNV,D,20130607,000000,1.1,1.16,1.1,1.16,105,0
UNV,D,20130610,000000,1.17,1.18,1.17,1.18,255,0
UNV,D,20130611,000000,1.18,1.25,1.18,1.25,3359,0
UNV,D,20130612,000000,1.25,1.25,1.25,1.25,2,0
UNV,D,20130613,000000,1.24,1.24,1.15,1.24,1147,0
UNV,D,20130614,000000,1.2,1.2,1.2,1.2,2,0
UNV,D,20130617,000000,1.2,1.2,1.2,1.2,4,0
UNV,D,20130618,000000,1.2,1.2,1.19,1.19,25,0
UNV,D,20130619,000000,1.18,1.18,1.18,1.18,503,0
UNV,D,20130620,000000,1.18,1.18,1.18,1.18,2,0
UNV,D,20130621,000000,1.18,1.18,1.18,1.18,6,0
UNV,D,20130624,000000,0.95,1.14,0.95,1.14,514,0
UNV,D,20130625,000000,0.96,1.15,0.96,1.15,252,0
UNV,D,20130626,000000,1.18,1.18,1.18,1.18,2,0
UNV,D,20130627,000000,1.18,1.18,1.18,1.18,4,0
UNV,D,20130628,000000,1.18,1.18,0.98,1.18,547,0
UNV,D,20130701,000000,1.18,1.18,1.18,1.18,2,0
UNV,D,20130702,000000,0.95,1.14,0.95,1.14,202,0
UNV,D,20130703,000000,1.18,1.18,1.18,1.18,2,0
UNV,D,20130704,000000,1.18,1.18,1.18,1.18,3,0
UNV,D,20130705,000000,1.17,1.17,1.17,1.17,3,0
UNV,D,20130708,000000,1.17,1.17,1.17,1.17,1,0
UNV,D,20130709,000000,1.15,1.15,1.05,1.15,505,0
UNV,D,20130710,000000,1.15,1.15,1.15,1.15,2,0
UNV,D,20130711,000000,1.15,1.15,1.15,1.15,3,0
UNV,D,20130712,000000,1.11,1.11,1.11,1.11,6,0
UNV,D,20130715,000000,1.11,1.11,1.09,1.11,2414,0
UNV,D,20130717,000000,1.05,1.05,1.05,1.05,24,0
UNV,D,20130719,000000,1.05,1.05,1.05,1.05,1,0
UNV,D,20130722,000000,1.05,1.05,1.05,1.05,2,0
UNV,D,20130723,000000,1.05,1.05,1.05,1.05,1,0
UNV,D,20130724,000000,1.05,1.05,1.05,1.05,9,0
UNV,D,20130725,000000,1.05,1.05,1.05,1.05,2,0
UNV,D,20130726,000000,1.05,1.05,1.05,1.05,1,0
UNV,D,20130729,000000,1.15,1.15,1.15,1.15,2,0
UNV,D,20130730,000000,1.08,1.08,1.08,1.08,4,0
UNV,D,20130731,000000,1.08,1.08,1.08,1.08,3,0
UNV,D,20130801,000000,1.08,1.08,1.08,1.08,4,0
UNV,D,20130802,000000,1.08,1.08,1.08,1.08,2,0
UNV,D,20130805,000000,1.08,1.08,1.08,1.08,3,0
UNV,D,20130806,000000,0.94,1.08,0.94,1.08,95,0
UNV,D,20130807,000000,1.08,1.08,1.08,1.08,10,0
UNV,D,20130808,000000,1.08,1.08,1.08,1.08,3,0
UNV,D,20130809,000000,0.93,1.08,0.93,1.08,6,0
UNV,D,20130812,000000,1.08,1.08,1.08,1.08,1,0
UNV,D,20130813,000000,1.08,1.08,1.08,1.08,4,0
UNV,D,20130814,000000,1.08,1.08,1.08,1.08,8,0
UNV,D,20130816,000000,1.08,1.08,1.08,1.08,4,0
UNV,D,20130819,000000,1.08,1.08,1.08,1.08,7,0
UNV,D,20130820,000000,1.08,1.08,1.08,1.08,1,0
UNV,D,20130821,000000,1.08,1.08,1.08,1.08,2,0
UNV,D,20130822,000000,1.08,1.08,1.08,1.08,4,0
UNV,D,20130826,000000,1.01,1.08,1.01,1.08,701,0
UNV,D,20130827,000000,1.08,1.08,1.08,1.08,2,0
UNV,D,20130828,000000,1.08,1.08,1.08,1.08,3,0
UNV,D,20130829,000000,1.08,1.08,1.08,1.08,6,0
UNV,D,20130830,000000,1.08,1.08,1.08,1.08,2,0
UNV,D,20130902,000000,1.08,1.08,1.08,1.08,2,0
UNV,D,20130903,000000,1.08,1.08,0.93,1.05,530,0
UNV,D,20130904,000000,1.05,1.05,1.05,1.05,16,0
UNV,D,20130905,000000,1.05,1.06,0.93,1.06,674,0
UNV,D,20130906,000000,1.08,1.08,1.08,1.08,2,0
UNV,D,20130909,000000,1.08,1.08,1.08,1.08,3,0
UNV,D,20130910,000000,1.08,1.08,1.08,1.08,3,0
UNV,D,20130911,000000,1.07,1.07,1.07,1.07,4,0
UNV,D,20130912,000000,1.07,1.07,1.07,1.07,2,0
UNV,D,20130913,000000,1.07,1.07,1.07,1.07,2,0
UNV,D,20130916,000000,1.07,1.07,0.93,0.93,204,0
UNV,D,20130917,000000,1.07,1.07,1.07,1.07,1,0
UNV,D,20130918,000000,1.06,1.06,1.06,1.06,1,0
UNV,D,20130919,000000,1.06,1.06,1.06,1.06,1,0
UNV,D,20130920,000000,1.06,1.06,1.06,1.06,2,0
UNV,D,20130923,000000,1.06,1.06,1.06,1.06,3,0
UNV,D,20130924,000000,1.06,1.06,1.06,1.06,7,0
UNV,D,20130925,000000,1.06,1.06,1.06,1.06,3,0
UNV,D,20130926,000000,1.06,1.06,0.99,1.06,503,0
UNV,D,20130927,000000,1.06,1.06,1.06,1.06,3,0
UNV,D,20130930,000000,1.06,1.06,1.06,1.06,3,0
UNV,D,20131001,000000,1.06,1.06,1.06,1.06,3,0
UNV,D,20131002,000000,1.06,1.06,1.06,1.06,3,0
UNV,D,20131003,000000,1.06,1.06,1.06,1.06,1,0
UNV,D,20131004,000000,1.06,1.06,1.06,1.06,1,0
UNV,D,20131007,000000,1.06,1.06,1.06,1.06,3,0
UNV,D,20131008,000000,1.06,1.06,1.06,1.06,5,0
UNV,D,20131009,000000,1.04,1.04,1.04,1.04,3,0
UNV,D,20131010,000000,1.04,1.04,1.04,1.04,7,0
UNV,D,20131011,000000,1.04,1.04,1.04,1.04,17,0
UNV,D,20131014,000000,1.04,1.04,1.04,1.04,3,0
UNV,D,20131015,000000,1.04,1.04,1.04,1.04,3,0
UNV,D,20131016,000000,1.06,1.06,1.06,1.06,5,0
UNV,D,20131017,000000,1.06,1.06,1.06,1.06,4,0
UNV,D,20131018,000000,1.06,1.06,1.06,1.06,4,0
UNV,D,20131021,000000,1.03,1.03,1.03,1.03,8,0
UNV,D,20131022,000000,1.03,1.03,1.03,1.03,8,0
UNV,D,20131023,000000,0.99,0.99,0.99,0.99,12,0
UNV,D,20131024,000000,0.99,0.99,0.87,0.99,187,0
UNV,D,20131025,000000,0.99,0.99,0.87,0.98,3630,0
UNV,D,20131028,000000,0.99,0.99,0.87,0.99,3643,0
UNV,D,20131029,000000,0.99,0.99,0.99,0.99,9,0
UNV,D,20131030,000000,0.99,0.99,0.99,0.99,6,0
UNV,D,20131031,000000,0.99,0.99,0.87,0.99,1105,0
UNV,D,20131104,000000,0.99,0.99,0.85,0.99,1004,0
UNV,D,20131105,000000,0.99,0.99,0.99,0.99,1667,0
UNV,D,20131106,000000,1.06,1.06,1.02,1.02,6,0
UNV,D,20131107,000000,1.02,1.02,1.02,1.02,4,0
UNV,D,20131108,000000,1.02,1.02,1.02,1.02,8,0
UNV,D,20131112,000000,1.02,1.02,1.02,1.02,6,0
UNV,D,20131113,000000,1.02,1.02,1.02,1.02,5,0
UNV,D,20131114,000000,1,1.02,1,1.02,576,0
UNV,D,20131115,000000,1.02,1.02,1.02,1.02,4,0
UNV,D,20131118,000000,1.02,1.02,0.82,1.02,1076,0
UNV,D,20131119,000000,1.02,1.02,1.02,1.02,3,0
UNV,D,20131120,000000,1.02,1.02,1.02,1.02,4,0
UNV,D,20131121,000000,1.02,1.02,1.02,1.02,3,0
UNV,D,20131125,000000,1,1,1,1,3,0
UNV,D,20131126,000000,1,1,1,1,4,0
UNV,D,20131127,000000,1,1,0.98,1,1604,0
UNV,D,20131128,000000,1,1,1,1,4,0
UNV,D,20131129,000000,1,1,1,1,1,0
UNV,D,20131202,000000,0.99,0.99,0.99,0.99,4,0
UNV,D,20131203,000000,0.99,0.99,0.68,0.96,5753,0
UNV,D,20131204,000000,0.98,0.98,0.98,0.98,4,0
UNV,D,20131205,000000,0.98,0.98,0.88,0.98,505,0
UNV,D,20131206,000000,0.98,1.04,0.88,1.04,2232,0
UNV,D,20131209,000000,1.07,1.15,1.05,1.15,824,0
UNV,D,20131210,000000,1.15,1.15,1.15,1.15,5,0
UNV,D,20131211,000000,1.15,1.15,1.1,1.14,3,0
UNV,D,20131216,000000,0.92,1.1,0.92,1.1,1605,0
UNV,D,20131217,000000,1.14,1.14,1.13,1.13,3,0
UNV,D,20131218,000000,1.14,1.14,1.13,1.13,6,0
UNV,D,20131219,000000,1.15,1.15,1.13,1.15,6,0
UNV,D,20131220,000000,1.15,1.15,1.15,1.15,5,0
UNV,D,20131223,000000,1.15,1.15,1.15,1.15,2,0
UNV,D,20131227,000000,1.15,1.18,1.1,1.18,5600,0
UNV,D,20131230,000000,1.18,1.18,1.17,1.17,19,0
UNV,D,20140102,000000,1.35,1.35,1.33,1.33,4,0
UNV,D,20140103,000000,1.3,1.3,1.19,1.3,1876,0
UNV,D,20140107,000000,1.3,1.3,1.3,1.3,6,0
UNV,D,20140108,000000,1.3,1.3,1.3,1.3,3,0
UNV,D,20140109,000000,1.3,1.3,1.3,1.3,2260,0
UNV,D,20140110,000000,1.3,1.3,1.3,1.3,5,0
UNV,D,20140113,000000,1.29,1.29,0.85,1.05,1448,0
UNV,D,20140114,000000,1.05,1.09,0.84,1.09,1652,0
UNV,D,20140115,000000,1.04,1.04,0.83,0.96,463,0
UNV,D,20140116,000000,0.96,0.96,0.95,0.95,3,0
UNV,D,20140117,000000,0.95,0.95,0.95,0.95,10,0
UNV,D,20140120,000000,0.96,0.96,0.96,0.96,7,0
UNV,D,20140121,000000,0.96,0.96,0.96,0.96,6,0
UNV,D,20140122,000000,0.97,0.97,0.96,0.96,4,0
UNV,D,20140123,000000,0.96,0.96,0.77,0.96,412,0
UNV,D,20140124,000000,0.96,1.1,0.95,1.1,10005,0
UNV,D,20140127,000000,1.25,1.25,1.25,1.25,402,0
UNV,D,20140128,000000,1.2,1.29,0.97,1.29,20762,0
UNV,D,20140129,000000,1.3,1.3,1.3,1.3,3,0
UNV,D,20140130,000000,1.29,1.29,1.29,1.29,3,0
UNV,D,20140131,000000,1.29,1.29,1.29,1.29,6,0
UNV,D,20140203,000000,1.3,1.3,1.3,1.3,5,0
UNV,D,20140204,000000,1.3,1.3,1.3,1.3,5,0
UNV,D,20140205,000000,1.3,1.3,1.3,1.3,4,0
UNV,D,20140206,000000,1.28,1.28,1.28,1.28,5004,0
UNV,D,20140207,000000,1.28,1.28,1.28,1.28,8,0
UNV,D,20140210,000000,1.3,1.3,1.3,1.3,6,0
UNV,D,20140211,000000,1.3,1.3,1.3,1.3,4,0
UNV,D,20140212,000000,1.29,1.29,1.29,1.29,4,0
UNV,D,20140213,000000,1.29,1.29,1.29,1.29,4,0
UNV,D,20140214,000000,1.29,1.29,1.29,1.29,5,0
UNV,D,20140217,000000,1.29,1.29,1.29,1.29,4,0
UNV,D,20140218,000000,1.29,1.29,1.29,1.29,6,0
UNV,D,20140219,000000,1.29,1.29,1.29,1.29,6,0
UNV,D,20140220,000000,1.29,1.29,1.29,1.29,4,0
UNV,D,20140221,000000,1.29,1.29,1.29,1.29,7,0
UNV,D,20140224,000000,1.29,1.29,1.29,1.29,5,0
UNV,D,20140225,000000,1.29,1.29,1.29,1.29,5,0
UNV,D,20140226,000000,1.29,1.29,1.29,1.29,43,0
UNV,D,20140227,000000,1.29,1.29,1.28,1.29,6,0
UNV,D,20140228,000000,1.29,1.29,0.93,1.24,1126,0
UNV,D,20140303,000000,1.29,1.29,1.04,1.28,545,0
UNV,D,20140304,000000,1.28,1.28,1.27,1.27,3,0
UNV,D,20140305,000000,1.27,1.27,1.27,1.27,4,0
UNV,D,20140306,000000,1.27,1.27,1.27,1.27,4,0
UNV,D,20140307,000000,1.27,1.27,1.27,1.27,5,0
UNV,D,20140310,000000,1.27,1.27,1.27,1.27,5,0
UNV,D,20140311,000000,1.27,1.27,1.26,1.26,6,0
UNV,D,20140312,000000,1.26,1.26,1.26,1.26,2,0
UNV,D,20140313,000000,1.22,1.22,1.22,1.22,6,0
UNV,D,20140314,000000,1.22,1.22,1.22,1.22,2,0
UNV,D,20140317,000000,1.22,1.22,1.22,1.22,5,0
UNV,D,20140318,000000,1.22,1.22,1.22,1.22,6,0
UNV,D,20140319,000000,1.22,1.22,0.89,1.18,2390,0
UNV,D,20140320,000000,1.18,1.18,1.18,1.18,10,0
UNV,D,20140321,000000,1.18,1.18,1.18,1.18,5,0
UNV,D,20140324,000000,1.18,1.18,1.18,1.18,6,0
UNV,D,20140325,000000,1.18,1.18,1.18,1.18,5,0
UNV,D,20140326,000000,1.18,1.18,1.18,1.18,1,0
UNV,D,20140327,000000,1.15,1.15,1.15,1.15,3,0
UNV,D,20140328,000000,1.14,1.22,1.14,1.22,264,0
UNV,D,20140331,000000,1.22,1.22,1.22,1.22,5,0
UNV,D,20140401,000000,1.22,1.22,1.22,1.22,7,0
UNV,D,20140402,000000,1.22,1.22,1.22,1.22,5,0
UNV,D,20140403,000000,1.22,1.22,1.22,1.22,5,0
UNV,D,20140404,000000,1.22,1.22,1.22,1.22,4,0
UNV,D,20140407,000000,1.22,1.22,1.22,1.22,5,0
UNV,D,20140408,000000,1.22,1.22,1.22,1.22,4,0
UNV,D,20140409,000000,1.22,1.22,1.22,1.22,3,0
UNV,D,20140410,000000,0.91,1.09,0.91,1.09,1263,0
UNV,D,20140414,000000,1.08,1.08,1.08,1.08,4,0
UNV,D,20140415,000000,1.08,1.08,1.08,1.08,3,0
UNV,D,20140416,000000,1.08,1.08,1.08,1.08,4,0
UNV,D,20140417,000000,1.08,1.08,1.08,1.08,4,0
UNV,D,20140422,000000,1.08,1.08,1.08,1.08,2,0
UNV,D,20140423,000000,1.08,1.08,1.08,1.08,3,0
UNV,D,20140424,000000,1.08,1.08,1.08,1.08,1456,0
UNV,D,20140425,000000,1.15,1.15,1.15,1.15,2,0
UNV,D,20140428,000000,1.15,1.15,1.1,1.1,7,0
UNV,D,20140429,000000,1.1,1.1,1.1,1.1,4,0
UNV,D,20140430,000000,1.1,1.15,1,1.15,141,0
UNV,D,20140502,000000,1.15,1.15,1.15,1.15,3,0
UNV,D,20140505,000000,1.15,1.15,1.15,1.15,2,0
UNV,D,20140506,000000,1.15,1.15,1.15,1.15,3,0
UNV,D,20140507,000000,1.15,1.15,1.15,1.15,4,0
UNV,D,20140508,000000,1.15,1.15,1.15,1.15,4,0
UNV,D,20140509,000000,1.15,1.15,1.15,1.15,2,0
UNV,D,20140512,000000,1.14,1.14,1.14,1.14,2,0
UNV,D,20140513,000000,1.14,1.14,1.14,1.14,1,0
UNV,D,20140514,000000,0.95,1.14,0.95,1.14,1784,0
UNV,D,20140515,000000,1.14,1.14,1.14,1.14,1,0
UNV,D,20140516,000000,1.14,1.14,1.14,1.14,2,0
UNV,D,20140519,000000,1.14,1.14,1.14,1.14,1,0
UNV,D,20140520,000000,1.14,1.14,1.14,1.14,500,0
UNV,D,20140521,000000,1.14,1.14,1.14,1.14,1,0
UNV,D,20140522,000000,1.14,1.14,1.14,1.14,1,0
UNV,D,20140523,000000,1.14,1.14,1.14,1.14,1,0
UNV,D,20140526,000000,1.14,1.14,1.14,1.14,2,0
UNV,D,20140527,000000,1.14,1.14,1.14,1.14,4,0
UNV,D,20140528,000000,1.14,1.14,1.14,1.14,4,0
UNV,D,20140529,000000,1.14,1.14,1.14,1.14,6,0
UNV,D,20140530,000000,1.14,1.14,1.14,1.14,4,0
UNV,D,20140602,000000,1.14,1.14,1.14,1.14,2,0
UNV,D,20140603,000000,1.14,1.14,1.14,1.14,3,0
UNV,D,20140604,000000,1.14,1.14,1.14,1.14,6,0
UNV,D,20140605,000000,1.14,1.14,1.14,1.14,1,0
UNV,D,20140606,000000,1.14,1.14,1.14,1.14,5,0
UNV,D,20140609,000000,1.14,1.14,1.13,1.13,18,0
UNV,D,20140610,000000,1.13,1.13,1.13,1.13,5,0
UNV,D,20140611,000000,1.13,1.13,1.13,1.13,1,0
UNV,D,20140612,000000,1.12,1.12,1.12,1.12,3,0
UNV,D,20140613,000000,1.12,1.12,1.12,1.12,7,0
UNV,D,20140616,000000,1.14,1.14,1.14,1.14,4,0
UNV,D,20140617,000000,1.1,1.14,1.1,1.14,164,0
UNV,D,20140618,000000,1.14,1.14,1.14,1.14,4,0
UNV,D,20140620,000000,1.14,1.14,1.14,1.14,4,0
UNV,D,20140623,000000,1.14,1.14,1.14,1.14,7,0
UNV,D,20140624,000000,1.14,1.14,0.92,0.96,1907,0
UNV,D,20140625,000000,1.12,1.12,1.12,1.12,2,0
UNV,D,20140626,000000,1.12,1.12,1.12,1.12,4,0
UNV,D,20140627,000000,1.12,1.12,1.12,1.12,2,0
UNV,D,20140630,000000,1.12,1.12,0.84,1.12,281,0
UNV,D,20140701,000000,1.12,1.12,1.12,1.12,4,0
UNV,D,20140702,000000,1.12,1.12,1.12,1.12,4,0
UNV,D,20140703,000000,1.12,1.12,1.12,1.12,4,0
UNV,D,20140704,000000,1.12,1.12,1.12,1.12,5,0
UNV,D,20140707,000000,1.12,1.12,1.12,1.12,5,0
UNV,D,20140708,000000,1.12,1.12,1.12,1.12,3,0
UNV,D,20140709,000000,1.12,1.12,1.12,1.12,3,0
UNV,D,20140710,000000,1.12,1.12,1.12,1.12,3,0
UNV,D,20140711,000000,1.12,1.12,1.12,1.12,3,0
UNV,D,20140714,000000,1.12,1.12,1.12,1.12,1,0
UNV,D,20140715,000000,1.11,1.11,1.11,1.11,13,0
UNV,D,20140716,000000,1.12,1.12,1.12,1.12,2,0
UNV,D,20140717,000000,1.12,1.12,1.12,1.12,2,0
UNV,D,20140718,000000,1.12,1.12,1.12,1.12,4,0
UNV,D,20140721,000000,1.12,1.12,1.12,1.12,3,0
UNV,D,20140722,000000,1.11,1.11,1.11,1.11,1,0
UNV,D,20140723,000000,1.1,1.1,1.1,1.1,2,0
UNV,D,20140724,000000,1.1,1.1,1.1,1.1,3,0
UNV,D,20140725,000000,1.1,1.1,1.1,1.1,3,0
UNV,D,20140728,000000,1.1,1.1,1.1,1.1,1,0
UNV,D,20140729,000000,1.1,1.1,1.1,1.1,3,0
UNV,D,20140730,000000,1.1,1.1,1.1,1.1,1,0
UNV,D,20140731,000000,1.1,1.1,1.1,1.1,1,0
UNV,D,20140801,000000,1.1,1.1,1.1,1.1,2,0
UNV,D,20140804,000000,1.1,1.1,1.1,1.1,3,0
UNV,D,20140805,000000,1.1,1.1,1.1,1.1,2,0
UNV,D,20140806,000000,1.1,1.1,1.1,1.1,2,0
UNV,D,20140807,000000,1.1,1.1,1.1,1.1,1,0
UNV,D,20140808,000000,1.1,1.1,1.1,1.1,5,0
UNV,D,20140811,000000,1.1,1.1,1.1,1.1,1,0
UNV,D,20140812,000000,1.1,1.1,1.1,1.1,5,0
UNV,D,20140813,000000,1.1,1.1,1.1,1.1,2,0
UNV,D,20140814,000000,1.1,1.1,1.1,1.1,2,0
UNV,D,20140818,000000,1.1,1.1,1.1,1.1,4,0
UNV,D,20140819,000000,1.1,1.1,1.1,1.1,3,0
UNV,D,20140820,000000,1.1,1.1,1.1,1.1,3,0
UNV,D,20140821,000000,1.1,1.1,1.1,1.1,3,0
UNV,D,20140822,000000,1.1,1.1,1.1,1.1,4,0
UNV,D,20140825,000000,1.1,1.1,0.88,1.1,673,0
UNV,D,20140826,000000,1.1,1.1,1.1,1.1,4,0
UNV,D,20140827,000000,1.1,1.1,1.1,1.1,1,0
UNV,D,20140828,000000,1.1,1.1,1.1,1.1,4,0
UNV,D,20140829,000000,1.1,1.1,1.1,1.1,3,0
UNV,D,20140901,000000,1.1,1.1,1.1,1.1,1,0
UNV,D,20140902,000000,1.1,1.1,1.1,1.1,3,0
UNV,D,20140903,000000,1.1,1.1,1.1,1.1,2,0
UNV,D,20140904,000000,1.1,1.1,1.1,1.1,2,0
UNV,D,20140905,000000,1.1,1.1,1.1,1.1,1,0
UNV,D,20140908,000000,1.1,1.1,1.1,1.1,2,0
UNV,D,20140909,000000,1.1,1.1,1.1,1.1,5,0
UNV,D,20140910,000000,1.1,1.1,1.1,1.1,2,0
UNV,D,20140911,000000,1.05,1.14,0.84,1.14,1546,0
UNV,D,20140912,000000,1.14,1.14,0.96,1.14,8004,0
UNV,D,20140915,000000,1.14,1.14,1.13,1.13,8,0
UNV,D,20140916,000000,1.13,1.13,1.13,1.13,4,0
UNV,D,20140917,000000,1.13,1.13,1.13,1.13,2,0
UNV,D,20140918,000000,1.13,1.13,1.13,1.13,3,0
UNV,D,20140919,000000,1.13,1.13,1.13,1.13,3,0
UNV,D,20140922,000000,1.13,1.13,1.13,1.13,4,0
UNV,D,20140923,000000,1.12,1.12,1.12,1.12,3,0
UNV,D,20140924,000000,1.12,1.12,1.12,1.12,2,0
UNV,D,20140925,000000,1.1,1.1,1.1,1.1,1,0
UNV,D,20140926,000000,1.12,1.12,1.12,1.12,1,0
UNV,D,20140929,000000,1.12,1.32,1.12,1.32,28631,0
UNV,D,20140930,000000,1.35,1.58,1.18,1.58,3442,0
UNV,D,20141001,000000,1.5,1.5,1.4,1.5,6400,0
UNV,D,20141002,000000,1.5,1.79,1.5,1.79,8464,0
UNV,D,20141003,000000,1.78,1.78,1.52,1.78,56,0
UNV,D,20141006,000000,1.78,2.09,1.78,2.09,1162,0
UNV,D,20141007,000000,2.09,2.09,1.68,2.09,551,0
UNV,D,20141008,000000,1.99,2.22,1.99,2.22,899,0
UNV,D,20141009,000000,2.15,2.15,1.72,2.09,303,0
UNV,D,20141010,000000,2.06,2.06,2.06,2.06,50,0
UNV,D,20141013,000000,1.98,1.98,1.98,1.98,1,0
UNV,D,20141014,000000,1.86,1.99,1.52,1.99,1321,0
UNV,D,20141015,000000,1.98,1.98,1.98,1.98,1,0
UNV,D,20141016,000000,1.98,1.98,1.98,1.98,1,0
UNV,D,20141017,000000,1.98,1.98,1.98,1.98,1,0
UNV,D,20141020,000000,1.98,1.98,1.98,1.98,1,0
UNV,D,20141021,000000,1.98,2.2,1.59,1.99,1200,0
UNV,D,20141022,000000,2.2,2.2,2.2,2.2,51,0
UNV,D,20141023,000000,2.2,2.2,2.2,2.2,51,0
UNV,D,20141024,000000,2.2,2.2,2.2,2.2,1,0
UNV,D,20141027,000000,2.09,2.09,2.09,2.09,3,0
UNV,D,20141029,000000,2.2,2.2,2.2,2.2,50,0
UNV,D,20141030,000000,2.01,2.41,2.01,2.41,1605,0
UNV,D,20141031,000000,2.89,2.98,1.95,1.95,1755,0
UNV,D,20141103,000000,1.99,2.38,1.99,2.38,1009,0
UNV,D,20141104,000000,2.48,2.48,2.48,2.48,1,0
UNV,D,20141106,000000,2.97,2.97,2.97,2.97,30,0
UNV,D,20141107,000000,2.94,2.94,2.36,2.36,52,0
UNV,D,20141110,000000,2.75,2.75,2.75,2.75,1,0
UNV,D,20141113,000000,2.2,2.2,2.2,2.2,1,0
UNV,D,20141114,000000,2.64,2.74,2.64,2.74,51,0
UNV,D,20141118,000000,2.74,2.74,2.74,2.74,49,0
UNV,D,20141121,000000,2.2,2.2,2.2,2.2,5,0
UNV,D,20141124,000000,2.2,2.63,1.8,2.63,987,0
UNV,D,20141125,000000,2.63,2.63,2.62,2.62,51,0
UNV,D,20141126,000000,2.61,2.61,2.61,2.61,1,0
UNV,D,20141127,000000,2.58,2.58,2.58,2.58,1,0
UNV,D,20141128,000000,2.58,2.58,2.58,2.58,2,0
UNV,D,20141201,000000,2.58,2.58,2.58,2.58,4,0
UNV,D,20141202,000000,2.49,2.49,2.49,2.49,2,0
UNV,D,20141203,000000,2.61,2.61,2.61,2.61,3,0
UNV,D,20141204,000000,2.61,2.61,2.09,2.61,5751,0
UNV,D,20141209,000000,2.61,2.95,2.61,2.95,525,0
UNV,D,20150109,000000,2.36,2.36,2.36,2.36,2,0
UNV,D,20150113,000000,2.29,2.74,1.84,2.74,1878,0
UNV,D,20150114,000000,2.49,2.9,2.49,2.74,305,0
UNV,D,20150120,000000,2.8,2.8,2.8,2.8,50,0
UNV,D,20150121,000000,2.59,2.59,2.59,2.59,1,0
UNV,D,20150122,000000,1.96,2.34,1.85,2.34,487,0
UNV,D,20150123,000000,2.3,2.76,2,2.76,1670,0
UNV,D,20150126,000000,2.79,2.9,2.3,2.8,3052,0
UNV,D,20150127,000000,2.8,2.8,2.8,2.8,6,0
UNV,D,20150128,000000,2.69,2.69,2.69,2.69,8,0
UNV,D,20150129,000000,2.16,2.59,2.16,2.59,589,0
UNV,D,20150130,000000,2.9,2.9,2.9,2.9,102,0
UNV,D,20150202,000000,2.8,2.8,2.65,2.65,13,0
UNV,D,20150203,000000,2.8,2.8,2.8,2.8,5,0
UNV,D,20150204,000000,2.8,2.8,2.6,2.8,15503,0
UNV,D,20150205,000000,2.8,2.8,2.8,2.8,10,0
UNV,D,20150206,000000,2.8,2.8,2.8,2.8,2,0
UNV,D,20150209,000000,2.65,2.65,2.65,2.65,3,0
UNV,D,20150210,000000,2.9,2.9,2.9,2.9,110,0
UNV,D,20150211,000000,2.73,2.73,2.73,2.73,5,0
UNV,D,20150212,000000,2.85,2.85,2.85,2.85,50,0
UNV,D,20150213,000000,2.85,2.85,2.85,2.85,3,0
UNV,D,20150216,000000,2.85,2.85,2.85,2.85,2,0
UNV,D,20150217,000000,2.85,2.85,2.85,2.85,2,0
UNV,D,20150218,000000,2.85,2.85,2.85,2.85,3,0
UNV,D,20150219,000000,2.85,2.85,2.85,2.85,5,0
UNV,D,20150220,000000,2.85,2.85,2.85,2.85,6,0
UNV,D,20150223,000000,2.89,2.89,2.89,2.89,50,0
UNV,D,20150224,000000,2.86,2.86,2.86,2.86,1,0
UNV,D,20150225,000000,2.88,2.88,2.88,2.88,3,0
UNV,D,20150226,000000,2.82,2.82,2.82,2.82,5,0
UNV,D,20150227,000000,2.8,2.85,2.8,2.85,47,0
UNV,D,20150302,000000,2.29,2.73,2.29,2.73,530,0
UNV,D,20150303,000000,2.73,2.8,2.73,2.8,83,0
UNV,D,20150304,000000,2.84,2.84,2.84,2.84,2,0
UNV,D,20150305,000000,2.84,2.84,2.84,2.84,3,0
UNV,D,20150306,000000,2.84,2.84,2.84,2.84,10,0
UNV,D,20150309,000000,2.5,2.5,2.5,2.5,5,0
UNV,D,20150310,000000,2.84,2.84,2.84,2.84,6,0
UNV,D,20150311,000000,2.84,3.4,2.28,3.4,8362,0
UNV,D,20150312,000000,3.3,3.3,2.7,2.99,5573,0
UNV,D,20150313,000000,2.55,2.55,2.01,2.42,3671,0
UNV,D,20150316,000000,2.4,2.4,2.4,2.4,1,0
UNV,D,20150317,000000,2.4,2.4,2.4,2.4,2,0
UNV,D,20150319,000000,2.4,2.7,2.4,2.7,1075,0
UNV,D,20150320,000000,3.2,3.2,3.2,3.2,25,0
UNV,D,20150323,000000,2.99,2.99,2.89,2.99,19,0
UNV,D,20150324,000000,3.34,3.34,3.34,3.34,20,0
UNV,D,20150325,000000,3.33,3.33,3.33,3.33,3,0
UNV,D,20150326,000000,3.34,3.5,3.34,3.5,200,0
UNV,D,20150327,000000,2.8,3,2.24,2.24,1774,0
UNV,D,20150330,000000,2.06,2.46,2.06,2.46,410,0
UNV,D,20150331,000000,2.5,2.65,2.5,2.65,165,0
UNV,D,20150401,000000,2.59,2.59,2.59,2.59,45,0
UNV,D,20150407,000000,2.51,2.59,2.51,2.59,176,0
UNV,D,20150408,000000,2.59,2.59,2.59,2.59,1,0
UNV,D,20150409,000000,2.59,2.59,2.59,2.59,1,0
UNV,D,20150410,000000,2.55,2.55,2.55,2.55,2,0
UNV,D,20150413,000000,2.55,2.55,2.55,2.55,2,0
UNV,D,20150414,000000,2.55,3.05,2.55,3.05,706,0
UNV,D,20150417,000000,3.05,3.1,3.05,3.1,200,0
UNV,D,20150421,000000,2.99,2.99,2.99,2.99,1,0
UNV,D,20150422,000000,2.99,2.99,2.65,2.9,52,0
UNV,D,20150423,000000,2.99,2.99,2.75,2.75,101,0
UNV,D,20150424,000000,2.99,2.99,2.99,2.99,1,0
UNV,D,20150427,000000,3,3,3,3,1,0
UNV,D,20150429,000000,3,3,3,3,6,0
UNV,D,20150430,000000,3,3,3,3,5,0
UNV,D,20150504,000000,3,3.04,3,3.04,220,0
UNV,D,20150506,000000,2.8,3.33,2.8,3.33,1850,0
UNV,D,20150507,000000,3,3.5,2.35,2.78,3150,0
UNV,D,20150508,000000,2.72,3.14,2.3,2.75,1709,0
UNV,D,20150511,000000,2.7,2.7,2.7,2.7,5,0
UNV,D,20150513,000000,2.7,3.15,2.31,2.7,1868,0
UNV,D,20150514,000000,2.74,2.74,2.74,2.74,2,0
UNV,D,20150515,000000,2.79,3.15,2.26,2.69,1768,0
UNV,D,20150518,000000,2.69,2.87,2.69,2.87,5,0
UNV,D,20150519,000000,2.69,2.7,2.24,2.7,286,0
UNV,D,20150520,000000,2.76,2.76,2.15,2.15,607,0
UNV,D,20150522,000000,2.58,2.89,2.58,2.89,364,0
UNV,D,20150525,000000,2.81,2.81,2.31,2.81,1009,0
UNV,D,20150526,000000,2.74,2.74,2.2,2.64,2870,0
UNV,D,20150527,000000,2.2,2.49,2,2.49,2096,0
UNV,D,20150528,000000,2.49,2.55,1.83,1.83,20039,0
UNV,D,20150529,000000,2.15,2.15,1.74,2.13,1621,0
UNV,D,20150601,000000,2.11,2.11,1.47,1.82,27115,0
UNV,D,20150602,000000,1.82,1.98,1.82,1.98,3,0
UNV,D,20150603,000000,1.59,1.78,1.59,1.78,306,0
UNV,D,20150608,000000,1.78,1.78,1.78,1.78,5,0
UNV,D,20150609,000000,1.78,1.78,1.78,1.78,3,0
UNV,D,20150610,000000,1.78,1.78,1.61,1.66,4804,0
UNV,D,20150611,000000,1.66,1.66,1.33,1.4,5328,0
UNV,D,20150612,000000,1.64,1.64,1.64,1.64,8,0
UNV,D,20150615,000000,1.64,1.64,1.64,1.64,5,0
UNV,D,20150616,000000,1.64,1.64,1.64,1.64,5,0
UNV,D,20150617,000000,1.64,1.64,1.64,1.64,6,0
UNV,D,20150618,000000,1.64,1.64,1.64,1.64,3,0
UNV,D,20150619,000000,1.64,1.64,1.64,1.64,2,0
UNV,D,20150622,000000,1.35,1.35,1.35,1.35,5370,0
UNV,D,20150623,000000,1.38,1.38,1.2,1.3,1640,0
UNV,D,20150625,000000,1.38,1.38,1.38,1.38,2,0
UNV,D,20150629,000000,1.38,1.38,1.2,1.37,50,0
UNV,D,20150630,000000,1.36,1.38,1.36,1.38,32,0
UNV,D,20150701,000000,1.38,1.38,1.38,1.38,3,0
UNV,D,20150702,000000,1.41,1.41,1.13,1.13,3906,0
UNV,D,20150703,000000,1.25,1.25,1,1.25,6860,0
UNV,D,20150706,000000,1.25,1.25,1.12,1.25,103,0
UNV,D,20150707,000000,1.25,1.25,1.25,1.25,2,0
UNV,D,20150708,000000,1.25,1.25,1.25,1.25,12,0
UNV,D,20150709,000000,1.24,1.25,1.22,1.25,2007,0
UNV,D,20150710,000000,1.5,1.5,1.5,1.5,58,0
UNV,D,20150713,000000,1.49,1.49,1.3,1.49,109,0
UNV,D,20150714,000000,1.74,1.75,1.5,1.67,2057,0
UNV,D,20150715,000000,1.66,1.66,1.38,1.48,2490,0
UNV,D,20150716,000000,1.63,1.63,1.63,1.63,15,0
UNV,D,20150717,000000,1.63,1.63,1.63,1.63,2,0
UNV,D,20150720,000000,1.59,1.59,1.58,1.58,17,0
UNV,D,20150721,000000,1.62,1.62,1.55,1.55,17,0
UNV,D,20150722,000000,1.55,1.55,1.55,1.55,14,0
UNV,D,20150723,000000,1.6,1.6,1.55,1.55,15,0
UNV,D,20150724,000000,1.6,1.6,1.58,1.58,26,0
UNV,D,20150727,000000,1.59,1.59,1.55,1.55,21,0
UNV,D,20150728,000000,1.55,1.55,1.47,1.55,20,0
UNV,D,20150729,000000,1.58,1.58,1.49,1.5,1041,0
UNV,D,20150730,000000,1.58,1.58,1.58,1.58,13,0
UNV,D,20150731,000000,1.59,1.59,1.5,1.5,13,0
UNV,D,20150803,000000,1.45,1.45,1.45,1.45,11,0
UNV,D,20150804,000000,1.58,1.58,1.52,1.52,19,0
UNV,D,20150805,000000,1.52,1.52,1.45,1.52,345,0
UNV,D,20150806,000000,1.5,1.5,1.5,1.5,10,0
UNV,D,20150807,000000,1.61,1.62,1.29,1.45,594,0
UNV,D,20150810,000000,1.45,1.45,1.45,1.45,19,0
UNV,D,20150811,000000,1.39,1.39,1.15,1.39,309,0
UNV,D,20150812,000000,1.57,1.57,1.3,1.3,97,0
UNV,D,20150813,000000,1.35,1.35,1.35,1.35,17,0
UNV,D,20150814,000000,1.57,1.58,1.57,1.58,8,0
UNV,D,20150817,000000,1.57,1.57,1.3,1.57,162,0
UNV,D,20150818,000000,1.59,1.59,1.59,1.59,5,0
UNV,D,20150819,000000,1.52,1.6,1.39,1.6,2076,0
UNV,D,20150820,000000,1.49,1.6,1.49,1.6,305,0
UNV,D,20150821,000000,1.6,1.72,1.6,1.72,94,0
UNV,D,20150824,000000,1.72,1.72,1.72,1.72,3,0
UNV,D,20150825,000000,1.67,1.67,1.67,1.67,2,0
UNV,D,20150826,000000,1.72,1.72,1.72,1.72,10,0
UNV,D,20150827,000000,1.7,1.7,1.7,1.7,5,0
UNV,D,20150828,000000,1.55,1.55,1.55,1.55,3,0
UNV,D,20150831,000000,1.69,1.7,1.55,1.7,153,0
UNV,D,20150901,000000,1.64,1.64,1.32,1.64,461,0
UNV,D,20150902,000000,1.51,1.51,1.51,1.51,15,0
UNV,D,20150903,000000,1.51,1.51,1.51,1.51,13,0
UNV,D,20150904,000000,1.51,1.59,1.51,1.54,86,0
UNV,D,20150907,000000,1.59,1.59,1.1,1.5,310,0
UNV,D,20150908,000000,1.48,1.48,1.48,1.48,5,0
UNV,D,20150909,000000,1.46,1.46,1.46,1.46,9,0
UNV,D,20150910,000000,1.43,1.43,1.25,1.25,45,0
UNV,D,20150911,000000,1.25,1.25,1.06,1.25,805,0
UNV,D,20150914,000000,1.23,1.47,1.16,1.47,945,0
UNV,D,20150915,000000,1.47,1.47,1.45,1.45,46,0
UNV,D,20150916,000000,1.43,1.43,1.43,1.43,10,0
UNV,D,20150917,000000,1.42,1.42,1.42,1.42,7,0
UNV,D,20150918,000000,1.42,1.57,1.39,1.57,1994,0
UNV,D,20150921,000000,1.5,1.5,1.5,1.5,6,0
UNV,D,20150922,000000,1.59,1.59,1.51,1.51,25,0
UNV,D,20150923,000000,1.57,1.57,1.41,1.42,353,0
UNV,D,20150924,000000,1.45,1.45,1.45,1.45,26,0
UNV,D,20150925,000000,1.45,1.45,1.45,1.45,15,0
UNV,D,20150928,000000,1.45,1.45,1.45,1.45,10,0
UNV,D,20150929,000000,1.4,1.4,1.4,1.4,1,0
UNV,D,20150930,000000,1.45,1.45,1.45,1.45,2,0
UNV,D,20151001,000000,1.55,1.55,1.55,1.55,1,0
UNV,D,20151002,000000,1.54,1.54,1.54,1.54,1,0
UNV,D,20151005,000000,1.54,1.54,1.54,1.54,1,0
UNV,D,20151006,000000,1.5,1.5,1.5,1.5,2,0
UNV,D,20151007,000000,1.52,1.52,1.52,1.52,1,0
UNV,D,20151008,000000,1.52,1.52,1.52,1.52,1,0
UNV,D,20151009,000000,1.46,1.46,1.46,1.46,660,0
UNV,D,20151012,000000,1.47,1.47,1.47,1.47,1,0
UNV,D,20151013,000000,1.47,1.47,1.47,1.47,1,0
UNV,D,20151014,000000,1.2,1.44,1.2,1.44,83,0
UNV,D,20151015,000000,1.46,1.46,1.46,1.46,10,0
UNV,D,20151016,000000,1.49,1.49,1.4,1.49,106,0
UNV,D,20151019,000000,1.47,1.47,1.47,1.47,5,0
UNV,D,20151020,000000,1.4,1.4,1.35,1.35,223,0
UNV,D,20151021,000000,1.47,1.47,1.47,1.47,16,0
UNV,D,20151022,000000,1.47,1.47,1.47,1.47,5,0
UNV,D,20151023,000000,1.47,1.47,1.47,1.47,14,0
UNV,D,20151026,000000,1.46,1.46,1.46,1.46,24,0
UNV,D,20151027,000000,1.46,1.46,1.45,1.45,11,0
UNV,D,20151028,000000,1.45,1.45,1.45,1.45,6,0
UNV,D,20151029,000000,1.5,1.5,1.5,1.5,8,0
UNV,D,20151030,000000,1.5,1.5,1.5,1.5,15,0
UNV,D,20151102,000000,1.48,1.52,1.25,1.33,7561,0
UNV,D,20151103,000000,1.47,1.47,1.42,1.47,113,0
UNV,D,20151104,000000,1.47,1.47,1.2,1.45,1462,0
UNV,D,20151105,000000,1.45,1.45,1.45,1.45,3,0
UNV,D,20151106,000000,1.47,1.53,1.44,1.53,2724,0
UNV,D,20151109,000000,1.52,1.52,1.52,1.52,23,0
UNV,D,20151110,000000,1.52,1.71,1.52,1.71,2412,0
UNV,D,20151112,000000,1.87,1.87,1.55,1.74,88,0
UNV,D,20151113,000000,1.76,1.88,1.76,1.88,469,0
UNV,D,20151116,000000,1.88,1.88,1.6,1.6,46,0
UNV,D,20151117,000000,1.59,1.6,1.58,1.6,1254,0
UNV,D,20151118,000000,1.6,1.92,1.6,1.7,3400,0
UNV,D,20151119,000000,1.99,1.99,1.62,1.98,346,0
UNV,D,20151120,000000,1.98,1.98,1.77,1.97,7479,0
UNV,D,20151123,000000,1.97,1.97,1.75,1.82,297,0
UNV,D,20151124,000000,1.97,1.97,1.78,1.78,425,0
UNV,D,20151125,000000,1.97,1.97,1.97,1.97,5,0
UNV,D,20151126,000000,1.96,1.96,1.79,1.96,593,0
UNV,D,20151127,000000,1.96,1.96,1.96,1.96,2,0
UNV,D,20151130,000000,1.96,1.96,1.96,1.96,1,0
UNV,D,20151201,000000,2.01,2.01,2.01,2.01,5,0
UNV,D,20151202,000000,2,2,1.6,1.94,2325,0
UNV,D,20151203,000000,1.93,1.93,1.5,1.5,2113,0
UNV,D,20151204,000000,1.77,1.86,1.77,1.86,4,0
UNV,D,20151207,000000,1.84,1.84,1.59,1.59,875,0
UNV,D,20151208,000000,1.9,1.9,1.57,1.6,467,0
UNV,D,20151209,000000,1.92,1.92,1.78,1.78,153,0
UNV,D,20151210,000000,1.9,1.9,1.58,1.76,328,0
UNV,D,20151211,000000,1.84,1.84,1.5,1.66,1004,0
UNV,D,20151214,000000,1.95,1.95,1.56,1.65,204,0
UNV,D,20151215,000000,1.84,1.84,1.84,1.84,3,0
UNV,D,20151216,000000,1.82,1.82,1.46,1.79,6555,0
UNV,D,20151217,000000,1.89,1.89,1.89,1.89,2,0
UNV,D,20151221,000000,1.75,1.75,1.75,1.75,1,0
UNV,D,20151222,000000,1.75,1.75,1.4,1.4,565,0
UNV,D,20151223,000000,1.66,1.66,1.66,1.66,6,0
UNV,D,20151228,000000,1.77,1.77,1.4,1.4,363,0
UNV,D,20151229,000000,1.45,1.45,1.45,1.45,350,0
UNV,D,20151230,000000,1.49,1.49,1.49,1.49,5,0
UNV,D,20160104,000000,1.74,1.74,1.71,1.71,2,0
UNV,D,20160107,000000,1.7,1.74,1.35,1.35,1429,0
UNV,D,20160113,000000,1.4,1.67,1.4,1.63,1010,0
UNV,D,20160114,000000,1.63,1.63,1.6,1.63,338,0
UNV,D,20160115,000000,1.61,1.61,1.61,1.61,5,0
UNV,D,20160118,000000,1.6,1.6,1.6,1.6,30,0
UNV,D,20160119,000000,1.6,1.6,1.42,1.59,18,0
UNV,D,20160120,000000,1.6,1.6,1.6,1.6,35,0
UNV,D,20160121,000000,1.6,1.6,1.6,1.6,26,0
UNV,D,20160122,000000,1.6,1.6,1.51,1.6,417,0
UNV,D,20160125,000000,1.6,1.6,1.46,1.6,14,0
UNV,D,20160126,000000,1.6,1.6,1.6,1.6,14,0
UNV,D,20160127,000000,1.6,1.6,1.55,1.55,19,0
UNV,D,20160128,000000,1.59,1.59,1.51,1.51,342,0
UNV,D,20160129,000000,1.59,1.59,1.59,1.59,2,0
UNV,D,20160202,000000,1.58,1.58,1.58,1.58,5,0
UNV,D,20160203,000000,1.58,1.58,1.58,1.58,3,0
UNV,D,20160204,000000,1.58,1.58,1.53,1.53,35,0
UNV,D,20160205,000000,1.58,1.58,1.58,1.58,5,0
UNV,D,20160208,000000,1.58,1.58,1.58,1.58,2,0
UNV,D,20160209,000000,1.58,1.58,1.58,1.58,13,0
UNV,D,20160210,000000,1.66,1.66,1.66,1.66,3,0
UNV,D,20160211,000000,1.66,1.66,1.66,1.66,2,0
UNV,D,20160212,000000,1.66,1.66,1.66,1.66,2,0
UNV,D,20160215,000000,1.66,1.66,1.4,1.66,366,0
UNV,D,20160216,000000,1.66,1.66,1.45,1.59,856,0
UNV,D,20160217,000000,1.59,1.59,1.45,1.57,1007,0
UNV,D,20160218,000000,1.68,1.68,1.68,1.68,2,0
UNV,D,20160219,000000,1.64,1.66,1.45,1.66,305,0
UNV,D,20160222,000000,1.66,1.66,1.4,1.4,1194,0
UNV,D,20160223,000000,1.67,1.67,1.36,1.36,770,0
UNV,D,20160224,000000,1.51,1.51,1.37,1.51,374,0
UNV,D,20160225,000000,1.51,1.51,1.51,1.51,5,0
UNV,D,20160226,000000,1.49,1.6,1.49,1.6,8,0
UNV,D,20160229,000000,1.6,1.6,1.6,1.6,24,0
UNV,D,20160301,000000,1.6,1.6,1.6,1.6,2,0
UNV,D,20160302,000000,1.6,1.6,1.45,1.45,8,0
UNV,D,20160303,000000,1.6,1.6,1.38,1.5,376,0
UNV,D,20160304,000000,1.6,1.6,1.6,1.6,2,0
UNV,D,20160307,000000,1.6,1.6,1.6,1.6,3,0
UNV,D,20160308,000000,1.6,1.6,1.6,1.6,13,0
UNV,D,20160309,000000,1.6,1.6,1.37,1.6,886,0
UNV,D,20160310,000000,1.6,1.6,1.3,1.4,1172,0
UNV,D,20160311,000000,1.59,1.59,1.59,1.59,3,0
UNV,D,20160314,000000,1.58,1.58,1.27,1.27,419,0
UNV,D,20160315,000000,1.41,1.58,1.41,1.58,375,0
UNV,D,20160316,000000,1.57,1.57,1.57,1.57,3,0
UNV,D,20160317,000000,1.56,1.56,1.56,1.56,4,0
UNV,D,20160318,000000,1.56,1.56,1.46,1.56,375,0
UNV,D,20160321,000000,1.63,1.63,1.45,1.61,752,0
UNV,D,20160322,000000,1.6,1.64,1.4,1.4,1951,0
UNV,D,20160323,000000,1.58,1.58,1.58,1.58,5,0
UNV,D,20160329,000000,1.65,1.71,1.65,1.71,8,0
UNV,D,20160330,000000,1.7,1.7,1.47,1.5,3223,0
UNV,D,20160331,000000,1.58,1.58,1.4,1.52,93,0
UNV,D,20160401,000000,1.58,1.58,1.4,1.4,299,0
UNV,D,20160404,000000,1.54,1.54,1.5,1.5,38,0
UNV,D,20160405,000000,1.54,1.54,1.32,1.49,412,0
UNV,D,20160406,000000,1.49,1.49,1.4,1.49,140,0
UNV,D,20160407,000000,1.54,1.54,1.49,1.49,20,0
UNV,D,20160408,000000,1.54,1.54,1.4,1.43,75,0
UNV,D,20160411,000000,1.53,1.53,1.53,1.53,10,0
UNV,D,20160412,000000,1.53,1.53,1.53,1.53,14,0
UNV,D,20160413,000000,1.53,1.69,1.41,1.69,6742,0
UNV,D,20160414,000000,1.65,1.65,1.51,1.51,1002,0
UNV,D,20160415,000000,1.59,1.59,1.46,1.58,756,0
UNV,D,20160418,000000,1.57,1.57,1.5,1.56,385,0
UNV,D,20160419,000000,1.69,1.69,1.69,1.69,3,0
UNV,D,20160420,000000,1.63,1.64,1.63,1.64,10,0
UNV,D,20160421,000000,1.63,1.63,1.63,1.63,2,0
UNV,D,20160422,000000,1.63,1.63,1.63,1.63,5,0
UNV,D,20160425,000000,1.62,1.62,1.4,1.55,3609,0
UNV,D,20160426,000000,1.68,1.68,1.4,1.4,83,0
UNV,D,20160427,000000,1.38,1.49,1.37,1.49,1000,0
UNV,D,20160428,000000,1.49,1.49,1.49,1.49,6,0
UNV,D,20160429,000000,1.63,1.8,1.36,1.8,23057,0
UNV,D,20160502,000000,1.79,1.95,1.63,1.8,515,0
UNV,D,20160504,000000,1.92,1.93,1.7,1.7,2552,0
UNV,D,20160505,000000,1.88,1.88,1.88,1.88,11,0
UNV,D,20160506,000000,1.88,1.88,1.6,1.88,2060,0
UNV,D,20160509,000000,1.88,2.02,1.81,2.02,4851,0
UNV,D,20160510,000000,2.02,2.02,2,2.01,595,0
UNV,D,20160511,000000,2,2,1.61,1.89,4016,0
UNV,D,20160512,000000,1.91,1.91,1.55,1.55,15681,0
UNV,D,20160513,000000,1.79,1.79,1.44,1.5,4503,0
UNV,D,20160516,000000,1.74,1.74,1.55,1.7,3025,0
UNV,D,20160517,000000,1.74,1.74,1.74,1.74,5,0
UNV,D,20160518,000000,1.59,1.59,1.59,1.59,21,0
UNV,D,20160519,000000,1.59,1.59,1.48,1.59,68,0
UNV,D,20160520,000000,1.59,1.59,1.59,1.59,5,0
UNV,D,20160523,000000,1.66,1.66,1.66,1.66,8,0
UNV,D,20160524,000000,1.66,1.66,1.66,1.66,29,0
UNV,D,20160525,000000,1.67,1.67,1.67,1.67,12,0
UNV,D,20160527,000000,1.66,1.66,1.66,1.66,8,0
UNV,D,20160530,000000,1.66,1.66,1.66,1.66,2,0
UNV,D,20160531,000000,1.71,1.71,1.59,1.6,202,0
UNV,D,20160601,000000,1.62,1.62,1.62,1.62,2,0
UNV,D,20160602,000000,1.69,1.69,1.53,1.53,448,0
UNV,D,20160603,000000,1.57,1.69,1.57,1.69,1784,0
UNV,D,20160606,000000,1.75,1.75,1.68,1.7,2048,0
UNV,D,20160607,000000,1.75,1.75,1.69,1.72,610,0
UNV,D,20160608,000000,1.72,1.73,1.71,1.73,1632,0
UNV,D,20160609,000000,1.74,1.74,1.74,1.74,8,0
UNV,D,20160610,000000,1.7,1.7,1.7,1.7,3,0
UNV,D,20160613,000000,1.75,1.75,1.75,1.75,2,0
UNV,D,20160614,000000,1.75,1.75,1.75,1.75,9,0
UNV,D,20160615,000000,1.75,1.75,1.75,1.75,2,0
UNV,D,20160616,000000,1.75,1.75,1.75,1.75,3,0
UNV,D,20160617,000000,1.75,1.75,1.75,1.75,5,0
UNV,D,20160620,000000,1.75,1.75,1.75,1.75,5,0
UNV,D,20160621,000000,1.75,1.75,1.75,1.75,12,0
UNV,D,20160622,000000,1.75,1.75,1.51,1.69,307,0
UNV,D,20160623,000000,1.75,1.75,1.75,1.75,7,0
UNV,D,20160624,000000,1.75,1.75,1.75,1.75,4,0
UNV,D,20160627,000000,1.75,1.75,1.75,1.75,6,0
UNV,D,20160628,000000,1.75,1.75,1.4,1.75,804,0
UNV,D,20160629,000000,1.74,1.74,1.53,1.74,338,0
UNV,D,20160630,000000,1.73,1.73,1.73,1.73,2,0
UNV,D,20160701,000000,1.73,1.73,1.73,1.73,3,0
UNV,D,20160704,000000,1.47,1.69,1.47,1.69,202,0
UNV,D,20160705,000000,1.68,1.68,1.55,1.55,101,0
UNV,D,20160712,000000,1.65,1.65,1.65,1.65,1,0
UNV,D,20160713,000000,1.68,1.68,1.68,1.68,14,0
UNV,D,20160714,000000,1.68,1.68,1.68,1.68,4,0
UNV,D,20160715,000000,1.59,1.67,1.55,1.66,349,0
UNV,D,20160718,000000,1.68,1.68,1.68,1.68,32,0
UNV,D,20160719,000000,1.68,1.68,1.68,1.68,6,0
UNV,D,20160720,000000,1.59,1.59,1.59,1.59,26,0
UNV,D,20160721,000000,1.66,1.66,1.66,1.66,2,0
UNV,D,20160722,000000,1.66,1.68,1.66,1.68,18,0
UNV,D,20160725,000000,1.68,1.68,1.68,1.68,16,0
UNV,D,20160726,000000,1.68,1.68,1.68,1.68,1,0
UNV,D,20160727,000000,1.56,1.57,1.56,1.57,310,0
UNV,D,20160728,000000,1.52,1.57,1.52,1.57,2277,0
UNV,D,20160801,000000,1.59,1.59,1.59,1.59,1,0
UNV,D,20160802,000000,1.59,1.59,1.59,1.59,1,0
UNV,D,20160803,000000,1.59,1.59,1.55,1.58,83,0
UNV,D,20160804,000000,1.59,1.59,1.59,1.59,558,0
UNV,D,20160805,000000,1.64,1.64,1.61,1.61,83,0
UNV,D,20160808,000000,1.61,1.61,1.59,1.59,24,0
UNV,D,20160809,000000,1.59,1.59,1.51,1.56,1408,0
UNV,D,20160810,000000,1.56,1.73,1.56,1.68,2124,0
UNV,D,20160811,000000,1.68,1.68,1.67,1.67,8,0
UNV,D,20160812,000000,1.66,1.66,1.64,1.64,30,0
UNV,D,20160816,000000,1.64,1.64,1.64,1.64,17,0
UNV,D,20160817,000000,1.63,1.63,1.6,1.6,46,0
UNV,D,20160818,000000,1.59,1.59,1.58,1.58,49,0
UNV,D,20160819,000000,1.58,1.58,1.58,1.58,19,0
UNV,D,20160822,000000,1.57,1.57,1.56,1.56,23,0
UNV,D,20160823,000000,1.56,1.56,1.55,1.55,52,0
UNV,D,20160824,000000,1.55,1.55,1.55,1.55,8,0
UNV,D,20160825,000000,1.55,1.55,1.55,1.55,16,0
UNV,D,20160826,000000,1.55,1.55,1.55,1.55,10,0
UNV,D,20160829,000000,1.55,1.55,1.43,1.55,10,0
UNV,D,20160830,000000,1.55,1.56,1.55,1.56,78,0
UNV,D,20160831,000000,1.55,1.55,1.55,1.55,39,0
UNV,D,20160901,000000,1.55,1.55,1.55,1.55,10,0
UNV,D,20160902,000000,1.53,1.53,1.43,1.53,369,0
UNV,D,20160905,000000,1.53,1.53,1.53,1.53,1,0
UNV,D,20160906,000000,1.53,1.53,1.53,1.53,14,0
UNV,D,20160907,000000,1.53,1.53,1.53,1.53,10,0
UNV,D,20160908,000000,1.53,1.53,1.53,1.53,8,0
UNV,D,20160909,000000,1.53,1.53,1.53,1.53,24,0
UNV,D,20160912,000000,1.53,1.53,1.3,1.53,752,0
UNV,D,20160913,000000,1.53,1.53,1.53,1.53,4,0
UNV,D,20160914,000000,1.53,1.53,1.53,1.53,4,0
UNV,D,20160915,000000,1.53,1.53,1.53,1.53,11,0
UNV,D,20160916,000000,1.53,1.53,1.53,1.53,3,0
UNV,D,20160919,000000,1.53,1.53,1.53,1.53,16,0
UNV,D,20160920,000000,1.58,1.58,1.46,1.46,35,0
UNV,D,20160921,000000,1.46,1.46,1.46,1.46,18,0
UNV,D,20160922,000000,1.46,1.46,1.46,1.46,8,0
UNV,D,20160923,000000,1.46,1.46,1.46,1.46,19,0
UNV,D,20160926,000000,1.46,1.46,1.46,1.46,24,0
UNV,D,20160927,000000,1.46,1.46,1.46,1.46,17,0
UNV,D,20160928,000000,1.45,1.45,1.45,1.45,18,0
UNV,D,20160929,000000,1.46,1.48,1.45,1.48,517,0
UNV,D,20160930,000000,1.48,1.48,1.48,1.48,13,0
UNV,D,20161003,000000,1.46,1.47,1.42,1.47,667,0
UNV,D,20161004,000000,1.47,1.48,1.46,1.48,727,0
UNV,D,20161005,000000,1.48,1.48,1.43,1.47,905,0
UNV,D,20161006,000000,1.47,1.47,1.4,1.42,96,0
UNV,D,20161007,000000,1.47,1.47,1.47,1.47,55,0
UNV,D,20161010,000000,1.45,1.45,1.45,1.45,9,0
UNV,D,20161011,000000,1.45,1.45,1.45,1.45,26,0
UNV,D,20161012,000000,1.45,1.45,1.45,1.45,14,0
UNV,D,20161014,000000,1.45,1.45,1.45,1.45,21,0
UNV,D,20161017,000000,1.45,1.45,1.45,1.45,10,0
UNV,D,20161018,000000,1.45,1.45,1.45,1.45,27,0
UNV,D,20161019,000000,1.45,1.45,1.45,1.45,32,0
UNV,D,20161020,000000,1.45,1.45,1.37,1.37,1006,0
UNV,D,20161021,000000,1.4,1.4,1.4,1.4,1,0
UNV,D,20161024,000000,1.4,1.45,1.4,1.45,235,0
UNV,D,20161025,000000,1.41,1.41,1.41,1.41,65,0
UNV,D,20161026,000000,1.41,1.41,1.41,1.41,81,0
UNV,D,20161027,000000,1.41,1.51,1.41,1.49,4209,0
UNV,D,20161028,000000,1.49,1.49,1.21,1.48,7603,0
UNV,D,20161031,000000,1.48,1.48,1.39,1.4,252,0
UNV,D,20161102,000000,1.44,1.44,1.38,1.43,1964,0
UNV,D,20161103,000000,1.43,1.43,1.43,1.43,87,0
UNV,D,20161104,000000,1.43,1.43,1.39,1.43,256,0
UNV,D,20161107,000000,1.42,1.42,1.42,1.42,54,0
UNV,D,20161108,000000,1.42,1.42,1.4,1.4,74,0
UNV,D,20161109,000000,1.4,1.4,1.4,1.4,49,0
UNV,D,20161110,000000,1.4,1.4,1.4,1.4,28,0
UNV,D,20161114,000000,1.4,1.4,1.4,1.4,49,0
UNV,D,20161115,000000,1.4,1.4,1.37,1.38,256,0
UNV,D,20161116,000000,1.38,1.38,1.38,1.38,66,0
UNV,D,20161117,000000,1.38,1.38,1.38,1.38,23,0
UNV,D,20161118,000000,1.38,1.5,1.37,1.5,1163,0
UNV,D,20161121,000000,1.5,1.5,1.49,1.49,24,0
UNV,D,20161122,000000,1.49,1.49,1.48,1.48,34,0
UNV,D,20161123,000000,1.47,1.47,1.47,1.47,29,0
UNV,D,20161124,000000,1.47,1.47,1.47,1.47,9,0
UNV,D,20161125,000000,1.45,1.45,1.38,1.43,917,0
UNV,D,20161128,000000,1.43,1.43,1.4,1.43,1150,0
UNV,D,20161129,000000,1.43,1.43,1.4,1.4,254,0
UNV,D,20161130,000000,1.43,1.43,1.35,1.39,766,0
UNV,D,20161201,000000,1.39,1.39,1.39,1.39,7,0
UNV,D,20161202,000000,1.39,1.39,1.39,1.39,50,0
UNV,D,20161205,000000,1.39,1.39,1.38,1.38,47,0
UNV,D,20161206,000000,1.37,1.37,1.37,1.37,45,0
UNV,D,20161207,000000,1.37,1.38,1.37,1.38,475,0
UNV,D,20161208,000000,1.37,1.37,1.37,1.37,5,0
UNV,D,20161209,000000,1.37,1.37,1.37,1.37,11,0
UNV,D,20161212,000000,1.37,1.37,1.37,1.37,26,0
UNV,D,20161213,000000,1.37,1.37,1.29,1.29,1579,0
UNV,D,20161214,000000,1.37,1.37,1.37,1.37,10,0
UNV,D,20161215,000000,1.37,1.37,1.31,1.35,2640,0
UNV,D,20161216,000000,1.35,1.35,1.35,1.35,35,0
UNV,D,20161219,000000,1.35,1.35,1.35,1.35,35,0
UNV,D,20161220,000000,1.35,1.35,1.35,1.35,25,0
UNV,D,20161221,000000,1.35,1.35,1.29,1.29,334,0
UNV,D,20161222,000000,1.29,1.29,1.29,1.29,18,0
UNV,D,20161227,000000,1.29,1.29,1.29,1.29,14,0
UNV,D,20161228,000000,1.29,1.29,1.29,1.29,9,0
UNV,D,20161229,000000,1.29,1.29,1.29,1.29,13,0
UNV,D,20161230,000000,1.29,1.5,1.29,1.5,53,0
UNV,D,20170102,000000,1.46,1.46,1.46,1.46,15,0
UNV,D,20170103,000000,1.45,1.45,1.3,1.45,527,0
UNV,D,20170104,000000,1.41,1.43,1.4,1.43,24,0
UNV,D,20170105,000000,1.39,1.4,1.36,1.39,1017,0
UNV,D,20170109,000000,1.39,1.39,1.29,1.29,827,0
UNV,D,20170110,000000,1.29,1.4,1.2,1.3,3383,0
UNV,D,20170111,000000,1.3,1.3,1.3,1.3,9,0
UNV,D,20170112,000000,1.3,1.4,1.26,1.33,3798,0
UNV,D,20170113,000000,1.39,1.4,1.39,1.39,17,0
UNV,D,20170116,000000,1.38,1.47,1.26,1.34,240,0
UNV,D,20170117,000000,1.47,1.47,1.35,1.44,2191,0
UNV,D,20170118,000000,1.44,1.48,1.44,1.48,721,0
UNV,D,20170119,000000,1.48,1.69,1.48,1.69,4422,0
UNV,D,20170120,000000,1.99,1.99,1.98,1.98,25,0
UNV,D,20170123,000000,1.99,1.99,1.9,1.9,23,0
UNV,D,20170124,000000,1.88,1.88,1.77,1.88,1016,0
UNV,D,20170125,000000,1.88,1.88,1.88,1.88,22,0
UNV,D,20170126,000000,1.88,1.88,1.88,1.88,11,0
UNV,D,20170127,000000,1.88,1.88,1.88,1.88,4,0
UNV,D,20170130,000000,1.99,1.99,1.75,1.75,2592,0
UNV,D,20170131,000000,1.88,1.88,1.88,1.88,82,0
UNV,D,20170201,000000,1.88,1.88,1.88,1.88,14,0
UNV,D,20170202,000000,1.88,1.88,1.79,1.79,17,0
UNV,D,20170203,000000,1.79,1.79,1.79,1.79,17,0
UNV,D,20170206,000000,1.79,1.79,1.79,1.79,2,0
UNV,D,20170208,000000,1.79,1.79,1.79,1.79,2,0
UNV,D,20170213,000000,1.88,1.88,1.75,1.87,3611,0
UNV,D,20170214,000000,1.87,1.87,1.87,1.87,37,0
UNV,D,20170215,000000,1.87,1.87,1.72,1.72,1430,0
UNV,D,20170217,000000,1.85,1.85,1.84,1.84,20,0
UNV,D,20170220,000000,1.84,1.84,1.84,1.84,23,0
UNV,D,20170221,000000,1.84,1.84,1.84,1.84,8,0
UNV,D,20170222,000000,1.84,1.84,1.84,1.84,14,0
UNV,D,20170223,000000,1.84,1.84,1.66,1.66,1617,0
UNV,D,20170224,000000,1.84,1.84,1.69,1.84,1212,0
UNV,D,20170227,000000,1.84,1.84,1.68,1.84,1238,0
UNV,D,20170228,000000,1.84,1.84,1.84,1.84,3,0
UNV,D,20170301,000000,1.8,1.8,1.8,1.8,20,0
UNV,D,20170302,000000,1.8,1.8,1.66,1.8,1012,0
UNV,D,20170303,000000,1.8,1.8,1.8,1.8,16,0
UNV,D,20170306,000000,1.8,1.8,1.8,1.8,15,0
UNV,D,20170307,000000,1.79,1.8,1.73,1.8,118,0
UNV,D,20170308,000000,1.77,1.77,1.77,1.77,16,0
UNV,D,20170309,000000,1.84,1.84,1.84,1.84,8,0
UNV,D,20170310,000000,1.84,1.84,1.6,1.84,103,0
UNV,D,20170313,000000,1.84,1.84,1.84,1.84,1,0
UNV,D,20170314,000000,1.84,1.84,1.84,1.84,1,0
UNV,D,20170315,000000,1.83,1.83,1.83,1.83,1,0
UNV,D,20170316,000000,1.82,1.82,1.82,1.82,1,0
UNV,D,20170317,000000,1.79,1.79,1.79,1.79,1,0
UNV,D,20170320,000000,1.82,1.82,1.71,1.82,560,0
UNV,D,20170321,000000,1.83,1.83,1.83,1.83,19,0
UNV,D,20170322,000000,1.81,1.84,1.75,1.84,1901,0
UNV,D,20170323,000000,1.84,1.84,1.84,1.84,91,0
UNV,D,20170324,000000,1.85,1.85,1.79,1.84,369,0
UNV,D,20170327,000000,1.85,1.85,1.85,1.85,22,0
UNV,D,20170328,000000,1.85,1.85,1.85,1.85,51,0
UNV,D,20170329,000000,1.85,1.85,1.84,1.84,88,0
UNV,D,20170330,000000,1.84,1.84,1.8,1.84,185,0
UNV,D,20170331,000000,1.84,1.84,1.84,1.84,33,0
UNV,D,20170403,000000,1.84,1.85,1.84,1.85,6,0
UNV,D,20170404,000000,1.85,1.85,1.85,1.85,32,0
UNV,D,20170405,000000,1.85,1.85,1.85,1.85,7,0
UNV,D,20170406,000000,1.85,1.85,1.84,1.85,750,0
UNV,D,20170407,000000,1.85,1.85,1.85,1.85,50,0
UNV,D,20170410,000000,1.85,1.85,1.85,1.85,56,0
UNV,D,20170411,000000,1.85,1.85,1.85,1.85,25,0
UNV,D,20170412,000000,1.85,1.85,1.85,1.85,18,0
UNV,D,20170413,000000,1.85,1.85,1.85,1.85,28,0
UNV,D,20170418,000000,1.85,1.85,1.85,1.85,16,0
UNV,D,20170419,000000,1.85,1.85,1.85,1.85,13,0
UNV,D,20170420,000000,1.85,1.85,1.85,1.85,4,0
UNV,D,20170421,000000,1.85,1.85,1.85,1.85,13,0
UNV,D,20170424,000000,1.85,1.85,1.85,1.85,19,0
UNV,D,20170425,000000,1.85,1.85,1.85,1.85,29,0
UNV,D,20170426,000000,1.85,1.85,1.85,1.85,5,0
UNV,D,20170427,000000,1.85,1.85,1.85,1.85,15,0
UNV,D,20170428,000000,1.85,1.85,1.85,1.85,23,0
UNV,D,20170502,000000,1.85,1.85,1.85,1.85,4,0
UNV,D,20170504,000000,1.85,1.85,1.85,1.85,9,0
UNV,D,20170505,000000,1.85,1.85,1.85,1.85,2,0
UNV,D,20170508,000000,1.85,1.85,1.85,1.85,10,0
UNV,D,20170509,000000,1.85,1.85,1.85,1.85,14,0
UNV,D,20170510,000000,1.85,1.85,1.85,1.85,7,0
UNV,D,20170511,000000,1.85,1.85,1.85,1.85,27,0
UNV,D,20170512,000000,1.85,1.85,1.85,1.85,17,0
UNV,D,20170515,000000,1.85,1.85,1.85,1.85,9,0
UNV,D,20170516,000000,1.84,1.84,1.84,1.84,8,0
UNV,D,20170517,000000,1.84,1.84,1.84,1.84,13,0
UNV,D,20170518,000000,1.84,1.84,1.84,1.84,20,0
UNV,D,20170519,000000,1.84,1.84,1.84,1.84,8,0
UNV,D,20170522,000000,1.84,1.84,1.84,1.84,5,0
UNV,D,20170523,000000,1.84,1.84,1.84,1.84,8,0
UNV,D,20170524,000000,1.84,1.84,1.84,1.84,9,0
UNV,D,20170525,000000,1.84,1.84,1.84,1.84,2,0
UNV,D,20170529,000000,1.84,1.84,1.84,1.84,1,0
UNV,D,20170530,000000,1.84,1.84,1.84,1.84,1,0
UNV,D,20170531,000000,1.84,1.84,1.68,1.68,604,0
UNV,D,20170601,000000,1.51,1.68,1.51,1.68,303,0
UNV,D,20170602,000000,1.68,1.68,1.68,1.68,1,0
UNV,D,20170605,000000,1.68,1.68,1.67,1.67,11,0
UNV,D,20170606,000000,1.67,1.67,1.67,1.67,13,0
UNV,D,20170607,000000,1.67,1.67,1.67,1.67,11,0
UNV,D,20170608,000000,1.67,1.67,1.67,1.67,5,0
UNV,D,20170609,000000,1.67,1.67,1.67,1.67,6,0
UNV,D,20170612,000000,1.67,1.67,1.67,1.67,3,0
UNV,D,20170613,000000,1.67,1.67,1.67,1.67,8,0
UNV,D,20170614,000000,1.67,1.67,1.67,1.67,6,0
UNV,D,20170616,000000,1.67,1.67,1.67,1.67,11,0
UNV,D,20170619,000000,1.67,1.67,1.67,1.67,5,0
UNV,D,20170620,000000,1.68,1.68,1.68,1.68,9,0
UNV,D,20170621,000000,1.68,1.68,1.68,1.68,2,0
UNV,D,20170622,000000,1.68,1.68,1.68,1.68,15,0
UNV,D,20170623,000000,1.68,1.68,1.68,1.68,5,0
UNV,D,20170626,000000,1.68,1.68,1.68,1.68,5,0
UNV,D,20170627,000000,1.68,1.68,1.68,1.68,5,0
UNV,D,20170628,000000,1.68,1.68,1.68,1.68,15,0
UNV,D,20170629,000000,1.68,1.68,1.68,1.68,6,0
UNV,D,20170630,000000,1.68,1.68,1.68,1.68,12,0
UNV,D,20170706,000000,1.85,1.85,1.85,1.85,11,0
UNV,D,20170707,000000,1.85,1.85,1.85,1.85,1,0
UNV,D,20170717,000000,1.79,1.8,1.79,1.8,12,0
UNV,D,20170718,000000,1.8,1.8,1.8,1.8,12,0
UNV,D,20170719,000000,1.79,1.79,1.79,1.79,4,0
UNV,D,20170720,000000,1.79,1.79,1.79,1.79,5,0
UNV,D,20170721,000000,1.79,1.79,1.79,1.79,7,0
UNV,D,20170724,000000,1.79,1.79,1.79,1.79,9,0
UNV,D,20170725,000000,1.79,1.79,1.79,1.79,6,0
UNV,D,20170726,000000,1.79,1.79,1.79,1.79,7,0
UNV,D,20170727,000000,1.79,1.79,1.79,1.79,6,0
UNV,D,20170728,000000,1.79,1.79,1.79,1.79,10,0
UNV,D,20170731,000000,1.79,1.79,1.79,1.79,6,0
UNV,D,20170801,000000,1.79,1.79,1.66,1.79,75,0
UNV,D,20170802,000000,1.78,1.79,1.78,1.79,16,0
UNV,D,20170803,000000,1.79,1.79,1.79,1.79,7,0
UNV,D,20170804,000000,1.79,1.79,1.7,1.79,231,0
UNV,D,20170807,000000,1.78,1.79,1.7,1.79,157,0
UNV,D,20170808,000000,1.79,1.79,1.79,1.79,2,0
UNV,D,20170809,000000,1.79,1.79,1.71,1.79,60,0
UNV,D,20170810,000000,1.79,1.79,1.79,1.79,7,0
UNV,D,20170811,000000,1.8,1.8,1.8,1.8,2,0
UNV,D,20170814,000000,1.79,1.79,1.79,1.79,9,0
UNV,D,20170816,000000,1.79,1.79,1.79,1.79,3,0
UNV,D,20170817,000000,1.79,1.79,1.79,1.79,4,0
UNV,D,20170818,000000,1.79,1.79,1.79,1.79,2,0
UNV,D,20170821,000000,1.79,1.79,1.79,1.79,1,0
UNV,D,20170822,000000,1.79,1.79,1.79,1.79,4,0
UNV,D,20170823,000000,1.72,1.72,1.72,1.72,7,0
UNV,D,20170824,000000,1.79,1.79,1.79,1.79,2,0
UNV,D,20170825,000000,1.79,1.79,1.79,1.79,2,0
UNV,D,20170828,000000,1.79,1.79,1.79,1.79,1,0
UNV,D,20170829,000000,1.79,1.86,1.75,1.84,6136,0
UNV,D,20170830,000000,1.84,1.84,1.8,1.83,355,0
UNV,D,20170831,000000,1.83,1.83,1.83,1.83,45,0
UNV,D,20170901,000000,1.83,1.83,1.83,1.83,7,0
UNV,D,20170904,000000,1.84,1.84,1.84,1.84,20,0
UNV,D,20170905,000000,1.84,1.84,1.8,1.84,61,0
UNV,D,20170906,000000,2,2.01,1.87,1.88,3781,0
UNV,D,20170907,000000,1.95,2.01,1.95,2.01,276,0
UNV,D,20170908,000000,2.01,2.01,2.01,2.01,235,0
UNV,D,20170911,000000,2,2,2,2,1,0
UNV,D,20170912,000000,2,2,2,2,2,0
UNV,D,20170913,000000,2,2,2,2,20,0
UNV,D,20170914,000000,2,2,2,2,10,0
UNV,D,20170915,000000,2,2,2,2,25,0
UNV,D,20170918,000000,2,2.01,2,2.01,13,0
UNV,D,20170919,000000,2.01,2.01,1.99,2.01,102,0
UNV,D,20170920,000000,2.01,2.01,1.99,2.01,142,0
UNV,D,20170921,000000,2.01,2.01,2.01,2.01,23,0
UNV,D,20170922,000000,2.01,2.01,2.01,2.01,19,0
UNV,D,20170925,000000,2.01,2.01,2.01,2.01,45,0
UNV,D,20170926,000000,2.01,2.01,2.01,2.01,5,0
UNV,D,20170927,000000,2.01,2.03,2,2,1553,0
UNV,D,20170928,000000,2.22,2.22,2,2,809,0
UNV,D,20170929,000000,2.22,2.22,2.22,2.22,3,0
UNV,D,20171002,000000,2.22,2.44,2.13,2.44,826,0
UNV,D,20171003,000000,2.44,2.55,2.08,2.55,491,0
UNV,D,20171004,000000,2.55,2.55,2.14,2.5,206,0
UNV,D,20171005,000000,2.54,2.54,2.05,2.54,2373,0
UNV,D,20171006,000000,2.49,2.49,2.49,2.49,5,0
UNV,D,20171009,000000,2.48,2.48,2.23,2.33,430,0
UNV,D,20171010,000000,2.48,2.48,2.47,2.47,18,0
UNV,D,20171011,000000,2.48,2.48,2.48,2.48,2,0
UNV,D,20171012,000000,2.48,2.48,2.4,2.48,461,0
UNV,D,20171013,000000,2.4,2.48,2.4,2.48,8,0
UNV,D,20171016,000000,2.4,2.4,2.4,2.4,4,0
UNV,D,20171017,000000,2.4,2.4,2.4,2.4,1,0
UNV,D,20171018,000000,2.4,2.4,2,2,2846,0
UNV,D,20171019,000000,1.84,1.84,1.84,1.84,814,0
UNV,D,20171020,000000,1.85,2.03,1.85,1.92,578,0
UNV,D,20171023,000000,1.92,1.92,1.92,1.92,8,0
UNV,D,20171024,000000,1.92,1.92,1.92,1.92,48,0
UNV,D,20171025,000000,2.19,2.19,2.19,2.19,4,0
UNV,D,20171026,000000,2.38,2.38,2.38,2.38,9,0
UNV,D,20171027,000000,2.38,2.38,2.38,2.38,2,0
UNV,D,20171030,000000,2.37,2.37,2.37,2.37,4,0
UNV,D,20171031,000000,2.37,2.37,2.37,2.37,3,0
UNV,D,20171102,000000,2.39,2.39,2.02,2.14,376,0
UNV,D,20171103,000000,2.13,2.2,1.99,2.2,1055,0
UNV,D,20171106,000000,2.21,2.21,2.2,2.2,105,0
UNV,D,20171107,000000,2.25,2.25,2.25,2.25,3,0
UNV,D,20171108,000000,2.5,2.5,2.46,2.46,1629,0
UNV,D,20171109,000000,2.79,2.79,2.53,2.53,330,0
UNV,D,20171110,000000,2.79,2.79,2.49,2.5,445,0
UNV,D,20171113,000000,2.79,2.79,2.48,2.48,412,0
UNV,D,20171114,000000,2.75,2.75,2.36,2.36,431,0
UNV,D,20171115,000000,2.71,2.71,2.71,2.71,2,0
UNV,D,20171116,000000,2.71,2.71,2.71,2.71,2,0
UNV,D,20171120,000000,2.71,2.71,2.71,2.71,9,0
UNV,D,20171121,000000,2.71,2.71,2.23,2.23,1343,0
UNV,D,20171127,000000,2.28,2.28,2.28,2.28,5,0
UNV,D,20171128,000000,2.71,2.71,2.71,2.71,2,0
UNV,D,20171129,000000,2.71,2.71,2.71,2.71,2,0
UNV,D,20171130,000000,2.7,2.7,2.7,2.7,1,0
UNV,D,20171201,000000,2.7,2.7,2.7,2.7,1,0
UNV,D,20171204,000000,2.7,2.7,2.7,2.7,3,0
UNV,D,20171205,000000,2.7,2.7,2.7,2.7,4,0
UNV,D,20171206,000000,2.7,2.7,2.7,2.7,5,0
UNV,D,20171207,000000,2.7,2.7,2.7,2.7,5,0
UNV,D,20171208,000000,2.7,2.7,2.2,2.69,143,0
UNV,D,20171211,000000,2.69,2.7,2.24,2.5,4821,0
UNV,D,20171212,000000,2.55,2.55,2.55,2.55,2,0
UNV,D,20171213,000000,2.69,2.69,2.69,2.69,10,0
UNV,D,20171214,000000,2.69,2.69,2.69,2.69,5,0
UNV,D,20171215,000000,2.69,2.69,2.69,2.69,2,0
UNV,D,20171218,000000,2.69,2.69,2.3,2.68,159,0
UNV,D,20171219,000000,2.68,2.68,2.68,2.68,20,0
UNV,D,20171220,000000,2.68,2.68,2.68,2.68,11,0
UNV,D,20171221,000000,2.68,2.68,2.3,2.59,446,0
UNV,D,20171222,000000,2.67,2.67,2.13,2.49,3711,0
UNV,D,20171227,000000,2.53,2.53,2.53,2.53,2,0
UNV,D,20171228,000000,2.5,2.5,2.5,2.5,1,0
UNV,D,20171229,000000,2.5,2.5,2.25,2.25,73,0
UNV,D,20180103,000000,2.14,2.14,2.14,2.14,77,0
UNV,D,20180104,000000,2.26,2.26,2.26,2.26,1,0
UNV,D,20180105,000000,2.26,2.38,2.26,2.38,3,0
UNV,D,20180108,000000,2.38,2.38,2.38,2.38,3,0
UNV,D,20180109,000000,2.36,2.36,2.36,2.36,2,0
UNV,D,20180110,000000,2.36,2.36,2.36,2.36,1,0
UNV,D,20180111,000000,2.36,2.36,2.36,2.36,2,0
UNV,D,20180112,000000,2.34,2.34,2.34,2.34,2,0
UNV,D,20180115,000000,2.34,2.34,2.34,2.34,3,0
UNV,D,20180116,000000,2.32,2.32,2.32,2.32,5,0
UNV,D,20180117,000000,2.32,2.32,2.32,2.32,1,0
UNV,D,20180118,000000,2.32,2.32,2.32,2.32,2,0
UNV,D,20180119,000000,2.32,2.32,2.08,2.08,11,0
UNV,D,20180122,000000,2.32,2.32,2.32,2.32,2,0
UNV,D,20180123,000000,2.32,2.32,2.02,2.02,1007,0
UNV,D,20180124,000000,2.36,2.36,2.36,2.36,2,0
UNV,D,20180125,000000,2.34,2.34,1.93,1.93,79,0
UNV,D,20180131,000000,1.93,1.93,1.93,1.93,1047,0
UNV,D,20180202,000000,1.95,1.97,1.95,1.97,523,0
UNV,D,20180206,000000,1.97,1.97,1.97,1.97,1,0
UNV,D,20180208,000000,1.97,1.97,1.97,1.97,1,0
UNV,D,20180212,000000,1.97,1.97,1.97,1.97,1,0
UNV,D,20180213,000000,1.97,1.97,1.97,1.97,1,0
UNV,D,20180214,000000,1.99,1.99,1.99,1.99,15,0
UNV,D,20180215,000000,2.32,2.32,2,2,2002,0
UNV,D,20180216,000000,1.99,2.2,1.99,2.2,1013,0
UNV,D,20180219,000000,2.2,2.2,2.2,2.2,1,0
UNV,D,20180221,000000,1.99,1.99,1.99,1.99,517,0
UNV,D,20180226,000000,2.08,2.08,2.04,2.04,10,0
UNV,D,20180227,000000,2.04,2.04,2.04,2.04,15,0
UNV,D,20180228,000000,2.04,2.18,2.04,2.18,9,0
UNV,D,20180301,000000,2.18,2.18,1.94,1.94,397,0
UNV,D,20180302,000000,2.18,2.18,2.18,2.18,2,0
UNV,D,20180305,000000,2.16,2.16,2.16,2.16,1,0
UNV,D,20180306,000000,2.16,2.16,2.16,2.16,2,0
UNV,D,20180307,000000,2.16,2.16,2.16,2.16,3,0
UNV,D,20180308,000000,2.16,2.16,2.16,2.16,16,0
UNV,D,20180309,000000,2.16,2.16,2.16,2.16,7,0
UNV,D,20180312,000000,2.14,2.14,2.14,2.14,10,0
UNV,D,20180313,000000,2.14,2.14,2.14,2.14,9,0
UNV,D,20180314,000000,2.14,2.14,2.14,2.14,1,0
UNV,D,20180319,000000,2.1,2.1,1.94,1.94,168,0
UNV,D,20180320,000000,2.1,2.1,2.1,2.1,7,0
UNV,D,20180321,000000,2.1,2.1,2.1,2.1,11,0
UNV,D,20180322,000000,2.1,2.1,2.1,2.1,3,0
UNV,D,20180323,000000,2.1,2.1,2.1,2.1,3,0
UNV,D,20180326,000000,2.1,2.1,2.1,2.1,10,0
UNV,D,20180327,000000,2.1,2.1,2.1,2.1,5,0
UNV,D,20180328,000000,2.1,2.1,2.1,2.1,6,0
UNV,D,20180329,000000,2.1,2.1,2,2.1,407,0
UNV,D,20180403,000000,2.1,2.1,2.1,2.1,1,0
UNV,D,20180404,000000,2.1,2.1,2.1,2.1,16,0
UNV,D,20180405,000000,2.1,2.1,2.1,2.1,66,0
UNV,D,20180406,000000,2.1,2.1,2.1,2.1,14,0
UNV,D,20180409,000000,2.1,2.1,2.1,2.1,26,0
UNV,D,20180410,000000,2.1,2.1,2.1,2.1,60,0
UNV,D,20180411,000000,2.1,2.4,2.06,2.4,197,0
UNV,D,20180412,000000,2.4,2.4,2.4,2.4,12,0
UNV,D,20180413,000000,2.4,2.4,2.4,2.4,6,0
UNV,D,20180416,000000,2.4,2.4,2.4,2.4,25,0
UNV,D,20180417,000000,2.4,2.4,2.4,2.4,17,0
UNV,D,20180418,000000,2.4,2.4,2.4,2.4,10,0
UNV,D,20180419,000000,2.4,2.4,2.4,2.4,12,0
UNV,D,20180420,000000,2.4,2.4,2.4,2.4,5,0
UNV,D,20180423,000000,2.4,2.4,2.4,2.4,20,0
UNV,D,20180424,000000,2.4,2.4,2.4,2.4,6,0
UNV,D,20180425,000000,2.4,2.4,2.4,2.4,2,0
UNV,D,20180426,000000,2.4,2.4,2.14,2.4,271,0
UNV,D,20180427,000000,2.4,2.4,2.4,2.4,1,0
UNV,D,20180430,000000,2.4,2.4,2.4,2.4,10,0
UNV,D,20180502,000000,2.4,2.4,2.4,2.4,3,0
UNV,D,20180504,000000,2.56,2.56,2.56,2.56,1,0
UNV,D,20180507,000000,2.54,2.54,2.54,2.54,3,0
UNV,D,20180508,000000,2.54,2.54,2.54,2.54,1,0
UNV,D,20180509,000000,2.54,2.54,2.54,2.54,4,0
UNV,D,20180510,000000,2.14,2.52,2.14,2.52,252,0
UNV,D,20180511,000000,2.52,2.52,2.52,2.52,7,0
UNV,D,20180514,000000,2.1,2.1,2.1,2.1,27,0
UNV,D,20180515,000000,2.52,2.52,2.52,2.52,10,0
UNV,D,20180516,000000,2.52,2.52,2.52,2.52,2,0
UNV,D,20180517,000000,2.5,2.5,2.5,2.5,4,0
UNV,D,20180518,000000,2.48,2.48,2.48,2.48,13,0
UNV,D,20180521,000000,2.48,2.48,2.48,2.48,4,0
UNV,D,20180522,000000,2.48,2.48,2.48,2.48,2,0
UNV,D,20180523,000000,2.48,2.48,2.48,2.48,9,0
UNV,D,20180524,000000,2.48,2.48,2.48,2.48,6,0
UNV,D,20180525,000000,2.48,2.48,2.48,2.48,9,0
UNV,D,20180528,000000,2.48,2.48,2.48,2.48,4,0
UNV,D,20180529,000000,2.4,2.4,2.4,2.4,5,0
UNV,D,20180604,000000,2.3,2.3,2,2,513,0
UNV,D,20180605,000000,1.94,2.2,1.94,2.2,555,0
UNV,D,20180606,000000,2.2,2.2,2.2,2.2,3,0
UNV,D,20180607,000000,2.2,2.2,2.2,2.2,1,0
UNV,D,20180608,000000,2.2,2.2,1.98,2.2,535,0
UNV,D,20180611,000000,2.2,2.2,2.2,2.2,7,0
UNV,D,20180612,000000,2.18,2.18,2.18,2.18,6,0
UNV,D,20180613,000000,2.16,2.16,2.16,2.16,31,0
UNV,D,20180614,000000,2.16,2.16,2.16,2.16,10,0
UNV,D,20180615,000000,2.16,2.16,2.1,2.16,15,0
UNV,D,20180618,000000,2.16,2.16,2.16,2.16,7,0
UNV,D,20180619,000000,2.12,2.12,2.12,2.12,10,0
UNV,D,20180620,000000,2.12,2.12,2.12,2.12,2,0
UNV,D,20180621,000000,2.12,2.12,2.12,2.12,1,0
UNV,D,20180622,000000,2.12,2.12,2.02,2.02,56,0
UNV,D,20180625,000000,2.2,2.2,2.2,2.2,6,0
UNV,D,20180626,000000,2.18,2.18,2.18,2.18,8,0
UNV,D,20180627,000000,2.18,2.18,2.18,2.18,6,0
UNV,D,20180628,000000,2.18,2.18,2.18,2.18,34,0
UNV,D,20180629,000000,2.18,2.56,2.1,2.5,563,0
UNV,D,20180702,000000,2.48,2.48,2.08,2.2,491,0
UNV,D,20180703,000000,2.2,2.2,2.2,2.2,1,0
UNV,D,20180704,000000,2.2,2.2,2.2,2.2,1,0
UNV,D,20180705,000000,2.2,2.2,2.2,2.2,1,0
UNV,D,20180706,000000,2.2,2.2,2.2,2.2,1,0
UNV,D,20180709,000000,2.2,2.2,2.2,2.2,1,0
UNV,D,20180710,000000,2.1,2.1,2.1,2.1,1,0
UNV,D,20180711,000000,2.1,2.1,2.1,2.1,1,0
UNV,D,20180712,000000,2.1,2.1,2.1,2.1,1,0
UNV,D,20180713,000000,2.16,2.16,2.16,2.16,1,0
UNV,D,20180716,000000,2.18,2.18,2.18,2.18,1,0
UNV,D,20180717,000000,2.18,2.18,2.18,2.18,7,0
UNV,D,20180718,000000,2.18,2.18,2.18,2.18,4,0
UNV,D,20180719,000000,2.18,2.18,2.1,2.18,1003,0
UNV,D,20180720,000000,2.44,2.44,2,2.42,1007,0
UNV,D,20180723,000000,2.42,2.42,2.42,2.42,9,0
UNV,D,20180724,000000,2.4,2.4,2.4,2.4,1,0
UNV,D,20180725,000000,2.2,2.2,2.2,2.2,12,0
UNV,D,20180726,000000,2.2,2.2,2.2,2.2,1,0
UNV,D,20180727,000000,2.2,2.2,2.2,2.2,7,0
UNV,D,20180730,000000,2.2,2.2,2.2,2.2,10,0
UNV,D,20180731,000000,2.2,2.2,2.2,2.2,15,0
UNV,D,20180801,000000,2.2,2.2,2,2,503,0
UNV,D,20180802,000000,2.2,2.2,2.2,2.2,2,0
UNV,D,20180803,000000,2.2,2.2,2.2,2.2,3,0
UNV,D,20180806,000000,2.2,2.2,2.2,2.2,1,0
UNV,D,20180807,000000,2.18,2.18,2.18,2.18,6,0
UNV,D,20180808,000000,2.18,2.18,2.18,2.18,11,0
UNV,D,20180809,000000,2.18,2.18,2.18,2.18,3,0
UNV,D,20180810,000000,2.18,2.18,2.18,2.18,5,0
UNV,D,20180813,000000,2.18,2.18,2.18,2.18,1,0
UNV,D,20180814,000000,2.18,2.18,2.18,2.18,1,0
UNV,D,20180816,000000,2.18,2.18,2.18,2.18,4,0
UNV,D,20180817,000000,2.18,2.18,2.18,2.18,4,0
UNV,D,20180820,000000,2.18,2.18,2.18,2.18,4,0
UNV,D,20180821,000000,2.18,2.18,2.18,2.18,1,0
UNV,D,20180822,000000,2.18,2.18,2.18,2.18,3,0
UNV,D,20180823,000000,2.18,2.18,2.18,2.18,1,0
UNV,D,20180824,000000,2.18,2.18,2.18,2.18,1,0
UNV,D,20180827,000000,2.18,2.18,2.18,2.18,7,0
UNV,D,20180828,000000,2.18,2.3,2.18,2.3,5,0
UNV,D,20180829,000000,2.18,2.18,2.18,2.18,3,0
UNV,D,20180903,000000,2.16,2.16,2.16,2.16,6,0
UNV,D,20180904,000000,2.16,2.16,2.16,2.16,1,0
UNV,D,20180905,000000,2.16,2.16,2.16,2.16,2,0
UNV,D,20180906,000000,2.16,2.16,2.16,2.16,1,0
UNV,D,20180907,000000,2.16,2.16,2.16,2.16,3,0
UNV,D,20180910,000000,2.16,2.16,2.16,2.16,2,0
UNV,D,20180911,000000,2.16,2.16,2.16,2.16,2,0
UNV,D,20180912,000000,2.18,2.18,2.18,2.18,1,0
UNV,D,20180913,000000,2.18,2.18,2.18,2.18,1,0
UNV,D,20180914,000000,2.18,2.18,2.18,2.18,1,0
UNV,D,20180917,000000,2.18,2.18,2.18,2.18,1,0
UNV,D,20180918,000000,2.18,2.18,2.18,2.18,1,0
UNV,D,20180919,000000,2.18,2.18,2.18,2.18,2,0
UNV,D,20180920,000000,2.18,2.18,2.18,2.18,1,0
UNV,D,20180921,000000,2.18,2.18,2.18,2.18,2,0
UNV,D,20180924,000000,2.18,2.18,2.18,2.18,1,0
UNV,D,20180925,000000,2.18,2.18,2.18,2.18,1,0
UNV,D,20180926,000000,2.18,2.18,2.18,2.18,1,0
UNV,D,20180927,000000,2.18,2.18,2.18,2.18,3,0
UNV,D,20180928,000000,2.18,2.18,2.18,2.18,15,0
UNV,D,20181001,000000,2.18,2.18,2.18,2.18,4,0
UNV,D,20181002,000000,2.18,2.18,2.18,2.18,9,0
UNV,D,20181003,000000,2.18,2.18,2.18,2.18,1,0
UNV,D,20181004,000000,2.18,2.18,2.18,2.18,6,0
UNV,D,20181005,000000,2.18,2.18,2.18,2.18,5,0
UNV,D,20181008,000000,2.18,2.18,2.18,2.18,2,0
UNV,D,20181009,000000,2.18,2.18,2.18,2.18,3,0
UNV,D,20181010,000000,2.18,2.18,2.18,2.18,1,0
UNV,D,20181011,000000,2.18,2.18,2.18,2.18,1,0
UNV,D,20181012,000000,2.18,2.18,2.18,2.18,18,0
UNV,D,20181015,000000,2.18,2.18,2.18,2.18,1,0
UNV,D,20181016,000000,2.18,2.18,2.18,2.18,7,0
UNV,D,20181017,000000,2.18,2.18,2.18,2.18,1,0
UNV,D,20181018,000000,2.18,2.18,2.18,2.18,1,0
UNV,D,20181019,000000,2.18,2.18,2.18,2.18,6,0
UNV,D,20181022,000000,2.18,2.18,2.18,2.18,8,0
UNV,D,20181023,000000,2.18,2.18,2.18,2.18,4,0
UNV,D,20181024,000000,2.18,2.18,2.18,2.18,2,0
UNV,D,20181025,000000,2.18,2.18,2.18,2.18,7,0
UNV,D,20181026,000000,2.18,2.18,2.18,2.18,6,0
UNV,D,20181029,000000,2.18,2.18,2.18,2.18,2,0
UNV,D,20181030,000000,2.18,2.18,2.18,2.18,2,0
UNV,D,20181031,000000,2.18,2.18,2.18,2.18,4,0
UNV,D,20181102,000000,2.18,2.18,2.18,2.18,3,0
UNV,D,20181105,000000,2.18,2.18,2.18,2.18,1,0
UNV,D,20181106,000000,2.18,2.18,2.18,2.18,5,0
UNV,D,20181107,000000,2.18,2.18,2.18,2.18,1,0
UNV,D,20181108,000000,2.18,2.18,2.18,2.18,1,0
UNV,D,20181109,000000,2.18,2.18,2.06,2.18,1608,0
UNV,D,20181113,000000,2.18,2.18,2.18,2.18,4,0
UNV,D,20181114,000000,2.18,2.18,2.18,2.18,1,0
UNV,D,20181115,000000,2.18,2.18,2.18,2.18,1,0
UNV,D,20181116,000000,2.18,2.18,2.18,2.18,1,0
UNV,D,20181119,000000,2.18,2.18,2.18,2.18,1,0
UNV,D,20181120,000000,2.18,2.18,2.18,2.18,8,0
UNV,D,20181121,000000,2.18,2.18,2.18,2.18,2,0
UNV,D,20181122,000000,2.18,2.18,2.18,2.18,1,0
UNV,D,20181123,000000,2.18,2.18,2.18,2.18,4,0
UNV,D,20181126,000000,2.18,2.18,2.18,2.18,5,0
UNV,D,20181127,000000,2.18,2.18,2.18,2.18,1,0
UNV,D,20181128,000000,2.18,2.18,2.18,2.18,1,0
UNV,D,20181129,000000,2.18,2.18,2.18,2.18,3,0
UNV,D,20181130,000000,2.18,2.18,2.18,2.18,1,0
UNV,D,20181203,000000,2.18,2.18,2.18,2.18,1,0
UNV,D,20181204,000000,2.18,2.18,2.18,2.18,1,0
UNV,D,20181205,000000,2.18,2.18,2.18,2.18,5,0
UNV,D,20181206,000000,2.2,2.2,2.2,2.2,2,0
UNV,D,20181207,000000,2.2,2.2,2.2,2.2,1,0
UNV,D,20181210,000000,2.18,2.56,2,2.4,9343,0
UNV,D,20181211,000000,2.5,2.5,2.5,2.5,10,0
UNV,D,20181212,000000,2.5,2.5,2.5,2.5,6,0
UNV,D,20181218,000000,2.56,2.56,2.56,2.56,10,0
UNV,D,20181219,000000,2.56,2.56,2.56,2.56,6,0
UNV,D,20181220,000000,2.56,2.56,2.56,2.56,1,0
UNV,D,20181221,000000,2.56,2.56,2.56,2.56,6,0
UNV,D,20181227,000000,2.56,2.56,2.56,2.56,2,0
UNV,D,20181228,000000,2.56,2.56,2.56,2.56,1,0
UNV,D,20190102,000000,2.68,2.68,2.38,2.66,112,0
UNV,D,20190103,000000,2.66,2.66,2.24,2.66,458,0
UNV,D,20190104,000000,2.66,2.66,2.26,2.64,157,0
UNV,D,20190107,000000,2.62,2.62,2.62,2.62,3,0
UNV,D,20190108,000000,2.62,2.62,2.62,2.62,4,0
UNV,D,20190109,000000,2.62,2.62,2.62,2.62,2,0
UNV,D,20190110,000000,2.62,2.62,2.62,2.62,7,0
UNV,D,20190111,000000,2.62,2.62,2.62,2.62,5,0
UNV,D,20190114,000000,2.62,2.62,2.62,2.62,2,0
UNV,D,20190115,000000,2.62,2.62,2.62,2.62,2,0
UNV,D,20190117,000000,2.54,2.54,2.54,2.54,5,0
UNV,D,20190118,000000,2.58,2.58,2.58,2.58,5,0
UNV,D,20190121,000000,2.58,2.58,2.58,2.58,2,0
UNV,D,20190122,000000,2.58,2.58,2.58,2.58,3,0
UNV,D,20190123,000000,2.58,2.58,2.58,2.58,2,0
UNV,D,20190124,000000,2.58,2.58,2.58,2.58,3,0
UNV,D,20190125,000000,2.58,2.58,2.58,2.58,3,0
UNV,D,20190128,000000,2.58,2.58,2.58,2.58,2,0
UNV,D,20190129,000000,2.58,2.58,2.58,2.58,2,0
UNV,D,20190130,000000,2.58,2.58,2.26,2.58,2130,0
UNV,D,20190131,000000,2.58,2.58,2.58,2.58,13,0
UNV,D,20190201,000000,2.58,2.58,2.58,2.58,15,0
UNV,D,20190204,000000,2.58,2.58,2.42,2.58,1990,0
UNV,D,20190205,000000,2.58,2.58,2.46,2.58,530,0
UNV,D,20190206,000000,2.58,2.58,2.58,2.58,20,0
UNV,D,20190207,000000,2.58,2.58,2.58,2.58,22,0
UNV,D,20190208,000000,2.58,2.58,2.58,2.58,17,0
UNV,D,20190211,000000,2.58,2.58,2.58,2.58,7,0
UNV,D,20190212,000000,2.58,2.58,2.56,2.58,1273,0
UNV,D,20190213,000000,2.58,2.58,2.58,2.58,24,0
UNV,D,20190214,000000,2.58,2.58,2.58,2.58,15,0
UNV,D,20190215,000000,2.58,3.04,2.58,2.78,3990,0
UNV,D,20190218,000000,2.78,2.94,2.76,2.8,1267,0
UNV,D,20190220,000000,2.96,2.96,2.86,2.96,244,0
UNV,D,20190221,000000,2.96,2.96,2.96,2.96,10,0
UNV,D,20190222,000000,2.96,2.96,2.96,2.96,7,0
UNV,D,20190225,000000,2.96,2.96,2.96,2.96,8,0
UNV,D,20190226,000000,2.96,2.96,2.96,2.96,10,0
UNV,D,20190227,000000,2.96,2.96,2.96,2.96,10,0
UNV,D,20190228,000000,2.96,2.96,2.96,2.96,8,0
UNV,D,20190301,000000,2.96,3,2.96,3,353,0
UNV,D,20190306,000000,2.92,2.92,2.92,2.92,300,0
UNV,D,20190312,000000,2.96,2.98,2.96,2.98,40,0
UNV,D,20190314,000000,2.96,2.96,2.92,2.92,721,0
UNV,D,20190315,000000,2.58,2.8,2.58,2.8,391,0
UNV,D,20190318,000000,2.9,2.9,2.9,2.9,333,0
UNV,D,20190319,000000,2.96,2.96,2.96,2.96,15,0
UNV,D,20190328,000000,3.1,3.1,3.1,3.1,15,0
UNV,D,20190401,000000,3.1,3.1,3.1,3.1,12,0
UNV,D,20190403,000000,3.1,3.1,3.1,3.1,10,0
UNV,D,20190405,000000,3.1,3.1,3.1,3.1,10,0
UNV,D,20190408,000000,2.5,2.5,2.5,2.5,1499,0
UNV,D,20190417,000000,2.62,2.62,2.62,2.62,386,0
UNV,D,20190606,000000,2.6,2.6,2.6,2.6,22,0
UNV,D,20190607,000000,2.62,3.1,2.62,3.1,860,0
UNV,D,20190610,000000,3.1,3.1,3.1,3.1,54,0
UNV,D,20190611,000000,3.1,3.1,3.1,3.1,10,0
UNV,D,20190612,000000,3.14,3.14,3.14,3.14,50,0
UNV,D,20190613,000000,3.2,3.2,2.8,2.8,617,0
UNV,D,20190618,000000,2.98,2.98,2.98,2.98,10,0
UNV,D,20190626,000000,2.86,2.86,2.86,2.86,352,0
UNV,D,20190807,000000,2.88,2.88,2.88,2.88,10,0
UNV,D,20190822,000000,2.88,2.88,2.88,2.88,20,0
UNV,D,20190823,000000,2.88,2.88,2.88,2.88,15,0
UNV,D,20190826,000000,2.88,2.88,2.88,2.88,10,0
UNV,D,20190827,000000,2.88,2.88,2.88,2.88,10,0
UNV,D,20190905,000000,2.96,2.96,2.96,2.96,10,0
UNV,D,20190906,000000,2.96,2.96,2.96,2.96,20,0
UNV,D,20190909,000000,2.96,2.96,2.96,2.96,10,0
UNV,D,20190910,000000,2.96,2.96,2.96,2.96,15,0
UNV,D,20190911,000000,2.96,2.96,2.96,2.96,10,0
UNV,D,20190912,000000,2.96,2.96,2.96,2.96,15,0
UNV,D,20190913,000000,2.98,2.98,2.58,2.58,678,0
UNV,D,20190917,000000,2.56,2.56,2.56,2.56,400,0
UNV,D,20190920,000000,2.62,2.62,2.62,2.62,15,0
UNV,D,20190923,000000,2.62,2.62,2.62,2.62,10,0
UNV,D,20190927,000000,2.72,2.72,2.72,2.72,50,0
UNV,D,20191029,000000,2.7,2.7,2.7,2.7,10,0
UNV,D,20191030,000000,2.72,2.72,2.34,2.34,1484,0
UNV,D,20191031,000000,2.5,2.5,2.5,2.5,403,0
UNV,D,20191105,000000,2.6,2.6,2.6,2.6,144,0
UNV,D,20191126,000000,2.72,2.72,2.72,2.72,12,0
UNV,D,20191129,000000,2.72,2.72,2.48,2.48,420,0
UNV,D,20191202,000000,2.7,2.7,2.7,2.7,10,0
UNV,D,20191203,000000,2.7,2.7,2.7,2.7,6,0
UNV,D,20191204,000000,2.7,2.7,2.7,2.7,6,0
UNV,D,20191205,000000,2.7,2.7,2.7,2.7,6,0
UNV,D,20191206,000000,2.7,2.7,2.7,2.7,6,0
UNV,D,20191209,000000,2.7,2.7,2.7,2.7,5,0
UNV,D,20191210,000000,2.7,2.7,2.7,2.7,3,0
UNV,D,20191227,000000,2.7,2.7,2.3,2.6,275,0
UNV,D,20191230,000000,2.7,2.7,2.7,2.7,6,0
UNV,D,20200102,000000,2.72,2.72,2,2.48,9465,0
UNV,D,20200103,000000,2.48,2.72,2.48,2.72,2459,0
UNV,D,20200107,000000,2.74,2.74,2.26,2.36,3788,0
UNV,D,20200109,000000,2.4,2.88,2.4,2.78,4797,0
UNV,D,20200110,000000,2.7,2.7,2.64,2.64,683,0
UNV,D,20200114,000000,2.6,2.64,2.6,2.64,999,0
UNV,D,20200116,000000,2.68,2.68,2.6,2.64,1630,0
UNV,D,20200120,000000,2.5,2.5,2.5,2.5,800,0
UNV,D,20200131,000000,2.38,2.38,1.98,1.98,2358,0
UNV,D,20200203,000000,1.98,1.98,1.98,1.98,50,0
UNV,D,20200210,000000,1.85,1.86,1.84,1.86,1811,0
UNV,D,20200212,000000,1.77,1.77,1.77,1.77,565,0
UNV,D,20200213,000000,1.79,2.1,1.79,2.1,2912,0
UNV,D,20200217,000000,2,2,2,2,900,0
UNV,D,20200218,000000,2.12,2.12,2.12,2.12,30,0
UNV,D,20200219,000000,1.98,1.98,1.98,1.98,30,0
UNV,D,20200312,000000,1.8,1.8,1.8,1.8,50,0
UNV,D,20200313,000000,1.7,1.7,1.7,1.7,50,0
UNV,D,20200316,000000,1.6,1.6,1.6,1.6,43,0
UNV,D,20200317,000000,1.7,1.7,1.7,1.7,12,0
UNV,D,20200324,000000,1.6,1.9,1.6,1.9,138,0
UNV,D,20200325,000000,1.98,1.98,1.98,1.98,218,0
UNV,D,20200326,000000,2.38,2.38,2.38,2.38,10,0
UNV,D,20200327,000000,2.34,2.34,2.34,2.34,20000,0
UNV,D,20200401,000000,1.9,1.9,1.9,1.9,200,0
UNV,D,20200403,000000,2,2,2,2,10,0
UNV,D,20200415,000000,2,2.1,2,2.1,190,0
UNV,D,20200417,000000,2,2,1.6,1.8,710,0
UNV,D,20200420,000000,1.9,2.18,1.9,1.95,607,0
UNV,D,20200421,000000,2,2,2,2,50,0
UNV,D,20200422,000000,1.9,2.1,1.6,2.1,2360,0
UNV,D,20200423,000000,1.8,1.8,1.8,1.8,200,0
UNV,D,20200424,000000,1.79,1.79,1.79,1.79,110,0
UNV,D,20200427,000000,1.7,1.7,1.6,1.6,1660,0
UNV,D,20200428,000000,1.7,1.98,1.7,1.98,1101,0
UNV,D,20200429,000000,2,2,2,2,100,0
UNV,D,20200504,000000,1.8,1.98,1.5,1.98,2258,0
UNV,D,20200512,000000,1.7,1.88,1.6,1.88,304,0
UNV,D,20200514,000000,1.9,1.92,1.6,1.8,315,0
UNV,D,20200515,000000,1.8,1.9,1.8,1.9,41,0
UNV,D,20200518,000000,1.8,1.8,1.8,1.8,50,0
UNV,D,20200520,000000,1.9,1.9,1.9,1.9,99,0
UNV,D,20200521,000000,1.92,1.92,1.92,1.92,852,0
UNV,D,20200525,000000,1.8,1.8,1.7,1.7,1252,0
UNV,D,20200526,000000,1.8,1.92,1.65,1.8,1485,0
UNV,D,20200528,000000,1.9,1.9,1.9,1.9,12,0
UNV,D,20200608,000000,1.9,1.9,1.9,1.9,138,0
UNV,D,20200609,000000,1.8,1.92,1.8,1.92,610,0
UNV,D,20200622,000000,1.91,1.92,1.91,1.92,269,0
UNV,D,20200624,000000,1.8,1.8,1.6,1.6,269,0
UNV,D,20200625,000000,1.7,1.9,1.7,1.9,101,0
UNV,D,20200721,000000,1.88,1.92,1.88,1.92,750,0
UNV,D,20200722,000000,1.9,2.1,1.8,2.1,4320,0
UNV,D,20200723,000000,2.14,2.52,2.1,2.52,9507,0
UNV,D,20200724,000000,2.52,2.52,2.08,2.48,3020,0
UNV,D,20200728,000000,2.04,2.2,2.04,2.2,3103,0
UNV,D,20200729,000000,2.22,2.22,2.2,2.2,2345,0
UNV,D,20200730,000000,2,2.1,2,2.1,100,0
UNV,D,20200731,000000,2.1,2.1,2.1,2.1,27,0
UNV,D,20200803,000000,2.18,2.18,2.16,2.16,200,0
UNV,D,20200804,000000,2.18,2.5,2,2,1505,0
UNV,D,20200806,000000,2,2,2,2,945,0
UNV,D,20200811,000000,2.2,2.2,2.02,2.02,386,0
UNV,D,20200812,000000,2.02,2.02,2.02,2.02,20,0
UNV,D,20200818,000000,2,2,1.6,1.85,1200,0
UNV,D,20200820,000000,1.7,1.7,1.28,1.4,16349,0
UNV,D,20200821,000000,1.5,1.6,1.5,1.5,1621,0
UNV,D,20200824,000000,1.6,1.6,1.6,1.6,80,0
UNV,D,20200825,000000,1.4,1.68,1.4,1.41,1048,0
UNV,D,20200826,000000,1.43,1.68,1.43,1.68,2598,0
UNV,D,20200828,000000,1.68,1.68,1.68,1.68,1500,0
UNV,D,20200910,000000,1.4,1.4,1.14,1.4,4452,0
UNV,D,20200911,000000,1.5,1.5,1.5,1.5,139,0
UNV,D,20200914,000000,1.4,1.4,1.2,1.2,350,0
UNV,D,20200915,000000,1.4,1.4,1.4,1.4,607,0
UNV,D,20200916,000000,1.35,1.5,1.35,1.5,211,0
UNV,D,20201005,000000,1.5,1.5,1.5,1.5,1000,0
UNV,D,20201006,000000,1.4,1.4,1.4,1.4,20,0
UNV,D,20201007,000000,1.5,1.6,1.5,1.6,101,0
UNV,D,20201015,000000,1.5,1.5,1.3,1.45,1330,0
UNV,D,20201016,000000,1.45,1.58,1.45,1.58,150,0
UNV,D,20201110,000000,1.4,1.6,1.4,1.4,5126,0
UNV,D,20201112,000000,1.4,1.6,1.3,1.48,1875,0
UNV,D,20201120,000000,1.41,1.42,1.41,1.42,1451,0
UNV,D,20201123,000000,1.5,1.68,1.5,1.68,101,0
UNV,D,20201201,000000,1.68,1.95,1.68,1.89,14009,0
UNV,D,20201208,000000,1.8,1.8,1.8,1.8,50,0
UNV,D,20201211,000000,1.86,1.86,1.52,1.86,4056,0
UNV,D,20201215,000000,1.7,1.78,1.7,1.78,30,0
UNV,D,20201217,000000,1.8,2.1,1.7,1.7,15290,0
UNV,D,20201218,000000,1.8,1.8,1.8,1.8,100,0
UNV,D,20201221,000000,1.82,2.18,1.82,2.18,730,0
UNV,D,20201223,000000,2.6,3.12,2.6,3.12,5532,0
UNV,D,20201228,000000,3.74,4.4,3.5,4.38,15502,0
UNV,D,20201229,000000,4.4,5,4.38,4.8,8137,0
UNV,D,20201230,000000,5,5.4,4.9,5.3,7235,0
UNV,D,20210104,000000,5,6,5,5.95,8763,0
UNV,D,20210105,000000,5.95,6,4.8,5.9,2128,0
UNV,D,20210107,000000,5.9,5.9,5.9,5.9,250,0
UNV,D,20210108,000000,5.9,5.9,5.9,5.9,1325,0
UNV,D,20210111,000000,5.95,7,5.95,6.95,14036,0
UNV,D,20210112,000000,6.95,7.5,6.55,7.5,7068,0
UNV,D,20210113,000000,7.85,9.4,7.85,9.4,20772,0
UNV,D,20210114,000000,11,11.9,10.8,10.8,5259,0
UNV,D,20210115,000000,11.9,13.9,11,13,2139,0
UNV,D,20210118,000000,13,13.1,11.6,12.5,1664,0
UNV,D,20210119,000000,13.1,13.1,11,12.8,1185,0
UNV,D,20210120,000000,12.9,13,12.8,12.9,456,0
UNV,D,20210121,000000,12.9,15.4,12.9,15.4,5710,0
UNV,D,20210122,000000,17.2,20,16.2,17.7,4007,0
UNV,D,20210125,000000,15,18,15,18,893,0
UNV,D,20210126,000000,17,19.8,15.6,19.8,4168,0
UNV,D,20210127,000000,19.8,19.9,16.5,18.6,1179,0
UNV,D,20210128,000000,18.3,21,18.3,20.8,6014,0
UNV,D,20210129,000000,21,22,20.2,21.8,1076,0
UNV,D,20210201,000000,21.8,22.2,21,21.6,304,0
UNV,D,20210202,000000,21.4,21.4,17.3,18.6,1022,0
UNV,D,20210203,000000,17,18.5,13.6,17.9,5012,0
UNV,D,20210204,000000,17.9,17.9,17.9,17.9,3,0
UNV,D,20210205,000000,17.8,18.2,17.2,17.2,438,0
UNV,D,20210208,000000,15,17.6,14.2,17.5,250,0
UNV,D,20210209,000000,17.6,17.8,15.1,16,550,0
UNV,D,20210210,000000,14.3,16.6,14.2,16.6,545,0
UNV,D,20210211,000000,17,17,14.2,16.2,526,0
UNV,D,20210212,000000,15.5,15.5,15.5,15.5,58,0
UNV,D,20210215,000000,14.6,17,13,17,831,0
UNV,D,20210216,000000,15,15,14.1,14.7,654,0
UNV,D,20210217,000000,16,16,16,16,105,0
UNV,D,20210218,000000,16,16.4,16,16.4,131,0
UNV,D,20210222,000000,16.4,16.5,16,16,279,0
UNV,D,20210223,000000,16.4,16.4,16.4,16.4,6,0
UNV,D,20210224,000000,14.5,14.5,13.7,13.8,2490,0
UNV,D,20210225,000000,13.7,13.7,13.7,13.7,356,0
UNV,D,20210226,000000,14.2,14.5,14.2,14.5,626,0
UNV,D,20210301,000000,14.2,15.8,13.6,15.8,776,0
UNV,D,20210302,000000,14.6,15,14,14.9,318,0
UNV,D,20210303,000000,14.9,15.8,14.9,15.6,279,0
UNV,D,20210304,000000,14,14.9,10,11.2,4361,0
UNV,D,20210305,000000,12,12,9,10.9,2935,0
UNV,D,20210308,000000,9.4,11.8,9,11.5,2056,0
UNV,D,20210310,000000,11.5,12,11.5,12,387,0
UNV,D,20210311,000000,12.8,12.8,12.8,12.8,9,0
UNV,D,20210312,000000,12.8,12.8,12,12,158,0
UNV,D,20210315,000000,10.5,12,10.5,12,180,0
UNV,D,20210316,000000,12,12,12,12,12,0
UNV,D,20210317,000000,11.9,12.7,11.9,12.7,61,0
UNV,D,20210318,000000,11,12.5,10.5,12.5,1153,0
UNV,D,20210322,000000,12.4,12.4,10.9,12.2,265,0
UNV,D,20210324,000000,11.1,12,11.1,12,185,0
UNV,D,20210326,000000,11,12,11,12,41,0
UNV,D,20210331,000000,12,12,12,12,237,0
UNV,D,20210401,000000,11.2,11.2,10.5,10.6,621,0
UNV,D,20210406,000000,11.5,12,11,12,116,0
UNV,D,20210407,000000,12,15.6,11.8,14,6003,0
UNV,D,20210408,000000,13.2,14.5,13.2,14,815,0
UNV,D,20210409,000000,14.4,15.1,12,13,861,0
UNV,D,20210412,000000,13,15.1,13,15.1,631,0
UNV,D,20210413,000000,14.7,14.7,14.7,14.7,50,0
UNV,D,20210414,000000,14.7,14.7,14,14,300,0
UNV,D,20210415,000000,14.5,14.5,14.5,14.5,50,0
UNV,D,20210416,000000,14.9,14.9,14.9,14.9,3,0
UNV,D,20210419,000000,13.5,13.5,10.5,11.5,6685,0
UNV,D,20210420,000000,10.6,10.9,10,10.9,671,0
UNV,D,20210422,000000,10,10,8,10,1731,0
UNV,D,20210423,000000,10.6,10.6,9,10,5,0
UNV,D,20210426,000000,10.6,10.7,10,10.7,150,0
UNV,D,20210427,000000,10,10.6,10,10.6,2,0
UNV,D,20210428,000000,10,10,10,10,38,0
UNV,D,20210430,000000,9.1,10.4,9.1,10.4,2,0
UNV,D,20210505,000000,10,10.9,9.25,10.4,634,0
UNV,D,20210510,000000,9,10,8.25,10,1234,0
UNV,D,20210511,000000,8.3,9.9,8.3,9.9,661,0
UNV,D,20210512,000000,8.25,9,8.2,8.2,1477,0
UNV,D,20210513,000000,7.1,8.2,7.05,8.2,432,0
UNV,D,20210519,000000,7.2,7.85,6,6.7,2648,0
UNV,D,20210520,000000,6.3,6.95,6.3,6.95,2072,0
UNV,D,20210521,000000,6,7.1,6,7,781,0
UNV,D,20210527,000000,6.5,7,6.5,7,326,0
UNV,D,20210528,000000,6.5,6.5,6.5,6.5,25,0
UNV,D,20210531,000000,7.8,8.6,6.35,7,1525,0
UNV,D,20210601,000000,8.4,8.4,7,7.9,1317,0
UNV,D,20210602,000000,8.55,8.55,7.5,7.5,1274,0
UNV,D,20210604,000000,8,8.6,8,8.6,601,0
UNV,D,20210607,000000,9,12.8,9,12.5,4536,0
UNV,D,20210608,000000,12.8,14.5,11.1,14.5,992,0
UNV,D,20210609,000000,14.5,14.5,10,11.5,537,0
UNV,D,20210610,000000,12.7,12.7,10.7,12.4,1740,0
UNV,D,20210615,000000,10.2,10.2,9.35,10,2980,0
UNV,D,20210618,000000,10,11.2,10,11.2,325,0
UNV,D,20210623,000000,10.8,11.1,10,10.9,1460,0
UNV,D,20210625,000000,10.8,11.6,10.8,11.6,675,0
UNV,D,20210628,000000,11,12.5,10,12.4,1743,0
UNV,D,20210629,000000,12.5,12.5,10,10,995,0
UNV,D,20210630,000000,10.4,11.4,8.6,11.4,2129,0
UNV,D,20210701,000000,11.2,11.2,10.1,11,595,0
UNV,D,20210702,000000,11.2,11.2,10,11,142,0
UNV,D,20210706,000000,10,11.1,10,11.1,570,0
UNV,D,20210707,000000,10.5,11.2,10.2,11.2,710,0
UNV,D,20210709,000000,10,11.2,10,11,1545,0
UNV,D,20210712,000000,10,10.9,10,10.9,55,0
UNV,D,20210713,000000,9.5,10.4,8.5,9.5,1497,0
UNV,D,20210715,000000,8.15,9.5,7,8.8,1302,0
UNV,D,20210716,000000,8.8,8.8,8.8,8.8,56,0
UNV,D,20210721,000000,9,9,9,9,54,0
UNV,D,20210726,000000,7.65,8.85,7.6,8.85,183,0
UNV,D,20210730,000000,7.55,8.4,7.5,8.4,168,0
UNV,D,20210803,000000,7.5,7.5,7.05,7.05,106,0
UNV,D,20210804,000000,7.55,7.55,7.5,7.5,64,0
UNV,D,20210809,000000,7.5,7.95,7.15,7.95,319,0
UNV,D,20210810,000000,7.95,9.25,7.95,9,826,0
UNV,D,20210811,000000,8.55,8.9,7.55,8.9,141,0
UNV,D,20210812,000000,8.9,8.9,7.55,8.8,101,0
UNV,D,20210816,000000,7.6,8.95,7.6,8.95,627,0
UNV,D,20210817,000000,8.9,9.85,8.9,9.85,493,0
UNV,D,20210818,000000,9.85,9.85,8.2,9.8,347,0
UNV,D,20210819,000000,7.95,9.75,7.95,9.75,106,0
UNV,D,20210820,000000,9,9.75,9,9.6,2937,0
UNV,D,20210824,000000,9.55,9.6,8,8,1793,0
UNV,D,20210825,000000,9.2,9.2,7.6,8.9,13,0
UNV,D,20210830,000000,8.7,8.7,8.7,8.7,115,0
UNV,D,20210831,000000,8.65,8.65,8.65,8.65,106,0
UNV,D,20210901,000000,8.65,8.7,8.65,8.7,1546,0
UNV,D,20210902,000000,8.7,8.9,8.7,8.9,914,0
UNV,D,20210903,000000,8.9,8.9,8.9,8.9,28,0
UNV,D,20210907,000000,8.85,8.85,8.85,8.85,41,0
UNV,D,20210908,000000,8.85,8.85,8.85,8.85,9,0
UNV,D,20210909,000000,8.85,8.85,8.85,8.85,104,0
UNV,D,20210910,000000,8.85,8.85,8.85,8.85,125,0
UNV,D,20210913,000000,8.85,8.85,8.85,8.85,17,0
UNV,D,20210914,000000,8.85,8.85,8.85,8.85,140,0
UNV,D,20210915,000000,8.85,8.85,8.85,8.85,4,0
UNV,D,20210916,000000,7.65,8.85,7.55,8.85,263,0
UNV,D,20210917,000000,8.85,8.85,7.1,7.1,5952,0
UNV,D,20210920,000000,7.5,8.35,7.05,8.35,408,0
UNV,D,20210921,000000,7.05,8.45,7.05,8.45,2154,0
UNV,D,20210922,000000,8.4,8.4,7.05,8,2512,0
UNV,D,20210923,000000,7.4,7.6,6.25,7.3,1784,0
UNV,D,20210924,000000,7.4,7.45,6.7,6.7,416,0
UNV,D,20210927,000000,7.5,7.5,7.5,7.5,119,0
UNV,D,20210928,000000,7.4,7.75,7.4,7.75,174,0
UNV,D,20210929,000000,7.8,7.8,7.8,7.8,1,0
UNV,D,20211001,000000,6.8,7.55,6.8,7.5,105,0
UNV,D,20211004,000000,7.5,7.5,6.95,7.4,147,0
UNV,D,20211005,000000,7.45,7.45,7.45,7.45,1,0
UNV,D,20211007,000000,7,7.25,6.7,7.25,476,0
UNV,D,20211008,000000,7.25,7.5,7.25,7.5,248,0
UNV,D,20211012,000000,7.5,7.6,7.5,7.6,201,0
UNV,D,20211019,000000,6.75,6.75,6.75,6.75,110,0
UNV,D,20211020,000000,6.75,7.4,6.75,7.4,174,0
UNV,D,20211021,000000,6.8,7.1,6.7,7.1,995,0
UNV,D,20211022,000000,7.15,7.15,7.15,7.15,1,0
UNV,D,20211102,000000,6.5,6.5,6.5,6.5,163,0
UNV,D,20211103,000000,6.1,6.95,6.05,6.95,408,0
UNV,D,20211104,000000,6.05,6.05,6,6,41,0
UNV,D,20211105,000000,6.3,6.65,6,6.65,205,0
UNV,D,20211109,000000,6.25,6.3,4.9,5.35,12055,0
UNV,D,20211110,000000,5.3,5.35,4.94,5.35,7277,0
UNV,D,20211112,000000,4.5,4.5,3.6,4.16,4709,0
UNV,D,20211115,000000,4.2,4.46,4.2,4.4,688,0
UNV,D,20211116,000000,4.4,6.3,4.4,6.2,7310,0
UNV,D,20211117,000000,6.3,6.9,5.2,6.5,3053,0
UNV,D,20211118,000000,6.5,6.75,6.5,6.75,490,0
UNV,D,20211119,000000,6.55,6.75,6.55,6.75,670,0
UNV,D,20211122,000000,5.5,6.5,5.5,6.5,101,0
UNV,D,20211123,000000,5.5,6.6,5.3,5.3,1933,0
UNV,D,20211124,000000,5.25,6.1,4.5,6.1,4687,0
UNV,D,20211125,000000,5,6,4.5,5.5,3367,0
UNV,D,20211126,000000,4.68,5.5,4.68,5.5,273,0
UNV,D,20211129,000000,5.5,5.5,4.74,4.74,151,0
UNV,D,20211130,000000,5.5,5.8,5.5,5.5,298,0
UNV,D,20211201,000000,5.4,5.85,5.4,5.85,131,0
UNV,D,20211202,000000,5.7,6.05,5.05,5.65,1462,0
UNV,D,20211203,000000,5.6,6,5,6,656,0
UNV,D,20211206,000000,6,6,5.05,5.9,244,0
UNV,D,20211207,000000,5.8,6.5,5.35,6.4,1800,0
UNV,D,20211208,000000,6.4,7.5,6.1,7.4,2077,0
UNV,D,20211210,000000,7.4,7.5,7.4,7.5,151,0
UNV,D,20211213,000000,7.5,7.5,6.75,7.4,473,0
UNV,D,20211214,000000,7.4,7.9,7.4,7.9,2474,0
UNV,D,20211215,000000,6.8,8,6.4,8,559,0
UNV,D,20211216,000000,7.5,8,6.5,7.95,307,0
UNV,D,20211217,000000,7.95,7.95,6.6,7.45,250,0
UNV,D,20211220,000000,7.95,7.95,7.95,7.95,1,0
UNV,D,20211221,000000,7.95,7.95,6.65,7.85,302,0
UNV,D,20211222,000000,7.8,7.85,7.8,7.85,35,0
UNV,D,20211223,000000,6.65,7.8,6.65,7.8,213,0
UNV,D,20211227,000000,6.7,7.65,6.65,7.6,298,0
UNV,D,20211228,000000,7.6,7.95,7.5,7.85,256,0
UNV,D,20211229,000000,7.85,7.9,6.7,7.9,40,0
UNV,D,20211230,000000,7.9,7.95,6.65,7.5,1089,0
UNV,D,20220103,000000,7,7.45,7,7.45,21,0
UNV,D,20220104,000000,6.8,7.4,6.8,7.4,131,0
UNV,D,20220105,000000,6.8,7.4,6.8,7.4,180,0
UNV,D,20220107,000000,7.45,7.45,6.6,7.45,28,0
UNV,D,20220110,000000,6.65,7.2,6,7.2,1923,0
UNV,D,20220111,000000,7.15,7.5,6.2,6.95,1621,0
UNV,D,20220112,000000,7.4,7.4,7.4,7.4,2,0
UNV,D,20220113,000000,6.95,7.25,6.3,7.25,408,0
UNV,D,20220119,000000,6.35,6.55,6,6.55,1710,0
UNV,D,20220120,000000,6.9,6.95,6,6.5,7753,0
UNV,D,20220121,000000,6,6.8,5.55,6.8,308,0
UNV,D,20220124,000000,5.55,6.55,5.55,6.55,24,0
UNV,D,20220125,000000,6.45,6.5,6.45,6.5,250,0
UNV,D,20220127,000000,5.65,6.45,5.3,6.45,170,0
UNV,D,20220201,000000,6,6.15,6,6.15,55,0
UNV,D,20220204,000000,6.1,6.1,5,5.95,5517,0
UNV,D,20220208,000000,5.1,5.75,4.8,5,2868,0
UNV,D,20220210,000000,5.75,5.75,5.75,5.75,451,0
UNV,D,20220211,000000,5.7,5.7,5,5,897,0
UNV,D,20220214,000000,5.5,5.5,5.5,5.5,5,0
UNV,D,20220216,000000,4.84,5.2,4.82,5.2,404,0
UNV,D,20220221,000000,4.92,5.1,4.92,5.1,173,0
UNV,D,20220222,000000,4.92,4.92,4.6,4.64,850,0
UNV,D,20220223,000000,4.98,4.98,4.98,4.98,10,0
UNV,D,20220224,000000,4.62,5.25,4.6,5.25,573,0
UNV,D,20220301,000000,4.7,4.7,4.7,4.7,50,0
UNV,D,20220302,000000,5.15,5.15,5.15,5.15,101,0
UNV,D,20220307,000000,5.05,5.05,5.05,5.05,194,0
UNV,D,20220308,000000,4.8,4.8,4.8,4.8,30,0
UNV,D,20220309,000000,4.6,5,4.2,5,90,0
UNV,D,20220311,000000,4.06,4.06,4.06,4.06,11000,0
UNV,D,20220314,000000,4.86,4.86,4.44,4.44,432,0
UNV,D,20220315,000000,4.44,4.44,4.44,4.44,406,0
UNV,D,20220316,000000,4.68,4.68,4.68,4.68,5,0
UNV,D,20220317,000000,4.66,4.66,4.66,4.66,44,0
UNV,D,20220318,000000,4.5,4.66,4.5,4.66,155,0
UNV,D,20220329,000000,4.68,5.6,4.68,5.55,7572,0
UNV,D,20220330,000000,5.6,6.7,5.3,6.5,2849,0
UNV,D,20220401,000000,5.25,6.2,5.25,6.15,509,0
UNV,D,20220404,000000,5.4,6.45,4.8,5.6,3637,0
UNV,D,20220406,000000,5.65,6.2,5,5,1284,0
UNV,D,20220407,000000,5.2,5.9,5.2,5.9,224,0
UNV,D,20220408,000000,5.9,5.9,5.9,5.9,14,0
UNV,D,20220413,000000,5.45,5.55,5.45,5.55,76,0
UNV,D,20220420,000000,5.2,5.45,5.2,5.45,48,0
UNV,D,20220421,000000,5.3,5.3,5.3,5.3,10,0
UNV,D,20220422,000000,5.5,5.55,5.5,5.55,21,0
UNV,D,20220426,000000,5.3,5.35,5.3,5.35,21,0
UNV,D,20220428,000000,5.4,5.45,5.4,5.45,11,0
UNV,D,20220429,000000,5.15,5.35,5.15,5.35,21,0
UNV,D,20220502,000000,5,5,4.72,4.72,155,0
UNV,D,20220504,000000,5.4,5.4,5.4,5.4,16,0
UNV,D,20220505,000000,5.55,5.55,5.55,5.55,10,0
UNV,D,20220510,000000,4.6,4.6,4.6,4.6,8000,0
UNV,D,20220511,000000,5.4,5.4,5.4,5.4,5,0
UNV,D,20220512,000000,4.66,5.25,4.64,5.25,370,0
UNV,D,20220519,000000,5.1,6,4.5,5.8,936,0
UNV,D,20220520,000000,5.65,6.15,5.55,6.15,3504,0
UNV,D,20220523,000000,6.1,6.1,4.9,6,3565,0
UNV,D,20220524,000000,5.05,5.7,5.05,5.7,480,0
UNV,D,20220526,000000,5.75,6.35,5.75,6.35,738,0
UNV,D,20220531,000000,6.15,6.15,5.15,5.15,60,0
UNV,D,20220601,000000,6.1,6.1,6.1,6.1,30,0
UNV,D,20220602,000000,6.1,6.15,6.1,6.1,600,0
UNV,D,20220610,000000,6,6.05,6,6.05,285,0
UNV,D,20220613,000000,6.05,6.85,6.05,6.85,973,0
UNV,D,20220617,000000,6.55,6.55,5.35,5.35,369,0
UNV,D,20220620,000000,6,6,5.5,5.95,1282,0
UNV,D,20220623,000000,5.1,5.9,5.1,5.9,93,0
UNV,D,20220624,000000,5.9,6,5.9,6,500,0
UNV,D,20220629,000000,5.9,6.45,5.9,6,4776,0
UNV,D,20220630,000000,6.4,6.4,6.35,6.35,10,0
UNV,D,20220701,000000,6.35,6.35,4.42,4.68,4112,0
UNV,D,20220704,000000,4.8,4.8,3.84,3.92,12799,0
UNV,D,20220705,000000,3.98,4.1,3.98,4,2053,0
UNV,D,20220707,000000,4.16,4.16,4.16,4.16,400,0
UNV,D,20220708,000000,4.12,4.12,4.12,4.12,133,0
UNV,D,20220712,000000,4,4,3.68,4,245,0
UNV,D,20220713,000000,4.1,4.1,4.1,4.1,100,0
UNV,D,20220714,000000,4.12,4.14,4.12,4.14,1147,0
UNV,D,20220721,000000,4.14,4.68,4.14,4.68,591,0
UNV,D,20220725,000000,4.56,4.64,4.56,4.64,320,0
UNV,D,20220726,000000,4.62,4.62,4.62,4.62,7,0
UNV,D,20220802,000000,4.2,4.2,4.2,4.2,93,0
UNV,D,20220803,000000,4.6,5.5,4.58,5.5,2152,0
UNV,D,20220804,000000,5.55,6.5,5.55,6.5,2409,0
UNV,D,20220805,000000,6,6,5,5.7,2076,0
UNV,D,20220808,000000,5.7,5.95,5.7,5.95,31,0
UNV,D,20220809,000000,6.2,6.3,6.2,6.3,32,0
UNV,D,20220811,000000,5.7,5.7,5.7,5.7,20,0
UNV,D,20220812,000000,5.5,5.5,5.5,5.5,20,0
UNV,D,20220816,000000,5.55,5.55,4.24,4.6,1923,0
UNV,D,20220817,000000,4.32,4.94,4.32,4.94,248,0
UNV,D,20220819,000000,4.9,4.92,4.9,4.92,310,0
UNV,D,20220822,000000,4.92,4.92,4.92,4.92,40,0
UNV,D,20220823,000000,4.92,5.9,4.92,5.9,1708,0
UNV,D,20220824,000000,5.55,5.55,5.55,5.55,158,0
UNV,D,20220829,000000,5.5,6.1,5.5,6.1,174,0
