<TICKER>,<PER>,<DATE>,<TIME>,<OPEN>,<HIGH>,<LOW>,<CLOSE>,<VOL>,<OPENINT>
PHN1224.PL,D,20210301,000000,101.5,101.5,101.5,101.5,60,0
PHN1224.PL,D,20210304,000000,101.1,101.1,101.1,101.1,4,0
PHN1224.PL,D,20210310,000000,101.5,101.5,101.5,101.5,10,0
PHN1224.PL,D,20210312,000000,101,101,101,101,300,0
PHN1224.PL,D,20210323,000000,101.5,101.5,101.5,101.5,5,0
PHN1224.PL,D,20210413,000000,101.8,101.8,101.8,101.8,4,0
PHN1224.PL,D,20210427,000000,102.5,102.5,102.5,102.5,25,0
PHN1224.PL,D,20210514,000000,102.5,102.5,102.5,102.5,3,0
PHN1224.PL,D,20210708,000000,102.5,102.5,102.5,102.5,3,0
PHN1224.PL,D,20210811,000000,102.5,102.5,102.5,102.5,26,0
PHN1224.PL,D,20210824,000000,102.45,102.45,102.45,102.45,2,0
PHN1224.PL,D,20210825,000000,102.45,102.45,102.45,102.45,2,0
PHN1224.PL,D,20211124,000000,101.5,101.5,101.5,101.5,10,0
PHN1224.PL,D,20211125,000000,101.1,101.1,101,101,25,0
PHN1224.PL,D,20211201,000000,100.5,100.5,100.2,100.2,313,0
PHN1224.PL,D,20211202,000000,100.21,100.21,100.2,100.2,3020,0
PHN1224.PL,D,20211203,000000,100.2,100.2,100.2,100.2,6726,0
PHN1224.PL,D,20211206,000000,100.2,100.2,100.2,100.2,1400,0
PHN1224.PL,D,20211207,000000,100.2,100.2,100.2,100.2,4573,0
PHN1224.PL,D,20211208,000000,100.2,100.2,100.2,100.2,1290,0
PHN1224.PL,D,20211209,000000,100.2,100.2,100.2,100.2,206,0
PHN1224.PL,D,20211214,000000,101.5,101.5,101.5,101.5,14,0
PHN1224.PL,D,20211215,000000,101.5,101.5,101.5,101.5,3,0
PHN1224.PL,D,20211216,000000,101.56,101.56,101.56,101.56,10,0
PHN1224.PL,D,20211227,000000,101,101,100.99,100.99,180,0
PHN1224.PL,D,20211228,000000,102,102,100.99,100.99,3001,0
PHN1224.PL,D,20220103,000000,101,101,101,101,3,0
PHN1224.PL,D,20220104,000000,101.11,101.11,101,101,3008,0
PHN1224.PL,D,20220105,000000,101.1,101.1,101.1,101.1,64,0
PHN1224.PL,D,20220107,000000,101,101,101,101,106,0
PHN1224.PL,D,20220110,000000,100.99,101,100.99,101,30,0
PHN1224.PL,D,20220111,000000,101,101,100.99,100.99,12,0
PHN1224.PL,D,20220112,000000,101,101,101,101,50,0
PHN1224.PL,D,20220113,000000,101.98,101.98,101.98,101.98,10,0
PHN1224.PL,D,20220114,000000,100.75,100.75,100.75,100.75,3,0
PHN1224.PL,D,20220117,000000,100.75,100.75,100.75,100.75,3,0
PHN1224.PL,D,20220125,000000,101,101,101,101,2055,0
PHN1224.PL,D,20220128,000000,101.65,101.65,101.65,101.65,2,0
PHN1224.PL,D,20220207,000000,101.96,101.96,101.96,101.96,3,0
PHN1224.PL,D,20220209,000000,101.1,101.1,101.09,101.1,1535,0
PHN1224.PL,D,20220210,000000,101.2,101.2,101,101.2,2390,0
PHN1224.PL,D,20220214,000000,101.1,101.1,101.1,101.1,172,0
PHN1224.PL,D,20220221,000000,101.2,101.2,101.1,101.1,8,0
PHN1224.PL,D,20220223,000000,101.75,101.9,101.75,101.9,363,0
PHN1224.PL,D,20220224,000000,100.5,100.5,100.5,100.5,5,0
PHN1224.PL,D,20220225,000000,101.9,101.9,101.9,101.9,15,0
PHN1224.PL,D,20220301,000000,101.9,101.9,101.9,101.9,175,0
PHN1224.PL,D,20220304,000000,100.5,100.5,100.4,100.4,8,0
PHN1224.PL,D,20220307,000000,100.2,100.4,100.2,100.4,494,0
PHN1224.PL,D,20220308,000000,101.74,101.74,101.74,101.74,49,0
PHN1224.PL,D,20220310,000000,100.51,100.51,100.5,100.5,20,0
PHN1224.PL,D,20220314,000000,100.45,100.45,100.3,100.3,459,0
PHN1224.PL,D,20220317,000000,101.75,101.75,101.75,101.75,468,0
PHN1224.PL,D,20220318,000000,101.49,101.49,101.49,101.49,386,0
PHN1224.PL,D,20220322,000000,101,101.44,101,101.44,400,0
PHN1224.PL,D,20220330,000000,101.44,101.44,101.44,101.44,109,0
PHN1224.PL,D,20220401,000000,101.44,101.44,101.44,101.44,6,0
PHN1224.PL,D,20220405,000000,101.44,101.44,101.44,101.44,20,0
PHN1224.PL,D,20220406,000000,101.44,101.44,101.44,101.44,1,0
PHN1224.PL,D,20220412,000000,101.44,101.44,101.43,101.43,105,0
PHN1224.PL,D,20220413,000000,101.44,101.44,101.44,101.44,1,0
PHN1224.PL,D,20220419,000000,101.44,101.44,101.3,101.3,7,0
PHN1224.PL,D,20220421,000000,101.29,101.29,101.29,101.29,3,0
PHN1224.PL,D,20220422,000000,101.29,101.29,101.1,101.1,484,0
PHN1224.PL,D,20220425,000000,101.1,101.1,101.1,101.1,386,0
PHN1224.PL,D,20220428,000000,100.2,100.2,100.2,100.2,83,0
PHN1224.PL,D,20220429,000000,100.2,100.2,100.1,100.1,429,0
PHN1224.PL,D,20220512,000000,100.2,100.2,100.1,100.1,429,0
PHN1224.PL,D,20220513,000000,101,101,101,101,240,0
PHN1224.PL,D,20220516,000000,101.3,101.5,101,101,681,0
PHN1224.PL,D,20220517,000000,101,101,100.6,101,2786,0
PHN1224.PL,D,20220518,000000,101,101,100.71,101,44,0
PHN1224.PL,D,20220519,000000,101,101,101,101,150,0
PHN1224.PL,D,20220523,000000,101,101,101,101,39,0
PHN1224.PL,D,20220526,000000,101,101,101,101,1000,0
PHN1224.PL,D,20220527,000000,100.99,101,100.99,101,1405,0
PHN1224.PL,D,20220530,000000,101,101,101,101,212,0
PHN1224.PL,D,20220531,000000,101,101,101,101,694,0
PHN1224.PL,D,20220601,000000,101,101,101,101,415,0
PHN1224.PL,D,20220602,000000,101,101,101,101,280,0
PHN1224.PL,D,20220603,000000,101,101,100.89,100.89,885,0
PHN1224.PL,D,20220606,000000,100.95,100.95,100.75,100.75,1749,0
PHN1224.PL,D,20220607,000000,100.92,100.92,100.84,100.88,2466,0
PHN1224.PL,D,20220608,000000,100.88,100.9,100.86,100.87,1997,0
PHN1224.PL,D,20220609,000000,100.85,100.85,100.85,100.85,465,0
PHN1224.PL,D,20220610,000000,100.85,100.85,100.85,100.85,736,0
PHN1224.PL,D,20220613,000000,100.9,100.9,100.76,100.85,5169,0
PHN1224.PL,D,20220614,000000,100.85,100.85,100.85,100.85,252,0
PHN1224.PL,D,20220615,000000,100.84,100.85,100.84,100.85,331,0
PHN1224.PL,D,20220617,000000,100.84,100.85,100.84,100.85,205,0
PHN1224.PL,D,20220620,000000,100.9,100.9,100.9,100.9,515,0
PHN1224.PL,D,20220622,000000,100.91,101.5,100.9,100.9,921,0
PHN1224.PL,D,20220623,000000,100.9,100.9,100.89,100.9,1007,0
PHN1224.PL,D,20220624,000000,100.9,100.9,100.9,100.9,170,0
PHN1224.PL,D,20220628,000000,100.95,100.95,100.8,100.9,494,0
PHN1224.PL,D,20220629,000000,100.9,100.9,100.9,100.9,166,0
PHN1224.PL,D,20220630,000000,100.9,100.9,100.9,100.9,1965,0
PHN1224.PL,D,20220704,000000,100.9,100.9,100.9,100.9,330,0
PHN1224.PL,D,20220705,000000,100.9,100.9,100,100,1559,0
PHN1224.PL,D,20220706,000000,100.9,100.9,100,100,535,0
PHN1224.PL,D,20220707,000000,100,100,100,100,3,0
PHN1224.PL,D,20220708,000000,100.75,100.75,100.74,100.74,1082,0
PHN1224.PL,D,20220711,000000,100.75,100.75,100.5,100.5,1692,0
PHN1224.PL,D,20220712,000000,100.5,100.5,100.5,100.5,451,0
PHN1224.PL,D,20220713,000000,100.5,100.5,100.5,100.5,103,0
PHN1224.PL,D,20220714,000000,100.5,100.5,100,100,585,0
PHN1224.PL,D,20220715,000000,100.5,100.5,100,100.5,709,0
PHN1224.PL,D,20220718,000000,100.5,100.75,100.5,100.75,296,0
PHN1224.PL,D,20220719,000000,100.5,100.5,100.5,100.5,49,0
PHN1224.PL,D,20220720,000000,100.1,100.1,100.1,100.1,1000,0
PHN1224.PL,D,20220721,000000,100.1,100.1,100,100,4682,0
PHN1224.PL,D,20220722,000000,100,100,100,100,255,0
PHN1224.PL,D,20220725,000000,100.1,100.1,100.1,100.1,506,0
PHN1224.PL,D,20220726,000000,100.5,100.5,100,100,1091,0
PHN1224.PL,D,20220727,000000,100,100,99.75,99.75,1000,0
PHN1224.PL,D,20220728,000000,99.75,100,99.5,100,501,0
PHN1224.PL,D,20220729,000000,100,100,100,100,118,0
PHN1224.PL,D,20220801,000000,99.8,99.8,99.8,99.8,5,0
PHN1224.PL,D,20220802,000000,100,100,100,100,39,0
PHN1224.PL,D,20220803,000000,100,100,100,100,1589,0
PHN1224.PL,D,20220804,000000,100,100,99.99,100,1979,0
PHN1224.PL,D,20220805,000000,100.15,100.15,100.1,100.1,1185,0
PHN1224.PL,D,20220808,000000,100.15,100.15,100.15,100.15,526,0
PHN1224.PL,D,20220809,000000,100.15,100.15,100.15,100.15,2128,0
PHN1224.PL,D,20220810,000000,100.15,100.15,100.15,100.15,819,0
PHN1224.PL,D,20220811,000000,100.5,100.5,100.5,100.5,87,0
PHN1224.PL,D,20220812,000000,100.15,100.15,100.15,100.15,200,0
PHN1224.PL,D,20220817,000000,100.98,100.98,100.98,100.98,97,0
PHN1224.PL,D,20220822,000000,100.5,100.5,100.5,100.5,200,0
PHN1224.PL,D,20220823,000000,100.7,100.7,100.7,100.7,5,0
PHN1224.PL,D,20220824,000000,100.9,100.9,100.9,100.9,101,0
PHN1224.PL,D,20220826,000000,100.89,100.9,100.89,100.9,192,0
PHN1224.PL,D,20220830,000000,101,101,101,101,43,0
PHN1224.PL,D,20220905,000000,101,101,100.99,100.99,490,0
