<TICKER>,<PER>,<DATE>,<TIME>,<OPEN>,<HIGH>,<LOW>,<CLOSE>,<VOL>,<OPENINT>
WIG_MS_FIN_DY,D,20190410,000000,3.04,3.04,3.02,3.02,0,0
WIG_MS_FIN_DY,D,20190411,000000,3.02,3.02,3.02,3.02,0,0
WIG_MS_FIN_DY,D,20190412,000000,3.02,3.02,3.02,3.02,0,0
WIG_MS_FIN_DY,D,20190415,000000,3.02,3.04,3.02,3.04,0,0
WIG_MS_FIN_DY,D,20190416,000000,3.04,3.04,3,3,0,0
WIG_MS_FIN_DY,D,20190417,000000,3,3,2.98,2.98,0,0
WIG_MS_FIN_DY,D,20190418,000000,2.98,2.98,2.98,2.98,0,0
WIG_MS_FIN_DY,D,20190423,000000,2.98,2.98,2.96,2.96,0,0
WIG_MS_FIN_DY,D,20190424,000000,2.96,2.98,2.96,2.98,0,0
WIG_MS_FIN_DY,D,20190425,000000,2.98,3.02,2.98,3.02,0,0
WIG_MS_FIN_DY,D,20190426,000000,3.02,3.02,2.98,2.98,0,0
WIG_MS_FIN_DY,D,20190429,000000,2.98,2.98,2.96,2.96,0,0
WIG_MS_FIN_DY,D,20190430,000000,2.96,3.02,2.96,3.02,0,0
WIG_MS_FIN_DY,D,20190502,000000,3.02,3.02,3.02,3.02,0,0
WIG_MS_FIN_DY,D,20190506,000000,3.02,3.04,3.02,3.04,0,0
WIG_MS_FIN_DY,D,20190507,000000,3.04,3.12,3.04,3.12,0,0
WIG_MS_FIN_DY,D,20190508,000000,3.12,3.16,3.12,3.16,0,0
WIG_MS_FIN_DY,D,20190509,000000,3.16,3.2,3.16,3.2,0,0
WIG_MS_FIN_DY,D,20190510,000000,3.2,3.2,3.2,3.2,0,0
WIG_MS_FIN_DY,D,20190513,000000,3.2,3.22,3.2,3.22,0,0
WIG_MS_FIN_DY,D,20190514,000000,3.22,3.24,3.22,3.24,0,0
WIG_MS_FIN_DY,D,20190515,000000,3.24,3.3,3.24,3.3,0,0
WIG_MS_FIN_DY,D,20190516,000000,3.3,3.3,3.2,3.2,0,0
WIG_MS_FIN_DY,D,20190517,000000,3.2,3.24,3.2,3.24,0,0
WIG_MS_FIN_DY,D,20190520,000000,3.24,3.26,3.24,3.26,0,0
WIG_MS_FIN_DY,D,20190521,000000,3.26,3.26,3.26,3.26,0,0
WIG_MS_FIN_DY,D,20190522,000000,3.26,3.26,3.22,3.22,0,0
WIG_MS_FIN_DY,D,20190523,000000,3.22,3.26,3.22,3.26,0,0
WIG_MS_FIN_DY,D,20190524,000000,3.26,3.26,3.22,3.22,0,0
WIG_MS_FIN_DY,D,20190527,000000,3.22,3.24,3.22,3.24,0,0
WIG_MS_FIN_DY,D,20190528,000000,3.24,3.26,3.24,3.26,0,0
WIG_MS_FIN_DY,D,20190529,000000,3.26,3.26,3.2,3.2,0,0
WIG_MS_FIN_DY,D,20190530,000000,3.2,4.04,3.2,4.04,0,0
WIG_MS_FIN_DY,D,20190531,000000,4.04,4.04,4.04,4.04,0,0
WIG_MS_FIN_DY,D,20190603,000000,4.04,4.04,4.04,4.04,0,0
WIG_MS_FIN_DY,D,20190604,000000,4.04,4.04,4.04,4.04,0,0
WIG_MS_FIN_DY,D,20190605,000000,4.04,4.04,4.04,4.04,0,0
WIG_MS_FIN_DY,D,20190606,000000,4.04,4.04,3.94,3.94,0,0
WIG_MS_FIN_DY,D,20190607,000000,3.94,3.94,3.92,3.92,0,0
WIG_MS_FIN_DY,D,20190610,000000,3.92,3.92,3.92,3.92,0,0
WIG_MS_FIN_DY,D,20190611,000000,3.92,3.92,3.92,3.92,0,0
WIG_MS_FIN_DY,D,20190612,000000,3.92,3.94,3.92,3.94,0,0
WIG_MS_FIN_DY,D,20190613,000000,3.94,3.94,3.94,3.94,0,0
WIG_MS_FIN_DY,D,20190614,000000,3.94,3.94,3.94,3.94,0,0
WIG_MS_FIN_DY,D,20190617,000000,3.94,3.94,3.88,3.88,0,0
WIG_MS_FIN_DY,D,20190618,000000,3.88,3.88,3.86,3.86,0,0
WIG_MS_FIN_DY,D,20190619,000000,3.86,3.86,3.82,3.82,0,0
WIG_MS_FIN_DY,D,20190621,000000,3.82,3.88,3.82,3.88,0,0
WIG_MS_FIN_DY,D,20190624,000000,3.88,3.88,3.8,3.8,0,0
WIG_MS_FIN_DY,D,20190625,000000,3.8,3.88,3.8,3.88,0,0
WIG_MS_FIN_DY,D,20190626,000000,3.88,3.9,3.88,3.9,0,0
WIG_MS_FIN_DY,D,20190627,000000,3.9,3.9,3.84,3.84,0,0
WIG_MS_FIN_DY,D,20190628,000000,3.84,3.88,3.84,3.88,0,0
WIG_MS_FIN_DY,D,20190701,000000,3.88,3.88,3.88,3.88,0,0
WIG_MS_FIN_DY,D,20190702,000000,3.88,3.88,3.84,3.84,0,0
WIG_MS_FIN_DY,D,20190703,000000,3.84,3.88,3.84,3.88,0,0
WIG_MS_FIN_DY,D,20190704,000000,3.88,3.88,3.88,3.88,0,0
WIG_MS_FIN_DY,D,20190705,000000,3.88,3.9,3.88,3.9,0,0
WIG_MS_FIN_DY,D,20190708,000000,3.9,3.9,3.9,3.9,0,0
WIG_MS_FIN_DY,D,20190709,000000,3.9,3.98,3.9,3.98,0,0
WIG_MS_FIN_DY,D,20190710,000000,3.98,3.98,3.76,3.76,0,0
WIG_MS_FIN_DY,D,20190711,000000,3.76,3.78,3.76,3.78,0,0
WIG_MS_FIN_DY,D,20190712,000000,3.78,3.84,3.78,3.84,0,0
WIG_MS_FIN_DY,D,20190715,000000,3.84,3.84,3.8,3.8,0,0
WIG_MS_FIN_DY,D,20190716,000000,3.8,3.8,3.76,3.76,0,0
WIG_MS_FIN_DY,D,20190717,000000,3.76,3.78,3.76,3.78,0,0
WIG_MS_FIN_DY,D,20190718,000000,3.78,3.78,3.74,3.74,0,0
WIG_MS_FIN_DY,D,20190719,000000,3.74,3.74,3.72,3.72,0,0
WIG_MS_FIN_DY,D,20190722,000000,3.72,3.72,3.72,3.72,0,0
WIG_MS_FIN_DY,D,20190723,000000,3.72,3.76,3.72,3.76,0,0
WIG_MS_FIN_DY,D,20190724,000000,3.76,3.76,3.76,3.76,0,0
WIG_MS_FIN_DY,D,20190725,000000,3.76,3.84,3.76,3.84,0,0
WIG_MS_FIN_DY,D,20190726,000000,3.84,3.88,3.84,3.88,0,0
WIG_MS_FIN_DY,D,20190729,000000,3.88,3.88,3.88,3.88,0,0
WIG_MS_FIN_DY,D,20190730,000000,3.88,3.96,3.88,3.96,0,0
WIG_MS_FIN_DY,D,20190731,000000,3.96,4.34,3.96,4.34,0,0
WIG_MS_FIN_DY,D,20190801,000000,4.34,4.46,4.34,4.46,0,0
WIG_MS_FIN_DY,D,20190802,000000,4.46,4.46,4.46,4.46,0,0
WIG_MS_FIN_DY,D,20190805,000000,4.46,4.52,4.46,4.52,0,0
WIG_MS_FIN_DY,D,20190806,000000,4.52,4.56,4.52,4.56,0,0
WIG_MS_FIN_DY,D,20190807,000000,4.56,4.56,4.56,4.56,0,0
WIG_MS_FIN_DY,D,20190808,000000,4.56,4.56,4.52,4.52,0,0
WIG_MS_FIN_DY,D,20190809,000000,4.52,4.56,4.52,4.56,0,0
WIG_MS_FIN_DY,D,20190812,000000,4.56,4.58,4.56,4.58,0,0
WIG_MS_FIN_DY,D,20190813,000000,4.58,4.62,4.58,4.62,0,0
WIG_MS_FIN_DY,D,20190814,000000,4.62,4.88,4.62,4.88,0,0
WIG_MS_FIN_DY,D,20190816,000000,4.88,4.88,4.86,4.86,0,0
WIG_MS_FIN_DY,D,20190819,000000,4.86,4.86,4.82,4.82,0,0
WIG_MS_FIN_DY,D,20190820,000000,4.82,4.82,4.82,4.82,0,0
WIG_MS_FIN_DY,D,20190821,000000,4.82,4.82,4.82,4.82,0,0
WIG_MS_FIN_DY,D,20190822,000000,4.82,4.82,4.8,4.8,0,0
WIG_MS_FIN_DY,D,20190823,000000,4.8,4.82,4.8,4.82,0,0
WIG_MS_FIN_DY,D,20190826,000000,4.82,4.82,4.8,4.8,0,0
WIG_MS_FIN_DY,D,20190827,000000,4.8,4.86,4.8,4.86,0,0
WIG_MS_FIN_DY,D,20190828,000000,4.86,5.04,4.86,5.04,0,0
WIG_MS_FIN_DY,D,20190829,000000,5.04,5.04,5,5,0,0
WIG_MS_FIN_DY,D,20190830,000000,5,5,4.84,4.84,0,0
WIG_MS_FIN_DY,D,20190902,000000,4.84,4.84,4.8,4.8,0,0
WIG_MS_FIN_DY,D,20190903,000000,4.8,4.88,4.8,4.88,0,0
WIG_MS_FIN_DY,D,20190904,000000,4.88,4.9,4.88,4.9,0,0
WIG_MS_FIN_DY,D,20190905,000000,4.9,4.9,4.86,4.86,0,0
WIG_MS_FIN_DY,D,20190906,000000,4.86,4.86,4.82,4.82,0,0
WIG_MS_FIN_DY,D,20190909,000000,4.82,4.82,4.68,4.68,0,0
WIG_MS_FIN_DY,D,20190910,000000,4.68,4.68,4.66,4.66,0,0
WIG_MS_FIN_DY,D,20190911,000000,4.66,4.66,4.64,4.64,0,0
WIG_MS_FIN_DY,D,20190912,000000,4.64,4.64,4.58,4.58,0,0
WIG_MS_FIN_DY,D,20190913,000000,4.58,4.58,4.58,4.58,0,0
WIG_MS_FIN_DY,D,20190916,000000,4.58,4.58,4.58,4.58,0,0
WIG_MS_FIN_DY,D,20190917,000000,4.58,4.62,4.58,4.62,0,0
WIG_MS_FIN_DY,D,20190918,000000,4.62,4.62,4.6,4.6,0,0
WIG_MS_FIN_DY,D,20190919,000000,4.6,4.66,4.6,4.66,0,0
WIG_MS_FIN_DY,D,20190920,000000,4.66,4.7,4.66,4.7,0,0
WIG_MS_FIN_DY,D,20190923,000000,4.7,4.76,4.7,4.76,0,0
WIG_MS_FIN_DY,D,20190924,000000,4.76,4.76,4.72,4.72,0,0
WIG_MS_FIN_DY,D,20190925,000000,4.72,4.74,4.72,4.74,0,0
WIG_MS_FIN_DY,D,20190926,000000,4.74,4.74,4.72,4.72,0,0
WIG_MS_FIN_DY,D,20190927,000000,4.72,4.72,4.68,4.68,0,0
WIG_MS_FIN_DY,D,20190930,000000,4.68,4.72,4.68,4.72,0,0
WIG_MS_FIN_DY,D,20191001,000000,4.72,4.76,4.72,4.76,0,0
WIG_MS_FIN_DY,D,20191002,000000,4.76,4.92,4.76,4.92,0,0
WIG_MS_FIN_DY,D,20191003,000000,4.92,5,4.92,5,0,0
WIG_MS_FIN_DY,D,20191004,000000,5,5,4.94,4.94,0,0
WIG_MS_FIN_DY,D,20191007,000000,4.94,4.94,4.92,4.92,0,0
WIG_MS_FIN_DY,D,20191008,000000,4.92,4.92,4.9,4.9,0,0
WIG_MS_FIN_DY,D,20191009,000000,4.9,4.9,4.88,4.88,0,0
WIG_MS_FIN_DY,D,20191010,000000,4.88,4.9,4.88,4.9,0,0
WIG_MS_FIN_DY,D,20191011,000000,4.9,4.9,4.78,4.78,0,0
WIG_MS_FIN_DY,D,20191014,000000,4.78,4.82,4.78,4.82,0,0
WIG_MS_FIN_DY,D,20191015,000000,4.82,4.82,4.82,4.82,0,0
WIG_MS_FIN_DY,D,20191016,000000,4.82,4.82,4.82,4.82,0,0
WIG_MS_FIN_DY,D,20191017,000000,4.82,4.82,4.74,4.74,0,0
WIG_MS_FIN_DY,D,20191018,000000,4.74,4.78,4.74,4.78,0,0
WIG_MS_FIN_DY,D,20191021,000000,4.78,4.78,4.72,4.72,0,0
WIG_MS_FIN_DY,D,20191022,000000,4.72,4.72,4.64,4.64,0,0
WIG_MS_FIN_DY,D,20191023,000000,4.64,4.64,4.62,4.62,0,0
WIG_MS_FIN_DY,D,20191024,000000,4.62,4.62,4.54,4.54,0,0
WIG_MS_FIN_DY,D,20191025,000000,4.54,4.66,4.54,4.66,0,0
WIG_MS_FIN_DY,D,20191028,000000,4.66,4.66,4.6,4.6,0,0
WIG_MS_FIN_DY,D,20191029,000000,4.6,4.6,4.6,4.6,0,0
WIG_MS_FIN_DY,D,20191030,000000,4.6,4.64,4.6,4.64,0,0
WIG_MS_FIN_DY,D,20191031,000000,4.64,4.7,4.64,4.7,0,0
WIG_MS_FIN_DY,D,20191104,000000,4.7,4.7,4.6,4.6,0,0
WIG_MS_FIN_DY,D,20191105,000000,4.6,4.6,4.6,4.6,0,0
WIG_MS_FIN_DY,D,20191106,000000,4.6,4.66,4.6,4.66,0,0
WIG_MS_FIN_DY,D,20191107,000000,4.66,4.66,4.64,4.64,0,0
WIG_MS_FIN_DY,D,20191108,000000,4.64,4.7,4.64,4.7,0,0
WIG_MS_FIN_DY,D,20191112,000000,4.7,4.7,4.7,4.7,0,0
WIG_MS_FIN_DY,D,20191113,000000,4.7,4.74,4.7,4.74,0,0
WIG_MS_FIN_DY,D,20191114,000000,4.74,4.74,4.74,4.74,0,0
WIG_MS_FIN_DY,D,20191115,000000,4.74,4.74,4.74,4.74,0,0
WIG_MS_FIN_DY,D,20191118,000000,4.74,4.74,4.74,4.74,0,0
WIG_MS_FIN_DY,D,20191119,000000,4.74,4.74,4.74,4.74,0,0
WIG_MS_FIN_DY,D,20191120,000000,4.74,4.74,4.74,4.74,0,0
WIG_MS_FIN_DY,D,20191121,000000,4.74,4.8,4.74,4.8,0,0
WIG_MS_FIN_DY,D,20191122,000000,4.8,4.8,4.76,4.76,0,0
WIG_MS_FIN_DY,D,20191125,000000,4.76,4.76,4.72,4.72,0,0
WIG_MS_FIN_DY,D,20191126,000000,4.72,4.76,4.72,4.76,0,0
WIG_MS_FIN_DY,D,20191127,000000,4.76,4.76,4.76,4.76,0,0
WIG_MS_FIN_DY,D,20191128,000000,4.76,4.84,4.76,4.84,0,0
WIG_MS_FIN_DY,D,20191129,000000,4.84,4.88,4.84,4.88,0,0
WIG_MS_FIN_DY,D,20191202,000000,4.88,4.98,4.88,4.98,0,0
WIG_MS_FIN_DY,D,20191203,000000,4.98,5.04,4.98,5.04,0,0
WIG_MS_FIN_DY,D,20191204,000000,5.04,5.1,5.04,5.1,0,0
WIG_MS_FIN_DY,D,20191205,000000,5.1,5.1,5.04,5.04,0,0
WIG_MS_FIN_DY,D,20191206,000000,5.04,5.06,5.04,5.06,0,0
WIG_MS_FIN_DY,D,20191209,000000,5.06,5.08,5.06,5.08,0,0
WIG_MS_FIN_DY,D,20191210,000000,5.08,5.14,5.08,5.14,0,0
WIG_MS_FIN_DY,D,20191211,000000,5.14,5.16,5.14,5.16,0,0
WIG_MS_FIN_DY,D,20191212,000000,5.16,5.16,4.94,4.94,0,0
WIG_MS_FIN_DY,D,20191213,000000,4.94,4.94,4.92,4.92,0,0
WIG_MS_FIN_DY,D,20191216,000000,4.92,4.92,4.86,4.86,0,0
WIG_MS_FIN_DY,D,20191217,000000,4.86,4.86,4.8,4.8,0,0
WIG_MS_FIN_DY,D,20191218,000000,4.8,4.8,4.8,4.8,0,0
WIG_MS_FIN_DY,D,20191219,000000,4.8,4.8,4.78,4.78,0,0
WIG_MS_FIN_DY,D,20191220,000000,4.78,4.78,4.78,4.78,0,0
WIG_MS_FIN_DY,D,20191223,000000,4.78,4.78,4.74,4.74,0,0
WIG_MS_FIN_DY,D,20191227,000000,4.74,4.76,4.74,4.76,0,0
WIG_MS_FIN_DY,D,20191230,000000,4.76,4.78,4.76,4.78,0,0
WIG_MS_FIN_DY,D,20200102,000000,4.78,4.78,4.68,4.68,0,0
WIG_MS_FIN_DY,D,20200103,000000,4.68,4.7,4.68,4.7,0,0
WIG_MS_FIN_DY,D,20200107,000000,4.7,4.78,4.7,4.78,0,0
WIG_MS_FIN_DY,D,20200108,000000,4.78,4.88,4.78,4.88,0,0
WIG_MS_FIN_DY,D,20200109,000000,4.88,4.88,4.74,4.74,0,0
WIG_MS_FIN_DY,D,20200110,000000,4.74,4.74,4.7,4.7,0,0
WIG_MS_FIN_DY,D,20200113,000000,4.7,4.7,4.64,4.64,0,0
WIG_MS_FIN_DY,D,20200114,000000,4.64,4.72,4.64,4.72,0,0
WIG_MS_FIN_DY,D,20200115,000000,4.72,4.76,4.72,4.76,0,0
WIG_MS_FIN_DY,D,20200116,000000,4.76,4.76,4.7,4.7,0,0
WIG_MS_FIN_DY,D,20200117,000000,4.7,4.7,4.66,4.66,0,0
WIG_MS_FIN_DY,D,20200120,000000,4.66,4.74,4.66,4.74,0,0
WIG_MS_FIN_DY,D,20200121,000000,4.74,4.78,4.74,4.78,0,0
WIG_MS_FIN_DY,D,20200122,000000,4.78,4.8,4.78,4.8,0,0
WIG_MS_FIN_DY,D,20200123,000000,4.8,4.8,4.76,4.76,0,0
WIG_MS_FIN_DY,D,20200124,000000,4.76,4.76,4.76,4.76,0,0
WIG_MS_FIN_DY,D,20200127,000000,4.76,4.94,4.76,4.94,0,0
WIG_MS_FIN_DY,D,20200128,000000,4.94,4.94,4.86,4.86,0,0
WIG_MS_FIN_DY,D,20200129,000000,4.86,4.86,4.8,4.8,0,0
WIG_MS_FIN_DY,D,20200130,000000,4.8,4.86,4.8,4.86,0,0
WIG_MS_FIN_DY,D,20200131,000000,4.86,4.9,4.86,4.9,0,0
WIG_MS_FIN_DY,D,20200203,000000,4.9,4.9,4.8,4.8,0,0
WIG_MS_FIN_DY,D,20200204,000000,4.8,4.8,4.78,4.78,0,0
WIG_MS_FIN_DY,D,20200205,000000,4.78,4.78,4.76,4.76,0,0
WIG_MS_FIN_DY,D,20200206,000000,4.76,4.76,4.74,4.74,0,0
WIG_MS_FIN_DY,D,20200207,000000,4.74,4.74,4.72,4.72,0,0
WIG_MS_FIN_DY,D,20200210,000000,4.72,4.74,4.72,4.74,0,0
WIG_MS_FIN_DY,D,20200211,000000,4.74,4.74,4.74,4.74,0,0
WIG_MS_FIN_DY,D,20200212,000000,4.74,4.74,4.68,4.68,0,0
WIG_MS_FIN_DY,D,20200213,000000,4.68,4.72,4.68,4.72,0,0
WIG_MS_FIN_DY,D,20200214,000000,4.72,4.76,4.72,4.76,0,0
WIG_MS_FIN_DY,D,20200217,000000,4.76,4.76,4.74,4.74,0,0
WIG_MS_FIN_DY,D,20200218,000000,4.74,4.8,4.74,4.8,0,0
WIG_MS_FIN_DY,D,20200219,000000,4.8,4.8,4.76,4.76,0,0
WIG_MS_FIN_DY,D,20200220,000000,4.76,4.76,4.76,4.76,0,0
WIG_MS_FIN_DY,D,20200221,000000,4.76,4.82,4.76,4.82,0,0
WIG_MS_FIN_DY,D,20200224,000000,4.82,5.02,4.82,5.02,0,0
WIG_MS_FIN_DY,D,20200225,000000,5.02,5.16,5.02,5.16,0,0
WIG_MS_FIN_DY,D,20200226,000000,5.16,5.16,5.14,5.14,0,0
WIG_MS_FIN_DY,D,20200227,000000,5.14,5.28,5.14,5.28,0,0
WIG_MS_FIN_DY,D,20200228,000000,5.28,5.56,5.28,5.56,0,0
WIG_MS_FIN_DY,D,20200302,000000,5.56,5.56,5.42,5.42,0,0
WIG_MS_FIN_DY,D,20200303,000000,5.42,5.42,5.18,5.18,0,0
WIG_MS_FIN_DY,D,20200304,000000,5.18,5.2,5.18,5.2,0,0
WIG_MS_FIN_DY,D,20200305,000000,5.2,5.3,5.2,5.3,0,0
WIG_MS_FIN_DY,D,20200306,000000,5.3,5.5,5.3,5.5,0,0
WIG_MS_FIN_DY,D,20200309,000000,5.5,6.06,5.5,6.06,0,0
WIG_MS_FIN_DY,D,20200310,000000,6.06,6.18,6.06,6.18,0,0
WIG_MS_FIN_DY,D,20200311,000000,6.18,6.52,6.18,6.52,0,0
WIG_MS_FIN_DY,D,20200312,000000,6.52,7.72,6.52,7.72,0,0
WIG_MS_FIN_DY,D,20200313,000000,7.72,7.72,7.42,7.42,0,0
WIG_MS_FIN_DY,D,20200316,000000,7.42,8.02,7.42,8.02,0,0
WIG_MS_FIN_DY,D,20200317,000000,8.02,8.02,7.52,7.52,0,0
WIG_MS_FIN_DY,D,20200318,000000,7.52,7.68,7.52,7.68,0,0
WIG_MS_FIN_DY,D,20200319,000000,7.68,7.68,7.38,7.38,0,0
WIG_MS_FIN_DY,D,20200320,000000,7.38,7.38,7.28,7.28,0,0
WIG_MS_FIN_DY,D,20200323,000000,7.28,7.92,7.28,7.92,0,0
WIG_MS_FIN_DY,D,20200324,000000,7.92,7.92,7.82,7.82,0,0
WIG_MS_FIN_DY,D,20200325,000000,7.82,7.84,7.82,7.84,0,0
WIG_MS_FIN_DY,D,20200326,000000,7.84,7.84,7.54,7.54,0,0
WIG_MS_FIN_DY,D,20200327,000000,7.54,7.64,7.54,7.64,0,0
WIG_MS_FIN_DY,D,20200330,000000,7.64,7.64,7.64,7.64,0,0
WIG_MS_FIN_DY,D,20200331,000000,7.64,7.64,7.6,7.6,0,0
WIG_MS_FIN_DY,D,20200401,000000,7.6,7.82,7.6,7.82,0,0
WIG_MS_FIN_DY,D,20200402,000000,7.82,8.02,7.82,8.02,0,0
WIG_MS_FIN_DY,D,20200403,000000,8.02,8.18,8.02,8.18,0,0
WIG_MS_FIN_DY,D,20200406,000000,8.18,8.18,7.66,7.66,0,0
WIG_MS_FIN_DY,D,20200407,000000,7.66,7.66,7.4,7.4,0,0
WIG_MS_FIN_DY,D,20200408,000000,7.4,7.9,7.4,7.9,0,0
WIG_MS_FIN_DY,D,20200409,000000,7.9,7.9,7.82,7.82,0,0
WIG_MS_FIN_DY,D,20200414,000000,7.82,7.82,7.58,7.58,0,0
WIG_MS_FIN_DY,D,20200415,000000,7.58,8.02,7.58,8.02,0,0
WIG_MS_FIN_DY,D,20200416,000000,8.02,8.02,8,8,0,0
WIG_MS_FIN_DY,D,20200417,000000,8,8,7.98,7.98,0,0
WIG_MS_FIN_DY,D,20200420,000000,7.98,7.98,7.88,7.88,0,0
WIG_MS_FIN_DY,D,20200421,000000,7.88,8.26,7.88,8.26,0,0
WIG_MS_FIN_DY,D,20200422,000000,8.26,8.28,8.26,8.28,0,0
WIG_MS_FIN_DY,D,20200423,000000,8.28,8.34,8.28,8.34,0,0
WIG_MS_FIN_DY,D,20200424,000000,8.34,8.56,8.34,8.56,0,0
WIG_MS_FIN_DY,D,20200427,000000,8.56,8.68,8.56,8.68,0,0
WIG_MS_FIN_DY,D,20200428,000000,8.68,8.68,8.52,8.52,0,0
WIG_MS_FIN_DY,D,20200429,000000,8.52,8.52,7.96,7.96,0,0
WIG_MS_FIN_DY,D,20200430,000000,7.96,8,7.96,8,0,0
WIG_MS_FIN_DY,D,20200504,000000,8,8.38,8,8.38,0,0
WIG_MS_FIN_DY,D,20200505,000000,8.38,8.44,8.38,8.44,0,0
WIG_MS_FIN_DY,D,20200506,000000,8.44,8.62,8.44,8.62,0,0
WIG_MS_FIN_DY,D,20200507,000000,8.62,8.62,8.5,8.5,0,0
WIG_MS_FIN_DY,D,20200508,000000,8.5,8.5,8.38,8.38,0,0
WIG_MS_FIN_DY,D,20200511,000000,8.38,8.6,8.38,8.6,0,0
WIG_MS_FIN_DY,D,20200512,000000,8.6,8.6,8.32,8.32,0,0
WIG_MS_FIN_DY,D,20200513,000000,8.32,8.32,8.3,8.3,0,0
WIG_MS_FIN_DY,D,20200514,000000,8.3,8.5,8.3,8.5,0,0
WIG_MS_FIN_DY,D,20200515,000000,8.5,8.56,8.5,8.56,0,0
WIG_MS_FIN_DY,D,20200518,000000,8.56,8.56,8.26,8.26,0,0
WIG_MS_FIN_DY,D,20200519,000000,8.26,8.32,8.26,8.32,0,0
WIG_MS_FIN_DY,D,20200520,000000,8.32,8.32,8.26,8.26,0,0
WIG_MS_FIN_DY,D,20200521,000000,8.26,8.3,8.26,8.3,0,0
WIG_MS_FIN_DY,D,20200522,000000,8.3,8.44,8.3,8.44,0,0
WIG_MS_FIN_DY,D,20200525,000000,8.44,8.44,5.8,5.8,0,0
WIG_MS_FIN_DY,D,20200526,000000,5.8,5.8,5.42,5.42,0,0
WIG_MS_FIN_DY,D,20200527,000000,5.42,5.42,3.44,3.44,0,0
WIG_MS_FIN_DY,D,20200528,000000,3.44,3.54,3.44,3.54,0,0
WIG_MS_FIN_DY,D,20200529,000000,3.54,3.62,3.54,3.62,0,0
WIG_MS_FIN_DY,D,20200601,000000,3.62,3.62,3.56,3.56,0,0
WIG_MS_FIN_DY,D,20200602,000000,3.56,3.62,3.56,3.62,0,0
WIG_MS_FIN_DY,D,20200603,000000,3.62,3.62,3.5,3.5,0,0
WIG_MS_FIN_DY,D,20200604,000000,3.5,3.5,3.4,3.4,0,0
WIG_MS_FIN_DY,D,20200605,000000,3.4,3.4,3.26,3.26,0,0
WIG_MS_FIN_DY,D,20200608,000000,3.26,3.26,3.14,3.14,0,0
WIG_MS_FIN_DY,D,20200609,000000,3.14,3.2,3.14,3.2,0,0
WIG_MS_FIN_DY,D,20200610,000000,3.2,3.3,3.2,3.3,0,0
WIG_MS_FIN_DY,D,20200612,000000,3.3,3.46,3.3,3.46,0,0
WIG_MS_FIN_DY,D,20200615,000000,3.46,3.5,3.46,3.5,0,0
WIG_MS_FIN_DY,D,20200616,000000,3.5,3.5,3.34,3.34,0,0
WIG_MS_FIN_DY,D,20200617,000000,3.34,3.34,3.34,3.34,0,0
WIG_MS_FIN_DY,D,20200618,000000,3.34,3.34,3.34,3.34,0,0
WIG_MS_FIN_DY,D,20200619,000000,3.34,3.34,3.34,3.34,0,0
WIG_MS_FIN_DY,D,20200622,000000,3.34,3.34,3.34,3.34,0,0
WIG_MS_FIN_DY,D,20200623,000000,3.34,3.34,3.34,3.34,0,0
WIG_MS_FIN_DY,D,20200624,000000,3.34,3.34,1.16,1.16,0,0
WIG_MS_FIN_DY,D,20200625,000000,1.16,1.16,1.16,1.16,0,0
WIG_MS_FIN_DY,D,20200626,000000,1.16,1.18,1.16,1.18,0,0
WIG_MS_FIN_DY,D,20200629,000000,1.18,1.18,1.18,1.18,0,0
WIG_MS_FIN_DY,D,20200630,000000,1.18,1.18,1.16,1.16,0,0
WIG_MS_FIN_DY,D,20200701,000000,1.16,1.16,1.16,1.16,0,0
WIG_MS_FIN_DY,D,20200702,000000,1.16,1.16,1.14,1.14,0,0
WIG_MS_FIN_DY,D,20200703,000000,1.14,1.14,1.14,1.14,0,0
WIG_MS_FIN_DY,D,20200706,000000,1.14,1.14,1.12,1.12,0,0
WIG_MS_FIN_DY,D,20200707,000000,1.12,1.14,1.12,1.14,0,0
WIG_MS_FIN_DY,D,20200708,000000,1.14,1.14,1.14,1.14,0,0
WIG_MS_FIN_DY,D,20200709,000000,1.14,1.14,1.14,1.14,0,0
WIG_MS_FIN_DY,D,20200710,000000,1.14,1.14,1.12,1.12,0,0
WIG_MS_FIN_DY,D,20200713,000000,1.12,1.12,1.12,1.12,0,0
WIG_MS_FIN_DY,D,20200714,000000,1.12,1.14,1.12,1.14,0,0
WIG_MS_FIN_DY,D,20200715,000000,1.14,1.14,1.1,1.1,0,0
WIG_MS_FIN_DY,D,20200716,000000,1.1,1.12,1.1,1.12,0,0
WIG_MS_FIN_DY,D,20200717,000000,1.12,1.14,1.12,1.14,0,0
WIG_MS_FIN_DY,D,20200720,000000,1.14,1.14,1.12,1.12,0,0
WIG_MS_FIN_DY,D,20200721,000000,1.12,1.12,1.1,1.1,0,0
WIG_MS_FIN_DY,D,20200722,000000,1.1,1.14,1.1,1.14,0,0
WIG_MS_FIN_DY,D,20200723,000000,1.14,1.14,1.14,1.14,0,0
WIG_MS_FIN_DY,D,20200724,000000,1.14,1.16,1.14,1.16,0,0
WIG_MS_FIN_DY,D,20200727,000000,1.16,1.18,1.16,1.18,0,0
WIG_MS_FIN_DY,D,20200728,000000,1.18,1.18,1.16,1.16,0,0
WIG_MS_FIN_DY,D,20200729,000000,1.16,1.18,1.16,1.18,0,0
WIG_MS_FIN_DY,D,20200730,000000,1.18,1.22,1.18,1.22,0,0
WIG_MS_FIN_DY,D,20200731,000000,1.22,1.22,1.22,1.22,0,0
WIG_MS_FIN_DY,D,20200803,000000,1.22,1.22,1.22,1.22,0,0
WIG_MS_FIN_DY,D,20200804,000000,1.22,1.22,1.2,1.2,0,0
WIG_MS_FIN_DY,D,20200805,000000,1.2,1.2,1.2,1.2,0,0
WIG_MS_FIN_DY,D,20200806,000000,1.2,1.22,1.2,1.22,0,0
WIG_MS_FIN_DY,D,20200807,000000,1.22,1.22,1.22,1.22,0,0
WIG_MS_FIN_DY,D,20200810,000000,1.22,1.22,1.22,1.22,0,0
WIG_MS_FIN_DY,D,20200811,000000,1.22,1.22,1.14,1.14,0,0
WIG_MS_FIN_DY,D,20200812,000000,1.14,1.14,1.14,1.14,0,0
WIG_MS_FIN_DY,D,20200813,000000,1.14,1.16,1.14,1.16,0,0
WIG_MS_FIN_DY,D,20200814,000000,1.16,1.16,1.14,1.14,0,0
WIG_MS_FIN_DY,D,20200817,000000,1.14,1.14,1.14,1.14,0,0
WIG_MS_FIN_DY,D,20200818,000000,1.14,1.16,1.14,1.16,0,0
WIG_MS_FIN_DY,D,20200819,000000,1.16,1.2,1.16,1.2,0,0
WIG_MS_FIN_DY,D,20200820,000000,1.2,1.2,1.2,1.2,0,0
WIG_MS_FIN_DY,D,20200821,000000,1.2,1.2,1.2,1.2,0,0
WIG_MS_FIN_DY,D,20200824,000000,1.2,1.2,1.18,1.18,0,0
WIG_MS_FIN_DY,D,20200825,000000,1.18,1.2,1.18,1.2,0,0
WIG_MS_FIN_DY,D,20200826,000000,1.2,1.2,1.2,1.2,0,0
WIG_MS_FIN_DY,D,20200827,000000,1.2,1.2,1.2,1.2,0,0
WIG_MS_FIN_DY,D,20210910,000000,0.62,0.62,0.62,0.62,0,0
WIG_MS_FIN_DY,D,20210913,000000,0.62,0.62,0.6,0.6,0,0
WIG_MS_FIN_DY,D,20210914,000000,0.6,0.6,0.6,0.6,0,0
WIG_MS_FIN_DY,D,20210915,000000,0.6,2.46,0.6,2.46,0,0
WIG_MS_FIN_DY,D,20210916,000000,2.46,2.46,2.44,2.44,0,0
WIG_MS_FIN_DY,D,20210917,000000,2.44,2.48,2.44,2.48,0,0
WIG_MS_FIN_DY,D,20210920,000000,2.48,2.56,2.48,2.56,0,0
WIG_MS_FIN_DY,D,20210921,000000,2.56,2.56,2.56,2.56,0,0
WIG_MS_FIN_DY,D,20210922,000000,2.56,2.56,2.5,2.5,0,0
WIG_MS_FIN_DY,D,20210923,000000,2.5,2.52,2.5,2.52,0,0
WIG_MS_FIN_DY,D,20210924,000000,2.52,2.54,2.52,2.54,0,0
WIG_MS_FIN_DY,D,20210927,000000,2.54,2.54,2.52,2.52,0,0
WIG_MS_FIN_DY,D,20210928,000000,2.52,2.56,2.52,2.56,0,0
WIG_MS_FIN_DY,D,20210929,000000,2.56,2.56,2.54,2.54,0,0
WIG_MS_FIN_DY,D,20210930,000000,2.54,2.54,2.54,2.54,0,0
WIG_MS_FIN_DY,D,20211001,000000,2.54,2.54,2.5,2.5,0,0
WIG_MS_FIN_DY,D,20211004,000000,2.5,2.5,2.46,2.46,0,0
WIG_MS_FIN_DY,D,20211005,000000,2.46,2.46,2.44,2.44,0,0
WIG_MS_FIN_DY,D,20211006,000000,2.44,2.44,2.42,2.42,0,0
WIG_MS_FIN_DY,D,20211007,000000,2.42,2.42,2.36,2.36,0,0
WIG_MS_FIN_DY,D,20211008,000000,2.36,2.46,2.36,2.46,0,0
WIG_MS_FIN_DY,D,20211011,000000,2.46,2.46,2.4,2.4,0,0
WIG_MS_FIN_DY,D,20211012,000000,2.4,2.4,2.38,2.38,0,0
WIG_MS_FIN_DY,D,20211013,000000,2.38,2.4,2.38,2.4,0,0
WIG_MS_FIN_DY,D,20211014,000000,2.4,2.4,2.38,2.38,0,0
WIG_MS_FIN_DY,D,20211015,000000,2.38,2.4,2.38,2.4,0,0
WIG_MS_FIN_DY,D,20211018,000000,2.4,2.4,2.38,2.38,0,0
WIG_MS_FIN_DY,D,20211019,000000,2.38,2.38,2.38,2.38,0,0
WIG_MS_FIN_DY,D,20211020,000000,2.38,2.4,2.38,2.4,0,0
WIG_MS_FIN_DY,D,20211021,000000,2.4,2.4,2.4,2.4,0,0
WIG_MS_FIN_DY,D,20211022,000000,2.4,2.44,2.4,2.44,0,0
WIG_MS_FIN_DY,D,20211025,000000,2.44,2.44,2.42,2.42,0,0
WIG_MS_FIN_DY,D,20211026,000000,2.42,2.42,2.38,2.38,0,0
WIG_MS_FIN_DY,D,20211027,000000,2.38,2.42,2.38,2.42,0,0
WIG_MS_FIN_DY,D,20211028,000000,2.42,2.42,2.4,2.4,0,0
WIG_MS_FIN_DY,D,20211029,000000,2.4,2.4,2.36,2.36,0,0
WIG_MS_FIN_DY,D,20211102,000000,2.36,2.36,2.34,2.34,0,0
WIG_MS_FIN_DY,D,20211103,000000,2.34,2.38,2.34,2.38,0,0
WIG_MS_FIN_DY,D,20211104,000000,2.38,2.38,2.34,2.34,0,0
WIG_MS_FIN_DY,D,20211105,000000,2.34,2.34,2.34,2.34,0,0
WIG_MS_FIN_DY,D,20211108,000000,2.34,2.34,2.34,2.34,0,0
WIG_MS_FIN_DY,D,20211109,000000,2.34,2.36,2.34,2.36,0,0
WIG_MS_FIN_DY,D,20211110,000000,2.36,2.38,2.36,2.38,0,0
WIG_MS_FIN_DY,D,20211112,000000,2.38,2.38,2.38,2.38,0,0
WIG_MS_FIN_DY,D,20211115,000000,2.38,2.38,2.38,2.38,0,0
WIG_MS_FIN_DY,D,20211116,000000,2.38,2.4,2.38,2.4,0,0
WIG_MS_FIN_DY,D,20211117,000000,2.4,2.42,2.4,2.42,0,0
WIG_MS_FIN_DY,D,20211118,000000,2.42,2.5,2.42,2.5,0,0
WIG_MS_FIN_DY,D,20211119,000000,2.5,2.62,2.5,2.62,0,0
WIG_MS_FIN_DY,D,20211122,000000,2.62,2.64,2.62,2.64,0,0
WIG_MS_FIN_DY,D,20211123,000000,2.64,2.64,2.64,2.64,0,0
WIG_MS_FIN_DY,D,20211124,000000,2.64,2.64,2.62,2.62,0,0
WIG_MS_FIN_DY,D,20211125,000000,2.62,2.62,2.62,2.62,0,0
WIG_MS_FIN_DY,D,20211126,000000,2.62,2.7,2.62,2.7,0,0
WIG_MS_FIN_DY,D,20211129,000000,2.7,2.7,2.66,2.66,0,0
WIG_MS_FIN_DY,D,20211130,000000,2.66,2.66,2.66,2.66,0,0
WIG_MS_FIN_DY,D,20211201,000000,2.66,2.66,2.58,2.58,0,0
WIG_MS_FIN_DY,D,20211202,000000,2.58,2.58,2.58,2.58,0,0
WIG_MS_FIN_DY,D,20211203,000000,2.58,2.58,2.58,2.58,0,0
WIG_MS_FIN_DY,D,20211206,000000,2.58,2.58,2.56,2.56,0,0
WIG_MS_FIN_DY,D,20211207,000000,2.56,2.56,2.52,2.52,0,0
WIG_MS_FIN_DY,D,20211208,000000,2.52,2.54,2.52,2.54,0,0
WIG_MS_FIN_DY,D,20211209,000000,2.54,2.56,2.54,2.56,0,0
WIG_MS_FIN_DY,D,20211210,000000,2.56,2.58,2.56,2.58,0,0
WIG_MS_FIN_DY,D,20211213,000000,2.58,2.6,2.58,2.6,0,0
WIG_MS_FIN_DY,D,20211214,000000,2.6,2.6,2.6,2.6,0,0
WIG_MS_FIN_DY,D,20211215,000000,2.6,2.68,2.6,2.68,0,0
WIG_MS_FIN_DY,D,20211216,000000,2.68,2.68,2.66,2.66,0,0
WIG_MS_FIN_DY,D,20211217,000000,2.66,2.66,2.66,2.66,0,0
WIG_MS_FIN_DY,D,20211220,000000,2.66,2.7,2.66,2.7,0,0
WIG_MS_FIN_DY,D,20211221,000000,2.7,2.72,2.7,2.72,0,0
WIG_MS_FIN_DY,D,20211222,000000,2.72,2.72,2.72,2.72,0,0
WIG_MS_FIN_DY,D,20211223,000000,2.72,2.72,2.68,2.68,0,0
WIG_MS_FIN_DY,D,20211227,000000,2.68,2.68,2.66,2.66,0,0
WIG_MS_FIN_DY,D,20211228,000000,2.66,2.66,2.6,2.6,0,0
WIG_MS_FIN_DY,D,20211229,000000,2.6,2.62,2.6,2.62,0,0
WIG_MS_FIN_DY,D,20211230,000000,2.62,2.62,2.62,2.62,0,0
WIG_MS_FIN_DY,D,20220103,000000,2.62,2.62,2.58,2.58,0,0
WIG_MS_FIN_DY,D,20220104,000000,2.58,2.58,2.58,2.58,0,0
WIG_MS_FIN_DY,D,20220105,000000,2.58,2.58,2.58,2.58,0,0
WIG_MS_FIN_DY,D,20220107,000000,2.58,2.6,2.58,2.6,0,0
WIG_MS_FIN_DY,D,20220110,000000,2.6,2.62,2.6,2.62,0,0
WIG_MS_FIN_DY,D,20220111,000000,2.62,2.62,2.5,2.5,0,0
WIG_MS_FIN_DY,D,20220112,000000,2.5,2.5,2.48,2.48,0,0
WIG_MS_FIN_DY,D,20220113,000000,2.48,2.48,2.46,2.46,0,0
WIG_MS_FIN_DY,D,20220114,000000,2.46,2.46,2.46,2.46,0,0
WIG_MS_FIN_DY,D,20220117,000000,2.46,2.48,2.46,2.48,0,0
WIG_MS_FIN_DY,D,20220118,000000,2.48,2.54,2.48,2.54,0,0
WIG_MS_FIN_DY,D,20220119,000000,2.54,2.54,2.54,2.54,0,0
WIG_MS_FIN_DY,D,20220120,000000,2.54,2.54,2.52,2.52,0,0
WIG_MS_FIN_DY,D,20220121,000000,2.52,2.56,2.52,2.56,0,0
WIG_MS_FIN_DY,D,20220124,000000,2.56,2.66,2.56,2.66,0,0
WIG_MS_FIN_DY,D,20220125,000000,2.66,2.66,2.64,2.64,0,0
WIG_MS_FIN_DY,D,20220126,000000,2.64,2.64,2.56,2.56,0,0
WIG_MS_FIN_DY,D,20220127,000000,2.56,2.56,2.5,2.5,0,0
WIG_MS_FIN_DY,D,20220128,000000,2.5,2.56,2.5,2.56,0,0
WIG_MS_FIN_DY,D,20220131,000000,2.56,2.56,2.54,2.54,0,0
WIG_MS_FIN_DY,D,20220201,000000,2.54,2.54,2.48,2.48,0,0
WIG_MS_FIN_DY,D,20220202,000000,2.48,2.48,2.46,2.46,0,0
WIG_MS_FIN_DY,D,20220203,000000,2.46,2.48,2.46,2.48,0,0
WIG_MS_FIN_DY,D,20220204,000000,2.48,2.54,2.48,2.54,0,0
WIG_MS_FIN_DY,D,20220207,000000,2.54,2.54,2.54,2.54,0,0
WIG_MS_FIN_DY,D,20220208,000000,2.54,2.54,2.48,2.48,0,0
WIG_MS_FIN_DY,D,20220209,000000,2.48,2.48,2.48,2.48,0,0
WIG_MS_FIN_DY,D,20220210,000000,2.48,2.54,2.48,2.54,0,0
WIG_MS_FIN_DY,D,20220211,000000,2.54,2.54,2.54,2.54,0,0
WIG_MS_FIN_DY,D,20220214,000000,2.54,2.62,2.54,2.62,0,0
WIG_MS_FIN_DY,D,20220215,000000,2.62,2.62,2.58,2.58,0,0
WIG_MS_FIN_DY,D,20220216,000000,2.58,2.58,2.56,2.56,0,0
WIG_MS_FIN_DY,D,20220217,000000,2.56,2.6,2.56,2.6,0,0
WIG_MS_FIN_DY,D,20220218,000000,2.6,2.64,2.6,2.64,0,0
WIG_MS_FIN_DY,D,20220221,000000,2.64,2.76,2.64,2.76,0,0
WIG_MS_FIN_DY,D,20220222,000000,2.76,2.76,2.72,2.72,0,0
WIG_MS_FIN_DY,D,20220223,000000,2.72,2.8,2.72,2.8,0,0
WIG_MS_FIN_DY,D,20220224,000000,2.8,3.06,2.8,3.06,0,0
WIG_MS_FIN_DY,D,20220225,000000,3.06,3.06,2.78,2.78,0,0
WIG_MS_FIN_DY,D,20220228,000000,2.78,2.92,2.78,2.92,0,0
WIG_MS_FIN_DY,D,20220301,000000,2.92,3.06,2.92,3.06,0,0
WIG_MS_FIN_DY,D,20220302,000000,3.06,3.06,2.98,2.98,0,0
WIG_MS_FIN_DY,D,20220303,000000,2.98,3,2.98,3,0,0
WIG_MS_FIN_DY,D,20220304,000000,3,3.26,3,3.26,0,0
WIG_MS_FIN_DY,D,20220307,000000,3.26,3.26,3.18,3.18,0,0
WIG_MS_FIN_DY,D,20220308,000000,3.18,3.2,3.18,3.2,0,0
WIG_MS_FIN_DY,D,20220309,000000,3.2,3.2,2.98,2.98,0,0
WIG_MS_FIN_DY,D,20220310,000000,2.98,3.04,2.98,3.04,0,0
WIG_MS_FIN_DY,D,20220311,000000,3.04,3.04,2.96,2.96,0,0
WIG_MS_FIN_DY,D,20220314,000000,2.96,2.96,2.96,2.96,0,0
WIG_MS_FIN_DY,D,20220315,000000,2.96,2.96,2.86,2.86,0,0
WIG_MS_FIN_DY,D,20220316,000000,2.86,2.86,2.74,2.74,0,0
WIG_MS_FIN_DY,D,20220317,000000,2.74,2.74,2.74,2.74,0,0
WIG_MS_FIN_DY,D,20220318,000000,2.74,2.76,2.74,2.76,0,0
WIG_MS_FIN_DY,D,20220321,000000,2.76,2.8,2.76,2.8,0,0
WIG_MS_FIN_DY,D,20220322,000000,2.8,2.8,2.76,2.76,0,0
WIG_MS_FIN_DY,D,20220323,000000,2.76,2.78,2.76,2.78,0,0
WIG_MS_FIN_DY,D,20220324,000000,2.78,2.78,2.78,2.78,0,0
WIG_MS_FIN_DY,D,20220325,000000,2.78,2.82,2.78,2.82,0,0
WIG_MS_FIN_DY,D,20220328,000000,2.82,2.84,2.82,2.84,0,0
WIG_MS_FIN_DY,D,20220329,000000,2.84,2.84,2.74,2.74,0,0
WIG_MS_FIN_DY,D,20220330,000000,2.74,2.74,2.74,2.74,0,0
WIG_MS_FIN_DY,D,20220331,000000,2.74,2.76,2.74,2.76,0,0
WIG_MS_FIN_DY,D,20220401,000000,2.76,2.76,2.7,2.7,0,0
WIG_MS_FIN_DY,D,20220404,000000,2.7,2.72,2.7,2.72,0,0
WIG_MS_FIN_DY,D,20220405,000000,2.72,2.76,2.72,2.76,0,0
WIG_MS_FIN_DY,D,20220406,000000,2.76,2.78,2.76,2.78,0,0
WIG_MS_FIN_DY,D,20220407,000000,2.78,2.82,2.78,2.82,0,0
WIG_MS_FIN_DY,D,20220408,000000,2.82,2.82,2.8,2.8,0,0
WIG_MS_FIN_DY,D,20220411,000000,2.8,2.8,2.74,2.74,0,0
WIG_MS_FIN_DY,D,20220412,000000,2.74,2.8,2.74,2.8,0,0
WIG_MS_FIN_DY,D,20220413,000000,2.8,2.82,2.8,2.82,0,0
WIG_MS_FIN_DY,D,20220414,000000,2.82,2.84,2.82,2.84,0,0
WIG_MS_FIN_DY,D,20220419,000000,2.84,2.84,2.82,2.82,0,0
WIG_MS_FIN_DY,D,20220420,000000,2.82,2.86,2.82,2.86,0,0
WIG_MS_FIN_DY,D,20220421,000000,2.86,2.86,2.84,2.84,0,0
WIG_MS_FIN_DY,D,20220422,000000,2.84,2.84,2.84,2.84,0,0
WIG_MS_FIN_DY,D,20220425,000000,2.84,2.98,2.84,2.98,0,0
WIG_MS_FIN_DY,D,20220426,000000,2.98,3.02,2.98,3.02,0,0
WIG_MS_FIN_DY,D,20220427,000000,3.02,3.08,3.02,3.08,0,0
WIG_MS_FIN_DY,D,20220428,000000,3.08,3.08,3.04,3.04,0,0
WIG_MS_FIN_DY,D,20220429,000000,3.04,3.1,3.04,3.1,0,0
WIG_MS_FIN_DY,D,20220502,000000,3.1,3.12,3.1,3.12,0,0
WIG_MS_FIN_DY,D,20220504,000000,3.12,3.14,3.12,3.14,0,0
WIG_MS_FIN_DY,D,20220505,000000,3.14,3.22,3.14,3.22,0,0
WIG_MS_FIN_DY,D,20220506,000000,3.22,3.22,3.2,3.2,0,0
WIG_MS_FIN_DY,D,20220509,000000,3.2,3.28,3.2,3.28,0,0
WIG_MS_FIN_DY,D,20220510,000000,3.28,3.3,3.28,3.3,0,0
WIG_MS_FIN_DY,D,20220511,000000,3.3,3.34,3.3,3.34,0,0
WIG_MS_FIN_DY,D,20220512,000000,3.34,3.36,3.34,3.36,0,0
WIG_MS_FIN_DY,D,20220513,000000,3.36,3.36,3.24,3.24,0,0
WIG_MS_FIN_DY,D,20220516,000000,3.24,3.28,3.24,3.28,0,0
WIG_MS_FIN_DY,D,20220517,000000,3.28,3.28,3.2,3.2,0,0
WIG_MS_FIN_DY,D,20220518,000000,3.2,3.2,3.2,3.2,0,0
WIG_MS_FIN_DY,D,20220519,000000,3.2,3.2,3.2,3.2,0,0
WIG_MS_FIN_DY,D,20220520,000000,3.2,3.2,3.18,3.18,0,0
WIG_MS_FIN_DY,D,20220523,000000,3.18,3.18,3,3,0,0
WIG_MS_FIN_DY,D,20220524,000000,3,3.02,3,3.02,0,0
WIG_MS_FIN_DY,D,20220525,000000,3.02,3.1,3.02,3.1,0,0
WIG_MS_FIN_DY,D,20220526,000000,3.1,3.1,3.04,3.04,0,0
WIG_MS_FIN_DY,D,20220527,000000,3.04,3.1,3.04,3.1,0,0
WIG_MS_FIN_DY,D,20220530,000000,3.1,3.1,3,3,0,0
WIG_MS_FIN_DY,D,20220531,000000,3,3.04,3,3.04,0,0
WIG_MS_FIN_DY,D,20220601,000000,3.04,3.1,3.04,3.1,0,0
WIG_MS_FIN_DY,D,20220602,000000,3.1,3.1,3.1,3.1,0,0
WIG_MS_FIN_DY,D,20220603,000000,3.1,3.18,3.1,3.18,0,0
WIG_MS_FIN_DY,D,20220606,000000,3.18,3.18,3.06,3.06,0,0
WIG_MS_FIN_DY,D,20220607,000000,3.06,3.16,3.06,3.16,0,0
WIG_MS_FIN_DY,D,20220608,000000,3.16,3.24,3.16,3.24,0,0
WIG_MS_FIN_DY,D,20220609,000000,3.24,3.28,3.24,3.28,0,0
WIG_MS_FIN_DY,D,20220610,000000,3.28,3.38,3.28,3.38,0,0
WIG_MS_FIN_DY,D,20220613,000000,3.38,3.46,3.38,3.46,0,0
WIG_MS_FIN_DY,D,20220614,000000,3.46,3.46,3.38,3.38,0,0
WIG_MS_FIN_DY,D,20220615,000000,3.38,3.4,3.38,3.4,0,0
WIG_MS_FIN_DY,D,20220617,000000,3.4,3.4,3.36,3.36,0,0
WIG_MS_FIN_DY,D,20220620,000000,3.36,3.36,3.34,3.34,0,0
WIG_MS_FIN_DY,D,20220621,000000,3.34,3.34,3.32,3.32,0,0
WIG_MS_FIN_DY,D,20220622,000000,3.32,3.34,3.32,3.34,0,0
WIG_MS_FIN_DY,D,20220623,000000,3.34,3.4,3.34,3.4,0,0
WIG_MS_FIN_DY,D,20220624,000000,3.4,3.4,3.34,3.34,0,0
WIG_MS_FIN_DY,D,20220627,000000,3.34,3.34,3.32,3.32,0,0
WIG_MS_FIN_DY,D,20220628,000000,3.32,3.32,3.28,3.28,0,0
WIG_MS_FIN_DY,D,20220629,000000,3.28,3.28,3.28,3.28,0,0
WIG_MS_FIN_DY,D,20220630,000000,3.28,3.36,3.28,3.36,0,0
WIG_MS_FIN_DY,D,20220701,000000,3.36,3.36,3.36,3.36,0,0
WIG_MS_FIN_DY,D,20220704,000000,3.36,3.4,3.36,3.4,0,0
WIG_MS_FIN_DY,D,20220705,000000,3.4,3.5,3.4,3.5,0,0
WIG_MS_FIN_DY,D,20220706,000000,3.5,3.5,3.46,3.46,0,0
WIG_MS_FIN_DY,D,20220707,000000,3.46,3.46,3.4,3.4,0,0
WIG_MS_FIN_DY,D,20220708,000000,3.4,3.4,3.3,3.3,0,0
WIG_MS_FIN_DY,D,20220711,000000,3.3,3.3,3.3,3.3,0,0
WIG_MS_FIN_DY,D,20220712,000000,3.3,3.44,3.3,3.44,0,0
WIG_MS_FIN_DY,D,20220713,000000,3.44,3.44,3.42,3.42,0,0
WIG_MS_FIN_DY,D,20220714,000000,3.42,3.48,3.42,3.48,0,0
WIG_MS_FIN_DY,D,20220715,000000,3.48,3.48,3.48,3.48,0,0
WIG_MS_FIN_DY,D,20220718,000000,3.48,3.48,3.38,3.38,0,0
WIG_MS_FIN_DY,D,20220719,000000,3.38,3.42,3.38,3.42,0,0
WIG_MS_FIN_DY,D,20220720,000000,3.42,3.42,3.42,3.42,0,0
WIG_MS_FIN_DY,D,20220721,000000,3.42,3.42,3.42,3.42,0,0
WIG_MS_FIN_DY,D,20220722,000000,3.42,3.46,3.42,3.46,0,0
WIG_MS_FIN_DY,D,20220725,000000,3.46,3.72,3.46,3.72,0,0
WIG_MS_FIN_DY,D,20220726,000000,3.72,3.84,3.72,3.84,0,0
WIG_MS_FIN_DY,D,20220727,000000,3.84,3.84,3.84,3.84,0,0
WIG_MS_FIN_DY,D,20220728,000000,3.84,3.84,3.8,3.8,0,0
WIG_MS_FIN_DY,D,20220729,000000,3.8,3.8,3.72,3.72,0,0
WIG_MS_FIN_DY,D,20220801,000000,3.72,3.72,3.68,3.68,0,0
WIG_MS_FIN_DY,D,20220802,000000,3.68,3.72,3.68,3.72,0,0
WIG_MS_FIN_DY,D,20220803,000000,3.72,3.72,3.72,3.72,0,0
WIG_MS_FIN_DY,D,20220804,000000,3.72,5.28,3.72,5.28,0,0
WIG_MS_FIN_DY,D,20220805,000000,5.28,5.36,5.28,5.36,0,0
WIG_MS_FIN_DY,D,20220808,000000,5.36,5.36,5.14,5.14,0,0
WIG_MS_FIN_DY,D,20220809,000000,5.14,5.14,5.14,5.14,0,0
WIG_MS_FIN_DY,D,20220810,000000,5.14,5.16,5.14,5.16,0,0
WIG_MS_FIN_DY,D,20220811,000000,5.16,5.16,5.06,5.06,0,0
WIG_MS_FIN_DY,D,20220812,000000,5.06,5.06,5.04,5.04,0,0
WIG_MS_FIN_DY,D,20220816,000000,5.04,5.12,5.04,5.12,0,0
WIG_MS_FIN_DY,D,20220817,000000,5.12,5.3,5.12,5.3,0,0
WIG_MS_FIN_DY,D,20220818,000000,5.3,5.3,5.16,5.16,0,0
WIG_MS_FIN_DY,D,20220819,000000,5.16,5.22,5.16,5.22,0,0
WIG_MS_FIN_DY,D,20220822,000000,5.22,5.28,5.22,5.28,0,0
WIG_MS_FIN_DY,D,20220823,000000,5.28,5.34,5.28,5.34,0,0
WIG_MS_FIN_DY,D,20220824,000000,5.34,5.42,5.34,5.42,0,0
WIG_MS_FIN_DY,D,20220825,000000,5.42,5.42,5.38,5.38,0,0
WIG_MS_FIN_DY,D,20220826,000000,5.38,5.54,5.38,5.54,0,0
WIG_MS_FIN_DY,D,20220829,000000,5.54,5.66,5.54,5.66,0,0
WIG_MS_FIN_DY,D,20220830,000000,5.66,5.66,5.66,5.66,0,0
WIG_MS_FIN_DY,D,20220831,000000,5.66,5.66,5.62,5.62,0,0
WIG_MS_FIN_DY,D,20220901,000000,5.62,5.9,5.62,5.9,0,0
WIG_MS_FIN_DY,D,20220902,000000,5.9,5.9,5.74,5.74,0,0
WIG_MS_FIN_DY,D,20220905,000000,5.74,5.78,5.74,5.78,0,0
