<TICKER>,<PER>,<DATE>,<TIME>,<OPEN>,<HIGH>,<LOW>,<CLOSE>,<VOL>,<OPENINT>
WIG_MOTO_BV,D,20170104,000000,4229.54,4229.54,4226.09,4226.09,0,0
WIG_MOTO_BV,D,20170105,000000,4226.09,4226.09,4223.32,4223.32,0,0
WIG_MOTO_BV,D,20170109,000000,4223.32,4223.32,4220.85,4220.85,0,0
WIG_MOTO_BV,D,20170110,000000,4220.85,4221.23,4220.85,4221.23,0,0
WIG_MOTO_BV,D,20170111,000000,4221.23,4221.23,4220.16,4220.16,0,0
WIG_MOTO_BV,D,20170112,000000,4220.16,4220.16,4219.03,4219.03,0,0
WIG_MOTO_BV,D,20170113,000000,4219.03,4220.01,4219.03,4220.01,0,0
WIG_MOTO_BV,D,20170116,000000,4220.01,4220.05,4220.01,4220.05,0,0
WIG_MOTO_BV,D,20170117,000000,4220.05,4221.43,4220.05,4221.43,0,0
WIG_MOTO_BV,D,20170118,000000,4221.43,4221.43,4220.96,4220.96,0,0
WIG_MOTO_BV,D,20170119,000000,4220.96,4220.96,4219.5,4219.5,0,0
WIG_MOTO_BV,D,20170120,000000,4219.5,4220.3,4219.5,4220.3,0,0
WIG_MOTO_BV,D,20170123,000000,4220.3,4220.3,4218.45,4218.45,0,0
WIG_MOTO_BV,D,20170124,000000,4218.45,4219.94,4218.45,4219.94,0,0
WIG_MOTO_BV,D,20170125,000000,4219.94,4219.94,4219.94,4219.94,0,0
WIG_MOTO_BV,D,20170126,000000,4219.94,4219.94,4217.97,4217.97,0,0
WIG_MOTO_BV,D,20170127,000000,4217.97,4217.97,4215.39,4215.39,0,0
WIG_MOTO_BV,D,20170130,000000,4215.39,4215.39,4213.01,4213.01,0,0
WIG_MOTO_BV,D,20170131,000000,4213.01,4213.01,4210.3,4210.3,0,0
WIG_MOTO_BV,D,20170201,000000,4210.3,4210.68,4210.3,4210.68,0,0
WIG_MOTO_BV,D,20170202,000000,4210.68,4210.68,4208.75,4208.75,0,0
WIG_MOTO_BV,D,20170203,000000,4208.75,4208.75,4205.71,4205.71,0,0
WIG_MOTO_BV,D,20170206,000000,4205.71,4205.71,4205.71,4205.71,0,0
WIG_MOTO_BV,D,20170207,000000,4203.51,4203.51,4200.82,4200.82,0,0
WIG_MOTO_BV,D,20170208,000000,4200.82,4202.57,4200.82,4202.57,0,0
WIG_MOTO_BV,D,20170209,000000,4202.57,4206.68,4202.57,4206.68,0,0
WIG_MOTO_BV,D,20170210,000000,4206.68,4207.44,4206.68,4207.44,0,0
WIG_MOTO_BV,D,20170213,000000,4207.44,4207.44,4204.51,4204.51,0,0
WIG_MOTO_BV,D,20170214,000000,4204.51,4205.55,4204.51,4205.55,0,0
WIG_MOTO_BV,D,20170215,000000,4205.55,4205.55,4204.4,4204.4,0,0
WIG_MOTO_BV,D,20170216,000000,4204.4,4204.4,4204.4,4204.4,0,0
WIG_MOTO_BV,D,20170217,000000,4204.4,4207.39,4204.4,4207.39,0,0
WIG_MOTO_BV,D,20170220,000000,4207.39,4210.81,4207.39,4210.81,0,0
WIG_MOTO_BV,D,20170221,000000,4210.81,4210.81,4208.88,4208.88,0,0
WIG_MOTO_BV,D,20170222,000000,4208.88,4208.88,4207.46,4207.46,0,0
WIG_MOTO_BV,D,20170223,000000,4207.46,4207.46,4203.33,4203.33,0,0
WIG_MOTO_BV,D,20170224,000000,4203.33,4203.33,4189.94,4189.94,0,0
WIG_MOTO_BV,D,20170227,000000,4189.94,4190.52,4189.94,4190.52,0,0
WIG_MOTO_BV,D,20170228,000000,4190.52,4191.25,4190.52,4191.25,0,0
WIG_MOTO_BV,D,20170301,000000,4191.25,4191.94,4191.25,4191.94,0,0
WIG_MOTO_BV,D,20170302,000000,4191.94,4191.94,4187.58,4187.58,0,0
WIG_MOTO_BV,D,20170303,000000,4187.58,4187.58,4186.3,4186.3,0,0
WIG_MOTO_BV,D,20170306,000000,4186.3,4189.98,4186.3,4189.98,0,0
WIG_MOTO_BV,D,20170307,000000,4189.98,4190.47,4189.98,4190.47,0,0
WIG_MOTO_BV,D,20170308,000000,4190.47,4190.8,4190.47,4190.8,0,0
WIG_MOTO_BV,D,20170309,000000,4190.8,4190.8,4190.18,4190.18,0,0
WIG_MOTO_BV,D,20170310,000000,4190.18,4190.18,4174.16,4174.16,0,0
WIG_MOTO_BV,D,20170313,000000,4174.16,4176.69,4174.16,4176.69,0,0
WIG_MOTO_BV,D,20170314,000000,4176.69,4181.14,4176.69,4181.14,0,0
WIG_MOTO_BV,D,20170315,000000,4181.14,4181.14,4177.47,4177.47,0,0
WIG_MOTO_BV,D,20170316,000000,4177.47,4177.47,4175.54,4175.54,0,0
WIG_MOTO_BV,D,20170317,000000,4175.54,4175.54,4174.58,4174.58,0,0
WIG_MOTO_BV,D,20170320,000000,4174.58,4174.58,4171.21,4171.21,0,0
WIG_MOTO_BV,D,20170321,000000,4171.21,4184.48,4171.21,4184.48,0,0
WIG_MOTO_BV,D,20170322,000000,4184.48,4184.48,4180.35,4180.35,0,0
WIG_MOTO_BV,D,20170323,000000,4180.35,4277.38,4180.35,4277.38,0,0
WIG_MOTO_BV,D,20170324,000000,4277.38,4277.38,4274.82,4274.82,0,0
WIG_MOTO_BV,D,20170327,000000,4274.82,4274.82,4274.82,4274.82,0,0
WIG_MOTO_BV,D,20170328,000000,4274.82,4274.82,4271.9,4271.9,0,0
WIG_MOTO_BV,D,20170329,000000,4271.9,4271.9,4269.44,4269.44,0,0
WIG_MOTO_BV,D,20170330,000000,4269.44,4269.44,4265.32,4265.32,0,0
WIG_MOTO_BV,D,20170331,000000,4265.32,4265.32,4263.66,4263.66,0,0
WIG_MOTO_BV,D,20170403,000000,4263.66,4263.66,4261.37,4261.37,0,0
WIG_MOTO_BV,D,20170404,000000,4261.37,4264.52,4261.37,4264.52,0,0
WIG_MOTO_BV,D,20170405,000000,4264.52,4277.35,4264.52,4277.35,0,0
WIG_MOTO_BV,D,20170406,000000,4277.35,4277.35,4275.86,4275.86,0,0
WIG_MOTO_BV,D,20170407,000000,4275.86,4275.86,4274.6,4274.6,0,0
WIG_MOTO_BV,D,20170410,000000,4274.6,4274.6,4271.21,4271.21,0,0
WIG_MOTO_BV,D,20170411,000000,4271.21,4271.89,4271.21,4271.89,0,0
WIG_MOTO_BV,D,20170412,000000,4271.89,4274.67,4271.89,4274.67,0,0
WIG_MOTO_BV,D,20170413,000000,4274.67,4276.86,4274.67,4276.86,0,0
WIG_MOTO_BV,D,20170418,000000,4276.86,4276.86,4274.18,4274.18,0,0
WIG_MOTO_BV,D,20170419,000000,4274.18,4274.33,4274.18,4274.33,0,0
WIG_MOTO_BV,D,20170420,000000,4274.33,4274.4,4274.33,4274.4,0,0
WIG_MOTO_BV,D,20170421,000000,4274.4,4279.93,4274.4,4279.93,0,0
WIG_MOTO_BV,D,20170424,000000,4279.93,4281.73,4279.93,4281.73,0,0
WIG_MOTO_BV,D,20170425,000000,4281.73,4281.73,4274.55,4274.55,0,0
WIG_MOTO_BV,D,20170426,000000,4274.55,4274.55,4272.99,4272.99,0,0
WIG_MOTO_BV,D,20170427,000000,4272.99,4272.99,4270.9,4270.9,0,0
WIG_MOTO_BV,D,20170428,000000,4270.9,4270.9,4255.4,4255.4,0,0
WIG_MOTO_BV,D,20170502,000000,4255.4,4255.4,4255.4,4255.4,0,0
WIG_MOTO_BV,D,20170504,000000,4255.4,4281.83,4255.4,4281.83,0,0
WIG_MOTO_BV,D,20170505,000000,4281.83,4281.83,4280.63,4280.63,0,0
WIG_MOTO_BV,D,20170508,000000,4280.63,4280.63,4280.63,4280.63,0,0
WIG_MOTO_BV,D,20170509,000000,4280.63,4286.47,4280.63,4286.47,0,0
WIG_MOTO_BV,D,20170510,000000,4286.47,4359.64,4286.47,4359.64,0,0
WIG_MOTO_BV,D,20170511,000000,4359.64,4359.64,4357.1,4357.1,0,0
WIG_MOTO_BV,D,20170512,000000,4357.1,4357.1,4356.97,4356.97,0,0
WIG_MOTO_BV,D,20170515,000000,4356.97,4366.06,4356.97,4366.06,0,0
WIG_MOTO_BV,D,20170516,000000,4366.06,4433.39,4366.06,4433.39,0,0
WIG_MOTO_BV,D,20170517,000000,4433.39,4433.39,4428.35,4428.35,0,0
WIG_MOTO_BV,D,20170518,000000,4428.35,4428.61,4428.35,4428.61,0,0
WIG_MOTO_BV,D,20170519,000000,4428.61,4436.1,4428.61,4436.1,0,0
WIG_MOTO_BV,D,20170522,000000,4436.1,4436.1,4432.69,4432.69,0,0
WIG_MOTO_BV,D,20170523,000000,4432.69,4478.91,4432.69,4478.91,0,0
WIG_MOTO_BV,D,20170524,000000,4478.91,4481.8,4478.91,4481.8,0,0
WIG_MOTO_BV,D,20170525,000000,4481.8,4481.8,4480.94,4480.94,0,0
WIG_MOTO_BV,D,20170526,000000,4480.94,4480.94,4476.03,4476.03,0,0
WIG_MOTO_BV,D,20170529,000000,4476.03,4476.03,4476.03,4476.03,0,0
WIG_MOTO_BV,D,20170530,000000,4476.03,4486.21,4476.03,4486.21,0,0
WIG_MOTO_BV,D,20170531,000000,4486.21,4486.21,4481.47,4481.47,0,0
WIG_MOTO_BV,D,20170601,000000,4481.47,4481.47,4481.42,4481.42,0,0
WIG_MOTO_BV,D,20170602,000000,4481.42,4483.94,4481.42,4483.94,0,0
WIG_MOTO_BV,D,20170605,000000,4483.94,4485.18,4483.94,4485.18,0,0
WIG_MOTO_BV,D,20170606,000000,4485.18,4485.18,4482.56,4482.56,0,0
WIG_MOTO_BV,D,20170607,000000,4482.56,4486.07,4482.56,4486.07,0,0
WIG_MOTO_BV,D,20170608,000000,4486.07,4486.77,4486.07,4486.77,0,0
WIG_MOTO_BV,D,20170609,000000,4486.77,4490.09,4486.77,4490.09,0,0
WIG_MOTO_BV,D,20170612,000000,4490.09,4490.09,4485.05,4485.05,0,0
WIG_MOTO_BV,D,20170613,000000,4485.05,4486.35,4485.05,4486.35,0,0
WIG_MOTO_BV,D,20170614,000000,4486.35,4486.35,4486.2,4486.2,0,0
WIG_MOTO_BV,D,20170616,000000,3397.09,3397.09,3397.09,3397.09,0,0
WIG_MOTO_BV,D,20170619,000000,3397.09,3397.09,3397.09,3397.09,0,0
WIG_MOTO_BV,D,20170620,000000,3397.09,3397.09,3397.09,3397.09,0,0
WIG_MOTO_BV,D,20170621,000000,3452.71,3452.71,3452.71,3452.71,0,0
WIG_MOTO_BV,D,20170622,000000,3452.71,3452.71,3452.71,3452.71,0,0
WIG_MOTO_BV,D,20170623,000000,3452.71,3452.71,3452.71,3452.71,0,0
WIG_MOTO_BV,D,20170626,000000,3452.71,3452.71,3452.71,3452.71,0,0
WIG_MOTO_BV,D,20170627,000000,3452.71,3452.71,3452.71,3452.71,0,0
WIG_MOTO_BV,D,20170628,000000,3452.71,3452.71,3452.71,3452.71,0,0
WIG_MOTO_BV,D,20170629,000000,3452.71,3452.71,3452.71,3452.71,0,0
WIG_MOTO_BV,D,20170630,000000,3452.71,3452.71,3452.71,3452.71,0,0
WIG_MOTO_BV,D,20170703,000000,3452.71,3452.71,3452.71,3452.71,0,0
WIG_MOTO_BV,D,20170704,000000,3452.71,3452.71,3452.71,3452.71,0,0
WIG_MOTO_BV,D,20170705,000000,3452.71,3452.71,3452.71,3452.71,0,0
WIG_MOTO_BV,D,20170706,000000,3452.71,3452.71,3452.71,3452.71,0,0
WIG_MOTO_BV,D,20170707,000000,3452.71,3452.71,3452.71,3452.71,0,0
WIG_MOTO_BV,D,20170710,000000,3452.71,3452.71,3452.71,3452.71,0,0
WIG_MOTO_BV,D,20170711,000000,3452.71,3452.71,3452.71,3452.71,0,0
WIG_MOTO_BV,D,20170712,000000,3452.71,3452.71,3452.71,3452.71,0,0
WIG_MOTO_BV,D,20170713,000000,3452.71,3452.71,3452.71,3452.71,0,0
WIG_MOTO_BV,D,20170714,000000,3452.71,3452.71,3452.71,3452.71,0,0
WIG_MOTO_BV,D,20170717,000000,3452.71,3452.71,3452.71,3452.71,0,0
WIG_MOTO_BV,D,20170718,000000,3452.71,3452.71,3452.71,3452.71,0,0
WIG_MOTO_BV,D,20170719,000000,3452.71,3452.71,3452.71,3452.71,0,0
WIG_MOTO_BV,D,20170720,000000,3452.71,3452.71,3452.71,3452.71,0,0
WIG_MOTO_BV,D,20170721,000000,3452.71,3452.71,3452.71,3452.71,0,0
WIG_MOTO_BV,D,20170724,000000,3452.71,3452.71,3452.71,3452.71,0,0
WIG_MOTO_BV,D,20170725,000000,3452.71,3452.71,3452.71,3452.71,0,0
WIG_MOTO_BV,D,20170726,000000,3452.71,3452.71,3452.71,3452.71,0,0
WIG_MOTO_BV,D,20170727,000000,3452.71,3452.71,3452.71,3452.71,0,0
WIG_MOTO_BV,D,20170728,000000,3452.71,3452.71,3452.71,3452.71,0,0
WIG_MOTO_BV,D,20170731,000000,3452.71,3452.71,3452.71,3452.71,0,0
WIG_MOTO_BV,D,20170801,000000,3452.71,3452.71,3452.71,3452.71,0,0
WIG_MOTO_BV,D,20170802,000000,3452.71,3452.71,3452.71,3452.71,0,0
WIG_MOTO_BV,D,20170803,000000,3452.71,3452.71,3452.71,3452.71,0,0
WIG_MOTO_BV,D,20170804,000000,3452.71,3452.71,3452.71,3452.71,0,0
WIG_MOTO_BV,D,20170807,000000,3452.71,3452.71,3434.98,3434.98,0,0
WIG_MOTO_BV,D,20170808,000000,3434.98,3434.98,3434.98,3434.98,0,0
WIG_MOTO_BV,D,20170809,000000,3434.98,3434.98,3434.98,3434.98,0,0
WIG_MOTO_BV,D,20170810,000000,3434.98,3434.98,3434.98,3434.98,0,0
WIG_MOTO_BV,D,20170811,000000,3434.98,3434.98,3434.98,3434.98,0,0
WIG_MOTO_BV,D,20170814,000000,3434.98,3434.98,3434.98,3434.98,0,0
WIG_MOTO_BV,D,20170816,000000,3434.98,3434.98,3434.98,3434.98,0,0
WIG_MOTO_BV,D,20170817,000000,3434.98,3434.98,3434.98,3434.98,0,0
WIG_MOTO_BV,D,20170818,000000,3434.98,3434.98,3434.98,3434.98,0,0
WIG_MOTO_BV,D,20170821,000000,3434.98,3434.98,3434.98,3434.98,0,0
WIG_MOTO_BV,D,20170822,000000,3434.98,3434.98,3434.98,3434.98,0,0
WIG_MOTO_BV,D,20170823,000000,3434.98,3434.98,3434.98,3434.98,0,0
WIG_MOTO_BV,D,20170824,000000,3434.98,3434.98,3434.98,3434.98,0,0
WIG_MOTO_BV,D,20170825,000000,3434.98,3434.98,3434.98,3434.98,0,0
WIG_MOTO_BV,D,20170828,000000,3434.98,3434.98,3363.58,3363.58,0,0
WIG_MOTO_BV,D,20170829,000000,3363.58,3363.58,3363.58,3363.58,0,0
WIG_MOTO_BV,D,20170830,000000,3363.58,3363.58,3363.58,3363.58,0,0
WIG_MOTO_BV,D,20170831,000000,3363.58,3363.58,3363.58,3363.58,0,0
WIG_MOTO_BV,D,20170901,000000,3363.58,3405.78,3363.58,3405.78,0,0
WIG_MOTO_BV,D,20170904,000000,3405.78,3405.78,3405.78,3405.78,0,0
WIG_MOTO_BV,D,20170905,000000,3405.78,3405.78,3405.78,3405.78,0,0
WIG_MOTO_BV,D,20170906,000000,3405.78,3405.78,3405.78,3405.78,0,0
WIG_MOTO_BV,D,20170907,000000,3405.78,3405.78,3405.78,3405.78,0,0
WIG_MOTO_BV,D,20170908,000000,3405.78,3405.78,3405.78,3405.78,0,0
WIG_MOTO_BV,D,20170911,000000,3405.78,3405.78,3390.85,3390.85,0,0
WIG_MOTO_BV,D,20170912,000000,3390.85,3390.85,3390.85,3390.85,0,0
WIG_MOTO_BV,D,20170913,000000,3390.85,3390.85,3390.85,3390.85,0,0
WIG_MOTO_BV,D,20170914,000000,3390.85,3390.85,3390.85,3390.85,0,0
WIG_MOTO_BV,D,20170915,000000,3390.85,3390.85,3390.85,3390.85,0,0
WIG_MOTO_BV,D,20170918,000000,3390.85,3390.85,3390.85,3390.85,0,0
WIG_MOTO_BV,D,20170919,000000,3390.85,3390.85,3390.85,3390.85,0,0
WIG_MOTO_BV,D,20170920,000000,3390.85,3459.27,3390.85,3459.27,0,0
WIG_MOTO_BV,D,20170921,000000,3459.27,3459.27,3459.27,3459.27,0,0
WIG_MOTO_BV,D,20170922,000000,3459.27,3459.27,3459.27,3459.27,0,0
WIG_MOTO_BV,D,20170925,000000,3459.27,3459.27,3459.27,3459.27,0,0
WIG_MOTO_BV,D,20170926,000000,3459.27,3459.27,3459.27,3459.27,0,0
WIG_MOTO_BV,D,20170927,000000,3459.27,3459.27,3459.27,3459.27,0,0
WIG_MOTO_BV,D,20170928,000000,3459.27,3459.27,3459.27,3459.27,0,0
WIG_MOTO_BV,D,20170929,000000,3459.27,3459.27,3459.27,3459.27,0,0
WIG_MOTO_BV,D,20171002,000000,3459.27,3459.27,3452.22,3452.22,0,0
WIG_MOTO_BV,D,20171003,000000,3452.22,3452.22,3452.22,3452.22,0,0
WIG_MOTO_BV,D,20171004,000000,3452.22,3452.22,3452.22,3452.22,0,0
WIG_MOTO_BV,D,20171005,000000,3452.22,3452.22,3452.22,3452.22,0,0
WIG_MOTO_BV,D,20171006,000000,3452.22,3452.22,3452.22,3452.22,0,0
WIG_MOTO_BV,D,20171009,000000,3452.22,3452.22,3452.22,3452.22,0,0
WIG_MOTO_BV,D,20171010,000000,3452.22,3452.22,3452.22,3452.22,0,0
WIG_MOTO_BV,D,20171011,000000,3452.22,3452.22,3452.22,3452.22,0,0
WIG_MOTO_BV,D,20171012,000000,3452.22,3452.22,3452.22,3452.22,0,0
WIG_MOTO_BV,D,20171013,000000,3452.22,3452.22,3452.22,3452.22,0,0
WIG_MOTO_BV,D,20171016,000000,3452.22,3452.22,3452.22,3452.22,0,0
WIG_MOTO_BV,D,20171017,000000,3452.22,3452.22,3452.22,3452.22,0,0
WIG_MOTO_BV,D,20171018,000000,3452.22,3452.22,3452.22,3452.22,0,0
WIG_MOTO_BV,D,20171019,000000,3452.22,3452.22,3452.22,3452.22,0,0
WIG_MOTO_BV,D,20171020,000000,3452.22,3452.22,3452.22,3452.22,0,0
WIG_MOTO_BV,D,20171023,000000,3452.22,3452.22,3452.22,3452.22,0,0
WIG_MOTO_BV,D,20171024,000000,3452.22,3452.22,3452.22,3452.22,0,0
WIG_MOTO_BV,D,20171025,000000,3452.22,3452.22,3452.22,3452.22,0,0
WIG_MOTO_BV,D,20171026,000000,3452.22,3452.22,3452.22,3452.22,0,0
WIG_MOTO_BV,D,20171027,000000,3452.22,3452.22,3452.22,3452.22,0,0
WIG_MOTO_BV,D,20171030,000000,3452.22,3452.22,3452.22,3452.22,0,0
WIG_MOTO_BV,D,20171031,000000,3452.22,3452.22,3452.22,3452.22,0,0
WIG_MOTO_BV,D,20171102,000000,3452.22,3452.22,3452.22,3452.22,0,0
WIG_MOTO_BV,D,20171103,000000,3452.22,3452.22,3452.22,3452.22,0,0
WIG_MOTO_BV,D,20171106,000000,3452.22,3460.25,3452.22,3460.25,0,0
WIG_MOTO_BV,D,20171107,000000,3460.25,3460.25,3460.25,3460.25,0,0
WIG_MOTO_BV,D,20171108,000000,3460.25,3460.25,3460.25,3460.25,0,0
WIG_MOTO_BV,D,20171109,000000,3460.25,3460.25,3460.25,3460.25,0,0
WIG_MOTO_BV,D,20171110,000000,3460.25,3460.25,3460.25,3460.25,0,0
WIG_MOTO_BV,D,20171113,000000,3460.25,3460.25,3460.25,3460.25,0,0
WIG_MOTO_BV,D,20171114,000000,3460.25,3483.04,3460.25,3483.04,0,0
WIG_MOTO_BV,D,20171115,000000,3483.04,3534,3483.04,3534,0,0
WIG_MOTO_BV,D,20171116,000000,3534,3544.41,3534,3544.41,0,0
WIG_MOTO_BV,D,20171117,000000,3544.41,3544.41,3544.41,3544.41,0,0
WIG_MOTO_BV,D,20171120,000000,3544.41,3544.41,3544.41,3544.41,0,0
WIG_MOTO_BV,D,20171121,000000,3544.41,3606.17,3544.41,3606.17,0,0
WIG_MOTO_BV,D,20171122,000000,3606.17,3606.17,3606.17,3606.17,0,0
WIG_MOTO_BV,D,20171123,000000,3606.17,3606.17,3606.17,3606.17,0,0
WIG_MOTO_BV,D,20171124,000000,3606.17,3606.17,3606.17,3606.17,0,0
WIG_MOTO_BV,D,20171127,000000,3606.17,3606.17,3606.17,3606.17,0,0
WIG_MOTO_BV,D,20171128,000000,3606.17,3606.17,3606.17,3606.17,0,0
WIG_MOTO_BV,D,20171129,000000,3606.17,3606.17,3606.17,3606.17,0,0
WIG_MOTO_BV,D,20171130,000000,3606.17,3606.17,3603.62,3603.62,0,0
WIG_MOTO_BV,D,20171201,000000,3603.62,3603.62,3603.62,3603.62,0,0
WIG_MOTO_BV,D,20171204,000000,3603.62,3603.62,3603.62,3603.62,0,0
WIG_MOTO_BV,D,20171205,000000,3603.62,3603.62,3603.62,3603.62,0,0
WIG_MOTO_BV,D,20171206,000000,3603.62,3603.62,3603.62,3603.62,0,0
WIG_MOTO_BV,D,20171207,000000,3603.62,3603.62,3603.62,3603.62,0,0
WIG_MOTO_BV,D,20171208,000000,3603.62,3603.62,3603.62,3603.62,0,0
WIG_MOTO_BV,D,20171211,000000,3603.62,3603.62,3603.62,3603.62,0,0
WIG_MOTO_BV,D,20171212,000000,3603.62,3603.62,3603.62,3603.62,0,0
WIG_MOTO_BV,D,20171213,000000,3603.62,3603.62,3603.62,3603.62,0,0
WIG_MOTO_BV,D,20171214,000000,3603.62,3603.62,3603.62,3603.62,0,0
WIG_MOTO_BV,D,20171215,000000,3603.62,3603.62,3603.62,3603.62,0,0
WIG_MOTO_BV,D,20171218,000000,3603.62,3603.62,3603.62,3603.62,0,0
WIG_MOTO_BV,D,20171219,000000,3603.62,3603.62,3603.62,3603.62,0,0
WIG_MOTO_BV,D,20171220,000000,3603.62,3603.62,3603.62,3603.62,0,0
WIG_MOTO_BV,D,20171221,000000,3603.62,3603.62,3603.62,3603.62,0,0
WIG_MOTO_BV,D,20171222,000000,3603.62,3603.62,3603.62,3603.62,0,0
WIG_MOTO_BV,D,20171227,000000,3603.62,3603.62,3603.62,3603.62,0,0
WIG_MOTO_BV,D,20171228,000000,3603.62,3603.62,3603.62,3603.62,0,0
WIG_MOTO_BV,D,20171229,000000,3603.62,3603.62,3603.62,3603.62,0,0
WIG_MOTO_BV,D,20180104,000000,3603.62,3603.62,3603.62,3603.62,0,0
WIG_MOTO_BV,D,20180105,000000,3603.62,3603.62,3603.62,3603.62,0,0
WIG_MOTO_BV,D,20180108,000000,3603.62,3603.62,3603.62,3603.62,0,0
WIG_MOTO_BV,D,20180109,000000,3603.62,3603.62,3603.62,3603.62,0,0
WIG_MOTO_BV,D,20180110,000000,3603.62,3603.62,3603.62,3603.62,0,0
WIG_MOTO_BV,D,20180111,000000,3603.62,3603.62,3603.62,3603.62,0,0
WIG_MOTO_BV,D,20180112,000000,3603.62,3603.62,3603.62,3603.62,0,0
WIG_MOTO_BV,D,20180115,000000,3603.62,3603.62,3603.62,3603.62,0,0
WIG_MOTO_BV,D,20180116,000000,3603.62,3603.62,3603.62,3603.62,0,0
WIG_MOTO_BV,D,20180117,000000,3603.62,3603.62,3603.62,3603.62,0,0
WIG_MOTO_BV,D,20180118,000000,3603.62,3603.62,3603.62,3603.62,0,0
WIG_MOTO_BV,D,20180119,000000,3603.62,3603.62,3603.62,3603.62,0,0
WIG_MOTO_BV,D,20180122,000000,3603.62,3603.62,3603.62,3603.62,0,0
WIG_MOTO_BV,D,20180123,000000,3603.62,3603.62,3603.62,3603.62,0,0
WIG_MOTO_BV,D,20180124,000000,3603.62,3603.62,3603.62,3603.62,0,0
WIG_MOTO_BV,D,20180125,000000,3603.62,3603.62,3603.62,3603.62,0,0
WIG_MOTO_BV,D,20180126,000000,3603.62,3603.62,3603.62,3603.62,0,0
WIG_MOTO_BV,D,20180129,000000,3603.62,3603.62,3603.62,3603.62,0,0
WIG_MOTO_BV,D,20180130,000000,3603.62,3603.62,3603.62,3603.62,0,0
WIG_MOTO_BV,D,20180131,000000,3603.62,3603.62,3603.62,3603.62,0,0
WIG_MOTO_BV,D,20180201,000000,3603.62,3603.62,3603.62,3603.62,0,0
WIG_MOTO_BV,D,20180202,000000,3603.62,3603.62,3603.62,3603.62,0,0
WIG_MOTO_BV,D,20180205,000000,3603.62,3603.62,3603.62,3603.62,0,0
WIG_MOTO_BV,D,20180206,000000,3603.62,3603.62,3603.62,3603.62,0,0
WIG_MOTO_BV,D,20180207,000000,3603.62,3603.62,3603.62,3603.62,0,0
WIG_MOTO_BV,D,20180208,000000,3603.62,3603.62,3603.62,3603.62,0,0
WIG_MOTO_BV,D,20180209,000000,3603.62,3603.62,3603.62,3603.62,0,0
WIG_MOTO_BV,D,20180212,000000,3603.62,3603.62,3603.62,3603.62,0,0
WIG_MOTO_BV,D,20180213,000000,3603.62,3603.62,3603.62,3603.62,0,0
WIG_MOTO_BV,D,20180214,000000,3603.62,3603.62,3603.62,3603.62,0,0
WIG_MOTO_BV,D,20180215,000000,3603.62,3603.62,3603.62,3603.62,0,0
WIG_MOTO_BV,D,20180216,000000,3603.62,3603.62,3603.62,3603.62,0,0
WIG_MOTO_BV,D,20180219,000000,3603.62,3603.62,3603.62,3603.62,0,0
WIG_MOTO_BV,D,20180220,000000,3603.62,3603.62,3603.62,3603.62,0,0
WIG_MOTO_BV,D,20180221,000000,3603.62,3615.29,3603.62,3615.29,0,0
WIG_MOTO_BV,D,20180222,000000,3615.29,3615.29,3615.29,3615.29,0,0
WIG_MOTO_BV,D,20180223,000000,3615.29,3615.29,3615.29,3615.29,0,0
WIG_MOTO_BV,D,20180226,000000,3615.29,3615.29,3615.29,3615.29,0,0
WIG_MOTO_BV,D,20180227,000000,3615.29,3615.29,3615.29,3615.29,0,0
WIG_MOTO_BV,D,20180228,000000,3615.29,3615.29,3615.29,3615.29,0,0
WIG_MOTO_BV,D,20180301,000000,3615.29,3615.29,3615.29,3615.29,0,0
WIG_MOTO_BV,D,20180302,000000,3615.29,3615.29,3615.29,3615.29,0,0
WIG_MOTO_BV,D,20180305,000000,3615.29,3615.29,3615.29,3615.29,0,0
WIG_MOTO_BV,D,20180306,000000,3615.29,3615.29,3615.29,3615.29,0,0
WIG_MOTO_BV,D,20180307,000000,3615.29,3615.29,3615.29,3615.29,0,0
WIG_MOTO_BV,D,20180308,000000,3615.29,3615.29,3615.29,3615.29,0,0
WIG_MOTO_BV,D,20180309,000000,3615.29,3615.29,3615.29,3615.29,0,0
WIG_MOTO_BV,D,20180312,000000,3615.29,3615.29,3615.29,3615.29,0,0
WIG_MOTO_BV,D,20180313,000000,3615.29,3615.29,3615.29,3615.29,0,0
WIG_MOTO_BV,D,20180314,000000,3615.29,3615.29,3615.29,3615.29,0,0
WIG_MOTO_BV,D,20180315,000000,3615.29,3615.29,3615.29,3615.29,0,0
WIG_MOTO_BV,D,20180316,000000,3615.29,3622.8,3615.29,3622.8,0,0
WIG_MOTO_BV,D,20180319,000000,3622.8,3622.8,3622.8,3622.8,0,0
WIG_MOTO_BV,D,20180320,000000,4032.81,4038.8,4032.81,4038.8,0,0
WIG_MOTO_BV,D,20180321,000000,4038.8,4038.8,4038.8,4038.8,0,0
WIG_MOTO_BV,D,20180322,000000,4038.8,4038.8,4038.8,4038.8,0,0
WIG_MOTO_BV,D,20180323,000000,4038.8,4038.8,4038.8,4038.8,0,0
WIG_MOTO_BV,D,20180326,000000,4038.8,4038.8,4038.8,4038.8,0,0
WIG_MOTO_BV,D,20180327,000000,4038.8,4038.8,4038.8,4038.8,0,0
WIG_MOTO_BV,D,20180328,000000,4038.8,4038.8,4038.8,4038.8,0,0
WIG_MOTO_BV,D,20180329,000000,4038.8,4038.8,4038.8,4038.8,0,0
WIG_MOTO_BV,D,20180403,000000,4038.8,4038.8,3705.68,3705.68,0,0
WIG_MOTO_BV,D,20180404,000000,3705.68,3705.68,3705.68,3705.68,0,0
WIG_MOTO_BV,D,20180405,000000,3705.68,3710.53,3705.68,3710.53,0,0
WIG_MOTO_BV,D,20180406,000000,3710.53,3710.53,3710.53,3710.53,0,0
WIG_MOTO_BV,D,20180409,000000,3710.53,3710.53,3710.53,3710.53,0,0
WIG_MOTO_BV,D,20180410,000000,3710.53,3710.53,3710.53,3710.53,0,0
WIG_MOTO_BV,D,20180411,000000,3710.53,3710.53,3710.53,3710.53,0,0
WIG_MOTO_BV,D,20180412,000000,3710.53,3710.53,3710.53,3710.53,0,0
WIG_MOTO_BV,D,20180413,000000,3710.53,3710.53,3705.87,3705.87,0,0
WIG_MOTO_BV,D,20180416,000000,3705.87,3705.87,3705.87,3705.87,0,0
WIG_MOTO_BV,D,20180417,000000,3705.87,3705.87,3705.87,3705.87,0,0
WIG_MOTO_BV,D,20180418,000000,3705.87,3743.5,3705.87,3743.5,0,0
WIG_MOTO_BV,D,20180419,000000,3743.5,3743.5,3743.5,3743.5,0,0
WIG_MOTO_BV,D,20180420,000000,3743.5,3743.5,3743.5,3743.5,0,0
WIG_MOTO_BV,D,20180423,000000,3743.5,3743.5,3743.5,3743.5,0,0
WIG_MOTO_BV,D,20180424,000000,3743.5,3743.5,3743.5,3743.5,0,0
WIG_MOTO_BV,D,20180425,000000,3743.5,3743.5,3743.5,3743.5,0,0
WIG_MOTO_BV,D,20180426,000000,3743.5,3743.5,3743.5,3743.5,0,0
WIG_MOTO_BV,D,20180427,000000,3743.5,3743.5,3742.89,3742.89,0,0
WIG_MOTO_BV,D,20180430,000000,3742.89,3742.89,3658.84,3658.84,0,0
WIG_MOTO_BV,D,20180502,000000,3658.84,3658.84,3658.84,3658.84,0,0
WIG_MOTO_BV,D,20180504,000000,3658.84,3658.84,3658.84,3658.84,0,0
WIG_MOTO_BV,D,20180507,000000,3658.84,3658.84,3658.84,3658.84,0,0
WIG_MOTO_BV,D,20180508,000000,3658.84,3669.25,3658.84,3669.25,0,0
WIG_MOTO_BV,D,20180509,000000,3669.25,3669.25,3669.25,3669.25,0,0
WIG_MOTO_BV,D,20180510,000000,3669.25,3669.25,3669.25,3669.25,0,0
WIG_MOTO_BV,D,20180511,000000,3669.25,3669.25,3669.25,3669.25,0,0
WIG_MOTO_BV,D,20180514,000000,3669.25,3669.25,3669.25,3669.25,0,0
WIG_MOTO_BV,D,20180515,000000,3669.25,3687.76,3669.25,3687.76,0,0
WIG_MOTO_BV,D,20180516,000000,3687.76,3687.76,3687.76,3687.76,0,0
WIG_MOTO_BV,D,20180517,000000,3687.76,3784.34,3687.76,3784.34,0,0
WIG_MOTO_BV,D,20180518,000000,3784.34,3784.34,3784.34,3784.34,0,0
WIG_MOTO_BV,D,20180521,000000,3784.34,3784.34,3784.34,3784.34,0,0
WIG_MOTO_BV,D,20180522,000000,3784.34,3784.34,3784.34,3784.34,0,0
WIG_MOTO_BV,D,20180523,000000,3784.34,3797.37,3784.34,3797.37,0,0
WIG_MOTO_BV,D,20180524,000000,3797.37,3797.37,3797.37,3797.37,0,0
WIG_MOTO_BV,D,20180525,000000,3797.37,3797.37,3797.37,3797.37,0,0
WIG_MOTO_BV,D,20180528,000000,3797.37,3797.37,3797.37,3797.37,0,0
WIG_MOTO_BV,D,20180529,000000,3797.37,3797.37,3797.37,3797.37,0,0
WIG_MOTO_BV,D,20180530,000000,3797.37,3797.37,3797.37,3797.37,0,0
WIG_MOTO_BV,D,20180601,000000,3797.37,3797.37,3797.37,3797.37,0,0
WIG_MOTO_BV,D,20180604,000000,3797.37,3806.14,3797.37,3806.14,0,0
WIG_MOTO_BV,D,20180605,000000,3806.14,3806.14,3806.14,3806.14,0,0
WIG_MOTO_BV,D,20180606,000000,3806.14,3806.14,3806.14,3806.14,0,0
WIG_MOTO_BV,D,20180607,000000,3806.14,3806.14,3806.14,3806.14,0,0
WIG_MOTO_BV,D,20180608,000000,3806.14,3806.14,3806.14,3806.14,0,0
WIG_MOTO_BV,D,20180611,000000,3806.14,3806.14,3806.14,3806.14,0,0
WIG_MOTO_BV,D,20180612,000000,3806.14,3806.14,3806.14,3806.14,0,0
WIG_MOTO_BV,D,20180613,000000,3806.14,3806.14,3806.14,3806.14,0,0
WIG_MOTO_BV,D,20180614,000000,3806.14,3806.14,3806.14,3806.14,0,0
WIG_MOTO_BV,D,20180615,000000,3806.14,3806.14,3806.14,3806.14,0,0
WIG_MOTO_BV,D,20180618,000000,3806.14,3806.14,3806.14,3806.14,0,0
WIG_MOTO_BV,D,20180619,000000,3806.14,3806.14,3806.14,3806.14,0,0
WIG_MOTO_BV,D,20180620,000000,3806.14,3806.14,3806.14,3806.14,0,0
WIG_MOTO_BV,D,20180621,000000,3806.14,3806.14,3806.14,3806.14,0,0
WIG_MOTO_BV,D,20180622,000000,3806.14,3806.14,3806.14,3806.14,0,0
WIG_MOTO_BV,D,20180625,000000,3806.14,3806.14,3806.14,3806.14,0,0
WIG_MOTO_BV,D,20180626,000000,3806.14,3806.14,3806.14,3806.14,0,0
WIG_MOTO_BV,D,20180627,000000,3806.14,3806.14,3806.14,3806.14,0,0
WIG_MOTO_BV,D,20180628,000000,3806.14,3806.14,3806.14,3806.14,0,0
WIG_MOTO_BV,D,20180629,000000,3806.14,3806.14,3806.14,3806.14,0,0
WIG_MOTO_BV,D,20180702,000000,3806.14,3806.14,3806.14,3806.14,0,0
WIG_MOTO_BV,D,20180703,000000,3806.14,3806.14,3806.14,3806.14,0,0
WIG_MOTO_BV,D,20180704,000000,3806.14,3806.14,3806.14,3806.14,0,0
WIG_MOTO_BV,D,20180705,000000,3806.14,3806.14,3806.14,3806.14,0,0
WIG_MOTO_BV,D,20180706,000000,3806.14,3806.14,3806.14,3806.14,0,0
WIG_MOTO_BV,D,20180709,000000,3806.14,3806.14,3806.14,3806.14,0,0
WIG_MOTO_BV,D,20180710,000000,3806.14,3806.14,3806.14,3806.14,0,0
WIG_MOTO_BV,D,20180711,000000,3806.14,3806.14,3806.14,3806.14,0,0
WIG_MOTO_BV,D,20180712,000000,3806.14,3806.14,3806.14,3806.14,0,0
WIG_MOTO_BV,D,20180713,000000,3806.14,3806.14,3806.14,3806.14,0,0
WIG_MOTO_BV,D,20180716,000000,3806.14,3806.14,3806.14,3806.14,0,0
WIG_MOTO_BV,D,20180717,000000,3806.14,3806.14,3806.14,3806.14,0,0
WIG_MOTO_BV,D,20180718,000000,3806.14,3806.14,3806.14,3806.14,0,0
WIG_MOTO_BV,D,20180719,000000,3806.14,3806.14,3806.14,3806.14,0,0
WIG_MOTO_BV,D,20180720,000000,3806.14,3806.14,3806.14,3806.14,0,0
WIG_MOTO_BV,D,20180723,000000,3806.14,3806.14,3806.14,3806.14,0,0
WIG_MOTO_BV,D,20180724,000000,3806.14,3806.14,3806.14,3806.14,0,0
WIG_MOTO_BV,D,20180725,000000,3806.14,3806.14,3806.14,3806.14,0,0
WIG_MOTO_BV,D,20180726,000000,3806.14,3806.14,3806.14,3806.14,0,0
WIG_MOTO_BV,D,20180727,000000,3806.14,3806.14,3806.14,3806.14,0,0
WIG_MOTO_BV,D,20180730,000000,3806.14,3806.14,3806.14,3806.14,0,0
WIG_MOTO_BV,D,20180731,000000,3806.14,3806.14,3806.14,3806.14,0,0
WIG_MOTO_BV,D,20180801,000000,3806.14,3806.14,3806.14,3806.14,0,0
WIG_MOTO_BV,D,20180802,000000,3806.14,3806.14,3806.14,3806.14,0,0
WIG_MOTO_BV,D,20180803,000000,3806.14,3806.14,3806.14,3806.14,0,0
WIG_MOTO_BV,D,20180806,000000,3806.14,3806.14,3806.14,3806.14,0,0
WIG_MOTO_BV,D,20180807,000000,3806.14,3806.14,3806.14,3806.14,0,0
WIG_MOTO_BV,D,20180808,000000,3806.14,3806.14,3806.14,3806.14,0,0
WIG_MOTO_BV,D,20180809,000000,3806.14,3806.14,3795.11,3795.11,0,0
WIG_MOTO_BV,D,20180810,000000,3795.11,3795.11,3795.11,3795.11,0,0
WIG_MOTO_BV,D,20180813,000000,3795.11,3795.11,3795.11,3795.11,0,0
WIG_MOTO_BV,D,20180814,000000,3795.11,3795.11,3795.11,3795.11,0,0
WIG_MOTO_BV,D,20180816,000000,3795.11,3795.11,3795.11,3795.11,0,0
WIG_MOTO_BV,D,20180817,000000,3795.11,3795.11,3795.11,3795.11,0,0
WIG_MOTO_BV,D,20180820,000000,3795.11,3795.11,3795.11,3795.11,0,0
WIG_MOTO_BV,D,20180821,000000,3795.11,3795.11,3795.11,3795.11,0,0
WIG_MOTO_BV,D,20180822,000000,3795.11,3795.11,3795.11,3795.11,0,0
WIG_MOTO_BV,D,20180823,000000,3795.11,3795.11,3795.11,3795.11,0,0
WIG_MOTO_BV,D,20180824,000000,3795.11,3795.11,3795.11,3795.11,0,0
WIG_MOTO_BV,D,20180827,000000,3795.11,3795.11,3795.11,3795.11,0,0
WIG_MOTO_BV,D,20180828,000000,3795.11,3795.11,3730.6,3730.6,0,0
WIG_MOTO_BV,D,20180829,000000,3730.6,3730.6,3730.6,3730.6,0,0
WIG_MOTO_BV,D,20180830,000000,3730.6,3730.6,3730.6,3730.6,0,0
WIG_MOTO_BV,D,20180831,000000,3730.6,3730.6,3730.6,3730.6,0,0
WIG_MOTO_BV,D,20180903,000000,3730.6,3730.6,3730.6,3730.6,0,0
WIG_MOTO_BV,D,20180904,000000,3730.6,3730.6,3696.26,3696.26,0,0
WIG_MOTO_BV,D,20180905,000000,3696.26,3696.26,3696.26,3696.26,0,0
WIG_MOTO_BV,D,20180906,000000,3696.26,3768.69,3696.26,3768.69,0,0
WIG_MOTO_BV,D,20180907,000000,3768.69,3768.69,3768.69,3768.69,0,0
WIG_MOTO_BV,D,20180910,000000,3768.69,3768.69,3691.4,3691.4,0,0
WIG_MOTO_BV,D,20180911,000000,3691.4,3691.4,3691.4,3691.4,0,0
WIG_MOTO_BV,D,20180912,000000,3691.4,3709.54,3691.4,3709.54,0,0
WIG_MOTO_BV,D,20180913,000000,3709.54,3709.54,3709.54,3709.54,0,0
WIG_MOTO_BV,D,20180914,000000,3709.54,3709.54,3709.54,3709.54,0,0
WIG_MOTO_BV,D,20180917,000000,3709.54,3709.54,3709.54,3709.54,0,0
WIG_MOTO_BV,D,20180918,000000,3709.54,3709.54,3709.54,3709.54,0,0
WIG_MOTO_BV,D,20180919,000000,3709.54,3709.54,3709.54,3709.54,0,0
WIG_MOTO_BV,D,20180920,000000,3709.54,3709.54,3709.54,3709.54,0,0
WIG_MOTO_BV,D,20180921,000000,3709.54,3709.54,3709.54,3709.54,0,0
WIG_MOTO_BV,D,20180924,000000,3709.54,3709.54,3709.54,3709.54,0,0
WIG_MOTO_BV,D,20180925,000000,3709.54,3709.54,3709.54,3709.54,0,0
WIG_MOTO_BV,D,20180926,000000,3709.54,3709.54,3709.54,3709.54,0,0
WIG_MOTO_BV,D,20180927,000000,3709.54,3709.54,3709.54,3709.54,0,0
WIG_MOTO_BV,D,20180928,000000,3709.54,3710.16,3709.54,3710.16,0,0
WIG_MOTO_BV,D,20181001,000000,3710.16,3710.16,3710.16,3710.16,0,0
WIG_MOTO_BV,D,20181002,000000,3710.16,3710.16,3710.16,3710.16,0,0
WIG_MOTO_BV,D,20181003,000000,3710.16,3710.16,3710.16,3710.16,0,0
WIG_MOTO_BV,D,20181004,000000,3710.16,3710.16,3710.16,3710.16,0,0
WIG_MOTO_BV,D,20181005,000000,3710.16,3710.16,3710.16,3710.16,0,0
WIG_MOTO_BV,D,20181008,000000,3710.16,3710.16,3710.16,3710.16,0,0
WIG_MOTO_BV,D,20181009,000000,3710.16,3710.16,3710.16,3710.16,0,0
WIG_MOTO_BV,D,20181010,000000,3710.16,3710.16,3710.16,3710.16,0,0
WIG_MOTO_BV,D,20181011,000000,3710.16,3710.16,3710.16,3710.16,0,0
WIG_MOTO_BV,D,20181012,000000,3710.16,3710.16,3710.16,3710.16,0,0
WIG_MOTO_BV,D,20181015,000000,3710.16,3710.16,3710.16,3710.16,0,0
WIG_MOTO_BV,D,20181016,000000,3710.16,3710.16,3710.16,3710.16,0,0
WIG_MOTO_BV,D,20181017,000000,3710.16,3710.16,3710.16,3710.16,0,0
WIG_MOTO_BV,D,20181018,000000,3710.16,3710.16,3710.16,3710.16,0,0
WIG_MOTO_BV,D,20181019,000000,3710.16,3710.16,3710.16,3710.16,0,0
WIG_MOTO_BV,D,20181022,000000,3710.16,3710.16,3710.16,3710.16,0,0
WIG_MOTO_BV,D,20181023,000000,3710.16,3710.16,3710.16,3710.16,0,0
WIG_MOTO_BV,D,20181024,000000,3710.16,3710.16,3710.16,3710.16,0,0
WIG_MOTO_BV,D,20181025,000000,3710.16,3710.16,3710.16,3710.16,0,0
WIG_MOTO_BV,D,20181026,000000,3710.16,3710.16,3710.16,3710.16,0,0
WIG_MOTO_BV,D,20181029,000000,3710.16,3710.16,3710.16,3710.16,0,0
WIG_MOTO_BV,D,20181030,000000,3710.16,3710.16,3710.16,3710.16,0,0
WIG_MOTO_BV,D,20181031,000000,3710.16,3710.16,3710.16,3710.16,0,0
WIG_MOTO_BV,D,20181102,000000,3710.16,3710.16,3710.16,3710.16,0,0
WIG_MOTO_BV,D,20181105,000000,3710.16,3710.16,3710.16,3710.16,0,0
WIG_MOTO_BV,D,20181106,000000,3710.16,3710.16,3710.16,3710.16,0,0
WIG_MOTO_BV,D,20181107,000000,3710.16,3710.16,3710.16,3710.16,0,0
WIG_MOTO_BV,D,20181108,000000,3710.16,3710.16,3710.16,3710.16,0,0
WIG_MOTO_BV,D,20181109,000000,3710.16,3719.67,3710.16,3719.67,0,0
WIG_MOTO_BV,D,20181113,000000,3719.67,3734.09,3719.67,3734.09,0,0
WIG_MOTO_BV,D,20181114,000000,3734.09,3814.07,3734.09,3814.07,0,0
WIG_MOTO_BV,D,20181115,000000,3814.07,3814.07,3814.07,3814.07,0,0
WIG_MOTO_BV,D,20181116,000000,3814.07,3814.07,3814.07,3814.07,0,0
WIG_MOTO_BV,D,20181119,000000,3814.07,3814.07,3814.07,3814.07,0,0
WIG_MOTO_BV,D,20181120,000000,3814.07,3814.07,3814.07,3814.07,0,0
WIG_MOTO_BV,D,20181121,000000,3814.07,3814.07,3814.07,3814.07,0,0
WIG_MOTO_BV,D,20181122,000000,3814.07,3814.07,3814.07,3814.07,0,0
WIG_MOTO_BV,D,20181123,000000,3814.07,3814.07,3814.07,3814.07,0,0
WIG_MOTO_BV,D,20181126,000000,3814.07,3814.07,3814.07,3814.07,0,0
WIG_MOTO_BV,D,20181127,000000,3814.07,3814.07,3814.07,3814.07,0,0
WIG_MOTO_BV,D,20181128,000000,3814.07,3814.07,3814.07,3814.07,0,0
WIG_MOTO_BV,D,20181129,000000,3814.07,3836.84,3814.07,3836.84,0,0
WIG_MOTO_BV,D,20181130,000000,3836.84,3845.6,3836.84,3845.6,0,0
WIG_MOTO_BV,D,20181203,000000,3845.6,3845.6,3845.6,3845.6,0,0
WIG_MOTO_BV,D,20181204,000000,3845.6,3845.6,3845.6,3845.6,0,0
WIG_MOTO_BV,D,20181205,000000,3845.6,3845.6,3845.6,3845.6,0,0
WIG_MOTO_BV,D,20181206,000000,3845.6,3845.6,3845.6,3845.6,0,0
WIG_MOTO_BV,D,20181207,000000,3845.6,3845.6,3845.6,3845.6,0,0
WIG_MOTO_BV,D,20181210,000000,3845.6,3845.6,3845.6,3845.6,0,0
WIG_MOTO_BV,D,20181211,000000,3845.6,3845.6,3845.6,3845.6,0,0
WIG_MOTO_BV,D,20181212,000000,3845.6,3845.6,3845.6,3845.6,0,0
WIG_MOTO_BV,D,20181213,000000,3845.6,3845.6,3845.6,3845.6,0,0
WIG_MOTO_BV,D,20181214,000000,3845.6,3845.6,3845.6,3845.6,0,0
WIG_MOTO_BV,D,20181217,000000,3845.6,3845.6,3845.6,3845.6,0,0
WIG_MOTO_BV,D,20181218,000000,3845.6,3845.6,3845.6,3845.6,0,0
WIG_MOTO_BV,D,20181219,000000,3845.6,3845.6,3845.6,3845.6,0,0
WIG_MOTO_BV,D,20181220,000000,3845.6,3845.6,3845.6,3845.6,0,0
WIG_MOTO_BV,D,20181221,000000,3845.6,3845.6,3845.6,3845.6,0,0
WIG_MOTO_BV,D,20181227,000000,3845.6,3845.6,3845.6,3845.6,0,0
WIG_MOTO_BV,D,20181228,000000,3845.6,3845.6,3845.6,3845.6,0,0
WIG_MOTO_BV,D,20190102,000000,3845.6,3845.6,3845.6,3845.6,0,0
WIG_MOTO_BV,D,20190103,000000,3845.6,3845.6,3845.6,3845.6,0,0
WIG_MOTO_BV,D,20190104,000000,3845.6,3845.6,3845.6,3845.6,0,0
WIG_MOTO_BV,D,20190107,000000,3845.6,3845.6,3845.6,3845.6,0,0
WIG_MOTO_BV,D,20190108,000000,3845.6,3845.6,3845.6,3845.6,0,0
WIG_MOTO_BV,D,20190109,000000,3845.6,3845.6,3845.6,3845.6,0,0
WIG_MOTO_BV,D,20190110,000000,3845.6,3845.6,3845.6,3845.6,0,0
WIG_MOTO_BV,D,20190111,000000,3845.6,3845.6,3845.6,3845.6,0,0
WIG_MOTO_BV,D,20190114,000000,3845.6,3845.6,3845.6,3845.6,0,0
WIG_MOTO_BV,D,20190115,000000,3845.6,3845.6,3845.6,3845.6,0,0
WIG_MOTO_BV,D,20190116,000000,3845.6,3845.6,3845.6,3845.6,0,0
WIG_MOTO_BV,D,20190117,000000,3845.6,3845.6,3845.6,3845.6,0,0
WIG_MOTO_BV,D,20190118,000000,3845.6,3845.6,3845.6,3845.6,0,0
WIG_MOTO_BV,D,20190121,000000,3845.6,3845.6,3845.6,3845.6,0,0
WIG_MOTO_BV,D,20190122,000000,3845.6,3845.6,3845.6,3845.6,0,0
WIG_MOTO_BV,D,20190123,000000,3845.6,3845.6,3845.6,3845.6,0,0
WIG_MOTO_BV,D,20190124,000000,3845.6,3845.6,3845.6,3845.6,0,0
WIG_MOTO_BV,D,20190125,000000,3845.6,3845.6,3845.6,3845.6,0,0
WIG_MOTO_BV,D,20190128,000000,3845.6,3845.6,3845.6,3845.6,0,0
WIG_MOTO_BV,D,20190129,000000,3845.6,3845.6,3845.6,3845.6,0,0
WIG_MOTO_BV,D,20190130,000000,3845.6,3845.6,3845.6,3845.6,0,0
WIG_MOTO_BV,D,20190131,000000,3845.6,3845.6,3845.6,3845.6,0,0
WIG_MOTO_BV,D,20190201,000000,3845.6,3845.6,3845.6,3845.6,0,0
WIG_MOTO_BV,D,20190204,000000,3845.6,3845.6,3845.6,3845.6,0,0
WIG_MOTO_BV,D,20190205,000000,3845.6,3845.6,3845.6,3845.6,0,0
WIG_MOTO_BV,D,20190206,000000,3845.6,3845.6,3845.6,3845.6,0,0
WIG_MOTO_BV,D,20190207,000000,3845.6,3845.6,3845.6,3845.6,0,0
WIG_MOTO_BV,D,20190208,000000,3845.6,3845.6,3845.6,3845.6,0,0
WIG_MOTO_BV,D,20190211,000000,3845.6,3845.6,3845.6,3845.6,0,0
WIG_MOTO_BV,D,20190212,000000,3845.6,3845.6,3845.6,3845.6,0,0
WIG_MOTO_BV,D,20190213,000000,3845.6,3845.6,3845.6,3845.6,0,0
WIG_MOTO_BV,D,20190214,000000,3845.6,3845.6,3845.6,3845.6,0,0
WIG_MOTO_BV,D,20190215,000000,3845.6,3845.6,3845.6,3845.6,0,0
WIG_MOTO_BV,D,20190218,000000,3845.6,3845.6,3845.6,3845.6,0,0
WIG_MOTO_BV,D,20190219,000000,3845.6,3845.6,3845.6,3845.6,0,0
WIG_MOTO_BV,D,20190220,000000,3845.6,3845.6,3845.6,3845.6,0,0
WIG_MOTO_BV,D,20190221,000000,3845.6,3845.6,3845.6,3845.6,0,0
WIG_MOTO_BV,D,20190222,000000,3845.6,3845.6,3845.6,3845.6,0,0
WIG_MOTO_BV,D,20190225,000000,3845.6,3845.6,3845.6,3845.6,0,0
WIG_MOTO_BV,D,20190226,000000,3845.6,3845.6,3845.6,3845.6,0,0
WIG_MOTO_BV,D,20190227,000000,3845.6,3845.6,3845.6,3845.6,0,0
WIG_MOTO_BV,D,20190228,000000,3845.6,3845.6,3845.6,3845.6,0,0
WIG_MOTO_BV,D,20190301,000000,3845.6,3845.6,3845.6,3845.6,0,0
WIG_MOTO_BV,D,20190304,000000,3845.6,3845.6,3845.6,3845.6,0,0
WIG_MOTO_BV,D,20190305,000000,3845.6,3845.6,3845.6,3845.6,0,0
WIG_MOTO_BV,D,20190306,000000,3845.6,3845.6,3845.6,3845.6,0,0
WIG_MOTO_BV,D,20190307,000000,3845.6,3845.6,3845.6,3845.6,0,0
WIG_MOTO_BV,D,20190308,000000,3845.6,3845.6,3845.6,3845.6,0,0
WIG_MOTO_BV,D,20190311,000000,3845.6,3845.6,3845.6,3845.6,0,0
WIG_MOTO_BV,D,20190312,000000,3845.6,3845.6,3845.6,3845.6,0,0
WIG_MOTO_BV,D,20190313,000000,3845.6,3852.11,3845.6,3852.11,0,0
WIG_MOTO_BV,D,20190314,000000,3852.11,3852.11,3852.11,3852.11,0,0
WIG_MOTO_BV,D,20190315,000000,3852.11,3852.11,3852.11,3852.11,0,0
WIG_MOTO_BV,D,20190318,000000,3852.11,3852.11,3852.11,3852.11,0,0
WIG_MOTO_BV,D,20190319,000000,3852.11,3862.63,3852.11,3862.63,0,0
WIG_MOTO_BV,D,20190320,000000,3862.63,3862.63,3862.63,3862.63,0,0
WIG_MOTO_BV,D,20190321,000000,3862.63,3862.63,3862.63,3862.63,0,0
WIG_MOTO_BV,D,20190322,000000,3862.63,3862.63,3862.63,3862.63,0,0
WIG_MOTO_BV,D,20190325,000000,3862.63,3862.63,3862.63,3862.63,0,0
WIG_MOTO_BV,D,20190326,000000,3862.63,3862.63,3862.63,3862.63,0,0
WIG_MOTO_BV,D,20190327,000000,3862.63,3862.63,3862.63,3862.63,0,0
WIG_MOTO_BV,D,20190328,000000,3862.63,3862.63,3862.63,3862.63,0,0
WIG_MOTO_BV,D,20190329,000000,3862.63,3862.63,3848.85,3848.85,0,0
WIG_MOTO_BV,D,20190401,000000,3848.85,3848.85,3848.85,3848.85,0,0
WIG_MOTO_BV,D,20190402,000000,3848.85,3848.85,3848.85,3848.85,0,0
WIG_MOTO_BV,D,20190403,000000,3848.85,3848.85,3848.85,3848.85,0,0
WIG_MOTO_BV,D,20190404,000000,3848.85,3862.16,3848.85,3862.16,0,0
WIG_MOTO_BV,D,20190405,000000,3862.16,3862.16,3862.16,3862.16,0,0
WIG_MOTO_BV,D,20190408,000000,3862.16,3862.16,3862.16,3862.16,0,0
WIG_MOTO_BV,D,20190409,000000,3862.16,3862.16,3862.16,3862.16,0,0
WIG_MOTO_BV,D,20190410,000000,3862.16,3862.16,3862.16,3862.16,0,0
WIG_MOTO_BV,D,20190411,000000,3862.16,3862.16,3862.16,3862.16,0,0
WIG_MOTO_BV,D,20190412,000000,3862.16,3862.16,3862.16,3862.16,0,0
WIG_MOTO_BV,D,20190415,000000,3862.16,3862.16,3862.16,3862.16,0,0
WIG_MOTO_BV,D,20190416,000000,3862.16,3862.16,3862.16,3862.16,0,0
WIG_MOTO_BV,D,20190417,000000,3862.16,3862.16,3862.16,3862.16,0,0
WIG_MOTO_BV,D,20190418,000000,3862.16,3862.16,3862.16,3862.16,0,0
WIG_MOTO_BV,D,20190423,000000,3862.16,3905.4,3862.16,3905.4,0,0
WIG_MOTO_BV,D,20190424,000000,3905.4,3905.4,3905.4,3905.4,0,0
WIG_MOTO_BV,D,20190425,000000,3905.4,3905.4,3903.63,3903.63,0,0
WIG_MOTO_BV,D,20190426,000000,3903.63,3903.63,3903.63,3903.63,0,0
WIG_MOTO_BV,D,20190429,000000,3903.63,3903.63,3900.05,3900.05,0,0
WIG_MOTO_BV,D,20190430,000000,3900.05,3900.05,3900.05,3900.05,0,0
WIG_MOTO_BV,D,20190502,000000,3900.05,3900.05,3900.05,3900.05,0,0
WIG_MOTO_BV,D,20190506,000000,3900.05,3915.17,3900.05,3915.17,0,0
WIG_MOTO_BV,D,20190507,000000,3915.17,3915.17,3915.17,3915.17,0,0
WIG_MOTO_BV,D,20190508,000000,3915.17,3915.17,3915.17,3915.17,0,0
WIG_MOTO_BV,D,20190509,000000,3915.17,3915.17,3915.17,3915.17,0,0
WIG_MOTO_BV,D,20190510,000000,3915.17,3915.17,3915.17,3915.17,0,0
WIG_MOTO_BV,D,20190513,000000,3915.17,3915.17,3915.17,3915.17,0,0
WIG_MOTO_BV,D,20190514,000000,3915.17,3932.96,3915.17,3932.96,0,0
WIG_MOTO_BV,D,20190515,000000,3932.96,3932.96,3932.96,3932.96,0,0
WIG_MOTO_BV,D,20190516,000000,3932.96,3932.96,3932.96,3932.96,0,0
WIG_MOTO_BV,D,20190517,000000,3932.96,3991.45,3932.96,3991.45,0,0
WIG_MOTO_BV,D,20190520,000000,3991.45,3991.45,3991.45,3991.45,0,0
WIG_MOTO_BV,D,20190521,000000,3991.45,4038.46,3991.45,4038.46,0,0
WIG_MOTO_BV,D,20190522,000000,4038.46,4053.95,4038.46,4053.95,0,0
WIG_MOTO_BV,D,20190523,000000,4053.95,4053.95,4053.95,4053.95,0,0
WIG_MOTO_BV,D,20190524,000000,4053.95,4053.95,4053.95,4053.95,0,0
WIG_MOTO_BV,D,20190527,000000,4053.95,4053.95,4053.95,4053.95,0,0
WIG_MOTO_BV,D,20190528,000000,4053.95,4053.95,4053.95,4053.95,0,0
WIG_MOTO_BV,D,20190529,000000,4053.95,4053.97,4053.95,4053.97,0,0
WIG_MOTO_BV,D,20190530,000000,4053.97,4053.97,4053.97,4053.97,0,0
WIG_MOTO_BV,D,20190531,000000,4053.97,4059.35,4053.97,4059.35,0,0
WIG_MOTO_BV,D,20190603,000000,4059.35,4059.35,4059.35,4059.35,0,0
WIG_MOTO_BV,D,20190604,000000,4059.35,4059.35,4059.35,4059.35,0,0
WIG_MOTO_BV,D,20190605,000000,4059.35,4059.35,4059.35,4059.35,0,0
WIG_MOTO_BV,D,20190606,000000,4059.35,4059.35,4059.35,4059.35,0,0
WIG_MOTO_BV,D,20190607,000000,4059.35,4059.35,4059.35,4059.35,0,0
WIG_MOTO_BV,D,20190610,000000,4059.35,4059.35,4059.35,4059.35,0,0
WIG_MOTO_BV,D,20190611,000000,4059.35,4059.35,4059.35,4059.35,0,0
WIG_MOTO_BV,D,20190612,000000,4059.35,4059.35,4059.35,4059.35,0,0
WIG_MOTO_BV,D,20190613,000000,4059.35,4059.35,4059.35,4059.35,0,0
WIG_MOTO_BV,D,20190614,000000,4059.35,4059.35,4059.35,4059.35,0,0
WIG_MOTO_BV,D,20190617,000000,4059.35,4059.35,4059.35,4059.35,0,0
WIG_MOTO_BV,D,20190618,000000,4059.35,4059.35,4059.35,4059.35,0,0
WIG_MOTO_BV,D,20190619,000000,4059.35,4059.35,4059.35,4059.35,0,0
WIG_MOTO_BV,D,20190621,000000,4059.35,4059.35,4059.35,4059.35,0,0
WIG_MOTO_BV,D,20190624,000000,4059.35,4059.35,4059.35,4059.35,0,0
WIG_MOTO_BV,D,20190625,000000,4059.35,4059.35,4059.35,4059.35,0,0
WIG_MOTO_BV,D,20190626,000000,4059.35,4059.35,4059.35,4059.35,0,0
WIG_MOTO_BV,D,20190627,000000,4059.35,4059.35,4059.35,4059.35,0,0
WIG_MOTO_BV,D,20190628,000000,4059.35,4059.35,4059.35,4059.35,0,0
WIG_MOTO_BV,D,20190701,000000,4059.35,4059.35,4059.35,4059.35,0,0
WIG_MOTO_BV,D,20190702,000000,4059.35,4059.35,4059.35,4059.35,0,0
WIG_MOTO_BV,D,20190703,000000,4059.35,4059.35,4059.35,4059.35,0,0
WIG_MOTO_BV,D,20190704,000000,4059.35,4059.35,4059.35,4059.35,0,0
WIG_MOTO_BV,D,20190705,000000,4059.35,4059.35,4059.35,4059.35,0,0
WIG_MOTO_BV,D,20190708,000000,4059.35,4059.35,4059.35,4059.35,0,0
WIG_MOTO_BV,D,20190709,000000,4059.35,4059.35,4059.35,4059.35,0,0
WIG_MOTO_BV,D,20190710,000000,4059.35,4059.35,4059.35,4059.35,0,0
WIG_MOTO_BV,D,20190711,000000,4059.35,4059.35,4059.35,4059.35,0,0
WIG_MOTO_BV,D,20190712,000000,4059.35,4059.35,4059.35,4059.35,0,0
WIG_MOTO_BV,D,20190715,000000,4059.35,4059.35,4059.35,4059.35,0,0
WIG_MOTO_BV,D,20190716,000000,4059.35,4059.35,4059.35,4059.35,0,0
WIG_MOTO_BV,D,20190717,000000,4059.35,4059.35,4059.35,4059.35,0,0
WIG_MOTO_BV,D,20190718,000000,4059.35,4059.35,4059.35,4059.35,0,0
WIG_MOTO_BV,D,20190719,000000,4059.35,4059.35,4059.35,4059.35,0,0
WIG_MOTO_BV,D,20190722,000000,4059.35,4059.35,4059.35,4059.35,0,0
WIG_MOTO_BV,D,20190723,000000,4059.35,4059.35,4059.35,4059.35,0,0
WIG_MOTO_BV,D,20190724,000000,4059.35,4059.35,4059.35,4059.35,0,0
WIG_MOTO_BV,D,20190725,000000,4059.35,4059.35,4059.35,4059.35,0,0
WIG_MOTO_BV,D,20190726,000000,4059.35,4059.35,4059.35,4059.35,0,0
WIG_MOTO_BV,D,20190729,000000,4059.35,4059.35,4059.35,4059.35,0,0
WIG_MOTO_BV,D,20190730,000000,4059.35,4059.35,4059.35,4059.35,0,0
WIG_MOTO_BV,D,20190731,000000,4059.35,4059.35,4059.35,4059.35,0,0
WIG_MOTO_BV,D,20190801,000000,4059.35,4059.35,4059.35,4059.35,0,0
WIG_MOTO_BV,D,20190802,000000,4059.35,4059.35,4059.35,4059.35,0,0
WIG_MOTO_BV,D,20190805,000000,4059.35,4059.35,4059.35,4059.35,0,0
WIG_MOTO_BV,D,20190806,000000,4059.35,4059.35,4059.35,4059.35,0,0
WIG_MOTO_BV,D,20190807,000000,4059.35,4059.35,4059.35,4059.35,0,0
WIG_MOTO_BV,D,20190808,000000,4059.35,4059.35,4059.35,4059.35,0,0
WIG_MOTO_BV,D,20190809,000000,4059.35,4059.35,4030.7,4030.7,0,0
WIG_MOTO_BV,D,20190812,000000,4030.7,4030.7,4030.7,4030.7,0,0
WIG_MOTO_BV,D,20190813,000000,4030.7,4030.7,4030.7,4030.7,0,0
WIG_MOTO_BV,D,20190814,000000,4030.7,4030.7,4030.7,4030.7,0,0
WIG_MOTO_BV,D,20190816,000000,4030.7,4030.7,4030.7,4030.7,0,0
WIG_MOTO_BV,D,20190819,000000,4030.7,4030.7,4030.7,4030.7,0,0
WIG_MOTO_BV,D,20190820,000000,4030.7,4030.7,4030.7,4030.7,0,0
WIG_MOTO_BV,D,20190821,000000,4030.7,4030.7,4030.7,4030.7,0,0
WIG_MOTO_BV,D,20190822,000000,4030.7,4030.7,4030.7,4030.7,0,0
WIG_MOTO_BV,D,20190823,000000,4030.7,4030.7,4030.7,4030.7,0,0
WIG_MOTO_BV,D,20190826,000000,4030.7,4030.7,4030.7,4030.7,0,0
WIG_MOTO_BV,D,20190827,000000,4030.7,4030.7,4030.7,4030.7,0,0
WIG_MOTO_BV,D,20190828,000000,4030.7,4030.7,4007.41,4007.41,0,0
WIG_MOTO_BV,D,20190829,000000,4007.41,4007.41,4007.41,4007.41,0,0
WIG_MOTO_BV,D,20190830,000000,4007.41,4007.41,3999.44,3999.44,0,0
WIG_MOTO_BV,D,20190902,000000,3999.44,3999.44,3999.44,3999.44,0,0
WIG_MOTO_BV,D,20190903,000000,3999.44,3999.44,3999.44,3999.44,0,0
WIG_MOTO_BV,D,20190904,000000,3999.44,4052.58,3999.44,4052.58,0,0
WIG_MOTO_BV,D,20190905,000000,4052.58,4052.58,4052.58,4052.58,0,0
WIG_MOTO_BV,D,20190906,000000,4052.58,4052.58,4052.58,4052.58,0,0
WIG_MOTO_BV,D,20190909,000000,4052.58,4052.58,4052.58,4052.58,0,0
WIG_MOTO_BV,D,20190910,000000,4052.58,4052.58,4052.58,4052.58,0,0
WIG_MOTO_BV,D,20190911,000000,4052.58,4052.58,4052.58,4052.58,0,0
WIG_MOTO_BV,D,20190912,000000,4052.58,4052.58,4000.32,4000.32,0,0
WIG_MOTO_BV,D,20190913,000000,4000.32,4000.32,4000.32,4000.32,0,0
WIG_MOTO_BV,D,20190916,000000,4000.32,4000.32,4000.32,4000.32,0,0
WIG_MOTO_BV,D,20190917,000000,4000.32,4012.15,4000.32,4012.15,0,0
WIG_MOTO_BV,D,20190918,000000,4012.15,4012.15,4012.15,4012.15,0,0
WIG_MOTO_BV,D,20190919,000000,4012.15,4012.15,4012.15,4012.15,0,0
WIG_MOTO_BV,D,20190920,000000,4012.15,4012.15,4012.15,4012.15,0,0
WIG_MOTO_BV,D,20190923,000000,4012.15,4012.15,4012.15,4012.15,0,0
WIG_MOTO_BV,D,20190924,000000,4012.15,4012.15,4012.15,4012.15,0,0
WIG_MOTO_BV,D,20190925,000000,4012.15,4012.15,4012.15,4012.15,0,0
WIG_MOTO_BV,D,20190926,000000,4012.15,4012.15,4012.15,4012.15,0,0
WIG_MOTO_BV,D,20190927,000000,4012.15,4012.15,4012.15,4012.15,0,0
WIG_MOTO_BV,D,20190930,000000,4012.15,4012.15,4012.15,4012.15,0,0
WIG_MOTO_BV,D,20191001,000000,4012.15,4012.15,4012.15,4012.15,0,0
WIG_MOTO_BV,D,20191002,000000,4012.15,4012.15,4012.15,4012.15,0,0
WIG_MOTO_BV,D,20191003,000000,4012.15,4013.11,4012.15,4013.11,0,0
WIG_MOTO_BV,D,20191004,000000,4013.11,4013.11,4013.11,4013.11,0,0
WIG_MOTO_BV,D,20191007,000000,4013.11,4013.11,4013.11,4013.11,0,0
WIG_MOTO_BV,D,20191008,000000,4013.11,4013.11,4013.11,4013.11,0,0
WIG_MOTO_BV,D,20191009,000000,4013.11,4013.11,4013.11,4013.11,0,0
WIG_MOTO_BV,D,20191010,000000,4013.11,4013.11,4013.11,4013.11,0,0
WIG_MOTO_BV,D,20191011,000000,4013.11,4013.11,4013.11,4013.11,0,0
WIG_MOTO_BV,D,20191014,000000,4013.11,4013.11,4013.11,4013.11,0,0
WIG_MOTO_BV,D,20191015,000000,4013.11,4013.11,4013.11,4013.11,0,0
WIG_MOTO_BV,D,20191016,000000,4013.11,4013.11,4013.11,4013.11,0,0
WIG_MOTO_BV,D,20191017,000000,4013.11,4013.11,4013.11,4013.11,0,0
WIG_MOTO_BV,D,20191018,000000,4013.11,4013.11,4013.11,4013.11,0,0
WIG_MOTO_BV,D,20191021,000000,4013.11,4013.11,4013.11,4013.11,0,0
WIG_MOTO_BV,D,20191022,000000,4013.11,4013.11,4013.11,4013.11,0,0
WIG_MOTO_BV,D,20191023,000000,4013.11,4013.11,4013.11,4013.11,0,0
WIG_MOTO_BV,D,20191024,000000,4013.11,4013.11,4013.11,4013.11,0,0
WIG_MOTO_BV,D,20191025,000000,4013.11,4013.11,4013.11,4013.11,0,0
WIG_MOTO_BV,D,20191028,000000,4013.11,4013.11,4013.11,4013.11,0,0
WIG_MOTO_BV,D,20191029,000000,4013.11,4013.11,4013.11,4013.11,0,0
WIG_MOTO_BV,D,20191030,000000,4013.11,4013.11,4013.11,4013.11,0,0
WIG_MOTO_BV,D,20191031,000000,4013.11,4013.11,4013.11,4013.11,0,0
WIG_MOTO_BV,D,20191104,000000,4013.11,4013.11,4013.11,4013.11,0,0
WIG_MOTO_BV,D,20191105,000000,4013.11,4013.11,4013.11,4013.11,0,0
WIG_MOTO_BV,D,20191106,000000,4013.11,4013.11,4013.11,4013.11,0,0
WIG_MOTO_BV,D,20191107,000000,4013.11,4013.11,4013.11,4013.11,0,0
WIG_MOTO_BV,D,20191108,000000,4013.11,4013.11,4013.11,4013.11,0,0
WIG_MOTO_BV,D,20191112,000000,4013.11,4024.25,4013.11,4024.25,0,0
WIG_MOTO_BV,D,20191113,000000,4024.25,4031.36,4024.25,4031.36,0,0
WIG_MOTO_BV,D,20191114,000000,4031.36,4031.36,4031.36,4031.36,0,0
WIG_MOTO_BV,D,20191115,000000,4031.36,4050.23,4031.36,4050.23,0,0
WIG_MOTO_BV,D,20191118,000000,4050.23,4129.06,4050.23,4129.06,0,0
WIG_MOTO_BV,D,20191119,000000,4129.06,4129.06,4129.06,4129.06,0,0
WIG_MOTO_BV,D,20191120,000000,4129.06,4129.06,4129.06,4129.06,0,0
WIG_MOTO_BV,D,20191121,000000,4129.06,4129.06,4129.06,4129.06,0,0
WIG_MOTO_BV,D,20191122,000000,4129.06,4129.06,4129.06,4129.06,0,0
WIG_MOTO_BV,D,20191125,000000,4129.06,4129.06,4129.06,4129.06,0,0
WIG_MOTO_BV,D,20191126,000000,4129.06,4145.23,4129.06,4145.23,0,0
WIG_MOTO_BV,D,20191127,000000,4145.23,4145.23,4145.23,4145.23,0,0
WIG_MOTO_BV,D,20191128,000000,4145.23,4145.23,4145.23,4145.23,0,0
WIG_MOTO_BV,D,20191129,000000,4145.23,4145.23,4145.23,4145.23,0,0
WIG_MOTO_BV,D,20191202,000000,4145.23,4145.23,4144.34,4144.34,0,0
WIG_MOTO_BV,D,20191203,000000,4144.34,4144.34,4144.34,4144.34,0,0
WIG_MOTO_BV,D,20191204,000000,4144.34,4144.34,4144.34,4144.34,0,0
WIG_MOTO_BV,D,20191205,000000,4144.34,4144.34,4144.34,4144.34,0,0
WIG_MOTO_BV,D,20191206,000000,4144.34,4144.34,4144.34,4144.34,0,0
WIG_MOTO_BV,D,20191209,000000,4144.34,4144.34,4144.34,4144.34,0,0
WIG_MOTO_BV,D,20191210,000000,4144.34,4144.34,4144.34,4144.34,0,0
WIG_MOTO_BV,D,20191211,000000,4144.34,4144.34,4144.34,4144.34,0,0
WIG_MOTO_BV,D,20191212,000000,4144.34,4144.34,4144.34,4144.34,0,0
WIG_MOTO_BV,D,20191213,000000,4144.34,4144.34,4144.34,4144.34,0,0
WIG_MOTO_BV,D,20191216,000000,4144.34,4144.34,4144.34,4144.34,0,0
WIG_MOTO_BV,D,20191217,000000,4144.34,4144.34,4144.34,4144.34,0,0
WIG_MOTO_BV,D,20191218,000000,4144.34,4144.34,4144.34,4144.34,0,0
WIG_MOTO_BV,D,20191219,000000,4144.34,4144.34,4144.34,4144.34,0,0
WIG_MOTO_BV,D,20191220,000000,4144.34,4144.34,4144.34,4144.34,0,0
WIG_MOTO_BV,D,20191223,000000,4144.34,4144.34,4144.34,4144.34,0,0
WIG_MOTO_BV,D,20191227,000000,4144.34,4144.34,4144.34,4144.34,0,0
WIG_MOTO_BV,D,20191230,000000,4144.34,4144.34,4144.34,4144.34,0,0
WIG_MOTO_BV,D,20200102,000000,4144.34,4144.34,4144.34,4144.34,0,0
WIG_MOTO_BV,D,20200103,000000,4144.34,4144.34,4144.34,4144.34,0,0
WIG_MOTO_BV,D,20200107,000000,4144.34,4144.34,4144.34,4144.34,0,0
WIG_MOTO_BV,D,20200108,000000,4144.34,4144.34,4144.34,4144.34,0,0
WIG_MOTO_BV,D,20200109,000000,4144.34,4144.34,4144.34,4144.34,0,0
WIG_MOTO_BV,D,20200110,000000,4144.34,4144.34,4144.34,4144.34,0,0
WIG_MOTO_BV,D,20200113,000000,4144.34,4144.34,4144.34,4144.34,0,0
WIG_MOTO_BV,D,20200114,000000,4144.34,4144.34,4144.34,4144.34,0,0
WIG_MOTO_BV,D,20200115,000000,4144.34,4144.34,4144.34,4144.34,0,0
WIG_MOTO_BV,D,20200116,000000,4144.34,4144.34,4144.34,4144.34,0,0
WIG_MOTO_BV,D,20200117,000000,4144.34,4144.34,4144.34,4144.34,0,0
WIG_MOTO_BV,D,20200120,000000,4144.34,4144.34,4144.34,4144.34,0,0
WIG_MOTO_BV,D,20200121,000000,4144.34,4144.34,4144.34,4144.34,0,0
WIG_MOTO_BV,D,20200122,000000,4144.34,4144.34,4144.34,4144.34,0,0
WIG_MOTO_BV,D,20200123,000000,4144.34,4144.34,4144.34,4144.34,0,0
WIG_MOTO_BV,D,20200124,000000,4144.34,4144.34,4144.34,4144.34,0,0
WIG_MOTO_BV,D,20200127,000000,4144.34,4144.34,4144.34,4144.34,0,0
WIG_MOTO_BV,D,20200128,000000,4144.34,4144.34,4144.34,4144.34,0,0
WIG_MOTO_BV,D,20200129,000000,4144.34,4144.34,4144.34,4144.34,0,0
WIG_MOTO_BV,D,20200130,000000,4144.34,4144.34,4144.34,4144.34,0,0
WIG_MOTO_BV,D,20200131,000000,4144.34,4144.34,4144.34,4144.34,0,0
WIG_MOTO_BV,D,20200203,000000,4144.34,4144.34,4144.34,4144.34,0,0
WIG_MOTO_BV,D,20200204,000000,4144.34,4144.34,4144.34,4144.34,0,0
WIG_MOTO_BV,D,20200205,000000,4144.34,4144.34,4144.34,4144.34,0,0
WIG_MOTO_BV,D,20200206,000000,4144.34,4144.34,4144.34,4144.34,0,0
WIG_MOTO_BV,D,20200207,000000,4144.34,4144.34,4144.34,4144.34,0,0
WIG_MOTO_BV,D,20200210,000000,4144.34,4144.34,4144.34,4144.34,0,0
WIG_MOTO_BV,D,20200211,000000,4144.34,4144.34,4144.34,4144.34,0,0
WIG_MOTO_BV,D,20200212,000000,4144.34,4144.34,4144.34,4144.34,0,0
WIG_MOTO_BV,D,20200213,000000,4144.34,4144.34,4144.34,4144.34,0,0
WIG_MOTO_BV,D,20200214,000000,4144.34,4144.34,4144.34,4144.34,0,0
WIG_MOTO_BV,D,20200217,000000,4144.34,4144.34,4144.34,4144.34,0,0
WIG_MOTO_BV,D,20200218,000000,4144.34,4144.34,4144.34,4144.34,0,0
WIG_MOTO_BV,D,20200219,000000,4144.34,4144.34,4144.34,4144.34,0,0
WIG_MOTO_BV,D,20200220,000000,4144.34,4144.34,4144.34,4144.34,0,0
WIG_MOTO_BV,D,20200221,000000,4144.34,4144.34,4144.34,4144.34,0,0
WIG_MOTO_BV,D,20200224,000000,4144.34,4144.34,4144.34,4144.34,0,0
WIG_MOTO_BV,D,20200225,000000,4144.34,4144.34,4144.34,4144.34,0,0
WIG_MOTO_BV,D,20200226,000000,4144.34,4144.34,4144.34,4144.34,0,0
WIG_MOTO_BV,D,20200227,000000,4144.34,4144.34,4144.34,4144.34,0,0
WIG_MOTO_BV,D,20200228,000000,4144.34,4144.34,4144.34,4144.34,0,0
WIG_MOTO_BV,D,20200302,000000,4144.34,4144.34,4144.34,4144.34,0,0
WIG_MOTO_BV,D,20200303,000000,4144.34,4144.34,4144.34,4144.34,0,0
WIG_MOTO_BV,D,20200304,000000,4144.34,4144.34,4144.34,4144.34,0,0
WIG_MOTO_BV,D,20200305,000000,4144.34,4144.34,4144.34,4144.34,0,0
WIG_MOTO_BV,D,20200306,000000,4144.34,4144.34,4144.34,4144.34,0,0
WIG_MOTO_BV,D,20200309,000000,4144.34,4144.34,4144.34,4144.34,0,0
WIG_MOTO_BV,D,20200310,000000,4144.34,4144.34,4144.34,4144.34,0,0
WIG_MOTO_BV,D,20200311,000000,4144.34,4144.34,4144.34,4144.34,0,0
WIG_MOTO_BV,D,20200312,000000,4144.34,4144.34,4144.34,4144.34,0,0
WIG_MOTO_BV,D,20200313,000000,4144.34,4144.34,4144.34,4144.34,0,0
WIG_MOTO_BV,D,20200316,000000,4144.34,4149.61,4144.34,4149.61,0,0
WIG_MOTO_BV,D,20200317,000000,4149.61,4149.61,4149.61,4149.61,0,0
WIG_MOTO_BV,D,20200318,000000,4149.61,4149.61,4149.61,4149.61,0,0
WIG_MOTO_BV,D,20200319,000000,4149.61,4149.61,4149.61,4149.61,0,0
WIG_MOTO_BV,D,20200320,000000,4149.61,4149.61,4149.61,4149.61,0,0
WIG_MOTO_BV,D,20200323,000000,4149.61,4149.61,4149.61,4149.61,0,0
WIG_MOTO_BV,D,20200324,000000,4149.61,4149.61,4149.61,4149.61,0,0
WIG_MOTO_BV,D,20200325,000000,4149.61,4149.61,4149.61,4149.61,0,0
WIG_MOTO_BV,D,20200326,000000,4149.61,4149.61,4149.61,4149.61,0,0
WIG_MOTO_BV,D,20200327,000000,4149.61,4149.61,4149.61,4149.61,0,0
WIG_MOTO_BV,D,20200330,000000,4149.61,4149.61,4149.61,4149.61,0,0
WIG_MOTO_BV,D,20200331,000000,4149.61,4149.61,4149.61,4149.61,0,0
WIG_MOTO_BV,D,20200401,000000,4149.61,4149.61,4149.61,4149.61,0,0
WIG_MOTO_BV,D,20200402,000000,4149.61,4149.61,4149.61,4149.61,0,0
WIG_MOTO_BV,D,20200403,000000,4149.61,4149.61,4149.61,4149.61,0,0
WIG_MOTO_BV,D,20200406,000000,4149.61,4149.61,4149.61,4149.61,0,0
WIG_MOTO_BV,D,20200407,000000,4149.61,4163.77,4149.61,4163.77,0,0
WIG_MOTO_BV,D,20200408,000000,4163.77,4163.77,4163.77,4163.77,0,0
WIG_MOTO_BV,D,20200409,000000,4163.77,4163.77,4163.77,4163.77,0,0
WIG_MOTO_BV,D,20200414,000000,4163.77,4163.77,4163.77,4163.77,0,0
WIG_MOTO_BV,D,20200415,000000,4163.77,4163.77,4163.77,4163.77,0,0
WIG_MOTO_BV,D,20200416,000000,4163.77,4163.77,4163.77,4163.77,0,0
WIG_MOTO_BV,D,20200417,000000,4163.77,4163.77,4163.77,4163.77,0,0
WIG_MOTO_BV,D,20200420,000000,4163.77,4202.31,4163.77,4202.31,0,0
WIG_MOTO_BV,D,20200421,000000,4202.31,4202.31,4202.31,4202.31,0,0
WIG_MOTO_BV,D,20200422,000000,4202.31,4202.31,4202.31,4202.31,0,0
WIG_MOTO_BV,D,20200423,000000,4202.31,4202.31,4202.31,4202.31,0,0
WIG_MOTO_BV,D,20200424,000000,4202.31,4222.59,4202.31,4222.59,0,0
WIG_MOTO_BV,D,20200427,000000,4222.59,4222.59,4222.59,4222.59,0,0
WIG_MOTO_BV,D,20200428,000000,4222.59,4239.73,4222.59,4239.73,0,0
WIG_MOTO_BV,D,20200429,000000,4239.73,4239.73,4239.73,4239.73,0,0
WIG_MOTO_BV,D,20200430,000000,4239.73,4239.73,4239.73,4239.73,0,0
WIG_MOTO_BV,D,20200504,000000,4239.73,4239.73,4239.73,4239.73,0,0
WIG_MOTO_BV,D,20200505,000000,4239.73,4239.73,4239.73,4239.73,0,0
WIG_MOTO_BV,D,20200506,000000,4239.73,4252.26,4239.73,4252.26,0,0
WIG_MOTO_BV,D,20200507,000000,4252.26,4252.26,4252.26,4252.26,0,0
WIG_MOTO_BV,D,20200508,000000,4252.26,4252.26,4252.26,4252.26,0,0
WIG_MOTO_BV,D,20200511,000000,4252.26,4252.26,4252.26,4252.26,0,0
WIG_MOTO_BV,D,20200512,000000,4252.26,4252.26,4252.26,4252.26,0,0
WIG_MOTO_BV,D,20200513,000000,4252.26,4252.26,4252.26,4252.26,0,0
WIG_MOTO_BV,D,20200514,000000,4252.26,4252.26,4252.26,4252.26,0,0
WIG_MOTO_BV,D,20200515,000000,4252.26,4274.76,4252.26,4274.76,0,0
WIG_MOTO_BV,D,20200518,000000,4274.76,4274.76,4274.76,4274.76,0,0
WIG_MOTO_BV,D,20200519,000000,4274.76,4287.49,4274.76,4287.49,0,0
WIG_MOTO_BV,D,20200520,000000,4287.49,4291.17,4287.49,4291.17,0,0
WIG_MOTO_BV,D,20200521,000000,4291.17,4291.17,4291.17,4291.17,0,0
WIG_MOTO_BV,D,20200522,000000,4291.17,4291.17,4291.17,4291.17,0,0
WIG_MOTO_BV,D,20200525,000000,4291.17,4291.17,4291.17,4291.17,0,0
WIG_MOTO_BV,D,20200526,000000,4291.17,4291.17,4291.17,4291.17,0,0
WIG_MOTO_BV,D,20200527,000000,4291.17,4291.17,4291.17,4291.17,0,0
WIG_MOTO_BV,D,20200528,000000,4291.17,4291.17,4291.17,4291.17,0,0
WIG_MOTO_BV,D,20200529,000000,4291.17,4291.17,4291.17,4291.17,0,0
WIG_MOTO_BV,D,20200601,000000,4291.17,4291.17,4291.17,4291.17,0,0
WIG_MOTO_BV,D,20200602,000000,4291.17,4291.17,4291.17,4291.17,0,0
WIG_MOTO_BV,D,20200603,000000,4291.17,4291.17,4291.17,4291.17,0,0
WIG_MOTO_BV,D,20200604,000000,4291.17,4291.17,4291.17,4291.17,0,0
WIG_MOTO_BV,D,20200605,000000,4291.17,4291.17,4291.17,4291.17,0,0
WIG_MOTO_BV,D,20200608,000000,4291.17,4326.73,4291.17,4326.73,0,0
WIG_MOTO_BV,D,20200609,000000,4326.73,4326.73,4326.73,4326.73,0,0
WIG_MOTO_BV,D,20200610,000000,4326.73,4326.73,4326.73,4326.73,0,0
WIG_MOTO_BV,D,20200612,000000,4326.73,4326.73,4326.73,4326.73,0,0
WIG_MOTO_BV,D,20200615,000000,4326.73,4326.73,4326.73,4326.73,0,0
WIG_MOTO_BV,D,20200616,000000,4326.73,4326.73,4326.73,4326.73,0,0
WIG_MOTO_BV,D,20200617,000000,4326.73,4326.73,4326.73,4326.73,0,0
WIG_MOTO_BV,D,20200618,000000,4326.73,4326.73,4326.73,4326.73,0,0
WIG_MOTO_BV,D,20200619,000000,4326.73,4326.73,4326.73,4326.73,0,0
WIG_MOTO_BV,D,20200622,000000,4326.73,4326.73,4326.73,4326.73,0,0
WIG_MOTO_BV,D,20200623,000000,4326.73,4326.73,4326.73,4326.73,0,0
WIG_MOTO_BV,D,20200624,000000,4326.73,4326.73,4304.17,4304.17,0,0
WIG_MOTO_BV,D,20200625,000000,4304.17,4304.17,4304.17,4304.17,0,0
WIG_MOTO_BV,D,20200626,000000,4304.17,4304.17,4304.17,4304.17,0,0
WIG_MOTO_BV,D,20200629,000000,4304.17,4304.17,4304.17,4304.17,0,0
WIG_MOTO_BV,D,20200630,000000,4304.17,4304.17,4271.92,4271.92,0,0
WIG_MOTO_BV,D,20200701,000000,4271.92,4271.92,4271.92,4271.92,0,0
WIG_MOTO_BV,D,20200702,000000,4271.92,4271.92,4271.92,4271.92,0,0
WIG_MOTO_BV,D,20200703,000000,4271.92,4271.92,4271.92,4271.92,0,0
WIG_MOTO_BV,D,20200706,000000,4271.92,4271.92,4271.92,4271.92,0,0
WIG_MOTO_BV,D,20200707,000000,4271.92,4271.92,4271.92,4271.92,0,0
WIG_MOTO_BV,D,20200708,000000,4271.92,4271.92,4271.92,4271.92,0,0
WIG_MOTO_BV,D,20200709,000000,4271.92,4271.92,4271.92,4271.92,0,0
WIG_MOTO_BV,D,20200710,000000,4271.92,4271.92,4271.92,4271.92,0,0
WIG_MOTO_BV,D,20200713,000000,4271.92,4271.92,4271.92,4271.92,0,0
WIG_MOTO_BV,D,20200714,000000,4271.92,4271.92,4271.92,4271.92,0,0
WIG_MOTO_BV,D,20200715,000000,4271.92,4271.92,4271.92,4271.92,0,0
WIG_MOTO_BV,D,20200716,000000,4271.92,4271.92,4271.92,4271.92,0,0
WIG_MOTO_BV,D,20200717,000000,4271.92,4271.92,4271.92,4271.92,0,0
WIG_MOTO_BV,D,20200720,000000,4271.92,4271.92,4271.92,4271.92,0,0
WIG_MOTO_BV,D,20200721,000000,4271.92,4271.92,4271.92,4271.92,0,0
WIG_MOTO_BV,D,20200722,000000,4271.92,4271.92,4261.4,4261.4,0,0
WIG_MOTO_BV,D,20200723,000000,4261.4,4261.4,4261.4,4261.4,0,0
WIG_MOTO_BV,D,20200724,000000,4261.4,4261.4,4261.4,4261.4,0,0
WIG_MOTO_BV,D,20200727,000000,4261.4,4261.4,4261.4,4261.4,0,0
WIG_MOTO_BV,D,20200728,000000,4261.4,4261.4,4260.2,4260.2,0,0
WIG_MOTO_BV,D,20200729,000000,4260.2,4260.2,4260.2,4260.2,0,0
WIG_MOTO_BV,D,20200730,000000,4260.2,4260.2,4260.2,4260.2,0,0
WIG_MOTO_BV,D,20200731,000000,4260.2,4260.2,4260.2,4260.2,0,0
WIG_MOTO_BV,D,20200803,000000,4260.2,4260.2,4260.2,4260.2,0,0
WIG_MOTO_BV,D,20200804,000000,4260.2,4260.2,4260.2,4260.2,0,0
WIG_MOTO_BV,D,20200805,000000,4260.2,4260.2,4260.2,4260.2,0,0
WIG_MOTO_BV,D,20200806,000000,4260.2,4260.2,4260.2,4260.2,0,0
WIG_MOTO_BV,D,20200807,000000,4260.2,4260.2,4260.2,4260.2,0,0
WIG_MOTO_BV,D,20200810,000000,4260.2,4266.69,4260.2,4266.69,0,0
WIG_MOTO_BV,D,20200811,000000,4266.69,4266.69,4266.69,4266.69,0,0
WIG_MOTO_BV,D,20200812,000000,4266.69,4266.69,4266.69,4266.69,0,0
WIG_MOTO_BV,D,20200813,000000,4266.69,4266.69,4266.69,4266.69,0,0
WIG_MOTO_BV,D,20200814,000000,4266.69,4266.69,4266.69,4266.69,0,0
WIG_MOTO_BV,D,20200817,000000,4266.69,4266.69,4266.69,4266.69,0,0
WIG_MOTO_BV,D,20200818,000000,4266.69,4266.69,4266.69,4266.69,0,0
WIG_MOTO_BV,D,20200819,000000,4266.69,4266.69,4266.69,4266.69,0,0
WIG_MOTO_BV,D,20200820,000000,4266.69,4266.69,4266.69,4266.69,0,0
WIG_MOTO_BV,D,20200821,000000,4266.69,4266.69,4266.69,4266.69,0,0
WIG_MOTO_BV,D,20200824,000000,4266.69,4266.69,4266.69,4266.69,0,0
WIG_MOTO_BV,D,20200825,000000,4266.69,4266.69,4266.69,4266.69,0,0
WIG_MOTO_BV,D,20200826,000000,4266.69,4266.69,4266.69,4266.69,0,0
WIG_MOTO_BV,D,20200827,000000,4266.69,4266.69,4266.69,4266.69,0,0
WIG_MOTO_BV,D,20200828,000000,4266.69,4266.69,4266.69,4266.69,0,0
WIG_MOTO_BV,D,20200831,000000,4266.69,4266.69,4266.69,4266.69,0,0
WIG_MOTO_BV,D,20200901,000000,4266.69,4266.69,4266.69,4266.69,0,0
WIG_MOTO_BV,D,20200902,000000,4266.69,4266.69,4266.69,4266.69,0,0
WIG_MOTO_BV,D,20200903,000000,4266.69,4266.69,4266.69,4266.69,0,0
WIG_MOTO_BV,D,20200904,000000,4266.69,4266.69,4266.69,4266.69,0,0
WIG_MOTO_BV,D,20200907,000000,4266.69,4266.69,4266.69,4266.69,0,0
WIG_MOTO_BV,D,20200908,000000,4266.69,4266.69,4266.69,4266.69,0,0
WIG_MOTO_BV,D,20200909,000000,4266.69,4266.69,4266.69,4266.69,0,0
WIG_MOTO_BV,D,20200910,000000,4266.69,4375.76,4266.69,4375.76,0,0
WIG_MOTO_BV,D,20200911,000000,4375.76,4375.76,4375.76,4375.76,0,0
WIG_MOTO_BV,D,20200914,000000,4375.76,4375.76,4375.76,4375.76,0,0
WIG_MOTO_BV,D,20200915,000000,4375.76,4375.76,4354.52,4354.52,0,0
WIG_MOTO_BV,D,20200916,000000,4354.52,4354.52,4354.52,4354.52,0,0
WIG_MOTO_BV,D,20200917,000000,4354.52,4387.12,4354.52,4387.12,0,0
WIG_MOTO_BV,D,20200918,000000,4387.12,4387.12,4387.12,4387.12,0,0
WIG_MOTO_BV,D,20200921,000000,4387.12,4387.12,4387.12,4387.12,0,0
WIG_MOTO_BV,D,20200922,000000,4387.12,4387.12,4387.12,4387.12,0,0
WIG_MOTO_BV,D,20200923,000000,4387.12,4387.12,4387.12,4387.12,0,0
WIG_MOTO_BV,D,20200924,000000,4387.12,4387.12,4387.12,4387.12,0,0
WIG_MOTO_BV,D,20200925,000000,4387.12,4387.12,4387.12,4387.12,0,0
WIG_MOTO_BV,D,20200928,000000,4387.12,4387.12,4387.12,4387.12,0,0
WIG_MOTO_BV,D,20200929,000000,4387.12,4390.83,4387.12,4390.83,0,0
WIG_MOTO_BV,D,20200930,000000,4390.83,4390.83,4390.83,4390.83,0,0
WIG_MOTO_BV,D,20201001,000000,4390.83,4390.83,4385.44,4385.44,0,0
WIG_MOTO_BV,D,20201002,000000,4385.44,4385.44,4385.3,4385.3,0,0
WIG_MOTO_BV,D,20201005,000000,4385.3,4385.3,4385.3,4385.3,0,0
WIG_MOTO_BV,D,20201006,000000,4385.3,4385.3,4385.3,4385.3,0,0
WIG_MOTO_BV,D,20201007,000000,4385.3,4385.3,4385.3,4385.3,0,0
WIG_MOTO_BV,D,20201008,000000,4385.3,4385.3,4385.3,4385.3,0,0
WIG_MOTO_BV,D,20201009,000000,4385.3,4385.3,4385.3,4385.3,0,0
WIG_MOTO_BV,D,20201012,000000,4385.3,4385.3,4385.3,4385.3,0,0
WIG_MOTO_BV,D,20201013,000000,4385.3,4385.3,4385.3,4385.3,0,0
WIG_MOTO_BV,D,20201014,000000,4385.3,4385.3,4385.3,4385.3,0,0
WIG_MOTO_BV,D,20201015,000000,4385.3,4385.3,4385.3,4385.3,0,0
WIG_MOTO_BV,D,20201016,000000,4385.3,4385.3,4385.3,4385.3,0,0
WIG_MOTO_BV,D,20201019,000000,4385.3,4385.3,4385.3,4385.3,0,0
WIG_MOTO_BV,D,20201020,000000,4385.3,4385.3,4385.3,4385.3,0,0
WIG_MOTO_BV,D,20201021,000000,4385.3,4385.3,4385.3,4385.3,0,0
WIG_MOTO_BV,D,20201022,000000,4385.3,4385.3,4385.3,4385.3,0,0
WIG_MOTO_BV,D,20201023,000000,4385.3,4385.3,4385.3,4385.3,0,0
WIG_MOTO_BV,D,20201026,000000,4385.3,4385.3,4385.3,4385.3,0,0
WIG_MOTO_BV,D,20201027,000000,4385.3,4385.3,4385.3,4385.3,0,0
WIG_MOTO_BV,D,20201028,000000,4385.3,4385.3,4385.3,4385.3,0,0
WIG_MOTO_BV,D,20201029,000000,4385.3,4385.3,4385.3,4385.3,0,0
WIG_MOTO_BV,D,20201030,000000,4385.3,4385.3,4385.3,4385.3,0,0
WIG_MOTO_BV,D,20201102,000000,4385.3,4385.3,4385.3,4385.3,0,0
WIG_MOTO_BV,D,20201103,000000,4385.3,4385.3,4385.3,4385.3,0,0
WIG_MOTO_BV,D,20201104,000000,4385.3,4385.3,4385.3,4385.3,0,0
WIG_MOTO_BV,D,20201105,000000,4385.3,4385.3,4385.3,4385.3,0,0
WIG_MOTO_BV,D,20201106,000000,4385.3,4385.3,4385.3,4385.3,0,0
WIG_MOTO_BV,D,20201109,000000,4385.3,4385.3,4385.3,4385.3,0,0
WIG_MOTO_BV,D,20201110,000000,4385.3,4385.3,4378.76,4378.76,0,0
WIG_MOTO_BV,D,20201112,000000,4378.76,4378.76,4378.76,4378.76,0,0
WIG_MOTO_BV,D,20201113,000000,4378.76,4378.76,4378.76,4378.76,0,0
WIG_MOTO_BV,D,20201116,000000,4378.76,4378.76,4378.76,4378.76,0,0
WIG_MOTO_BV,D,20201117,000000,4378.76,4466.84,4378.76,4466.84,0,0
WIG_MOTO_BV,D,20201118,000000,4466.84,4466.84,4463.51,4463.51,0,0
WIG_MOTO_BV,D,20201119,000000,4463.51,4463.51,4463.51,4463.51,0,0
WIG_MOTO_BV,D,20201120,000000,4463.51,4463.51,4463.51,4463.51,0,0
WIG_MOTO_BV,D,20201123,000000,4463.51,4463.51,4463.51,4463.51,0,0
WIG_MOTO_BV,D,20201124,000000,4463.51,4517.54,4463.51,4517.54,0,0
WIG_MOTO_BV,D,20201125,000000,4517.54,4517.54,4517.54,4517.54,0,0
WIG_MOTO_BV,D,20201126,000000,4517.54,4517.54,4517.54,4517.54,0,0
WIG_MOTO_BV,D,20201127,000000,4517.54,4517.54,4516.83,4516.83,0,0
WIG_MOTO_BV,D,20201130,000000,4516.83,4516.83,4516.83,4516.83,0,0
WIG_MOTO_BV,D,20201201,000000,4516.83,4524.56,4516.83,4524.56,0,0
WIG_MOTO_BV,D,20201202,000000,4524.56,4524.56,4524.56,4524.56,0,0
WIG_MOTO_BV,D,20201203,000000,4524.56,4524.56,4524.56,4524.56,0,0
WIG_MOTO_BV,D,20201204,000000,4524.56,4524.56,4524.56,4524.56,0,0
WIG_MOTO_BV,D,20201207,000000,4524.56,4524.56,4524.56,4524.56,0,0
WIG_MOTO_BV,D,20201208,000000,4524.56,4524.56,4524.56,4524.56,0,0
WIG_MOTO_BV,D,20201209,000000,4524.56,4524.56,4524.56,4524.56,0,0
WIG_MOTO_BV,D,20201210,000000,4524.56,4524.56,4524.56,4524.56,0,0
WIG_MOTO_BV,D,20201211,000000,4524.56,4524.56,4524.56,4524.56,0,0
WIG_MOTO_BV,D,20201214,000000,4524.56,4524.56,4524.56,4524.56,0,0
WIG_MOTO_BV,D,20201215,000000,4524.56,4524.56,4524.56,4524.56,0,0
WIG_MOTO_BV,D,20201216,000000,4524.56,4524.56,4524.56,4524.56,0,0
WIG_MOTO_BV,D,20201217,000000,4524.56,4524.56,4524.56,4524.56,0,0
WIG_MOTO_BV,D,20201218,000000,4524.56,4524.56,4524.56,4524.56,0,0
WIG_MOTO_BV,D,20201221,000000,4524.56,4524.56,4524.56,4524.56,0,0
WIG_MOTO_BV,D,20201222,000000,4524.56,4524.56,4524.56,4524.56,0,0
WIG_MOTO_BV,D,20201223,000000,4524.56,4524.56,4524.56,4524.56,0,0
WIG_MOTO_BV,D,20201228,000000,4524.56,4524.56,4524.56,4524.56,0,0
WIG_MOTO_BV,D,20201229,000000,4524.56,4524.56,4524.56,4524.56,0,0
WIG_MOTO_BV,D,20201230,000000,4524.56,4524.56,4524.56,4524.56,0,0
WIG_MOTO_BV,D,20210104,000000,4524.56,4524.56,4524.56,4524.56,0,0
WIG_MOTO_BV,D,20210105,000000,4524.56,4524.56,4524.56,4524.56,0,0
WIG_MOTO_BV,D,20210107,000000,4524.56,4524.56,4524.56,4524.56,0,0
WIG_MOTO_BV,D,20210108,000000,4524.56,4524.56,4524.56,4524.56,0,0
WIG_MOTO_BV,D,20210111,000000,4524.56,4524.56,4524.56,4524.56,0,0
WIG_MOTO_BV,D,20210112,000000,4524.56,4524.56,4524.56,4524.56,0,0
WIG_MOTO_BV,D,20210113,000000,4524.56,4524.56,4524.56,4524.56,0,0
WIG_MOTO_BV,D,20210114,000000,4524.56,4524.56,4524.56,4524.56,0,0
WIG_MOTO_BV,D,20210115,000000,4524.56,4524.56,4524.56,4524.56,0,0
WIG_MOTO_BV,D,20210118,000000,4524.56,4524.56,4524.56,4524.56,0,0
WIG_MOTO_BV,D,20210119,000000,4524.56,4524.56,4524.56,4524.56,0,0
WIG_MOTO_BV,D,20210120,000000,4524.56,4524.56,4524.56,4524.56,0,0
WIG_MOTO_BV,D,20210121,000000,4524.56,4524.56,4524.56,4524.56,0,0
WIG_MOTO_BV,D,20210122,000000,4524.56,4524.56,4524.56,4524.56,0,0
WIG_MOTO_BV,D,20210125,000000,4524.56,4524.56,4524.56,4524.56,0,0
WIG_MOTO_BV,D,20210126,000000,4524.56,4524.56,4524.56,4524.56,0,0
WIG_MOTO_BV,D,20210127,000000,4524.56,4524.56,4524.56,4524.56,0,0
WIG_MOTO_BV,D,20210128,000000,4524.56,4524.56,4524.56,4524.56,0,0
WIG_MOTO_BV,D,20210129,000000,4524.56,4524.56,4524.56,4524.56,0,0
WIG_MOTO_BV,D,20210201,000000,4524.56,4524.56,4524.56,4524.56,0,0
WIG_MOTO_BV,D,20210202,000000,4524.56,4524.56,4524.56,4524.56,0,0
WIG_MOTO_BV,D,20210203,000000,4524.56,4524.56,4524.56,4524.56,0,0
WIG_MOTO_BV,D,20210204,000000,4524.56,4524.56,4524.56,4524.56,0,0
WIG_MOTO_BV,D,20210205,000000,4524.56,4524.56,4524.56,4524.56,0,0
WIG_MOTO_BV,D,20210208,000000,4524.56,4524.56,4524.56,4524.56,0,0
WIG_MOTO_BV,D,20210209,000000,4524.56,4524.56,4524.56,4524.56,0,0
WIG_MOTO_BV,D,20210210,000000,4524.56,4524.56,4524.56,4524.56,0,0
WIG_MOTO_BV,D,20210211,000000,4524.56,4524.56,4524.56,4524.56,0,0
WIG_MOTO_BV,D,20210212,000000,4524.56,4524.56,4524.56,4524.56,0,0
WIG_MOTO_BV,D,20210215,000000,4524.56,4524.56,4524.56,4524.56,0,0
WIG_MOTO_BV,D,20210216,000000,4524.56,4524.56,4524.56,4524.56,0,0
WIG_MOTO_BV,D,20210217,000000,4524.56,4524.56,4524.56,4524.56,0,0
WIG_MOTO_BV,D,20210218,000000,4524.56,4524.56,4524.56,4524.56,0,0
WIG_MOTO_BV,D,20210219,000000,4524.56,4524.56,4524.56,4524.56,0,0
WIG_MOTO_BV,D,20210222,000000,4524.56,4524.56,4524.56,4524.56,0,0
WIG_MOTO_BV,D,20210223,000000,4524.56,4524.56,4524.56,4524.56,0,0
WIG_MOTO_BV,D,20210224,000000,4524.56,4524.56,4524.56,4524.56,0,0
WIG_MOTO_BV,D,20210225,000000,4524.56,4524.56,4524.56,4524.56,0,0
WIG_MOTO_BV,D,20210226,000000,4524.56,4524.56,4524.56,4524.56,0,0
WIG_MOTO_BV,D,20210301,000000,4524.56,4524.56,4524.56,4524.56,0,0
WIG_MOTO_BV,D,20210302,000000,4524.56,4524.56,4524.56,4524.56,0,0
WIG_MOTO_BV,D,20210303,000000,4524.56,4524.56,4524.56,4524.56,0,0
WIG_MOTO_BV,D,20210304,000000,4524.56,4524.56,4524.56,4524.56,0,0
WIG_MOTO_BV,D,20210305,000000,4524.56,4524.56,4524.56,4524.56,0,0
WIG_MOTO_BV,D,20210308,000000,4524.56,4524.56,4524.56,4524.56,0,0
WIG_MOTO_BV,D,20210309,000000,4524.56,4524.56,4524.56,4524.56,0,0
WIG_MOTO_BV,D,20210310,000000,4524.56,4524.56,4524.56,4524.56,0,0
WIG_MOTO_BV,D,20210311,000000,4524.56,4524.56,4524.56,4524.56,0,0
WIG_MOTO_BV,D,20210312,000000,4524.56,4524.56,4524.56,4524.56,0,0
WIG_MOTO_BV,D,20210315,000000,4524.56,4524.56,4524.56,4524.56,0,0
WIG_MOTO_BV,D,20210316,000000,4524.56,4524.56,4524.56,4524.56,0,0
WIG_MOTO_BV,D,20210317,000000,4524.56,4524.56,4524.56,4524.56,0,0
WIG_MOTO_BV,D,20210318,000000,4524.56,4524.56,4524.56,4524.56,0,0
WIG_MOTO_BV,D,20210319,000000,4524.56,4524.56,4524.56,4524.56,0,0
WIG_MOTO_BV,D,20210322,000000,4524.56,4524.56,4524.56,4524.56,0,0
WIG_MOTO_BV,D,20210323,000000,4524.56,4524.56,4524.56,4524.56,0,0
WIG_MOTO_BV,D,20210324,000000,4524.56,4524.56,4524.56,4524.56,0,0
WIG_MOTO_BV,D,20210325,000000,4524.56,4524.56,4524.56,4524.56,0,0
WIG_MOTO_BV,D,20210326,000000,4524.56,4527.16,4524.56,4527.16,0,0
WIG_MOTO_BV,D,20210329,000000,4527.16,4527.16,4527.16,4527.16,0,0
WIG_MOTO_BV,D,20210330,000000,4527.16,4527.16,4527.16,4527.16,0,0
WIG_MOTO_BV,D,20210331,000000,4527.16,4527.16,4527.16,4527.16,0,0
WIG_MOTO_BV,D,20210401,000000,4527.16,4532.44,4527.16,4532.44,0,0
WIG_MOTO_BV,D,20210406,000000,4532.44,4561.25,4532.44,4561.25,0,0
WIG_MOTO_BV,D,20210407,000000,4561.25,4561.25,4561.25,4561.25,0,0
WIG_MOTO_BV,D,20210408,000000,4561.25,4561.25,4561.25,4561.25,0,0
WIG_MOTO_BV,D,20210409,000000,4561.25,4561.25,4561.25,4561.25,0,0
WIG_MOTO_BV,D,20210412,000000,4561.25,4561.25,4561.25,4561.25,0,0
WIG_MOTO_BV,D,20210413,000000,4561.25,4561.25,4561.25,4561.25,0,0
WIG_MOTO_BV,D,20210414,000000,4561.25,4561.25,4561.25,4561.25,0,0
WIG_MOTO_BV,D,20210415,000000,4561.25,4561.25,4561.25,4561.25,0,0
WIG_MOTO_BV,D,20210416,000000,4561.25,4561.25,4561.25,4561.25,0,0
WIG_MOTO_BV,D,20210419,000000,4561.25,4561.25,4561.25,4561.25,0,0
WIG_MOTO_BV,D,20210420,000000,4561.25,4561.25,4561.25,4561.25,0,0
WIG_MOTO_BV,D,20210421,000000,4561.25,4561.25,4561.25,4561.25,0,0
WIG_MOTO_BV,D,20210422,000000,4561.25,4691.5,4561.25,4691.5,0,0
WIG_MOTO_BV,D,20210423,000000,4691.5,4691.5,4691.5,4691.5,0,0
WIG_MOTO_BV,D,20210426,000000,4691.5,4691.5,4691.5,4691.5,0,0
WIG_MOTO_BV,D,20210427,000000,4691.5,4691.5,4691.5,4691.5,0,0
WIG_MOTO_BV,D,20210428,000000,4691.5,4691.5,4691.5,4691.5,0,0
WIG_MOTO_BV,D,20210429,000000,4691.5,4691.5,4691.5,4691.5,0,0
WIG_MOTO_BV,D,20210430,000000,4691.5,4691.5,4691.5,4691.5,0,0
WIG_MOTO_BV,D,20210504,000000,4691.5,4691.5,4659.26,4659.26,0,0
WIG_MOTO_BV,D,20210505,000000,4659.26,4659.26,4659.26,4659.26,0,0
WIG_MOTO_BV,D,20210506,000000,4659.26,4659.26,4659.26,4659.26,0,0
WIG_MOTO_BV,D,20210507,000000,4659.26,4666.21,4659.26,4666.21,0,0
WIG_MOTO_BV,D,20210510,000000,4666.21,4666.21,4666.21,4666.21,0,0
WIG_MOTO_BV,D,20210511,000000,4666.21,4666.21,4666.21,4666.21,0,0
WIG_MOTO_BV,D,20210512,000000,4666.21,4666.21,4666.21,4666.21,0,0
WIG_MOTO_BV,D,20210513,000000,4666.21,4666.21,4666.21,4666.21,0,0
WIG_MOTO_BV,D,20210514,000000,4666.21,4686.91,4666.21,4686.91,0,0
WIG_MOTO_BV,D,20210517,000000,4686.91,4686.91,4686.91,4686.91,0,0
WIG_MOTO_BV,D,20210518,000000,4686.91,4724.54,4686.91,4724.54,0,0
WIG_MOTO_BV,D,20210519,000000,4724.54,4724.54,4724.54,4724.54,0,0
WIG_MOTO_BV,D,20210520,000000,4724.54,4724.54,4724.54,4724.54,0,0
WIG_MOTO_BV,D,20210521,000000,4724.54,4850.43,4724.54,4850.43,0,0
WIG_MOTO_BV,D,20210524,000000,4850.43,4850.43,4850.43,4850.43,0,0
WIG_MOTO_BV,D,20210525,000000,4850.43,4850.43,4850.43,4850.43,0,0
WIG_MOTO_BV,D,20210526,000000,4850.43,4850.43,4850.43,4850.43,0,0
WIG_MOTO_BV,D,20210527,000000,4850.43,4850.43,4850.43,4850.43,0,0
WIG_MOTO_BV,D,20210528,000000,4850.43,4866.15,4850.43,4866.15,0,0
WIG_MOTO_BV,D,20210531,000000,4866.15,4866.15,4866.15,4866.15,0,0
WIG_MOTO_BV,D,20210601,000000,4866.15,4866.15,4860.71,4860.71,0,0
WIG_MOTO_BV,D,20210602,000000,4860.71,4869.32,4860.71,4869.32,0,0
WIG_MOTO_BV,D,20210604,000000,4869.32,4869.32,4869.32,4869.32,0,0
WIG_MOTO_BV,D,20210607,000000,4869.32,4869.32,4869.32,4869.32,0,0
WIG_MOTO_BV,D,20210608,000000,4869.32,4869.32,4869.32,4869.32,0,0
WIG_MOTO_BV,D,20210609,000000,4869.32,4869.32,4869.32,4869.32,0,0
WIG_MOTO_BV,D,20210610,000000,4869.32,4869.32,4869.32,4869.32,0,0
WIG_MOTO_BV,D,20210611,000000,4869.32,4869.32,4869.32,4869.32,0,0
WIG_MOTO_BV,D,20210614,000000,4869.32,4869.32,4869.32,4869.32,0,0
WIG_MOTO_BV,D,20210615,000000,4869.32,4869.32,4869.32,4869.32,0,0
WIG_MOTO_BV,D,20210616,000000,4869.32,4869.32,4869.32,4869.32,0,0
WIG_MOTO_BV,D,20210617,000000,4869.32,4869.32,4869.32,4869.32,0,0
WIG_MOTO_BV,D,20210618,000000,4869.32,4869.32,4869.32,4869.32,0,0
WIG_MOTO_BV,D,20210621,000000,4869.32,4869.32,4869.32,4869.32,0,0
WIG_MOTO_BV,D,20210622,000000,4869.32,4869.32,4869.32,4869.32,0,0
WIG_MOTO_BV,D,20210623,000000,4869.32,4869.32,4869.32,4869.32,0,0
WIG_MOTO_BV,D,20210624,000000,4869.32,4869.32,4869.32,4869.32,0,0
WIG_MOTO_BV,D,20210625,000000,4869.32,4869.32,4869.32,4869.32,0,0
WIG_MOTO_BV,D,20210628,000000,4869.32,4869.32,4869.32,4869.32,0,0
WIG_MOTO_BV,D,20210629,000000,4869.32,4869.32,4869.32,4869.32,0,0
WIG_MOTO_BV,D,20210630,000000,4869.32,4869.32,4869.32,4869.32,0,0
WIG_MOTO_BV,D,20210701,000000,4869.32,4869.32,4869.32,4869.32,0,0
WIG_MOTO_BV,D,20210702,000000,4869.32,4869.32,4869.32,4869.32,0,0
WIG_MOTO_BV,D,20210705,000000,4869.32,4869.32,4869.32,4869.32,0,0
WIG_MOTO_BV,D,20210706,000000,4869.32,4869.32,4869.32,4869.32,0,0
WIG_MOTO_BV,D,20210707,000000,4869.32,4869.32,4869.32,4869.32,0,0
WIG_MOTO_BV,D,20210708,000000,4869.32,4869.32,4869.32,4869.32,0,0
WIG_MOTO_BV,D,20210709,000000,4869.32,4869.32,4869.32,4869.32,0,0
WIG_MOTO_BV,D,20210712,000000,4869.32,4869.32,4869.32,4869.32,0,0
WIG_MOTO_BV,D,20210713,000000,4869.32,4869.32,4869.32,4869.32,0,0
WIG_MOTO_BV,D,20210714,000000,4869.32,4869.32,4869.32,4869.32,0,0
WIG_MOTO_BV,D,20210715,000000,4869.32,4869.32,4869.32,4869.32,0,0
WIG_MOTO_BV,D,20210716,000000,4869.32,4869.32,4869.32,4869.32,0,0
WIG_MOTO_BV,D,20210719,000000,4869.32,4869.32,4869.32,4869.32,0,0
WIG_MOTO_BV,D,20210720,000000,4869.32,4869.32,4869.32,4869.32,0,0
WIG_MOTO_BV,D,20210721,000000,4869.32,4869.32,4869.32,4869.32,0,0
WIG_MOTO_BV,D,20210722,000000,4869.32,4869.32,4869.32,4869.32,0,0
WIG_MOTO_BV,D,20210723,000000,4869.32,4869.32,4869.32,4869.32,0,0
WIG_MOTO_BV,D,20210726,000000,4869.32,4869.32,4869.32,4869.32,0,0
WIG_MOTO_BV,D,20210727,000000,4869.32,4869.32,4869.32,4869.32,0,0
WIG_MOTO_BV,D,20210728,000000,4869.32,4869.32,4869.32,4869.32,0,0
WIG_MOTO_BV,D,20210729,000000,4869.32,4869.32,4869.32,4869.32,0,0
WIG_MOTO_BV,D,20210730,000000,4869.32,4869.32,4869.32,4869.32,0,0
WIG_MOTO_BV,D,20210802,000000,4869.32,4869.32,4869.32,4869.32,0,0
WIG_MOTO_BV,D,20210803,000000,4869.32,4869.32,4869.32,4869.32,0,0
WIG_MOTO_BV,D,20210804,000000,4869.32,4869.32,4869.32,4869.32,0,0
WIG_MOTO_BV,D,20210805,000000,4869.32,4869.32,4869.32,4869.32,0,0
WIG_MOTO_BV,D,20210806,000000,4869.32,4869.32,4869.32,4869.32,0,0
WIG_MOTO_BV,D,20210809,000000,4869.32,4869.32,4869.32,4869.32,0,0
WIG_MOTO_BV,D,20210810,000000,4869.32,4869.32,4869.32,4869.32,0,0
WIG_MOTO_BV,D,20210811,000000,4869.32,4869.32,4854.28,4854.28,0,0
WIG_MOTO_BV,D,20210812,000000,4854.28,4854.28,4854.28,4854.28,0,0
WIG_MOTO_BV,D,20210813,000000,4854.28,4854.28,4854.28,4854.28,0,0
WIG_MOTO_BV,D,20210816,000000,4854.28,4854.28,4854.28,4854.28,0,0
WIG_MOTO_BV,D,20210817,000000,4854.28,4854.28,4854.28,4854.28,0,0
WIG_MOTO_BV,D,20210818,000000,4854.28,4854.28,4854.28,4854.28,0,0
WIG_MOTO_BV,D,20210819,000000,4854.28,4854.28,4854.28,4854.28,0,0
WIG_MOTO_BV,D,20210820,000000,4854.28,4854.28,4854.28,4854.28,0,0
WIG_MOTO_BV,D,20210823,000000,4854.28,4854.28,4854.28,4854.28,0,0
WIG_MOTO_BV,D,20210824,000000,4854.28,4854.28,4854.28,4854.28,0,0
WIG_MOTO_BV,D,20210825,000000,4854.28,4854.28,4854.28,4854.28,0,0
WIG_MOTO_BV,D,20210826,000000,4854.28,4854.28,4854.28,4854.28,0,0
WIG_MOTO_BV,D,20210827,000000,4854.28,4854.28,4854.28,4854.28,0,0
WIG_MOTO_BV,D,20210830,000000,4854.28,4854.28,4854.28,4854.28,0,0
WIG_MOTO_BV,D,20210831,000000,4854.28,4854.28,4854.28,4854.28,0,0
WIG_MOTO_BV,D,20210901,000000,4854.28,4854.28,4854.28,4854.28,0,0
WIG_MOTO_BV,D,20210902,000000,4854.28,4854.28,4854.28,4854.28,0,0
WIG_MOTO_BV,D,20210903,000000,4854.28,4854.28,4854.28,4854.28,0,0
WIG_MOTO_BV,D,20210906,000000,4854.28,4854.28,4854.28,4854.28,0,0
WIG_MOTO_BV,D,20210907,000000,4854.28,4854.28,4854.28,4854.28,0,0
WIG_MOTO_BV,D,20210908,000000,4854.28,4854.28,4854.28,4854.28,0,0
WIG_MOTO_BV,D,20210909,000000,4854.28,4854.28,4854.28,4854.28,0,0
WIG_MOTO_BV,D,20210910,000000,4854.28,4979.55,4854.28,4979.55,0,0
WIG_MOTO_BV,D,20210913,000000,4979.55,4979.55,4979.55,4979.55,0,0
WIG_MOTO_BV,D,20210914,000000,4979.55,4979.55,4942.76,4942.76,0,0
WIG_MOTO_BV,D,20210915,000000,4942.76,4942.76,4942.76,4942.76,0,0
WIG_MOTO_BV,D,20210916,000000,4942.76,4985.34,4942.76,4985.34,0,0
WIG_MOTO_BV,D,20210917,000000,4985.34,4985.34,4860.07,4860.07,0,0
WIG_MOTO_BV,D,20210920,000000,4860.07,4985.34,4860.07,4985.34,0,0
WIG_MOTO_BV,D,20210921,000000,4985.34,4985.34,4985.34,4985.34,0,0
WIG_MOTO_BV,D,20210922,000000,4985.34,4985.34,4985.34,4985.34,0,0
WIG_MOTO_BV,D,20210923,000000,4985.34,4985.34,4985.34,4985.34,0,0
WIG_MOTO_BV,D,20210924,000000,4985.34,4985.34,4985.34,4985.34,0,0
WIG_MOTO_BV,D,20210927,000000,4985.34,4985.34,4985.34,4985.34,0,0
WIG_MOTO_BV,D,20210928,000000,4985.34,4985.34,4985.34,4985.34,0,0
WIG_MOTO_BV,D,20210929,000000,4985.34,4985.45,4985.34,4985.45,0,0
WIG_MOTO_BV,D,20210930,000000,4985.45,4985.45,4985.45,4985.45,0,0
WIG_MOTO_BV,D,20211001,000000,4985.45,4985.45,4974.36,4974.36,0,0
WIG_MOTO_BV,D,20211004,000000,4974.36,4974.36,4974.36,4974.36,0,0
WIG_MOTO_BV,D,20211005,000000,4974.36,4974.36,4969.65,4969.65,0,0
WIG_MOTO_BV,D,20211006,000000,4969.65,4969.65,4969.65,4969.65,0,0
WIG_MOTO_BV,D,20211007,000000,4969.65,4969.65,4969.65,4969.65,0,0
WIG_MOTO_BV,D,20211008,000000,4969.65,4969.65,4969.65,4969.65,0,0
WIG_MOTO_BV,D,20211011,000000,4969.65,4969.65,4969.65,4969.65,0,0
WIG_MOTO_BV,D,20211012,000000,4969.65,4969.65,4969.65,4969.65,0,0
WIG_MOTO_BV,D,20211013,000000,4969.65,4969.65,4969.65,4969.65,0,0
WIG_MOTO_BV,D,20211014,000000,4969.65,4969.65,4969.65,4969.65,0,0
WIG_MOTO_BV,D,20211015,000000,4969.65,4969.65,4969.65,4969.65,0,0
WIG_MOTO_BV,D,20211018,000000,4969.65,4969.65,4969.65,4969.65,0,0
WIG_MOTO_BV,D,20211019,000000,4969.65,4969.65,4969.65,4969.65,0,0
WIG_MOTO_BV,D,20211020,000000,4969.65,4969.65,4969.65,4969.65,0,0
WIG_MOTO_BV,D,20211021,000000,4969.65,4969.65,4969.65,4969.65,0,0
WIG_MOTO_BV,D,20211022,000000,4969.65,4969.65,4969.65,4969.65,0,0
WIG_MOTO_BV,D,20211025,000000,4969.65,4969.65,4969.65,4969.65,0,0
WIG_MOTO_BV,D,20211026,000000,4969.65,4969.65,4969.65,4969.65,0,0
WIG_MOTO_BV,D,20211027,000000,4969.65,4969.65,4969.65,4969.65,0,0
WIG_MOTO_BV,D,20211028,000000,4969.65,4969.65,4969.65,4969.65,0,0
WIG_MOTO_BV,D,20211029,000000,4969.65,4969.65,4969.65,4969.65,0,0
WIG_MOTO_BV,D,20211102,000000,4969.65,4969.65,4969.65,4969.65,0,0
WIG_MOTO_BV,D,20211103,000000,4969.65,4969.65,4969.65,4969.65,0,0
WIG_MOTO_BV,D,20211104,000000,4969.65,4969.65,4969.65,4969.65,0,0
WIG_MOTO_BV,D,20211105,000000,4969.65,4969.65,4969.65,4969.65,0,0
WIG_MOTO_BV,D,20211108,000000,4969.65,4969.65,4969.65,4969.65,0,0
WIG_MOTO_BV,D,20211109,000000,4969.65,4969.65,4969.65,4969.65,0,0
WIG_MOTO_BV,D,20211110,000000,4969.65,4976.19,4969.65,4976.19,0,0
WIG_MOTO_BV,D,20211112,000000,4976.19,4976.19,4976.19,4976.19,0,0
WIG_MOTO_BV,D,20211115,000000,4976.19,4976.19,4976.19,4976.19,0,0
WIG_MOTO_BV,D,20211116,000000,4976.19,4976.19,4976.19,4976.19,0,0
WIG_MOTO_BV,D,20211117,000000,4976.19,4976.19,4976.19,4976.19,0,0
WIG_MOTO_BV,D,20211118,000000,4976.19,4980.77,4976.19,4980.77,0,0
WIG_MOTO_BV,D,20211119,000000,4980.77,4984.75,4980.77,4984.75,0,0
WIG_MOTO_BV,D,20211122,000000,4984.75,4984.75,4984.75,4984.75,0,0
WIG_MOTO_BV,D,20211123,000000,4984.75,4984.75,4984.75,4984.75,0,0
WIG_MOTO_BV,D,20211124,000000,4984.75,5255.03,4984.75,5255.03,0,0
WIG_MOTO_BV,D,20211125,000000,5255.03,5255.03,5255.03,5255.03,0,0
WIG_MOTO_BV,D,20211126,000000,5255.03,5255.03,5255.03,5255.03,0,0
WIG_MOTO_BV,D,20211129,000000,5255.03,5255.03,5255.03,5255.03,0,0
WIG_MOTO_BV,D,20211130,000000,5255.03,5255.03,5255.03,5255.03,0,0
WIG_MOTO_BV,D,20211201,000000,5255.03,5255.04,5255.03,5255.04,0,0
WIG_MOTO_BV,D,20211202,000000,5255.04,5255.04,5255.04,5255.04,0,0
WIG_MOTO_BV,D,20211203,000000,5255.04,5255.04,5253.01,5253.01,0,0
WIG_MOTO_BV,D,20211206,000000,5253.01,5253.01,5253.01,5253.01,0,0
WIG_MOTO_BV,D,20211207,000000,5253.01,5253.01,5253.01,5253.01,0,0
WIG_MOTO_BV,D,20211208,000000,5253.01,5253.01,5253.01,5253.01,0,0
WIG_MOTO_BV,D,20211209,000000,5253.01,5253.01,5253.01,5253.01,0,0
WIG_MOTO_BV,D,20211210,000000,5253.01,5253.01,5253.01,5253.01,0,0
WIG_MOTO_BV,D,20211213,000000,5253.01,5253.01,5253.01,5253.01,0,0
WIG_MOTO_BV,D,20211214,000000,5253.01,5253.01,5253.01,5253.01,0,0
WIG_MOTO_BV,D,20211215,000000,5253.01,5253.01,5253.01,5253.01,0,0
WIG_MOTO_BV,D,20211216,000000,5253.01,5253.01,5253.01,5253.01,0,0
WIG_MOTO_BV,D,20211217,000000,5253.01,5253.01,5253.01,5253.01,0,0
WIG_MOTO_BV,D,20211220,000000,5253.01,5253.01,5253.01,5253.01,0,0
WIG_MOTO_BV,D,20211221,000000,5253.01,5253.01,5253.01,5253.01,0,0
WIG_MOTO_BV,D,20211222,000000,5253.01,5253.01,5253.01,5253.01,0,0
WIG_MOTO_BV,D,20211223,000000,5253.01,5253.01,5253.01,5253.01,0,0
WIG_MOTO_BV,D,20211227,000000,5253.01,5253.01,5253.01,5253.01,0,0
WIG_MOTO_BV,D,20211228,000000,5253.01,5253.01,5253.01,5253.01,0,0
WIG_MOTO_BV,D,20211229,000000,5253.01,5253.01,5253.01,5253.01,0,0
WIG_MOTO_BV,D,20211230,000000,5253.01,5253.01,5253.01,5253.01,0,0
WIG_MOTO_BV,D,20220103,000000,5253.01,5253.01,5253.01,5253.01,0,0
WIG_MOTO_BV,D,20220104,000000,5253.01,5253.01,5253.01,5253.01,0,0
WIG_MOTO_BV,D,20220105,000000,5253.01,5253.01,5253.01,5253.01,0,0
WIG_MOTO_BV,D,20220107,000000,5253.01,5253.01,5253.01,5253.01,0,0
WIG_MOTO_BV,D,20220110,000000,5253.01,5253.01,5253.01,5253.01,0,0
WIG_MOTO_BV,D,20220111,000000,5253.01,5253.01,5253.01,5253.01,0,0
WIG_MOTO_BV,D,20220112,000000,5253.01,5253.01,5253.01,5253.01,0,0
WIG_MOTO_BV,D,20220113,000000,5253.01,5253.01,5253.01,5253.01,0,0
WIG_MOTO_BV,D,20220114,000000,5253.01,5253.01,5253.01,5253.01,0,0
WIG_MOTO_BV,D,20220117,000000,5253.01,5253.01,5253.01,5253.01,0,0
WIG_MOTO_BV,D,20220118,000000,5253.01,5253.01,5253.01,5253.01,0,0
WIG_MOTO_BV,D,20220119,000000,5253.01,5253.01,5253.01,5253.01,0,0
WIG_MOTO_BV,D,20220120,000000,5253.01,5253.01,5253.01,5253.01,0,0
WIG_MOTO_BV,D,20220121,000000,5253.01,5253.01,5253.01,5253.01,0,0
WIG_MOTO_BV,D,20220124,000000,5253.01,5253.01,5253.01,5253.01,0,0
WIG_MOTO_BV,D,20220125,000000,5253.01,5253.01,5253.01,5253.01,0,0
WIG_MOTO_BV,D,20220126,000000,5253.01,5253.01,5253.01,5253.01,0,0
WIG_MOTO_BV,D,20220127,000000,5253.01,5253.01,5253.01,5253.01,0,0
WIG_MOTO_BV,D,20220128,000000,5253.01,5253.01,5253.01,5253.01,0,0
WIG_MOTO_BV,D,20220131,000000,5253.01,5253.01,5253.01,5253.01,0,0
WIG_MOTO_BV,D,20220201,000000,5253.01,5253.01,5253.01,5253.01,0,0
WIG_MOTO_BV,D,20220202,000000,5253.01,5253.01,5253.01,5253.01,0,0
WIG_MOTO_BV,D,20220203,000000,5253.01,5253.01,5253.01,5253.01,0,0
WIG_MOTO_BV,D,20220204,000000,5253.01,5253.01,5253.01,5253.01,0,0
WIG_MOTO_BV,D,20220207,000000,5253.01,5253.01,5253.01,5253.01,0,0
WIG_MOTO_BV,D,20220208,000000,5253.01,5253.01,5253.01,5253.01,0,0
WIG_MOTO_BV,D,20220209,000000,5253.01,5253.01,5253.01,5253.01,0,0
WIG_MOTO_BV,D,20220210,000000,5253.01,5253.01,5253.01,5253.01,0,0
WIG_MOTO_BV,D,20220211,000000,5253.01,5253.01,5253.01,5253.01,0,0
WIG_MOTO_BV,D,20220214,000000,5253.01,5253.01,5253.01,5253.01,0,0
WIG_MOTO_BV,D,20220215,000000,5253.01,5253.01,5253.01,5253.01,0,0
WIG_MOTO_BV,D,20220216,000000,5253.01,5253.01,5253.01,5253.01,0,0
WIG_MOTO_BV,D,20220217,000000,5253.01,5253.01,5253.01,5253.01,0,0
WIG_MOTO_BV,D,20220218,000000,5253.01,5253.01,5253.01,5253.01,0,0
WIG_MOTO_BV,D,20220221,000000,5253.01,5253.01,5253.01,5253.01,0,0
WIG_MOTO_BV,D,20220222,000000,5253.01,5253.01,5253.01,5253.01,0,0
WIG_MOTO_BV,D,20220223,000000,5253.01,5253.01,5253.01,5253.01,0,0
WIG_MOTO_BV,D,20220224,000000,5253.01,5253.01,5253.01,5253.01,0,0
WIG_MOTO_BV,D,20220225,000000,5253.01,5253.01,5253.01,5253.01,0,0
WIG_MOTO_BV,D,20220228,000000,5253.01,5253.01,5253.01,5253.01,0,0
WIG_MOTO_BV,D,20220301,000000,5253.01,5253.01,5253.01,5253.01,0,0
WIG_MOTO_BV,D,20220302,000000,5253.01,5253.01,5253.01,5253.01,0,0
WIG_MOTO_BV,D,20220303,000000,5253.01,5253.01,5253.01,5253.01,0,0
WIG_MOTO_BV,D,20220304,000000,5253.01,5253.01,5253.01,5253.01,0,0
WIG_MOTO_BV,D,20220307,000000,5253.01,5253.01,5253.01,5253.01,0,0
WIG_MOTO_BV,D,20220308,000000,5253.01,5253.01,5253.01,5253.01,0,0
WIG_MOTO_BV,D,20220309,000000,5253.01,5253.01,5253.01,5253.01,0,0
WIG_MOTO_BV,D,20220310,000000,5253.01,5253.01,5253.01,5253.01,0,0
WIG_MOTO_BV,D,20220311,000000,5253.01,5253.01,5253.01,5253.01,0,0
WIG_MOTO_BV,D,20220314,000000,5253.01,5253.01,5253.01,5253.01,0,0
WIG_MOTO_BV,D,20220315,000000,5253.01,5253.01,5253.01,5253.01,0,0
WIG_MOTO_BV,D,20220316,000000,5253.01,5253.01,5253.01,5253.01,0,0
WIG_MOTO_BV,D,20220317,000000,5253.01,5253.01,5253.01,5253.01,0,0
WIG_MOTO_BV,D,20220318,000000,5253.01,5253.01,5253.01,5253.01,0,0
WIG_MOTO_BV,D,20220321,000000,5253.01,5253.01,5253.01,5253.01,0,0
WIG_MOTO_BV,D,20220322,000000,5253.01,5253.01,5253.01,5253.01,0,0
WIG_MOTO_BV,D,20220323,000000,5253.01,5253.01,5253.01,5253.01,0,0
WIG_MOTO_BV,D,20220324,000000,5253.01,5253.01,5253.01,5253.01,0,0
WIG_MOTO_BV,D,20220325,000000,5253.01,5253.01,5247.7,5247.7,0,0
WIG_MOTO_BV,D,20220328,000000,5247.7,5247.7,5247.7,5247.7,0,0
WIG_MOTO_BV,D,20220329,000000,5247.7,5247.7,5247.7,5247.7,0,0
WIG_MOTO_BV,D,20220330,000000,5247.7,5247.7,5247.7,5247.7,0,0
WIG_MOTO_BV,D,20220331,000000,5247.7,5247.7,5247.7,5247.7,0,0
WIG_MOTO_BV,D,20220401,000000,5247.7,5247.7,5247.7,5247.7,0,0
WIG_MOTO_BV,D,20220404,000000,5247.7,5247.7,5247.7,5247.7,0,0
WIG_MOTO_BV,D,20220405,000000,5247.7,5247.7,5247.7,5247.7,0,0
WIG_MOTO_BV,D,20220406,000000,5247.7,5247.7,5247.7,5247.7,0,0
WIG_MOTO_BV,D,20220407,000000,5247.7,5247.7,5247.7,5247.7,0,0
WIG_MOTO_BV,D,20220408,000000,5247.7,5247.7,5247.7,5247.7,0,0
WIG_MOTO_BV,D,20220411,000000,5247.7,5247.7,5247.7,5247.7,0,0
WIG_MOTO_BV,D,20220412,000000,5247.7,5247.7,5247.7,5247.7,0,0
WIG_MOTO_BV,D,20220413,000000,5247.7,5247.7,5247.7,5247.7,0,0
WIG_MOTO_BV,D,20220414,000000,5247.7,5247.7,5247.7,5247.7,0,0
WIG_MOTO_BV,D,20220419,000000,5247.7,5247.7,5247.7,5247.7,0,0
WIG_MOTO_BV,D,20220420,000000,5247.7,5247.7,5247.7,5247.7,0,0
WIG_MOTO_BV,D,20220421,000000,5247.7,5292.72,5247.7,5292.72,0,0
WIG_MOTO_BV,D,20220422,000000,5292.72,5292.72,5292.72,5292.72,0,0
WIG_MOTO_BV,D,20220425,000000,5292.72,5292.72,5292.72,5292.72,0,0
WIG_MOTO_BV,D,20220426,000000,5292.72,5292.72,5292.72,5292.72,0,0
WIG_MOTO_BV,D,20220427,000000,5292.72,5292.72,5292.72,5292.72,0,0
WIG_MOTO_BV,D,20220428,000000,5292.72,5292.72,5292.72,5292.72,0,0
WIG_MOTO_BV,D,20220429,000000,5292.72,5292.72,5292.72,5292.72,0,0
WIG_MOTO_BV,D,20220502,000000,5292.72,5292.72,5292.72,5292.72,0,0
WIG_MOTO_BV,D,20220504,000000,5292.72,5292.72,5292.72,5292.72,0,0
WIG_MOTO_BV,D,20220505,000000,5292.72,5292.72,5292.72,5292.72,0,0
WIG_MOTO_BV,D,20220506,000000,5292.72,5516.3,5292.72,5516.3,0,0
WIG_MOTO_BV,D,20220509,000000,5516.3,5516.3,5516.3,5516.3,0,0
WIG_MOTO_BV,D,20220510,000000,5516.3,5523.32,5516.3,5523.32,0,0
WIG_MOTO_BV,D,20220511,000000,5523.32,5526.76,5523.32,5526.76,0,0
WIG_MOTO_BV,D,20220512,000000,5526.76,5526.76,5526.76,5526.76,0,0
WIG_MOTO_BV,D,20220513,000000,5526.76,5526.76,5526.76,5526.76,0,0
WIG_MOTO_BV,D,20220516,000000,5526.76,5526.76,5526.76,5526.76,0,0
WIG_MOTO_BV,D,20220517,000000,5526.76,5526.76,5526.76,5526.76,0,0
WIG_MOTO_BV,D,20220518,000000,5526.76,5562.51,5526.76,5562.51,0,0
WIG_MOTO_BV,D,20220519,000000,5562.51,5562.51,5562.51,5562.51,0,0
WIG_MOTO_BV,D,20220520,000000,5562.51,5562.51,5562.51,5562.51,0,0
WIG_MOTO_BV,D,20220523,000000,5562.51,5685.33,5562.51,5685.33,0,0
WIG_MOTO_BV,D,20220524,000000,5685.33,5692.78,5685.33,5692.78,0,0
WIG_MOTO_BV,D,20220525,000000,5692.78,5742.91,5692.78,5742.91,0,0
WIG_MOTO_BV,D,20220526,000000,5742.91,5742.91,5742.91,5742.91,0,0
WIG_MOTO_BV,D,20220527,000000,5742.91,5849.52,5742.91,5849.52,0,0
WIG_MOTO_BV,D,20220530,000000,5849.52,5849.52,5849.52,5849.52,0,0
WIG_MOTO_BV,D,20220531,000000,5849.52,5849.52,5849.52,5849.52,0,0
WIG_MOTO_BV,D,20220601,000000,5849.52,5849.52,5849.52,5849.52,0,0
WIG_MOTO_BV,D,20220602,000000,5849.52,5853.73,5849.52,5853.73,0,0
WIG_MOTO_BV,D,20220603,000000,5853.73,5853.73,5853.73,5853.73,0,0
WIG_MOTO_BV,D,20220606,000000,5853.73,5853.73,5853.73,5853.73,0,0
WIG_MOTO_BV,D,20220607,000000,5853.73,5869.12,5853.73,5869.12,0,0
WIG_MOTO_BV,D,20220608,000000,5869.12,5869.12,5868.45,5868.45,0,0
WIG_MOTO_BV,D,20220609,000000,5868.45,5868.45,5868.45,5868.45,0,0
WIG_MOTO_BV,D,20220610,000000,5868.45,5868.45,5868.45,5868.45,0,0
WIG_MOTO_BV,D,20220613,000000,5868.45,5868.45,5868.45,5868.45,0,0
WIG_MOTO_BV,D,20220614,000000,5868.45,5868.45,5868.45,5868.45,0,0
WIG_MOTO_BV,D,20220615,000000,5868.45,5868.45,5868.45,5868.45,0,0
WIG_MOTO_BV,D,20220617,000000,5868.45,5868.45,5868.45,5868.45,0,0
WIG_MOTO_BV,D,20220620,000000,5868.45,5868.45,5868.45,5868.45,0,0
WIG_MOTO_BV,D,20220621,000000,5868.45,5868.45,5868.45,5868.45,0,0
WIG_MOTO_BV,D,20220622,000000,5868.45,5868.45,5868.45,5868.45,0,0
WIG_MOTO_BV,D,20220623,000000,5868.45,5868.45,5868.45,5868.45,0,0
WIG_MOTO_BV,D,20220624,000000,5868.45,5868.45,5868.45,5868.45,0,0
WIG_MOTO_BV,D,20220627,000000,5868.45,5868.45,5868.45,5868.45,0,0
WIG_MOTO_BV,D,20220628,000000,5868.45,5868.45,5868.45,5868.45,0,0
WIG_MOTO_BV,D,20220629,000000,5868.45,5868.45,5868.45,5868.45,0,0
WIG_MOTO_BV,D,20220630,000000,5868.45,5868.45,5868.45,5868.45,0,0
WIG_MOTO_BV,D,20220701,000000,5868.45,5868.45,5868.45,5868.45,0,0
WIG_MOTO_BV,D,20220704,000000,5868.45,5868.45,5868.45,5868.45,0,0
WIG_MOTO_BV,D,20220705,000000,5868.45,5868.45,5868.45,5868.45,0,0
WIG_MOTO_BV,D,20220706,000000,5868.45,5868.45,5868.45,5868.45,0,0
WIG_MOTO_BV,D,20220707,000000,5868.45,5868.45,5868.45,5868.45,0,0
WIG_MOTO_BV,D,20220708,000000,5868.45,5868.45,5868.45,5868.45,0,0
WIG_MOTO_BV,D,20220711,000000,5868.45,5868.45,5868.45,5868.45,0,0
WIG_MOTO_BV,D,20220712,000000,5868.45,5868.45,5868.45,5868.45,0,0
WIG_MOTO_BV,D,20220713,000000,5868.45,5868.45,5868.45,5868.45,0,0
WIG_MOTO_BV,D,20220714,000000,5868.45,5868.45,5868.45,5868.45,0,0
WIG_MOTO_BV,D,20220715,000000,5868.45,5868.45,5868.45,5868.45,0,0
WIG_MOTO_BV,D,20220718,000000,5868.45,5868.45,5868.45,5868.45,0,0
WIG_MOTO_BV,D,20220719,000000,5868.45,5868.45,5868.45,5868.45,0,0
WIG_MOTO_BV,D,20220720,000000,5868.45,5868.45,5868.45,5868.45,0,0
WIG_MOTO_BV,D,20220721,000000,5868.45,5868.45,5868.45,5868.45,0,0
WIG_MOTO_BV,D,20220722,000000,5868.45,5868.45,5868.45,5868.45,0,0
WIG_MOTO_BV,D,20220725,000000,5868.45,5868.45,5868.45,5868.45,0,0
WIG_MOTO_BV,D,20220726,000000,5868.45,5868.45,5868.45,5868.45,0,0
WIG_MOTO_BV,D,20220727,000000,5868.45,5868.45,5868.45,5868.45,0,0
WIG_MOTO_BV,D,20220728,000000,5868.45,5868.45,5868.45,5868.45,0,0
WIG_MOTO_BV,D,20220729,000000,5868.45,5868.45,5868.45,5868.45,0,0
WIG_MOTO_BV,D,20220801,000000,5868.45,5868.45,5868.45,5868.45,0,0
WIG_MOTO_BV,D,20220802,000000,5868.45,5868.45,5868.45,5868.45,0,0
WIG_MOTO_BV,D,20220803,000000,5868.45,5868.45,5868.45,5868.45,0,0
WIG_MOTO_BV,D,20220804,000000,5868.45,5868.45,5868.45,5868.45,0,0
WIG_MOTO_BV,D,20220805,000000,5868.45,5868.45,5868.45,5868.45,0,0
WIG_MOTO_BV,D,20220808,000000,5868.45,5868.45,5868.45,5868.45,0,0
WIG_MOTO_BV,D,20220809,000000,5868.45,5868.45,5868.45,5868.45,0,0
WIG_MOTO_BV,D,20220810,000000,5868.45,5868.45,5868.45,5868.45,0,0
WIG_MOTO_BV,D,20220811,000000,5868.45,5868.45,5868.45,5868.45,0,0
WIG_MOTO_BV,D,20220812,000000,5868.45,5868.45,5856.98,5856.98,0,0
WIG_MOTO_BV,D,20220816,000000,5856.98,5856.98,5856.98,5856.98,0,0
WIG_MOTO_BV,D,20220817,000000,5856.98,5856.98,5856.98,5856.98,0,0
WIG_MOTO_BV,D,20220818,000000,5856.98,5856.98,5856.98,5856.98,0,0
WIG_MOTO_BV,D,20220819,000000,5856.98,5856.98,5856.98,5856.98,0,0
WIG_MOTO_BV,D,20220822,000000,5856.98,5856.98,5856.98,5856.98,0,0
WIG_MOTO_BV,D,20220823,000000,5856.98,5856.98,5856.98,5856.98,0,0
WIG_MOTO_BV,D,20220824,000000,5856.98,5856.98,5856.98,5856.98,0,0
WIG_MOTO_BV,D,20220825,000000,5856.98,5856.98,5856.98,5856.98,0,0
WIG_MOTO_BV,D,20220826,000000,5856.98,5856.98,5856.98,5856.98,0,0
WIG_MOTO_BV,D,20220829,000000,5856.98,5856.98,5856.98,5856.98,0,0
WIG_MOTO_BV,D,20220830,000000,5856.98,5856.98,5856.98,5856.98,0,0
WIG_MOTO_BV,D,20220831,000000,5856.98,5856.98,5856.98,5856.98,0,0
WIG_MOTO_BV,D,20220901,000000,5856.98,5856.98,5856.98,5856.98,0,0
WIG_MOTO_BV,D,20220902,000000,5750.79,5856.98,5750.79,5856.98,0,0
WIG_MOTO_BV,D,20220905,000000,5856.98,5856.98,5856.98,5856.98,0,0
