<TICKER>,<PER>,<DATE>,<TIME>,<OPEN>,<HIGH>,<LOW>,<CLOSE>,<VOL>,<OPENINT>
WIGTECH_DY,D,20190627,000000,1.869,1.888,1.869,1.888,0,0
WIGTECH_DY,D,20190628,000000,1.888,1.888,1.881,1.881,0,0
WIGTECH_DY,D,20190701,000000,1.881,1.938,1.881,1.938,0,0
WIGTECH_DY,D,20190702,000000,1.985,2.002,1.985,2.002,0,0
WIGTECH_DY,D,20190703,000000,2.002,2.037,2.002,2.037,0,0
WIGTECH_DY,D,20190704,000000,2.037,2.037,1.773,1.773,0,0
WIGTECH_DY,D,20190705,000000,1.773,1.773,1.773,1.773,0,0
WIGTECH_DY,D,20190708,000000,1.773,1.783,1.773,1.783,0,0
WIGTECH_DY,D,20190709,000000,1.783,1.783,1.766,1.766,0,0
WIGTECH_DY,D,20190710,000000,1.766,1.771,1.766,1.771,0,0
WIGTECH_DY,D,20190711,000000,1.771,1.778,1.771,1.778,0,0
WIGTECH_DY,D,20190712,000000,1.778,1.778,1.771,1.771,0,0
WIGTECH_DY,D,20190715,000000,1.771,1.78,1.771,1.78,0,0
WIGTECH_DY,D,20190716,000000,1.78,1.783,1.78,1.783,0,0
WIGTECH_DY,D,20190717,000000,1.783,1.783,1.771,1.771,0,0
WIGTECH_DY,D,20190718,000000,1.771,1.778,1.771,1.778,0,0
WIGTECH_DY,D,20190719,000000,1.778,1.778,1.766,1.766,0,0
WIGTECH_DY,D,20190722,000000,1.766,1.768,1.766,1.768,0,0
WIGTECH_DY,D,20190723,000000,1.768,1.866,1.768,1.866,0,0
WIGTECH_DY,D,20190724,000000,1.866,1.866,1.861,1.861,0,0
WIGTECH_DY,D,20190725,000000,1.861,1.863,1.861,1.863,0,0
WIGTECH_DY,D,20190726,000000,1.863,1.905,1.863,1.905,0,0
WIGTECH_DY,D,20190729,000000,1.905,1.907,1.905,1.907,0,0
WIGTECH_DY,D,20190730,000000,1.907,1.929,1.907,1.929,0,0
WIGTECH_DY,D,20190731,000000,1.929,1.929,1.929,1.929,0,0
WIGTECH_DY,D,20190801,000000,1.929,1.929,1.922,1.922,0,0
WIGTECH_DY,D,20190802,000000,1.922,1.922,1.922,1.922,0,0
WIGTECH_DY,D,20190805,000000,1.922,1.922,1.917,1.917,0,0
WIGTECH_DY,D,20190806,000000,1.917,1.939,1.917,1.939,0,0
WIGTECH_DY,D,20190807,000000,1.939,1.939,1.934,1.934,0,0
WIGTECH_DY,D,20190808,000000,1.934,1.934,1.927,1.927,0,0
WIGTECH_DY,D,20190809,000000,1.927,1.939,1.927,1.939,0,0
WIGTECH_DY,D,20190812,000000,1.939,1.956,1.939,1.956,0,0
WIGTECH_DY,D,20190813,000000,1.956,1.956,1.946,1.946,0,0
WIGTECH_DY,D,20190814,000000,1.946,2.002,1.946,2.002,0,0
WIGTECH_DY,D,20190816,000000,2.002,2.015,2.002,2.015,0,0
WIGTECH_DY,D,20190819,000000,2.015,2.015,2.007,2.007,0,0
WIGTECH_DY,D,20190820,000000,2.007,2.007,1.995,1.995,0,0
WIGTECH_DY,D,20190821,000000,1.995,1.995,1.976,1.976,0,0
WIGTECH_DY,D,20190822,000000,1.976,1.998,1.976,1.998,0,0
WIGTECH_DY,D,20190823,000000,1.998,1.998,1.995,1.995,0,0
WIGTECH_DY,D,20190826,000000,1.995,1.995,1.99,1.99,0,0
WIGTECH_DY,D,20190827,000000,1.99,1.99,1.99,1.99,0,0
WIGTECH_DY,D,20190828,000000,1.99,1.99,1.978,1.978,0,0
WIGTECH_DY,D,20190829,000000,1.978,1.978,1.973,1.973,0,0
WIGTECH_DY,D,20190830,000000,1.973,1.973,1.951,1.951,0,0
WIGTECH_DY,D,20190902,000000,1.951,1.951,1.951,1.951,0,0
WIGTECH_DY,D,20190903,000000,1.951,1.963,1.951,1.963,0,0
WIGTECH_DY,D,20190904,000000,1.963,1.963,1.951,1.951,0,0
WIGTECH_DY,D,20190905,000000,1.951,1.956,1.951,1.956,0,0
WIGTECH_DY,D,20190906,000000,1.956,1.966,1.956,1.966,0,0
WIGTECH_DY,D,20190909,000000,1.966,1.983,1.966,1.983,0,0
WIGTECH_DY,D,20190910,000000,1.983,1.983,1.961,1.961,0,0
WIGTECH_DY,D,20190911,000000,1.961,1.961,1.863,1.863,0,0
WIGTECH_DY,D,20190912,000000,1.863,1.878,1.863,1.878,0,0
WIGTECH_DY,D,20190913,000000,1.878,1.878,1.863,1.863,0,0
WIGTECH_DY,D,20190916,000000,1.863,1.888,1.863,1.888,0,0
WIGTECH_DY,D,20190917,000000,1.888,1.893,1.888,1.893,0,0
WIGTECH_DY,D,20190918,000000,1.893,1.893,1.859,1.859,0,0
WIGTECH_DY,D,20190919,000000,1.859,1.871,1.859,1.871,0,0
WIGTECH_DY,D,20190920,000000,1.871,1.878,1.871,1.878,0,0
WIGTECH_DY,D,20190923,000000,1.878,1.91,1.878,1.91,0,0
WIGTECH_DY,D,20190924,000000,1.907,1.921,1.907,1.921,0,0
WIGTECH_DY,D,20190925,000000,1.921,1.921,1.914,1.914,0,0
WIGTECH_DY,D,20190926,000000,1.914,1.914,1.902,1.902,0,0
WIGTECH_DY,D,20190927,000000,1.902,1.907,1.902,1.907,0,0
WIGTECH_DY,D,20190930,000000,1.907,1.94,1.907,1.94,0,0
WIGTECH_DY,D,20191001,000000,1.94,1.94,1.936,1.936,0,0
WIGTECH_DY,D,20191002,000000,1.936,1.96,1.936,1.96,0,0
WIGTECH_DY,D,20191003,000000,1.854,1.854,1.844,1.844,0,0
WIGTECH_DY,D,20191004,000000,1.844,1.846,1.844,1.846,0,0
WIGTECH_DY,D,20191007,000000,1.846,1.846,1.844,1.844,0,0
WIGTECH_DY,D,20191008,000000,1.844,1.844,1.832,1.832,0,0
WIGTECH_DY,D,20191009,000000,1.832,1.832,1.824,1.824,0,0
WIGTECH_DY,D,20191010,000000,1.824,1.839,1.824,1.839,0,0
WIGTECH_DY,D,20191011,000000,1.839,1.839,1.834,1.834,0,0
WIGTECH_DY,D,20191014,000000,1.834,1.834,1.829,1.829,0,0
WIGTECH_DY,D,20191015,000000,1.829,1.88,1.829,1.88,0,0
WIGTECH_DY,D,20191016,000000,1.88,1.88,1.863,1.863,0,0
WIGTECH_DY,D,20191017,000000,1.863,1.863,1.849,1.849,0,0
WIGTECH_DY,D,20191018,000000,1.849,1.856,1.849,1.856,0,0
WIGTECH_DY,D,20191021,000000,1.856,1.856,1.851,1.851,0,0
WIGTECH_DY,D,20191022,000000,1.851,1.851,1.849,1.849,0,0
WIGTECH_DY,D,20191023,000000,1.849,1.866,1.849,1.866,0,0
WIGTECH_DY,D,20191024,000000,1.866,1.866,1.863,1.863,0,0
WIGTECH_DY,D,20191025,000000,1.863,1.863,1.849,1.849,0,0
WIGTECH_DY,D,20191028,000000,1.849,1.849,1.846,1.846,0,0
WIGTECH_DY,D,20191029,000000,1.846,1.849,1.846,1.849,0,0
WIGTECH_DY,D,20191030,000000,1.849,1.849,1.844,1.844,0,0
WIGTECH_DY,D,20191031,000000,1.844,1.856,1.844,1.856,0,0
WIGTECH_DY,D,20191104,000000,1.856,1.856,1.837,1.837,0,0
WIGTECH_DY,D,20191105,000000,1.837,1.837,1.834,1.834,0,0
WIGTECH_DY,D,20191106,000000,1.834,1.839,1.834,1.839,0,0
WIGTECH_DY,D,20191107,000000,1.839,1.839,1.832,1.832,0,0
WIGTECH_DY,D,20191108,000000,1.832,1.832,1.822,1.822,0,0
WIGTECH_DY,D,20191112,000000,1.822,1.824,1.822,1.824,0,0
WIGTECH_DY,D,20191113,000000,1.824,1.824,1.815,1.815,0,0
WIGTECH_DY,D,20191114,000000,1.815,1.817,1.815,1.817,0,0
WIGTECH_DY,D,20191115,000000,1.817,1.817,1.793,1.793,0,0
WIGTECH_DY,D,20191118,000000,1.793,1.793,1.78,1.78,0,0
WIGTECH_DY,D,20191119,000000,1.78,1.785,1.78,1.785,0,0
WIGTECH_DY,D,20191120,000000,1.785,1.79,1.785,1.79,0,0
WIGTECH_DY,D,20191121,000000,1.79,1.79,1.768,1.768,0,0
WIGTECH_DY,D,20191122,000000,1.768,1.778,1.768,1.778,0,0
WIGTECH_DY,D,20191125,000000,1.778,1.778,1.773,1.773,0,0
WIGTECH_DY,D,20191126,000000,1.773,1.773,1.771,1.771,0,0
WIGTECH_DY,D,20191127,000000,1.771,1.771,1.771,1.771,0,0
WIGTECH_DY,D,20191128,000000,1.771,1.783,1.771,1.776,0,0
WIGTECH_DY,D,20191129,000000,1.776,1.783,1.776,1.783,0,0
WIGTECH_DY,D,20191202,000000,1.783,1.795,1.783,1.795,0,0
WIGTECH_DY,D,20191203,000000,1.795,1.795,1.793,1.793,0,0
WIGTECH_DY,D,20191204,000000,1.793,1.793,1.785,1.785,0,0
WIGTECH_DY,D,20191205,000000,1.785,1.785,1.785,1.785,0,0
WIGTECH_DY,D,20191206,000000,1.785,1.788,1.785,1.788,0,0
WIGTECH_DY,D,20191209,000000,1.788,1.788,1.778,1.778,0,0
WIGTECH_DY,D,20191210,000000,1.778,1.798,1.778,1.798,0,0
WIGTECH_DY,D,20191211,000000,1.798,1.798,1.785,1.785,0,0
WIGTECH_DY,D,20191212,000000,1.785,1.785,1.773,1.773,0,0
WIGTECH_DY,D,20191213,000000,1.773,1.773,1.761,1.761,0,0
WIGTECH_DY,D,20191216,000000,1.761,1.766,1.761,1.766,0,0
WIGTECH_DY,D,20191217,000000,1.766,1.773,1.766,1.773,0,0
WIGTECH_DY,D,20191218,000000,1.773,1.773,1.756,1.756,0,0
WIGTECH_DY,D,20191219,000000,1.756,1.763,1.756,1.763,0,0
WIGTECH_DY,D,20191220,000000,1.763,1.763,1.759,1.759,0,0
WIGTECH_DY,D,20191223,000000,1.759,1.759,1.724,1.724,0,0
WIGTECH_DY,D,20191227,000000,1.644,1.644,1.63,1.63,0,0
WIGTECH_DY,D,20191230,000000,1.63,1.63,1.626,1.626,0,0
WIGTECH_DY,D,20200102,000000,1.626,1.626,1.498,1.498,0,0
WIGTECH_DY,D,20200103,000000,1.498,1.498,1.488,1.488,0,0
WIGTECH_DY,D,20200107,000000,1.488,1.488,1.474,1.474,0,0
WIGTECH_DY,D,20200108,000000,1.474,1.481,1.474,1.481,0,0
WIGTECH_DY,D,20200109,000000,1.481,1.481,1.474,1.474,0,0
WIGTECH_DY,D,20200110,000000,1.474,1.474,1.46,1.46,0,0
WIGTECH_DY,D,20200113,000000,1.46,1.46,1.458,1.458,0,0
WIGTECH_DY,D,20200114,000000,1.458,1.458,1.451,1.451,0,0
WIGTECH_DY,D,20200115,000000,1.451,1.451,1.442,1.442,0,0
WIGTECH_DY,D,20200116,000000,1.442,1.442,1.433,1.433,0,0
WIGTECH_DY,D,20200117,000000,1.433,1.44,1.433,1.44,0,0
WIGTECH_DY,D,20200120,000000,1.44,1.44,1.407,1.407,0,0
WIGTECH_DY,D,20200121,000000,1.407,1.407,1.402,1.402,0,0
WIGTECH_DY,D,20200122,000000,1.402,1.409,1.402,1.409,0,0
WIGTECH_DY,D,20200123,000000,1.409,1.426,1.409,1.426,0,0
WIGTECH_DY,D,20200124,000000,1.426,1.426,1.416,1.416,0,0
WIGTECH_DY,D,20200127,000000,1.416,1.444,1.416,1.444,0,0
WIGTECH_DY,D,20200128,000000,1.444,1.444,1.426,1.426,0,0
WIGTECH_DY,D,20200129,000000,1.426,1.428,1.426,1.428,0,0
WIGTECH_DY,D,20200130,000000,1.428,1.428,1.414,1.414,0,0
WIGTECH_DY,D,20200131,000000,1.414,1.421,1.414,1.421,0,0
WIGTECH_DY,D,20200203,000000,1.421,1.421,1.407,1.407,0,0
WIGTECH_DY,D,20200204,000000,1.407,1.407,1.402,1.402,0,0
WIGTECH_DY,D,20200205,000000,1.402,1.402,1.372,1.372,0,0
WIGTECH_DY,D,20200206,000000,1.372,1.386,1.372,1.386,0,0
WIGTECH_DY,D,20200207,000000,1.386,1.388,1.386,1.388,0,0
WIGTECH_DY,D,20200210,000000,1.388,1.388,1.386,1.386,0,0
WIGTECH_DY,D,20200211,000000,1.386,1.386,1.386,1.386,0,0
WIGTECH_DY,D,20200212,000000,1.386,1.388,1.386,1.388,0,0
WIGTECH_DY,D,20200213,000000,1.388,1.388,1.386,1.386,0,0
WIGTECH_DY,D,20200214,000000,1.386,1.4,1.386,1.4,0,0
WIGTECH_DY,D,20200217,000000,1.4,1.4,1.388,1.388,0,0
WIGTECH_DY,D,20200218,000000,1.388,1.388,1.379,1.379,0,0
WIGTECH_DY,D,20200219,000000,1.379,1.381,1.379,1.381,0,0
WIGTECH_DY,D,20200220,000000,1.381,1.381,1.37,1.37,0,0
WIGTECH_DY,D,20200221,000000,1.37,1.377,1.37,1.377,0,0
WIGTECH_DY,D,20200224,000000,1.377,1.407,1.377,1.407,0,0
WIGTECH_DY,D,20200225,000000,1.407,1.407,1.405,1.405,0,0
WIGTECH_DY,D,20200226,000000,1.405,1.419,1.405,1.419,0,0
WIGTECH_DY,D,20200227,000000,1.419,1.477,1.419,1.477,0,0
WIGTECH_DY,D,20200228,000000,1.477,1.516,1.477,1.516,0,0
WIGTECH_DY,D,20200302,000000,1.516,1.516,1.486,1.486,0,0
WIGTECH_DY,D,20200303,000000,1.486,1.486,1.46,1.46,0,0
WIGTECH_DY,D,20200304,000000,1.46,1.46,1.458,1.458,0,0
WIGTECH_DY,D,20200305,000000,1.458,1.458,1.456,1.456,0,0
WIGTECH_DY,D,20200306,000000,1.456,1.479,1.456,1.479,0,0
WIGTECH_DY,D,20200309,000000,1.479,1.572,1.479,1.572,0,0
WIGTECH_DY,D,20200310,000000,1.572,1.628,1.572,1.628,0,0
WIGTECH_DY,D,20200311,000000,1.628,1.698,1.628,1.698,0,0
WIGTECH_DY,D,20200312,000000,1.698,1.895,1.698,1.895,0,0
WIGTECH_DY,D,20200313,000000,1.895,1.895,1.842,1.842,0,0
WIGTECH_DY,D,20200316,000000,1.842,1.905,1.842,1.905,0,0
WIGTECH_DY,D,20200317,000000,1.905,1.905,1.849,1.849,0,0
WIGTECH_DY,D,20200318,000000,1.849,1.856,1.849,1.856,0,0
WIGTECH_DY,D,20200319,000000,1.856,1.856,1.763,1.763,0,0
WIGTECH_DY,D,20200320,000000,1.763,1.8,1.763,1.8,0,0
WIGTECH_DY,D,20200323,000000,1.8,1.821,1.8,1.821,0,0
WIGTECH_DY,D,20200324,000000,1.864,1.864,1.826,1.826,0,0
WIGTECH_DY,D,20200325,000000,1.826,1.833,1.826,1.833,0,0
WIGTECH_DY,D,20200326,000000,1.833,1.833,1.831,1.831,0,0
WIGTECH_DY,D,20200327,000000,1.831,1.831,1.831,1.831,0,0
WIGTECH_DY,D,20200330,000000,1.831,1.831,1.829,1.829,0,0
WIGTECH_DY,D,20200331,000000,1.829,1.829,1.81,1.81,0,0
WIGTECH_DY,D,20200401,000000,1.81,1.81,1.79,1.79,0,0
WIGTECH_DY,D,20200402,000000,1.79,1.798,1.79,1.798,0,0
WIGTECH_DY,D,20200403,000000,1.798,1.798,1.767,1.767,0,0
WIGTECH_DY,D,20200406,000000,1.767,1.767,1.767,1.767,0,0
WIGTECH_DY,D,20200407,000000,1.767,1.767,1.752,1.752,0,0
WIGTECH_DY,D,20200408,000000,1.752,1.752,1.631,1.631,0,0
WIGTECH_DY,D,20200409,000000,1.631,1.631,1.612,1.612,0,0
WIGTECH_DY,D,20200414,000000,1.612,1.612,1.562,1.562,0,0
WIGTECH_DY,D,20200415,000000,1.562,1.562,1.56,1.56,0,0
WIGTECH_DY,D,20200416,000000,1.56,1.56,1.536,1.536,0,0
WIGTECH_DY,D,20200417,000000,1.536,1.536,1.51,1.51,0,0
WIGTECH_DY,D,20200420,000000,1.51,1.51,1.51,1.51,0,0
WIGTECH_DY,D,20200421,000000,1.51,1.51,1.493,1.493,0,0
WIGTECH_DY,D,20200422,000000,1.493,1.493,1.469,1.469,0,0
WIGTECH_DY,D,20200423,000000,1.469,1.469,1.46,1.46,0,0
WIGTECH_DY,D,20200424,000000,1.46,1.495,1.46,1.495,0,0
WIGTECH_DY,D,20200427,000000,1.495,1.495,1.49,1.49,0,0
WIGTECH_DY,D,20200428,000000,1.49,1.49,1.486,1.486,0,0
WIGTECH_DY,D,20200429,000000,1.486,1.5,1.486,1.5,0,0
WIGTECH_DY,D,20200430,000000,1.5,1.5,1.495,1.495,0,0
WIGTECH_DY,D,20200504,000000,1.495,1.631,1.495,1.631,0,0
WIGTECH_DY,D,20200505,000000,1.671,1.671,1.654,1.654,0,0
WIGTECH_DY,D,20200506,000000,1.654,1.654,1.634,1.634,0,0
WIGTECH_DY,D,20200507,000000,1.634,1.634,1.627,1.627,0,0
WIGTECH_DY,D,20200508,000000,1.627,1.637,1.627,1.637,0,0
WIGTECH_DY,D,20200511,000000,1.637,1.637,1.627,1.627,0,0
WIGTECH_DY,D,20200512,000000,1.627,1.627,1.615,1.615,0,0
WIGTECH_DY,D,20200513,000000,1.615,1.615,1.605,1.605,0,0
WIGTECH_DY,D,20200514,000000,1.605,1.607,1.605,1.607,0,0
WIGTECH_DY,D,20200515,000000,1.607,1.607,1.605,1.605,0,0
WIGTECH_DY,D,20200518,000000,1.605,1.605,1.593,1.593,0,0
WIGTECH_DY,D,20200519,000000,1.593,1.593,1.576,1.576,0,0
WIGTECH_DY,D,20200520,000000,1.576,1.58,1.576,1.58,0,0
WIGTECH_DY,D,20200521,000000,1.58,1.58,1.563,1.563,0,0
WIGTECH_DY,D,20200522,000000,1.563,1.573,1.563,1.573,0,0
WIGTECH_DY,D,20200525,000000,1.573,1.573,1.556,1.556,0,0
WIGTECH_DY,D,20200526,000000,1.556,1.566,1.556,1.566,0,0
WIGTECH_DY,D,20200527,000000,1.566,1.576,1.566,1.576,0,0
WIGTECH_DY,D,20200528,000000,1.576,1.576,1.571,1.571,0,0
WIGTECH_DY,D,20200529,000000,1.571,1.571,1.563,1.563,0,0
WIGTECH_DY,D,20200601,000000,1.563,1.563,1.546,1.546,0,0
WIGTECH_DY,D,20200602,000000,1.546,1.556,1.546,1.556,0,0
WIGTECH_DY,D,20200603,000000,1.556,1.556,1.554,1.554,0,0
WIGTECH_DY,D,20200604,000000,1.554,1.554,1.549,1.549,0,0
WIGTECH_DY,D,20200605,000000,1.549,1.549,1.546,1.546,0,0
WIGTECH_DY,D,20200608,000000,1.546,1.546,1.541,1.541,0,0
WIGTECH_DY,D,20200609,000000,1.541,1.563,1.541,1.563,0,0
WIGTECH_DY,D,20200610,000000,1.563,1.563,1.559,1.559,0,0
WIGTECH_DY,D,20200612,000000,1.559,1.583,1.559,1.583,0,0
WIGTECH_DY,D,20200615,000000,1.583,1.598,1.583,1.598,0,0
WIGTECH_DY,D,20200616,000000,1.598,1.598,1.559,1.559,0,0
WIGTECH_DY,D,20200617,000000,1.559,1.559,1.554,1.554,0,0
WIGTECH_DY,D,20200618,000000,1.554,1.554,1.554,1.554,0,0
WIGTECH_DY,D,20200619,000000,1.554,1.559,1.554,1.559,0,0
WIGTECH_DY,D,20200622,000000,1.559,1.593,1.559,1.593,0,0
WIGTECH_DY,D,20200623,000000,1.555,1.555,1.555,1.555,0,0
WIGTECH_DY,D,20200624,000000,1.555,1.555,1.412,1.412,0,0
WIGTECH_DY,D,20200625,000000,1.412,1.414,1.412,1.414,0,0
WIGTECH_DY,D,20200626,000000,1.414,1.414,1.412,1.412,0,0
WIGTECH_DY,D,20200629,000000,1.412,1.417,1.412,1.417,0,0
WIGTECH_DY,D,20200630,000000,1.417,1.417,1.417,1.417,0,0
WIGTECH_DY,D,20200701,000000,1.417,1.424,1.417,1.424,0,0
WIGTECH_DY,D,20200702,000000,1.424,1.424,1.39,1.39,0,0
WIGTECH_DY,D,20200703,000000,1.39,1.398,1.39,1.398,0,0
WIGTECH_DY,D,20200706,000000,1.398,1.398,1.388,1.388,0,0
WIGTECH_DY,D,20200707,000000,1.388,1.398,1.388,1.398,0,0
WIGTECH_DY,D,20200708,000000,1.398,1.398,1.312,1.312,0,0
WIGTECH_DY,D,20200709,000000,1.312,1.312,1.3,1.3,0,0
WIGTECH_DY,D,20200710,000000,1.3,1.3,1.29,1.29,0,0
WIGTECH_DY,D,20200713,000000,1.29,1.29,1.279,1.279,0,0
WIGTECH_DY,D,20200714,000000,1.279,1.279,1.276,1.276,0,0
WIGTECH_DY,D,20200715,000000,1.276,1.276,1.276,1.276,0,0
WIGTECH_DY,D,20200716,000000,1.276,1.276,1.274,1.274,0,0
WIGTECH_DY,D,20200717,000000,1.274,1.343,1.274,1.343,0,0
WIGTECH_DY,D,20200720,000000,1.343,1.343,1.321,1.321,0,0
WIGTECH_DY,D,20200721,000000,1.321,1.326,1.321,1.326,0,0
WIGTECH_DY,D,20200722,000000,1.326,1.338,1.326,1.338,0,0
WIGTECH_DY,D,20200723,000000,1.338,1.352,1.338,1.352,0,0
WIGTECH_DY,D,20200724,000000,1.352,1.355,1.352,1.355,0,0
WIGTECH_DY,D,20200727,000000,1.355,1.355,1.348,1.348,0,0
WIGTECH_DY,D,20200728,000000,1.348,1.376,1.348,1.376,0,0
WIGTECH_DY,D,20200729,000000,1.376,1.376,1.364,1.364,0,0
WIGTECH_DY,D,20200730,000000,1.364,1.438,1.364,1.438,0,0
WIGTECH_DY,D,20200731,000000,1.438,1.438,1.398,1.398,0,0
WIGTECH_DY,D,20200803,000000,1.398,1.398,1.383,1.383,0,0
WIGTECH_DY,D,20200804,000000,1.383,1.39,1.383,1.39,0,0
WIGTECH_DY,D,20200805,000000,1.39,1.39,1.362,1.362,0,0
WIGTECH_DY,D,20200806,000000,1.362,1.376,1.362,1.376,0,0
WIGTECH_DY,D,20200807,000000,1.376,1.376,1.374,1.374,0,0
WIGTECH_DY,D,20200810,000000,1.374,1.374,1.367,1.367,0,0
WIGTECH_DY,D,20200811,000000,1.367,1.369,1.367,1.369,0,0
WIGTECH_DY,D,20200812,000000,1.369,1.376,1.369,1.376,0,0
WIGTECH_DY,D,20200813,000000,1.376,1.376,1.367,1.367,0,0
WIGTECH_DY,D,20200814,000000,1.367,1.369,1.367,1.369,0,0
WIGTECH_DY,D,20200817,000000,1.369,1.369,1.355,1.355,0,0
WIGTECH_DY,D,20200818,000000,1.355,1.355,1.355,1.355,0,0
WIGTECH_DY,D,20200819,000000,1.355,1.355,1.35,1.35,0,0
WIGTECH_DY,D,20200820,000000,1.35,1.357,1.35,1.357,0,0
WIGTECH_DY,D,20200821,000000,1.357,1.357,1.35,1.35,0,0
WIGTECH_DY,D,20200824,000000,1.35,1.35,1.348,1.348,0,0
WIGTECH_DY,D,20200825,000000,1.348,1.376,1.348,1.376,0,0
WIGTECH_DY,D,20200826,000000,1.376,1.386,1.376,1.386,0,0
WIGTECH_DY,D,20200827,000000,1.386,1.386,1.379,1.379,0,0
WIGTECH_DY,D,20200828,000000,1.379,1.379,1.379,1.379,0,0
WIGTECH_DY,D,20200831,000000,1.379,1.405,1.379,1.405,0,0
WIGTECH_DY,D,20200901,000000,1.405,1.431,1.405,1.431,0,0
WIGTECH_DY,D,20200902,000000,1.431,1.431,1.348,1.348,0,0
WIGTECH_DY,D,20200903,000000,1.348,1.357,1.348,1.357,0,0
WIGTECH_DY,D,20200904,000000,1.357,1.383,1.357,1.383,0,0
WIGTECH_DY,D,20200907,000000,1.383,1.386,1.383,1.386,0,0
WIGTECH_DY,D,20200908,000000,1.386,1.44,1.386,1.44,0,0
WIGTECH_DY,D,20200909,000000,1.44,1.44,1.41,1.41,0,0
WIGTECH_DY,D,20200910,000000,1.41,1.41,1.388,1.388,0,0
WIGTECH_DY,D,20200911,000000,1.388,1.388,1.383,1.383,0,0
WIGTECH_DY,D,20200914,000000,1.383,1.398,1.383,1.398,0,0
WIGTECH_DY,D,20200915,000000,1.398,1.462,1.398,1.462,0,0
WIGTECH_DY,D,20200916,000000,1.462,1.462,1.462,1.462,0,0
WIGTECH_DY,D,20200917,000000,1.462,1.467,1.462,1.467,0,0
WIGTECH_DY,D,20200918,000000,1.467,1.467,1.452,1.452,0,0
WIGTECH_DY,D,20200921,000000,1.452,1.452,1.438,1.438,0,0
WIGTECH_DY,D,20200922,000000,1.409,1.409,1.402,1.402,0,0
WIGTECH_DY,D,20200923,000000,1.402,1.43,1.402,1.43,0,0
WIGTECH_DY,D,20200924,000000,1.43,1.43,1.427,1.427,0,0
WIGTECH_DY,D,20200925,000000,1.427,1.427,1.409,1.409,0,0
WIGTECH_DY,D,20200928,000000,1.409,1.409,1.393,1.393,0,0
WIGTECH_DY,D,20200929,000000,1.393,1.393,1.393,1.393,0,0
WIGTECH_DY,D,20200930,000000,1.393,1.393,1.361,1.361,0,0
WIGTECH_DY,D,20201001,000000,1.361,1.361,1.361,1.361,0,0
WIGTECH_DY,D,20201002,000000,1.361,1.37,1.361,1.37,0,0
WIGTECH_DY,D,20201005,000000,1.37,1.37,1.348,1.348,0,0
WIGTECH_DY,D,20201006,000000,1.348,1.359,1.348,1.359,0,0
WIGTECH_DY,D,20201007,000000,1.359,1.359,1.352,1.352,0,0
WIGTECH_DY,D,20201008,000000,1.352,1.364,1.352,1.364,0,0
WIGTECH_DY,D,20201009,000000,1.364,1.373,1.364,1.373,0,0
WIGTECH_DY,D,20201012,000000,1.373,1.377,1.373,1.377,0,0
WIGTECH_DY,D,20201013,000000,1.377,1.389,1.377,1.389,0,0
WIGTECH_DY,D,20201014,000000,1.389,1.389,1.38,1.38,0,0
WIGTECH_DY,D,20201015,000000,1.38,1.402,1.38,1.402,0,0
WIGTECH_DY,D,20201016,000000,1.402,1.402,1.393,1.393,0,0
WIGTECH_DY,D,20201019,000000,1.393,1.393,1.37,1.37,0,0
WIGTECH_DY,D,20201020,000000,1.37,1.37,1.364,1.364,0,0
WIGTECH_DY,D,20201021,000000,1.364,1.382,1.364,1.382,0,0
WIGTECH_DY,D,20201022,000000,1.382,1.386,1.382,1.386,0,0
WIGTECH_DY,D,20201023,000000,1.386,1.398,1.386,1.398,0,0
WIGTECH_DY,D,20201026,000000,1.398,1.398,1.398,1.398,0,0
WIGTECH_DY,D,20201027,000000,1.398,1.398,1.395,1.395,0,0
WIGTECH_DY,D,20201028,000000,1.395,1.445,1.395,1.445,0,0
WIGTECH_DY,D,20201029,000000,1.445,1.45,1.445,1.45,0,0
WIGTECH_DY,D,20201030,000000,1.45,1.457,1.45,1.457,0,0
WIGTECH_DY,D,20201102,000000,1.457,1.457,1.441,1.441,0,0
WIGTECH_DY,D,20201103,000000,1.441,1.441,1.425,1.425,0,0
WIGTECH_DY,D,20201104,000000,1.425,1.425,1.425,1.425,0,0
WIGTECH_DY,D,20201105,000000,1.425,1.425,1.405,1.405,0,0
WIGTECH_DY,D,20201106,000000,1.405,1.405,1.402,1.402,0,0
WIGTECH_DY,D,20201109,000000,1.402,1.402,1.393,1.393,0,0
WIGTECH_DY,D,20201110,000000,1.393,1.393,1.38,1.38,0,0
WIGTECH_DY,D,20201112,000000,1.38,1.38,1.366,1.366,0,0
WIGTECH_DY,D,20201113,000000,1.366,1.373,1.366,1.373,0,0
WIGTECH_DY,D,20201116,000000,1.373,1.373,1.366,1.366,0,0
WIGTECH_DY,D,20201117,000000,1.366,1.366,1.364,1.364,0,0
WIGTECH_DY,D,20201118,000000,1.364,1.364,1.341,1.341,0,0
WIGTECH_DY,D,20201119,000000,1.341,1.341,1.336,1.336,0,0
WIGTECH_DY,D,20201120,000000,1.336,1.336,1.325,1.325,0,0
WIGTECH_DY,D,20201123,000000,1.325,1.327,1.325,1.327,0,0
WIGTECH_DY,D,20201124,000000,1.327,1.327,1.323,1.323,0,0
WIGTECH_DY,D,20201125,000000,1.323,1.323,1.318,1.318,0,0
WIGTECH_DY,D,20201126,000000,1.318,1.33,1.318,1.33,0,0
WIGTECH_DY,D,20201127,000000,1.33,1.33,1.32,1.32,0,0
WIGTECH_DY,D,20201130,000000,1.251,1.256,1.251,1.256,0,0
WIGTECH_DY,D,20201201,000000,1.256,1.263,1.256,1.263,0,0
WIGTECH_DY,D,20201202,000000,1.263,1.263,1.244,1.244,0,0
WIGTECH_DY,D,20201203,000000,1.244,1.244,1.235,1.235,0,0
WIGTECH_DY,D,20201204,000000,1.235,1.24,1.235,1.24,0,0
WIGTECH_DY,D,20201207,000000,1.24,1.24,1.228,1.228,0,0
WIGTECH_DY,D,20201208,000000,1.228,1.228,1.223,1.223,0,0
WIGTECH_DY,D,20201209,000000,1.223,1.223,1.212,1.212,0,0
WIGTECH_DY,D,20201210,000000,1.212,1.212,1.207,1.207,0,0
WIGTECH_DY,D,20201211,000000,1.207,1.214,1.207,1.214,0,0
WIGTECH_DY,D,20201214,000000,1.214,1.226,1.214,1.226,0,0
WIGTECH_DY,D,20201215,000000,1.226,1.226,1.219,1.219,0,0
WIGTECH_DY,D,20201216,000000,1.219,1.219,1.209,1.209,0,0
WIGTECH_DY,D,20201217,000000,1.209,1.209,1.207,1.207,0,0
WIGTECH_DY,D,20201218,000000,1.207,1.207,1.202,1.202,0,0
WIGTECH_DY,D,20201221,000000,1.202,1.216,1.202,1.216,0,0
WIGTECH_DY,D,20201222,000000,1.162,1.162,1.158,1.158,0,0
WIGTECH_DY,D,20201223,000000,1.158,1.158,1.151,1.151,0,0
WIGTECH_DY,D,20201228,000000,1.151,1.151,1.142,1.142,0,0
WIGTECH_DY,D,20201229,000000,1.142,1.142,1.116,1.116,0,0
WIGTECH_DY,D,20201230,000000,1.116,1.116,1.107,1.107,0,0
WIGTECH_DY,D,20210104,000000,1.107,3.104,1.107,3.104,0,0
WIGTECH_DY,D,20210105,000000,3.104,3.169,3.104,3.169,0,0
WIGTECH_DY,D,20210107,000000,3.169,3.169,3.158,3.158,0,0
WIGTECH_DY,D,20210108,000000,3.158,3.209,3.158,3.209,0,0
WIGTECH_DY,D,20210111,000000,3.209,3.209,3.209,3.209,0,0
WIGTECH_DY,D,20210112,000000,3.209,3.209,3.113,3.113,0,0
WIGTECH_DY,D,20210113,000000,3.113,3.129,3.113,3.129,0,0
WIGTECH_DY,D,20210114,000000,3.129,3.129,3.087,3.087,0,0
WIGTECH_DY,D,20210115,000000,3.087,3.087,3.051,3.051,0,0
WIGTECH_DY,D,20210118,000000,3.051,3.058,3.051,3.058,0,0
WIGTECH_DY,D,20210119,000000,3.058,3.058,3.056,3.056,0,0
WIGTECH_DY,D,20210120,000000,3.056,3.08,3.056,3.08,0,0
WIGTECH_DY,D,20210121,000000,3.08,3.08,3.038,3.038,0,0
WIGTECH_DY,D,20210122,000000,3.038,3.038,3.036,3.036,0,0
WIGTECH_DY,D,20210125,000000,3.036,3.062,3.036,3.062,0,0
WIGTECH_DY,D,20210126,000000,3.062,3.08,3.062,3.08,0,0
WIGTECH_DY,D,20210127,000000,3.08,3.147,3.08,3.147,0,0
WIGTECH_DY,D,20210128,000000,3.147,3.147,3.087,3.087,0,0
WIGTECH_DY,D,20210129,000000,3.087,3.087,3.087,3.087,0,0
WIGTECH_DY,D,20210201,000000,3.087,3.096,3.087,3.096,0,0
WIGTECH_DY,D,20210202,000000,3.096,3.124,3.096,3.124,0,0
WIGTECH_DY,D,20210203,000000,3.124,3.164,3.124,3.164,0,0
WIGTECH_DY,D,20210204,000000,3.164,3.164,3.144,3.144,0,0
WIGTECH_DY,D,20210205,000000,3.144,3.144,3.124,3.124,0,0
WIGTECH_DY,D,20210208,000000,3.124,3.124,3.122,3.122,0,0
WIGTECH_DY,D,20210209,000000,3.122,3.142,3.122,3.142,0,0
WIGTECH_DY,D,20210210,000000,3.142,3.142,3.131,3.131,0,0
WIGTECH_DY,D,20210211,000000,3.131,3.131,3.111,3.111,0,0
WIGTECH_DY,D,20210212,000000,3.111,3.14,3.111,3.14,0,0
WIGTECH_DY,D,20210215,000000,3.14,3.14,3.111,3.111,0,0
WIGTECH_DY,D,20210216,000000,3.111,3.113,3.111,3.113,0,0
WIGTECH_DY,D,20210217,000000,3.113,3.113,3.102,3.102,0,0
WIGTECH_DY,D,20210218,000000,3.102,3.102,3.091,3.091,0,0
WIGTECH_DY,D,20210219,000000,3.091,3.113,3.091,3.113,0,0
WIGTECH_DY,D,20210222,000000,3.113,3.147,3.113,3.147,0,0
WIGTECH_DY,D,20210223,000000,3.147,3.171,3.147,3.171,0,0
WIGTECH_DY,D,20210224,000000,3.171,3.171,3.171,3.171,0,0
WIGTECH_DY,D,20210225,000000,3.171,3.198,3.171,3.198,0,0
WIGTECH_DY,D,20210226,000000,3.198,3.198,3.158,3.158,0,0
WIGTECH_DY,D,20210301,000000,3.158,3.158,3.158,3.158,0,0
WIGTECH_DY,D,20210302,000000,3.158,3.158,2.976,2.976,0,0
WIGTECH_DY,D,20210303,000000,2.976,2.976,2.967,2.967,0,0
WIGTECH_DY,D,20210304,000000,2.967,2.98,2.967,2.98,0,0
WIGTECH_DY,D,20210305,000000,2.98,3.024,2.98,3.024,0,0
WIGTECH_DY,D,20210308,000000,3.024,3.024,2.976,2.976,0,0
WIGTECH_DY,D,20210309,000000,2.948,2.966,2.948,2.966,0,0
WIGTECH_DY,D,20210310,000000,2.966,2.966,2.966,2.966,0,0
WIGTECH_DY,D,20210311,000000,2.966,2.966,2.957,2.957,0,0
WIGTECH_DY,D,20210312,000000,2.957,2.957,2.482,2.482,0,0
WIGTECH_DY,D,20210315,000000,2.482,2.482,2.334,2.334,0,0
WIGTECH_DY,D,20210316,000000,2.334,2.357,2.334,2.357,0,0
WIGTECH_DY,D,20210317,000000,2.357,2.357,2.334,2.334,0,0
WIGTECH_DY,D,20210318,000000,2.334,2.334,2.332,2.332,0,0
WIGTECH_DY,D,20210319,000000,2.332,2.332,2.33,2.33,0,0
WIGTECH_DY,D,20210322,000000,2.33,2.33,2.33,2.33,0,0
WIGTECH_DY,D,20210323,000000,2.092,2.092,2.006,2.006,0,0
WIGTECH_DY,D,20210324,000000,2.006,2.02,2.006,2.02,0,0
WIGTECH_DY,D,20210325,000000,2.02,2.053,2.02,2.053,0,0
WIGTECH_DY,D,20210326,000000,2.053,2.053,2.039,2.039,0,0
WIGTECH_DY,D,20210329,000000,2.039,2.039,2,2,0,0
WIGTECH_DY,D,20210330,000000,2,2,1.992,1.992,0,0
WIGTECH_DY,D,20210331,000000,1.992,1.996,1.992,1.996,0,0
WIGTECH_DY,D,20210401,000000,1.996,1.996,1.988,1.988,0,0
WIGTECH_DY,D,20210406,000000,1.988,1.988,1.969,1.969,0,0
WIGTECH_DY,D,20210407,000000,1.969,1.969,1.945,1.945,0,0
WIGTECH_DY,D,20210408,000000,1.945,1.945,1.945,1.945,0,0
WIGTECH_DY,D,20210409,000000,1.945,1.945,1.945,1.945,0,0
WIGTECH_DY,D,20210412,000000,1.945,1.945,1.945,1.945,0,0
WIGTECH_DY,D,20210413,000000,1.945,1.945,1.945,1.945,0,0
WIGTECH_DY,D,20210414,000000,1.945,1.945,1.88,1.88,0,0
WIGTECH_DY,D,20210415,000000,1.88,1.914,1.88,1.914,0,0
WIGTECH_DY,D,20210416,000000,1.914,2.52,1.914,2.52,0,0
WIGTECH_DY,D,20210419,000000,2.52,4.186,2.52,4.186,0,0
WIGTECH_DY,D,20210420,000000,4.186,4.412,4.186,4.412,0,0
WIGTECH_DY,D,20210421,000000,4.412,4.424,4.412,4.424,0,0
WIGTECH_DY,D,20210422,000000,4.424,4.424,4.39,4.39,0,0
WIGTECH_DY,D,20210423,000000,4.39,4.398,4.39,4.398,0,0
WIGTECH_DY,D,20210426,000000,4.398,4.418,4.398,4.418,0,0
WIGTECH_DY,D,20210427,000000,4.418,4.418,4.363,4.363,0,0
WIGTECH_DY,D,20210428,000000,4.363,4.363,4.322,4.322,0,0
WIGTECH_DY,D,20210429,000000,4.322,4.322,4.133,4.133,0,0
WIGTECH_DY,D,20210430,000000,4.133,4.133,4.057,4.057,0,0
WIGTECH_DY,D,20210504,000000,4.057,4.057,3.957,3.957,0,0
WIGTECH_DY,D,20210505,000000,3.957,3.957,3.955,3.955,0,0
WIGTECH_DY,D,20210506,000000,3.955,3.959,3.955,3.959,0,0
WIGTECH_DY,D,20210507,000000,3.959,3.982,3.959,3.982,0,0
WIGTECH_DY,D,20210510,000000,3.982,4.114,3.982,4.114,0,0
WIGTECH_DY,D,20210511,000000,4.114,4.229,4.114,4.229,0,0
WIGTECH_DY,D,20210512,000000,4.229,4.229,4.21,4.21,0,0
WIGTECH_DY,D,20210513,000000,4.21,4.214,4.21,4.214,0,0
WIGTECH_DY,D,20210514,000000,4.214,4.214,4.165,4.165,0,0
WIGTECH_DY,D,20210517,000000,4.165,4.169,4.165,4.169,0,0
WIGTECH_DY,D,20210518,000000,4.169,4.194,4.169,4.194,0,0
WIGTECH_DY,D,20210519,000000,4.194,4.214,4.194,4.214,0,0
WIGTECH_DY,D,20210520,000000,4.214,4.253,4.214,4.253,0,0
WIGTECH_DY,D,20210521,000000,4.253,4.282,4.253,4.282,0,0
WIGTECH_DY,D,20210524,000000,4.282,4.3,4.282,4.3,0,0
WIGTECH_DY,D,20210525,000000,4.3,4.3,4.278,4.278,0,0
WIGTECH_DY,D,20210526,000000,4.278,4.296,4.278,4.296,0,0
WIGTECH_DY,D,20210527,000000,4.296,4.551,4.296,4.551,0,0
WIGTECH_DY,D,20210528,000000,4.551,4.551,4.52,4.52,0,0
WIGTECH_DY,D,20210531,000000,4.52,4.576,4.52,4.576,0,0
WIGTECH_DY,D,20210601,000000,4.576,4.641,4.576,4.641,0,0
WIGTECH_DY,D,20210602,000000,4.641,4.682,4.641,4.682,0,0
WIGTECH_DY,D,20210604,000000,4.682,4.682,4.667,4.667,0,0
WIGTECH_DY,D,20210607,000000,4.667,4.667,4.651,4.651,0,0
WIGTECH_DY,D,20210608,000000,4.651,4.651,4.651,4.651,0,0
WIGTECH_DY,D,20210609,000000,4.651,4.651,4.624,4.624,0,0
WIGTECH_DY,D,20210610,000000,4.624,4.724,4.624,4.724,0,0
WIGTECH_DY,D,20210611,000000,4.724,4.771,4.724,4.771,0,0
WIGTECH_DY,D,20210614,000000,4.771,4.786,4.771,4.786,0,0
WIGTECH_DY,D,20210615,000000,4.786,4.847,4.786,4.847,0,0
WIGTECH_DY,D,20210616,000000,4.847,4.847,4.818,4.818,0,0
WIGTECH_DY,D,20210617,000000,4.818,4.892,4.818,4.892,0,0
WIGTECH_DY,D,20210618,000000,4.892,4.892,4.886,4.886,0,0
WIGTECH_DY,D,20210621,000000,4.886,4.947,4.886,4.947,0,0
WIGTECH_DY,D,20210622,000000,4.662,4.717,4.662,4.717,0,0
WIGTECH_DY,D,20210623,000000,4.717,4.742,4.717,4.742,0,0
WIGTECH_DY,D,20210624,000000,4.742,4.756,4.742,4.756,0,0
WIGTECH_DY,D,20210625,000000,4.756,4.756,4.75,4.75,0,0
WIGTECH_DY,D,20210628,000000,4.75,4.763,4.75,4.763,0,0
WIGTECH_DY,D,20210629,000000,4.763,4.763,4.762,4.762,0,0
WIGTECH_DY,D,20210630,000000,4.762,4.762,4.754,4.754,0,0
WIGTECH_DY,D,20210701,000000,4.754,4.806,4.754,4.806,0,0
WIGTECH_DY,D,20210702,000000,4.806,4.806,4.763,4.763,0,0
WIGTECH_DY,D,20210705,000000,4.763,4.825,4.763,4.825,0,0
WIGTECH_DY,D,20210706,000000,4.825,4.848,4.825,4.848,0,0
WIGTECH_DY,D,20210707,000000,4.848,4.867,4.848,4.867,0,0
WIGTECH_DY,D,20210708,000000,4.867,4.873,4.867,4.873,0,0
WIGTECH_DY,D,20210709,000000,4.873,4.879,4.873,4.879,0,0
WIGTECH_DY,D,20210712,000000,4.879,4.919,4.879,4.919,0,0
WIGTECH_DY,D,20210713,000000,4.919,4.919,4.91,4.91,0,0
WIGTECH_DY,D,20210714,000000,4.91,4.967,4.91,4.967,0,0
WIGTECH_DY,D,20210715,000000,5.065,5.108,5.065,5.108,0,0
WIGTECH_DY,D,20210716,000000,5.108,5.108,5.098,5.098,0,0
WIGTECH_DY,D,20210719,000000,5.098,5.265,5.098,5.265,0,0
WIGTECH_DY,D,20210720,000000,5.265,5.325,5.265,5.325,0,0
WIGTECH_DY,D,20210721,000000,5.325,5.325,5.312,5.312,0,0
WIGTECH_DY,D,20210722,000000,5.312,5.312,5.3,5.3,0,0
WIGTECH_DY,D,20210723,000000,5.3,5.3,5.245,5.245,0,0
WIGTECH_DY,D,20210726,000000,5.245,5.245,5.169,5.169,0,0
WIGTECH_DY,D,20210727,000000,5.169,5.169,4.9,4.9,0,0
WIGTECH_DY,D,20210728,000000,4.9,5.061,4.9,5.061,0,0
WIGTECH_DY,D,20210729,000000,5.061,5.084,5.061,5.084,0,0
WIGTECH_DY,D,20210730,000000,5.084,5.084,5.051,5.051,0,0
WIGTECH_DY,D,20210802,000000,5.051,5.051,5.051,5.051,0,0
WIGTECH_DY,D,20210803,000000,5.051,5.063,5.051,5.063,0,0
WIGTECH_DY,D,20210804,000000,5.063,5.063,5.039,5.039,0,0
WIGTECH_DY,D,20210805,000000,5.039,5.069,5.039,5.069,0,0
WIGTECH_DY,D,20210806,000000,5.069,5.069,5.033,5.033,0,0
WIGTECH_DY,D,20210809,000000,5.033,5.041,5.033,5.041,0,0
WIGTECH_DY,D,20210810,000000,5.041,5.049,5.041,5.049,0,0
WIGTECH_DY,D,20210811,000000,5.049,5.049,4.994,4.994,0,0
WIGTECH_DY,D,20210812,000000,4.994,5.002,4.994,5.002,0,0
WIGTECH_DY,D,20210813,000000,5.002,5.039,5.002,5.039,0,0
WIGTECH_DY,D,20210816,000000,5.039,5.102,5.039,5.102,0,0
WIGTECH_DY,D,20210817,000000,5.102,5.102,5.098,5.098,0,0
WIGTECH_DY,D,20210818,000000,5.098,5.139,5.098,5.139,0,0
WIGTECH_DY,D,20210819,000000,5.139,5.155,5.139,5.155,0,0
WIGTECH_DY,D,20210820,000000,5.155,5.155,5.153,5.153,0,0
WIGTECH_DY,D,20210823,000000,5.153,5.153,5.139,5.139,0,0
WIGTECH_DY,D,20210824,000000,5.139,5.139,5.139,5.139,0,0
WIGTECH_DY,D,20210825,000000,5.139,5.139,5.131,5.131,0,0
WIGTECH_DY,D,20210826,000000,5.131,5.131,5.122,5.122,0,0
WIGTECH_DY,D,20210827,000000,5.122,5.139,5.122,5.139,0,0
WIGTECH_DY,D,20210830,000000,5.139,5.159,5.139,5.159,0,0
WIGTECH_DY,D,20210831,000000,5.159,5.159,5.155,5.155,0,0
WIGTECH_DY,D,20210901,000000,5.155,5.155,5.133,5.133,0,0
WIGTECH_DY,D,20210902,000000,5.133,5.133,5.106,5.106,0,0
WIGTECH_DY,D,20210903,000000,5.106,5.108,5.106,5.108,0,0
WIGTECH_DY,D,20210906,000000,5.108,5.108,5.084,5.084,0,0
WIGTECH_DY,D,20210907,000000,5.084,5.1,5.084,5.1,0,0
WIGTECH_DY,D,20210908,000000,5.1,5.1,5.094,5.094,0,0
WIGTECH_DY,D,20210909,000000,5.094,5.11,5.094,5.11,0,0
WIGTECH_DY,D,20210910,000000,5.11,5.11,5.094,5.094,0,0
WIGTECH_DY,D,20210913,000000,5.094,5.094,5.09,5.09,0,0
WIGTECH_DY,D,20210914,000000,5.09,5.09,4.886,4.886,0,0
WIGTECH_DY,D,20210915,000000,4.886,4.886,4.882,4.882,0,0
WIGTECH_DY,D,20210916,000000,4.882,5.041,4.882,5.041,0,0
WIGTECH_DY,D,20210917,000000,5.041,5.041,4.937,4.937,0,0
WIGTECH_DY,D,20210920,000000,4.937,5.067,4.937,5.067,0,0
WIGTECH_DY,D,20210921,000000,4.885,4.911,4.885,4.911,0,0
WIGTECH_DY,D,20210922,000000,4.911,4.911,4.816,4.816,0,0
WIGTECH_DY,D,20210923,000000,4.816,4.816,4.796,4.796,0,0
WIGTECH_DY,D,20210924,000000,4.796,4.873,4.796,4.873,0,0
WIGTECH_DY,D,20210927,000000,4.94,4.948,4.94,4.948,0,0
WIGTECH_DY,D,20210928,000000,4.878,4.931,4.878,4.931,0,0
WIGTECH_DY,D,20210929,000000,4.931,4.947,4.931,4.947,0,0
WIGTECH_DY,D,20210930,000000,4.947,4.991,4.947,4.991,0,0
WIGTECH_DY,D,20211001,000000,4.991,5.035,4.991,5.035,0,0
WIGTECH_DY,D,20211004,000000,5.128,5.139,5.128,5.139,0,0
WIGTECH_DY,D,20211005,000000,5.139,5.172,5.139,5.172,0,0
WIGTECH_DY,D,20211006,000000,5.172,5.178,5.172,5.178,0,0
WIGTECH_DY,D,20211007,000000,5.178,5.178,5.141,5.141,0,0
WIGTECH_DY,D,20211008,000000,5.141,5.141,5.104,5.104,0,0
WIGTECH_DY,D,20211011,000000,5.104,5.104,5.102,5.102,0,0
WIGTECH_DY,D,20211012,000000,5.102,5.135,5.102,5.135,0,0
WIGTECH_DY,D,20211013,000000,5.158,5.177,5.158,5.177,0,0
WIGTECH_DY,D,20211014,000000,5.177,5.209,5.177,5.209,0,0
WIGTECH_DY,D,20211015,000000,5.209,5.234,5.209,5.234,0,0
WIGTECH_DY,D,20211018,000000,5.234,5.234,5.168,5.168,0,0
WIGTECH_DY,D,20211019,000000,5.168,5.175,5.168,5.175,0,0
WIGTECH_DY,D,20211020,000000,5.175,5.175,5.138,5.138,0,0
WIGTECH_DY,D,20211021,000000,5.138,5.175,5.138,5.175,0,0
WIGTECH_DY,D,20211022,000000,5.175,5.181,5.175,5.181,0,0
WIGTECH_DY,D,20211025,000000,5.181,5.181,5.168,5.168,0,0
WIGTECH_DY,D,20211026,000000,5.168,5.202,5.168,5.202,0,0
WIGTECH_DY,D,20211027,000000,5.202,5.24,5.202,5.24,0,0
WIGTECH_DY,D,20211028,000000,5.24,5.249,5.24,5.249,0,0
WIGTECH_DY,D,20211029,000000,5.249,5.249,5.219,5.219,0,0
WIGTECH_DY,D,20211102,000000,5.219,5.23,5.219,5.23,0,0
WIGTECH_DY,D,20211103,000000,5.23,5.245,5.23,5.245,0,0
WIGTECH_DY,D,20211104,000000,5.245,5.253,5.245,5.253,0,0
WIGTECH_DY,D,20211105,000000,5.253,5.253,5.236,5.236,0,0
WIGTECH_DY,D,20211108,000000,5.236,5.236,5.191,5.191,0,0
WIGTECH_DY,D,20211109,000000,5.191,5.217,5.191,5.217,0,0
WIGTECH_DY,D,20211110,000000,5.217,5.234,5.217,5.234,0,0
WIGTECH_DY,D,20211112,000000,5.234,5.243,5.234,5.243,0,0
WIGTECH_DY,D,20211115,000000,5.243,5.291,5.243,5.243,0,0
WIGTECH_DY,D,20211116,000000,5.243,5.291,5.243,5.291,0,0
WIGTECH_DY,D,20211117,000000,5.291,5.364,5.291,5.364,0,0
WIGTECH_DY,D,20211118,000000,5.364,5.487,5.364,5.487,0,0
WIGTECH_DY,D,20211119,000000,5.487,5.536,5.487,5.536,0,0
WIGTECH_DY,D,20211122,000000,5.536,5.536,5.485,5.485,0,0
WIGTECH_DY,D,20211123,000000,5.485,5.485,5.485,5.485,0,0
WIGTECH_DY,D,20211124,000000,5.485,5.485,5.46,5.46,0,0
WIGTECH_DY,D,20211125,000000,5.46,5.46,5.46,5.46,0,0
WIGTECH_DY,D,20211126,000000,5.46,5.475,5.46,5.475,0,0
WIGTECH_DY,D,20211129,000000,5.475,5.564,5.475,5.564,0,0
WIGTECH_DY,D,20211130,000000,5.564,5.564,5.564,5.564,0,0
WIGTECH_DY,D,20211201,000000,5.564,5.564,5.53,5.53,0,0
WIGTECH_DY,D,20211202,000000,5.53,5.536,5.53,5.536,0,0
WIGTECH_DY,D,20211203,000000,5.536,5.557,5.536,5.557,0,0
WIGTECH_DY,D,20211206,000000,5.557,5.585,5.557,5.585,0,0
WIGTECH_DY,D,20211207,000000,5.585,5.585,5.557,5.557,0,0
WIGTECH_DY,D,20211208,000000,5.557,5.557,5.557,5.557,0,0
WIGTECH_DY,D,20211209,000000,5.557,5.557,5.513,5.513,0,0
WIGTECH_DY,D,20211210,000000,5.513,5.521,5.513,5.521,0,0
WIGTECH_DY,D,20211213,000000,5.521,5.649,5.521,5.649,0,0
WIGTECH_DY,D,20211214,000000,5.649,5.691,5.649,5.691,0,0
WIGTECH_DY,D,20211215,000000,5.691,5.715,5.691,5.715,0,0
WIGTECH_DY,D,20211216,000000,5.715,5.715,5.645,5.645,0,0
WIGTECH_DY,D,20211217,000000,5.645,5.743,5.645,5.743,0,0
WIGTECH_DY,D,20211220,000000,5.743,5.785,5.743,5.785,0,0
WIGTECH_DY,D,20211221,000000,5.575,5.582,5.575,5.582,0,0
WIGTECH_DY,D,20211222,000000,5.582,5.593,5.582,5.593,0,0
WIGTECH_DY,D,20211223,000000,5.593,5.753,5.593,5.753,0,0
WIGTECH_DY,D,20211227,000000,5.753,5.849,5.753,5.849,0,0
WIGTECH_DY,D,20211228,000000,5.849,6.022,5.849,6.022,0,0
WIGTECH_DY,D,20211229,000000,6.022,6.024,6.022,6.024,0,0
WIGTECH_DY,D,20211230,000000,6.024,6.024,5.931,5.931,0,0
WIGTECH_DY,D,20220103,000000,5.931,5.931,5.613,5.613,0,0
WIGTECH_DY,D,20220104,000000,5.613,5.613,5.489,5.489,0,0
WIGTECH_DY,D,20220105,000000,5.489,5.489,5.436,5.436,0,0
WIGTECH_DY,D,20220107,000000,5.436,5.436,5.291,5.291,0,0
WIGTECH_DY,D,20220110,000000,5.291,5.291,5.225,5.225,0,0
WIGTECH_DY,D,20220111,000000,5.225,5.225,5.196,5.196,0,0
WIGTECH_DY,D,20220112,000000,5.196,5.216,5.196,5.216,0,0
WIGTECH_DY,D,20220113,000000,5.216,5.222,5.216,5.222,0,0
WIGTECH_DY,D,20220114,000000,5.222,5.287,5.222,5.287,0,0
WIGTECH_DY,D,20220117,000000,5.287,5.287,5.276,5.276,0,0
WIGTECH_DY,D,20220118,000000,5.276,5.371,5.276,5.371,0,0
WIGTECH_DY,D,20220119,000000,5.371,5.409,5.371,5.409,0,0
WIGTECH_DY,D,20220120,000000,5.409,5.507,5.409,5.507,0,0
WIGTECH_DY,D,20220121,000000,5.507,5.571,5.507,5.571,0,0
WIGTECH_DY,D,20220124,000000,5.571,5.873,5.571,5.873,0,0
WIGTECH_DY,D,20220125,000000,5.873,5.873,5.735,5.735,0,0
WIGTECH_DY,D,20220126,000000,5.735,5.735,5.553,5.553,0,0
WIGTECH_DY,D,20220127,000000,5.553,5.751,5.553,5.751,0,0
WIGTECH_DY,D,20220128,000000,5.751,5.751,5.627,5.627,0,0
WIGTECH_DY,D,20220131,000000,5.627,5.655,5.627,5.655,0,0
WIGTECH_DY,D,20220201,000000,5.655,5.655,5.642,5.642,0,0
WIGTECH_DY,D,20220202,000000,5.642,5.642,5.491,5.491,0,0
WIGTECH_DY,D,20220203,000000,5.491,5.491,5.489,5.489,0,0
WIGTECH_DY,D,20220204,000000,5.489,5.489,5.489,5.489,0,0
WIGTECH_DY,D,20220207,000000,5.489,5.489,5.487,5.487,0,0
WIGTECH_DY,D,20220208,000000,5.487,5.618,5.487,5.618,0,0
WIGTECH_DY,D,20220209,000000,5.618,5.618,5.618,5.618,0,0
WIGTECH_DY,D,20220210,000000,5.618,5.644,5.618,5.644,0,0
WIGTECH_DY,D,20220211,000000,5.644,5.673,5.644,5.673,0,0
WIGTECH_DY,D,20220214,000000,5.673,5.849,5.673,5.849,0,0
WIGTECH_DY,D,20220215,000000,5.849,5.849,5.795,5.795,0,0
WIGTECH_DY,D,20220216,000000,5.795,5.795,5.736,5.736,0,0
WIGTECH_DY,D,20220217,000000,5.736,5.795,5.736,5.795,0,0
WIGTECH_DY,D,20220218,000000,5.795,5.802,5.795,5.802,0,0
WIGTECH_DY,D,20220221,000000,5.802,5.862,5.802,5.862,0,0
WIGTECH_DY,D,20220222,000000,5.862,5.909,5.862,5.909,0,0
WIGTECH_DY,D,20220223,000000,5.909,5.909,5.909,5.909,0,0
WIGTECH_DY,D,20220224,000000,5.909,6.389,5.909,6.389,0,0
WIGTECH_DY,D,20220225,000000,6.389,6.389,6.26,6.26,0,0
WIGTECH_DY,D,20220228,000000,6.26,6.26,6.238,6.238,0,0
WIGTECH_DY,D,20220301,000000,6.238,6.285,6.238,6.285,0,0
WIGTECH_DY,D,20220302,000000,6.285,6.409,6.285,6.409,0,0
WIGTECH_DY,D,20220303,000000,6.409,6.5,6.409,6.5,0,0
WIGTECH_DY,D,20220304,000000,6.5,6.589,6.5,6.589,0,0
WIGTECH_DY,D,20220307,000000,6.589,6.744,6.589,6.744,0,0
WIGTECH_DY,D,20220308,000000,6.744,6.744,6.715,6.715,0,0
WIGTECH_DY,D,20220309,000000,6.715,6.715,6.655,6.655,0,0
WIGTECH_DY,D,20220310,000000,6.655,6.655,6.629,6.629,0,0
WIGTECH_DY,D,20220311,000000,6.629,6.629,6.449,6.449,0,0
WIGTECH_DY,D,20220314,000000,6.449,6.449,6.38,6.38,0,0
WIGTECH_DY,D,20220315,000000,6.38,6.38,6.34,6.34,0,0
WIGTECH_DY,D,20220316,000000,6.34,6.34,6.258,6.258,0,0
WIGTECH_DY,D,20220317,000000,6.258,6.258,6.225,6.225,0,0
WIGTECH_DY,D,20220318,000000,6.225,6.242,6.225,6.242,0,0
WIGTECH_DY,D,20220321,000000,6.242,6.242,6.216,6.216,0,0
WIGTECH_DY,D,20220322,000000,5.881,5.881,5.844,5.844,0,0
WIGTECH_DY,D,20220323,000000,5.844,5.844,5.744,5.744,0,0
WIGTECH_DY,D,20220324,000000,5.744,5.744,5.68,5.68,0,0
WIGTECH_DY,D,20220325,000000,5.68,5.731,5.68,5.731,0,0
WIGTECH_DY,D,20220328,000000,5.731,5.731,5.644,5.644,0,0
WIGTECH_DY,D,20220329,000000,5.644,5.644,5.627,5.627,0,0
WIGTECH_DY,D,20220330,000000,5.627,5.627,5.569,5.569,0,0
WIGTECH_DY,D,20220331,000000,5.569,5.702,5.569,5.702,0,0
WIGTECH_DY,D,20220401,000000,5.702,5.702,5.683,5.683,0,0
WIGTECH_DY,D,20220404,000000,5.541,5.541,5.529,5.529,0,0
WIGTECH_DY,D,20220405,000000,5.529,5.529,5.478,5.478,0,0
WIGTECH_DY,D,20220406,000000,5.478,5.631,5.478,5.631,0,0
WIGTECH_DY,D,20220407,000000,5.631,5.631,5.576,5.576,0,0
WIGTECH_DY,D,20220408,000000,5.576,5.576,5.509,5.509,0,0
WIGTECH_DY,D,20220411,000000,5.509,5.591,5.509,5.591,0,0
WIGTECH_DY,D,20220412,000000,5.591,5.705,5.591,5.705,0,0
WIGTECH_DY,D,20220413,000000,5.705,5.705,5.664,5.664,0,0
WIGTECH_DY,D,20220414,000000,5.664,5.721,5.664,5.721,0,0
WIGTECH_DY,D,20220419,000000,5.721,5.721,5.645,5.645,0,0
WIGTECH_DY,D,20220420,000000,5.645,5.653,5.645,5.653,0,0
WIGTECH_DY,D,20220421,000000,5.653,5.769,5.653,5.769,0,0
WIGTECH_DY,D,20220422,000000,5.769,5.769,5.769,5.769,0,0
WIGTECH_DY,D,20220425,000000,5.769,5.862,5.769,5.862,0,0
WIGTECH_DY,D,20220426,000000,5.862,5.981,5.862,5.981,0,0
WIGTECH_DY,D,20220427,000000,5.981,6.033,5.981,6.033,0,0
WIGTECH_DY,D,20220428,000000,6.033,6.033,5.664,5.664,0,0
WIGTECH_DY,D,20220429,000000,5.664,6.071,5.664,6.071,0,0
WIGTECH_DY,D,20220502,000000,6.071,6.188,6.071,6.188,0,0
WIGTECH_DY,D,20220504,000000,6.188,6.39,6.188,6.39,0,0
WIGTECH_DY,D,20220505,000000,6.39,6.393,6.39,6.393,0,0
WIGTECH_DY,D,20220506,000000,6.393,6.55,6.393,6.55,0,0
WIGTECH_DY,D,20220509,000000,6.55,6.55,6.495,6.495,0,0
WIGTECH_DY,D,20220510,000000,6.495,6.636,6.495,6.636,0,0
WIGTECH_DY,D,20220511,000000,6.636,6.636,6.022,6.022,0,0
WIGTECH_DY,D,20220512,000000,6.022,6.19,6.022,6.19,0,0
WIGTECH_DY,D,20220513,000000,6.19,6.19,6.01,6.01,0,0
WIGTECH_DY,D,20220516,000000,6.01,6.024,6.01,6.024,0,0
WIGTECH_DY,D,20220517,000000,6.024,6.024,5.866,5.866,0,0
WIGTECH_DY,D,20220518,000000,5.866,5.979,5.866,5.979,0,0
WIGTECH_DY,D,20220519,000000,5.979,5.979,5.893,5.893,0,0
WIGTECH_DY,D,20220520,000000,5.893,5.921,5.893,5.921,0,0
WIGTECH_DY,D,20220523,000000,5.921,5.921,5.855,5.855,0,0
WIGTECH_DY,D,20220524,000000,5.855,5.984,5.855,5.984,0,0
WIGTECH_DY,D,20220525,000000,5.984,5.984,5.905,5.905,0,0
WIGTECH_DY,D,20220526,000000,5.905,5.924,5.905,5.924,0,0
WIGTECH_DY,D,20220527,000000,5.924,5.943,5.924,5.943,0,0
WIGTECH_DY,D,20220530,000000,5.943,5.943,5.89,5.89,0,0
WIGTECH_DY,D,20220531,000000,5.89,5.91,5.89,5.91,0,0
WIGTECH_DY,D,20220601,000000,5.91,5.91,5.845,5.845,0,0
WIGTECH_DY,D,20220602,000000,5.845,5.85,5.845,5.85,0,0
WIGTECH_DY,D,20220603,000000,5.85,5.864,5.85,5.864,0,0
WIGTECH_DY,D,20220606,000000,5.864,5.864,5.803,5.803,0,0
WIGTECH_DY,D,20220607,000000,5.803,5.814,5.803,5.814,0,0
WIGTECH_DY,D,20220608,000000,5.814,5.814,5.803,5.803,0,0
WIGTECH_DY,D,20220609,000000,5.803,5.814,5.803,5.814,0,0
WIGTECH_DY,D,20220610,000000,5.814,5.871,5.814,5.871,0,0
WIGTECH_DY,D,20220613,000000,5.871,6.05,5.871,6.05,0,0
WIGTECH_DY,D,20220614,000000,6.05,6.05,6.047,6.047,0,0
WIGTECH_DY,D,20220615,000000,6.047,6.047,6.034,6.034,0,0
WIGTECH_DY,D,20220617,000000,6.034,6.41,6.034,6.41,0,0
WIGTECH_DY,D,20220620,000000,6.41,6.41,2.357,2.357,0,0
WIGTECH_DY,D,20220621,000000,2.317,2.4,2.317,2.4,0,0
WIGTECH_DY,D,20220622,000000,2.4,2.502,2.4,2.502,0,0
WIGTECH_DY,D,20220623,000000,2.502,2.515,2.502,2.515,0,0
WIGTECH_DY,D,20220624,000000,2.515,2.515,2.488,2.488,0,0
WIGTECH_DY,D,20220627,000000,2.488,2.488,1.936,1.936,0,0
WIGTECH_DY,D,20220628,000000,1.936,1.956,1.936,1.956,0,0
WIGTECH_DY,D,20220629,000000,1.956,1.964,1.956,1.964,0,0
WIGTECH_DY,D,20220630,000000,1.964,2.019,1.964,2.019,0,0
WIGTECH_DY,D,20220701,000000,2.019,2.019,2,2,0,0
WIGTECH_DY,D,20220704,000000,2.034,2.034,2.031,2.031,0,0
WIGTECH_DY,D,20220705,000000,2.031,2.031,2.012,2.012,0,0
WIGTECH_DY,D,20220706,000000,2.012,2.012,1.957,1.957,0,0
WIGTECH_DY,D,20220707,000000,1.957,1.957,1.924,1.924,0,0
WIGTECH_DY,D,20220708,000000,1.924,1.926,1.924,1.926,0,0
WIGTECH_DY,D,20220711,000000,1.926,1.934,1.926,1.934,0,0
WIGTECH_DY,D,20220712,000000,1.934,1.967,1.934,1.967,0,0
WIGTECH_DY,D,20220713,000000,1.967,1.967,1.952,1.952,0,0
WIGTECH_DY,D,20220714,000000,1.952,1.988,1.952,1.988,0,0
WIGTECH_DY,D,20220715,000000,1.988,1.988,1.964,1.964,0,0
WIGTECH_DY,D,20220718,000000,1.964,1.966,1.964,1.966,0,0
WIGTECH_DY,D,20220719,000000,1.966,1.971,1.966,1.971,0,0
WIGTECH_DY,D,20220720,000000,1.971,1.971,1.969,1.969,0,0
WIGTECH_DY,D,20220721,000000,1.969,1.974,1.969,1.974,0,0
WIGTECH_DY,D,20220722,000000,1.974,1.974,1.945,1.945,0,0
WIGTECH_DY,D,20220725,000000,1.945,1.966,1.945,1.966,0,0
WIGTECH_DY,D,20220726,000000,1.966,1.978,1.966,1.978,0,0
WIGTECH_DY,D,20220727,000000,1.978,1.986,1.978,1.986,0,0
WIGTECH_DY,D,20220728,000000,1.986,1.986,1.981,1.981,0,0
WIGTECH_DY,D,20220729,000000,1.981,1.99,1.981,1.99,0,0
WIGTECH_DY,D,20220801,000000,1.99,1.99,1.969,1.969,0,0
WIGTECH_DY,D,20220802,000000,1.969,1.969,1.966,1.966,0,0
WIGTECH_DY,D,20220803,000000,1.966,1.966,1.952,1.952,0,0
WIGTECH_DY,D,20220804,000000,1.952,1.952,1.929,1.929,0,0
WIGTECH_DY,D,20220805,000000,1.929,1.929,1.928,1.928,0,0
WIGTECH_DY,D,20220808,000000,1.928,1.931,1.928,1.931,0,0
WIGTECH_DY,D,20220809,000000,1.931,1.934,1.931,1.934,0,0
WIGTECH_DY,D,20220810,000000,1.934,1.934,1.931,1.931,0,0
WIGTECH_DY,D,20220811,000000,1.931,1.931,1.905,1.905,0,0
WIGTECH_DY,D,20220812,000000,1.905,1.905,1.902,1.902,0,0
WIGTECH_DY,D,20220816,000000,1.902,1.903,1.902,1.903,0,0
WIGTECH_DY,D,20220817,000000,1.903,1.917,1.903,1.917,0,0
WIGTECH_DY,D,20220818,000000,1.917,1.936,1.917,1.936,0,0
WIGTECH_DY,D,20220819,000000,1.936,1.959,1.936,1.959,0,0
WIGTECH_DY,D,20220822,000000,1.959,1.993,1.959,1.993,0,0
WIGTECH_DY,D,20220823,000000,1.993,1.997,1.993,1.997,0,0
WIGTECH_DY,D,20220824,000000,1.997,2.01,1.997,2.01,0,0
WIGTECH_DY,D,20220825,000000,2.01,2.047,2.01,2.047,0,0
WIGTECH_DY,D,20220826,000000,2.047,2.047,2.012,2.012,0,0
WIGTECH_DY,D,20220829,000000,2.012,2.06,2.012,2.06,0,0
WIGTECH_DY,D,20220830,000000,2.06,2.372,2.06,2.372,0,0
WIGTECH_DY,D,20220831,000000,2.372,2.381,2.372,2.381,0,0
WIGTECH_DY,D,20220901,000000,2.381,2.409,2.381,2.409,0,0
WIGTECH_DY,D,20220902,000000,2.409,2.409,2.39,2.39,0,0
WIGTECH_DY,D,20220905,000000,2.39,2.398,2.39,2.398,0,0
